660 33
0 
0 
1 260 
0 
0 
0 
0 
0 
1 387 
0 
0 
0 
0 
0 
0 
0 
0 
0 
0 
0 
0 
0 
0 
0 
0 
0 
1 275 
0 
0 
0 
0 
0 
1 73 
0 
0 
0 
0 
0 
0 
1 195 
0 
1 587 
0 
0 
0 
0 
0 
0 
0 
0 
0 
0 
1 405 
0 
0 
0 
0 
0 
0 
0 
0 
0 
0 
0 
0 
0 
0 
0 
0 
0 
0 
0 
0 
1 32 
0 
0 
0 
0 
0 
0 
0 
0 
0 
0 
1 255 
0 
0 
0 
0 
1 516 
0 
0 
0 
0 
0 
0 
1 567 
1 196 
0 
0 
0 
0 
1 276 
0 
0 
0 
0 
0 
0 
0 
0 
0 
0 
0 
0 
0 
1 496 
0 
0 
1 513 
0 
0 
0 
0 
0 
0 
0 
0 
0 
0 
0 
1 279 
0 
1 153 
0 
1 382 
0 
0 
0 
0 
0 
0 
0 
0 
0 
0 
0 
0 
0 
0 
0 
0 
0 
1 133 
1 209 
0 
0 
0 
0 
0 
0 
0 
0 
0 
0 
0 
0 
0 
0 
0 
0 
0 
1 341 
0 
1 399 
0 
0 
0 
0 
0 
0 
0 
0 
0 
0 
0 
0 
0 
0 
0 
0 
0 
0 
0 
0 
1 39 
1 97 
0 
0 
0 
0 
0 
0 
0 
0 
0 
0 
1 493 
0 
1 154 
0 
0 
0 
0 
0 
0 
0 
0 
0 
0 
0 
0 
0 
0 
0 
0 
0 
0 
0 
0 
0 
0 
0 
0 
0 
0 
0 
1 524 
1 397 
0 
0 
0 
1 421 
0 
0 
0 
0 
0 
0 
0 
0 
0 
0 
0 
0 
1 84 
0 
0 
0 
0 
1 2 
0 
0 
0 
0 
0 
0 
1 287 
0 
0 
0 
1 586 
0 
0 
0 
1 26 
1 102 
0 
0 
1 131 
0 
0 
0 
0 
0 
0 
0 
1 267 
0 
0 
0 
0 
0 
0 
0 
0 
0 
0 
0 
0 
0 
0 
0 
0 
0 
0 
0 
0 
0 
0 
0 
0 
0 
0 
0 
0 
0 
0 
0 
0 
0 
0 
0 
0 
0 
0 
0 
0 
0 
0 
0 
0 
0 
0 
0 
0 
0 
0 
0 
0 
0 
1 172 
0 
0 
0 
0 
0 
0 
0 
0 
0 
0 
0 
0 
1 628 
0 
0 
0 
0 
0 
0 
0 
0 
0 
0 
0 
0 
0 
0 
0 
0 
0 
0 
0 
0 
0 
0 
0 
0 
0 
0 
0 
1 135 
0 
0 
0 
0 
1 8 
0 
0 
0 
1 601 
0 
0 
0 
0 
0 
1 238 
0 
1 174 
0 
0 
0 
0 
0 
1 52 
1 626 
0 
0 
0 
0 
1 633 
0 
0 
0 
0 
0 
0 
0 
0 
0 
1 242 
0 
0 
0 
0 
0 
0 
0 
0 
0 
0 
0 
0 
0 
0 
0 
0 
0 
0 
0 
0 
0 
1 501 
0 
0 
0 
0 
0 
0 
0 
0 
0 
0 
0 
0 
0 
0 
0 
0 
0 
0 
0 
0 
0 
0 
0 
0 
0 
0 
0 
0 
0 
0 
0 
0 
0 
0 
0 
0 
0 
0 
0 
0 
0 
0 
0 
0 
0 
0 
0 
0 
0 
1 207 
0 
0 
1 116 
0 
0 
0 
0 
1 443 
0 
0 
0 
0 
0 
0 
0 
0 
0 
0 
0 
1 119 
0 
0 
1 89 
0 
0 
0 
0 
0 
0 
0 
1 237 
0 
0 
0 
0 
0 
0 
0 
0 
0 
0 
0 
0 
0 
0 
0 
0 
0 
0 
0 
0 
0 
0 
0 
0 
0 
0 
0 
1 569 
0 
0 
0 
0 
0 
0 
0 
0 
0 
0 
0 
0 
0 
0 
1 96 
0 
1 552 
0 
0 
0 
0 
0 
0 
1 640 
0 
0 
0 
0 
0 
0 
0 
0 
0 
1 271 
1 41 
0 
0 
0 
0 
0 
0 
0 
0 
0 
0 
0 
0 
0 
1 391 
0 
0 
0 
0 
0 
0 
0 
0 
0 
0 
0 
0 
0 
0 
0 
0 
0 
0 
0 
0 
0 
0 
0 
0 
1 406 
0 
1 354 
0 
0 
0 
0 
1 411 
0 
0 
0 
0 
0 
0 
1 576 
0 
0 
0 
0 
0 
0 
0 
0 
0 
0 
0 
0 
0 
0 
0 
0 
0 
0 
0 
660 41
0 
0 
0 
0 
0 
2 130 564 
2 618 635 
0 
0 
0 
0 
0 
0 
0 
0 
0 
0 
0 
0 
0 
0 
0 
0 
0 
0 
0 
0 
0 
0 
1 658 
0 
0 
0 
1 94 
0 
0 
0 
0 
0 
0 
0 
1 638 
0 
0 
0 
0 
0 
0 
0 
0 
0 
0 
0 
0 
0 
0 
0 
0 
0 
0 
0 
0 
0 
0 
0 
0 
0 
0 
0 
0 
0 
0 
0 
0 
0 
0 
0 
0 
0 
0 
0 
0 
0 
0 
1 608 
2 248 273 
0 
0 
0 
0 
0 
0 
0 
0 
1 33 
0 
0 
1 610 
0 
0 
0 
0 
0 
1 293 
0 
0 
0 
0 
0 
0 
0 
1 175 
0 
0 
0 
0 
0 
0 
0 
0 
0 
0 
0 
0 
0 
0 
1 307 
0 
0 
0 
1 5 
0 
1 575 
0 
0 
0 
0 
0 
0 
0 
1 554 
0 
0 
0 
0 
0 
0 
0 
0 
2 385 611 
0 
0 
1 197 
0 
0 
0 
0 
0 
0 
1 575 
0 
0 
0 
0 
0 
0 
0 
0 
0 
3 281 595 626 
0 
0 
0 
0 
0 
1 111 
0 
0 
0 
0 
0 
0 
0 
0 
0 
0 
0 
0 
0 
0 
0 
0 
0 
0 
0 
0 
0 
1 152 
0 
0 
0 
0 
0 
0 
0 
0 
0 
0 
1 531 
0 
0 
0 
0 
0 
0 
0 
0 
0 
0 
0 
0 
0 
1 393 
0 
0 
0 
0 
0 
0 
0 
0 
0 
0 
0 
0 
0 
0 
0 
1 347 
1 579 
0 
0 
0 
0 
0 
0 
0 
0 
1 85 
0 
0 
0 
0 
0 
0 
0 
0 
0 
0 
0 
0 
0 
0 
0 
1 348 
0 
1 521 
0 
0 
0 
0 
0 
0 
1 85 
0 
0 
0 
0 
0 
0 
0 
1 169 
0 
0 
0 
0 
0 
0 
0 
0 
0 
0 
0 
1 103 
0 
0 
0 
0 
0 
0 
0 
0 
0 
0 
0 
0 
0 
1 126 
0 
0 
0 
0 
0 
1 591 
0 
0 
0 
0 
0 
0 
0 
0 
0 
0 
0 
0 
0 
0 
0 
0 
0 
0 
0 
0 
0 
0 
0 
0 
0 
0 
0 
0 
0 
1 628 
0 
0 
0 
1 238 
1 264 
0 
0 
0 
0 
0 
0 
0 
0 
0 
0 
0 
0 
0 
0 
0 
1 381 
0 
0 
0 
0 
0 
0 
0 
0 
0 
0 
0 
0 
0 
0 
0 
0 
1 364 
0 
0 
0 
1 149 
0 
0 
0 
0 
0 
0 
0 
1 222 
0 
0 
0 
0 
0 
0 
1 566 
0 
0 
0 
0 
0 
0 
0 
0 
0 
0 
0 
0 
0 
0 
0 
0 
0 
0 
0 
0 
0 
0 
0 
0 
0 
0 
0 
0 
0 
0 
1 435 
0 
0 
0 
2 431 485 
0 
0 
1 635 
0 
0 
0 
0 
0 
0 
0 
0 
0 
0 
0 
0 
0 
0 
0 
0 
0 
0 
0 
0 
0 
0 
0 
0 
0 
0 
0 
0 
0 
0 
0 
0 
0 
0 
0 
0 
0 
0 
0 
0 
0 
0 
0 
0 
1 623 
0 
1 435 
0 
0 
0 
0 
0 
0 
0 
0 
0 
0 
0 
1 566 
0 
0 
0 
0 
0 
0 
0 
0 
0 
0 
0 
0 
0 
0 
0 
0 
0 
0 
0 
0 
0 
0 
0 
1 266 
0 
0 
0 
0 
0 
0 
0 
0 
0 
1 208 
0 
0 
0 
0 
0 
0 
0 
0 
0 
0 
0 
0 
0 
0 
0 
0 
0 
0 
0 
0 
0 
0 
1 140 
0 
2 612 654 
0 
0 
0 
0 
0 
0 
0 
1 5 
0 
2 400 497 
1 634 
0 
0 
0 
0 
0 
0 
0 
2 132 159 
0 
0 
0 
1 239 
0 
0 
0 
0 
0 
0 
0 
0 
0 
0 
0 
1 313 
0 
0 
0 
1 169 
0 
0 
0 
0 
0 
0 
0 
0 
0 
0 
0 
0 
1 84 
0 
1 97 
1 149 
1 556 
0 
0 
0 
0 
0 
1 6 
0 
0 
0 
0 
1 483 
0 
0 
1 169 
0 
1 343 
0 
0 
0 
0 
0 
1 567 
2 6 438 
0 
0 
1 41 
0 
0 
0 
0 
0 
0 
0 
0 
0 
0 
0 
0 
0 
0 
0 
1 556 
0 
0 
0 
1 29 
0 
