830 41
0 
0 
0 
0 
0 
0 
0 
0 
1 749 
0 
0 
0 
1 522 
0 
0 
0 
0 
0 
0 
1 363 
0 
0 
0 
0 
0 
0 
0 
0 
0 
0 
0 
0 
0 
0 
0 
0 
0 
0 
0 
0 
0 
0 
0 
0 
0 
0 
1 743 
0 
0 
0 
0 
0 
0 
0 
0 
0 
0 
0 
0 
0 
0 
0 
0 
0 
0 
0 
0 
0 
0 
1 595 
0 
0 
0 
0 
0 
0 
0 
0 
0 
0 
0 
0 
0 
0 
1 284 
0 
0 
1 580 
0 
0 
1 377 
0 
0 
0 
0 
0 
0 
0 
0 
0 
0 
0 
0 
0 
0 
0 
0 
0 
0 
0 
0 
0 
0 
0 
0 
0 
1 349 
0 
0 
0 
0 
0 
0 
0 
0 
0 
0 
0 
0 
0 
0 
0 
0 
0 
0 
0 
0 
0 
0 
0 
0 
0 
0 
0 
0 
1 525 
0 
0 
0 
0 
0 
0 
0 
0 
0 
0 
0 
0 
0 
1 529 
0 
0 
0 
0 
0 
0 
0 
0 
0 
0 
0 
0 
0 
0 
0 
0 
0 
0 
0 
0 
0 
0 
0 
0 
0 
0 
0 
0 
0 
0 
0 
0 
0 
0 
0 
0 
1 223 
0 
0 
0 
1 358 
0 
0 
0 
0 
0 
0 
0 
0 
0 
0 
0 
0 
0 
0 
0 
0 
0 
0 
0 
0 
0 
0 
1 196 
0 
0 
0 
0 
0 
2 232 611 
0 
0 
1 229 
0 
0 
0 
0 
0 
0 
0 
0 
0 
0 
0 
0 
0 
0 
0 
0 
0 
0 
0 
0 
0 
0 
0 
0 
0 
0 
1 386 
0 
0 
0 
0 
0 
0 
0 
0 
1 297 
1 284 
0 
0 
0 
0 
0 
0 
0 
0 
0 
1 353 
1 796 
0 
0 
0 
2 84 269 
0 
0 
0 
0 
0 
0 
0 
0 
1 779 
0 
0 
0 
1 268 
0 
0 
0 
0 
1 574 
0 
0 
0 
0 
0 
0 
0 
0 
0 
1 585 
0 
0 
0 
1 775 
0 
0 
0 
0 
0 
0 
0 
0 
0 
0 
0 
0 
0 
0 
0 
0 
0 
0 
0 
0 
0 
0 
0 
0 
0 
0 
0 
0 
0 
0 
0 
0 
1 116 
0 
0 
0 
1 279 
0 
0 
0 
0 
1 200 
0 
0 
0 
0 
1 19 
0 
0 
0 
0 
0 
0 
0 
1 395 
0 
1 409 
0 
0 
0 
1 90 
0 
0 
0 
0 
0 
0 
1 635 
0 
1 259 
0 
0 
0 
0 
0 
1 501 
0 
0 
1 371 
0 
0 
0 
0 
0 
0 
0 
0 
0 
0 
0 
0 
0 
1 373 
0 
0 
0 
0 
0 
0 
0 
1 584 
0 
0 
0 
0 
0 
0 
0 
0 
0 
0 
0 
0 
0 
0 
0 
0 
0 
0 
0 
0 
0 
0 
0 
0 
0 
0 
0 
0 
0 
1 508 
0 
0 
0 
0 
0 
0 
0 
0 
0 
0 
0 
0 
0 
0 
0 
0 
0 
0 
0 
0 
0 
0 
0 
0 
0 
0 
0 
0 
0 
0 
0 
0 
0 
0 
0 
0 
0 
1 613 
0 
0 
0 
0 
0 
0 
0 
0 
0 
0 
1 725 
0 
0 
0 
0 
1 392 
0 
0 
0 
0 
0 
0 
1 447 
1 556 
1 688 
0 
0 
0 
0 
0 
0 
0 
0 
0 
0 
0 
1 12 
0 
0 
2 145 626 
0 
0 
0 
1 159 
0 
0 
0 
0 
0 
0 
0 
0 
0 
0 
1 617 
0 
0 
0 
0 
0 
0 
0 
0 
0 
0 
0 
0 
0 
0 
0 
1 509 
0 
0 
0 
0 
0 
0 
0 
0 
0 
0 
0 
0 
0 
1 594 
0 
0 
0 
1 302 
0 
0 
0 
0 
0 
1 87 
0 
0 
0 
1 417 
1 312 
0 
0 
0 
0 
0 
0 
0 
0 
1 570 
1 69 
0 
0 
0 
0 
0 
0 
0 
0 
0 
0 
0 
0 
0 
0 
0 
1 229 
0 
1 485 
0 
0 
0 
1 540 
0 
0 
0 
0 
0 
0 
0 
0 
1 525 
0 
0 
0 
0 
0 
0 
0 
0 
1 384 
0 
0 
0 
0 
0 
0 
0 
0 
0 
0 
0 
0 
0 
0 
0 
0 
0 
0 
0 
0 
1 691 
0 
0 
0 
0 
0 
0 
0 
0 
0 
0 
0 
0 
0 
0 
0 
0 
0 
0 
0 
0 
0 
0 
0 
0 
0 
0 
1 709 
0 
0 
0 
0 
1 510 
0 
0 
1 656 
0 
0 
0 
0 
0 
0 
0 
0 
0 
0 
0 
0 
0 
0 
0 
0 
0 
1 683 
0 
0 
0 
0 
0 
0 
0 
0 
0 
0 
0 
0 
0 
0 
0 
1 496 
0 
0 
0 
0 
1 820 
0 
0 
0 
0 
0 
0 
0 
0 
0 
0 
0 
0 
1 46 
0 
1 800 
0 
0 
0 
1 8 
0 
0 
0 
0 
0 
0 
0 
0 
0 
0 
0 
0 
0 
0 
0 
0 
0 
0 
0 
0 
0 
0 
0 
0 
0 
1 316 
0 
0 
0 
1 293 
0 
0 
0 
0 
0 
0 
0 
0 
0 
0 
0 
0 
0 
0 
0 
0 
1 280 
0 
0 
0 
1 745 
0 
0 
0 
0 
0 
0 
0 
0 
0 
0 
0 
0 
0 
0 
0 
0 
0 
0 
0 
1 730 
0 
0 
0 
0 
0 
0 
0 
0 
0 
830 44
0 
0 
0 
0 
0 
0 
0 
1 99 
0 
0 
0 
0 
0 
0 
0 
0 
0 
1 658 
0 
0 
0 
0 
0 
0 
0 
0 
0 
0 
0 
0 
0 
0 
0 
0 
0 
0 
0 
0 
0 
0 
0 
0 
0 
0 
0 
1 201 
0 
0 
0 
0 
0 
0 
0 
0 
0 
0 
0 
0 
0 
0 
0 
0 
0 
0 
0 
0 
0 
0 
1 206 
0 
1 620 
0 
0 
0 
0 
0 
0 
0 
0 
0 
0 
0 
0 
1 464 
0 
0 
0 
1 371 
0 
0 
0 
0 
0 
0 
0 
0 
0 
0 
0 
1 7 
0 
0 
0 
0 
1 405 
1 454 
0 
0 
0 
1 114 
0 
0 
0 
0 
2 109 692 
0 
1 268 
1 473 
0 
0 
0 
0 
0 
1 227 
0 
0 
0 
0 
0 
0 
0 
1 229 
1 264 
0 
1 667 
0 
1 351 
0 
0 
0 
0 
0 
0 
0 
0 
0 
0 
1 716 
0 
0 
0 
1 271 
0 
0 
1 552 
1 308 
1 403 
0 
0 
0 
1 377 
0 
0 
0 
0 
0 
0 
1 550 
0 
1 510 
0 
0 
0 
0 
0 
0 
0 
0 
0 
0 
0 
0 
0 
0 
0 
0 
0 
0 
0 
0 
0 
0 
0 
0 
0 
0 
0 
0 
0 
1 397 
0 
1 45 
1 324 
0 
0 
0 
1 68 
0 
0 
0 
0 
1 390 
0 
0 
0 
0 
0 
0 
0 
0 
0 
0 
0 
1 692 
0 
0 
0 
1 123 
0 
1 131 
0 
0 
0 
0 
0 
0 
0 
0 
0 
0 
0 
0 
0 
0 
0 
0 
0 
0 
0 
0 
0 
1 617 
0 
0 
0 
0 
0 
0 
0 
0 
0 
0 
0 
0 
1 132 
0 
0 
0 
1 116 
0 
0 
1 151 
0 
0 
0 
0 
0 
0 
0 
0 
0 
0 
0 
0 
0 
0 
0 
0 
0 
0 
1 331 
0 
0 
0 
0 
0 
0 
0 
0 
0 
0 
0 
0 
0 
0 
0 
0 
0 
1 155 
1 322 
0 
0 
0 
0 
0 
0 
0 
0 
0 
0 
0 
0 
1 309 
0 
1 202 
1 636 
0 
0 
0 
0 
0 
1 290 
0 
0 
0 
0 
0 
0 
0 
0 
0 
0 
0 
0 
0 
0 
0 
0 
0 
1 490 
0 
1 136 
0 
0 
0 
0 
0 
0 
0 
0 
0 
0 
0 
0 
0 
0 
0 
0 
1 397 
0 
0 
1 87 
0 
0 
0 
0 
0 
1 160 
0 
0 
0 
0 
0 
0 
0 
0 
0 
0 
0 
0 
1 211 
0 
0 
0 
0 
0 
0 
2 199 368 
0 
0 
0 
0 
0 
1 156 
0 
1 104 
0 
0 
0 
1 487 
0 
0 
0 
0 
0 
0 
0 
0 
0 
0 
0 
0 
0 
0 
0 
0 
0 
0 
1 555 
0 
0 
0 
0 
0 
0 
0 
0 
0 
0 
0 
0 
0 
0 
0 
0 
0 
0 
0 
0 
0 
0 
0 
0 
0 
1 105 
0 
0 
0 
0 
0 
0 
0 
0 
0 
1 83 
0 
0 
0 
0 
0 
0 
0 
1 603 
1 117 
0 
0 
0 
0 
0 
0 
0 
0 
0 
0 
0 
0 
0 
1 409 
0 
0 
1 349 
0 
0 
0 
0 
0 
0 
0 
0 
0 
0 
0 
0 
0 
0 
0 
0 
0 
0 
0 
1 169 
0 
0 
0 
0 
0 
0 
0 
0 
0 
0 
0 
0 
0 
0 
0 
1 576 
0 
0 
0 
0 
0 
0 
0 
0 
0 
0 
0 
0 
0 
0 
0 
0 
0 
0 
0 
0 
0 
0 
0 
1 167 
0 
1 154 
0 
0 
2 428 780 
0 
0 
0 
0 
0 
0 
0 
0 
0 
0 
0 
0 
0 
0 
0 
0 
0 
0 
0 
0 
1 526 
0 
0 
0 
0 
0 
0 
0 
0 
0 
0 
0 
0 
0 
0 
0 
0 
0 
0 
0 
0 
0 
0 
0 
0 
0 
0 
1 472 
0 
0 
0 
0 
0 
0 
0 
0 
0 
0 
0 
0 
0 
1 251 
0 
0 
2 70 793 
0 
0 
0 
0 
0 
0 
0 
0 
0 
0 
0 
0 
0 
0 
0 
1 325 
0 
0 
0 
0 
0 
0 
0 
0 
0 
0 
0 
0 
0 
0 
0 
0 
0 
0 
0 
0 
0 
1 17 
0 
0 
0 
0 
1 692 
0 
0 
0 
1 134 
0 
0 
0 
0 
0 
0 
0 
0 
0 
0 
0 
0 
0 
0 
0 
0 
0 
0 
0 
0 
0 
0 
0 
0 
3 114 223 663 
0 
0 
0 
0 
0 
0 
0 
0 
0 
0 
0 
0 
0 
0 
0 
0 
0 
0 
0 
0 
0 
0 
0 
1 147 
0 
0 
0 
0 
0 
0 
0 
0 
0 
0 
0 
0 
0 
0 
0 
0 
0 
0 
0 
0 
0 
0 
0 
0 
0 
0 
0 
0 
0 
0 
0 
0 
0 
0 
0 
0 
0 
0 
0 
0 
0 
0 
0 
0 
0 
0 
0 
0 
0 
0 
0 
0 
0 
0 
0 
0 
0 
0 
0 
0 
0 
0 
0 
1 555 
0 
0 
0 
0 
0 
0 
0 
0 
0 
0 
0 
1 793 
2 620 792 
0 
0 
0 
0 
0 
0 
0 
0 
0 
0 
0 
0 
0 
0 
0 
0 
0 
0 
0 
0 
0 
0 
0 
0 
0 
0 
0 
0 
0 
0 
0 
0 
0 
0 
0 
0 
