860 42
0 
0 
1 712 
0 
0 
0 
0 
0 
0 
0 
0 
0 
0 
0 
0 
0 
0 
0 
0 
1 820 
0 
0 
0 
0 
0 
1 291 
0 
0 
0 
0 
0 
0 
0 
0 
0 
0 
0 
1 158 
0 
0 
0 
0 
0 
0 
0 
0 
0 
0 
0 
0 
0 
0 
1 470 
0 
0 
0 
0 
0 
0 
0 
0 
1 631 
0 
0 
0 
0 
0 
0 
0 
0 
0 
0 
0 
0 
0 
0 
0 
0 
0 
0 
0 
0 
0 
0 
0 
0 
0 
0 
0 
0 
0 
0 
0 
0 
0 
0 
0 
0 
1 163 
1 284 
0 
0 
0 
0 
0 
0 
0 
0 
1 315 
1 258 
0 
0 
0 
0 
0 
0 
0 
0 
0 
0 
0 
0 
0 
0 
0 
0 
0 
0 
1 181 
0 
0 
0 
0 
0 
0 
0 
1 626 
0 
0 
0 
0 
0 
0 
0 
0 
1 439 
0 
0 
0 
0 
0 
0 
0 
0 
0 
0 
0 
0 
1 37 
0 
0 
0 
0 
1 98 
0 
1 206 
0 
0 
1 668 
0 
0 
0 
0 
0 
1 205 
0 
0 
0 
0 
0 
0 
2 128 317 
0 
0 
0 
0 
0 
0 
0 
0 
0 
0 
0 
0 
0 
0 
0 
0 
0 
1 456 
0 
0 
0 
0 
0 
1 174 
1 165 
0 
0 
0 
0 
0 
0 
0 
0 
0 
0 
0 
0 
0 
0 
0 
0 
0 
1 481 
0 
0 
0 
0 
0 
0 
0 
0 
0 
1 654 
1 340 
0 
0 
0 
0 
0 
1 585 
1 337 
0 
0 
0 
0 
0 
0 
0 
0 
0 
0 
0 
0 
0 
0 
1 456 
1 109 
0 
0 
0 
1 841 
0 
0 
0 
0 
0 
0 
0 
0 
0 
0 
0 
0 
0 
0 
0 
0 
0 
0 
0 
0 
0 
1 99 
0 
0 
0 
0 
0 
0 
1 25 
0 
0 
0 
0 
0 
0 
0 
0 
0 
0 
0 
0 
0 
0 
0 
0 
0 
0 
0 
1 627 
0 
1 425 
0 
1 108 
0 
1 181 
0 
0 
0 
0 
0 
0 
0 
0 
0 
0 
0 
0 
0 
0 
0 
0 
0 
0 
0 
1 242 
0 
0 
1 235 
0 
0 
0 
0 
0 
0 
1 488 
0 
0 
0 
0 
0 
1 485 
0 
0 
0 
0 
0 
1 521 
0 
0 
0 
0 
0 
0 
1 440 
0 
0 
0 
0 
0 
0 
0 
0 
0 
0 
0 
0 
0 
0 
0 
0 
0 
0 
0 
0 
0 
0 
0 
0 
0 
1 736 
0 
0 
0 
0 
0 
0 
0 
0 
0 
0 
1 725 
0 
1 680 
0 
0 
0 
0 
0 
0 
0 
0 
0 
0 
0 
0 
0 
1 566 
0 
0 
0 
0 
0 
1 313 
0 
0 
0 
0 
0 
0 
0 
0 
0 
0 
0 
0 
0 
1 145 
1 366 
0 
0 
0 
0 
0 
0 
0 
0 
0 
0 
0 
0 
0 
0 
0 
2 199 257 
0 
0 
0 
0 
0 
0 
0 
0 
0 
0 
0 
0 
0 
1 52 
0 
0 
0 
0 
0 
0 
0 
0 
0 
0 
1 224 
0 
0 
0 
1 353 
0 
0 
1 347 
0 
0 
0 
0 
0 
0 
0 
0 
0 
0 
0 
0 
0 
0 
0 
0 
0 
0 
0 
0 
0 
0 
0 
0 
0 
0 
0 
0 
0 
0 
0 
0 
1 359 
0 
0 
0 
0 
0 
0 
0 
0 
0 
0 
0 
0 
0 
0 
0 
0 
0 
0 
0 
0 
0 
0 
0 
0 
0 
0 
0 
0 
0 
0 
0 
0 
0 
0 
0 
0 
0 
0 
0 
0 
0 
0 
0 
0 
1 419 
0 
0 
0 
0 
0 
0 
0 
0 
0 
0 
0 
0 
0 
0 
0 
0 
0 
1 677 
1 241 
0 
0 
0 
0 
1 834 
0 
0 
0 
0 
0 
0 
0 
0 
0 
0 
0 
0 
1 843 
0 
1 687 
0 
0 
0 
0 
0 
0 
0 
0 
0 
0 
0 
0 
0 
0 
0 
0 
0 
0 
0 
0 
1 136 
1 311 
0 
0 
0 
1 61 
0 
0 
0 
0 
0 
0 
0 
0 
0 
0 
0 
0 
0 
0 
0 
0 
0 
1 709 
0 
0 
0 
0 
1 234 
0 
0 
0 
0 
0 
0 
0 
0 
0 
0 
0 
0 
0 
2 168 731 
0 
0 
0 
0 
0 
0 
0 
0 
1 584 
0 
0 
1 405 
0 
0 
0 
0 
0 
0 
1 605 
0 
0 
0 
0 
0 
0 
0 
0 
1 702 
0 
0 
0 
0 
0 
1 696 
0 
0 
0 
0 
0 
0 
1 649 
0 
0 
1 2 
0 
0 
0 
0 
0 
0 
0 
0 
0 
0 
0 
0 
1 403 
0 
0 
0 
0 
0 
1 668 
0 
0 
0 
0 
1 392 
0 
0 
0 
0 
0 
0 
0 
0 
0 
0 
0 
0 
0 
0 
0 
0 
0 
0 
0 
0 
0 
0 
0 
0 
0 
0 
0 
0 
0 
0 
0 
0 
0 
0 
0 
0 
0 
0 
0 
0 
0 
0 
0 
0 
0 
0 
0 
0 
0 
0 
0 
0 
0 
0 
0 
0 
0 
0 
0 
0 
0 
0 
0 
0 
0 
0 
0 
0 
0 
0 
0 
0 
0 
0 
0 
0 
0 
0 
0 
0 
0 
0 
0 
1 19 
0 
0 
0 
0 
0 
0 
0 
0 
0 
0 
0 
0 
0 
1 590 
0 
0 
0 
0 
0 
0 
1 262 
0 
1 603 
0 
0 
0 
0 
0 
0 
0 
0 
0 
0 
0 
0 
0 
0 
0 
0 
860 46
0 
0 
0 
1 806 
0 
0 
0 
0 
0 
0 
0 
0 
0 
0 
0 
0 
0 
1 70 
0 
0 
0 
0 
0 
0 
0 
0 
0 
0 
0 
0 
0 
0 
0 
1 66 
0 
0 
0 
0 
1 479 
0 
0 
0 
1 543 
0 
0 
0 
0 
0 
0 
0 
0 
0 
0 
0 
0 
0 
0 
0 
0 
0 
0 
0 
0 
1 314 
0 
1 307 
1 33 
1 349 
0 
0 
1 17 
0 
0 
1 844 
0 
0 
1 670 
0 
0 
0 
0 
0 
0 
0 
0 
0 
0 
0 
0 
0 
1 588 
0 
0 
0 
0 
0 
0 
0 
0 
0 
0 
0 
0 
0 
1 600 
0 
0 
0 
0 
0 
0 
0 
0 
0 
0 
0 
0 
0 
0 
0 
0 
0 
0 
0 
0 
0 
1 660 
0 
0 
0 
0 
1 671 
1 537 
0 
0 
0 
0 
0 
0 
0 
0 
1 792 
0 
0 
0 
0 
0 
0 
0 
0 
0 
0 
0 
0 
0 
0 
0 
0 
0 
1 423 
0 
1 318 
0 
0 
0 
0 
0 
0 
0 
0 
0 
0 
0 
0 
0 
0 
0 
0 
0 
1 268 
0 
0 
0 
1 820 
0 
0 
0 
0 
0 
0 
1 568 
0 
0 
1 243 
0 
0 
0 
0 
0 
1 641 
0 
0 
0 
0 
0 
0 
0 
0 
0 
0 
0 
0 
0 
0 
0 
0 
0 
0 
0 
0 
0 
0 
0 
1 606 
0 
0 
0 
0 
1 743 
0 
0 
0 
0 
0 
0 
0 
0 
0 
1 857 
0 
0 
0 
0 
1 193 
1 584 
0 
0 
0 
0 
1 313 
0 
0 
0 
0 
0 
0 
0 
0 
0 
0 
0 
0 
0 
0 
0 
0 
0 
0 
1 179 
0 
0 
0 
0 
0 
0 
0 
1 288 
0 
0 
0 
0 
0 
0 
0 
0 
0 
0 
0 
1 276 
0 
1 391 
0 
0 
0 
0 
0 
0 
0 
0 
0 
0 
0 
0 
0 
0 
0 
0 
1 65 
0 
0 
0 
0 
1 838 
1 249 
3 63 439 730 
0 
1 350 
0 
1 161 
0 
0 
0 
0 
0 
0 
1 430 
0 
0 
0 
0 
0 
0 
0 
0 
0 
0 
0 
0 
0 
0 
0 
0 
0 
0 
0 
0 
0 
0 
0 
1 67 
1 316 
0 
0 
0 
0 
0 
0 
0 
0 
0 
0 
0 
0 
0 
0 
0 
0 
0 
0 
0 
0 
0 
0 
0 
0 
0 
0 
0 
0 
1 819 
0 
0 
0 
0 
0 
0 
0 
0 
0 
0 
0 
1 290 
0 
0 
0 
0 
0 
0 
0 
0 
0 
0 
0 
0 
0 
0 
0 
0 
0 
0 
0 
0 
0 
0 
0 
0 
0 
0 
0 
0 
1 510 
0 
0 
1 159 
0 
0 
0 
0 
0 
0 
1 325 
0 
0 
0 
0 
0 
0 
0 
0 
1 314 
0 
0 
0 
0 
0 
0 
0 
0 
0 
0 
0 
0 
0 
0 
0 
0 
0 
0 
0 
0 
0 
0 
0 
0 
0 
0 
0 
0 
0 
1 784 
0 
0 
0 
0 
0 
0 
0 
0 
0 
1 38 
0 
0 
0 
0 
0 
0 
0 
0 
0 
0 
0 
0 
0 
0 
0 
1 550 
0 
1 782 
0 
0 
0 
0 
0 
1 628 
0 
0 
1 809 
0 
0 
0 
1 420 
0 
0 
0 
0 
0 
0 
0 
0 
0 
0 
0 
0 
0 
0 
0 
0 
0 
0 
0 
0 
0 
0 
0 
0 
0 
0 
1 132 
0 
0 
0 
0 
0 
1 42 
0 
0 
0 
0 
0 
0 
1 495 
0 
0 
0 
0 
0 
0 
0 
0 
0 
0 
0 
0 
0 
0 
0 
0 
0 
1 190 
0 
0 
0 
0 
0 
0 
0 
0 
0 
0 
0 
0 
0 
0 
0 
1 244 
0 
0 
0 
1 90 
0 
0 
0 
0 
0 
0 
0 
0 
0 
0 
0 
1 104 
0 
0 
1 645 
0 
0 
1 223 
0 
0 
0 
0 
0 
0 
0 
0 
0 
0 
0 
0 
0 
0 
0 
1 697 
0 
0 
0 
0 
0 
1 503 
0 
0 
0 
0 
0 
0 
0 
0 
0 
0 
0 
0 
1 199 
0 
0 
0 
1 603 
0 
0 
0 
0 
0 
0 
0 
0 
0 
0 
0 
0 
0 
0 
1 126 
0 
0 
0 
0 
0 
0 
0 
0 
0 
1 76 
1 131 
0 
0 
0 
0 
0 
0 
0 
0 
0 
0 
0 
0 
0 
0 
0 
0 
0 
0 
0 
0 
0 
0 
0 
0 
0 
1 622 
0 
0 
0 
0 
0 
0 
0 
0 
0 
0 
0 
0 
0 
0 
0 
0 
0 
0 
0 
0 
0 
0 
0 
0 
0 
0 
0 
0 
0 
0 
0 
0 
1 314 
0 
0 
0 
0 
0 
0 
0 
0 
0 
0 
0 
0 
1 228 
0 
0 
0 
0 
0 
0 
0 
0 
0 
0 
0 
0 
0 
0 
0 
0 
0 
0 
0 
0 
0 
0 
0 
0 
1 818 
0 
0 
0 
0 
0 
0 
0 
0 
0 
0 
0 
0 
0 
1 497 
0 
1 469 
0 
0 
0 
0 
0 
0 
0 
1 141 
0 
0 
0 
0 
0 
0 
0 
0 
0 
0 
0 
0 
0 
1 3 
0 
0 
2 506 841 
0 
0 
0 
0 
0 
0 
0 
0 
1 768 
1 379 
1 183 
0 
0 
0 
0 
0 
0 
0 
0 
0 
0 
0 
0 
0 
0 
0 
0 
0 
1 312 
0 
0 
1 809 
0 
0 
1 73 
0 
0 
0 
0 
0 
0 
0 
0 
0 
0 
0 
0 
1 238 
0 
0 
