500 21
0 
0 
0 
1 414 
0 
0 
0 
0 
0 
0 
0 
0 
0 
0 
0 
0 
0 
0 
0 
0 
0 
0 
0 
0 
0 
0 
0 
0 
0 
0 
0 
0 
0 
0 
0 
0 
0 
0 
0 
0 
1 478 
0 
0 
0 
0 
0 
0 
1 163 
0 
0 
0 
0 
0 
0 
0 
0 
0 
0 
0 
0 
0 
0 
0 
1 400 
0 
0 
0 
0 
0 
1 358 
0 
0 
0 
0 
0 
1 122 
0 
0 
0 
0 
0 
0 
0 
0 
0 
0 
0 
0 
0 
0 
1 346 
0 
0 
0 
0 
2 177 359 
0 
0 
0 
1 396 
0 
0 
0 
0 
0 
0 
0 
0 
0 
0 
0 
0 
0 
0 
0 
0 
0 
0 
0 
0 
0 
0 
1 75 
0 
0 
0 
0 
0 
0 
0 
0 
0 
0 
0 
0 
0 
0 
0 
0 
0 
0 
0 
0 
0 
0 
0 
0 
0 
0 
0 
0 
0 
0 
0 
0 
0 
0 
0 
0 
0 
0 
0 
0 
1 47 
0 
0 
0 
0 
0 
0 
0 
0 
0 
0 
0 
0 
0 
2 95 197 
0 
0 
0 
0 
0 
0 
0 
1 270 
0 
0 
0 
0 
0 
0 
0 
0 
0 
0 
0 
1 177 
0 
1 398 
0 
0 
0 
0 
0 
0 
0 
0 
0 
0 
0 
0 
0 
1 235 
0 
0 
0 
0 
0 
0 
0 
0 
0 
0 
0 
0 
0 
0 
0 
0 
0 
0 
0 
0 
0 
1 213 
0 
0 
0 
0 
0 
0 
0 
0 
0 
0 
0 
0 
0 
0 
0 
0 
0 
0 
0 
0 
0 
0 
0 
0 
0 
0 
0 
0 
0 
0 
0 
1 353 
0 
0 
1 185 
0 
0 
1 309 
0 
0 
0 
0 
0 
0 
0 
0 
0 
0 
0 
0 
0 
0 
0 
0 
0 
0 
0 
0 
0 
0 
0 
0 
0 
0 
0 
0 
0 
0 
0 
0 
1 343 
0 
1 360 
1 273 
0 
0 
0 
0 
0 
0 
0 
0 
0 
0 
0 
0 
0 
1 365 
0 
0 
0 
0 
0 
0 
0 
0 
0 
0 
0 
0 
0 
0 
0 
0 
0 
0 
0 
1 306 
0 
0 
1 90 
0 
0 
0 
0 
0 
0 
1 267 
0 
0 
0 
0 
1 69 
1 95 
1 308 
0 
0 
0 
0 
1 323 
0 
0 
0 
0 
0 
0 
0 
0 
0 
0 
0 
0 
0 
0 
0 
0 
0 
0 
0 
0 
0 
0 
0 
0 
0 
0 
0 
0 
0 
0 
1 99 
0 
1 199 
0 
1 63 
1 449 
0 
0 
0 
0 
0 
0 
0 
0 
0 
0 
0 
0 
1 3 
0 
0 
0 
0 
0 
0 
0 
0 
0 
0 
0 
0 
0 
0 
0 
0 
0 
0 
0 
0 
0 
0 
0 
0 
0 
0 
0 
0 
0 
0 
0 
0 
0 
0 
1 401 
0 
0 
0 
0 
0 
0 
0 
0 
0 
0 
0 
0 
0 
0 
0 
0 
0 
0 
0 
0 
0 
0 
0 
0 
0 
0 
1 495 
0 
1 40 
0 
0 
0 
0 
0 
0 
0 
0 
0 
0 
0 
0 
0 
0 
0 
0 
1 476 
0 
0 
0 
0 
500 19
0 
1 384 
1 192 
0 
0 
0 
0 
0 
0 
0 
0 
0 
0 
0 
0 
0 
0 
0 
0 
0 
0 
0 
0 
0 
0 
0 
0 
0 
0 
0 
0 
0 
0 
0 
0 
0 
0 
0 
0 
0 
0 
0 
1 354 
0 
0 
0 
0 
0 
0 
0 
0 
0 
0 
0 
0 
0 
0 
0 
0 
0 
0 
0 
0 
0 
0 
0 
0 
0 
0 
1 217 
0 
0 
0 
0 
0 
0 
0 
0 
0 
1 110 
0 
0 
0 
0 
0 
0 
0 
0 
0 
0 
0 
0 
0 
0 
0 
0 
0 
0 
0 
0 
0 
0 
0 
0 
0 
0 
0 
0 
0 
0 
1 79 
0 
0 
0 
0 
0 
0 
0 
0 
0 
0 
0 
0 
0 
0 
0 
0 
1 436 
0 
0 
0 
0 
0 
0 
0 
0 
0 
1 231 
0 
0 
0 
0 
0 
0 
0 
0 
0 
0 
0 
0 
0 
0 
0 
0 
0 
0 
1 480 
0 
0 
0 
0 
0 
0 
0 
0 
0 
0 
0 
0 
0 
0 
0 
0 
1 422 
0 
0 
1 263 
0 
0 
0 
0 
0 
0 
0 
0 
0 
0 
0 
0 
0 
0 
0 
1 2 
0 
0 
0 
0 
0 
0 
0 
0 
0 
1 339 
0 
1 412 
0 
0 
0 
0 
1 232 
0 
0 
0 
0 
0 
1 297 
0 
1 69 
0 
0 
0 
0 
0 
0 
0 
0 
0 
0 
0 
0 
0 
1 137 
1 209 
1 405 
0 
0 
0 
0 
0 
0 
0 
0 
0 
0 
0 
0 
0 
0 
0 
0 
0 
0 
0 
0 
0 
0 
0 
0 
0 
0 
0 
0 
0 
2 176 270 
0 
0 
0 
0 
0 
0 
1 263 
0 
0 
0 
0 
0 
0 
0 
0 
0 
0 
0 
0 
0 
0 
0 
0 
1 329 
0 
0 
0 
0 
0 
0 
0 
0 
0 
1 215 
0 
0 
0 
0 
0 
0 
0 
0 
0 
0 
0 
0 
0 
0 
0 
0 
0 
0 
1 486 
0 
0 
0 
0 
0 
0 
0 
0 
0 
0 
0 
0 
1 287 
0 
0 
0 
0 
0 
0 
0 
0 
0 
1 202 
0 
0 
0 
0 
0 
0 
0 
0 
0 
0 
0 
0 
0 
0 
1 42 
0 
0 
0 
0 
0 
0 
0 
0 
0 
0 
0 
0 
0 
0 
0 
0 
0 
0 
0 
0 
0 
0 
0 
0 
0 
0 
0 
0 
0 
1 1 
0 
0 
0 
0 
0 
0 
0 
0 
0 
0 
0 
0 
0 
0 
0 
0 
0 
0 
0 
0 
1 233 
0 
0 
0 
0 
0 
0 
1 204 
0 
0 
0 
0 
0 
0 
0 
0 
0 
1 173 
0 
0 
0 
0 
0 
0 
0 
0 
0 
0 
1 436 
0 
0 
2 127 433 
0 
0 
0 
0 
0 
0 
0 
0 
0 
0 
0 
0 
0 
0 
0 
0 
0 
0 
0 
0 
0 
0 
0 
0 
0 
0 
0 
0 
0 
0 
0 
0 
0 
0 
0 
0 
0 
0 
0 
0 
0 
0 
0 
1 156 
0 
0 
0 
0 
0 
1 316 
0 
0 
0 
0 
0 
0 
0 
0 
0 
0 
0 
0 
0 
