290 11
0 
0 
0 
0 
0 
0 
0 
0 
1 82 
0 
1 266 
0 
0 
0 
0 
0 
0 
1 86 
0 
0 
0 
0 
0 
0 
1 184 
0 
0 
0 
0 
0 
0 
0 
0 
1 286 
0 
0 
0 
0 
0 
0 
0 
0 
0 
0 
1 91 
0 
0 
0 
0 
0 
0 
1 226 
0 
0 
0 
0 
0 
0 
1 255 
0 
0 
0 
0 
0 
0 
0 
0 
0 
0 
0 
0 
0 
0 
0 
0 
0 
0 
0 
1 194 
0 
0 
0 
1 8 
0 
0 
0 
1 17 
0 
0 
1 216 
0 
1 44 
0 
0 
0 
0 
0 
0 
0 
0 
0 
0 
0 
0 
0 
0 
1 260 
0 
0 
0 
0 
0 
0 
0 
0 
0 
0 
0 
0 
0 
0 
0 
0 
0 
0 
0 
0 
0 
0 
0 
0 
0 
0 
0 
0 
0 
0 
0 
0 
0 
0 
0 
0 
0 
0 
0 
0 
0 
0 
0 
0 
0 
0 
0 
0 
0 
0 
0 
0 
0 
0 
0 
0 
0 
0 
0 
0 
0 
0 
0 
0 
0 
0 
0 
0 
0 
0 
0 
0 
0 
0 
0 
0 
0 
1 24 
0 
0 
0 
0 
0 
0 
0 
0 
0 
1 78 
0 
0 
0 
0 
0 
0 
0 
0 
0 
0 
0 
0 
0 
0 
0 
0 
0 
0 
0 
0 
0 
1 89 
0 
0 
0 
0 
0 
0 
0 
0 
0 
1 51 
0 
0 
0 
0 
0 
0 
0 
0 
0 
0 
0 
0 
0 
0 
0 
0 
0 
0 
0 
0 
0 
0 
0 
0 
0 
0 
0 
0 
1 58 
0 
0 
0 
0 
1 106 
0 
0 
0 
0 
0 
1 10 
0 
0 
0 
0 
0 
0 
0 
0 
0 
0 
0 
0 
0 
0 
0 
0 
0 
0 
0 
1 33 
0 
0 
0 
290 19
0 
0 
0 
0 
0 
0 
0 
0 
0 
0 
0 
0 
1 279 
0 
0 
0 
0 
0 
0 
0 
0 
0 
0 
0 
0 
0 
0 
0 
0 
0 
0 
0 
0 
1 86 
0 
1 162 
0 
0 
0 
0 
0 
0 
0 
0 
0 
0 
1 163 
0 
0 
0 
0 
0 
0 
0 
0 
0 
0 
0 
0 
0 
0 
1 205 
0 
0 
0 
0 
0 
0 
0 
0 
0 
0 
0 
0 
0 
0 
0 
0 
1 146 
1 283 
0 
0 
0 
0 
0 
0 
1 33 
0 
0 
0 
0 
0 
0 
0 
0 
0 
0 
0 
1 153 
0 
0 
0 
0 
0 
0 
0 
0 
0 
0 
0 
0 
0 
0 
0 
0 
0 
0 
0 
0 
0 
0 
0 
0 
1 144 
0 
0 
0 
0 
0 
0 
0 
0 
0 
0 
0 
0 
0 
0 
0 
0 
0 
0 
2 261 287 
0 
1 123 
0 
1 78 
0 
0 
0 
0 
1 235 
0 
1 98 
0 
0 
0 
0 
0 
0 
0 
0 
1 35 
1 46 
0 
0 
0 
0 
0 
0 
0 
0 
0 
0 
0 
0 
0 
0 
0 
0 
0 
0 
1 208 
0 
0 
0 
0 
0 
0 
1 245 
0 
0 
0 
1 227 
0 
0 
0 
0 
1 266 
0 
1 253 
0 
0 
1 285 
0 
1 61 
0 
0 
1 182 
0 
0 
0 
0 
0 
0 
0 
0 
0 
0 
0 
0 
0 
0 
0 
0 
0 
0 
1 193 
0 
1 271 
0 
0 
0 
0 
0 
1 151 
0 
0 
0 
0 
0 
0 
0 
0 
0 
1 189 
0 
0 
0 
0 
0 
0 
0 
1 200 
0 
0 
0 
0 
0 
0 
0 
1 142 
0 
0 
0 
0 
1 198 
0 
0 
0 
0 
1 229 
0 
0 
0 
0 
0 
0 
0 
1 12 
0 
0 
0 
1 79 
0 
1 203 
0 
1 142 
0 
0 
