740 37
0 
0 
1 100 
0 
0 
0 
0 
1 478 
0 
0 
0 
0 
0 
0 
0 
0 
0 
0 
0 
0 
0 
0 
0 
0 
0 
0 
0 
0 
1 347 
0 
0 
0 
0 
0 
0 
0 
0 
1 105 
0 
0 
0 
0 
0 
0 
0 
0 
1 382 
0 
0 
0 
0 
0 
0 
0 
0 
0 
0 
0 
0 
0 
0 
0 
0 
0 
0 
0 
0 
0 
0 
0 
0 
0 
0 
0 
1 130 
0 
0 
0 
0 
0 
0 
0 
0 
0 
1 669 
1 206 
0 
0 
0 
1 475 
0 
0 
0 
0 
0 
0 
0 
0 
0 
0 
1 2 
1 666 
0 
0 
1 398 
1 37 
0 
0 
0 
0 
0 
0 
0 
0 
1 271 
0 
0 
1 607 
0 
0 
0 
0 
0 
0 
0 
0 
0 
0 
0 
0 
1 74 
0 
0 
0 
0 
0 
0 
0 
0 
0 
0 
0 
0 
0 
0 
0 
0 
0 
1 465 
0 
1 315 
0 
0 
0 
0 
0 
0 
0 
0 
0 
0 
0 
0 
0 
0 
0 
0 
0 
0 
0 
0 
0 
0 
0 
0 
0 
0 
1 328 
0 
0 
0 
0 
0 
0 
0 
0 
0 
0 
0 
0 
0 
0 
0 
0 
0 
0 
0 
0 
0 
0 
0 
2 266 560 
0 
0 
1 650 
0 
1 85 
0 
0 
0 
0 
0 
0 
0 
0 
0 
0 
0 
0 
0 
0 
0 
0 
1 641 
0 
0 
0 
1 444 
0 
0 
0 
0 
0 
0 
0 
0 
0 
0 
0 
0 
0 
0 
0 
0 
0 
0 
0 
0 
0 
0 
0 
0 
0 
0 
0 
0 
0 
0 
0 
0 
0 
0 
0 
0 
0 
0 
1 201 
0 
0 
0 
0 
1 114 
0 
0 
0 
0 
0 
0 
0 
0 
0 
0 
0 
0 
0 
0 
0 
1 314 
0 
0 
0 
0 
0 
0 
0 
0 
0 
0 
0 
0 
0 
0 
0 
0 
0 
0 
0 
0 
0 
0 
0 
1 321 
0 
0 
1 287 
1 150 
0 
0 
0 
0 
1 439 
1 311 
0 
1 445 
0 
0 
0 
0 
1 177 
0 
0 
0 
0 
0 
0 
0 
0 
0 
0 
0 
0 
1 404 
0 
0 
0 
0 
0 
1 28 
0 
0 
0 
0 
0 
0 
0 
0 
0 
0 
0 
0 
0 
0 
0 
0 
0 
0 
0 
0 
0 
0 
0 
0 
0 
0 
0 
0 
0 
0 
0 
0 
0 
0 
1 46 
0 
0 
0 
0 
0 
1 443 
0 
0 
0 
0 
0 
1 697 
0 
0 
0 
1 104 
0 
0 
0 
0 
0 
1 341 
0 
0 
0 
0 
0 
0 
0 
0 
0 
0 
1 515 
0 
0 
2 690 707 
0 
0 
0 
0 
0 
0 
0 
0 
0 
0 
0 
0 
0 
0 
0 
0 
0 
0 
0 
0 
1 320 
0 
0 
0 
1 388 
1 227 
1 323 
0 
0 
0 
0 
0 
0 
0 
0 
0 
0 
0 
0 
0 
0 
0 
0 
0 
0 
0 
1 148 
0 
0 
1 698 
0 
0 
0 
0 
0 
0 
1 89 
1 512 
0 
1 7 
0 
0 
0 
0 
0 
0 
0 
0 
0 
0 
0 
0 
0 
0 
0 
0 
0 
0 
1 736 
0 
0 
0 
0 
0 
0 
0 
0 
0 
0 
0 
0 
0 
0 
1 476 
0 
0 
1 415 
0 
0 
0 
0 
0 
0 
0 
0 
0 
0 
0 
0 
0 
0 
0 
0 
0 
0 
0 
0 
0 
0 
0 
0 
0 
0 
0 
0 
0 
0 
0 
0 
0 
0 
0 
0 
0 
0 
0 
0 
0 
0 
0 
0 
1 201 
0 
0 
0 
0 
0 
0 
0 
0 
0 
0 
0 
0 
0 
0 
0 
0 
0 
0 
0 
0 
0 
0 
0 
0 
0 
0 
0 
0 
0 
0 
0 
0 
0 
0 
0 
0 
0 
0 
0 
0 
0 
0 
0 
0 
0 
0 
1 117 
0 
0 
0 
0 
0 
0 
0 
0 
0 
0 
0 
0 
0 
0 
0 
0 
0 
0 
0 
0 
0 
0 
0 
0 
0 
0 
0 
0 
0 
0 
0 
0 
0 
1 223 
0 
0 
0 
0 
0 
0 
0 
0 
1 204 
0 
0 
0 
0 
1 659 
0 
2 708 733 
0 
1 655 
0 
0 
0 
0 
0 
0 
1 101 
0 
0 
1 84 
0 
0 
0 
0 
0 
0 
0 
0 
0 
0 
0 
0 
0 
0 
0 
0 
0 
0 
0 
0 
1 418 
0 
0 
0 
0 
0 
0 
1 394 
1 468 
0 
0 
0 
0 
0 
0 
0 
0 
1 418 
1 657 
0 
0 
0 
0 
0 
0 
0 
0 
0 
0 
0 
0 
0 
0 
0 
0 
0 
0 
0 
0 
0 
0 
0 
0 
1 657 
0 
0 
1 497 
0 
0 
0 
740 48
0 
0 
0 
0 
0 
1 140 
0 
0 
0 
1 248 
0 
0 
0 
0 
0 
1 183 
0 
0 
0 
0 
0 
0 
0 
0 
0 
0 
1 517 
0 
0 
0 
0 
0 
0 
0 
0 
0 
0 
1 344 
0 
0 
0 
0 
0 
0 
1 141 
1 557 
0 
0 
0 
0 
0 
1 313 
0 
0 
0 
0 
0 
0 
3 176 490 521 
0 
0 
0 
0 
0 
0 
0 
0 
0 
0 
0 
0 
0 
0 
0 
0 
0 
0 
0 
0 
0 
0 
0 
0 
0 
0 
0 
1 94 
0 
0 
0 
0 
0 
0 
0 
1 86 
1 333 
0 
0 
0 
0 
0 
0 
0 
0 
0 
0 
0 
1 145 
0 
0 
0 
0 
0 
0 
0 
0 
0 
0 
0 
0 
0 
0 
1 729 
0 
1 458 
0 
0 
0 
0 
0 
0 
0 
0 
0 
0 
0 
0 
0 
0 
0 
1 5 
1 44 
0 
0 
0 
1 107 
0 
0 
0 
0 
0 
0 
0 
1 471 
0 
0 
0 
0 
0 
0 
0 
0 
0 
0 
0 
0 
0 
0 
0 
0 
1 614 
0 
0 
0 
0 
0 
1 58 
0 
0 
0 
0 
1 579 
0 
1 15 
0 
0 
0 
0 
0 
0 
0 
0 
0 
0 
0 
0 
0 
0 
0 
0 
1 306 
0 
0 
0 
0 
0 
0 
0 
0 
0 
0 
0 
0 
0 
1 267 
1 695 
0 
1 466 
0 
0 
0 
0 
0 
0 
0 
0 
0 
0 
0 
0 
0 
0 
0 
0 
1 643 
0 
0 
0 
0 
0 
0 
0 
0 
0 
0 
0 
0 
0 
1 9 
0 
0 
0 
0 
0 
0 
2 405 447 
0 
1 529 
0 
0 
0 
0 
0 
0 
0 
0 
0 
1 214 
0 
0 
0 
0 
0 
0 
0 
0 
1 585 
0 
0 
0 
1 662 
0 
0 
0 
0 
0 
0 
0 
0 
0 
0 
0 
0 
0 
0 
0 
0 
0 
1 680 
0 
0 
1 696 
0 
1 465 
0 
0 
1 200 
0 
0 
0 
0 
0 
0 
1 51 
0 
0 
0 
0 
0 
0 
0 
0 
0 
0 
0 
0 
0 
1 391 
0 
0 
0 
0 
0 
1 95 
0 
0 
0 
0 
0 
0 
0 
0 
0 
0 
1 37 
0 
0 
0 
0 
0 
0 
2 633 723 
0 
0 
0 
0 
0 
0 
0 
0 
0 
0 
0 
0 
0 
0 
0 
0 
0 
0 
0 
0 
0 
0 
0 
0 
0 
0 
0 
0 
0 
0 
1 432 
0 
0 
0 
0 
0 
0 
0 
0 
1 327 
1 402 
0 
0 
0 
0 
0 
0 
0 
0 
0 
1 392 
0 
0 
1 255 
0 
0 
0 
1 668 
0 
0 
0 
0 
1 607 
0 
0 
0 
0 
0 
0 
0 
0 
0 
0 
0 
0 
0 
0 
0 
0 
0 
1 382 
0 
0 
0 
0 
0 
0 
0 
0 
0 
0 
0 
1 587 
0 
0 
1 255 
0 
0 
0 
0 
0 
0 
0 
0 
0 
0 
1 124 
0 
0 
0 
0 
0 
0 
1 303 
1 217 
0 
0 
0 
0 
1 153 
0 
0 
0 
0 
0 
0 
0 
0 
2 602 707 
0 
0 
0 
0 
0 
0 
0 
0 
1 706 
1 58 
1 562 
0 
0 
0 
0 
0 
0 
0 
0 
0 
0 
0 
0 
0 
0 
0 
0 
1 714 
0 
0 
0 
0 
0 
0 
0 
0 
1 26 
0 
0 
0 
1 58 
0 
0 
0 
0 
0 
0 
0 
1 257 
0 
0 
0 
0 
0 
0 
0 
0 
0 
0 
0 
0 
0 
0 
1 703 
0 
0 
0 
0 
0 
0 
0 
0 
0 
0 
0 
0 
1 45 
0 
0 
0 
0 
1 491 
0 
0 
0 
0 
0 
0 
0 
0 
0 
0 
0 
0 
0 
0 
0 
0 
1 181 
0 
0 
0 
0 
0 
1 276 
0 
1 444 
0 
0 
0 
0 
0 
0 
0 
0 
0 
0 
0 
0 
0 
0 
1 480 
0 
0 
0 
0 
2 414 726 
0 
0 
0 
0 
0 
0 
1 170 
0 
0 
0 
0 
0 
0 
0 
0 
0 
0 
0 
0 
0 
0 
0 
0 
0 
0 
1 351 
0 
0 
0 
0 
0 
0 
0 
0 
0 
1 234 
0 
0 
0 
0 
0 
0 
0 
0 
0 
0 
0 
0 
0 
0 
0 
0 
0 
0 
1 280 
0 
0 
0 
0 
0 
1 409 
0 
0 
0 
0 
1 680 
0 
0 
0 
0 
0 
0 
2 298 673 
0 
0 
0 
0 
0 
0 
0 
0 
0 
0 
0 
0 
0 
0 
1 215 
1 301 
0 
0 
0 
0 
0 
0 
1 544 
0 
0 
1 489 
1 480 
0 
0 
0 
0 
0 
0 
1 508 
0 
0 
0 
0 
0 
0 
0 
0 
1 351 
0 
0 
1 607 
0 
0 
1 122 
0 
0 
0 
0 
0 
0 
0 
0 
0 
0 
