840 42
0 
0 
0 
0 
0 
0 
0 
0 
1 669 
0 
0 
0 
1 402 
0 
0 
0 
0 
0 
0 
1 173 
0 
0 
0 
0 
0 
0 
0 
0 
0 
0 
0 
0 
0 
0 
0 
0 
0 
0 
0 
0 
0 
0 
0 
0 
0 
0 
1 283 
0 
0 
0 
0 
0 
0 
0 
0 
0 
0 
0 
0 
0 
0 
0 
0 
0 
0 
0 
0 
0 
1 675 
0 
0 
0 
0 
0 
0 
0 
0 
0 
0 
0 
0 
0 
0 
1 199 
0 
0 
1 462 
0 
0 
1 226 
0 
0 
0 
0 
0 
0 
0 
0 
0 
0 
0 
0 
0 
0 
0 
0 
0 
0 
0 
0 
0 
0 
0 
0 
1 636 
0 
0 
0 
0 
0 
0 
0 
0 
0 
0 
0 
0 
0 
0 
0 
0 
0 
0 
0 
0 
0 
0 
0 
0 
0 
0 
0 
0 
1 464 
0 
0 
0 
0 
0 
0 
0 
0 
0 
0 
0 
0 
0 
1 300 
0 
0 
0 
0 
0 
0 
0 
0 
0 
0 
0 
0 
0 
0 
0 
1 19 
0 
0 
0 
0 
0 
0 
0 
0 
0 
0 
0 
0 
0 
0 
0 
0 
0 
0 
0 
1 195 
0 
1 193 
0 
1 278 
0 
1 83 
0 
0 
0 
0 
0 
0 
0 
0 
0 
0 
0 
0 
0 
0 
0 
0 
0 
0 
0 
0 
0 
0 
0 
0 
0 
2 388 767 
1 89 
0 
0 
0 
0 
0 
0 
0 
0 
0 
0 
0 
0 
0 
0 
0 
0 
0 
0 
0 
0 
0 
0 
0 
0 
0 
0 
0 
1 706 
0 
0 
0 
0 
0 
0 
0 
0 
1 482 
1 454 
0 
0 
0 
0 
0 
0 
0 
0 
0 
1 373 
1 801 
0 
0 
1 197 
0 
0 
0 
0 
1 46 
0 
0 
0 
0 
1 589 
0 
0 
0 
0 
0 
0 
0 
1 791 
0 
0 
0 
1 157 
0 
0 
0 
0 
0 
1 642 
0 
0 
0 
1 768 
0 
0 
0 
0 
0 
0 
0 
0 
0 
0 
0 
0 
0 
0 
0 
0 
0 
0 
0 
0 
0 
0 
0 
0 
0 
0 
0 
0 
0 
0 
0 
0 
0 
0 
0 
0 
0 
0 
0 
0 
0 
0 
0 
0 
0 
0 
0 
0 
0 
0 
0 
0 
1 457 
0 
1 435 
0 
0 
0 
0 
0 
0 
0 
1 274 
0 
0 
1 463 
0 
0 
0 
0 
0 
0 
1 640 
0 
0 
0 
0 
1 225 
0 
0 
0 
0 
0 
0 
0 
0 
0 
0 
0 
0 
0 
1 12 
0 
0 
0 
0 
1 679 
0 
0 
0 
0 
0 
0 
0 
0 
0 
0 
0 
0 
0 
0 
0 
0 
0 
0 
0 
0 
0 
0 
0 
0 
0 
0 
0 
2 365 808 
0 
0 
0 
0 
0 
0 
0 
0 
0 
0 
0 
0 
0 
0 
0 
0 
0 
0 
1 264 
0 
0 
1 363 
0 
0 
0 
0 
1 86 
1 376 
1 143 
0 
0 
0 
0 
0 
0 
1 810 
0 
0 
0 
0 
0 
0 
0 
0 
0 
0 
2 263 658 
0 
0 
0 
0 
0 
0 
0 
0 
0 
0 
0 
1 521 
1 628 
0 
0 
0 
0 
0 
0 
0 
0 
0 
0 
0 
0 
0 
1 520 
0 
0 
0 
0 
0 
0 
0 
0 
0 
0 
1 509 
1 494 
1 752 
0 
0 
0 
0 
0 
0 
0 
0 
0 
0 
0 
0 
0 
0 
0 
0 
0 
0 
0 
0 
0 
0 
0 
0 
0 
0 
1 753 
0 
0 
0 
0 
0 
0 
0 
0 
0 
0 
0 
0 
0 
0 
0 
0 
0 
0 
0 
0 
0 
0 
0 
0 
0 
0 
0 
0 
0 
0 
0 
0 
0 
0 
0 
0 
0 
0 
0 
1 288 
0 
0 
0 
0 
0 
0 
0 
0 
0 
0 
0 
0 
0 
0 
0 
0 
0 
0 
0 
0 
0 
0 
0 
0 
0 
0 
0 
0 
0 
0 
0 
0 
0 
1 698 
0 
0 
0 
0 
1 495 
0 
0 
0 
0 
0 
0 
0 
1 114 
0 
0 
0 
1 383 
0 
1 306 
0 
1 704 
0 
0 
0 
0 
0 
0 
0 
0 
0 
0 
0 
0 
0 
1 482 
0 
0 
0 
0 
0 
0 
0 
0 
0 
0 
1 8 
0 
0 
0 
0 
0 
1 68 
1 837 
0 
0 
1 407 
0 
0 
0 
0 
0 
1 760 
0 
0 
0 
0 
0 
0 
0 
0 
0 
0 
0 
0 
1 623 
0 
0 
0 
0 
0 
1 644 
0 
1 254 
0 
0 
0 
0 
0 
0 
0 
0 
0 
0 
0 
0 
0 
0 
0 
0 
0 
0 
0 
0 
0 
0 
0 
0 
0 
0 
0 
0 
0 
0 
0 
0 
0 
0 
0 
0 
0 
0 
0 
0 
0 
0 
0 
0 
0 
1 522 
1 549 
0 
0 
0 
0 
0 
0 
1 685 
0 
0 
0 
0 
0 
0 
1 225 
1 310 
1 783 
0 
0 
0 
0 
0 
0 
0 
0 
0 
0 
0 
0 
0 
1 769 
0 
0 
0 
0 
0 
0 
0 
1 296 
0 
0 
0 
0 
0 
0 
0 
0 
0 
1 275 
0 
0 
0 
0 
0 
0 
1 435 
0 
1 471 
0 
0 
0 
0 
0 
0 
0 
0 
0 
0 
0 
0 
0 
0 
0 
0 
0 
0 
0 
0 
0 
0 
0 
0 
0 
0 
1 676 
0 
0 
840 43
0 
0 
0 
0 
0 
0 
0 
1 408 
0 
0 
0 
0 
0 
0 
0 
0 
0 
0 
0 
0 
0 
0 
0 
0 
0 
0 
0 
0 
0 
0 
0 
0 
0 
0 
1 195 
0 
0 
0 
0 
0 
0 
0 
0 
0 
0 
0 
0 
0 
0 
0 
0 
0 
0 
0 
0 
0 
1 499 
0 
0 
1 89 
0 
0 
0 
0 
0 
0 
0 
0 
0 
0 
0 
1 427 
0 
0 
0 
1 246 
0 
0 
0 
0 
0 
0 
0 
0 
0 
0 
0 
0 
0 
1 59 
0 
1 653 
1 679 
0 
0 
0 
1 247 
0 
0 
0 
0 
1 710 
0 
1 240 
1 422 
0 
0 
0 
0 
1 767 
0 
0 
0 
0 
0 
0 
0 
1 577 
1 588 
0 
0 
1 225 
1 579 
0 
0 
0 
0 
0 
0 
0 
0 
0 
0 
1 680 
0 
0 
0 
1 139 
0 
1 137 
2 348 778 
0 
1 151 
0 
0 
1 722 
0 
0 
0 
0 
0 
1 142 
1 720 
0 
1 630 
0 
0 
0 
0 
0 
0 
0 
0 
0 
0 
0 
0 
0 
0 
0 
0 
0 
0 
0 
0 
0 
0 
0 
0 
0 
0 
0 
0 
1 422 
0 
0 
1 271 
0 
0 
0 
0 
0 
0 
0 
1 747 
1 34 
0 
0 
0 
0 
0 
0 
0 
0 
0 
0 
1 725 
0 
0 
0 
0 
0 
0 
0 
0 
0 
0 
0 
0 
0 
0 
0 
0 
0 
0 
1 121 
0 
0 
0 
0 
0 
0 
0 
1 499 
0 
0 
0 
0 
0 
0 
1 103 
0 
0 
0 
0 
0 
1 75 
1 96 
0 
0 
0 
0 
0 
0 
0 
0 
0 
0 
0 
0 
0 
0 
0 
0 
0 
0 
0 
0 
0 
1 825 
0 
1 186 
0 
0 
0 
0 
0 
0 
0 
0 
0 
0 
0 
0 
0 
0 
0 
1 778 
0 
0 
0 
0 
0 
0 
0 
0 
0 
0 
0 
0 
0 
0 
0 
1 580 
0 
0 
0 
0 
0 
0 
0 
0 
0 
0 
0 
0 
0 
0 
0 
0 
0 
0 
0 
0 
0 
1 691 
0 
0 
0 
0 
0 
0 
0 
0 
0 
0 
0 
0 
0 
0 
0 
0 
0 
1 447 
0 
0 
0 
0 
1 140 
0 
0 
0 
0 
0 
0 
0 
0 
0 
0 
0 
0 
0 
0 
0 
0 
0 
0 
0 
0 
0 
0 
0 
0 
0 
0 
0 
0 
0 
0 
0 
0 
1 470 
0 
0 
0 
0 
0 
0 
0 
0 
0 
0 
0 
0 
0 
0 
0 
0 
1 695 
0 
0 
0 
0 
0 
0 
0 
0 
0 
1 7 
0 
0 
0 
0 
0 
0 
0 
0 
0 
0 
0 
0 
0 
2 104 183 
0 
0 
0 
0 
1 71 
0 
0 
0 
0 
0 
0 
0 
0 
0 
0 
1 577 
0 
0 
0 
0 
0 
0 
0 
0 
1 343 
0 
0 
0 
0 
0 
0 
0 
0 
0 
0 
0 
0 
0 
0 
0 
0 
0 
0 
0 
0 
0 
0 
1 381 
0 
0 
0 
0 
0 
0 
0 
0 
0 
0 
0 
0 
0 
0 
1 624 
0 
0 
0 
0 
0 
0 
0 
0 
0 
0 
0 
0 
0 
2 56 233 
0 
0 
0 
0 
0 
0 
0 
0 
0 
0 
1 655 
0 
0 
0 
0 
0 
0 
0 
0 
0 
0 
0 
0 
0 
0 
0 
0 
0 
0 
0 
0 
0 
0 
0 
0 
0 
0 
0 
0 
0 
0 
0 
0 
0 
0 
0 
0 
0 
0 
0 
0 
0 
0 
0 
0 
0 
0 
0 
0 
0 
0 
0 
1 603 
0 
0 
0 
0 
0 
0 
0 
0 
0 
0 
0 
0 
0 
0 
2 117 438 
0 
1 122 
1 303 
0 
0 
0 
0 
0 
0 
0 
1 118 
0 
0 
0 
1 698 
0 
0 
0 
0 
0 
0 
0 
0 
0 
0 
1 562 
0 
0 
0 
0 
0 
0 
0 
0 
0 
0 
0 
0 
0 
0 
0 
0 
0 
0 
0 
0 
1 485 
0 
0 
0 
0 
0 
1 154 
0 
0 
0 
0 
0 
0 
0 
0 
0 
0 
0 
0 
0 
0 
0 
0 
0 
0 
0 
0 
0 
1 838 
1 91 
0 
1 510 
0 
0 
0 
0 
0 
0 
0 
0 
0 
0 
0 
0 
0 
0 
0 
0 
0 
0 
0 
0 
0 
0 
0 
1 92 
1 133 
0 
0 
0 
0 
0 
0 
0 
0 
0 
0 
1 325 
0 
0 
0 
1 398 
0 
0 
1 592 
0 
0 
0 
0 
0 
0 
0 
0 
0 
0 
0 
1 101 
0 
0 
0 
0 
0 
0 
0 
0 
0 
1 152 
0 
1 145 
0 
0 
1 206 
0 
0 
0 
0 
0 
0 
0 
0 
0 
0 
0 
0 
0 
0 
0 
0 
0 
0 
0 
0 
0 
1 194 
0 
0 
0 
0 
0 
0 
0 
0 
0 
0 
0 
0 
0 
0 
0 
0 
0 
0 
0 
1 109 
0 
0 
0 
0 
0 
0 
0 
0 
0 
0 
2 140 287 
0 
0 
0 
0 
0 
0 
0 
0 
0 
0 
0 
0 
0 
0 
0 
0 
0 
0 
0 
0 
0 
0 
0 
0 
0 
0 
0 
0 
0 
0 
0 
0 
0 
0 
0 
0 
0 
0 
0 
0 
0 
0 
0 
0 
0 
0 
1 269 
0 
0 
0 
0 
0 
0 
0 
0 
0 
0 
0 
0 
1 652 
0 
