550 20
0 
0 
0 
0 
0 
0 
0 
0 
0 
0 
0 
0 
0 
0 
0 
0 
0 
0 
0 
0 
0 
0 
0 
0 
0 
0 
0 
0 
0 
0 
0 
0 
0 
0 
0 
0 
1 520 
0 
0 
0 
0 
0 
1 333 
0 
0 
0 
0 
0 
0 
0 
0 
0 
0 
0 
0 
0 
0 
0 
0 
0 
0 
0 
1 289 
0 
0 
0 
0 
1 192 
0 
0 
0 
0 
0 
0 
0 
0 
0 
0 
0 
0 
1 481 
0 
0 
0 
1 476 
1 194 
0 
0 
1 451 
0 
0 
0 
0 
0 
0 
0 
0 
0 
0 
0 
0 
0 
0 
0 
0 
0 
0 
0 
0 
0 
0 
0 
0 
0 
0 
0 
0 
0 
0 
0 
0 
0 
0 
0 
0 
0 
0 
0 
0 
0 
0 
0 
0 
0 
0 
0 
0 
0 
0 
0 
0 
0 
0 
0 
0 
0 
0 
0 
0 
0 
0 
0 
0 
0 
1 156 
0 
1 154 
0 
0 
0 
1 420 
0 
0 
0 
0 
0 
0 
0 
0 
0 
0 
0 
1 249 
0 
0 
0 
0 
0 
0 
0 
0 
0 
1 466 
0 
0 
0 
0 
0 
0 
0 
0 
0 
1 67 
0 
1 85 
0 
0 
0 
0 
0 
0 
0 
0 
0 
0 
0 
0 
0 
0 
0 
0 
0 
0 
0 
0 
0 
0 
0 
0 
0 
0 
0 
0 
0 
0 
0 
0 
0 
0 
0 
0 
0 
0 
0 
0 
0 
0 
0 
0 
0 
0 
0 
0 
0 
0 
0 
0 
0 
0 
2 172 490 
0 
1 293 
0 
0 
0 
0 
0 
0 
0 
0 
1 406 
0 
0 
0 
0 
0 
0 
0 
0 
0 
0 
0 
0 
0 
0 
0 
0 
0 
0 
0 
0 
0 
0 
0 
0 
0 
0 
0 
0 
1 62 
0 
0 
0 
1 251 
0 
0 
0 
0 
0 
0 
1 397 
0 
0 
0 
0 
0 
0 
0 
0 
0 
0 
0 
0 
0 
0 
0 
0 
0 
0 
1 402 
0 
0 
0 
0 
1 406 
1 487 
0 
0 
0 
0 
0 
0 
0 
1 42 
0 
0 
0 
0 
0 
0 
0 
0 
0 
0 
0 
0 
0 
0 
0 
0 
0 
0 
0 
0 
0 
0 
0 
0 
0 
0 
0 
0 
0 
0 
0 
0 
0 
0 
0 
0 
0 
0 
0 
0 
0 
0 
0 
0 
0 
0 
0 
0 
0 
0 
0 
0 
0 
0 
0 
0 
0 
0 
0 
0 
0 
0 
0 
1 300 
0 
0 
0 
0 
1 319 
0 
0 
0 
2 260 324 
0 
0 
0 
0 
0 
0 
0 
0 
0 
0 
0 
0 
0 
1 160 
0 
0 
0 
0 
0 
0 
0 
0 
0 
0 
0 
0 
0 
0 
0 
0 
0 
0 
0 
0 
1 511 
0 
0 
0 
0 
0 
0 
0 
0 
0 
1 88 
0 
0 
0 
0 
0 
0 
0 
0 
0 
0 
0 
0 
0 
0 
1 182 
0 
0 
0 
0 
0 
0 
0 
0 
0 
1 84 
0 
0 
0 
0 
1 80 
0 
0 
0 
0 
0 
1 325 
0 
0 
1 249 
0 
0 
0 
0 
0 
0 
0 
0 
0 
0 
0 
0 
0 
0 
0 
0 
0 
0 
0 
0 
1 441 
0 
0 
0 
0 
0 
0 
0 
0 
1 36 
0 
0 
0 
0 
0 
0 
0 
0 
0 
0 
0 
0 
0 
0 
0 
0 
0 
0 
0 
0 
0 
0 
0 
0 
0 
0 
0 
0 
0 
550 21
0 
0 
0 
0 
0 
0 
0 
0 
0 
0 
0 
1 35 
0 
0 
0 
0 
0 
0 
1 435 
0 
0 
0 
0 
0 
0 
0 
0 
0 
0 
0 
0 
0 
0 
0 
0 
1 11 
0 
0 
0 
0 
0 
0 
0 
0 
0 
0 
0 
0 
0 
0 
0 
0 
0 
0 
0 
0 
1 308 
0 
0 
0 
0 
0 
0 
1 345 
0 
0 
0 
0 
0 
0 
0 
0 
0 
0 
0 
0 
0 
0 
1 112 
0 
0 
0 
0 
0 
0 
0 
0 
0 
0 
0 
1 158 
1 513 
0 
0 
0 
0 
0 
0 
0 
0 
0 
0 
0 
0 
0 
0 
0 
0 
0 
0 
1 124 
0 
1 78 
0 
1 322 
0 
0 
0 
0 
0 
0 
0 
0 
0 
1 110 
0 
0 
0 
0 
0 
1 331 
0 
0 
0 
0 
0 
0 
0 
0 
0 
0 
0 
0 
0 
0 
0 
0 
0 
1 340 
0 
0 
0 
0 
0 
0 
0 
0 
0 
1 90 
0 
0 
0 
1 254 
0 
0 
0 
0 
0 
0 
0 
0 
0 
0 
0 
0 
0 
0 
1 439 
0 
0 
0 
0 
0 
0 
0 
0 
0 
0 
0 
0 
0 
0 
0 
0 
0 
0 
0 
0 
0 
0 
0 
0 
0 
0 
0 
0 
0 
0 
0 
0 
0 
0 
0 
0 
0 
0 
0 
0 
1 506 
0 
0 
0 
0 
0 
0 
0 
0 
0 
0 
0 
0 
0 
0 
0 
0 
0 
0 
0 
0 
0 
0 
0 
0 
0 
0 
0 
0 
0 
0 
0 
0 
0 
0 
0 
1 162 
0 
0 
0 
0 
0 
0 
0 
0 
0 
0 
0 
0 
0 
0 
0 
0 
0 
0 
0 
0 
0 
0 
0 
0 
0 
0 
0 
0 
0 
0 
0 
1 530 
0 
0 
0 
0 
0 
0 
0 
0 
0 
0 
0 
0 
0 
0 
0 
0 
0 
0 
0 
0 
1 452 
1 56 
0 
0 
0 
0 
0 
0 
0 
0 
0 
0 
0 
0 
0 
1 114 
0 
0 
0 
0 
0 
0 
0 
0 
1 130 
0 
0 
0 
0 
0 
0 
0 
0 
1 148 
0 
0 
0 
0 
1 63 
0 
0 
0 
1 413 
0 
0 
0 
0 
0 
0 
0 
0 
0 
0 
0 
0 
0 
0 
0 
0 
1 527 
0 
0 
0 
0 
0 
0 
0 
0 
0 
0 
0 
0 
0 
0 
0 
0 
0 
0 
0 
0 
0 
0 
0 
0 
0 
0 
0 
0 
0 
0 
0 
0 
1 439 
0 
0 
0 
0 
0 
0 
0 
0 
0 
0 
0 
0 
0 
1 349 
0 
0 
1 425 
0 
0 
0 
0 
0 
0 
0 
0 
1 416 
0 
0 
0 
0 
0 
0 
0 
0 
0 
1 18 
0 
0 
0 
2 177 399 
0 
0 
0 
0 
0 
0 
0 
0 
0 
0 
0 
0 
1 307 
0 
0 
0 
0 
0 
0 
0 
0 
0 
0 
0 
0 
0 
0 
0 
0 
0 
0 
0 
0 
0 
0 
0 
0 
0 
0 
0 
0 
0 
0 
0 
0 
0 
0 
0 
0 
0 
0 
0 
0 
0 
0 
0 
0 
0 
0 
0 
0 
0 
0 
1 547 
0 
0 
1 218 
0 
0 
0 
0 
0 
0 
1 91 
0 
0 
0 
0 
0 
0 
0 
0 
0 
0 
0 
0 
0 
1 366 
0 
0 
1 286 
0 
0 
0 
0 
0 
0 
0 
0 
0 
0 
0 
0 
0 
0 
0 
0 
1 503 
0 
0 
