350 13
0 
0 
0 
0 
0 
0 
1 285 
0 
1 345 
0 
0 
0 
0 
0 
1 65 
0 
0 
0 
0 
0 
1 50 
0 
0 
0 
0 
0 
0 
1 217 
0 
0 
0 
0 
0 
0 
0 
1 232 
0 
0 
0 
0 
0 
1 191 
0 
0 
0 
0 
1 333 
0 
0 
0 
1 20 
0 
0 
0 
0 
0 
0 
0 
0 
0 
0 
1 257 
0 
0 
0 
1 14 
0 
0 
0 
0 
0 
0 
0 
0 
0 
0 
0 
0 
0 
0 
0 
1 275 
0 
0 
0 
0 
0 
0 
0 
0 
0 
0 
0 
0 
0 
0 
0 
0 
0 
0 
0 
0 
0 
0 
0 
0 
0 
0 
0 
0 
0 
0 
0 
0 
0 
0 
0 
0 
0 
0 
0 
0 
0 
0 
0 
0 
0 
0 
0 
0 
0 
0 
0 
0 
0 
0 
0 
0 
0 
0 
0 
0 
0 
0 
0 
0 
0 
0 
0 
0 
0 
0 
0 
0 
0 
0 
0 
0 
0 
0 
0 
0 
0 
0 
0 
0 
0 
0 
0 
0 
0 
0 
0 
0 
0 
0 
0 
0 
0 
0 
0 
0 
0 
0 
0 
0 
0 
0 
0 
0 
0 
1 41 
0 
0 
0 
0 
0 
0 
0 
0 
0 
0 
0 
0 
0 
0 
0 
1 252 
0 
0 
0 
1 279 
0 
0 
0 
0 
0 
1 27 
0 
0 
0 
0 
0 
0 
0 
0 
0 
0 
0 
0 
0 
0 
1 35 
0 
0 
0 
0 
0 
0 
0 
0 
0 
0 
0 
0 
0 
0 
0 
0 
0 
0 
0 
1 207 
0 
0 
0 
0 
1 61 
0 
0 
0 
0 
0 
0 
0 
0 
0 
0 
0 
1 282 
0 
0 
0 
0 
0 
1 81 
0 
0 
0 
1 211 
0 
0 
1 269 
0 
0 
1 6 
0 
0 
0 
0 
0 
0 
0 
0 
0 
0 
0 
0 
0 
0 
0 
0 
0 
0 
0 
0 
0 
0 
0 
0 
0 
0 
0 
0 
0 
0 
0 
0 
0 
0 
0 
0 
0 
0 
0 
0 
0 
0 
0 
0 
0 
0 
0 
1 46 
0 
0 
0 
0 
0 
0 
0 
0 
0 
0 
0 
1 8 
0 
0 
0 
0 
350 25
0 
1 89 
1 89 
0 
0 
0 
0 
0 
0 
0 
0 
0 
1 344 
0 
0 
0 
0 
0 
0 
0 
0 
0 
0 
0 
0 
0 
1 172 
0 
0 
0 
0 
0 
0 
0 
0 
0 
2 78 104 
0 
0 
0 
0 
0 
0 
0 
0 
0 
0 
0 
0 
0 
0 
0 
1 213 
0 
0 
1 86 
1 165 
0 
2 86 252 
1 255 
0 
0 
0 
0 
0 
0 
1 124 
0 
0 
0 
0 
0 
0 
0 
0 
0 
0 
0 
2 36 237 
0 
0 
0 
0 
0 
0 
1 152 
2 55 58 
0 
0 
2 1 2 
1 133 
0 
0 
0 
0 
0 
0 
1 219 
0 
0 
0 
0 
1 334 
0 
1 36 
0 
0 
0 
0 
0 
0 
0 
0 
0 
0 
0 
1 148 
0 
0 
0 
0 
0 
0 
0 
1 66 
0 
0 
0 
0 
0 
0 
0 
0 
1 90 
0 
0 
0 
0 
0 
0 
0 
0 
0 
0 
1 344 
0 
1 211 
0 
1 116 
0 
0 
0 
1 85 
0 
0 
0 
0 
0 
0 
0 
0 
0 
0 
0 
0 
1 56 
0 
0 
0 
0 
0 
0 
1 26 
1 198 
0 
0 
0 
0 
0 
0 
0 
0 
0 
0 
0 
0 
0 
0 
0 
0 
0 
0 
0 
0 
0 
0 
0 
0 
1 173 
0 
0 
0 
0 
0 
0 
0 
0 
0 
0 
0 
0 
1 146 
0 
1 52 
0 
0 
0 
0 
0 
1 97 
0 
0 
0 
0 
0 
0 
0 
0 
0 
0 
1 300 
0 
1 254 
0 
0 
0 
0 
1 78 
0 
0 
0 
0 
0 
0 
0 
0 
0 
0 
0 
0 
0 
0 
1 58 
0 
1 232 
1 59 
0 
0 
0 
0 
0 
0 
0 
0 
0 
0 
0 
0 
0 
0 
0 
0 
0 
0 
0 
0 
0 
0 
0 
0 
0 
0 
0 
0 
0 
0 
0 
1 328 
0 
0 
0 
0 
0 
0 
0 
0 
0 
0 
0 
0 
1 230 
0 
0 
0 
0 
0 
0 
0 
0 
0 
0 
0 
0 
0 
0 
0 
0 
0 
0 
0 
0 
0 
0 
0 
0 
0 
0 
0 
1 287 
0 
0 
0 
0 
0 
1 102 
0 
0 
0 
0 
0 
0 
0 
0 
0 
2 12 144 
0 
0 
0 
0 
0 
