200 13
0 
0 
0 
0 
0 
0 
0 
0 
1 48 
0 
0 
0 
1 48 
0 
0 
0 
1 53 
0 
0 
0 
0 
0 
0 
0 
0 
1 196 
0 
0 
0 
0 
0 
0 
0 
0 
0 
0 
0 
1 160 
0 
0 
0 
0 
0 
0 
0 
0 
0 
0 
2 8 12 
0 
0 
0 
0 
2 16 146 
0 
0 
0 
0 
0 
0 
0 
0 
0 
0 
0 
0 
0 
0 
0 
0 
0 
0 
1 117 
0 
0 
0 
0 
0 
0 
0 
0 
0 
0 
0 
1 140 
0 
0 
1 154 
0 
0 
0 
0 
0 
0 
0 
0 
0 
0 
0 
0 
0 
0 
0 
1 165 
0 
0 
0 
0 
0 
0 
0 
0 
0 
0 
0 
0 
0 
1 72 
0 
0 
0 
1 137 
1 197 
0 
0 
0 
0 
0 
0 
0 
0 
0 
0 
0 
0 
0 
0 
1 121 
0 
0 
1 84 
0 
0 
0 
0 
0 
1 53 
0 
0 
0 
0 
0 
0 
0 
1 87 
0 
0 
0 
0 
0 
1 37 
0 
0 
0 
0 
1 103 
0 
0 
0 
0 
0 
0 
0 
0 
0 
0 
0 
1 185 
0 
0 
0 
0 
0 
0 
0 
1 177 
0 
0 
0 
0 
0 
0 
0 
0 
0 
0 
1 25 
1 122 
0 
0 
200 6
0 
0 
0 
0 
0 
0 
0 
0 
0 
1 163 
1 97 
0 
0 
0 
0 
0 
0 
0 
0 
0 
0 
0 
0 
0 
1 49 
0 
0 
0 
1 157 
0 
0 
0 
0 
1 34 
1 33 
0 
0 
0 
0 
0 
0 
0 
0 
0 
0 
0 
0 
0 
0 
1 24 
0 
0 
0 
0 
0 
0 
0 
0 
0 
0 
0 
0 
0 
0 
0 
0 
0 
0 
0 
0 
0 
0 
0 
0 
0 
0 
0 
0 
0 
0 
0 
0 
0 
0 
0 
0 
0 
0 
0 
0 
0 
0 
0 
0 
0 
0 
0 
1 10 
0 
0 
0 
0 
0 
0 
0 
0 
0 
0 
0 
0 
0 
0 
0 
0 
0 
0 
0 
0 
0 
0 
0 
0 
0 
0 
0 
0 
0 
0 
0 
0 
0 
0 
0 
0 
0 
0 
0 
0 
0 
0 
0 
0 
0 
0 
0 
0 
0 
0 
0 
0 
0 
0 
0 
0 
0 
0 
0 
1 28 
0 
0 
0 
0 
0 
1 9 
0 
0 
0 
0 
0 
0 
0 
0 
0 
0 
0 
0 
0 
0 
0 
0 
0 
0 
0 
1 198 
0 
0 
0 
0 
0 
0 
0 
0 
0 
0 
0 
0 
0 
0 
1 183 
0 
