510 22
0 
0 
0 
1 384 
0 
0 
0 
0 
0 
0 
0 
0 
0 
0 
0 
0 
0 
0 
0 
0 
0 
0 
0 
0 
0 
0 
0 
0 
0 
0 
0 
0 
0 
0 
0 
0 
0 
0 
0 
0 
1 78 
0 
0 
0 
0 
0 
1 155 
0 
0 
0 
0 
0 
0 
0 
0 
0 
0 
0 
0 
0 
0 
0 
0 
0 
0 
0 
0 
0 
1 108 
0 
0 
0 
0 
1 241 
0 
0 
0 
0 
1 40 
0 
0 
0 
0 
0 
0 
0 
0 
0 
1 285 
0 
0 
0 
1 472 
1 238 
0 
0 
0 
1 227 
0 
0 
0 
0 
0 
0 
0 
0 
0 
0 
1 68 
0 
0 
0 
0 
0 
0 
0 
0 
0 
0 
0 
0 
0 
0 
0 
0 
0 
0 
0 
0 
0 
0 
0 
0 
0 
0 
0 
0 
0 
0 
0 
0 
0 
0 
0 
0 
0 
0 
0 
0 
0 
0 
0 
0 
0 
0 
1 46 
0 
0 
0 
0 
0 
0 
0 
0 
0 
0 
0 
0 
0 
0 
0 
1 434 
0 
0 
0 
0 
0 
0 
0 
1 379 
0 
0 
0 
0 
0 
0 
0 
0 
0 
0 
0 
0 
0 
1 283 
0 
0 
0 
0 
0 
0 
0 
0 
0 
0 
0 
1 501 
0 
0 
0 
0 
0 
0 
0 
0 
0 
0 
0 
0 
0 
0 
0 
0 
0 
0 
0 
0 
0 
1 97 
0 
0 
0 
0 
0 
0 
0 
0 
0 
0 
1 93 
0 
0 
1 73 
0 
0 
0 
0 
0 
0 
0 
0 
0 
0 
0 
0 
0 
0 
1 400 
0 
0 
0 
0 
1 477 
0 
0 
0 
0 
0 
0 
0 
0 
0 
0 
0 
0 
0 
0 
0 
0 
0 
0 
0 
0 
0 
1 193 
0 
1 88 
0 
0 
0 
0 
0 
1 433 
0 
1 400 
0 
0 
0 
0 
0 
0 
0 
0 
0 
0 
0 
0 
1 433 
0 
0 
0 
0 
0 
0 
0 
0 
0 
0 
0 
0 
0 
0 
0 
0 
0 
0 
0 
0 
0 
0 
0 
0 
0 
0 
0 
0 
0 
0 
0 
0 
0 
0 
0 
0 
0 
0 
0 
0 
0 
0 
0 
0 
0 
0 
0 
0 
0 
0 
0 
0 
0 
0 
0 
0 
0 
0 
0 
0 
0 
0 
1 391 
0 
0 
0 
0 
0 
0 
0 
0 
0 
1 179 
0 
0 
0 
0 
1 3 
0 
0 
0 
0 
0 
0 
1 369 
0 
0 
0 
0 
0 
0 
0 
0 
2 256 293 
0 
0 
0 
0 
0 
1 460 
0 
0 
0 
0 
0 
0 
0 
0 
0 
0 
0 
1 441 
0 
0 
1 479 
0 
0 
0 
0 
0 
0 
0 
0 
0 
0 
0 
2 291 306 
1 171 
0 
0 
0 
0 
0 
0 
1 418 
0 
0 
0 
0 
0 
0 
0 
0 
0 
0 
0 
0 
0 
0 
0 
0 
0 
0 
1 406 
0 
0 
0 
0 
0 
0 
0 
0 
0 
0 
0 
1 92 
0 
0 
0 
0 
1 261 
0 
1 421 
0 
0 
0 
0 
0 
0 
0 
0 
0 
0 
0 
0 
0 
0 
0 
0 
0 
0 
0 
0 
0 
1 205 
0 
0 
0 
0 
0 
0 
0 
0 
510 17
0 
0 
0 
0 
0 
0 
0 
0 
0 
0 
0 
0 
0 
0 
0 
0 
0 
0 
0 
0 
0 
0 
0 
0 
0 
0 
0 
0 
0 
0 
0 
1 81 
0 
0 
0 
0 
0 
0 
0 
0 
0 
0 
0 
0 
0 
0 
0 
0 
0 
0 
0 
0 
0 
0 
0 
0 
1 280 
0 
0 
0 
0 
0 
0 
0 
0 
1 386 
0 
0 
0 
0 
0 
0 
0 
0 
0 
0 
0 
0 
0 
0 
0 
1 31 
0 
0 
0 
0 
0 
0 
0 
0 
0 
0 
0 
0 
0 
0 
0 
0 
0 
0 
0 
0 
0 
0 
0 
0 
0 
0 
0 
0 
0 
1 353 
0 
0 
0 
0 
0 
0 
0 
0 
1 276 
0 
0 
0 
0 
0 
0 
0 
0 
0 
0 
0 
0 
0 
0 
0 
0 
0 
1 382 
0 
0 
0 
0 
0 
0 
0 
0 
0 
0 
0 
0 
0 
0 
0 
1 202 
0 
1 308 
0 
0 
0 
0 
0 
0 
0 
0 
0 
0 
0 
0 
0 
0 
0 
0 
0 
0 
0 
0 
0 
0 
0 
1 259 
0 
1 268 
0 
0 
0 
1 250 
0 
0 
0 
0 
1 434 
0 
0 
0 
0 
0 
0 
0 
0 
0 
0 
1 154 
0 
0 
0 
0 
0 
1 230 
0 
0 
0 
0 
0 
0 
0 
0 
0 
0 
0 
0 
0 
0 
0 
0 
0 
0 
0 
0 
0 
1 208 
0 
0 
1 410 
0 
0 
0 
0 
0 
0 
0 
0 
0 
0 
0 
0 
0 
0 
0 
0 
1 186 
0 
0 
0 
1 268 
0 
0 
0 
0 
1 180 
0 
0 
0 
0 
0 
0 
0 
0 
2 182 254 
0 
0 
0 
0 
0 
0 
0 
1 120 
0 
1 318 
0 
1 56 
0 
0 
0 
0 
0 
0 
0 
0 
0 
0 
0 
0 
0 
0 
0 
0 
0 
0 
0 
0 
0 
0 
0 
0 
0 
0 
0 
1 156 
0 
0 
0 
0 
0 
0 
0 
0 
0 
1 278 
0 
0 
0 
0 
0 
0 
0 
0 
0 
0 
0 
0 
0 
0 
0 
0 
0 
0 
0 
0 
0 
0 
0 
0 
0 
0 
0 
0 
0 
0 
0 
0 
0 
1 457 
1 111 
0 
0 
0 
0 
0 
0 
0 
0 
0 
0 
0 
0 
0 
0 
0 
0 
0 
0 
0 
0 
0 
0 
0 
0 
0 
0 
0 
0 
1 138 
0 
0 
0 
1 65 
0 
0 
0 
0 
0 
0 
0 
0 
0 
0 
0 
0 
0 
0 
0 
0 
0 
0 
0 
0 
0 
0 
0 
1 233 
0 
0 
0 
0 
0 
0 
0 
0 
0 
0 
0 
0 
0 
0 
0 
0 
0 
0 
0 
0 
0 
0 
0 
1 191 
0 
0 
0 
0 
0 
0 
0 
0 
0 
0 
0 
0 
0 
0 
0 
0 
0 
0 
0 
0 
0 
0 
1 352 
0 
0 
0 
0 
0 
0 
0 
0 
0 
0 
0 
0 
0 
0 
0 
0 
0 
0 
0 
0 
0 
0 
0 
0 
0 
0 
0 
0 
0 
0 
0 
0 
0 
0 
0 
0 
0 
0 
0 
0 
0 
0 
0 
0 
0 
0 
0 
0 
0 
0 
0 
0 
