700 38
0 
0 
1 180 
0 
0 
0 
0 
0 
1 67 
0 
0 
0 
0 
0 
0 
0 
0 
0 
0 
0 
0 
0 
0 
0 
1 582 
0 
0 
0 
0 
0 
1 128 
0 
0 
0 
0 
0 
0 
0 
0 
1 264 
0 
0 
0 
0 
0 
0 
0 
0 
0 
1 269 
0 
0 
0 
0 
0 
0 
0 
0 
0 
0 
0 
0 
0 
0 
0 
0 
0 
1 8 
0 
0 
0 
0 
0 
0 
0 
0 
0 
0 
1 600 
0 
0 
0 
0 
0 
0 
0 
0 
0 
0 
0 
2 360 551 
0 
0 
0 
0 
1 396 
0 
0 
0 
0 
0 
0 
0 
0 
0 
0 
0 
0 
1 548 
0 
0 
1 421 
0 
0 
0 
0 
0 
0 
0 
0 
0 
0 
1 187 
1 538 
0 
1 667 
0 
0 
1 30 
0 
0 
0 
0 
0 
0 
0 
0 
0 
0 
0 
0 
0 
1 655 
0 
0 
0 
0 
0 
0 
0 
0 
0 
0 
0 
0 
0 
0 
0 
0 
1 390 
0 
1 342 
0 
0 
0 
0 
0 
0 
0 
0 
0 
0 
0 
0 
0 
0 
0 
0 
0 
0 
1 2 
0 
0 
0 
0 
0 
0 
1 122 
0 
0 
0 
1 205 
0 
0 
0 
0 
0 
0 
0 
0 
0 
0 
0 
0 
0 
1 191 
0 
0 
0 
0 
0 
0 
0 
0 
0 
0 
0 
1 474 
1 287 
0 
0 
1 548 
0 
0 
0 
0 
0 
0 
0 
0 
0 
0 
0 
0 
0 
0 
0 
0 
0 
0 
0 
0 
0 
1 251 
0 
0 
0 
1 294 
0 
0 
0 
1 243 
0 
0 
0 
0 
0 
0 
0 
0 
0 
0 
0 
0 
1 39 
0 
0 
0 
0 
1 49 
0 
0 
0 
0 
0 
0 
0 
0 
0 
0 
0 
0 
0 
0 
0 
0 
0 
1 218 
0 
0 
0 
0 
0 
0 
1 247 
0 
0 
0 
0 
0 
0 
0 
0 
0 
0 
0 
0 
0 
0 
0 
0 
0 
0 
0 
0 
1 664 
0 
0 
0 
0 
0 
0 
0 
0 
0 
0 
0 
0 
0 
0 
0 
0 
0 
0 
0 
0 
0 
0 
0 
0 
0 
0 
1 161 
0 
1 518 
0 
0 
0 
0 
0 
0 
0 
0 
0 
0 
1 604 
0 
0 
0 
1 495 
1 90 
0 
0 
0 
0 
0 
0 
0 
0 
0 
0 
0 
0 
0 
0 
0 
0 
0 
0 
0 
0 
1 544 
0 
0 
0 
0 
0 
0 
0 
0 
1 159 
0 
0 
0 
0 
0 
1 95 
0 
0 
0 
0 
0 
0 
0 
0 
0 
0 
0 
0 
0 
0 
0 
0 
0 
0 
0 
0 
0 
0 
0 
0 
1 111 
0 
0 
0 
0 
0 
0 
0 
0 
0 
0 
0 
0 
0 
0 
0 
0 
0 
0 
0 
0 
1 654 
0 
0 
0 
0 
0 
0 
0 
0 
0 
1 478 
0 
0 
0 
0 
0 
0 
0 
0 
0 
0 
0 
0 
0 
0 
0 
0 
0 
0 
0 
0 
0 
1 217 
0 
0 
0 
1 452 
0 
0 
1 582 
0 
1 583 
0 
0 
2 648 665 
0 
0 
0 
0 
0 
0 
0 
0 
1 359 
0 
0 
0 
0 
0 
0 
0 
0 
0 
0 
0 
0 
0 
0 
0 
0 
0 
0 
0 
0 
0 
0 
1 344 
0 
0 
0 
0 
0 
0 
0 
0 
0 
0 
0 
0 
0 
0 
0 
0 
0 
0 
0 
1 123 
0 
0 
0 
0 
0 
1 381 
0 
0 
0 
2 108 221 
0 
0 
1 90 
0 
0 
0 
0 
0 
0 
0 
0 
0 
0 
0 
0 
0 
0 
0 
0 
0 
0 
0 
0 
0 
0 
1 603 
0 
0 
0 
0 
0 
0 
0 
2 24 481 
1 483 
0 
0 
0 
0 
0 
0 
1 685 
0 
0 
0 
0 
0 
0 
0 
0 
0 
1 78 
0 
0 
1 574 
1 355 
0 
0 
0 
0 
0 
0 
0 
0 
0 
0 
0 
0 
0 
0 
0 
0 
0 
0 
0 
0 
0 
0 
0 
0 
0 
0 
0 
0 
0 
0 
0 
0 
0 
0 
0 
0 
0 
0 
0 
0 
0 
0 
0 
1 486 
0 
0 
0 
0 
0 
1 442 
1 142 
0 
0 
0 
0 
0 
0 
0 
0 
1 315 
1 486 
0 
1 125 
0 
0 
0 
1 693 
0 
0 
0 
0 
0 
0 
0 
0 
0 
0 
0 
0 
0 
1 590 
0 
0 
0 
0 
0 
0 
0 
1 671 
0 
0 
0 
0 
0 
0 
700 40
0 
0 
0 
0 
0 
0 
0 
0 
0 
0 
0 
0 
0 
0 
0 
0 
0 
0 
0 
0 
0 
0 
0 
0 
0 
0 
0 
0 
0 
0 
0 
0 
0 
0 
0 
0 
0 
3 54 268 293 
0 
0 
0 
0 
0 
0 
0 
0 
0 
0 
1 224 
0 
0 
0 
1 664 
0 
1 37 
0 
0 
0 
0 
1 457 
0 
0 
0 
0 
0 
0 
0 
0 
0 
0 
0 
0 
1 460 
0 
0 
0 
0 
0 
0 
0 
0 
0 
0 
0 
1 618 
0 
0 
0 
0 
0 
0 
0 
1 417 
0 
1 316 
0 
0 
0 
0 
0 
1 606 
0 
0 
0 
0 
0 
0 
0 
1 501 
2 225 256 
0 
0 
0 
0 
0 
0 
0 
0 
0 
0 
0 
0 
0 
0 
0 
0 
0 
0 
0 
0 
0 
0 
0 
0 
0 
0 
0 
0 
0 
0 
1 697 
0 
0 
0 
0 
0 
0 
0 
0 
0 
0 
1 685 
0 
0 
0 
0 
0 
0 
0 
0 
0 
0 
0 
0 
0 
1 580 
0 
0 
0 
0 
0 
0 
0 
0 
0 
0 
0 
0 
0 
0 
0 
0 
0 
0 
1 568 
0 
1 501 
0 
0 
0 
0 
0 
0 
0 
0 
0 
0 
0 
0 
0 
0 
0 
0 
0 
0 
0 
0 
0 
0 
0 
0 
0 
0 
0 
0 
0 
0 
0 
0 
0 
0 
1 589 
0 
0 
1 48 
1 109 
0 
0 
0 
0 
0 
0 
0 
0 
0 
0 
0 
0 
0 
0 
0 
0 
0 
1 278 
0 
0 
0 
0 
0 
0 
0 
0 
0 
0 
0 
0 
2 109 599 
0 
0 
0 
0 
0 
0 
0 
0 
0 
0 
0 
1 37 
0 
0 
0 
0 
0 
0 
0 
0 
0 
1 243 
0 
1 406 
0 
0 
0 
0 
0 
0 
0 
0 
0 
0 
0 
0 
1 37 
0 
0 
0 
0 
1 437 
0 
1 590 
0 
1 611 
0 
0 
0 
0 
0 
0 
0 
0 
0 
0 
0 
0 
0 
1 94 
0 
0 
0 
0 
0 
0 
0 
0 
1 654 
0 
0 
0 
0 
0 
0 
0 
0 
0 
0 
0 
0 
0 
0 
0 
0 
0 
0 
0 
0 
0 
0 
0 
0 
0 
0 
0 
0 
2 379 421 
0 
0 
1 439 
0 
0 
0 
0 
0 
0 
0 
0 
0 
0 
0 
0 
0 
0 
0 
0 
0 
0 
0 
0 
0 
1 354 
0 
0 
0 
0 
1 607 
0 
0 
0 
0 
0 
1 657 
0 
0 
0 
0 
0 
0 
0 
0 
0 
0 
0 
0 
0 
0 
0 
1 280 
0 
0 
0 
0 
0 
0 
0 
0 
0 
0 
1 92 
1 520 
0 
0 
1 354 
0 
1 463 
0 
1 556 
0 
0 
0 
0 
0 
0 
0 
0 
0 
0 
0 
1 298 
0 
1 357 
0 
0 
0 
0 
0 
0 
0 
0 
0 
0 
0 
0 
0 
0 
0 
0 
0 
1 59 
0 
0 
1 72 
0 
0 
1 423 
0 
1 506 
0 
0 
0 
0 
0 
0 
0 
0 
0 
0 
0 
0 
0 
0 
0 
0 
0 
0 
0 
0 
0 
0 
0 
0 
0 
0 
0 
0 
0 
0 
0 
0 
0 
0 
0 
2 108 186 
0 
0 
0 
0 
1 465 
0 
0 
0 
0 
1 653 
1 556 
0 
0 
0 
0 
0 
0 
0 
1 418 
0 
0 
0 
0 
0 
0 
0 
0 
0 
0 
0 
0 
0 
0 
0 
0 
0 
0 
0 
0 
0 
0 
0 
0 
0 
0 
0 
0 
0 
0 
0 
0 
0 
0 
0 
2 425 512 
0 
0 
0 
0 
0 
0 
0 
0 
0 
0 
0 
1 184 
0 
0 
0 
0 
0 
0 
0 
0 
0 
0 
0 
1 165 
0 
0 
0 
0 
0 
0 
1 622 
0 
1 221 
1 300 
0 
0 
0 
0 
0 
0 
0 
0 
1 256 
0 
0 
0 
0 
0 
0 
1 100 
1 384 
0 
0 
0 
1 302 
0 
0 
0 
0 
0 
0 
1 84 
0 
0 
0 
1 587 
0 
1 666 
0 
0 
0 
0 
0 
0 
0 
0 
0 
0 
0 
0 
0 
0 
0 
0 
0 
0 
0 
0 
0 
0 
0 
0 
0 
0 
0 
0 
1 511 
1 325 
0 
0 
1 390 
0 
0 
0 
0 
0 
0 
1 52 
0 
1 624 
0 
0 
0 
0 
0 
0 
0 
0 
0 
0 
0 
0 
0 
0 
0 
0 
0 
0 
1 151 
0 
0 
0 
0 
0 
0 
0 
0 
0 
0 
0 
1 140 
0 
0 
