110 8
0 
0 
0 
0 
0 
0 
0 
0 
0 
0 
0 
1 84 
0 
0 
0 
1 89 
0 
0 
0 
0 
0 
0 
0 
0 
1 42 
0 
0 
0 
0 
0 
0 
0 
0 
1 65 
1 60 
0 
0 
0 
0 
0 
0 
0 
1 24 
0 
0 
0 
0 
0 
0 
0 
0 
0 
0 
0 
0 
1 107 
0 
0 
0 
0 
1 34 
1 88 
0 
0 
0 
1 33 
0 
0 
0 
0 
0 
0 
0 
0 
0 
0 
0 
0 
0 
0 
0 
0 
0 
0 
1 11 
1 88 
0 
0 
2 61 85 
1 15 
0 
0 
0 
0 
0 
0 
0 
0 
0 
0 
0 
0 
0 
0 
0 
0 
0 
1 55 
0 
0 
110 4
0 
0 
0 
0 
0 
0 
0 
1 90 
0 
0 
0 
0 
0 
0 
0 
0 
0 
0 
0 
0 
0 
0 
0 
0 
1 61 
0 
0 
0 
0 
0 
0 
0 
0 
0 
0 
1 82 
0 
0 
0 
0 
0 
0 
0 
0 
0 
0 
0 
0 
0 
0 
0 
0 
0 
0 
0 
0 
0 
0 
0 
0 
0 
1 24 
0 
0 
0 
0 
0 
0 
0 
0 
0 
0 
0 
0 
0 
0 
0 
0 
0 
0 
0 
0 
1 35 
0 
0 
0 
0 
0 
0 
0 
2 7 107 
0 
0 
0 
0 
0 
0 
0 
0 
0 
0 
0 
0 
0 
0 
0 
0 
1 90 
0 
0 
