870 42
0 
0 
1 692 
0 
0 
0 
0 
0 
0 
0 
0 
0 
0 
0 
0 
0 
0 
0 
0 
1 630 
0 
0 
0 
0 
0 
1 41 
0 
0 
0 
0 
0 
0 
0 
0 
0 
0 
1 620 
0 
0 
0 
0 
1 25 
0 
0 
0 
0 
0 
0 
0 
0 
0 
1 767 
0 
0 
0 
0 
0 
0 
0 
0 
1 829 
0 
0 
0 
0 
0 
0 
0 
0 
0 
0 
0 
0 
0 
0 
0 
0 
0 
0 
0 
0 
0 
0 
0 
0 
0 
0 
0 
0 
0 
0 
0 
0 
0 
0 
0 
1 726 
1 835 
0 
0 
0 
0 
0 
0 
0 
0 
1 758 
1 689 
0 
0 
0 
0 
0 
0 
0 
0 
0 
0 
0 
0 
0 
0 
0 
0 
0 
0 
1 384 
0 
0 
0 
0 
0 
0 
0 
1 733 
0 
0 
0 
0 
0 
0 
0 
0 
1 438 
0 
0 
0 
0 
0 
0 
0 
0 
0 
0 
0 
0 
0 
0 
0 
0 
0 
0 
1 671 
0 
0 
0 
1 391 
0 
0 
0 
0 
1 553 
0 
0 
0 
0 
0 
0 
1 574 
0 
0 
0 
0 
0 
0 
0 
0 
0 
0 
0 
0 
0 
0 
0 
0 
0 
1 479 
0 
0 
0 
0 
0 
0 
0 
0 
0 
0 
0 
0 
0 
0 
0 
0 
0 
0 
0 
0 
0 
0 
0 
1 827 
0 
0 
0 
0 
0 
0 
0 
0 
0 
1 860 
1 532 
0 
0 
0 
0 
0 
1 693 
1 431 
0 
0 
0 
0 
0 
0 
0 
0 
0 
0 
0 
0 
0 
0 
1 340 
0 
0 
0 
0 
1 655 
0 
0 
0 
0 
0 
0 
0 
0 
0 
0 
0 
0 
0 
0 
0 
0 
0 
0 
0 
0 
0 
0 
0 
0 
0 
0 
0 
0 
0 
0 
0 
0 
0 
0 
0 
0 
0 
0 
0 
0 
0 
0 
0 
0 
0 
0 
0 
1 317 
1 646 
0 
0 
0 
0 
0 
0 
0 
0 
0 
1 306 
0 
0 
0 
0 
0 
0 
0 
0 
0 
0 
0 
0 
0 
0 
0 
0 
0 
0 
0 
0 
0 
0 
2 253 693 
0 
0 
0 
0 
0 
1 588 
0 
0 
0 
0 
0 
1 522 
0 
0 
0 
0 
0 
1 832 
0 
0 
0 
0 
0 
0 
0 
0 
0 
0 
0 
0 
0 
0 
0 
0 
0 
0 
0 
0 
0 
0 
0 
0 
0 
2 126 660 
0 
0 
0 
0 
0 
0 
1 166 
0 
0 
0 
1 451 
1 842 
0 
0 
0 
0 
0 
0 
0 
0 
0 
0 
0 
0 
0 
1 462 
0 
0 
0 
0 
0 
0 
0 
0 
0 
0 
0 
0 
0 
0 
0 
0 
0 
0 
0 
0 
1 238 
0 
0 
0 
0 
0 
0 
1 143 
0 
0 
0 
0 
0 
0 
0 
0 
0 
0 
0 
0 
1 395 
0 
0 
0 
0 
0 
0 
0 
0 
0 
0 
1 410 
0 
0 
0 
0 
0 
0 
0 
0 
0 
0 
0 
0 
0 
0 
0 
0 
1 196 
0 
0 
0 
0 
0 
0 
0 
0 
0 
0 
0 
0 
0 
0 
0 
0 
0 
0 
0 
0 
0 
0 
0 
0 
0 
0 
0 
0 
0 
0 
0 
0 
0 
0 
0 
0 
0 
0 
0 
0 
0 
0 
1 352 
0 
0 
0 
0 
0 
0 
0 
0 
0 
1 231 
0 
0 
0 
0 
0 
0 
0 
0 
0 
0 
0 
0 
0 
0 
0 
0 
0 
0 
0 
0 
1 171 
0 
0 
0 
0 
0 
0 
0 
0 
0 
0 
1 727 
0 
0 
0 
0 
0 
1 704 
0 
0 
0 
1 178 
0 
0 
0 
0 
0 
0 
0 
1 609 
1 676 
0 
0 
0 
0 
1 346 
0 
0 
0 
0 
0 
0 
0 
0 
0 
0 
0 
0 
0 
0 
0 
0 
0 
0 
0 
0 
1 582 
0 
0 
0 
0 
0 
0 
0 
0 
0 
0 
1 36 
0 
0 
0 
0 
0 
0 
0 
0 
0 
1 19 
0 
0 
0 
0 
0 
0 
1 747 
0 
0 
0 
0 
0 
0 
0 
0 
1 307 
0 
0 
0 
0 
0 
0 
0 
0 
1 258 
0 
0 
0 
1 809 
1 384 
0 
0 
0 
0 
0 
0 
0 
0 
0 
0 
1 162 
0 
0 
0 
0 
1 583 
0 
0 
0 
0 
0 
0 
0 
0 
0 
0 
0 
0 
1 107 
0 
0 
1 2 
2 237 340 
0 
0 
0 
0 
0 
0 
0 
0 
0 
0 
1 570 
0 
0 
0 
0 
0 
0 
0 
0 
0 
0 
0 
0 
0 
0 
0 
0 
0 
0 
0 
0 
0 
1 96 
1 564 
0 
0 
0 
0 
0 
1 134 
0 
0 
0 
0 
0 
0 
0 
0 
0 
0 
0 
0 
0 
1 637 
0 
0 
0 
0 
0 
0 
0 
0 
0 
0 
1 106 
0 
0 
0 
0 
0 
0 
0 
1 854 
1 51 
0 
0 
0 
0 
0 
0 
0 
0 
0 
0 
0 
0 
0 
0 
0 
0 
0 
0 
0 
0 
0 
0 
0 
0 
0 
0 
0 
0 
0 
0 
0 
0 
0 
0 
0 
0 
0 
0 
0 
0 
0 
1 659 
0 
0 
0 
0 
0 
0 
0 
0 
0 
0 
0 
0 
0 
0 
0 
0 
0 
1 220 
0 
1 60 
0 
0 
1 358 
0 
0 
1 97 
0 
0 
0 
0 
0 
0 
1 396 
0 
0 
0 
0 
0 
0 
0 
0 
0 
0 
0 
1 766 
0 
0 
0 
0 
0 
1 230 
0 
0 
0 
0 
0 
0 
0 
0 
0 
870 46
0 
0 
0 
0 
0 
0 
1 682 
0 
0 
0 
0 
0 
0 
0 
0 
0 
0 
0 
0 
0 
0 
0 
1 342 
0 
0 
0 
0 
1 650 
0 
0 
0 
1 630 
0 
0 
0 
0 
0 
0 
0 
0 
0 
0 
0 
0 
0 
0 
0 
0 
0 
0 
0 
1 777 
0 
1 726 
0 
1 724 
0 
0 
0 
0 
0 
0 
1 280 
0 
1 847 
0 
0 
0 
0 
0 
0 
0 
0 
0 
0 
0 
0 
0 
1 457 
0 
0 
0 
0 
0 
0 
0 
0 
0 
0 
0 
0 
0 
1 161 
0 
0 
0 
0 
0 
0 
0 
0 
0 
0 
0 
0 
0 
0 
0 
0 
0 
0 
0 
0 
1 492 
0 
0 
0 
0 
1 388 
1 231 
0 
0 
0 
0 
0 
0 
0 
0 
1 279 
0 
0 
0 
0 
0 
0 
0 
0 
0 
0 
0 
0 
0 
0 
0 
0 
1 219 
1 788 
0 
0 
0 
0 
0 
0 
0 
0 
0 
0 
0 
0 
0 
0 
1 92 
0 
0 
1 288 
0 
0 
0 
1 740 
0 
0 
0 
0 
0 
0 
1 313 
0 
1 604 
0 
0 
0 
0 
0 
1 846 
0 
0 
0 
0 
0 
0 
0 
0 
0 
0 
0 
0 
0 
0 
0 
0 
0 
0 
0 
0 
0 
0 
1 849 
0 
0 
0 
0 
1 851 
0 
0 
0 
0 
0 
0 
0 
1 145 
0 
1 695 
0 
0 
0 
0 
0 
1 260 
0 
0 
0 
2 119 491 
0 
0 
0 
0 
0 
0 
0 
0 
0 
0 
0 
0 
0 
0 
0 
0 
0 
0 
0 
0 
0 
0 
0 
0 
0 
1 321 
0 
0 
1 227 
0 
0 
0 
0 
0 
0 
0 
0 
0 
1 616 
0 
0 
0 
0 
0 
0 
0 
0 
1 128 
1 62 
0 
0 
0 
0 
0 
0 
0 
1 164 
0 
0 
0 
1 403 
2 519 810 
0 
1 368 
0 
0 
0 
0 
0 
0 
0 
1 734 
0 
0 
0 
0 
0 
0 
0 
0 
0 
1 175 
0 
0 
0 
0 
0 
0 
0 
1 257 
0 
0 
0 
0 
0 
0 
0 
0 
0 
0 
0 
0 
0 
0 
0 
0 
0 
0 
0 
0 
1 22 
0 
0 
0 
0 
0 
0 
0 
0 
0 
0 
0 
0 
1 420 
0 
0 
0 
0 
0 
0 
0 
0 
0 
0 
0 
0 
1 295 
0 
0 
0 
0 
0 
0 
0 
0 
0 
0 
0 
0 
0 
0 
0 
0 
0 
0 
0 
1 118 
0 
0 
0 
1 615 
0 
0 
0 
0 
0 
0 
0 
0 
0 
0 
1 292 
0 
0 
0 
0 
0 
0 
0 
0 
0 
0 
0 
0 
0 
0 
0 
0 
1 355 
0 
0 
0 
0 
0 
0 
0 
0 
0 
0 
0 
0 
0 
0 
0 
0 
1 745 
0 
0 
0 
0 
0 
0 
0 
0 
0 
0 
0 
0 
0 
0 
0 
0 
0 
0 
0 
1 78 
0 
0 
1 640 
0 
1 782 
0 
0 
0 
0 
1 759 
0 
0 
1 802 
0 
0 
0 
0 
0 
0 
0 
0 
0 
0 
0 
0 
0 
0 
0 
0 
0 
0 
0 
0 
1 231 
1 113 
0 
0 
0 
0 
0 
0 
0 
0 
0 
0 
0 
0 
0 
0 
0 
0 
0 
0 
0 
0 
0 
0 
0 
0 
0 
0 
1 293 
0 
0 
0 
0 
0 
0 
0 
0 
0 
0 
0 
0 
0 
0 
0 
0 
0 
0 
0 
0 
0 
0 
0 
0 
0 
0 
0 
0 
0 
0 
0 
0 
1 811 
0 
0 
0 
0 
0 
0 
0 
0 
0 
0 
0 
0 
0 
0 
0 
1 601 
0 
0 
0 
0 
0 
0 
0 
0 
0 
0 
0 
0 
0 
0 
0 
0 
0 
0 
0 
0 
0 
0 
0 
0 
0 
0 
0 
0 
0 
0 
0 
0 
1 568 
0 
0 
1 177 
0 
0 
0 
0 
0 
0 
0 
0 
0 
0 
1 392 
1 270 
0 
0 
0 
0 
0 
0 
0 
0 
0 
0 
0 
0 
0 
1 31 
0 
0 
0 
0 
0 
0 
0 
0 
0 
1 460 
0 
0 
0 
0 
0 
0 
0 
0 
0 
1 27 
0 
0 
0 
0 
0 
0 
0 
0 
0 
0 
0 
1 764 
0 
0 
0 
0 
0 
0 
0 
0 
0 
0 
0 
0 
0 
1 864 
0 
0 
0 
0 
0 
1 6 
0 
0 
0 
0 
0 
0 
0 
0 
0 
0 
0 
0 
1 221 
0 
0 
0 
0 
0 
0 
0 
0 
0 
0 
0 
0 
0 
0 
0 
0 
0 
0 
0 
0 
0 
0 
0 
0 
0 
0 
0 
0 
1 55 
0 
1 53 
0 
0 
0 
0 
0 
0 
0 
1 303 
0 
0 
0 
0 
0 
1 168 
0 
0 
0 
0 
1 437 
0 
0 
0 
0 
0 
0 
0 
0 
0 
0 
0 
0 
0 
1 467 
0 
0 
0 
0 
1 662 
0 
0 
0 
0 
0 
0 
0 
0 
0 
0 
0 
0 
1 51 
0 
0 
0 
0 
1 462 
0 
0 
0 
0 
0 
1 146 
0 
0 
0 
0 
0 
0 
0 
0 
0 
0 
0 
0 
0 
1 470 
0 
0 
0 
0 
0 
0 
0 
1 293 
1 552 
0 
0 
0 
0 
0 
0 
0 
0 
0 
0 
0 
0 
0 
0 
0 
0 
0 
0 
0 
0 
0 
0 
0 
0 
0 
0 
0 
0 
0 
0 
1 865 
0 
0 
0 
1 183 
1 64 
0 
1 206 
0 
1 211 
0 
0 
0 
0 
0 
0 
0 
0 
0 
0 
0 
0 
1 676 
1 842 
0 
0 
0 
0 
