530 20
0 
0 
0 
0 
0 
0 
0 
0 
0 
0 
0 
0 
0 
0 
0 
0 
0 
0 
0 
0 
0 
0 
0 
0 
0 
0 
0 
0 
0 
0 
0 
0 
0 
0 
0 
0 
0 
0 
1 257 
0 
0 
0 
0 
0 
1 202 
0 
0 
0 
0 
0 
0 
0 
0 
0 
0 
0 
0 
0 
0 
0 
0 
0 
0 
0 
0 
1 134 
0 
0 
0 
0 
1 152 
0 
0 
0 
0 
0 
0 
0 
0 
0 
0 
0 
0 
0 
1 295 
0 
0 
0 
1 386 
1 128 
0 
0 
1 457 
0 
0 
0 
0 
0 
0 
0 
0 
0 
0 
0 
0 
0 
0 
0 
0 
0 
0 
0 
0 
0 
0 
0 
0 
0 
0 
0 
0 
0 
0 
0 
0 
0 
0 
0 
1 89 
0 
0 
0 
0 
0 
1 65 
0 
0 
0 
0 
0 
0 
0 
0 
0 
0 
0 
0 
0 
0 
0 
0 
0 
1 70 
0 
0 
0 
0 
0 
0 
0 
0 
0 
1 272 
0 
0 
0 
0 
0 
0 
1 344 
0 
0 
0 
0 
0 
0 
0 
0 
0 
0 
0 
1 521 
0 
0 
0 
0 
0 
0 
0 
0 
0 
0 
0 
1 355 
0 
0 
0 
0 
0 
0 
0 
0 
1 44 
0 
0 
0 
0 
0 
0 
0 
0 
0 
0 
0 
0 
0 
0 
0 
0 
0 
0 
0 
0 
0 
0 
0 
0 
0 
0 
0 
0 
0 
0 
0 
0 
0 
0 
0 
1 347 
0 
0 
0 
0 
0 
0 
0 
0 
0 
0 
0 
0 
0 
0 
0 
0 
0 
0 
1 38 
0 
0 
0 
0 
0 
0 
0 
0 
0 
0 
1 340 
1 480 
0 
0 
1 162 
0 
0 
0 
0 
0 
0 
0 
1 436 
0 
0 
0 
0 
0 
0 
0 
0 
0 
0 
0 
0 
0 
0 
1 84 
0 
0 
0 
0 
0 
0 
0 
0 
0 
0 
0 
0 
0 
0 
0 
0 
0 
0 
0 
0 
0 
0 
0 
0 
0 
0 
0 
0 
0 
0 
0 
0 
1 391 
0 
0 
0 
0 
0 
0 
0 
0 
0 
0 
0 
1 268 
0 
0 
0 
1 169 
0 
0 
1 238 
0 
0 
0 
0 
1 413 
0 
0 
1 193 
0 
0 
1 511 
0 
1 477 
0 
0 
0 
0 
0 
0 
0 
0 
0 
0 
0 
0 
0 
0 
0 
0 
0 
0 
0 
0 
0 
0 
0 
0 
0 
1 88 
0 
0 
0 
0 
1 328 
0 
0 
0 
0 
0 
0 
0 
0 
0 
0 
0 
0 
0 
0 
0 
0 
0 
0 
0 
0 
0 
1 352 
0 
0 
0 
0 
0 
0 
0 
0 
0 
0 
0 
0 
0 
0 
0 
0 
0 
0 
0 
0 
0 
0 
1 280 
0 
0 
0 
0 
0 
0 
0 
0 
0 
0 
0 
0 
0 
0 
0 
0 
0 
0 
0 
0 
1 92 
0 
0 
0 
0 
0 
0 
0 
0 
0 
0 
0 
0 
0 
0 
0 
0 
0 
0 
0 
1 360 
0 
0 
1 269 
0 
0 
0 
0 
0 
0 
0 
0 
0 
0 
0 
0 
0 
0 
0 
0 
0 
0 
0 
0 
0 
0 
0 
0 
0 
0 
0 
0 
0 
0 
1 358 
0 
0 
0 
0 
0 
0 
0 
0 
0 
1 181 
0 
0 
0 
0 
0 
0 
0 
0 
530 17
0 
0 
0 
0 
0 
0 
0 
0 
0 
1 258 
0 
0 
0 
0 
0 
0 
0 
0 
0 
0 
0 
0 
0 
0 
0 
0 
0 
0 
0 
0 
0 
0 
1 398 
0 
0 
0 
0 
0 
0 
0 
0 
1 108 
0 
0 
0 
0 
0 
0 
0 
0 
0 
0 
0 
0 
0 
0 
0 
0 
0 
0 
0 
0 
0 
0 
0 
0 
0 
0 
0 
0 
0 
0 
0 
0 
0 
0 
0 
0 
0 
0 
0 
0 
1 271 
0 
0 
0 
0 
0 
0 
0 
1 191 
0 
0 
0 
0 
0 
0 
0 
0 
0 
0 
0 
0 
0 
0 
0 
1 240 
0 
1 41 
0 
0 
0 
0 
0 
0 
0 
0 
0 
0 
1 452 
0 
1 448 
0 
0 
0 
0 
0 
0 
0 
0 
0 
0 
0 
0 
0 
0 
0 
0 
0 
0 
0 
0 
1 234 
0 
0 
0 
0 
1 258 
0 
0 
0 
0 
0 
0 
0 
0 
0 
0 
0 
0 
0 
0 
0 
0 
0 
1 386 
0 
0 
0 
0 
0 
0 
0 
0 
0 
0 
0 
0 
0 
0 
0 
0 
0 
0 
0 
0 
1 353 
0 
0 
0 
0 
1 90 
0 
0 
0 
0 
0 
0 
0 
0 
0 
0 
1 424 
0 
0 
0 
0 
0 
0 
0 
0 
0 
0 
0 
0 
0 
0 
0 
0 
0 
0 
1 271 
0 
0 
0 
0 
0 
0 
0 
0 
0 
0 
0 
0 
1 142 
0 
0 
0 
0 
0 
1 106 
0 
0 
0 
0 
0 
0 
0 
0 
0 
0 
0 
0 
0 
0 
0 
0 
0 
2 9 147 
0 
0 
0 
0 
0 
0 
0 
0 
0 
0 
0 
0 
2 82 221 
1 347 
0 
0 
0 
0 
0 
0 
0 
0 
0 
0 
0 
0 
0 
0 
0 
0 
0 
0 
0 
0 
0 
0 
0 
0 
0 
0 
0 
0 
0 
0 
0 
0 
0 
0 
0 
0 
0 
0 
0 
0 
0 
0 
0 
0 
0 
0 
0 
0 
0 
0 
0 
0 
0 
0 
0 
0 
0 
0 
0 
0 
0 
0 
0 
0 
0 
0 
0 
0 
0 
0 
0 
0 
0 
0 
1 272 
0 
0 
0 
0 
0 
1 186 
0 
0 
0 
0 
0 
0 
0 
0 
0 
0 
0 
0 
0 
0 
1 517 
0 
0 
0 
0 
0 
0 
0 
0 
0 
0 
0 
0 
0 
0 
0 
0 
0 
1 165 
0 
0 
0 
0 
0 
0 
0 
0 
0 
0 
0 
1 32 
0 
0 
0 
0 
0 
0 
1 477 
0 
0 
0 
0 
0 
0 
0 
0 
0 
0 
0 
0 
0 
0 
0 
0 
0 
0 
1 202 
0 
0 
0 
0 
0 
0 
0 
0 
0 
0 
0 
0 
0 
0 
0 
0 
0 
0 
0 
0 
0 
0 
0 
1 121 
0 
0 
0 
1 119 
0 
0 
0 
0 
0 
0 
0 
0 
0 
0 
0 
0 
0 
0 
0 
0 
0 
0 
0 
0 
0 
0 
0 
0 
1 405 
0 
0 
0 
0 
0 
0 
0 
0 
0 
0 
0 
0 
0 
0 
0 
0 
0 
0 
0 
0 
0 
0 
0 
0 
0 
0 
0 
0 
0 
0 
0 
0 
0 
0 
0 
0 
0 
0 
0 
1 368 
0 
0 
0 
0 
0 
0 
0 
0 
0 
0 
0 
0 
