90 7
0 
0 
0 
0 
0 
0 
0 
0 
0 
0 
0 
0 
0 
0 
1 76 
0 
0 
0 
0 
0 
1 34 
0 
0 
0 
0 
0 
0 
0 
0 
0 
0 
0 
1 38 
0 
1 20 
0 
1 39 
0 
1 32 
1 36 
0 
0 
0 
0 
0 
0 
1 88 
0 
1 75 
0 
0 
0 
0 
0 
0 
0 
0 
0 
0 
0 
0 
1 69 
0 
0 
0 
0 
0 
0 
0 
1 61 
0 
0 
0 
0 
0 
1 48 
1 14 
0 
0 
0 
0 
0 
0 
0 
0 
0 
0 
0 
1 46 
0 
90 4
0 
0 
0 
0 
0 
0 
1 44 
0 
0 
1 85 
0 
0 
0 
0 
0 
0 
0 
0 
0 
0 
0 
1 55 
0 
0 
0 
0 
0 
0 
0 
0 
0 
0 
0 
0 
0 
0 
0 
0 
0 
0 
1 75 
0 
0 
0 
1 6 
0 
0 
0 
0 
0 
0 
0 
0 
0 
0 
1 21 
0 
0 
0 
0 
0 
0 
0 
0 
0 
0 
0 
0 
0 
0 
0 
0 
0 
0 
0 
1 40 
0 
0 
0 
0 
0 
0 
0 
0 
0 
1 9 
0 
0 
0 
0 
