380 16
0 
0 
0 
0 
0 
0 
1 105 
0 
1 105 
0 
0 
0 
1 376 
0 
0 
0 
0 
0 
1 169 
0 
0 
0 
0 
0 
0 
1 112 
0 
0 
0 
0 
0 
0 
1 217 
0 
0 
0 
0 
1 319 
0 
0 
0 
0 
1 291 
0 
0 
0 
0 
0 
0 
0 
0 
0 
0 
0 
0 
1 350 
0 
0 
0 
0 
0 
0 
0 
0 
0 
0 
0 
0 
0 
0 
0 
0 
0 
1 257 
0 
0 
0 
0 
0 
0 
0 
0 
0 
0 
0 
0 
0 
0 
0 
0 
0 
0 
0 
0 
0 
0 
0 
0 
0 
0 
0 
0 
0 
0 
0 
2 6 8 
0 
0 
0 
0 
0 
0 
1 25 
0 
0 
0 
0 
0 
0 
0 
0 
0 
0 
0 
0 
0 
0 
0 
0 
0 
0 
0 
0 
0 
0 
0 
0 
0 
0 
0 
0 
0 
0 
0 
0 
0 
0 
0 
0 
0 
0 
0 
0 
0 
0 
0 
0 
0 
0 
0 
0 
0 
0 
0 
0 
0 
0 
0 
0 
1 18 
0 
0 
0 
0 
1 246 
0 
0 
1 222 
0 
0 
0 
0 
0 
0 
0 
0 
0 
0 
0 
0 
0 
0 
0 
0 
0 
0 
0 
0 
0 
0 
0 
0 
0 
0 
0 
0 
0 
0 
0 
0 
0 
1 245 
0 
0 
0 
0 
0 
1 32 
0 
0 
0 
0 
1 177 
0 
0 
0 
0 
0 
0 
0 
0 
0 
0 
0 
0 
0 
0 
1 239 
0 
1 237 
0 
0 
0 
0 
0 
1 211 
1 174 
0 
0 
0 
0 
0 
0 
0 
0 
0 
0 
1 73 
0 
0 
0 
0 
0 
0 
0 
1 339 
0 
0 
0 
0 
0 
0 
0 
0 
0 
0 
0 
0 
0 
0 
0 
0 
0 
0 
0 
0 
0 
0 
0 
0 
0 
1 42 
0 
0 
0 
0 
0 
0 
0 
0 
0 
0 
0 
0 
0 
0 
0 
0 
0 
0 
0 
0 
0 
0 
0 
1 355 
0 
0 
0 
1 37 
0 
0 
0 
0 
0 
0 
0 
0 
0 
0 
0 
0 
0 
0 
0 
0 
0 
0 
0 
1 265 
0 
0 
0 
0 
0 
0 
0 
0 
0 
0 
1 55 
0 
0 
0 
0 
1 315 
0 
0 
0 
0 
0 
0 
0 
0 
0 
0 
0 
0 
0 
0 
0 
0 
0 
0 
0 
0 
1 12 
0 
0 
0 
380 22
0 
0 
2 286 312 
0 
0 
0 
0 
0 
0 
0 
0 
0 
0 
0 
0 
0 
1 120 
0 
1 155 
0 
1 312 
1 120 
1 56 
0 
0 
0 
0 
0 
0 
0 
0 
0 
0 
0 
0 
0 
0 
1 123 
0 
0 
0 
0 
1 212 
0 
0 
0 
1 160 
0 
0 
0 
0 
0 
1 54 
0 
1 52 
0 
2 22 116 
0 
0 
0 
0 
0 
0 
0 
0 
0 
1 108 
0 
0 
0 
0 
0 
0 
0 
0 
0 
0 
0 
0 
0 
0 
0 
0 
0 
0 
0 
1 372 
1 354 
0 
0 
0 
0 
0 
0 
0 
0 
0 
0 
0 
0 
0 
0 
0 
0 
0 
1 359 
0 
0 
1 66 
0 
0 
0 
0 
0 
0 
0 
1 56 
0 
0 
0 
2 16 21 
0 
0 
1 37 
0 
0 
0 
0 
0 
0 
0 
0 
0 
0 
0 
0 
0 
0 
1 359 
1 308 
0 
0 
0 
0 
0 
0 
0 
0 
0 
0 
0 
0 
0 
0 
0 
1 18 
0 
0 
0 
0 
1 46 
1 250 
0 
0 
0 
0 
0 
0 
0 
0 
0 
0 
0 
0 
0 
0 
0 
0 
0 
0 
0 
0 
0 
0 
0 
0 
0 
0 
0 
0 
0 
0 
0 
1 269 
0 
0 
0 
0 
0 
0 
0 
0 
1 328 
0 
0 
0 
0 
0 
0 
0 
0 
0 
1 42 
0 
0 
0 
0 
0 
0 
0 
0 
0 
0 
0 
0 
0 
0 
0 
0 
0 
0 
0 
0 
0 
1 336 
0 
0 
0 
0 
0 
0 
0 
0 
0 
0 
0 
0 
0 
0 
0 
1 161 
0 
0 
0 
0 
0 
0 
0 
0 
0 
0 
0 
0 
0 
0 
0 
0 
0 
0 
1 193 
0 
0 
0 
0 
0 
0 
0 
0 
0 
0 
0 
0 
0 
0 
0 
0 
1 2 
0 
0 
0 
0 
0 
0 
0 
0 
0 
0 
0 
0 
0 
0 
0 
0 
0 
0 
0 
0 
0 
1 139 
0 
0 
0 
2 2 20 
0 
0 
0 
0 
0 
0 
0 
0 
0 
0 
0 
0 
0 
0 
0 
1 202 
0 
0 
0 
0 
0 
0 
0 
1 234 
0 
0 
0 
0 
0 
0 
0 
0 
0 
0 
0 
0 
0 
0 
0 
0 
0 
1 87 
0 
0 
0 
0 
2 105 138 
0 
0 
0 
0 
0 
0 
0 
0 
0 
0 
0 
0 
1 86 
0 
0 
0 
0 
0 
0 
0 
