680 37
0 
0 
1 220 
0 
0 
0 
0 
0 
1 227 
0 
0 
0 
0 
0 
0 
0 
0 
0 
0 
0 
0 
0 
0 
0 
0 
1 408 
0 
0 
0 
0 
0 
1 80 
0 
0 
0 
0 
0 
0 
1 55 
0 
1 405 
0 
0 
0 
0 
0 
0 
0 
0 
0 
1 620 
0 
0 
0 
0 
1 38 
0 
0 
0 
0 
0 
0 
0 
0 
0 
0 
0 
0 
0 
0 
0 
0 
0 
0 
0 
0 
0 
0 
0 
0 
1 31 
1 363 
0 
0 
0 
0 
1 509 
0 
0 
0 
0 
0 
0 
2 399 590 
0 
0 
0 
0 
1 550 
0 
0 
0 
0 
0 
0 
0 
0 
0 
0 
0 
0 
0 
1 434 
0 
0 
1 379 
0 
0 
0 
0 
0 
0 
0 
0 
0 
0 
1 409 
0 
1 233 
0 
1 412 
0 
0 
0 
0 
0 
0 
0 
0 
0 
0 
0 
0 
0 
0 
0 
0 
0 
1 294 
0 
0 
0 
0 
0 
0 
0 
0 
0 
0 
0 
0 
0 
0 
0 
0 
1 471 
0 
1 475 
0 
0 
0 
0 
0 
0 
0 
0 
0 
0 
0 
0 
0 
0 
0 
0 
0 
0 
0 
0 
0 
0 
0 
0 
0 
0 
0 
0 
0 
0 
1 637 
0 
0 
0 
0 
0 
0 
0 
0 
0 
0 
0 
0 
0 
0 
0 
0 
0 
0 
0 
0 
0 
1 2 
0 
0 
0 
0 
0 
0 
3 8 249 543 
0 
0 
0 
1 443 
0 
1 128 
0 
0 
0 
0 
0 
0 
0 
0 
0 
0 
0 
0 
0 
0 
0 
1 227 
0 
0 
0 
0 
1 381 
0 
0 
0 
1 548 
0 
0 
0 
0 
0 
0 
0 
0 
0 
0 
0 
0 
0 
0 
0 
0 
0 
0 
0 
0 
0 
0 
0 
0 
0 
0 
0 
0 
0 
0 
0 
0 
0 
0 
0 
1 148 
0 
0 
0 
0 
0 
0 
0 
0 
0 
0 
0 
0 
0 
0 
0 
0 
0 
0 
0 
0 
0 
0 
0 
0 
0 
0 
0 
0 
0 
0 
0 
0 
0 
0 
0 
0 
0 
0 
1 583 
0 
0 
0 
0 
0 
0 
0 
0 
0 
0 
0 
0 
0 
0 
0 
0 
0 
0 
0 
0 
0 
0 
0 
0 
0 
0 
0 
0 
0 
1 81 
0 
1 594 
0 
0 
0 
0 
0 
0 
0 
0 
0 
0 
0 
0 
1 528 
1 115 
0 
1 254 
1 591 
0 
0 
0 
0 
0 
0 
0 
0 
0 
0 
0 
0 
0 
0 
0 
0 
1 93 
0 
0 
0 
0 
0 
1 40 
0 
0 
2 25 496 
1 126 
0 
0 
1 130 
0 
0 
0 
0 
0 
0 
0 
0 
0 
0 
0 
0 
0 
0 
0 
0 
0 
0 
0 
0 
0 
1 112 
0 
0 
0 
0 
0 
0 
0 
0 
1 231 
0 
0 
0 
0 
0 
0 
0 
0 
0 
0 
0 
0 
0 
0 
0 
0 
0 
0 
0 
0 
0 
0 
0 
0 
0 
0 
0 
1 165 
0 
0 
0 
1 167 
0 
0 
0 
0 
0 
0 
0 
1 638 
0 
0 
0 
0 
0 
0 
0 
0 
0 
0 
0 
0 
2 408 520 
0 
0 
0 
0 
0 
0 
0 
0 
0 
0 
0 
0 
1 86 
0 
0 
0 
0 
0 
0 
0 
0 
0 
0 
1 496 
0 
0 
0 
0 
0 
0 
0 
1 378 
0 
0 
0 
0 
0 
0 
0 
0 
0 
1 569 
0 
0 
1 586 
0 
1 227 
0 
0 
2 618 635 
0 
1 258 
0 
1 98 
0 
0 
0 
0 
0 
0 
0 
0 
0 
0 
0 
0 
0 
0 
0 
0 
0 
0 
1 538 
0 
0 
0 
0 
0 
0 
0 
0 
0 
0 
0 
0 
0 
1 333 
0 
0 
1 541 
0 
0 
0 
1 93 
1 382 
0 
0 
1 365 
0 
0 
0 
0 
0 
0 
0 
0 
0 
0 
0 
0 
0 
0 
0 
0 
0 
0 
0 
0 
0 
0 
0 
1 546 
0 
1 50 
0 
0 
0 
0 
0 
0 
0 
0 
0 
0 
0 
0 
0 
0 
1 546 
0 
1 198 
1 483 
0 
0 
0 
0 
0 
0 
0 
0 
0 
0 
0 
0 
0 
0 
0 
0 
0 
0 
0 
0 
0 
0 
0 
0 
0 
0 
0 
0 
0 
0 
0 
0 
0 
0 
0 
0 
0 
0 
0 
0 
0 
680 40
0 
0 
0 
0 
0 
0 
0 
0 
1 548 
0 
0 
1 487 
0 
0 
0 
0 
0 
0 
0 
0 
1 36 
0 
0 
0 
0 
0 
0 
0 
0 
0 
0 
0 
0 
0 
0 
0 
1 20 
0 
0 
0 
0 
0 
0 
0 
0 
0 
0 
0 
0 
0 
0 
0 
0 
0 
0 
0 
0 
0 
0 
0 
3 94 308 333 
0 
0 
0 
0 
0 
0 
0 
0 
0 
0 
0 
1 130 
0 
0 
0 
0 
1 144 
0 
0 
0 
0 
0 
0 
1 252 
0 
0 
0 
0 
0 
0 
0 
0 
0 
1 60 
0 
0 
0 
1 259 
0 
0 
0 
0 
0 
1 239 
0 
0 
0 
0 
0 
0 
1 401 
0 
0 
0 
0 
0 
0 
0 
1 576 
0 
1 569 
0 
0 
0 
0 
0 
0 
1 590 
0 
1 72 
0 
0 
0 
0 
0 
0 
3 327 641 672 
0 
0 
0 
0 
0 
0 
1 77 
0 
0 
0 
0 
0 
0 
0 
0 
0 
0 
0 
0 
0 
0 
0 
0 
0 
0 
0 
0 
0 
0 
0 
0 
0 
0 
0 
1 567 
0 
0 
0 
0 
0 
0 
0 
0 
0 
0 
0 
1 632 
0 
0 
0 
0 
0 
0 
0 
0 
0 
0 
0 
0 
0 
0 
0 
1 310 
0 
0 
0 
0 
0 
0 
0 
0 
0 
0 
0 
0 
0 
0 
0 
0 
0 
0 
0 
0 
1 426 
0 
1 473 
0 
0 
0 
0 
0 
0 
0 
0 
0 
0 
0 
0 
0 
0 
0 
1 104 
0 
0 
0 
0 
0 
0 
0 
0 
0 
0 
0 
0 
1 84 
0 
0 
0 
0 
0 
0 
1 98 
0 
0 
0 
1 466 
0 
0 
0 
0 
0 
0 
0 
0 
0 
0 
0 
0 
0 
0 
0 
0 
0 
0 
0 
0 
0 
0 
0 
0 
1 343 
0 
0 
0 
0 
0 
0 
0 
0 
0 
0 
0 
0 
0 
0 
0 
1 381 
0 
0 
0 
1 60 
0 
1 200 
0 
0 
0 
0 
0 
0 
0 
0 
0 
0 
0 
0 
0 
0 
0 
0 
1 137 
0 
0 
0 
0 
1 426 
1 60 
0 
0 
0 
0 
0 
0 
0 
0 
0 
1 288 
0 
0 
0 
0 
0 
0 
0 
0 
0 
0 
1 447 
0 
0 
1 430 
0 
1 605 
0 
0 
0 
0 
0 
0 
0 
0 
0 
0 
0 
0 
0 
0 
0 
0 
0 
0 
0 
0 
0 
1 304 
0 
0 
0 
0 
0 
0 
1 658 
0 
0 
0 
0 
0 
0 
0 
1 668 
0 
0 
0 
0 
1 111 
0 
0 
0 
0 
0 
0 
0 
0 
0 
0 
0 
0 
0 
0 
0 
0 
0 
0 
0 
0 
0 
0 
0 
0 
4 221 332 477 519 
0 
0 
0 
2 357 564 
0 
0 
0 
0 
0 
0 
0 
0 
0 
0 
0 
0 
0 
0 
0 
0 
1 354 
0 
0 
0 
0 
0 
0 
0 
0 
0 
0 
0 
0 
0 
0 
0 
0 
0 
0 
1 263 
0 
0 
1 657 
0 
0 
0 
1 223 
0 
0 
0 
1 426 
0 
1 531 
0 
0 
0 
0 
0 
0 
0 
1 11 
0 
0 
0 
0 
0 
0 
0 
0 
0 
0 
0 
0 
0 
0 
0 
0 
0 
0 
0 
0 
0 
0 
0 
0 
0 
0 
0 
0 
0 
0 
0 
1 426 
0 
0 
0 
0 
1 675 
0 
0 
0 
0 
0 
0 
1 479 
0 
1 658 
0 
0 
0 
0 
1 585 
0 
0 
0 
0 
0 
0 
0 
0 
0 
1 8 
0 
0 
0 
0 
0 
0 
0 
0 
0 
0 
0 
0 
0 
0 
0 
1 430 
0 
0 
1 172 
0 
1 121 
0 
0 
0 
0 
0 
0 
1 119 
0 
0 
0 
0 
0 
0 
0 
0 
1 538 
0 
0 
0 
0 
1 128 
0 
0 
0 
0 
0 
0 
0 
0 
0 
0 
0 
0 
0 
0 
1 359 
0 
0 
0 
0 
0 
0 
0 
0 
0 
0 
0 
0 
0 
0 
0 
0 
0 
0 
0 
0 
0 
0 
0 
0 
0 
0 
1 184 
0 
0 
0 
0 
0 
0 
0 
0 
1 137 
0 
0 
0 
0 
0 
0 
0 
0 
0 
0 
0 
0 
0 
0 
0 
1 469 
2 388 533 
0 
0 
0 
0 
0 
0 
0 
0 
0 
1 396 
0 
0 
0 
1 137 
0 
0 
1 524 
0 
0 
0 
0 
