590 19
0 
0 
0 
0 
0 
0 
0 
0 
0 
0 
0 
0 
0 
0 
0 
0 
0 
0 
0 
0 
0 
0 
0 
0 
0 
0 
0 
0 
0 
0 
0 
0 
0 
0 
1 187 
0 
0 
0 
0 
1 297 
0 
0 
0 
0 
0 
0 
0 
0 
0 
0 
0 
0 
0 
0 
0 
0 
0 
1 454 
0 
0 
0 
0 
1 132 
0 
0 
0 
0 
0 
0 
0 
0 
0 
0 
0 
0 
0 
0 
0 
2 161 343 
0 
0 
0 
0 
0 
0 
0 
0 
0 
0 
0 
0 
0 
0 
0 
0 
0 
0 
0 
0 
0 
0 
0 
0 
0 
0 
0 
0 
0 
0 
0 
0 
0 
0 
0 
0 
0 
0 
0 
0 
0 
0 
0 
0 
0 
0 
0 
0 
0 
0 
0 
0 
0 
1 62 
0 
0 
0 
0 
0 
0 
0 
1 177 
0 
0 
0 
0 
1 560 
0 
0 
0 
0 
0 
0 
0 
0 
0 
0 
1 161 
0 
0 
0 
0 
2 78 156 
0 
0 
0 
1 241 
0 
0 
0 
0 
0 
0 
0 
0 
0 
0 
0 
1 140 
0 
0 
0 
0 
0 
0 
0 
0 
0 
1 34 
0 
0 
0 
0 
0 
0 
0 
0 
0 
0 
0 
0 
0 
0 
0 
0 
0 
0 
0 
0 
0 
0 
0 
0 
0 
0 
0 
0 
0 
0 
0 
0 
0 
1 428 
1 461 
0 
0 
0 
0 
0 
0 
0 
1 311 
0 
0 
0 
0 
0 
0 
0 
0 
0 
0 
1 165 
0 
0 
0 
0 
0 
0 
0 
0 
0 
0 
0 
0 
0 
0 
0 
0 
0 
0 
0 
1 409 
0 
0 
0 
0 
0 
0 
0 
0 
0 
0 
0 
0 
0 
1 468 
0 
0 
0 
1 361 
0 
0 
0 
0 
0 
0 
0 
0 
0 
0 
0 
0 
0 
0 
0 
0 
0 
1 39 
0 
0 
0 
0 
0 
0 
0 
0 
0 
0 
0 
0 
0 
1 230 
0 
0 
0 
0 
0 
0 
0 
0 
0 
0 
0 
0 
0 
0 
0 
0 
0 
0 
0 
0 
0 
0 
0 
0 
0 
0 
0 
0 
0 
0 
0 
1 78 
0 
0 
0 
0 
0 
0 
1 434 
0 
0 
0 
0 
0 
0 
0 
0 
0 
0 
1 279 
0 
0 
0 
0 
0 
0 
0 
0 
0 
0 
0 
0 
0 
0 
0 
0 
0 
0 
0 
0 
0 
0 
0 
0 
0 
0 
0 
0 
0 
0 
0 
0 
0 
0 
0 
0 
0 
0 
0 
0 
0 
0 
0 
0 
1 470 
0 
0 
1 261 
0 
0 
0 
0 
0 
0 
0 
0 
0 
0 
0 
0 
0 
0 
0 
0 
0 
0 
1 221 
0 
1 516 
0 
0 
0 
1 350 
0 
0 
0 
0 
0 
0 
0 
0 
0 
0 
0 
0 
0 
0 
0 
0 
0 
0 
0 
1 57 
0 
0 
0 
0 
0 
0 
1 222 
0 
0 
0 
0 
0 
0 
1 275 
0 
1 406 
0 
0 
0 
0 
0 
0 
0 
0 
0 
0 
0 
0 
0 
0 
0 
0 
0 
0 
0 
0 
0 
0 
0 
0 
0 
0 
0 
0 
0 
0 
0 
0 
0 
0 
0 
0 
0 
0 
0 
0 
0 
0 
0 
0 
0 
1 430 
0 
0 
0 
0 
0 
0 
0 
0 
0 
0 
0 
0 
0 
0 
0 
0 
0 
0 
0 
0 
0 
0 
0 
0 
0 
0 
0 
0 
0 
0 
0 
0 
0 
0 
0 
0 
0 
0 
0 
0 
0 
0 
0 
1 145 
0 
0 
0 
0 
0 
0 
0 
0 
0 
0 
0 
0 
0 
0 
0 
0 
0 
0 
0 
0 
0 
0 
0 
0 
0 
0 
0 
0 
0 
590 25
0 
0 
0 
0 
0 
0 
0 
0 
0 
0 
0 
1 263 
0 
0 
0 
0 
0 
1 276 
0 
0 
0 
0 
0 
0 
0 
0 
0 
0 
0 
1 427 
0 
0 
0 
0 
0 
0 
0 
0 
0 
1 502 
0 
1 218 
0 
0 
0 
0 
0 
0 
0 
0 
0 
0 
0 
0 
0 
0 
1 241 
0 
0 
0 
1 63 
0 
0 
1 60 
0 
0 
0 
0 
0 
0 
0 
0 
0 
1 110 
0 
0 
0 
0 
0 
0 
0 
0 
0 
0 
0 
0 
0 
1 371 
0 
0 
0 
0 
0 
0 
0 
0 
0 
0 
1 338 
0 
0 
0 
0 
0 
0 
0 
0 
0 
0 
0 
2 73 394 
0 
0 
0 
0 
0 
0 
0 
0 
0 
0 
0 
0 
0 
0 
0 
0 
0 
0 
0 
0 
0 
0 
0 
0 
0 
0 
0 
0 
0 
0 
1 499 
0 
0 
0 
0 
0 
0 
0 
0 
0 
0 
0 
0 
0 
0 
0 
0 
0 
0 
0 
0 
0 
0 
0 
0 
0 
0 
0 
0 
0 
0 
0 
0 
0 
0 
0 
0 
0 
0 
0 
0 
0 
0 
0 
0 
0 
0 
0 
1 357 
0 
0 
0 
0 
0 
0 
0 
0 
0 
0 
0 
0 
1 462 
0 
0 
0 
0 
0 
0 
0 
0 
0 
0 
0 
0 
0 
0 
0 
1 41 
0 
0 
0 
0 
0 
0 
0 
0 
0 
0 
0 
0 
0 
0 
0 
0 
0 
1 482 
0 
0 
0 
0 
1 56 
0 
0 
0 
0 
0 
0 
0 
0 
0 
0 
1 360 
0 
0 
0 
0 
0 
0 
1 412 
0 
0 
0 
1 11 
0 
0 
0 
0 
0 
0 
0 
0 
0 
0 
0 
0 
1 17 
0 
0 
0 
0 
0 
0 
0 
1 352 
0 
0 
0 
0 
0 
0 
0 
0 
0 
0 
0 
1 334 
0 
0 
1 558 
0 
0 
0 
0 
0 
0 
0 
0 
0 
0 
0 
0 
0 
0 
0 
0 
0 
0 
0 
0 
1 409 
0 
0 
0 
0 
0 
0 
0 
0 
0 
0 
1 399 
0 
0 
1 296 
0 
0 
0 
1 98 
0 
0 
0 
0 
0 
0 
0 
0 
0 
0 
0 
0 
0 
1 284 
0 
0 
0 
0 
1 189 
0 
0 
1 252 
0 
0 
0 
0 
0 
0 
0 
0 
0 
0 
1 87 
0 
0 
0 
0 
0 
0 
0 
0 
0 
0 
0 
1 384 
1 383 
0 
0 
0 
0 
0 
0 
0 
0 
0 
1 110 
0 
0 
0 
0 
1 331 
0 
0 
0 
0 
0 
0 
0 
0 
0 
1 320 
0 
0 
1 259 
0 
0 
0 
0 
0 
0 
0 
0 
0 
0 
0 
0 
0 
0 
1 29 
0 
0 
0 
0 
0 
0 
0 
0 
0 
0 
0 
0 
0 
0 
0 
0 
0 
1 542 
0 
0 
0 
0 
0 
0 
0 
0 
0 
0 
0 
0 
0 
0 
0 
0 
1 202 
0 
0 
0 
0 
0 
0 
0 
0 
0 
0 
0 
0 
0 
0 
0 
0 
0 
0 
0 
1 236 
0 
0 
0 
0 
0 
0 
0 
0 
0 
0 
0 
0 
0 
0 
0 
0 
1 141 
0 
0 
1 39 
0 
0 
0 
0 
0 
0 
0 
0 
0 
0 
0 
0 
0 
0 
0 
0 
0 
0 
0 
0 
0 
0 
0 
0 
0 
0 
0 
0 
0 
0 
0 
0 
0 
0 
0 
0 
0 
0 
0 
1 445 
0 
0 
0 
0 
0 
0 
0 
0 
0 
0 
1 572 
0 
0 
0 
0 
1 299 
0 
0 
0 
0 
0 
0 
0 
0 
0 
0 
0 
0 
0 
1 553 
0 
0 
0 
0 
0 
0 
0 
0 
0 
0 
0 
0 
0 
0 
0 
0 
0 
