980 40
0 
0 
0 
0 
0 
0 
0 
0 
0 
0 
0 
0 
0 
0 
0 
0 
0 
0 
0 
0 
0 
0 
0 
0 
0 
0 
0 
0 
0 
0 
0 
0 
0 
0 
1 836 
0 
0 
0 
0 
0 
0 
0 
0 
0 
0 
0 
0 
0 
0 
0 
0 
0 
0 
1 866 
0 
0 
0 
0 
0 
1 288 
0 
0 
0 
0 
0 
0 
0 
0 
0 
0 
0 
0 
0 
0 
0 
0 
0 
1 405 
0 
0 
0 
0 
0 
0 
0 
1 577 
1 938 
0 
0 
0 
0 
0 
0 
0 
0 
0 
0 
0 
0 
0 
0 
0 
0 
0 
1 488 
0 
0 
0 
0 
0 
0 
0 
0 
0 
0 
0 
0 
0 
0 
0 
0 
0 
0 
0 
0 
0 
0 
0 
0 
0 
0 
0 
0 
0 
0 
0 
0 
0 
0 
0 
2 611 821 
0 
0 
0 
0 
0 
0 
0 
0 
0 
0 
0 
1 246 
0 
0 
0 
0 
0 
1 265 
0 
0 
0 
0 
0 
0 
0 
0 
0 
0 
0 
0 
0 
0 
0 
0 
0 
0 
0 
0 
0 
0 
0 
0 
1 887 
0 
0 
0 
0 
0 
0 
0 
0 
0 
0 
0 
0 
0 
0 
0 
0 
0 
1 857 
0 
0 
0 
0 
0 
0 
0 
0 
1 849 
0 
0 
0 
1 495 
0 
0 
0 
0 
0 
0 
0 
0 
0 
0 
0 
0 
0 
0 
1 921 
0 
0 
0 
0 
0 
0 
0 
0 
1 491 
0 
0 
0 
0 
0 
0 
0 
1 152 
0 
0 
0 
0 
0 
0 
0 
0 
0 
1 506 
0 
0 
0 
1 280 
0 
0 
0 
0 
1 158 
0 
0 
0 
0 
0 
0 
0 
0 
0 
0 
0 
0 
0 
0 
1 260 
0 
0 
0 
0 
0 
0 
0 
1 59 
0 
0 
0 
0 
1 635 
0 
1 346 
0 
0 
0 
0 
0 
0 
0 
0 
0 
0 
0 
0 
0 
1 840 
0 
0 
0 
0 
0 
1 661 
0 
0 
0 
0 
0 
0 
0 
0 
0 
0 
1 535 
0 
0 
0 
0 
0 
0 
0 
0 
0 
0 
0 
0 
0 
0 
0 
0 
0 
0 
0 
1 295 
0 
0 
0 
0 
0 
0 
0 
0 
0 
0 
0 
0 
0 
0 
0 
0 
0 
0 
0 
0 
0 
0 
0 
0 
0 
0 
0 
0 
0 
0 
0 
0 
0 
0 
0 
0 
0 
0 
0 
0 
0 
1 399 
0 
0 
0 
0 
0 
0 
0 
0 
1 809 
0 
1 388 
0 
0 
0 
0 
0 
1 77 
0 
0 
0 
0 
0 
0 
0 
0 
0 
0 
0 
0 
0 
0 
0 
0 
0 
0 
0 
0 
0 
0 
0 
0 
0 
0 
0 
0 
0 
0 
0 
0 
0 
0 
0 
0 
0 
0 
0 
0 
0 
0 
0 
0 
0 
0 
0 
0 
0 
0 
0 
0 
0 
0 
0 
0 
0 
0 
0 
1 760 
0 
0 
0 
0 
0 
0 
0 
0 
0 
0 
0 
0 
0 
0 
0 
0 
0 
0 
0 
0 
0 
0 
1 104 
0 
0 
1 238 
0 
0 
0 
1 214 
0 
0 
0 
0 
0 
0 
0 
0 
1 656 
0 
1 256 
0 
0 
0 
0 
0 
0 
0 
0 
0 
0 
0 
0 
0 
0 
0 
0 
1 780 
0 
0 
0 
0 
0 
0 
1 718 
1 654 
0 
0 
0 
1 326 
0 
0 
0 
0 
0 
0 
0 
0 
0 
0 
0 
0 
0 
0 
0 
0 
0 
1 598 
0 
0 
0 
0 
0 
0 
0 
0 
0 
0 
0 
0 
1 803 
0 
0 
0 
0 
0 
0 
0 
0 
0 
0 
1 85 
0 
0 
0 
0 
0 
0 
0 
0 
0 
0 
0 
0 
0 
0 
0 
0 
0 
0 
0 
0 
1 553 
1 664 
0 
0 
0 
0 
1 950 
0 
0 
0 
0 
0 
0 
1 140 
0 
0 
0 
0 
0 
0 
0 
0 
0 
0 
0 
0 
0 
0 
0 
0 
0 
0 
0 
0 
0 
0 
0 
1 293 
0 
0 
0 
0 
0 
1 918 
0 
0 
0 
0 
0 
0 
0 
0 
0 
0 
0 
0 
1 531 
0 
1 504 
0 
0 
0 
0 
1 315 
0 
0 
1 599 
0 
0 
0 
0 
0 
0 
0 
0 
0 
0 
0 
0 
0 
0 
0 
0 
0 
0 
0 
0 
0 
0 
0 
0 
0 
0 
0 
0 
0 
0 
0 
0 
0 
0 
0 
0 
0 
0 
0 
0 
0 
0 
0 
0 
0 
0 
1 949 
1 890 
0 
0 
0 
0 
0 
1 530 
0 
0 
0 
0 
0 
0 
0 
0 
0 
0 
0 
0 
0 
0 
0 
0 
0 
0 
0 
0 
0 
0 
0 
0 
0 
0 
0 
0 
0 
0 
0 
0 
0 
0 
0 
0 
0 
0 
0 
0 
0 
1 465 
0 
0 
0 
0 
0 
0 
0 
0 
0 
0 
0 
0 
0 
0 
0 
0 
0 
0 
0 
1 523 
0 
0 
0 
0 
0 
0 
0 
0 
0 
0 
0 
0 
0 
0 
0 
0 
0 
0 
0 
0 
0 
0 
1 566 
0 
0 
0 
0 
0 
1 397 
0 
0 
0 
0 
0 
0 
0 
0 
0 
0 
0 
1 140 
0 
0 
0 
0 
0 
0 
0 
0 
0 
0 
0 
0 
0 
0 
1 34 
0 
0 
0 
1 309 
0 
0 
0 
0 
0 
0 
0 
0 
1 210 
0 
0 
0 
0 
0 
0 
1 882 
1 201 
0 
0 
0 
0 
0 
0 
0 
0 
1 53 
0 
0 
0 
0 
0 
0 
0 
0 
0 
0 
0 
0 
0 
0 
0 
1 856 
0 
0 
0 
0 
1 183 
0 
0 
1 712 
0 
0 
0 
0 
0 
0 
0 
0 
0 
0 
0 
0 
0 
0 
0 
0 
0 
0 
0 
0 
0 
0 
0 
0 
0 
0 
0 
1 641 
0 
0 
1 229 
1 975 
0 
0 
0 
0 
0 
0 
0 
0 
0 
0 
0 
0 
0 
0 
0 
1 86 
0 
0 
0 
0 
0 
0 
0 
0 
0 
0 
1 711 
1 604 
0 
0 
0 
0 
0 
0 
0 
0 
0 
0 
0 
0 
0 
0 
0 
0 
0 
0 
0 
0 
0 
0 
0 
0 
1 922 
0 
0 
0 
0 
980 40
0 
0 
0 
0 
0 
0 
0 
0 
0 
0 
0 
0 
0 
0 
0 
0 
0 
0 
0 
0 
0 
0 
0 
0 
0 
0 
1 722 
0 
2 380 510 
0 
0 
1 611 
0 
0 
0 
0 
0 
1 100 
0 
0 
0 
0 
0 
0 
0 
0 
0 
0 
0 
0 
0 
0 
0 
1 103 
0 
1 474 
0 
0 
0 
0 
0 
0 
0 
0 
0 
0 
0 
2 279 772 
0 
1 426 
0 
0 
0 
0 
0 
0 
0 
1 341 
1 856 
0 
0 
0 
0 
0 
0 
0 
0 
0 
0 
1 318 
0 
0 
0 
0 
0 
0 
0 
0 
0 
1 737 
1 37 
0 
0 
1 53 
0 
0 
0 
0 
0 
0 
0 
0 
0 
1 758 
0 
0 
0 
0 
0 
0 
0 
0 
0 
2 784 911 
0 
0 
0 
0 
0 
0 
0 
0 
0 
0 
0 
0 
0 
0 
0 
0 
0 
0 
0 
0 
0 
0 
0 
0 
0 
0 
0 
0 
0 
0 
0 
0 
0 
0 
0 
0 
0 
0 
0 
0 
0 
0 
0 
0 
0 
0 
0 
0 
0 
0 
0 
0 
0 
0 
0 
0 
0 
0 
0 
0 
0 
0 
0 
0 
0 
0 
0 
0 
0 
0 
0 
0 
0 
0 
0 
0 
0 
0 
1 843 
0 
0 
0 
0 
0 
0 
0 
0 
0 
0 
0 
0 
0 
0 
0 
0 
0 
0 
0 
0 
0 
0 
0 
0 
0 
0 
0 
0 
0 
0 
0 
0 
0 
0 
0 
0 
0 
0 
0 
0 
0 
0 
0 
0 
0 
0 
0 
0 
0 
0 
0 
0 
0 
0 
0 
0 
0 
0 
0 
0 
0 
0 
0 
1 675 
0 
0 
0 
0 
0 
0 
0 
0 
0 
0 
0 
0 
1 67 
0 
0 
0 
0 
0 
0 
0 
0 
0 
0 
0 
0 
0 
0 
0 
0 
0 
0 
0 
0 
0 
0 
0 
0 
1 967 
0 
0 
0 
0 
0 
1 576 
0 
0 
0 
0 
0 
0 
0 
2 89 729 
0 
0 
0 
0 
1 356 
0 
0 
1 893 
0 
0 
0 
0 
0 
0 
0 
0 
0 
0 
0 
0 
0 
0 
1 77 
0 
0 
0 
0 
0 
0 
0 
0 
0 
0 
0 
0 
0 
0 
1 323 
0 
0 
0 
0 
0 
0 
0 
0 
0 
0 
0 
0 
0 
0 
0 
0 
0 
0 
0 
0 
0 
0 
0 
1 28 
0 
0 
0 
0 
0 
0 
0 
0 
0 
0 
0 
0 
0 
0 
0 
0 
0 
0 
0 
0 
0 
0 
0 
0 
0 
1 828 
1 688 
0 
0 
0 
0 
0 
0 
0 
0 
0 
0 
0 
0 
0 
0 
0 
0 
0 
0 
1 69 
0 
0 
0 
0 
0 
0 
0 
0 
1 607 
0 
0 
0 
0 
0 
0 
0 
1 779 
0 
0 
0 
0 
0 
0 
0 
0 
0 
0 
0 
0 
0 
0 
0 
0 
0 
0 
0 
0 
0 
0 
0 
0 
0 
0 
0 
0 
0 
0 
2 55 536 
0 
0 
0 
0 
0 
0 
0 
0 
0 
0 
0 
0 
0 
0 
0 
0 
0 
0 
0 
0 
0 
0 
0 
0 
0 
0 
1 641 
0 
0 
0 
0 
0 
0 
0 
0 
1 28 
0 
0 
0 
0 
0 
0 
0 
0 
0 
0 
0 
0 
0 
0 
0 
0 
0 
0 
0 
0 
0 
1 714 
0 
0 
0 
2 474 733 
0 
0 
0 
0 
0 
0 
0 
0 
0 
0 
0 
0 
0 
0 
0 
0 
0 
0 
0 
0 
0 
0 
0 
0 
0 
0 
0 
0 
0 
0 
0 
0 
0 
0 
0 
0 
0 
0 
0 
1 310 
0 
0 
0 
0 
0 
0 
0 
0 
0 
0 
0 
0 
0 
0 
0 
0 
0 
0 
0 
0 
0 
0 
0 
1 673 
0 
0 
0 
0 
0 
0 
1 435 
0 
0 
0 
1 31 
0 
0 
0 
0 
0 
0 
0 
0 
0 
0 
0 
0 
0 
0 
0 
0 
0 
0 
0 
0 
0 
0 
0 
0 
0 
0 
0 
0 
0 
1 501 
0 
0 
0 
0 
0 
0 
0 
0 
0 
0 
0 
0 
0 
0 
0 
0 
0 
0 
0 
0 
0 
0 
0 
0 
0 
0 
0 
0 
0 
0 
0 
1 600 
0 
1 266 
0 
0 
0 
0 
0 
0 
0 
0 
0 
0 
0 
0 
1 407 
0 
0 
0 
0 
0 
0 
0 
0 
0 
0 
0 
0 
0 
0 
0 
0 
0 
0 
0 
0 
0 
0 
0 
0 
0 
1 532 
0 
0 
0 
0 
0 
0 
0 
1 26 
0 
0 
0 
0 
0 
0 
1 318 
0 
0 
0 
1 536 
0 
0 
0 
1 99 
0 
0 
0 
0 
0 
0 
0 
0 
0 
0 
0 
1 891 
0 
0 
0 
0 
0 
0 
0 
0 
1 113 
0 
0 
0 
0 
0 
0 
0 
0 
0 
1 947 
0 
0 
0 
1 67 
0 
0 
0 
0 
1 848 
0 
1 443 
0 
0 
0 
0 
1 123 
0 
0 
0 
1 795 
0 
0 
0 
0 
0 
0 
1 788 
0 
0 
0 
0 
1 922 
0 
0 
1 902 
0 
0 
0 
0 
0 
0 
0 
0 
0 
0 
0 
0 
0 
0 
0 
0 
0 
0 
0 
0 
0 
0 
0 
0 
1 406 
0 
0 
0 
0 
0 
0 
0 
0 
0 
0 
0 
0 
0 
0 
1 202 
0 
0 
0 
0 
1 777 
0 
0 
0 
0 
0 
0 
0 
1 78 
0 
0 
0 
0 
0 
0 
0 
0 
0 
1 932 
0 
0 
0 
0 
0 
0 
0 
0 
0 
0 
0 
0 
0 
0 
0 
0 
0 
0 
0 
0 
0 
0 
0 
0 
1 749 
0 
1 326 
0 
0 
0 
0 
0 
0 
0 
0 
1 803 
0 
0 
0 
0 
0 
0 
0 
0 
1 123 
0 
0 
0 
0 
0 
0 
0 
0 
0 
0 
1 800 
0 
0 
0 
0 
0 
0 
0 
0 
0 
1 866 
0 
0 
0 
0 
0 
0 
0 
0 
0 
0 
0 
0 
0 
0 
1 768 
0 
0 
0 
0 
0 
0 
0 
0 
0 
0 
0 
0 
0 
0 
0 
0 
0 
0 
0 
1 304 
0 
0 
0 
0 
0 
0 
0 
0 
0 
0 
0 
0 
