810 37
0 
0 
0 
0 
0 
0 
0 
0 
0 
1 109 
0 
0 
1 762 
0 
0 
0 
0 
0 
0 
1 743 
0 
0 
0 
0 
0 
0 
0 
0 
0 
0 
0 
0 
0 
0 
0 
0 
0 
0 
0 
0 
0 
0 
0 
0 
0 
0 
0 
0 
1 140 
0 
0 
0 
0 
0 
0 
0 
0 
0 
0 
0 
0 
0 
0 
0 
0 
0 
0 
0 
0 
0 
0 
1 498 
0 
0 
0 
0 
0 
0 
0 
0 
0 
0 
0 
0 
0 
0 
1 517 
0 
0 
0 
1 160 
0 
1 742 
0 
0 
0 
0 
0 
0 
0 
0 
0 
0 
0 
0 
0 
0 
0 
0 
1 9 
0 
0 
0 
0 
0 
0 
0 
0 
0 
1 596 
0 
0 
0 
0 
0 
0 
0 
0 
0 
0 
0 
0 
0 
0 
0 
0 
0 
0 
0 
0 
1 48 
0 
0 
0 
0 
0 
0 
0 
0 
1 779 
0 
0 
0 
0 
0 
0 
0 
0 
0 
0 
1 90 
0 
0 
0 
1 474 
0 
0 
0 
0 
0 
0 
0 
0 
0 
0 
0 
0 
0 
0 
0 
0 
0 
0 
0 
0 
0 
0 
0 
0 
0 
0 
0 
0 
0 
0 
0 
0 
0 
0 
0 
0 
0 
1 486 
0 
0 
0 
1 725 
0 
0 
0 
0 
0 
0 
0 
0 
0 
0 
0 
0 
0 
0 
0 
0 
0 
0 
0 
0 
0 
0 
0 
0 
0 
0 
0 
0 
0 
1 780 
1 587 
0 
0 
0 
0 
0 
0 
0 
0 
0 
0 
0 
0 
0 
0 
0 
0 
0 
0 
0 
0 
0 
0 
0 
0 
0 
0 
0 
0 
0 
0 
1 661 
0 
0 
0 
0 
0 
0 
0 
0 
0 
1 302 
1 319 
0 
0 
0 
0 
0 
0 
0 
0 
0 
1 688 
0 
1 643 
0 
0 
0 
0 
0 
0 
0 
0 
0 
0 
1 278 
0 
0 
1 525 
0 
0 
0 
0 
0 
0 
0 
0 
1 608 
0 
0 
0 
0 
1 279 
0 
0 
0 
0 
0 
1 455 
0 
0 
0 
1 777 
0 
0 
0 
0 
0 
0 
0 
0 
0 
0 
0 
0 
0 
0 
0 
0 
0 
0 
0 
0 
0 
0 
0 
0 
0 
0 
0 
0 
0 
0 
0 
0 
0 
0 
0 
0 
0 
0 
0 
0 
0 
0 
0 
0 
0 
0 
0 
0 
0 
0 
0 
0 
0 
0 
0 
0 
0 
0 
1 522 
0 
1 610 
0 
0 
0 
0 
0 
0 
0 
0 
0 
0 
0 
0 
1 430 
0 
0 
0 
0 
0 
0 
0 
1 608 
0 
0 
0 
0 
0 
0 
0 
0 
0 
0 
0 
0 
0 
0 
0 
0 
0 
0 
1 403 
0 
0 
0 
0 
0 
0 
0 
0 
1 553 
0 
0 
0 
0 
0 
0 
0 
0 
0 
0 
0 
0 
0 
0 
0 
1 325 
0 
0 
0 
0 
0 
0 
0 
0 
0 
0 
0 
0 
0 
0 
0 
0 
1 723 
0 
1 164 
0 
0 
0 
0 
0 
0 
0 
0 
0 
0 
0 
1 202 
0 
0 
0 
0 
0 
0 
0 
0 
0 
0 
0 
1 71 
0 
0 
0 
0 
0 
0 
0 
0 
0 
0 
0 
0 
0 
0 
0 
0 
0 
1 765 
1 86 
0 
0 
0 
0 
1 388 
0 
0 
1 305 
0 
0 
0 
0 
1 598 
0 
0 
0 
0 
0 
0 
0 
0 
0 
0 
0 
0 
0 
0 
1 602 
1 790 
0 
0 
0 
0 
0 
0 
1 439 
0 
0 
0 
0 
0 
0 
0 
0 
0 
0 
0 
1 586 
0 
0 
0 
0 
0 
0 
0 
0 
0 
0 
0 
0 
0 
0 
0 
0 
0 
1 796 
0 
0 
1 565 
1 237 
0 
0 
0 
0 
0 
0 
0 
0 
1 119 
0 
1 530 
0 
0 
0 
1 545 
0 
0 
0 
0 
0 
2 314 411 
0 
1 390 
0 
0 
0 
0 
0 
0 
0 
0 
0 
0 
0 
0 
1 758 
0 
0 
0 
0 
0 
0 
0 
0 
0 
0 
0 
0 
0 
0 
0 
0 
0 
0 
0 
1 291 
0 
0 
0 
0 
0 
0 
0 
0 
0 
0 
0 
0 
0 
0 
0 
0 
0 
1 268 
0 
0 
0 
0 
0 
0 
0 
0 
0 
0 
0 
0 
0 
0 
0 
0 
0 
0 
0 
0 
0 
0 
0 
0 
0 
0 
1 289 
0 
0 
0 
0 
0 
0 
0 
0 
0 
0 
0 
0 
0 
0 
0 
0 
0 
0 
0 
0 
0 
0 
0 
0 
0 
0 
0 
0 
0 
0 
0 
0 
0 
0 
1 472 
0 
1 206 
0 
0 
0 
0 
0 
0 
0 
0 
0 
0 
0 
0 
0 
0 
0 
0 
1 92 
1 19 
0 
0 
0 
0 
0 
0 
0 
0 
0 
0 
0 
0 
0 
0 
1 623 
0 
0 
0 
1 12 
0 
0 
1 516 
0 
0 
0 
0 
0 
0 
0 
0 
0 
0 
0 
1 329 
0 
1 149 
1 236 
0 
0 
0 
0 
0 
0 
0 
0 
0 
1 546 
0 
0 
0 
0 
0 
1 583 
0 
0 
0 
0 
0 
0 
0 
0 
0 
0 
0 
0 
0 
810 46
0 
1 566 
0 
0 
0 
0 
0 
1 50 
0 
0 
0 
0 
0 
0 
1 309 
0 
1 67 
0 
0 
0 
0 
0 
0 
0 
0 
0 
0 
1 799 
0 
0 
0 
0 
0 
0 
0 
0 
0 
0 
0 
1 217 
0 
0 
0 
0 
0 
0 
0 
0 
0 
0 
1 7 
0 
0 
0 
0 
0 
0 
0 
0 
0 
0 
0 
0 
0 
0 
0 
0 
1 16 
1 195 
0 
0 
0 
0 
0 
0 
0 
0 
0 
0 
0 
0 
0 
0 
0 
0 
0 
0 
0 
0 
0 
0 
0 
1 472 
0 
0 
1 260 
0 
0 
0 
0 
0 
0 
0 
0 
0 
0 
0 
0 
1 689 
0 
0 
0 
1 776 
0 
0 
0 
0 
0 
0 
0 
0 
0 
0 
0 
0 
0 
0 
0 
0 
0 
0 
1 218 
1 314 
0 
0 
0 
1 162 
0 
0 
0 
0 
0 
1 308 
1 645 
0 
1 233 
0 
0 
0 
0 
0 
1 275 
0 
0 
0 
0 
0 
0 
0 
1 661 
1 744 
0 
1 136 
1 597 
0 
1 379 
0 
0 
0 
0 
0 
0 
0 
0 
0 
0 
0 
1 651 
0 
0 
0 
1 406 
0 
0 
0 
2 213 643 
1 788 
0 
0 
0 
0 
1 344 
0 
0 
0 
1 68 
0 
0 
0 
1 264 
0 
1 328 
0 
0 
0 
0 
0 
0 
0 
0 
0 
0 
0 
1 185 
0 
0 
0 
1 39 
1 131 
0 
0 
0 
0 
0 
0 
0 
0 
0 
0 
0 
0 
0 
0 
2 145 622 
0 
0 
1 711 
0 
0 
0 
0 
0 
0 
0 
0 
0 
1 700 
0 
0 
0 
0 
0 
0 
0 
0 
0 
0 
0 
0 
0 
2 95 563 
0 
0 
0 
1 199 
0 
0 
0 
0 
0 
0 
0 
0 
0 
0 
1 151 
0 
0 
0 
0 
0 
0 
0 
0 
0 
0 
0 
0 
0 
0 
0 
1 527 
0 
0 
0 
0 
0 
0 
0 
0 
0 
0 
0 
0 
0 
0 
0 
0 
1 142 
1 14 
0 
0 
0 
0 
1 132 
0 
0 
0 
0 
0 
0 
0 
0 
0 
0 
0 
0 
0 
1 201 
0 
0 
0 
0 
0 
1 675 
0 
0 
0 
0 
0 
0 
0 
0 
0 
1 191 
0 
0 
0 
0 
0 
0 
0 
0 
0 
0 
0 
1 520 
0 
0 
0 
0 
0 
0 
0 
0 
0 
0 
0 
0 
0 
0 
0 
0 
0 
0 
1 601 
0 
0 
0 
1 165 
0 
0 
0 
0 
0 
0 
0 
0 
0 
0 
0 
0 
0 
0 
0 
0 
0 
0 
0 
0 
0 
0 
0 
1 505 
0 
0 
1 181 
0 
0 
0 
0 
0 
0 
0 
0 
0 
0 
0 
0 
0 
0 
0 
0 
0 
0 
1 663 
0 
0 
0 
0 
0 
0 
0 
0 
0 
0 
0 
0 
0 
0 
0 
0 
0 
0 
0 
0 
0 
0 
0 
0 
0 
0 
0 
0 
0 
0 
0 
0 
0 
0 
0 
0 
0 
0 
0 
0 
0 
0 
0 
0 
0 
0 
1 92 
0 
0 
0 
1 535 
0 
0 
0 
0 
0 
0 
0 
0 
0 
0 
0 
0 
0 
0 
0 
0 
0 
0 
0 
0 
0 
0 
0 
1 701 
0 
0 
0 
0 
1 403 
0 
0 
0 
0 
0 
0 
0 
0 
0 
0 
0 
0 
0 
0 
1 356 
0 
0 
0 
0 
0 
0 
1 291 
0 
0 
0 
0 
0 
0 
0 
1 476 
0 
0 
0 
0 
0 
0 
0 
0 
0 
0 
0 
0 
0 
0 
0 
0 
0 
0 
0 
0 
0 
0 
0 
0 
1 693 
0 
0 
1 260 
0 
0 
1 1 
0 
0 
0 
0 
0 
0 
0 
0 
0 
0 
0 
0 
0 
0 
0 
0 
0 
0 
0 
0 
0 
0 
0 
0 
0 
0 
0 
0 
0 
0 
1 163 
0 
0 
0 
1 375 
0 
0 
0 
0 
0 
0 
0 
0 
0 
0 
0 
0 
0 
0 
0 
0 
0 
0 
0 
0 
1 233 
0 
0 
0 
0 
0 
0 
0 
0 
0 
0 
0 
0 
0 
0 
0 
0 
0 
0 
0 
0 
1 185 
0 
1 143 
1 786 
0 
0 
0 
0 
1 177 
0 
0 
0 
0 
0 
0 
0 
0 
0 
1 159 
0 
1 425 
0 
0 
0 
0 
0 
0 
0 
0 
0 
0 
0 
1 334 
1 781 
0 
0 
0 
0 
0 
0 
0 
0 
0 
0 
0 
0 
1 108 
0 
0 
0 
1 560 
0 
0 
0 
0 
0 
0 
1 246 
1 500 
0 
0 
0 
0 
0 
0 
0 
0 
0 
1 236 
1 795 
0 
0 
0 
0 
0 
0 
0 
0 
0 
0 
0 
0 
0 
0 
0 
0 
0 
0 
0 
0 
0 
0 
0 
0 
0 
0 
0 
0 
0 
0 
0 
1 160 
0 
0 
0 
0 
0 
0 
0 
0 
0 
0 
0 
0 
0 
0 
0 
0 
0 
0 
0 
0 
0 
0 
0 
0 
0 
0 
0 
0 
0 
0 
0 
1 112 
0 
0 
0 
0 
1 676 
0 
0 
0 
0 
1 646 
0 
1 186 
0 
0 
0 
0 
0 
0 
1 712 
0 
0 
0 
1 27 
0 
0 
0 
0 
0 
0 
0 
0 
0 
0 
