990 40
0 
0 
0 
0 
0 
0 
0 
0 
0 
0 
0 
0 
0 
0 
0 
0 
0 
0 
0 
0 
0 
0 
0 
0 
0 
0 
0 
0 
0 
0 
0 
0 
0 
0 
1 496 
0 
0 
0 
0 
0 
0 
0 
0 
0 
0 
0 
0 
0 
0 
0 
0 
0 
0 
1 336 
0 
0 
0 
0 
1 628 
0 
0 
0 
0 
0 
0 
0 
0 
0 
0 
0 
0 
0 
0 
0 
0 
0 
1 547 
0 
0 
0 
0 
0 
0 
0 
1 631 
1 981 
0 
0 
0 
0 
0 
0 
0 
0 
0 
0 
0 
0 
0 
0 
0 
0 
0 
1 333 
0 
0 
0 
0 
0 
0 
0 
0 
0 
0 
0 
0 
0 
0 
0 
0 
0 
0 
0 
0 
0 
0 
0 
0 
0 
0 
0 
0 
0 
0 
0 
0 
0 
0 
1 910 
1 270 
0 
0 
0 
0 
0 
0 
0 
0 
0 
0 
1 401 
0 
0 
0 
0 
0 
1 348 
0 
0 
0 
0 
0 
0 
0 
0 
0 
0 
0 
0 
0 
0 
0 
0 
0 
0 
0 
0 
0 
0 
0 
0 
1 670 
0 
0 
0 
0 
0 
0 
0 
0 
0 
0 
0 
0 
0 
0 
0 
0 
0 
1 424 
0 
0 
0 
0 
0 
0 
0 
0 
1 308 
0 
0 
1 683 
0 
0 
0 
0 
0 
0 
0 
0 
0 
0 
0 
0 
0 
0 
1 914 
0 
0 
0 
0 
0 
0 
0 
0 
1 367 
0 
0 
0 
0 
0 
0 
0 
0 
0 
0 
0 
0 
0 
0 
0 
0 
1 884 
0 
0 
0 
1 602 
0 
0 
0 
0 
0 
0 
0 
0 
0 
0 
0 
0 
0 
1 139 
0 
0 
0 
0 
0 
0 
0 
0 
0 
0 
0 
0 
0 
0 
0 
0 
0 
0 
1 495 
1 876 
0 
0 
0 
0 
0 
0 
0 
0 
0 
0 
0 
0 
0 
0 
1 476 
0 
0 
1 208 
0 
1 891 
0 
0 
0 
0 
0 
0 
0 
0 
0 
0 
1 600 
0 
0 
0 
0 
0 
0 
0 
0 
0 
0 
0 
1 103 
0 
0 
1 53 
0 
0 
0 
0 
0 
0 
0 
0 
0 
0 
0 
1 156 
0 
0 
0 
0 
0 
0 
0 
0 
0 
0 
0 
0 
0 
0 
0 
0 
0 
0 
1 235 
0 
0 
0 
0 
0 
0 
0 
0 
0 
0 
0 
0 
0 
1 747 
0 
0 
0 
0 
0 
0 
0 
0 
0 
1 406 
0 
0 
0 
0 
0 
0 
0 
0 
0 
1 150 
0 
0 
0 
0 
1 391 
0 
0 
0 
0 
0 
0 
0 
0 
0 
0 
0 
0 
0 
0 
0 
0 
0 
1 199 
0 
0 
0 
0 
0 
0 
0 
0 
0 
0 
0 
0 
0 
0 
0 
0 
0 
0 
0 
0 
0 
0 
0 
0 
0 
0 
0 
0 
0 
0 
0 
1 862 
0 
0 
0 
0 
0 
0 
0 
0 
0 
0 
0 
0 
0 
0 
0 
0 
0 
0 
0 
1 305 
0 
0 
0 
0 
0 
0 
0 
0 
0 
0 
0 
0 
0 
0 
0 
0 
0 
1 511 
1 289 
1 34 
0 
0 
0 
0 
0 
0 
0 
0 
0 
0 
0 
0 
0 
0 
1 494 
1 731 
0 
0 
0 
0 
0 
0 
2 522 906 
0 
0 
1 519 
0 
0 
0 
0 
0 
0 
0 
0 
0 
0 
0 
0 
0 
0 
0 
0 
0 
1 814 
0 
0 
0 
0 
0 
0 
1 76 
0 
0 
0 
0 
0 
1 720 
0 
0 
0 
0 
0 
0 
0 
0 
0 
0 
0 
0 
0 
0 
0 
0 
0 
0 
0 
0 
0 
0 
0 
0 
0 
0 
0 
0 
0 
0 
1 629 
0 
0 
0 
0 
1 790 
0 
0 
0 
0 
0 
0 
0 
0 
0 
0 
1 321 
0 
1 256 
0 
0 
0 
0 
0 
0 
0 
0 
0 
0 
0 
0 
0 
0 
0 
0 
0 
0 
0 
0 
1 925 
0 
0 
0 
0 
1 58 
1 584 
0 
1 84 
0 
0 
0 
0 
0 
0 
0 
0 
0 
0 
0 
0 
0 
0 
0 
0 
0 
0 
0 
0 
0 
0 
0 
0 
0 
0 
0 
0 
0 
0 
0 
0 
0 
0 
0 
0 
0 
0 
1 181 
0 
0 
0 
0 
0 
0 
0 
0 
0 
0 
0 
0 
1 211 
0 
0 
0 
1 787 
1 694 
0 
0 
0 
0 
0 
1 688 
0 
0 
0 
0 
0 
0 
0 
0 
0 
0 
0 
0 
0 
0 
0 
0 
0 
0 
0 
0 
0 
0 
0 
0 
0 
1 553 
0 
0 
0 
0 
0 
0 
0 
0 
0 
0 
1 512 
0 
0 
0 
0 
0 
0 
0 
0 
0 
0 
0 
0 
0 
0 
0 
1 381 
0 
0 
0 
0 
0 
0 
0 
0 
0 
0 
0 
0 
0 
0 
0 
0 
0 
0 
0 
0 
0 
0 
0 
0 
0 
0 
0 
0 
0 
0 
0 
0 
0 
0 
0 
0 
0 
0 
0 
1 687 
0 
0 
1 589 
0 
0 
0 
0 
0 
0 
0 
0 
0 
0 
0 
1 935 
0 
0 
0 
0 
0 
0 
0 
0 
0 
0 
0 
1 540 
0 
0 
0 
0 
0 
0 
0 
0 
0 
0 
0 
0 
0 
0 
0 
0 
0 
0 
0 
0 
0 
0 
0 
1 869 
0 
0 
0 
0 
0 
0 
0 
0 
0 
0 
0 
0 
0 
0 
0 
0 
0 
0 
0 
0 
0 
0 
0 
1 456 
0 
0 
0 
0 
0 
0 
1 838 
0 
0 
0 
0 
0 
0 
1 290 
0 
0 
0 
0 
0 
0 
0 
1 252 
0 
0 
0 
0 
0 
0 
1 310 
0 
0 
0 
0 
0 
0 
0 
0 
0 
0 
0 
0 
0 
0 
1 519 
0 
0 
0 
1 138 
0 
0 
0 
1 226 
0 
0 
0 
0 
0 
0 
0 
0 
0 
0 
1 623 
0 
0 
0 
0 
0 
0 
0 
0 
0 
1 802 
0 
0 
0 
0 
0 
0 
0 
0 
0 
0 
0 
0 
0 
0 
0 
0 
0 
0 
0 
0 
0 
0 
0 
0 
0 
0 
0 
0 
0 
0 
0 
0 
0 
0 
0 
0 
0 
0 
0 
0 
0 
0 
0 
0 
0 
1 85 
0 
0 
0 
0 
0 
0 
0 
0 
990 41
0 
0 
0 
0 
0 
0 
0 
0 
0 
0 
0 
0 
0 
0 
0 
0 
1 292 
1 881 
1 40 
0 
0 
1 81 
0 
0 
0 
0 
1 412 
0 
0 
0 
0 
0 
0 
0 
0 
0 
0 
0 
0 
0 
1 18 
0 
1 79 
0 
1 408 
0 
0 
0 
0 
0 
0 
0 
0 
0 
0 
1 894 
1 454 
0 
1 66 
0 
0 
0 
0 
0 
0 
1 736 
1 58 
1 307 
0 
0 
0 
0 
0 
0 
0 
0 
0 
1 449 
0 
1 42 
0 
1 21 
0 
0 
0 
0 
0 
1 648 
0 
0 
0 
0 
0 
0 
0 
0 
0 
0 
0 
0 
0 
1 361 
0 
0 
0 
0 
0 
0 
0 
0 
0 
2 167 294 
0 
0 
0 
0 
0 
0 
0 
0 
0 
0 
0 
0 
0 
0 
0 
0 
0 
0 
0 
0 
0 
0 
0 
0 
0 
0 
0 
0 
0 
0 
0 
0 
0 
0 
0 
0 
0 
0 
0 
0 
0 
0 
0 
0 
0 
0 
0 
0 
0 
0 
0 
0 
0 
0 
0 
1 111 
0 
0 
0 
0 
0 
0 
0 
0 
0 
0 
0 
0 
0 
0 
0 
0 
0 
0 
0 
1 888 
0 
0 
0 
0 
0 
0 
0 
0 
0 
0 
0 
0 
0 
0 
0 
0 
0 
0 
0 
0 
0 
0 
0 
0 
0 
0 
0 
0 
0 
0 
0 
0 
0 
0 
0 
0 
0 
0 
0 
0 
0 
0 
0 
0 
0 
0 
0 
0 
0 
0 
0 
0 
0 
0 
0 
0 
0 
0 
0 
0 
0 
1 597 
0 
0 
0 
0 
0 
0 
0 
0 
0 
0 
0 
0 
0 
0 
0 
0 
0 
0 
0 
0 
0 
0 
0 
0 
0 
0 
0 
0 
0 
0 
0 
0 
0 
0 
0 
0 
1 565 
0 
0 
0 
0 
1 703 
1 16 
0 
1 111 
0 
0 
0 
0 
1 624 
0 
0 
0 
1 791 
0 
0 
0 
2 67 556 
0 
0 
0 
0 
0 
0 
0 
0 
0 
0 
0 
0 
0 
0 
0 
0 
0 
0 
0 
0 
0 
0 
0 
0 
0 
0 
0 
0 
0 
0 
0 
0 
0 
0 
0 
0 
0 
0 
0 
0 
0 
0 
0 
0 
0 
0 
0 
0 
0 
0 
0 
0 
0 
1 101 
0 
0 
0 
0 
0 
0 
0 
0 
0 
0 
0 
0 
0 
0 
0 
0 
0 
0 
0 
0 
0 
1 585 
1 412 
0 
0 
0 
0 
0 
0 
0 
0 
0 
0 
0 
0 
0 
0 
0 
0 
0 
0 
0 
0 
0 
0 
0 
1 44 
0 
1 562 
0 
2 26 384 
0 
0 
0 
0 
0 
1 454 
0 
0 
0 
0 
0 
0 
0 
0 
0 
0 
0 
0 
0 
0 
0 
0 
0 
0 
0 
0 
0 
0 
0 
0 
0 
0 
0 
1 749 
0 
0 
1 77 
0 
0 
0 
0 
2 56 418 
0 
0 
0 
0 
0 
0 
0 
0 
0 
0 
0 
0 
0 
0 
0 
0 
1 861 
0 
0 
0 
0 
0 
0 
0 
0 
0 
0 
0 
0 
0 
0 
0 
0 
0 
0 
0 
0 
0 
0 
0 
0 
0 
0 
0 
0 
1 669 
0 
0 
0 
1 520 
0 
0 
0 
0 
0 
0 
0 
0 
0 
0 
0 
0 
0 
0 
0 
1 504 
0 
0 
0 
0 
0 
0 
0 
0 
0 
0 
0 
0 
0 
0 
0 
0 
0 
0 
0 
0 
0 
0 
0 
0 
0 
0 
0 
0 
0 
0 
0 
0 
0 
0 
0 
1 307 
0 
0 
0 
0 
1 740 
1 410 
0 
0 
1 286 
0 
0 
0 
0 
0 
0 
0 
0 
0 
0 
0 
0 
0 
0 
0 
0 
0 
0 
0 
1 383 
0 
0 
0 
0 
0 
0 
0 
0 
0 
0 
0 
1 249 
0 
0 
0 
0 
0 
0 
0 
0 
0 
0 
0 
0 
0 
0 
0 
0 
0 
0 
0 
0 
0 
0 
0 
0 
0 
0 
1 299 
0 
0 
0 
0 
0 
0 
0 
0 
0 
0 
0 
0 
0 
0 
0 
0 
0 
0 
0 
0 
0 
0 
0 
1 87 
0 
0 
0 
0 
0 
0 
0 
0 
0 
0 
0 
0 
0 
0 
0 
0 
0 
0 
0 
0 
1 500 
0 
0 
0 
0 
0 
0 
0 
0 
0 
0 
0 
0 
0 
0 
0 
1 932 
0 
0 
0 
0 
0 
0 
0 
0 
0 
0 
0 
0 
0 
0 
1 728 
0 
0 
1 291 
0 
0 
1 770 
0 
0 
0 
0 
0 
0 
0 
0 
0 
0 
0 
0 
0 
0 
0 
1 822 
0 
1 802 
0 
0 
0 
1 700 
0 
0 
0 
0 
0 
0 
0 
1 65 
0 
0 
0 
1 561 
0 
0 
0 
0 
0 
0 
0 
0 
1 446 
0 
0 
0 
0 
0 
0 
0 
0 
0 
0 
0 
1 802 
0 
0 
0 
0 
0 
0 
0 
0 
1 706 
0 
0 
0 
0 
0 
0 
0 
0 
0 
0 
0 
0 
0 
0 
0 
0 
0 
0 
0 
0 
1 303 
0 
0 
0 
0 
0 
0 
0 
0 
0 
0 
2 724 761 
0 
0 
0 
0 
0 
0 
1 813 
0 
0 
0 
1 809 
0 
0 
0 
0 
0 
0 
0 
0 
1 722 
0 
0 
0 
0 
0 
0 
0 
0 
0 
0 
0 
0 
0 
0 
0 
0 
0 
0 
0 
0 
0 
0 
0 
0 
0 
1 910 
0 
0 
0 
0 
0 
0 
0 
0 
0 
0 
0 
0 
1 471 
0 
0 
0 
0 
0 
0 
0 
0 
0 
0 
0 
0 
0 
0 
0 
0 
0 
0 
0 
1 17 
0 
0 
0 
0 
0 
0 
1 187 
0 
0 
0 
0 
0 
1 55 
0 
0 
0 
0 
0 
0 
0 
0 
0 
0 
0 
0 
0 
0 
0 
1 848 
0 
0 
0 
0 
0 
0 
0 
0 
0 
0 
0 
0 
0 
0 
0 
0 
0 
0 
0 
0 
0 
1 685 
0 
0 
0 
0 
0 
0 
0 
0 
0 
0 
0 
0 
0 
0 
0 
0 
0 
0 
0 
0 
0 
0 
0 
0 
0 
0 
0 
0 
0 
0 
0 
0 
0 
0 
0 
0 
0 
0 
0 
0 
0 
0 
0 
0 
0 
0 
0 
0 
0 
0 
0 
0 
0 
0 
0 
0 
0 
