250 13
0 
0 
0 
0 
0 
0 
0 
0 
0 
1 162 
0 
0 
1 191 
0 
0 
0 
0 
0 
0 
0 
1 76 
0 
0 
0 
0 
0 
0 
0 
0 
1 34 
0 
0 
0 
0 
1 29 
0 
0 
0 
0 
0 
1 122 
0 
0 
0 
0 
0 
0 
0 
0 
0 
0 
0 
1 247 
0 
0 
0 
0 
0 
0 
0 
0 
0 
1 154 
0 
0 
0 
0 
0 
0 
0 
0 
1 183 
0 
0 
0 
0 
1 20 
0 
0 
0 
1 155 
0 
0 
0 
0 
0 
0 
0 
0 
0 
0 
0 
0 
0 
0 
0 
0 
0 
1 104 
0 
0 
0 
0 
0 
1 98 
0 
0 
0 
0 
0 
0 
0 
1 249 
1 236 
0 
0 
0 
0 
0 
0 
0 
0 
1 40 
0 
0 
0 
0 
0 
0 
0 
0 
0 
0 
0 
0 
0 
0 
0 
0 
0 
1 233 
0 
0 
0 
0 
0 
0 
0 
0 
0 
0 
0 
0 
0 
1 62 
1 80 
0 
0 
0 
0 
0 
0 
1 9 
0 
0 
0 
0 
0 
0 
0 
0 
0 
0 
0 
0 
0 
0 
0 
0 
0 
0 
0 
0 
1 71 
0 
0 
0 
0 
0 
0 
0 
1 12 
0 
0 
0 
0 
0 
0 
0 
0 
0 
0 
0 
0 
0 
0 
0 
0 
0 
0 
0 
0 
0 
0 
0 
0 
0 
0 
0 
0 
0 
0 
0 
0 
0 
0 
0 
0 
0 
0 
0 
0 
0 
1 140 
0 
0 
1 113 
0 
0 
0 
0 
0 
0 
0 
0 
0 
0 
1 52 
0 
1 112 
250 9
0 
0 
0 
0 
0 
0 
0 
0 
0 
0 
0 
0 
0 
0 
0 
0 
0 
0 
0 
0 
0 
0 
0 
0 
0 
0 
0 
0 
0 
0 
0 
0 
0 
0 
0 
0 
0 
0 
0 
0 
0 
0 
0 
0 
0 
0 
0 
0 
0 
0 
0 
0 
0 
0 
0 
0 
0 
0 
0 
0 
0 
0 
0 
0 
0 
0 
1 226 
0 
0 
0 
0 
0 
0 
0 
0 
0 
0 
0 
0 
0 
0 
0 
0 
0 
0 
0 
0 
0 
0 
0 
0 
0 
0 
0 
0 
0 
0 
0 
0 
1 141 
0 
0 
0 
1 136 
0 
0 
0 
0 
0 
0 
0 
0 
0 
0 
0 
0 
0 
0 
0 
0 
0 
0 
0 
1 155 
0 
0 
0 
0 
0 
0 
0 
0 
0 
0 
0 
0 
1 103 
0 
0 
0 
0 
1 99 
0 
0 
0 
0 
0 
0 
0 
0 
0 
0 
1 223 
0 
0 
2 123 218 
0 
0 
0 
0 
0 
0 
0 
0 
0 
0 
0 
0 
0 
0 
0 
0 
0 
0 
0 
0 
0 
0 
0 
0 
0 
0 
0 
0 
0 
0 
0 
0 
0 
0 
0 
0 
0 
1 221 
0 
0 
0 
0 
0 
0 
0 
0 
0 
0 
0 
0 
0 
0 
0 
0 
0 
1 214 
0 
0 
1 211 
0 
0 
0 
1 155 
0 
0 
2 193 236 
0 
1 152 
0 
0 
1 66 
0 
0 
0 
0 
0 
0 
0 
0 
0 
1 221 
0 
0 
0 
0 
0 
0 
0 
0 
0 
0 
0 
0 
0 
