1000 39
0 
0 
0 
0 
0 
0 
0 
0 
0 
0 
0 
0 
0 
0 
0 
0 
0 
0 
0 
0 
0 
0 
0 
0 
0 
0 
0 
0 
0 
0 
0 
0 
0 
0 
1 156 
0 
0 
0 
0 
0 
0 
0 
0 
0 
0 
0 
0 
0 
0 
0 
0 
0 
1 752 
0 
0 
0 
0 
1 989 
0 
0 
0 
0 
0 
0 
0 
0 
0 
0 
0 
0 
0 
0 
0 
0 
0 
1 710 
0 
0 
0 
0 
0 
0 
0 
1 706 
0 
1 131 
0 
0 
0 
0 
0 
0 
0 
0 
0 
0 
0 
0 
0 
0 
0 
0 
1 199 
0 
0 
0 
0 
0 
0 
0 
0 
0 
0 
0 
0 
0 
0 
0 
0 
0 
0 
0 
0 
0 
0 
0 
0 
0 
0 
0 
0 
1 85 
0 
0 
0 
0 
0 
2 391 601 
0 
0 
0 
0 
0 
0 
0 
0 
0 
0 
1 600 
0 
0 
0 
0 
0 
1 475 
0 
1 34 
0 
0 
0 
0 
0 
0 
0 
0 
0 
0 
0 
0 
0 
0 
0 
0 
0 
0 
0 
0 
0 
0 
1 497 
0 
0 
0 
0 
0 
0 
0 
0 
0 
0 
0 
0 
0 
0 
0 
0 
1 837 
0 
0 
1 102 
0 
0 
0 
0 
0 
1 604 
0 
0 
1 940 
0 
0 
0 
0 
0 
0 
0 
0 
0 
0 
0 
0 
0 
0 
1 976 
0 
0 
0 
0 
0 
0 
0 
0 
1 312 
0 
0 
0 
0 
0 
0 
0 
0 
0 
0 
0 
0 
0 
0 
0 
0 
1 608 
0 
0 
0 
1 274 
0 
0 
0 
0 
0 
0 
0 
0 
0 
0 
0 
0 
0 
0 
0 
0 
0 
0 
0 
0 
1 253 
0 
0 
0 
0 
0 
0 
0 
0 
0 
0 
1 451 
1 818 
0 
0 
0 
0 
0 
0 
0 
0 
0 
0 
0 
0 
0 
0 
0 
0 
0 
0 
0 
1 553 
0 
0 
0 
0 
0 
1 232 
0 
0 
0 
1 790 
0 
0 
0 
0 
0 
0 
0 
0 
0 
0 
0 
0 
0 
0 
0 
0 
0 
0 
0 
0 
0 
0 
0 
0 
0 
0 
0 
0 
0 
0 
0 
0 
0 
0 
0 
0 
0 
0 
0 
0 
0 
0 
0 
0 
0 
0 
0 
0 
0 
0 
0 
0 
0 
0 
0 
0 
0 
0 
1 660 
0 
0 
0 
0 
0 
0 
0 
0 
1 773 
0 
0 
0 
0 
0 
0 
1 137 
0 
0 
0 
0 
0 
0 
0 
0 
0 
0 
0 
0 
0 
0 
0 
0 
0 
0 
0 
0 
0 
0 
0 
0 
0 
0 
0 
0 
0 
0 
0 
0 
0 
0 
0 
0 
0 
0 
0 
0 
0 
0 
0 
0 
0 
0 
0 
0 
0 
0 
0 
0 
0 
0 
0 
0 
1 674 
0 
0 
1 285 
0 
0 
0 
0 
0 
0 
0 
0 
0 
0 
0 
0 
0 
0 
0 
0 
0 
0 
0 
0 
0 
0 
0 
1 154 
0 
0 
0 
0 
0 
0 
0 
0 
1 666 
0 
0 
0 
0 
0 
0 
0 
0 
0 
0 
0 
0 
1 179 
0 
0 
0 
0 
1 526 
0 
0 
0 
0 
0 
1 667 
1 561 
0 
0 
0 
0 
0 
0 
0 
0 
0 
0 
0 
0 
0 
0 
0 
0 
1 502 
0 
1 988 
0 
0 
0 
0 
0 
0 
0 
0 
0 
0 
0 
0 
1 608 
0 
0 
0 
0 
0 
0 
0 
0 
0 
0 
0 
1 306 
0 
0 
0 
0 
0 
0 
0 
1 509 
0 
0 
0 
0 
0 
0 
0 
0 
1 690 
0 
0 
0 
0 
1 731 
0 
0 
0 
0 
0 
0 
0 
0 
0 
0 
0 
0 
0 
0 
0 
0 
0 
0 
0 
0 
0 
0 
0 
0 
1 148 
1 137 
0 
0 
1 205 
0 
0 
1 831 
2 249 541 
0 
0 
0 
0 
0 
0 
0 
0 
0 
0 
0 
0 
0 
0 
0 
0 
0 
0 
0 
0 
0 
0 
0 
0 
0 
0 
0 
0 
0 
0 
0 
0 
0 
0 
0 
0 
0 
0 
0 
0 
0 
0 
0 
0 
0 
0 
0 
0 
0 
0 
0 
1 375 
0 
0 
0 
0 
0 
3 484 679 887 
1 508 
0 
0 
0 
0 
0 
0 
1 448 
0 
0 
0 
0 
1 666 
0 
0 
0 
0 
0 
0 
0 
0 
0 
0 
1 570 
0 
0 
0 
0 
0 
0 
0 
0 
0 
0 
0 
0 
0 
0 
0 
1 83 
0 
0 
0 
1 75 
0 
0 
0 
0 
0 
0 
0 
0 
0 
0 
0 
0 
0 
0 
0 
0 
0 
0 
0 
0 
1 575 
0 
0 
0 
0 
0 
0 
0 
0 
0 
0 
0 
0 
0 
0 
0 
0 
0 
0 
0 
0 
1 52 
0 
0 
0 
0 
0 
0 
0 
0 
0 
0 
0 
0 
1 870 
0 
0 
0 
0 
0 
0 
0 
1 384 
0 
0 
0 
0 
0 
0 
0 
0 
0 
0 
0 
0 
0 
0 
0 
0 
1 316 
0 
1 930 
0 
0 
0 
0 
0 
0 
0 
0 
0 
0 
0 
0 
0 
0 
0 
0 
0 
0 
0 
0 
0 
0 
0 
0 
0 
1 286 
0 
0 
0 
0 
0 
0 
0 
0 
0 
0 
0 
0 
1 607 
0 
0 
0 
0 
0 
1 196 
0 
0 
0 
0 
0 
0 
0 
0 
0 
0 
0 
0 
0 
0 
0 
0 
0 
0 
0 
0 
0 
0 
0 
0 
0 
0 
0 
0 
0 
0 
0 
0 
1 765 
0 
0 
0 
0 
0 
0 
0 
0 
0 
0 
0 
0 
0 
0 
0 
0 
1 666 
0 
0 
0 
0 
0 
0 
0 
0 
0 
0 
0 
0 
0 
0 
0 
0 
0 
0 
0 
0 
0 
0 
0 
0 
0 
0 
0 
0 
0 
0 
0 
0 
0 
0 
0 
0 
0 
0 
0 
0 
0 
0 
1 792 
0 
0 
0 
0 
0 
0 
0 
0 
0 
1 208 
0 
0 
0 
0 
0 
0 
0 
0 
0 
0 
0 
0 
0 
0 
0 
0 
0 
0 
0 
0 
0 
0 
0 
0 
0 
0 
0 
0 
0 
0 
0 
0 
0 
0 
0 
1 223 
0 
0 
0 
0 
0 
0 
0 
0 
0 
0 
0 
1 528 
1 57 
0 
0 
0 
0 
0 
0 
0 
0 
0 
0 
1000 43
0 
0 
0 
0 
0 
0 
1 62 
2 631 761 
0 
0 
1 739 
0 
0 
0 
0 
1 965 
0 
0 
0 
0 
0 
0 
0 
0 
0 
0 
0 
0 
0 
0 
0 
1 296 
0 
1 583 
0 
0 
0 
0 
0 
0 
0 
0 
0 
0 
1 838 
1 377 
1 899 
0 
0 
0 
0 
0 
0 
0 
1 470 
1 942 
0 
0 
0 
0 
0 
0 
1 6 
0 
0 
1 864 
0 
0 
0 
0 
0 
0 
0 
0 
0 
1 843 
0 
0 
0 
0 
0 
0 
0 
0 
0 
0 
0 
0 
0 
1 248 
0 
0 
0 
0 
0 
0 
0 
0 
2 734 861 
0 
0 
0 
0 
0 
0 
0 
0 
0 
0 
0 
0 
0 
0 
0 
0 
0 
0 
0 
0 
0 
0 
0 
0 
0 
0 
0 
0 
0 
0 
0 
0 
0 
0 
0 
0 
0 
0 
0 
0 
0 
0 
0 
0 
0 
0 
0 
0 
0 
0 
0 
0 
0 
0 
0 
0 
0 
0 
0 
0 
0 
0 
0 
0 
0 
0 
0 
0 
0 
0 
0 
0 
0 
0 
1 532 
0 
0 
0 
0 
0 
0 
0 
0 
0 
0 
0 
0 
0 
0 
0 
0 
0 
0 
0 
0 
0 
0 
0 
0 
0 
0 
0 
0 
0 
0 
0 
0 
0 
0 
0 
0 
0 
0 
0 
0 
0 
0 
0 
0 
0 
0 
0 
0 
0 
0 
0 
0 
0 
0 
0 
0 
0 
0 
0 
1 282 
0 
0 
0 
0 
0 
0 
0 
0 
0 
0 
0 
0 
0 
0 
1 89 
0 
0 
0 
0 
0 
0 
0 
0 
0 
0 
0 
0 
0 
0 
0 
0 
0 
0 
0 
1 747 
0 
0 
0 
0 
1 745 
0 
0 
0 
0 
0 
0 
0 
1 442 
1 233 
0 
0 
1 497 
0 
0 
1 860 
0 
0 
0 
0 
0 
0 
0 
1 31 
0 
0 
0 
0 
0 
0 
0 
0 
0 
0 
0 
0 
0 
0 
0 
0 
0 
0 
0 
0 
0 
0 
0 
0 
0 
0 
0 
0 
0 
0 
0 
0 
0 
0 
0 
0 
0 
0 
0 
0 
0 
0 
0 
0 
0 
0 
0 
0 
0 
0 
0 
0 
0 
0 
0 
0 
0 
0 
0 
0 
0 
0 
0 
0 
1 593 
1 388 
0 
0 
0 
0 
0 
0 
0 
0 
0 
0 
0 
0 
0 
0 
1 45 
0 
0 
0 
0 
0 
0 
0 
0 
1 929 
0 
1 362 
0 
0 
0 
0 
0 
1 549 
0 
0 
0 
0 
0 
0 
0 
0 
0 
0 
0 
0 
0 
0 
0 
0 
0 
0 
0 
0 
0 
0 
0 
0 
0 
0 
1 469 
0 
0 
0 
0 
0 
0 
0 
0 
0 
0 
0 
0 
0 
0 
0 
0 
0 
0 
0 
0 
1 281 
0 
1 813 
0 
0 
0 
0 
0 
0 
0 
0 
0 
0 
0 
0 
0 
0 
0 
0 
0 
0 
0 
0 
0 
0 
0 
0 
1 421 
1 54 
1 601 
0 
0 
1 820 
0 
0 
0 
0 
0 
0 
0 
0 
0 
0 
0 
0 
0 
0 
0 
0 
0 
0 
0 
0 
0 
0 
1 285 
0 
0 
0 
0 
0 
0 
0 
0 
0 
0 
0 
0 
0 
0 
0 
0 
0 
0 
0 
0 
0 
0 
0 
0 
0 
0 
0 
0 
0 
1 638 
0 
0 
0 
0 
1 173 
0 
0 
0 
0 
0 
0 
0 
0 
0 
0 
0 
0 
0 
0 
0 
0 
1 394 
0 
0 
0 
0 
0 
0 
0 
0 
0 
0 
0 
0 
0 
0 
0 
0 
0 
0 
0 
0 
0 
0 
0 
0 
0 
0 
0 
0 
0 
0 
0 
0 
0 
1 33 
0 
0 
0 
0 
0 
0 
0 
0 
0 
1 361 
0 
0 
0 
0 
0 
0 
0 
1 471 
0 
0 
0 
0 
0 
0 
0 
0 
0 
0 
0 
0 
0 
0 
0 
0 
0 
0 
0 
0 
0 
0 
0 
0 
0 
0 
0 
0 
0 
1 7 
0 
0 
0 
0 
1 699 
0 
1 527 
0 
0 
0 
0 
0 
0 
0 
0 
0 
1 657 
0 
0 
0 
0 
1 672 
0 
0 
0 
1 648 
0 
0 
0 
0 
0 
0 
0 
0 
1 709 
1 888 
0 
0 
0 
0 
1 653 
0 
0 
0 
0 
0 
0 
0 
0 
0 
0 
0 
0 
0 
0 
0 
0 
0 
0 
0 
0 
0 
0 
0 
1 797 
0 
0 
1 636 
0 
0 
0 
0 
0 
0 
0 
0 
0 
1 666 
0 
0 
0 
0 
0 
0 
0 
0 
0 
0 
0 
0 
0 
0 
0 
0 
0 
0 
0 
0 
1 869 
0 
0 
0 
1 98 
0 
0 
0 
0 
1 10 
0 
0 
0 
0 
0 
1 273 
0 
1 268 
0 
0 
0 
0 
0 
0 
0 
1 806 
0 
0 
0 
0 
0 
1 7 
0 
0 
0 
0 
0 
0 
0 
0 
0 
0 
0 
0 
0 
0 
0 
0 
0 
0 
0 
0 
0 
0 
0 
0 
0 
0 
0 
0 
0 
0 
0 
0 
0 
0 
0 
1 696 
0 
0 
0 
0 
0 
0 
0 
0 
1 755 
0 
0 
0 
0 
0 
0 
1 444 
0 
0 
0 
0 
0 
0 
1 474 
0 
0 
0 
0 
0 
0 
0 
0 
0 
0 
0 
0 
0 
0 
0 
0 
0 
1 44 
0 
0 
0 
0 
1 75 
0 
0 
0 
0 
0 
0 
0 
0 
0 
0 
0 
0 
0 
0 
1 912 
0 
1 288 
1 98 
0 
0 
1 65 
0 
0 
0 
0 
1 730 
0 
0 
0 
0 
0 
0 
0 
0 
0 
0 
0 
0 
0 
0 
0 
0 
0 
0 
1 667 
0 
0 
0 
0 
0 
0 
0 
0 
0 
0 
1 46 
0 
0 
0 
0 
0 
0 
0 
0 
0 
0 
0 
0 
1 858 
0 
0 
0 
0 
0 
0 
0 
0 
0 
0 
0 
0 
0 
0 
0 
0 
1 386 
0 
0 
0 
0 
0 
0 
0 
0 
0 
0 
0 
0 
1 55 
0 
0 
0 
0 
1 973 
0 
0 
0 
0 
0 
0 
0 
0 
0 
0 
0 
0 
0 
0 
0 
0 
0 
1 15 
0 
0 
0 
0 
0 
0 
0 
1 947 
0 
0 
0 
0 
0 
0 
0 
0 
0 
0 
0 
0 
0 
0 
0 
0 
0 
0 
0 
0 
0 
0 
0 
0 
0 
0 
