800 37
0 
0 
0 
0 
0 
0 
0 
0 
0 
1 199 
0 
0 
0 
1 96 
0 
0 
0 
0 
0 
0 
1 154 
0 
0 
0 
0 
0 
0 
0 
0 
0 
0 
0 
0 
0 
0 
0 
0 
0 
0 
0 
0 
0 
0 
0 
0 
0 
0 
0 
1 620 
0 
0 
0 
0 
0 
0 
0 
0 
0 
0 
0 
0 
0 
0 
0 
0 
0 
0 
0 
0 
0 
0 
0 
1 481 
0 
0 
0 
0 
0 
0 
0 
0 
0 
0 
0 
0 
0 
0 
1 665 
0 
0 
0 
1 352 
0 
0 
1 251 
0 
1 13 
0 
0 
0 
0 
0 
0 
0 
0 
0 
0 
0 
0 
0 
0 
0 
0 
0 
0 
0 
0 
0 
0 
0 
0 
1 429 
0 
0 
0 
0 
0 
0 
0 
0 
0 
0 
0 
0 
0 
0 
0 
0 
0 
0 
0 
0 
0 
0 
0 
0 
0 
0 
0 
0 
0 
0 
1 325 
0 
1 20 
0 
0 
0 
0 
0 
0 
0 
0 
0 
0 
0 
0 
1 215 
0 
0 
0 
0 
0 
0 
0 
0 
0 
0 
0 
0 
0 
0 
0 
0 
0 
0 
0 
0 
0 
0 
0 
0 
0 
0 
0 
0 
0 
0 
0 
1 9 
0 
0 
0 
0 
0 
1 721 
0 
0 
0 
0 
1 423 
0 
0 
0 
0 
1 167 
0 
0 
0 
0 
0 
0 
0 
0 
0 
0 
0 
0 
0 
0 
0 
0 
0 
0 
0 
0 
0 
0 
0 
0 
0 
2 340 719 
0 
0 
0 
0 
0 
0 
0 
0 
0 
1 94 
0 
0 
0 
0 
0 
0 
0 
0 
0 
0 
0 
0 
0 
0 
0 
0 
0 
0 
0 
0 
0 
1 701 
0 
0 
0 
0 
0 
0 
0 
0 
0 
1 492 
1 524 
0 
0 
0 
0 
0 
0 
0 
0 
0 
0 
1 539 
0 
1 526 
0 
0 
0 
0 
0 
0 
0 
0 
0 
0 
0 
0 
0 
1 632 
0 
0 
0 
0 
0 
0 
0 
0 
0 
1 381 
0 
0 
0 
1 152 
0 
0 
0 
0 
0 
0 
1 415 
0 
0 
0 
0 
1 343 
0 
0 
1 241 
0 
0 
1 337 
0 
0 
0 
0 
0 
0 
0 
0 
1 91 
0 
0 
0 
0 
0 
0 
0 
0 
0 
0 
0 
0 
0 
0 
0 
0 
0 
0 
0 
0 
0 
0 
0 
0 
0 
0 
0 
0 
1 321 
0 
0 
0 
0 
0 
0 
0 
0 
0 
0 
0 
0 
0 
0 
0 
1 748 
0 
0 
1 475 
0 
0 
0 
0 
0 
0 
0 
0 
0 
0 
0 
0 
1 555 
0 
1 332 
0 
0 
0 
0 
0 
0 
1 516 
1 210 
0 
0 
0 
0 
0 
1 121 
0 
0 
0 
0 
0 
0 
0 
0 
0 
0 
0 
0 
0 
0 
0 
0 
0 
0 
0 
0 
0 
1 701 
0 
0 
0 
0 
0 
0 
0 
0 
0 
0 
0 
0 
0 
0 
0 
0 
0 
0 
0 
0 
0 
0 
0 
1 400 
0 
0 
0 
0 
0 
1 72 
0 
0 
0 
0 
0 
1 658 
0 
0 
0 
0 
1 283 
0 
0 
0 
0 
0 
0 
0 
0 
0 
0 
0 
0 
0 
0 
0 
0 
0 
0 
0 
0 
0 
0 
0 
1 422 
0 
0 
0 
0 
0 
0 
0 
1 284 
0 
1 297 
0 
0 
0 
0 
0 
0 
0 
0 
1 738 
0 
0 
0 
1 295 
0 
0 
0 
0 
0 
0 
0 
0 
0 
0 
1 728 
0 
0 
0 
0 
1 413 
0 
0 
0 
0 
0 
0 
0 
0 
0 
0 
0 
1 717 
0 
1 707 
0 
0 
0 
0 
0 
0 
0 
0 
0 
0 
0 
0 
0 
0 
0 
0 
0 
0 
0 
0 
1 711 
0 
0 
0 
0 
0 
0 
0 
0 
0 
0 
0 
0 
0 
0 
0 
0 
0 
0 
0 
0 
0 
1 797 
0 
0 
0 
0 
0 
0 
0 
1 48 
0 
0 
0 
0 
0 
0 
0 
0 
0 
0 
0 
1 311 
0 
0 
0 
0 
0 
0 
0 
0 
0 
0 
0 
0 
0 
0 
0 
0 
0 
0 
0 
0 
0 
0 
0 
0 
0 
1 487 
0 
0 
0 
0 
1 768 
0 
1 87 
0 
0 
0 
0 
0 
0 
0 
0 
0 
0 
0 
0 
0 
0 
0 
0 
0 
0 
0 
0 
0 
0 
0 
0 
0 
0 
0 
0 
0 
0 
0 
0 
0 
0 
0 
2 273 451 
0 
0 
0 
0 
0 
1 569 
0 
0 
0 
1 590 
0 
0 
0 
0 
0 
1 567 
0 
1 241 
0 
1 205 
0 
0 
0 
0 
0 
0 
1 550 
0 
0 
0 
0 
0 
0 
0 
0 
0 
1 535 
0 
0 
0 
0 
0 
0 
0 
0 
0 
1 397 
0 
0 
0 
0 
0 
0 
0 
0 
0 
0 
0 
0 
0 
0 
0 
0 
0 
0 
0 
1 663 
0 
0 
0 
0 
0 
0 
0 
0 
0 
0 
0 
0 
0 
0 
0 
0 
0 
0 
0 
0 
0 
0 
0 
0 
0 
0 
0 
0 
1 612 
0 
0 
800 44
0 
0 
0 
0 
0 
0 
0 
0 
0 
0 
0 
1 696 
0 
0 
0 
0 
0 
1 300 
0 
0 
0 
0 
0 
0 
1 699 
0 
1 497 
0 
0 
0 
0 
0 
0 
0 
0 
0 
0 
0 
1 688 
0 
0 
0 
0 
0 
0 
0 
0 
0 
0 
0 
1 358 
0 
0 
0 
0 
0 
0 
0 
0 
0 
0 
0 
0 
0 
0 
0 
0 
0 
0 
0 
0 
0 
0 
0 
0 
0 
0 
0 
0 
0 
1 226 
0 
0 
0 
1 566 
0 
0 
0 
0 
0 
0 
0 
0 
0 
0 
0 
0 
0 
0 
0 
0 
0 
0 
0 
0 
1 337 
0 
0 
1 194 
0 
0 
0 
0 
0 
0 
0 
0 
0 
0 
0 
0 
0 
1 245 
0 
0 
0 
1 428 
0 
0 
0 
0 
0 
0 
0 
0 
0 
0 
0 
0 
0 
0 
0 
0 
0 
0 
1 326 
1 446 
0 
0 
0 
1 390 
0 
0 
0 
0 
0 
1 680 
0 
1 400 
1 677 
0 
0 
0 
0 
0 
0 
1 230 
0 
0 
0 
0 
0 
0 
0 
0 
1 192 
1 301 
0 
0 
1 232 
1 684 
0 
0 
0 
0 
0 
0 
0 
0 
0 
0 
0 
1 175 
1 650 
1 108 
0 
0 
1 509 
0 
0 
0 
1 420 
1 253 
1 425 
0 
0 
0 
1 707 
0 
0 
0 
0 
0 
0 
0 
0 
1 252 
0 
1 370 
0 
0 
0 
0 
0 
0 
0 
1 80 
0 
0 
0 
1 166 
0 
1 179 
0 
0 
0 
0 
0 
0 
0 
0 
0 
0 
0 
0 
1 122 
0 
0 
0 
0 
0 
0 
2 216 433 
1 202 
0 
1 609 
0 
0 
0 
0 
0 
0 
0 
0 
0 
0 
1 355 
0 
0 
0 
0 
0 
0 
0 
0 
0 
0 
0 
0 
0 
1 638 
0 
0 
0 
0 
0 
0 
0 
0 
0 
0 
0 
0 
0 
0 
0 
0 
0 
0 
0 
1 17 
1 176 
0 
0 
0 
0 
0 
0 
0 
0 
0 
0 
0 
1 559 
0 
0 
0 
0 
0 
0 
0 
0 
0 
0 
0 
0 
1 145 
0 
0 
0 
0 
0 
0 
0 
0 
0 
0 
1 105 
0 
0 
0 
0 
0 
0 
0 
0 
0 
0 
0 
0 
0 
0 
0 
0 
0 
1 266 
0 
0 
1 50 
1 760 
0 
0 
0 
0 
0 
0 
0 
0 
0 
0 
1 218 
0 
0 
0 
0 
0 
0 
0 
0 
0 
0 
0 
0 
1 542 
0 
0 
0 
0 
0 
0 
1 150 
0 
0 
0 
0 
0 
0 
0 
0 
0 
1 158 
0 
0 
0 
1 535 
0 
0 
0 
0 
0 
0 
0 
0 
0 
0 
0 
0 
0 
0 
0 
1 201 
0 
0 
0 
0 
1 203 
0 
0 
1 126 
0 
0 
0 
0 
1 252 
0 
1 436 
1 435 
0 
0 
0 
0 
0 
0 
0 
0 
0 
1 146 
0 
0 
0 
0 
0 
0 
0 
0 
0 
0 
0 
0 
0 
1 498 
0 
0 
0 
0 
0 
0 
0 
0 
0 
0 
0 
0 
0 
0 
0 
0 
0 
0 
0 
0 
0 
0 
0 
0 
0 
0 
0 
0 
0 
0 
0 
0 
0 
0 
0 
0 
1 26 
1 460 
0 
0 
0 
0 
0 
0 
0 
0 
0 
0 
1 197 
0 
0 
0 
0 
0 
0 
0 
0 
1 677 
0 
0 
0 
0 
0 
0 
0 
0 
0 
0 
0 
0 
0 
0 
0 
0 
1 404 
0 
0 
0 
0 
0 
0 
1 383 
0 
0 
0 
0 
0 
1 570 
0 
0 
0 
0 
0 
0 
0 
0 
0 
0 
1 313 
0 
0 
0 
0 
0 
0 
1 84 
0 
0 
0 
1 548 
0 
0 
0 
0 
0 
0 
0 
0 
0 
0 
0 
0 
0 
0 
0 
0 
0 
0 
0 
0 
0 
0 
0 
0 
0 
0 
0 
0 
0 
0 
0 
0 
0 
0 
0 
0 
0 
0 
1 255 
0 
0 
0 
0 
0 
0 
0 
0 
0 
0 
0 
0 
0 
0 
0 
0 
1 775 
0 
0 
0 
0 
0 
0 
0 
0 
0 
0 
0 
1 280 
0 
0 
0 
0 
0 
0 
0 
0 
0 
0 
0 
1 193 
0 
0 
0 
0 
0 
0 
0 
0 
0 
0 
0 
0 
0 
0 
0 
0 
0 
0 
0 
0 
0 
0 
0 
0 
0 
0 
2 159 518 
0 
0 
1 156 
0 
0 
0 
1 180 
0 
0 
0 
1 38 
0 
0 
0 
0 
0 
0 
0 
1 11 
0 
0 
1 24 
0 
0 
0 
0 
0 
0 
0 
1 207 
0 
0 
0 
0 
0 
0 
0 
0 
0 
0 
0 
0 
0 
0 
0 
0 
0 
0 
0 
0 
0 
0 
0 
0 
0 
0 
0 
0 
0 
0 
0 
0 
0 
0 
0 
0 
0 
0 
0 
0 
0 
0 
0 
0 
0 
0 
0 
0 
0 
0 
0 
0 
1 359 
0 
0 
0 
0 
0 
0 
0 
0 
0 
0 
0 
0 
0 
0 
1 626 
0 
0 
0 
0 
0 
0 
0 
0 
0 
0 
0 
0 
0 
0 
0 
0 
0 
0 
0 
0 
0 
0 
0 
0 
