400 16
0 
0 
0 
0 
1 319 
0 
0 
0 
0 
0 
0 
0 
0 
0 
0 
0 
0 
0 
0 
0 
0 
0 
0 
0 
0 
0 
0 
0 
0 
0 
0 
0 
0 
0 
0 
0 
0 
0 
0 
0 
0 
0 
0 
0 
0 
0 
0 
0 
0 
0 
0 
0 
1 248 
0 
0 
0 
0 
0 
0 
0 
1 378 
0 
0 
0 
0 
0 
0 
0 
0 
0 
0 
0 
0 
0 
0 
0 
0 
0 
0 
0 
0 
0 
0 
1 190 
0 
0 
0 
0 
0 
0 
0 
1 251 
0 
0 
0 
0 
0 
0 
0 
1 146 
0 
0 
0 
0 
0 
0 
0 
0 
0 
0 
1 150 
0 
0 
0 
0 
0 
0 
0 
0 
0 
0 
1 263 
0 
0 
0 
0 
0 
0 
2 206 388 
0 
0 
0 
0 
0 
0 
1 162 
0 
0 
0 
0 
0 
0 
0 
0 
0 
0 
1 99 
0 
0 
0 
1 110 
0 
0 
0 
0 
0 
0 
0 
0 
0 
1 341 
0 
1 135 
0 
0 
0 
0 
0 
0 
0 
0 
0 
0 
0 
0 
0 
0 
0 
0 
0 
0 
0 
0 
0 
0 
0 
0 
0 
0 
0 
1 83 
0 
0 
0 
0 
0 
0 
0 
0 
0 
0 
0 
0 
0 
0 
0 
1 128 
0 
0 
0 
0 
1 263 
0 
0 
0 
0 
0 
0 
0 
0 
0 
0 
0 
0 
0 
0 
0 
0 
0 
0 
0 
0 
0 
0 
0 
0 
0 
0 
0 
0 
0 
0 
0 
0 
0 
0 
0 
0 
1 52 
0 
0 
1 91 
0 
0 
0 
0 
0 
0 
0 
0 
0 
0 
0 
2 121 211 
0 
0 
0 
0 
0 
0 
0 
0 
0 
0 
0 
0 
0 
0 
0 
0 
1 387 
0 
0 
0 
0 
0 
0 
0 
0 
0 
0 
0 
0 
0 
0 
0 
0 
0 
0 
0 
0 
0 
0 
0 
0 
1 350 
0 
0 
0 
0 
0 
0 
0 
0 
0 
0 
0 
0 
0 
1 4 
0 
0 
0 
0 
0 
0 
0 
0 
0 
0 
0 
0 
0 
0 
0 
0 
0 
0 
0 
0 
0 
1 160 
0 
0 
0 
0 
0 
0 
0 
0 
1 305 
0 
0 
0 
0 
0 
0 
0 
0 
0 
0 
0 
0 
0 
0 
0 
0 
0 
0 
0 
0 
0 
0 
0 
0 
0 
0 
0 
1 60 
0 
0 
0 
0 
0 
0 
0 
0 
1 280 
1 128 
0 
0 
0 
0 
0 
0 
0 
0 
1 399 
0 
1 397 
400 14
0 
0 
0 
0 
0 
0 
0 
0 
0 
1 385 
0 
0 
0 
0 
0 
0 
0 
1 59 
0 
0 
0 
0 
0 
0 
0 
0 
0 
0 
0 
0 
0 
0 
0 
0 
0 
0 
0 
0 
0 
0 
0 
0 
0 
0 
0 
0 
0 
1 383 
0 
0 
0 
1 312 
0 
0 
0 
0 
0 
0 
0 
1 17 
0 
0 
0 
0 
0 
0 
0 
0 
0 
0 
0 
0 
1 166 
1 240 
0 
0 
0 
0 
0 
0 
1 260 
0 
1 101 
0 
0 
0 
0 
0 
0 
0 
0 
0 
0 
0 
0 
0 
0 
0 
0 
0 
0 
1 82 
0 
0 
0 
0 
0 
0 
0 
0 
0 
0 
0 
0 
0 
0 
0 
1 367 
0 
0 
0 
0 
0 
0 
0 
0 
0 
0 
0 
0 
0 
0 
0 
0 
1 272 
0 
0 
0 
1 361 
0 
1 147 
0 
0 
0 
0 
0 
0 
1 140 
0 
0 
0 
0 
0 
0 
0 
0 
0 
0 
0 
0 
0 
0 
0 
0 
0 
0 
1 72 
0 
0 
0 
0 
0 
0 
0 
0 
0 
0 
0 
0 
0 
0 
0 
0 
0 
0 
0 
0 
0 
0 
0 
0 
0 
0 
0 
0 
0 
0 
0 
0 
0 
0 
0 
0 
0 
0 
0 
0 
0 
0 
0 
0 
0 
0 
0 
0 
0 
0 
0 
0 
0 
0 
0 
0 
0 
0 
0 
0 
0 
0 
1 323 
0 
0 
0 
0 
0 
0 
0 
0 
0 
0 
1 73 
0 
0 
0 
0 
0 
0 
0 
0 
0 
0 
0 
0 
0 
0 
0 
0 
0 
0 
0 
1 80 
0 
0 
0 
0 
0 
0 
0 
0 
0 
0 
0 
1 134 
0 
0 
0 
0 
0 
0 
0 
0 
0 
0 
0 
0 
0 
0 
0 
0 
0 
0 
0 
0 
0 
0 
0 
0 
0 
0 
0 
0 
0 
0 
0 
0 
0 
0 
0 
0 
0 
0 
0 
1 51 
0 
0 
0 
0 
0 
0 
0 
0 
0 
0 
1 229 
0 
0 
0 
1 338 
0 
0 
0 
0 
0 
0 
0 
0 
0 
0 
1 327 
0 
0 
0 
0 
0 
0 
0 
0 
0 
0 
0 
0 
0 
0 
0 
0 
0 
0 
0 
0 
0 
0 
1 138 
0 
0 
0 
0 
0 
1 117 
0 
0 
0 
0 
0 
0 
0 
0 
0 
0 
0 
0 
0 
0 
0 
1 47 
0 
1 9 
0 
0 
0 
0 
0 
0 
0 
0 
0 
0 
0 
0 
0 
0 
