640 31
0 
0 
1 300 
0 
0 
0 
0 
0 
1 547 
0 
0 
0 
0 
0 
0 
0 
0 
0 
0 
0 
0 
0 
0 
0 
0 
0 
0 
1 183 
0 
0 
0 
0 
0 
1 107 
0 
0 
0 
0 
0 
0 
1 376 
0 
0 
1 214 
0 
0 
0 
0 
0 
0 
0 
0 
0 
0 
1 274 
0 
0 
0 
0 
0 
0 
0 
0 
0 
0 
0 
0 
0 
0 
0 
0 
0 
0 
0 
0 
0 
0 
0 
0 
0 
0 
0 
0 
0 
0 
0 
0 
1 276 
0 
0 
0 
0 
0 
1 106 
0 
0 
0 
0 
0 
0 
2 325 516 
0 
0 
0 
0 
0 
2 93 178 
1 33 
0 
0 
0 
0 
0 
0 
0 
0 
0 
0 
0 
0 
0 
1 216 
0 
0 
1 308 
0 
0 
0 
0 
0 
0 
0 
0 
0 
0 
0 
1 374 
0 
1 298 
0 
1 577 
0 
0 
0 
0 
0 
0 
0 
0 
0 
0 
0 
0 
0 
0 
0 
0 
0 
0 
0 
1 400 
0 
0 
0 
0 
0 
0 
0 
0 
0 
0 
0 
0 
0 
0 
0 
0 
0 
1 106 
1 540 
0 
0 
1 195 
1 27 
0 
0 
0 
0 
0 
0 
0 
0 
0 
0 
0 
1 182 
0 
0 
0 
0 
0 
0 
0 
0 
0 
0 
0 
0 
0 
0 
0 
0 
0 
0 
1 43 
0 
1 121 
1 368 
0 
0 
0 
0 
0 
0 
0 
0 
0 
0 
0 
0 
0 
0 
0 
0 
0 
0 
0 
0 
0 
0 
0 
0 
0 
0 
0 
0 
0 
0 
0 
1 518 
1 423 
0 
0 
0 
1 575 
0 
0 
0 
0 
0 
0 
0 
0 
0 
0 
0 
0 
0 
0 
0 
0 
0 
0 
0 
1 54 
0 
1 87 
0 
0 
0 
0 
1 524 
0 
0 
0 
0 
1 606 
0 
0 
0 
0 
0 
0 
0 
0 
0 
0 
0 
1 138 
0 
1 2 
0 
0 
0 
0 
0 
0 
0 
1 124 
0 
0 
0 
0 
0 
0 
0 
0 
0 
0 
0 
0 
0 
0 
0 
0 
1 100 
0 
0 
0 
0 
0 
0 
0 
0 
0 
0 
0 
0 
0 
0 
0 
0 
0 
0 
0 
0 
0 
0 
0 
0 
0 
0 
0 
0 
0 
0 
0 
0 
0 
0 
0 
0 
0 
0 
0 
0 
0 
0 
1 217 
0 
0 
0 
0 
0 
1 136 
0 
1 40 
0 
0 
0 
0 
1 391 
0 
0 
0 
0 
0 
0 
0 
0 
0 
1 381 
0 
0 
0 
0 
0 
0 
0 
0 
1 160 
0 
0 
0 
0 
0 
0 
0 
0 
0 
0 
0 
0 
0 
0 
0 
0 
0 
0 
0 
0 
0 
0 
1 250 
0 
1 584 
0 
0 
0 
0 
0 
0 
0 
0 
0 
0 
0 
0 
0 
0 
0 
0 
0 
0 
1 633 
0 
0 
0 
0 
0 
0 
1 553 
0 
0 
0 
0 
0 
0 
0 
0 
0 
0 
0 
0 
0 
0 
0 
0 
0 
0 
0 
0 
0 
0 
0 
0 
0 
0 
0 
0 
0 
0 
0 
0 
0 
0 
0 
0 
0 
0 
0 
0 
0 
0 
0 
1 547 
0 
0 
0 
0 
0 
0 
0 
0 
0 
0 
0 
0 
0 
0 
0 
0 
0 
0 
0 
0 
1 100 
0 
1 249 
0 
0 
0 
0 
0 
1 281 
0 
0 
0 
0 
0 
0 
0 
0 
0 
0 
0 
0 
0 
0 
0 
1 179 
0 
0 
0 
0 
0 
0 
2 8 495 
0 
0 
0 
0 
0 
1 451 
0 
0 
0 
0 
0 
0 
0 
0 
0 
0 
0 
0 
0 
0 
0 
0 
0 
0 
0 
0 
0 
1 254 
0 
1 140 
0 
0 
0 
0 
0 
0 
1 425 
0 
0 
0 
0 
0 
0 
0 
0 
0 
0 
0 
0 
0 
0 
0 
0 
0 
0 
0 
0 
0 
1 286 
0 
0 
0 
0 
0 
0 
0 
0 
0 
0 
0 
0 
0 
0 
0 
0 
0 
0 
0 
0 
0 
0 
0 
0 
0 
0 
1 444 
0 
0 
0 
0 
0 
0 
640 36
0 
0 
0 
0 
0 
0 
0 
0 
0 
0 
0 
1 266 
0 
0 
0 
1 103 
0 
0 
0 
0 
0 
0 
0 
0 
0 
0 
2 137 571 
0 
2 55 72 
0 
0 
0 
0 
0 
0 
0 
0 
0 
0 
0 
0 
0 
0 
0 
0 
0 
0 
0 
0 
0 
0 
0 
1 474 
0 
0 
1 28 
1 82 
0 
0 
0 
0 
0 
0 
0 
0 
1 396 
0 
0 
0 
0 
0 
0 
1 28 
0 
0 
0 
0 
0 
0 
0 
0 
0 
1 56 
0 
0 
0 
0 
0 
0 
0 
0 
0 
0 
0 
0 
0 
0 
0 
0 
0 
0 
0 
0 
1 15 
0 
0 
0 
0 
0 
0 
0 
0 
3 144 358 383 
0 
0 
0 
0 
0 
0 
0 
0 
0 
0 
0 
0 
0 
1 257 
0 
0 
0 
0 
0 
1 234 
0 
0 
0 
0 
1 26 
0 
0 
1 508 
0 
0 
0 
1 112 
0 
0 
0 
0 
0 
0 
0 
0 
0 
0 
0 
0 
1 410 
0 
0 
0 
0 
0 
0 
1 509 
0 
0 
0 
0 
0 
0 
0 
0 
1 438 
0 
0 
0 
0 
0 
0 
0 
0 
0 
2 290 516 
0 
0 
1 264 
0 
0 
0 
0 
0 
0 
0 
1 575 
0 
0 
0 
0 
0 
0 
0 
0 
0 
0 
1 397 
2 278 309 
0 
0 
0 
0 
0 
0 
0 
0 
0 
0 
0 
0 
0 
0 
0 
0 
0 
0 
0 
0 
0 
0 
0 
0 
0 
0 
0 
1 132 
0 
0 
0 
0 
0 
0 
0 
0 
0 
0 
0 
0 
0 
0 
0 
1 482 
0 
0 
0 
0 
0 
0 
1 126 
0 
0 
0 
0 
0 
0 
1 186 
0 
2 11 465 
0 
0 
0 
0 
0 
0 
0 
0 
0 
0 
0 
1 206 
0 
0 
0 
0 
0 
0 
1 378 
0 
1 325 
0 
0 
1 183 
0 
0 
0 
0 
0 
0 
0 
0 
0 
0 
0 
0 
0 
0 
0 
0 
0 
0 
1 206 
0 
0 
0 
0 
0 
0 
1 496 
0 
0 
1 493 
0 
0 
0 
0 
0 
1 287 
0 
0 
0 
0 
0 
0 
0 
0 
0 
0 
0 
0 
0 
0 
0 
0 
0 
0 
0 
0 
0 
0 
0 
0 
0 
0 
0 
0 
0 
0 
0 
0 
1 112 
0 
0 
0 
0 
0 
0 
0 
0 
0 
0 
0 
0 
0 
0 
0 
0 
0 
0 
0 
1 285 
1 536 
0 
0 
0 
1 112 
0 
0 
0 
0 
0 
0 
0 
0 
0 
0 
0 
0 
1 65 
1 205 
0 
0 
0 
0 
0 
0 
0 
0 
0 
0 
0 
0 
1 157 
0 
0 
0 
0 
0 
0 
0 
0 
0 
0 
1 471 
0 
0 
0 
0 
0 
0 
0 
0 
0 
0 
0 
0 
0 
0 
0 
0 
1 173 
0 
0 
0 
0 
0 
0 
0 
0 
0 
0 
0 
0 
1 554 
0 
0 
0 
0 
0 
0 
0 
0 
0 
0 
0 
0 
0 
1 266 
0 
0 
0 
0 
0 
1 421 
0 
0 
1 52 
0 
0 
0 
0 
0 
0 
0 
1 250 
0 
0 
0 
0 
0 
0 
0 
0 
0 
0 
1 319 
0 
0 
1 316 
0 
0 
0 
0 
0 
0 
0 
0 
0 
0 
0 
1 140 
1 164 
0 
0 
0 
0 
0 
0 
2 183 618 
0 
0 
0 
0 
0 
0 
0 
0 
0 
0 
0 
0 
0 
0 
0 
0 
0 
0 
0 
1 379 
0 
0 
0 
0 
0 
0 
0 
0 
0 
0 
0 
0 
0 
0 
0 
0 
0 
1 451 
0 
0 
0 
0 
0 
0 
0 
0 
0 
0 
0 
0 
0 
0 
0 
0 
1 26 
0 
0 
0 
1 194 
0 
0 
0 
0 
0 
0 
0 
0 
0 
0 
0 
0 
0 
0 
0 
0 
0 
0 
0 
0 
0 
0 
0 
0 
0 
0 
0 
0 
0 
0 
0 
0 
0 
0 
0 
0 
0 
0 
0 
0 
0 
0 
1 516 
0 
0 
0 
0 
1 637 
0 
0 
0 
0 
0 
0 
0 
0 
0 
0 
0 
0 
0 
1 623 
0 
0 
