330 13
0 
0 
0 
0 
0 
0 
0 
1 83 
0 
1 185 
0 
0 
0 
0 
0 
1 31 
0 
0 
0 
0 
0 
1 142 
0 
0 
0 
0 
0 
0 
0 
1 156 
0 
1 15 
0 
0 
0 
0 
0 
0 
1 56 
0 
0 
0 
0 
0 
1 153 
0 
0 
0 
0 
0 
1 131 
0 
0 
0 
0 
0 
1 38 
0 
0 
0 
0 
0 
0 
0 
0 
0 
1 152 
0 
0 
0 
0 
0 
0 
0 
0 
0 
0 
0 
0 
0 
0 
0 
0 
1 7 
0 
0 
0 
0 
1 187 
0 
0 
0 
0 
0 
0 
0 
0 
0 
0 
0 
0 
0 
0 
0 
0 
0 
0 
0 
0 
0 
0 
0 
0 
0 
0 
0 
0 
0 
0 
0 
0 
0 
0 
0 
0 
0 
0 
0 
0 
0 
0 
1 50 
0 
0 
0 
0 
0 
0 
0 
0 
0 
0 
1 21 
0 
0 
0 
0 
0 
0 
0 
0 
0 
1 66 
1 44 
0 
0 
1 29 
0 
0 
0 
0 
0 
0 
0 
0 
0 
0 
0 
0 
0 
0 
0 
0 
0 
0 
0 
0 
0 
0 
0 
0 
0 
0 
0 
0 
1 9 
0 
1 88 
0 
0 
0 
0 
0 
0 
0 
0 
0 
1 264 
0 
0 
0 
0 
0 
0 
0 
0 
0 
0 
0 
0 
0 
0 
0 
0 
0 
0 
0 
0 
0 
0 
0 
0 
0 
0 
0 
0 
0 
0 
0 
0 
0 
0 
0 
0 
0 
0 
0 
0 
0 
0 
0 
0 
0 
0 
0 
0 
0 
0 
1 251 
0 
0 
1 248 
0 
0 
0 
1 297 
0 
0 
0 
0 
0 
0 
0 
0 
1 197 
0 
0 
0 
0 
0 
0 
0 
0 
0 
0 
0 
0 
0 
0 
0 
0 
0 
0 
0 
0 
0 
0 
0 
0 
0 
0 
0 
0 
0 
0 
0 
0 
1 255 
0 
0 
0 
0 
0 
0 
0 
0 
0 
0 
0 
0 
0 
0 
0 
0 
0 
0 
0 
0 
0 
0 
0 
0 
0 
0 
0 
0 
0 
0 
0 
0 
330 23
0 
0 
0 
0 
0 
0 
0 
0 
0 
0 
1 328 
0 
0 
0 
0 
0 
0 
0 
0 
0 
0 
0 
1 242 
1 283 
0 
0 
0 
0 
0 
0 
0 
0 
0 
0 
0 
0 
1 66 
0 
0 
0 
0 
0 
0 
0 
0 
0 
0 
0 
0 
0 
0 
1 232 
0 
0 
0 
0 
0 
0 
0 
0 
0 
0 
1 321 
1 81 
0 
0 
1 36 
0 
0 
0 
0 
0 
0 
0 
0 
0 
0 
0 
0 
0 
0 
1 63 
1 198 
0 
0 
1 221 
0 
1 108 
0 
2 131 297 
0 
1 113 
0 
0 
0 
0 
0 
0 
0 
1 116 
0 
0 
0 
0 
0 
0 
0 
0 
1 87 
0 
0 
0 
0 
1 91 
1 217 
0 
1 99 
0 
0 
0 
0 
0 
1 317 
0 
0 
0 
0 
0 
0 
1 182 
0 
1 89 
0 
0 
0 
0 
0 
0 
1 298 
0 
0 
0 
0 
0 
0 
0 
1 166 
0 
0 
0 
0 
0 
0 
0 
0 
0 
0 
0 
0 
0 
0 
0 
0 
0 
1 210 
0 
1 146 
0 
0 
0 
0 
0 
0 
0 
0 
0 
0 
0 
0 
0 
0 
0 
1 129 
0 
0 
0 
0 
0 
0 
0 
0 
0 
0 
0 
0 
0 
0 
0 
1 82 
0 
0 
0 
0 
0 
0 
0 
0 
0 
1 254 
0 
2 164 289 
0 
0 
0 
0 
0 
0 
1 114 
0 
0 
0 
1 85 
0 
0 
0 
0 
0 
0 
0 
0 
0 
0 
1 51 
0 
0 
0 
0 
0 
0 
0 
0 
0 
1 22 
0 
0 
0 
0 
0 
0 
0 
0 
0 
0 
0 
1 208 
0 
0 
0 
0 
0 
0 
0 
0 
0 
0 
0 
1 311 
0 
0 
0 
0 
0 
0 
0 
0 
0 
0 
0 
0 
0 
0 
0 
0 
1 23 
0 
0 
0 
0 
0 
1 210 
0 
0 
0 
0 
0 
0 
0 
1 89 
1 138 
0 
0 
0 
0 
0 
0 
0 
0 
0 
0 
0 
0 
1 266 
0 
0 
0 
0 
0 
1 122 
0 
0 
0 
1 62 
0 
0 
0 
0 
0 
0 
1 10 
0 
