600 19
0 
0 
0 
0 
0 
0 
0 
0 
0 
0 
0 
0 
0 
0 
0 
0 
0 
0 
0 
0 
0 
0 
0 
0 
0 
0 
0 
0 
0 
0 
0 
0 
0 
1 412 
0 
0 
0 
0 
1 467 
0 
0 
0 
0 
0 
0 
0 
0 
0 
0 
0 
0 
0 
0 
0 
0 
0 
1 426 
0 
0 
0 
1 587 
0 
0 
0 
0 
0 
0 
0 
0 
0 
0 
0 
0 
0 
0 
0 
1 424 
1 84 
0 
0 
0 
0 
0 
0 
1 77 
0 
0 
0 
0 
0 
0 
0 
0 
0 
0 
0 
0 
0 
0 
0 
0 
0 
0 
0 
0 
0 
0 
0 
0 
0 
0 
0 
0 
0 
0 
0 
0 
0 
0 
0 
0 
0 
0 
0 
0 
0 
0 
0 
0 
0 
0 
0 
0 
0 
0 
0 
0 
1 157 
0 
0 
0 
0 
1 475 
0 
0 
0 
0 
0 
0 
0 
0 
0 
1 379 
0 
0 
0 
0 
1 137 
0 
0 
0 
1 333 
0 
0 
0 
0 
0 
0 
0 
0 
0 
0 
0 
0 
0 
0 
0 
0 
0 
0 
0 
0 
0 
0 
0 
0 
0 
0 
0 
0 
0 
0 
0 
0 
0 
0 
0 
0 
0 
0 
0 
0 
0 
0 
0 
0 
0 
0 
0 
0 
0 
0 
0 
0 
0 
1 501 
1 518 
0 
0 
0 
0 
0 
0 
0 
1 240 
0 
0 
0 
0 
0 
0 
0 
0 
0 
0 
0 
0 
0 
0 
0 
1 224 
0 
0 
0 
0 
0 
0 
0 
0 
0 
0 
0 
0 
1 531 
0 
0 
0 
0 
0 
0 
0 
0 
0 
0 
0 
0 
0 
1 338 
0 
0 
1 487 
0 
0 
0 
0 
0 
0 
0 
0 
0 
0 
0 
0 
0 
0 
0 
0 
0 
0 
0 
0 
0 
0 
0 
0 
0 
0 
0 
0 
0 
0 
0 
0 
0 
0 
0 
0 
0 
0 
0 
0 
0 
0 
0 
0 
0 
0 
0 
0 
0 
0 
0 
0 
0 
0 
0 
0 
0 
0 
0 
0 
0 
0 
1 161 
0 
0 
1 511 
0 
1 267 
0 
0 
0 
0 
0 
0 
0 
0 
0 
0 
0 
0 
0 
0 
0 
0 
0 
0 
0 
0 
0 
0 
0 
0 
0 
0 
0 
0 
0 
0 
0 
0 
0 
0 
0 
0 
0 
0 
0 
0 
1 152 
0 
0 
0 
0 
0 
0 
1 460 
0 
0 
0 
0 
0 
0 
0 
0 
0 
0 
0 
0 
0 
0 
0 
0 
0 
0 
0 
1 548 
0 
0 
0 
0 
0 
1 33 
0 
0 
0 
0 
0 
0 
0 
0 
0 
0 
0 
1 76 
0 
1 56 
0 
0 
0 
0 
0 
0 
0 
0 
0 
0 
0 
0 
0 
0 
0 
0 
0 
0 
0 
0 
0 
0 
0 
0 
0 
0 
0 
0 
0 
0 
0 
0 
0 
1 386 
0 
0 
0 
0 
0 
0 
1 38 
0 
0 
0 
0 
0 
0 
0 
1 142 
0 
0 
0 
0 
0 
0 
0 
0 
0 
0 
0 
1 270 
0 
0 
0 
0 
0 
0 
0 
0 
0 
0 
0 
0 
0 
1 215 
0 
0 
0 
0 
0 
0 
0 
0 
0 
1 336 
0 
0 
0 
0 
0 
0 
1 216 
0 
0 
0 
0 
0 
0 
0 
0 
0 
0 
0 
0 
1 253 
0 
0 
0 
0 
0 
0 
0 
0 
0 
0 
0 
0 
0 
0 
0 
0 
1 406 
0 
0 
0 
0 
0 
0 
0 
0 
0 
0 
0 
0 
0 
0 
0 
0 
0 
0 
0 
0 
0 
0 
0 
0 
0 
0 
0 
0 
0 
0 
0 
0 
0 
0 
0 
0 
0 
0 
1 60 
0 
0 
0 
0 
0 
0 
0 
0 
0 
0 
0 
0 
600 26
0 
1 133 
0 
0 
0 
0 
0 
1 26 
0 
0 
0 
0 
0 
0 
0 
0 
0 
0 
1 517 
0 
0 
0 
0 
0 
0 
0 
1 7 
0 
1 382 
0 
1 56 
0 
0 
0 
0 
0 
0 
0 
0 
0 
0 
0 
0 
0 
1 318 
0 
0 
0 
1 52 
0 
0 
0 
1 48 
0 
0 
0 
1 30 
0 
0 
0 
1 351 
0 
0 
0 
0 
0 
0 
0 
0 
0 
0 
0 
0 
0 
1 290 
0 
0 
0 
0 
0 
0 
0 
0 
0 
1 518 
0 
0 
0 
0 
0 
0 
0 
0 
0 
0 
0 
1 286 
0 
0 
0 
0 
0 
0 
0 
0 
0 
0 
0 
0 
0 
0 
0 
0 
0 
0 
0 
0 
0 
0 
0 
0 
0 
0 
0 
0 
1 592 
0 
0 
0 
0 
0 
0 
0 
1 1 
0 
0 
0 
0 
0 
0 
0 
0 
0 
0 
0 
0 
0 
0 
0 
0 
0 
0 
0 
0 
0 
0 
0 
0 
0 
0 
0 
0 
0 
0 
0 
0 
0 
0 
0 
0 
1 483 
0 
0 
0 
0 
0 
0 
0 
0 
0 
0 
0 
0 
1 211 
0 
0 
0 
0 
0 
0 
0 
0 
0 
0 
0 
0 
0 
0 
0 
0 
0 
0 
0 
0 
0 
0 
0 
0 
0 
0 
0 
1 183 
0 
0 
1 394 
0 
0 
0 
0 
0 
0 
0 
0 
0 
0 
0 
0 
0 
1 499 
0 
0 
0 
0 
0 
0 
1 313 
0 
0 
0 
0 
0 
0 
0 
0 
0 
0 
0 
0 
0 
0 
0 
0 
0 
0 
0 
0 
0 
1 423 
0 
0 
0 
0 
0 
0 
0 
0 
0 
0 
1 291 
0 
0 
1 401 
0 
0 
0 
0 
0 
0 
0 
0 
0 
0 
0 
0 
0 
0 
1 96 
0 
0 
1 378 
1 74 
1 268 
0 
0 
0 
0 
0 
0 
1 516 
0 
0 
0 
0 
0 
0 
0 
0 
0 
0 
0 
0 
0 
0 
1 235 
0 
0 
0 
0 
1 44 
0 
0 
0 
0 
0 
0 
0 
0 
0 
0 
0 
0 
0 
0 
0 
0 
0 
0 
0 
0 
0 
0 
1 542 
0 
0 
0 
0 
0 
0 
0 
0 
0 
1 60 
0 
0 
0 
0 
0 
0 
0 
0 
0 
0 
0 
0 
0 
0 
0 
0 
0 
0 
0 
0 
0 
0 
0 
0 
0 
0 
1 289 
0 
0 
0 
1 28 
0 
0 
0 
0 
0 
1 521 
0 
0 
0 
0 
0 
1 214 
0 
0 
0 
0 
0 
0 
1 271 
0 
0 
0 
0 
0 
0 
0 
0 
0 
0 
0 
0 
0 
0 
0 
0 
0 
0 
0 
0 
0 
1 257 
0 
0 
0 
0 
0 
0 
0 
0 
0 
0 
0 
0 
0 
0 
0 
0 
0 
1 465 
0 
0 
0 
0 
0 
0 
0 
0 
0 
0 
0 
0 
0 
0 
0 
0 
0 
0 
0 
1 504 
0 
0 
0 
1 441 
0 
0 
0 
0 
0 
0 
0 
0 
0 
0 
0 
0 
0 
0 
0 
0 
0 
1 170 
0 
0 
0 
0 
0 
0 
0 
0 
0 
0 
0 
0 
0 
0 
0 
1 228 
0 
0 
0 
0 
1 461 
0 
0 
0 
0 
0 
0 
0 
0 
0 
0 
0 
1 298 
1 18 
1 84 
0 
0 
1 388 
0 
0 
0 
0 
0 
0 
0 
0 
0 
0 
0 
0 
0 
0 
0 
0 
0 
0 
0 
0 
1 341 
0 
0 
0 
0 
0 
0 
0 
0 
0 
0 
0 
0 
0 
0 
0 
0 
0 
0 
0 
0 
0 
0 
0 
0 
0 
0 
0 
0 
0 
0 
0 
0 
0 
0 
0 
0 
0 
0 
0 
0 
0 
0 
0 
0 
0 
0 
0 
0 
0 
1 125 
0 
0 
0 
0 
0 
0 
0 
