170 10
0 
0 
0 
0 
0 
0 
0 
0 
0 
1 128 
0 
0 
0 
0 
1 97 
0 
0 
0 
0 
2 80 150 
0 
0 
0 
0 
0 
0 
0 
0 
0 
0 
0 
1 103 
0 
0 
0 
0 
0 
0 
0 
0 
0 
0 
0 
0 
0 
0 
1 127 
0 
0 
0 
0 
0 
0 
0 
0 
0 
0 
0 
0 
0 
0 
0 
0 
0 
0 
0 
0 
0 
1 116 
0 
0 
0 
0 
0 
0 
0 
0 
0 
0 
0 
1 19 
0 
0 
0 
0 
0 
0 
0 
0 
0 
0 
0 
0 
0 
0 
0 
0 
1 14 
1 106 
0 
0 
0 
0 
1 31 
0 
0 
1 98 
0 
0 
0 
0 
0 
0 
0 
0 
0 
1 68 
0 
0 
0 
0 
0 
0 
1 125 
0 
1 123 
0 
1 46 
1 9 
0 
0 
1 146 
0 
0 
0 
0 
0 
0 
0 
0 
0 
0 
0 
0 
0 
0 
1 131 
0 
0 
0 
1 19 
0 
0 
0 
0 
0 
0 
0 
0 
0 
0 
0 
0 
0 
0 
0 
0 
0 
0 
0 
170 9
0 
0 
0 
0 
0 
1 111 
0 
0 
0 
0 
0 
0 
0 
0 
0 
1 55 
1 39 
0 
0 
0 
0 
0 
0 
0 
0 
0 
0 
0 
0 
0 
0 
0 
0 
0 
1 139 
0 
0 
0 
0 
1 16 
0 
0 
0 
0 
0 
0 
0 
0 
0 
0 
0 
1 151 
1 157 
0 
0 
1 15 
0 
0 
0 
0 
0 
0 
0 
0 
0 
0 
0 
0 
0 
0 
0 
0 
0 
0 
0 
0 
1 142 
0 
0 
0 
0 
0 
0 
0 
0 
1 148 
0 
0 
0 
0 
0 
0 
0 
0 
1 154 
0 
0 
0 
0 
0 
0 
0 
0 
0 
0 
0 
0 
0 
0 
0 
0 
1 5 
0 
0 
0 
0 
0 
0 
0 
0 
0 
0 
0 
0 
0 
0 
0 
0 
0 
0 
0 
0 
0 
0 
0 
0 
0 
0 
0 
1 34 
0 
0 
1 76 
0 
0 
0 
0 
0 
1 85 
0 
0 
1 51 
0 
0 
1 94 
0 
0 
1 52 
0 
0 
0 
0 
0 
0 
0 
0 
0 
0 
0 
0 
