920 42
0 
0 
1 592 
0 
0 
0 
0 
0 
0 
0 
0 
0 
0 
0 
0 
0 
0 
0 
1 580 
0 
0 
0 
0 
1 580 
0 
0 
0 
0 
0 
0 
0 
0 
0 
0 
1 587 
0 
0 
0 
0 
0 
0 
0 
0 
0 
0 
0 
0 
0 
1 824 
0 
0 
0 
0 
0 
0 
0 
0 
1 409 
0 
0 
0 
0 
0 
0 
0 
0 
0 
0 
0 
0 
0 
0 
0 
0 
0 
0 
0 
0 
0 
0 
0 
0 
0 
0 
0 
0 
0 
0 
0 
0 
1 879 
0 
1 105 
0 
0 
0 
0 
0 
0 
0 
1 351 
0 
0 
0 
0 
1 92 
0 
0 
0 
0 
0 
0 
0 
0 
0 
0 
0 
0 
1 456 
0 
0 
0 
0 
0 
0 
0 
1 341 
0 
0 
0 
0 
0 
0 
0 
1 308 
0 
0 
0 
0 
0 
0 
0 
0 
0 
0 
0 
0 
0 
0 
0 
0 
0 
1 186 
0 
0 
1 429 
0 
0 
0 
0 
1 286 
0 
0 
0 
0 
0 
1 632 
0 
0 
0 
0 
0 
0 
0 
0 
0 
0 
0 
0 
0 
0 
0 
1 892 
0 
0 
0 
1 152 
0 
0 
0 
0 
0 
0 
0 
0 
0 
0 
0 
0 
0 
0 
0 
0 
0 
0 
1 417 
0 
0 
0 
0 
0 
0 
0 
0 
1 504 
0 
0 
0 
0 
0 
1 573 
0 
0 
0 
0 
0 
0 
0 
0 
0 
0 
0 
0 
0 
1 515 
0 
0 
0 
0 
1 485 
0 
0 
0 
0 
0 
0 
0 
0 
0 
0 
0 
0 
0 
0 
0 
0 
0 
0 
0 
0 
0 
0 
0 
0 
0 
0 
0 
0 
0 
0 
0 
0 
0 
0 
0 
0 
0 
0 
0 
0 
0 
1 642 
0 
0 
0 
0 
1 160 
0 
0 
0 
0 
0 
0 
0 
0 
0 
0 
0 
0 
0 
0 
0 
0 
0 
0 
0 
0 
0 
1 134 
0 
0 
1 890 
0 
0 
0 
0 
1 913 
0 
0 
0 
0 
0 
1 367 
0 
0 
0 
0 
1 788 
0 
0 
0 
0 
0 
0 
0 
0 
0 
0 
0 
0 
0 
1 126 
0 
0 
0 
0 
0 
0 
0 
1 780 
0 
1 100 
0 
0 
0 
0 
0 
0 
1 755 
0 
1 500 
0 
0 
0 
0 
0 
0 
1 322 
0 
0 
0 
1 554 
0 
0 
0 
0 
0 
0 
0 
0 
0 
0 
0 
0 
0 
0 
0 
0 
0 
0 
0 
0 
0 
0 
0 
0 
0 
0 
0 
0 
0 
0 
0 
0 
0 
0 
0 
0 
0 
1 57 
0 
0 
0 
0 
0 
0 
0 
1 205 
0 
0 
0 
0 
0 
0 
0 
0 
0 
0 
0 
1 155 
0 
0 
0 
0 
0 
0 
0 
0 
0 
0 
0 
0 
0 
0 
0 
0 
0 
0 
0 
0 
0 
0 
0 
0 
0 
0 
1 118 
0 
0 
0 
0 
0 
0 
0 
0 
0 
0 
0 
0 
0 
0 
0 
0 
0 
0 
0 
0 
0 
0 
0 
0 
0 
0 
0 
0 
1 239 
0 
0 
0 
0 
0 
0 
1 643 
0 
0 
0 
1 731 
0 
0 
0 
1 360 
0 
0 
0 
2 214 798 
1 737 
0 
0 
0 
0 
0 
0 
0 
0 
0 
1 234 
0 
0 
0 
0 
0 
0 
0 
0 
0 
0 
0 
0 
0 
0 
0 
0 
0 
0 
0 
0 
0 
0 
0 
0 
1 907 
0 
0 
0 
0 
0 
0 
0 
0 
0 
0 
0 
0 
0 
1 371 
0 
0 
0 
0 
0 
0 
0 
0 
0 
0 
0 
0 
0 
0 
0 
0 
0 
0 
1 220 
0 
0 
0 
0 
0 
0 
2 18 23 
0 
0 
0 
0 
0 
0 
1 34 
0 
0 
0 
0 
1 2 
0 
0 
0 
0 
0 
0 
0 
0 
0 
0 
1 696 
0 
0 
0 
0 
0 
0 
0 
0 
0 
0 
0 
0 
0 
0 
0 
0 
0 
0 
0 
0 
0 
0 
0 
0 
0 
0 
0 
0 
1 166 
0 
0 
0 
0 
0 
0 
0 
1 850 
0 
1 281 
1 492 
0 
0 
0 
0 
0 
0 
0 
0 
0 
0 
0 
0 
0 
0 
0 
0 
0 
0 
0 
0 
0 
0 
0 
0 
0 
0 
0 
0 
0 
0 
0 
0 
0 
0 
0 
0 
0 
0 
0 
0 
0 
0 
0 
0 
0 
0 
0 
0 
0 
1 826 
0 
0 
1 603 
0 
0 
0 
0 
0 
0 
0 
0 
0 
0 
0 
0 
0 
0 
0 
0 
0 
1 839 
0 
0 
0 
0 
0 
0 
0 
0 
0 
0 
0 
0 
0 
0 
0 
0 
2 496 845 
0 
0 
0 
0 
0 
1 505 
0 
0 
0 
0 
0 
0 
0 
0 
0 
0 
0 
0 
0 
0 
0 
0 
0 
1 358 
0 
0 
0 
0 
0 
0 
0 
0 
0 
0 
0 
0 
0 
0 
0 
0 
0 
0 
0 
0 
0 
0 
0 
0 
1 349 
0 
0 
0 
0 
0 
0 
0 
1 327 
0 
0 
0 
0 
0 
0 
0 
0 
0 
1 504 
0 
0 
0 
0 
0 
0 
0 
0 
0 
0 
0 
0 
0 
0 
0 
0 
0 
0 
0 
0 
0 
0 
0 
0 
0 
1 48 
0 
1 693 
0 
0 
0 
0 
0 
0 
0 
0 
0 
0 
0 
0 
1 714 
0 
0 
0 
0 
0 
1 731 
0 
0 
0 
0 
1 640 
0 
0 
0 
0 
0 
0 
0 
0 
0 
0 
0 
0 
0 
0 
0 
0 
0 
0 
0 
0 
0 
0 
0 
0 
1 910 
0 
0 
0 
1 90 
0 
0 
0 
0 
0 
0 
0 
0 
0 
0 
1 311 
0 
1 182 
0 
0 
0 
0 
0 
0 
0 
0 
0 
0 
0 
0 
0 
0 
1 540 
0 
0 
1 875 
0 
0 
1 316 
0 
0 
0 
0 
0 
0 
920 51
1 627 
0 
1 419 
0 
0 
0 
0 
0 
1 164 
0 
0 
0 
0 
0 
0 
0 
0 
0 
0 
0 
0 
0 
1 468 
0 
0 
0 
0 
0 
0 
0 
0 
0 
0 
0 
1 455 
0 
0 
0 
0 
0 
0 
0 
0 
0 
0 
0 
0 
0 
0 
0 
0 
0 
0 
1 247 
0 
0 
0 
1 454 
1 186 
0 
0 
0 
0 
0 
0 
0 
1 87 
0 
0 
0 
0 
0 
0 
0 
0 
0 
0 
0 
0 
0 
1 634 
0 
1 251 
0 
0 
0 
0 
1 66 
0 
0 
0 
0 
0 
0 
0 
0 
0 
1 159 
0 
0 
0 
1 143 
0 
0 
0 
0 
1 520 
0 
1 573 
0 
0 
0 
0 
1 906 
0 
0 
0 
0 
0 
0 
0 
0 
0 
0 
0 
0 
0 
0 
0 
0 
0 
0 
0 
1 501 
0 
0 
0 
1 669 
0 
0 
0 
0 
0 
1 101 
0 
1 818 
0 
0 
0 
0 
1 395 
0 
0 
1 883 
0 
0 
0 
0 
0 
1 97 
0 
0 
0 
0 
1 8 
0 
0 
0 
0 
0 
0 
0 
0 
0 
0 
1 351 
0 
0 
0 
0 
0 
0 
0 
0 
0 
0 
2 58 393 
0 
0 
0 
0 
0 
0 
0 
0 
0 
0 
0 
0 
0 
0 
0 
0 
0 
1 774 
1 351 
1 345 
0 
0 
0 
0 
0 
0 
1 304 
0 
0 
0 
0 
0 
0 
0 
0 
0 
0 
0 
0 
0 
0 
0 
0 
0 
0 
0 
0 
0 
0 
0 
0 
0 
0 
0 
0 
0 
0 
0 
0 
0 
1 53 
0 
0 
0 
1 82 
0 
1 624 
0 
0 
0 
0 
0 
0 
0 
0 
0 
0 
0 
0 
0 
0 
0 
0 
0 
0 
0 
0 
0 
0 
0 
0 
0 
0 
0 
1 892 
0 
0 
0 
0 
0 
0 
0 
0 
0 
0 
0 
0 
0 
0 
0 
0 
0 
0 
0 
0 
0 
0 
1 213 
0 
0 
0 
0 
0 
0 
0 
0 
0 
0 
1 355 
0 
0 
0 
0 
0 
0 
0 
0 
0 
0 
0 
0 
0 
0 
0 
1 382 
1 752 
0 
0 
0 
1 411 
0 
1 491 
0 
0 
0 
0 
0 
0 
1 206 
0 
0 
0 
0 
0 
2 175 205 
0 
0 
0 
1 315 
0 
0 
0 
0 
0 
0 
0 
0 
0 
0 
0 
0 
0 
0 
0 
0 
0 
0 
0 
0 
0 
0 
0 
0 
0 
0 
1 331 
0 
0 
0 
0 
0 
0 
0 
0 
1 453 
0 
1 186 
0 
1 150 
0 
0 
0 
0 
1 472 
0 
0 
0 
0 
0 
0 
0 
0 
0 
0 
1 336 
0 
0 
0 
0 
0 
0 
0 
1 2 
0 
0 
0 
0 
0 
0 
0 
0 
0 
0 
0 
0 
0 
0 
0 
0 
0 
0 
0 
0 
0 
0 
0 
0 
0 
0 
0 
0 
1 728 
0 
0 
0 
0 
1 391 
2 57 816 
1 34 
0 
0 
0 
0 
0 
0 
0 
0 
0 
0 
0 
0 
1 22 
0 
0 
0 
1 400 
0 
0 
0 
0 
0 
0 
0 
0 
0 
0 
0 
0 
0 
0 
0 
0 
0 
0 
1 338 
0 
0 
0 
0 
0 
0 
0 
0 
0 
1 133 
0 
0 
0 
0 
0 
0 
1 861 
1 666 
0 
0 
0 
0 
0 
0 
0 
0 
0 
0 
1 106 
0 
0 
0 
0 
0 
0 
0 
0 
0 
0 
0 
0 
0 
0 
0 
0 
1 875 
1 815 
0 
0 
0 
0 
0 
0 
0 
0 
0 
0 
1 843 
1 778 
0 
0 
0 
0 
0 
0 
0 
0 
0 
0 
0 
0 
0 
0 
0 
0 
0 
0 
0 
0 
0 
0 
1 108 
0 
0 
0 
0 
0 
0 
0 
0 
1 640 
0 
0 
0 
1 732 
0 
0 
0 
0 
0 
0 
0 
1 624 
0 
0 
0 
0 
0 
0 
0 
0 
0 
0 
0 
0 
0 
0 
0 
0 
0 
0 
0 
0 
0 
0 
0 
0 
0 
0 
0 
0 
0 
2 253 594 
0 
0 
1 0 
0 
0 
0 
0 
0 
0 
1 80 
0 
0 
0 
0 
0 
1 582 
0 
0 
0 
0 
0 
0 
0 
0 
0 
0 
0 
0 
0 
0 
0 
0 
0 
0 
0 
0 
0 
0 
0 
0 
0 
1 509 
0 
0 
1 137 
0 
0 
0 
0 
0 
0 
0 
0 
0 
0 
0 
0 
0 
0 
0 
1 735 
0 
0 
0 
0 
0 
0 
0 
0 
0 
0 
0 
0 
0 
0 
1 876 
0 
0 
1 836 
0 
0 
0 
0 
0 
0 
0 
0 
0 
0 
0 
0 
0 
0 
0 
0 
0 
0 
0 
0 
0 
0 
0 
0 
1 448 
0 
0 
0 
1 586 
0 
0 
1 685 
0 
0 
0 
0 
0 
0 
0 
0 
0 
0 
0 
0 
0 
0 
0 
0 
1 332 
0 
0 
0 
0 
0 
0 
1 910 
0 
0 
0 
0 
0 
0 
0 
0 
0 
0 
0 
0 
0 
0 
1 204 
0 
0 
0 
1 550 
0 
0 
0 
0 
0 
0 
0 
0 
0 
0 
0 
0 
0 
0 
0 
0 
0 
0 
0 
0 
0 
0 
0 
0 
0 
0 
0 
0 
0 
0 
0 
0 
0 
0 
0 
0 
1 538 
1 454 
0 
1 145 
0 
0 
0 
0 
0 
0 
0 
0 
0 
0 
0 
0 
0 
0 
0 
0 
0 
1 703 
0 
0 
0 
0 
0 
0 
1 549 
0 
0 
0 
0 
0 
0 
0 
0 
0 
0 
0 
0 
0 
0 
0 
0 
0 
1 508 
0 
0 
0 
0 
0 
0 
0 
0 
0 
0 
0 
0 
0 
1 537 
1 700 
0 
0 
0 
0 
0 
0 
1 153 
0 
0 
0 
0 
0 
0 
0 
0 
1 281 
0 
0 
0 
0 
0 
0 
0 
0 
0 
0 
0 
0 
0 
1 113 
0 
0 
0 
1 759 
0 
0 
0 
0 
0 
0 
0 
0 
0 
