460 18
0 
0 
0 
0 
1 79 
0 
0 
0 
0 
0 
0 
0 
0 
0 
0 
0 
0 
0 
0 
0 
0 
0 
0 
0 
0 
0 
0 
0 
0 
0 
0 
0 
0 
0 
0 
0 
0 
0 
0 
0 
0 
0 
0 
0 
1 412 
0 
0 
0 
0 
0 
0 
1 405 
0 
0 
0 
0 
0 
0 
0 
0 
0 
0 
0 
0 
0 
0 
0 
0 
0 
0 
1 176 
0 
0 
0 
0 
0 
1 416 
0 
0 
1 4 
0 
0 
0 
1 86 
0 
0 
1 83 
0 
0 
0 
0 
1 352 
0 
0 
0 
0 
0 
0 
0 
0 
1 311 
0 
0 
0 
0 
1 392 
1 221 
0 
0 
0 
0 
1 114 
0 
0 
1 111 
0 
0 
0 
0 
0 
0 
0 
0 
0 
0 
0 
0 
0 
0 
0 
0 
0 
0 
0 
0 
0 
0 
0 
0 
0 
0 
0 
0 
0 
0 
0 
0 
0 
0 
0 
0 
0 
0 
0 
0 
0 
0 
0 
0 
0 
0 
0 
0 
0 
0 
0 
0 
0 
0 
0 
0 
0 
0 
0 
0 
0 
1 70 
0 
0 
0 
0 
0 
0 
0 
0 
0 
0 
0 
0 
0 
0 
0 
0 
0 
0 
0 
0 
0 
0 
0 
0 
0 
0 
1 296 
0 
0 
0 
0 
0 
0 
0 
0 
0 
1 404 
0 
0 
0 
0 
0 
0 
0 
1 106 
0 
0 
0 
0 
0 
0 
0 
0 
0 
0 
1 339 
0 
0 
0 
0 
0 
0 
0 
0 
0 
0 
0 
0 
0 
0 
0 
0 
0 
1 356 
0 
0 
0 
0 
0 
0 
0 
0 
0 
0 
0 
0 
0 
1 293 
0 
0 
0 
0 
0 
0 
0 
0 
0 
0 
0 
0 
0 
0 
0 
0 
0 
0 
0 
0 
0 
0 
0 
0 
0 
0 
0 
0 
1 264 
0 
0 
1 203 
0 
0 
0 
0 
0 
0 
0 
0 
0 
0 
0 
0 
0 
0 
1 100 
0 
0 
0 
0 
0 
0 
0 
0 
0 
0 
0 
0 
0 
0 
0 
0 
0 
0 
0 
0 
0 
0 
1 447 
0 
0 
0 
0 
1 232 
0 
0 
0 
0 
0 
0 
1 352 
0 
0 
0 
0 
0 
2 91 346 
0 
0 
0 
1 250 
0 
0 
0 
0 
0 
0 
0 
0 
0 
0 
0 
0 
0 
0 
0 
0 
0 
0 
0 
0 
0 
0 
0 
0 
0 
0 
0 
0 
0 
0 
0 
0 
0 
0 
0 
1 105 
0 
0 
0 
0 
0 
0 
0 
0 
0 
0 
0 
1 213 
1 51 
0 
0 
0 
0 
0 
0 
1 44 
0 
0 
0 
1 76 
0 
0 
0 
0 
0 
0 
0 
0 
0 
0 
0 
0 
0 
0 
0 
0 
0 
0 
0 
0 
0 
0 
0 
0 
0 
0 
0 
0 
0 
0 
1 334 
0 
0 
0 
0 
0 
0 
0 
0 
0 
0 
0 
0 
460 20
0 
2 38 438 
0 
0 
0 
0 
1 437 
0 
1 10 
0 
1 8 
0 
0 
0 
0 
0 
0 
0 
0 
0 
0 
0 
0 
0 
0 
0 
0 
0 
0 
0 
0 
0 
1 217 
0 
0 
0 
0 
0 
1 1 
0 
0 
0 
0 
1 132 
0 
1 442 
1 334 
0 
0 
0 
0 
0 
0 
0 
0 
0 
0 
0 
0 
0 
0 
0 
0 
0 
0 
0 
0 
0 
0 
0 
0 
0 
0 
0 
0 
0 
0 
0 
0 
0 
0 
0 
0 
0 
0 
0 
0 
0 
0 
0 
0 
0 
0 
0 
0 
0 
1 181 
0 
0 
0 
0 
0 
0 
0 
0 
0 
0 
0 
0 
0 
0 
0 
0 
0 
0 
0 
0 
0 
0 
0 
0 
0 
0 
0 
0 
0 
0 
0 
0 
0 
1 258 
0 
1 43 
0 
0 
0 
0 
0 
0 
0 
0 
0 
0 
1 210 
0 
0 
0 
0 
0 
0 
0 
0 
0 
0 
0 
0 
0 
0 
0 
0 
0 
0 
0 
0 
0 
0 
0 
0 
0 
0 
0 
0 
0 
0 
0 
0 
0 
0 
0 
0 
0 
1 96 
0 
0 
0 
0 
0 
0 
0 
0 
0 
0 
0 
0 
0 
0 
0 
0 
0 
0 
0 
0 
0 
0 
0 
0 
0 
0 
0 
0 
1 143 
1 378 
0 
0 
0 
0 
0 
1 32 
0 
0 
0 
0 
0 
0 
0 
0 
1 238 
0 
0 
0 
0 
0 
0 
0 
0 
0 
0 
0 
1 226 
0 
0 
0 
0 
0 
0 
0 
0 
0 
0 
0 
0 
0 
0 
0 
0 
0 
0 
1 448 
1 130 
0 
0 
0 
0 
0 
0 
0 
0 
0 
0 
0 
0 
0 
0 
0 
0 
0 
0 
0 
0 
0 
0 
0 
0 
0 
0 
0 
0 
0 
1 302 
0 
0 
0 
1 441 
0 
0 
0 
0 
0 
0 
0 
0 
0 
1 288 
0 
0 
0 
0 
0 
0 
0 
0 
0 
0 
0 
0 
0 
0 
0 
0 
0 
0 
0 
0 
0 
0 
0 
0 
0 
0 
0 
0 
0 
0 
0 
1 46 
0 
0 
0 
0 
0 
0 
0 
0 
0 
0 
0 
0 
0 
0 
0 
0 
0 
1 374 
0 
0 
0 
0 
0 
1 417 
0 
0 
0 
0 
0 
0 
0 
0 
0 
0 
0 
0 
0 
1 388 
0 
1 352 
0 
0 
0 
1 211 
0 
0 
0 
0 
0 
0 
0 
0 
0 
1 372 
0 
0 
0 
0 
0 
0 
1 447 
0 
0 
0 
0 
0 
0 
0 
0 
0 
0 
0 
0 
0 
0 
0 
0 
0 
0 
0 
0 
0 
1 358 
0 
0 
0 
0 
0 
0 
0 
0 
0 
0 
0 
0 
0 
0 
0 
0 
0 
0 
0 
1 6 
1 1 
0 
0 
1 292 
1 45 
0 
0 
0 
0 
1 395 
1 257 
0 
0 
0 
0 
0 
0 
0 
0 
0 
0 
0 
