160 8
0 
0 
0 
0 
0 
0 
0 
0 
0 
0 
1 69 
0 
0 
0 
0 
1 93 
0 
0 
0 
0 
1 131 
1 63 
0 
0 
0 
0 
0 
0 
0 
0 
0 
0 
0 
0 
1 35 
1 34 
0 
0 
0 
0 
0 
0 
0 
0 
0 
0 
0 
0 
0 
0 
1 145 
0 
0 
0 
0 
0 
0 
0 
0 
0 
0 
0 
0 
1 21 
0 
0 
0 
0 
0 
1 10 
0 
0 
0 
0 
0 
0 
1 104 
0 
0 
0 
0 
0 
0 
0 
0 
0 
0 
0 
0 
0 
0 
0 
0 
1 15 
0 
0 
0 
0 
0 
0 
0 
0 
0 
0 
1 76 
0 
0 
0 
0 
0 
0 
0 
0 
0 
0 
0 
1 159 
0 
0 
0 
0 
0 
0 
0 
0 
0 
0 
0 
0 
0 
0 
1 20 
0 
0 
0 
0 
0 
0 
0 
0 
0 
0 
0 
0 
0 
1 50 
0 
0 
0 
0 
0 
0 
0 
0 
0 
0 
0 
0 
0 
1 116 
160 10
0 
0 
0 
1 95 
0 
1 139 
0 
0 
0 
0 
0 
0 
0 
0 
0 
0 
0 
1 36 
0 
0 
0 
0 
0 
0 
0 
0 
0 
0 
1 69 
1 76 
0 
0 
0 
0 
0 
0 
1 17 
0 
0 
0 
0 
0 
0 
0 
0 
0 
0 
0 
0 
0 
0 
1 152 
0 
0 
0 
0 
0 
0 
0 
0 
0 
0 
0 
0 
0 
0 
0 
0 
0 
1 28 
0 
0 
0 
0 
1 98 
1 137 
1 29 
0 
0 
0 
0 
0 
0 
0 
0 
0 
0 
0 
0 
0 
0 
0 
0 
0 
0 
1 3 
0 
0 
1 74 
0 
0 
0 
0 
0 
0 
0 
0 
0 
0 
0 
0 
0 
0 
0 
1 134 
0 
0 
0 
0 
0 
0 
0 
0 
0 
0 
0 
0 
0 
0 
0 
0 
0 
0 
0 
1 114 
0 
0 
1 75 
1 152 
1 5 
0 
0 
0 
0 
0 
0 
0 
0 
0 
0 
0 
0 
2 51 138 
0 
0 
0 
0 
0 
0 
0 
