610 21
0 
0 
0 
0 
0 
0 
0 
0 
0 
0 
0 
0 
0 
0 
0 
0 
0 
0 
0 
0 
0 
0 
0 
0 
0 
0 
0 
0 
0 
0 
0 
0 
0 
1 82 
0 
0 
0 
0 
1 87 
0 
0 
0 
0 
0 
0 
0 
0 
0 
0 
0 
0 
0 
0 
0 
0 
1 419 
0 
0 
0 
1 536 
0 
0 
0 
0 
0 
0 
0 
0 
0 
0 
0 
0 
0 
0 
0 
2 197 379 
0 
0 
0 
0 
0 
0 
1 33 
0 
0 
0 
0 
1 38 
0 
0 
0 
0 
0 
0 
0 
0 
0 
0 
0 
0 
0 
0 
0 
0 
0 
0 
0 
0 
0 
0 
0 
0 
0 
0 
0 
0 
0 
0 
0 
0 
0 
0 
0 
0 
0 
0 
0 
0 
0 
0 
0 
0 
0 
0 
1 206 
0 
0 
0 
0 
1 459 
0 
0 
0 
0 
0 
0 
0 
0 
0 
1 233 
0 
0 
0 
0 
0 
0 
0 
1 521 
0 
0 
0 
0 
0 
0 
0 
0 
0 
0 
0 
0 
0 
0 
0 
0 
0 
0 
0 
0 
0 
0 
0 
0 
0 
0 
0 
0 
0 
0 
0 
0 
0 
0 
0 
0 
0 
0 
0 
1 75 
0 
0 
0 
0 
0 
0 
0 
0 
1 134 
0 
0 
0 
1 331 
1 333 
0 
0 
0 
0 
0 
0 
1 325 
0 
0 
0 
0 
0 
0 
0 
0 
0 
0 
0 
0 
0 
0 
1 149 
0 
0 
0 
0 
0 
0 
0 
0 
0 
0 
0 
0 
1 514 
0 
0 
0 
0 
0 
0 
0 
0 
0 
0 
0 
0 
1 432 
0 
0 
1 527 
0 
0 
0 
0 
0 
0 
0 
0 
0 
0 
0 
0 
0 
0 
0 
0 
0 
0 
0 
0 
0 
0 
0 
0 
0 
0 
0 
0 
0 
0 
0 
0 
0 
0 
0 
0 
0 
0 
0 
0 
0 
0 
0 
0 
0 
0 
0 
0 
0 
0 
0 
0 
0 
0 
0 
0 
0 
0 
0 
0 
0 
1 493 
1 218 
0 
0 
0 
0 
0 
1 210 
0 
1 211 
0 
0 
0 
0 
0 
0 
0 
0 
0 
0 
0 
0 
0 
0 
0 
0 
0 
0 
0 
0 
0 
0 
0 
0 
0 
0 
0 
0 
0 
0 
0 
0 
0 
0 
0 
1 527 
0 
0 
0 
0 
0 
0 
0 
0 
0 
1 75 
0 
0 
0 
0 
0 
0 
0 
1 516 
0 
0 
0 
0 
0 
0 
0 
0 
0 
0 
0 
0 
0 
0 
0 
0 
0 
0 
0 
0 
0 
0 
0 
0 
0 
0 
0 
0 
0 
0 
0 
1 55 
0 
0 
0 
0 
0 
0 
0 
0 
0 
0 
0 
0 
1 259 
0 
0 
0 
0 
0 
0 
0 
0 
0 
0 
0 
0 
0 
0 
0 
0 
0 
0 
0 
0 
0 
0 
0 
0 
0 
0 
1 139 
0 
0 
0 
0 
0 
0 
0 
0 
0 
0 
0 
0 
0 
0 
0 
0 
0 
0 
0 
0 
0 
0 
0 
0 
0 
0 
0 
0 
0 
0 
0 
0 
0 
1 324 
0 
0 
0 
0 
0 
0 
0 
0 
0 
0 
0 
0 
1 548 
0 
0 
0 
0 
0 
0 
0 
1 246 
0 
1 387 
0 
0 
0 
0 
1 157 
0 
0 
0 
0 
0 
2 262 369 
0 
0 
0 
0 
0 
0 
0 
0 
1 59 
0 
0 
0 
0 
0 
0 
0 
0 
0 
0 
0 
2 506 585 
0 
0 
0 
0 
0 
0 
0 
0 
0 
0 
0 
0 
0 
0 
0 
0 
0 
0 
0 
0 
0 
0 
0 
0 
0 
0 
0 
0 
0 
0 
0 
0 
0 
0 
0 
0 
1 548 
0 
0 
0 
0 
0 
0 
0 
0 
0 
0 
0 
0 
0 
0 
0 
0 
0 
0 
0 
0 
0 
0 
0 
0 
610 28
0 
0 
0 
0 
0 
0 
0 
0 
0 
0 
0 
0 
0 
0 
0 
0 
0 
1 503 
0 
1 135 
0 
0 
0 
0 
0 
0 
0 
0 
0 
0 
0 
0 
0 
1 103 
0 
0 
1 325 
0 
0 
0 
0 
0 
0 
0 
0 
0 
0 
0 
1 360 
0 
0 
0 
0 
0 
0 
0 
0 
0 
0 
0 
0 
1 538 
0 
0 
0 
0 
0 
0 
0 
0 
0 
1 536 
0 
0 
0 
0 
0 
0 
0 
0 
0 
0 
1 554 
0 
0 
0 
0 
0 
0 
0 
0 
0 
0 
0 
0 
0 
0 
0 
0 
0 
0 
0 
0 
1 33 
0 
0 
0 
0 
0 
0 
0 
1 164 
0 
0 
0 
0 
0 
0 
0 
0 
0 
0 
0 
0 
0 
0 
0 
0 
0 
0 
0 
0 
0 
0 
0 
1 19 
0 
0 
0 
0 
0 
0 
0 
0 
0 
0 
0 
0 
0 
0 
0 
0 
0 
1 337 
0 
0 
0 
0 
0 
0 
0 
0 
0 
0 
2 111 601 
0 
0 
0 
0 
0 
0 
0 
0 
0 
0 
0 
0 
0 
0 
0 
0 
0 
0 
0 
0 
0 
0 
0 
0 
0 
0 
0 
0 
0 
1 299 
0 
0 
0 
0 
0 
0 
0 
0 
0 
0 
0 
0 
1 385 
0 
0 
0 
0 
0 
1 377 
0 
0 
0 
0 
0 
0 
0 
0 
0 
0 
0 
0 
0 
0 
0 
0 
0 
0 
0 
1 532 
0 
0 
0 
0 
0 
0 
0 
0 
0 
1 391 
0 
0 
1 396 
0 
0 
0 
0 
0 
0 
0 
0 
0 
0 
0 
0 
0 
0 
0 
1 434 
0 
0 
0 
0 
0 
0 
0 
1 577 
0 
0 
0 
0 
0 
0 
0 
0 
0 
0 
0 
0 
0 
0 
0 
0 
0 
0 
0 
0 
0 
0 
0 
0 
0 
0 
0 
0 
1 194 
0 
0 
0 
0 
0 
0 
0 
0 
1 459 
0 
0 
0 
0 
0 
0 
0 
0 
0 
0 
0 
0 
0 
0 
0 
0 
1 36 
0 
0 
0 
0 
0 
0 
0 
0 
0 
0 
0 
1 153 
0 
0 
0 
0 
0 
0 
0 
0 
0 
1 477 
0 
0 
0 
0 
0 
0 
0 
0 
0 
0 
0 
0 
1 48 
0 
0 
0 
0 
0 
0 
0 
0 
0 
0 
0 
0 
0 
0 
0 
0 
1 213 
0 
0 
0 
0 
0 
0 
0 
1 207 
0 
1 513 
0 
0 
0 
1 243 
0 
0 
0 
0 
1 246 
0 
0 
0 
0 
1 499 
0 
0 
0 
0 
0 
0 
0 
0 
0 
0 
0 
0 
0 
0 
0 
0 
0 
0 
0 
0 
0 
0 
0 
0 
0 
0 
0 
0 
0 
0 
0 
0 
1 262 
0 
0 
0 
0 
0 
0 
0 
0 
0 
0 
0 
0 
0 
0 
0 
0 
0 
0 
0 
0 
0 
0 
0 
1 607 
1 308 
0 
0 
0 
0 
0 
0 
0 
0 
0 
1 495 
0 
0 
0 
0 
0 
0 
0 
1 347 
0 
0 
0 
0 
0 
1 582 
0 
0 
0 
0 
0 
0 
0 
0 
0 
0 
0 
1 469 
0 
0 
0 
1 401 
0 
0 
0 
1 17 
0 
0 
0 
0 
0 
0 
0 
0 
0 
1 387 
0 
0 
0 
0 
0 
0 
0 
0 
0 
0 
1 544 
0 
0 
0 
0 
1 590 
0 
0 
1 233 
0 
0 
0 
1 71 
0 
1 61 
0 
0 
0 
0 
0 
1 524 
0 
0 
0 
0 
0 
0 
0 
0 
0 
1 82 
0 
0 
0 
0 
0 
0 
0 
0 
0 
0 
0 
0 
0 
0 
0 
0 
0 
0 
0 
0 
0 
0 
1 270 
0 
0 
0 
0 
1 483 
0 
0 
0 
0 
0 
0 
0 
1 529 
0 
0 
0 
0 
0 
0 
0 
0 
0 
0 
1 164 
0 
0 
0 
0 
0 
1 458 
0 
0 
