890 43
0 
0 
1 652 
0 
0 
0 
0 
0 
0 
0 
0 
0 
0 
0 
0 
0 
0 
0 
0 
1 250 
0 
0 
0 
0 
1 405 
0 
0 
0 
0 
0 
0 
0 
0 
0 
0 
1 753 
0 
0 
0 
0 
0 
0 
0 
0 
0 
0 
0 
0 
0 
0 
1 585 
0 
0 
0 
0 
0 
0 
0 
0 
1 458 
0 
0 
0 
0 
0 
0 
0 
0 
0 
0 
0 
0 
0 
0 
0 
0 
0 
0 
0 
0 
0 
0 
0 
0 
0 
0 
0 
0 
0 
0 
0 
0 
0 
0 
1 393 
1 480 
0 
0 
0 
0 
0 
0 
0 
0 
1 205 
1 114 
0 
0 
0 
0 
0 
0 
0 
0 
1 105 
0 
0 
0 
0 
0 
0 
0 
0 
1 156 
0 
0 
0 
0 
0 
0 
0 
1 321 
0 
0 
0 
0 
0 
0 
0 
1 568 
0 
0 
0 
0 
0 
0 
0 
0 
0 
0 
0 
0 
0 
0 
0 
0 
1 123 
0 
1 345 
0 
0 
1 696 
0 
0 
0 
0 
1 733 
0 
0 
0 
0 
0 
0 
1 579 
0 
0 
0 
0 
0 
0 
0 
0 
0 
0 
0 
0 
0 
0 
0 
0 
1 732 
0 
0 
0 
0 
0 
0 
0 
0 
0 
0 
0 
0 
0 
0 
1 104 
0 
0 
0 
0 
0 
0 
0 
0 
1 456 
0 
0 
0 
0 
0 
0 
0 
0 
0 
2 229 539 
0 
0 
0 
0 
1 224 
1 538 
1 249 
0 
0 
0 
0 
0 
0 
0 
0 
0 
0 
0 
0 
0 
1 396 
0 
0 
0 
1 231 
2 19 571 
0 
0 
0 
0 
0 
0 
0 
0 
0 
0 
0 
0 
0 
0 
0 
0 
0 
0 
0 
0 
0 
0 
0 
0 
0 
0 
0 
0 
0 
0 
0 
0 
0 
0 
0 
0 
0 
0 
0 
0 
0 
0 
0 
0 
1 665 
0 
1 371 
0 
0 
0 
0 
0 
0 
0 
0 
0 
0 
0 
0 
0 
0 
0 
0 
0 
0 
0 
0 
0 
0 
0 
1 131 
0 
0 
0 
0 
0 
0 
1 547 
0 
0 
0 
0 
1 805 
0 
0 
0 
0 
0 
1 541 
0 
0 
0 
0 
0 
2 158 653 
0 
0 
0 
0 
0 
0 
0 
0 
0 
0 
0 
0 
0 
0 
0 
0 
0 
0 
0 
0 
0 
0 
0 
1 660 
0 
1 297 
0 
0 
0 
0 
0 
0 
0 
1 575 
0 
1 422 
0 
0 
0 
0 
0 
0 
0 
0 
0 
0 
0 
2 94 541 
0 
0 
1 245 
0 
0 
0 
0 
0 
0 
0 
0 
1 24 
0 
0 
0 
0 
0 
0 
0 
0 
0 
0 
0 
0 
0 
0 
0 
0 
1 381 
0 
0 
0 
0 
0 
0 
0 
0 
0 
0 
0 
0 
0 
0 
0 
0 
0 
0 
0 
0 
0 
0 
0 
0 
0 
0 
0 
0 
0 
0 
0 
0 
0 
1 214 
0 
1 59 
0 
0 
0 
0 
0 
0 
0 
0 
0 
0 
0 
0 
0 
0 
0 
0 
0 
0 
0 
0 
0 
1 95 
0 
0 
0 
0 
0 
0 
0 
0 
0 
0 
0 
0 
0 
0 
0 
0 
0 
0 
0 
0 
0 
0 
0 
0 
0 
0 
0 
0 
0 
0 
0 
0 
0 
0 
0 
0 
0 
0 
0 
0 
0 
0 
0 
0 
0 
0 
0 
0 
0 
0 
1 700 
0 
0 
0 
0 
1 711 
0 
1 230 
1 224 
0 
2 339 393 
0 
0 
0 
0 
1 651 
2 328 662 
0 
0 
0 
0 
0 
0 
0 
0 
0 
0 
0 
0 
0 
0 
0 
0 
0 
0 
0 
0 
1 139 
0 
0 
1 250 
0 
0 
0 
1 379 
0 
0 
0 
1 173 
0 
0 
0 
0 
0 
1 50 
0 
0 
0 
0 
0 
1 634 
0 
0 
0 
0 
0 
0 
0 
0 
0 
0 
0 
0 
0 
0 
0 
0 
1 634 
0 
0 
0 
0 
0 
0 
0 
0 
0 
0 
0 
0 
0 
0 
0 
0 
0 
0 
0 
0 
0 
0 
0 
0 
0 
2 591 608 
0 
0 
0 
0 
0 
0 
0 
0 
0 
0 
0 
0 
0 
0 
0 
0 
1 546 
1 2 
1 345 
0 
0 
0 
0 
0 
0 
1 369 
0 
1 547 
0 
0 
1 295 
0 
0 
0 
0 
0 
0 
0 
0 
0 
1 822 
0 
0 
0 
0 
0 
0 
0 
0 
0 
0 
0 
0 
0 
0 
0 
0 
0 
0 
0 
0 
1 161 
0 
0 
0 
1 531 
0 
0 
0 
0 
0 
0 
0 
0 
0 
0 
1 536 
0 
0 
0 
0 
0 
0 
0 
0 
0 
0 
0 
0 
0 
0 
0 
0 
0 
0 
0 
0 
1 190 
1 166 
0 
0 
1 802 
0 
0 
0 
0 
0 
0 
0 
0 
0 
0 
0 
0 
0 
0 
0 
0 
1 35 
0 
0 
0 
0 
0 
0 
0 
0 
0 
0 
0 
0 
0 
0 
0 
0 
0 
0 
0 
0 
0 
0 
0 
0 
0 
0 
0 
0 
0 
0 
0 
0 
0 
0 
0 
0 
0 
0 
0 
0 
0 
0 
0 
0 
0 
0 
0 
0 
1 736 
0 
0 
1 333 
0 
0 
0 
0 
0 
0 
0 
0 
0 
0 
0 
0 
0 
0 
0 
0 
1 675 
0 
0 
0 
0 
0 
0 
0 
0 
0 
0 
0 
0 
0 
0 
0 
0 
0 
0 
0 
0 
0 
0 
0 
0 
0 
0 
0 
0 
0 
0 
0 
0 
0 
0 
0 
0 
0 
0 
0 
0 
0 
0 
0 
0 
0 
0 
0 
0 
0 
0 
0 
0 
0 
0 
0 
0 
0 
0 
0 
0 
0 
0 
0 
0 
0 
0 
0 
890 52
0 
1 729 
0 
0 
0 
0 
1 832 
0 
0 
0 
1 648 
0 
0 
0 
0 
0 
0 
0 
0 
0 
0 
0 
0 
0 
0 
0 
0 
0 
0 
1 834 
0 
1 699 
0 
1 613 
0 
0 
0 
0 
0 
1 724 
0 
0 
1 358 
0 
0 
0 
0 
0 
0 
0 
0 
0 
0 
0 
0 
1 213 
0 
0 
0 
0 
0 
0 
0 
0 
0 
0 
0 
0 
1 135 
0 
0 
0 
0 
0 
0 
0 
0 
0 
0 
0 
0 
0 
0 
0 
0 
0 
0 
0 
1 342 
0 
0 
0 
1 809 
1 606 
0 
0 
0 
0 
0 
0 
0 
0 
1 240 
0 
0 
0 
0 
0 
0 
0 
0 
0 
0 
0 
0 
0 
0 
0 
1 168 
1 690 
0 
0 
0 
0 
0 
0 
0 
0 
0 
0 
0 
0 
0 
0 
0 
2 68 849 
0 
0 
0 
0 
1 356 
0 
0 
0 
0 
0 
1 335 
0 
1 528 
0 
0 
0 
0 
0 
1 476 
0 
0 
0 
0 
0 
0 
0 
0 
0 
0 
0 
0 
0 
1 118 
0 
0 
0 
0 
0 
0 
1 777 
0 
0 
0 
0 
1 524 
0 
0 
0 
0 
0 
0 
0 
0 
1 557 
0 
0 
0 
0 
1 504 
0 
0 
0 
1 523 
0 
0 
0 
0 
0 
0 
0 
0 
0 
0 
0 
0 
0 
0 
1 55 
0 
0 
0 
0 
0 
0 
0 
0 
1 306 
0 
0 
0 
0 
0 
0 
0 
0 
0 
0 
0 
1 540 
0 
0 
0 
0 
0 
1 102 
0 
0 
0 
0 
0 
0 
0 
0 
0 
0 
0 
0 
0 
1 362 
2 420 711 
1 785 
0 
0 
0 
0 
0 
0 
0 
1 679 
0 
0 
0 
0 
0 
0 
0 
0 
0 
0 
0 
0 
0 
0 
0 
0 
0 
0 
0 
0 
0 
0 
0 
0 
0 
0 
0 
0 
0 
0 
0 
0 
0 
0 
0 
0 
0 
0 
0 
0 
0 
1 222 
0 
0 
0 
1 750 
0 
0 
0 
0 
0 
0 
0 
0 
0 
0 
0 
0 
0 
0 
0 
0 
0 
0 
0 
0 
0 
0 
0 
0 
1 146 
0 
0 
0 
0 
0 
0 
1 88 
1 714 
0 
0 
0 
0 
0 
0 
0 
0 
0 
0 
0 
0 
1 140 
0 
1 42 
0 
0 
0 
1 254 
0 
0 
0 
0 
0 
0 
0 
0 
0 
0 
0 
0 
0 
0 
0 
0 
0 
0 
0 
1 760 
0 
0 
0 
0 
0 
0 
0 
0 
0 
0 
0 
0 
0 
0 
0 
0 
0 
0 
1 872 
0 
1 856 
0 
0 
0 
0 
1 438 
0 
1 722 
0 
0 
0 
0 
0 
0 
0 
0 
0 
1 255 
0 
0 
0 
0 
0 
0 
0 
0 
0 
0 
0 
0 
0 
0 
0 
0 
0 
1 408 
0 
0 
0 
0 
0 
0 
0 
0 
0 
0 
0 
0 
0 
0 
0 
0 
0 
0 
0 
0 
0 
0 
0 
0 
0 
0 
0 
0 
0 
0 
0 
0 
0 
0 
0 
0 
0 
2 154 643 
0 
0 
0 
0 
0 
0 
0 
0 
0 
0 
0 
1 491 
0 
0 
1 488 
0 
0 
0 
0 
0 
0 
0 
0 
0 
0 
0 
0 
1 194 
0 
0 
0 
0 
0 
0 
0 
0 
0 
0 
0 
0 
0 
0 
0 
0 
0 
0 
1 198 
1 180 
0 
0 
0 
1 148 
0 
0 
0 
0 
0 
0 
0 
0 
0 
0 
0 
1 234 
0 
0 
0 
0 
0 
0 
0 
0 
0 
0 
0 
0 
1 563 
0 
0 
0 
1 189 
0 
0 
0 
1 804 
0 
1 553 
0 
0 
0 
0 
0 
0 
0 
0 
0 
0 
0 
0 
0 
0 
0 
0 
0 
0 
0 
0 
0 
0 
0 
0 
0 
0 
0 
0 
0 
0 
0 
0 
0 
0 
0 
0 
0 
0 
0 
0 
0 
0 
1 93 
0 
0 
0 
0 
0 
0 
1 33 
0 
0 
0 
0 
0 
0 
0 
0 
0 
0 
0 
0 
0 
0 
0 
0 
0 
0 
0 
0 
0 
0 
0 
0 
0 
0 
0 
0 
0 
1 476 
1 736 
1 707 
0 
0 
1 10 
0 
0 
0 
0 
0 
0 
0 
0 
0 
0 
0 
0 
0 
0 
0 
0 
0 
0 
0 
0 
0 
0 
0 
0 
0 
0 
0 
0 
0 
0 
1 264 
0 
0 
0 
0 
0 
0 
0 
0 
0 
0 
1 119 
0 
0 
0 
0 
0 
1 872 
0 
1 810 
1 31 
0 
0 
0 
0 
0 
0 
0 
1 645 
0 
0 
0 
1 255 
0 
0 
1 343 
0 
0 
0 
0 
0 
0 
1 846 
1 410 
1 817 
1 39 
0 
0 
0 
0 
1 1 
0 
0 
0 
0 
0 
0 
1 644 
0 
0 
0 
0 
0 
0 
0 
0 
0 
0 
0 
0 
0 
1 310 
0 
0 
0 
0 
0 
0 
0 
0 
0 
1 382 
0 
0 
0 
0 
0 
0 
0 
0 
0 
0 
0 
0 
0 
0 
0 
0 
1 175 
0 
0 
0 
0 
0 
0 
0 
1 256 
0 
0 
0 
0 
0 
0 
0 
0 
0 
0 
0 
0 
0 
0 
0 
0 
0 
0 
1 561 
0 
0 
0 
0 
1 92 
1 698 
0 
0 
0 
0 
0 
0 
2 723 820 
0 
0 
1 817 
0 
0 
0 
0 
0 
0 
0 
0 
0 
0 
0 
1 6 
0 
1 29 
0 
0 
0 
0 
0 
1 870 
0 
0 
0 
0 
0 
1 721 
0 
0 
1 135 
0 
0 
0 
0 
0 
0 
1 403 
0 
0 
0 
0 
0 
0 
0 
0 
0 
0 
0 
0 
0 
1 840 
0 
2 401 696 
0 
0 
0 
0 
0 
0 
0 
0 
0 
0 
0 
0 
0 
0 
0 
0 
0 
