280 11
0 
0 
0 
0 
0 
0 
0 
0 
1 162 
0 
0 
1 98 
0 
0 
0 
0 
0 
1 256 
0 
0 
0 
0 
0 
0 
0 
1 170 
0 
0 
0 
0 
0 
0 
0 
0 
0 
1 127 
0 
0 
0 
0 
0 
0 
0 
0 
0 
0 
1 64 
0 
0 
0 
0 
0 
0 
0 
1 58 
0 
0 
0 
1 54 
0 
0 
1 178 
0 
0 
1 46 
0 
0 
0 
0 
0 
0 
0 
0 
0 
0 
0 
0 
0 
0 
0 
0 
0 
1 180 
0 
0 
0 
0 
0 
0 
0 
0 
0 
0 
0 
1 171 
0 
0 
0 
1 11 
0 
0 
0 
0 
0 
0 
0 
0 
0 
0 
0 
0 
0 
0 
1 137 
0 
0 
0 
0 
0 
0 
0 
0 
0 
0 
0 
0 
0 
1 35 
0 
0 
0 
0 
0 
0 
0 
0 
0 
1 113 
0 
0 
0 
0 
0 
0 
0 
0 
0 
0 
0 
0 
0 
0 
0 
0 
0 
0 
0 
0 
0 
0 
0 
0 
1 8 
0 
0 
0 
0 
0 
0 
0 
1 25 
1 94 
0 
0 
0 
0 
0 
0 
1 61 
0 
1 82 
0 
0 
0 
0 
0 
0 
0 
0 
0 
0 
0 
0 
0 
0 
0 
0 
0 
0 
0 
0 
0 
0 
0 
0 
0 
0 
0 
0 
0 
0 
0 
0 
0 
0 
0 
0 
0 
0 
0 
0 
0 
0 
0 
0 
0 
0 
0 
0 
0 
0 
0 
0 
0 
0 
0 
0 
0 
0 
0 
0 
0 
0 
0 
0 
0 
0 
0 
0 
0 
0 
0 
0 
0 
0 
0 
1 17 
0 
0 
0 
0 
0 
0 
0 
0 
0 
0 
0 
0 
0 
0 
0 
0 
0 
0 
0 
0 
0 
0 
0 
280 14
0 
0 
0 
0 
0 
0 
0 
0 
0 
0 
0 
0 
0 
0 
0 
0 
0 
0 
0 
0 
0 
0 
0 
0 
1 118 
0 
0 
0 
0 
0 
0 
0 
0 
0 
0 
0 
0 
0 
0 
0 
0 
0 
0 
0 
0 
0 
1 154 
0 
1 276 
0 
0 
0 
0 
0 
0 
0 
0 
0 
0 
0 
0 
1 93 
0 
0 
0 
0 
0 
0 
0 
0 
0 
0 
0 
0 
0 
0 
0 
0 
1 107 
0 
0 
0 
0 
0 
0 
0 
0 
0 
0 
0 
0 
0 
1 232 
1 61 
0 
0 
0 
1 142 
0 
1 128 
0 
0 
0 
0 
0 
0 
0 
1 78 
0 
0 
0 
0 
0 
0 
0 
0 
0 
0 
1 24 
0 
1 249 
0 
0 
0 
0 
0 
0 
0 
1 99 
0 
0 
0 
0 
0 
0 
0 
0 
0 
0 
0 
0 
0 
1 97 
0 
0 
0 
0 
0 
0 
0 
0 
1 257 
0 
0 
1 46 
0 
0 
0 
0 
0 
0 
0 
0 
0 
0 
0 
0 
0 
0 
0 
0 
0 
0 
0 
0 
0 
0 
0 
1 260 
1 186 
0 
0 
0 
0 
0 
0 
1 179 
0 
0 
0 
0 
0 
1 203 
0 
0 
0 
0 
0 
0 
0 
0 
0 
0 
1 192 
0 
0 
0 
0 
0 
0 
0 
0 
0 
0 
0 
0 
0 
0 
0 
0 
0 
0 
0 
0 
0 
0 
0 
0 
0 
0 
0 
0 
1 92 
0 
0 
0 
0 
0 
0 
0 
0 
0 
0 
0 
0 
0 
0 
0 
0 
1 120 
0 
0 
0 
0 
0 
0 
0 
1 151 
0 
0 
1 178 
0 
0 
0 
0 
0 
0 
0 
1 272 
0 
0 
0 
1 268 
0 
0 
0 
1 48 
0 
0 
0 
