770 35
0 
0 
0 
0 
0 
0 
0 
0 
0 
1 469 
0 
0 
0 
1 486 
0 
0 
0 
0 
0 
0 
1 754 
0 
0 
0 
0 
0 
0 
0 
0 
0 
0 
0 
0 
0 
0 
0 
0 
0 
0 
0 
0 
0 
0 
0 
0 
0 
0 
0 
0 
0 
1 621 
0 
0 
0 
0 
0 
0 
0 
0 
0 
0 
0 
0 
0 
0 
0 
0 
0 
0 
0 
0 
0 
0 
0 
0 
1 556 
0 
0 
0 
0 
0 
0 
0 
0 
0 
0 
0 
0 
0 
0 
0 
1 557 
0 
0 
0 
1 380 
0 
0 
1 381 
0 
0 
0 
0 
0 
0 
0 
0 
0 
0 
0 
0 
0 
0 
0 
0 
0 
0 
0 
0 
0 
0 
0 
0 
0 
0 
0 
0 
1 192 
0 
0 
0 
0 
0 
0 
0 
0 
0 
0 
0 
0 
0 
0 
0 
0 
0 
0 
0 
0 
0 
0 
0 
0 
0 
0 
0 
0 
0 
0 
0 
1 594 
0 
0 
0 
0 
0 
0 
0 
0 
0 
0 
0 
0 
0 
0 
0 
1 445 
0 
0 
0 
0 
0 
0 
0 
0 
0 
0 
0 
0 
0 
0 
0 
0 
1 127 
0 
0 
0 
0 
0 
0 
0 
0 
0 
0 
0 
0 
0 
0 
0 
0 
0 
0 
0 
0 
0 
0 
0 
1 733 
0 
0 
0 
0 
1 640 
0 
0 
0 
0 
0 
0 
0 
0 
0 
0 
0 
0 
0 
0 
0 
0 
0 
0 
0 
0 
0 
0 
0 
0 
0 
0 
0 
0 
0 
0 
0 
0 
0 
2 283 662 
0 
0 
0 
0 
0 
0 
0 
0 
0 
0 
0 
0 
0 
0 
0 
0 
0 
0 
0 
0 
0 
0 
0 
0 
0 
0 
0 
1 255 
0 
0 
0 
0 
0 
0 
1 612 
0 
0 
0 
0 
0 
0 
0 
0 
0 
0 
1 405 
1 485 
0 
0 
0 
0 
0 
0 
0 
0 
0 
0 
0 
1 573 
0 
1 658 
0 
0 
0 
0 
0 
0 
0 
0 
0 
0 
0 
0 
0 
0 
0 
1 575 
0 
0 
0 
0 
0 
0 
0 
0 
0 
0 
1 408 
0 
0 
0 
0 
0 
0 
0 
0 
0 
0 
0 
1 600 
0 
0 
0 
0 
0 
1 385 
0 
0 
0 
0 
0 
0 
0 
0 
0 
0 
0 
0 
0 
0 
0 
0 
0 
0 
1 95 
1 98 
0 
0 
0 
1 361 
0 
0 
0 
0 
0 
0 
0 
0 
0 
0 
0 
0 
0 
0 
0 
0 
0 
0 
0 
1 301 
0 
0 
1 343 
0 
0 
0 
0 
0 
0 
0 
0 
0 
0 
0 
0 
0 
0 
0 
0 
0 
0 
0 
0 
0 
0 
1 605 
0 
0 
1 524 
0 
0 
0 
0 
0 
0 
0 
0 
0 
0 
1 175 
0 
0 
0 
0 
1 476 
0 
0 
0 
0 
0 
0 
0 
0 
0 
1 731 
0 
0 
0 
0 
0 
0 
0 
0 
1 9 
1 665 
0 
0 
0 
0 
0 
1 450 
0 
0 
0 
0 
0 
0 
0 
0 
1 302 
1 13 
0 
0 
0 
0 
0 
0 
0 
0 
0 
0 
1 684 
0 
0 
0 
0 
0 
0 
0 
0 
0 
0 
0 
0 
0 
0 
0 
0 
0 
0 
0 
0 
0 
0 
0 
0 
0 
0 
1 434 
0 
0 
0 
0 
0 
0 
0 
0 
0 
0 
0 
0 
0 
0 
0 
0 
0 
0 
0 
0 
1 623 
0 
0 
0 
0 
0 
0 
0 
0 
0 
0 
1 75 
1 91 
0 
0 
0 
0 
0 
0 
0 
0 
0 
0 
0 
0 
0 
0 
0 
1 314 
0 
1 332 
0 
0 
0 
0 
0 
0 
0 
0 
0 
0 
0 
0 
0 
0 
0 
0 
0 
0 
1 159 
0 
0 
0 
0 
0 
1 355 
0 
0 
0 
0 
1 431 
0 
0 
0 
0 
0 
0 
1 290 
0 
0 
0 
0 
0 
0 
1 702 
0 
1 50 
0 
1 545 
0 
0 
0 
0 
0 
0 
0 
0 
0 
0 
0 
0 
0 
0 
0 
0 
1 221 
0 
0 
0 
0 
0 
0 
1 738 
0 
0 
0 
0 
0 
0 
0 
0 
0 
0 
1 316 
0 
0 
0 
1 255 
0 
0 
1 470 
0 
0 
0 
0 
0 
0 
0 
0 
0 
0 
0 
0 
0 
0 
0 
0 
0 
0 
1 497 
0 
0 
1 747 
0 
0 
0 
0 
0 
1 727 
0 
0 
0 
0 
0 
0 
0 
0 
1 619 
0 
0 
0 
0 
0 
0 
0 
0 
0 
0 
0 
0 
0 
0 
0 
0 
0 
0 
0 
0 
0 
0 
0 
0 
1 693 
0 
0 
0 
1 460 
0 
1 216 
0 
0 
0 
0 
1 647 
0 
0 
0 
0 
0 
0 
0 
0 
1 687 
0 
0 
0 
0 
0 
0 
1 20 
0 
0 
0 
0 
0 
0 
0 
0 
0 
0 
0 
0 
0 
0 
0 
770 44
0 
0 
1 176 
0 
0 
0 
0 
0 
1 26 
0 
0 
0 
0 
0 
0 
0 
0 
0 
1 653 
0 
0 
0 
0 
0 
0 
0 
1 8 
0 
0 
0 
0 
0 
0 
0 
0 
0 
0 
0 
0 
0 
0 
0 
0 
0 
1 108 
0 
0 
0 
0 
0 
1 90 
0 
0 
0 
0 
0 
0 
0 
1 219 
0 
1 145 
0 
0 
0 
0 
0 
0 
0 
0 
0 
0 
0 
0 
1 408 
0 
0 
0 
0 
0 
0 
0 
0 
0 
0 
0 
0 
1 175 
0 
0 
0 
1 50 
0 
0 
0 
0 
0 
0 
0 
0 
0 
0 
0 
0 
0 
0 
0 
0 
0 
1 44 
0 
0 
0 
0 
0 
0 
0 
0 
0 
1 720 
0 
0 
0 
0 
1 686 
0 
0 
0 
0 
0 
0 
0 
0 
0 
0 
0 
0 
0 
0 
0 
0 
0 
0 
0 
0 
0 
1 60 
1 659 
0 
0 
1 729 
0 
0 
0 
0 
0 
0 
0 
0 
0 
0 
0 
0 
0 
0 
0 
1 565 
0 
0 
0 
0 
1 441 
0 
0 
0 
0 
1 86 
1 2 
0 
0 
0 
0 
0 
0 
0 
0 
0 
0 
0 
0 
0 
0 
1 588 
0 
1 208 
0 
0 
0 
1 460 
0 
0 
0 
0 
0 
0 
1 647 
0 
1 523 
0 
2 193 317 
0 
0 
0 
0 
0 
0 
1 423 
0 
0 
0 
1 58 
0 
0 
0 
0 
0 
1 552 
1 741 
0 
0 
0 
1 373 
0 
1 369 
0 
0 
0 
0 
0 
0 
0 
0 
0 
0 
0 
0 
0 
0 
1 356 
0 
0 
0 
1 551 
0 
0 
0 
0 
2 285 715 
0 
1 460 
0 
0 
0 
0 
1 576 
0 
0 
0 
0 
0 
0 
0 
0 
0 
1 399 
0 
1 691 
0 
0 
0 
0 
0 
0 
0 
0 
0 
1 256 
0 
0 
0 
0 
0 
0 
0 
0 
0 
0 
0 
0 
0 
0 
0 
0 
0 
0 
0 
0 
0 
0 
0 
0 
0 
0 
0 
0 
0 
0 
1 520 
1 208 
0 
0 
1 529 
0 
0 
0 
0 
0 
0 
0 
0 
0 
0 
0 
0 
1 447 
0 
0 
0 
0 
0 
0 
0 
0 
0 
0 
0 
0 
0 
0 
0 
0 
0 
1 410 
0 
0 
0 
0 
1 247 
0 
0 
0 
0 
0 
0 
0 
0 
0 
0 
0 
0 
1 232 
0 
0 
0 
1 230 
0 
0 
0 
0 
0 
0 
0 
0 
0 
0 
0 
0 
0 
0 
0 
0 
0 
0 
1 620 
0 
0 
0 
0 
0 
0 
1 273 
0 
0 
0 
0 
0 
0 
0 
0 
1 73 
0 
1 351 
0 
0 
0 
0 
0 
0 
0 
0 
0 
0 
0 
0 
1 215 
0 
0 
0 
0 
0 
0 
0 
0 
0 
0 
0 
0 
0 
0 
0 
0 
0 
1 170 
0 
0 
0 
0 
0 
1 333 
0 
0 
0 
0 
0 
0 
1 675 
0 
0 
0 
0 
0 
2 197 258 
0 
0 
0 
0 
0 
0 
0 
0 
0 
0 
0 
0 
0 
0 
0 
0 
0 
0 
0 
0 
0 
0 
0 
0 
0 
0 
0 
1 602 
0 
0 
0 
0 
0 
0 
0 
0 
0 
0 
0 
0 
0 
0 
0 
0 
0 
0 
0 
0 
0 
0 
0 
0 
0 
0 
0 
0 
0 
0 
0 
2 316 636 
0 
0 
1 206 
0 
0 
0 
0 
0 
1 320 
0 
0 
0 
0 
0 
0 
0 
0 
0 
0 
0 
0 
0 
0 
0 
0 
0 
0 
0 
0 
0 
1 251 
1 225 
0 
0 
0 
0 
0 
0 
0 
0 
0 
0 
0 
0 
1 165 
0 
0 
0 
0 
0 
0 
1 716 
0 
0 
0 
1 263 
0 
0 
0 
0 
0 
0 
0 
0 
0 
0 
0 
1 191 
0 
0 
0 
0 
0 
0 
0 
0 
0 
0 
0 
0 
0 
1 488 
0 
0 
0 
0 
0 
0 
0 
0 
0 
0 
0 
0 
0 
0 
0 
0 
0 
1 392 
0 
0 
0 
1 687 
0 
0 
0 
0 
0 
0 
0 
0 
0 
0 
0 
1 520 
0 
0 
0 
0 
0 
0 
0 
0 
0 
0 
1 204 
0 
0 
0 
0 
0 
1 18 
0 
0 
0 
0 
0 
1 146 
0 
0 
0 
0 
0 
0 
0 
0 
0 
0 
0 
0 
0 
0 
0 
1 454 
0 
0 
0 
0 
0 
0 
0 
0 
0 
0 
1 123 
1 624 
0 
0 
0 
1 275 
0 
0 
0 
0 
0 
0 
0 
0 
0 
0 
0 
0 
0 
0 
0 
0 
0 
0 
0 
0 
0 
0 
0 
1 256 
1 572 
0 
0 
0 
1 118 
0 
0 
0 
0 
0 
0 
0 
0 
1 149 
0 
0 
0 
0 
0 
0 
0 
0 
0 
0 
0 
1 226 
0 
0 
0 
0 
0 
0 
0 
0 
0 
0 
0 
0 
0 
0 
0 
0 
0 
0 
0 
0 
0 
0 
0 
0 
0 
0 
0 
0 
