270 11
0 
0 
0 
0 
0 
0 
0 
0 
1 242 
0 
0 
1 208 
0 
0 
0 
0 
0 
0 
1 175 
0 
0 
0 
0 
0 
0 
0 
1 177 
0 
0 
0 
0 
0 
0 
0 
0 
0 
1 244 
0 
0 
0 
0 
0 
0 
0 
0 
0 
0 
0 
1 81 
0 
0 
0 
0 
0 
0 
0 
1 171 
0 
0 
0 
0 
0 
0 
0 
1 170 
0 
0 
0 
0 
0 
0 
0 
0 
0 
0 
0 
0 
0 
0 
0 
0 
1 48 
0 
0 
0 
0 
1 262 
0 
0 
0 
0 
0 
0 
0 
0 
0 
0 
0 
0 
1 251 
0 
0 
0 
0 
0 
0 
0 
0 
0 
0 
0 
0 
0 
0 
0 
0 
0 
0 
0 
0 
1 203 
0 
0 
0 
0 
0 
0 
0 
0 
0 
0 
0 
0 
0 
0 
0 
0 
0 
0 
0 
0 
0 
0 
0 
0 
0 
0 
0 
0 
0 
0 
0 
0 
0 
0 
0 
0 
0 
0 
0 
0 
0 
0 
0 
0 
0 
0 
0 
0 
0 
1 64 
1 56 
0 
0 
0 
1 18 
0 
1 26 
0 
0 
0 
0 
0 
0 
0 
0 
0 
0 
0 
0 
0 
0 
0 
0 
0 
0 
0 
0 
0 
0 
0 
0 
0 
1 120 
0 
0 
0 
0 
1 11 
0 
0 
0 
0 
0 
0 
0 
0 
0 
0 
0 
0 
0 
0 
0 
0 
0 
0 
0 
0 
0 
0 
0 
0 
0 
0 
0 
0 
0 
0 
0 
0 
0 
1 8 
0 
1 36 
0 
0 
0 
0 
0 
0 
1 99 
0 
0 
0 
0 
0 
0 
0 
0 
0 
0 
1 86 
0 
0 
0 
0 
0 
0 
0 
270 11
0 
0 
0 
0 
0 
0 
0 
0 
0 
0 
0 
0 
0 
0 
0 
0 
0 
0 
0 
0 
0 
0 
0 
0 
0 
0 
0 
0 
0 
0 
0 
0 
0 
0 
0 
0 
1 241 
0 
0 
0 
0 
0 
0 
0 
0 
0 
0 
0 
0 
0 
0 
0 
0 
0 
0 
0 
0 
0 
0 
0 
0 
1 134 
0 
0 
1 101 
0 
0 
0 
0 
0 
0 
0 
0 
0 
0 
0 
0 
1 256 
0 
0 
0 
0 
0 
0 
0 
0 
0 
0 
0 
0 
0 
0 
0 
0 
0 
1 258 
0 
1 193 
0 
0 
0 
1 64 
0 
0 
0 
0 
0 
0 
0 
0 
0 
0 
0 
0 
1 256 
0 
0 
0 
0 
0 
1 177 
0 
1 229 
0 
0 
0 
0 
0 
0 
0 
0 
0 
0 
0 
1 61 
0 
0 
0 
0 
0 
0 
0 
0 
0 
0 
0 
0 
0 
0 
0 
1 189 
0 
0 
0 
0 
0 
0 
0 
0 
0 
0 
0 
0 
0 
0 
0 
0 
0 
0 
0 
0 
0 
0 
0 
0 
0 
0 
1 120 
0 
0 
0 
0 
0 
0 
0 
0 
0 
0 
0 
1 150 
0 
0 
0 
1 97 
0 
0 
1 237 
0 
0 
0 
0 
0 
0 
0 
0 
0 
0 
0 
0 
0 
0 
0 
0 
0 
0 
0 
0 
0 
0 
0 
0 
0 
0 
0 
0 
0 
0 
0 
0 
1 122 
0 
0 
0 
0 
0 
0 
0 
1 196 
0 
0 
0 
1 36 
0 
0 
0 
0 
0 
0 
0 
0 
0 
0 
0 
0 
0 
0 
2 77 114 
0 
1 95 
0 
0 
0 
0 
0 
0 
0 
0 
0 
0 
0 
