720 37
0 
0 
1 140 
0 
0 
0 
0 
1 618 
0 
0 
0 
0 
0 
0 
0 
0 
0 
0 
0 
0 
0 
0 
0 
0 
1 102 
0 
0 
0 
0 
1 217 
0 
0 
0 
0 
0 
0 
0 
0 
1 164 
0 
0 
0 
0 
0 
0 
0 
0 
1 630 
0 
0 
0 
0 
0 
0 
0 
0 
0 
0 
0 
0 
0 
0 
0 
0 
0 
0 
0 
0 
0 
0 
0 
0 
0 
0 
0 
0 
1 323 
0 
0 
0 
0 
0 
0 
0 
0 
0 
0 
2 450 641 
0 
0 
0 
0 
1 371 
0 
0 
0 
0 
0 
0 
0 
0 
0 
1 24 
0 
0 
1 224 
0 
1 639 
0 
0 
0 
0 
0 
0 
0 
0 
0 
0 
1 141 
1 468 
0 
1 549 
0 
0 
0 
0 
0 
0 
0 
0 
0 
0 
0 
0 
0 
0 
0 
0 
0 
0 
1 2 
1 118 
0 
0 
0 
0 
0 
0 
0 
0 
0 
0 
0 
1 585 
0 
1 485 
0 
0 
0 
0 
0 
0 
0 
0 
1 38 
0 
0 
0 
0 
0 
0 
0 
0 
0 
0 
0 
0 
0 
0 
0 
0 
0 
0 
1 637 
0 
0 
0 
0 
0 
0 
0 
0 
0 
0 
0 
0 
0 
0 
0 
0 
0 
0 
0 
0 
0 
0 
0 
0 
1 688 
1 472 
0 
0 
1 646 
0 
0 
0 
0 
1 29 
0 
0 
0 
0 
0 
0 
1 105 
0 
0 
0 
0 
0 
0 
0 
1 682 
0 
0 
0 
1 601 
0 
0 
0 
0 
0 
0 
0 
0 
0 
0 
0 
0 
0 
0 
0 
0 
0 
0 
0 
0 
0 
0 
0 
0 
0 
0 
0 
0 
0 
0 
0 
0 
0 
0 
0 
0 
0 
0 
0 
0 
0 
0 
0 
0 
0 
0 
0 
0 
0 
0 
0 
0 
0 
0 
0 
0 
0 
0 
0 
0 
0 
0 
0 
1 529 
0 
0 
0 
0 
0 
0 
0 
0 
0 
0 
0 
0 
0 
0 
0 
0 
0 
0 
0 
0 
0 
0 
1 76 
0 
0 
1 541 
0 
0 
0 
0 
0 
0 
0 
0 
0 
1 591 
0 
0 
1 705 
0 
0 
0 
0 
0 
0 
0 
0 
0 
0 
0 
0 
0 
0 
0 
0 
0 
0 
0 
1 591 
0 
0 
0 
0 
0 
0 
0 
0 
0 
0 
0 
1 92 
0 
0 
0 
0 
0 
0 
0 
0 
0 
0 
0 
0 
0 
0 
0 
0 
0 
0 
0 
0 
0 
0 
0 
0 
0 
0 
0 
0 
0 
0 
0 
0 
0 
0 
0 
0 
0 
0 
0 
0 
1 559 
0 
0 
0 
0 
0 
0 
0 
1 478 
0 
0 
0 
0 
0 
0 
0 
0 
0 
0 
0 
0 
0 
0 
0 
0 
0 
0 
0 
0 
0 
0 
1 709 
0 
1 594 
0 
0 
2 485 502 
0 
1 87 
0 
0 
0 
0 
0 
0 
0 
0 
0 
0 
0 
0 
0 
0 
0 
0 
0 
1 119 
0 
0 
0 
1 209 
0 
0 
0 
0 
0 
1 420 
0 
0 
0 
0 
0 
0 
2 155 448 
0 
0 
0 
0 
0 
0 
0 
0 
0 
0 
0 
0 
0 
0 
0 
0 
1 448 
0 
0 
0 
0 
0 
0 
1 628 
0 
0 
0 
0 
0 
0 
0 
0 
0 
1 529 
0 
0 
0 
0 
0 
0 
0 
0 
0 
2 300 519 
0 
0 
0 
0 
0 
0 
0 
0 
0 
0 
0 
1 326 
0 
0 
0 
0 
0 
0 
1 680 
1 121 
0 
0 
0 
0 
0 
0 
0 
0 
0 
1 412 
0 
0 
0 
0 
0 
0 
0 
0 
0 
0 
0 
0 
0 
0 
0 
0 
0 
0 
0 
0 
0 
0 
0 
0 
0 
1 153 
0 
0 
0 
0 
0 
2 336 359 
0 
0 
1 445 
0 
0 
0 
0 
0 
0 
1 236 
0 
0 
0 
0 
0 
0 
0 
0 
0 
0 
0 
0 
0 
0 
0 
0 
1 7 
0 
0 
0 
0 
0 
0 
0 
0 
0 
1 509 
0 
1 47 
0 
0 
0 
0 
0 
0 
1 183 
0 
1 107 
0 
1 87 
0 
0 
0 
0 
1 212 
0 
0 
0 
0 
0 
0 
0 
0 
0 
0 
0 
0 
0 
0 
0 
0 
0 
0 
0 
0 
0 
0 
0 
0 
0 
0 
0 
0 
0 
0 
0 
0 
0 
1 548 
0 
1 232 
0 
0 
0 
0 
0 
1 208 
0 
0 
0 
0 
0 
0 
0 
0 
0 
0 
0 
0 
0 
0 
0 
0 
1 339 
0 
0 
0 
1 443 
0 
0 
0 
0 
0 
0 
0 
0 
0 
0 
720 47
0 
0 
0 
0 
0 
0 
0 
0 
0 
0 
0 
0 
0 
0 
0 
3 359 573 598 
0 
0 
0 
0 
0 
0 
0 
0 
0 
0 
1 67 
0 
0 
0 
1 339 
0 
0 
0 
0 
0 
1 520 
0 
0 
0 
0 
0 
0 
0 
0 
0 
0 
0 
1 634 
0 
0 
0 
0 
0 
0 
0 
0 
0 
0 
0 
1 264 
0 
0 
0 
0 
0 
0 
2 26 362 
0 
1 171 
0 
0 
0 
0 
0 
1 191 
0 
0 
0 
0 
0 
0 
3 362 676 707 
0 
0 
0 
0 
0 
0 
0 
0 
0 
0 
0 
0 
0 
0 
0 
0 
0 
0 
0 
0 
0 
0 
0 
0 
0 
0 
0 
0 
0 
1 297 
0 
0 
0 
0 
0 
0 
0 
0 
0 
1 353 
0 
0 
0 
0 
0 
0 
0 
0 
0 
0 
0 
0 
1 145 
0 
0 
0 
0 
0 
0 
0 
0 
0 
1 135 
0 
0 
0 
0 
0 
0 
1 314 
1 708 
0 
0 
0 
0 
0 
0 
0 
0 
0 
0 
0 
0 
0 
0 
0 
0 
0 
1 69 
0 
0 
0 
0 
0 
0 
0 
0 
0 
0 
0 
0 
0 
1 537 
0 
0 
0 
0 
0 
1 75 
0 
0 
0 
0 
0 
0 
0 
0 
0 
0 
0 
0 
1 533 
0 
0 
0 
0 
0 
0 
0 
0 
0 
0 
0 
1 589 
0 
0 
0 
0 
0 
0 
0 
0 
0 
0 
0 
0 
0 
0 
0 
0 
0 
0 
0 
0 
1 396 
0 
0 
0 
0 
0 
0 
0 
0 
0 
0 
0 
0 
0 
0 
1 688 
0 
1 709 
0 
1 598 
0 
0 
0 
0 
0 
0 
0 
1 60 
0 
0 
0 
0 
0 
0 
0 
0 
0 
0 
0 
1 446 
0 
0 
0 
0 
0 
0 
0 
0 
0 
0 
0 
0 
0 
0 
0 
0 
0 
0 
0 
0 
1 112 
0 
2 669 711 
0 
0 
1 504 
0 
0 
0 
0 
0 
0 
0 
0 
0 
0 
0 
1 152 
0 
0 
0 
0 
0 
0 
0 
0 
0 
1 607 
0 
0 
0 
0 
1 566 
0 
0 
0 
0 
0 
0 
0 
0 
0 
1 30 
0 
0 
0 
0 
0 
0 
0 
0 
0 
0 
1 716 
0 
0 
1 122 
1 583 
0 
1 498 
0 
0 
1 15 
0 
0 
2 67 82 
0 
0 
0 
0 
0 
0 
0 
0 
0 
0 
0 
0 
0 
0 
0 
0 
0 
0 
0 
0 
0 
0 
1 496 
0 
0 
0 
0 
0 
0 
0 
0 
0 
0 
1 237 
0 
0 
0 
0 
0 
0 
0 
0 
0 
0 
0 
0 
0 
0 
0 
0 
0 
0 
0 
2 468 558 
0 
0 
0 
0 
0 
0 
0 
0 
0 
0 
0 
0 
0 
0 
0 
0 
0 
0 
0 
0 
0 
0 
0 
0 
0 
0 
0 
0 
0 
1 276 
0 
0 
0 
0 
0 
0 
0 
0 
0 
1 499 
0 
0 
0 
0 
0 
0 
0 
0 
0 
0 
0 
1 416 
1 656 
0 
0 
0 
0 
0 
0 
0 
0 
0 
0 
0 
0 
0 
0 
0 
0 
0 
0 
0 
0 
0 
0 
0 
0 
0 
1 519 
1 385 
0 
1 356 
1 456 
0 
0 
1 553 
0 
1 302 
0 
0 
0 
0 
0 
0 
0 
0 
0 
0 
0 
0 
0 
0 
1 495 
1 36 
0 
0 
0 
0 
0 
0 
0 
0 
0 
0 
0 
0 
1 204 
0 
0 
0 
1 185 
0 
0 
0 
0 
0 
0 
0 
0 
0 
0 
0 
0 
1 578 
0 
0 
1 502 
0 
0 
0 
0 
1 416 
0 
0 
0 
0 
0 
0 
0 
1 329 
0 
0 
0 
0 
0 
0 
1 15 
0 
0 
0 
0 
1 550 
0 
0 
0 
0 
1 354 
0 
0 
0 
0 
0 
1 216 
0 
0 
0 
0 
0 
0 
0 
0 
2 15 256 
0 
0 
0 
0 
0 
0 
0 
0 
1 324 
0 
0 
0 
0 
0 
0 
0 
0 
0 
0 
0 
0 
0 
0 
0 
0 
0 
0 
1 629 
1 642 
0 
1 626 
0 
0 
0 
0 
1 48 
0 
0 
0 
0 
0 
0 
0 
1 627 
0 
0 
0 
0 
0 
0 
0 
0 
0 
0 
0 
0 
0 
2 469 694 
0 
0 
0 
0 
0 
1 690 
0 
0 
0 
0 
0 
0 
1 299 
0 
0 
0 
0 
0 
0 
1 82 
0 
0 
0 
0 
0 
0 
0 
0 
0 
0 
0 
1 252 
0 
1 662 
0 
0 
0 
1 656 
0 
0 
0 
0 
0 
0 
0 
0 
0 
0 
0 
0 
1 82 
1 153 
1 254 
0 
1 299 
0 
0 
0 
0 
1 350 
0 
0 
0 
