670 37
0 
0 
1 240 
0 
0 
0 
0 
0 
1 307 
0 
0 
0 
0 
0 
0 
0 
0 
0 
0 
0 
0 
0 
0 
0 
0 
1 658 
0 
0 
0 
0 
0 
1 390 
0 
0 
0 
0 
0 
0 
1 435 
0 
0 
1 177 
0 
0 
0 
0 
0 
0 
0 
0 
0 
1 502 
0 
0 
0 
0 
0 
0 
0 
0 
0 
0 
0 
0 
0 
0 
0 
0 
0 
0 
0 
0 
0 
0 
0 
0 
0 
0 
0 
0 
0 
0 
1 586 
0 
0 
0 
0 
0 
1 206 
0 
0 
0 
0 
0 
0 
2 180 371 
0 
0 
0 
0 
1 391 
0 
0 
0 
0 
0 
0 
0 
0 
0 
0 
0 
0 
0 
1 443 
0 
0 
1 424 
0 
0 
0 
0 
0 
0 
0 
0 
0 
0 
1 586 
0 
1 434 
0 
1 637 
0 
0 
0 
0 
0 
0 
0 
0 
0 
0 
0 
0 
0 
0 
0 
0 
0 
0 
1 217 
0 
0 
0 
0 
0 
0 
0 
0 
0 
0 
0 
0 
0 
0 
0 
0 
1 615 
0 
1 645 
0 
0 
0 
0 
0 
0 
1 41 
0 
0 
1 95 
0 
0 
0 
0 
0 
0 
0 
0 
0 
0 
0 
0 
0 
0 
0 
0 
0 
0 
0 
0 
0 
0 
1 277 
0 
0 
1 88 
0 
0 
0 
0 
0 
0 
0 
0 
0 
0 
1 151 
0 
0 
0 
0 
0 
0 
0 
0 
0 
0 
0 
0 
0 
0 
2 324 618 
0 
0 
0 
1 578 
0 
0 
0 
1 2 
0 
0 
0 
0 
0 
0 
0 
0 
0 
0 
0 
0 
0 
0 
0 
0 
0 
0 
0 
1 452 
0 
0 
0 
0 
1 279 
0 
0 
0 
0 
0 
0 
0 
0 
0 
0 
0 
1 203 
0 
1 265 
0 
0 
0 
0 
0 
0 
0 
0 
0 
0 
0 
0 
0 
0 
0 
0 
0 
0 
0 
0 
0 
0 
0 
0 
0 
0 
0 
1 8 
0 
0 
0 
0 
0 
0 
0 
0 
0 
0 
0 
0 
0 
0 
0 
0 
1 232 
0 
0 
0 
0 
0 
0 
0 
0 
0 
0 
0 
0 
0 
0 
0 
0 
0 
0 
1 608 
0 
0 
0 
0 
0 
0 
0 
0 
0 
0 
0 
0 
0 
0 
0 
0 
0 
0 
0 
0 
0 
0 
0 
0 
0 
0 
0 
1 95 
0 
0 
0 
0 
0 
0 
1 383 
0 
0 
0 
0 
1 378 
0 
0 
0 
0 
0 
0 
1 31 
2 100 616 
0 
0 
0 
0 
1 498 
0 
0 
0 
0 
0 
0 
0 
0 
0 
0 
0 
0 
0 
0 
0 
0 
0 
0 
0 
0 
0 
0 
0 
0 
0 
0 
0 
2 117 536 
0 
0 
0 
0 
0 
0 
0 
0 
0 
1 130 
1 38 
0 
0 
0 
0 
0 
0 
0 
1 114 
0 
0 
0 
0 
0 
0 
0 
0 
1 260 
0 
0 
0 
0 
0 
0 
0 
0 
0 
0 
0 
0 
0 
0 
0 
0 
0 
0 
0 
0 
0 
0 
0 
0 
0 
0 
0 
0 
0 
0 
0 
0 
0 
0 
0 
0 
0 
0 
0 
0 
0 
0 
0 
0 
0 
1 396 
0 
0 
0 
1 51 
0 
0 
0 
0 
0 
0 
0 
0 
1 666 
0 
0 
0 
0 
0 
0 
0 
0 
0 
0 
0 
0 
0 
0 
0 
1 613 
0 
0 
0 
0 
0 
0 
0 
0 
1 424 
0 
0 
0 
0 
0 
0 
0 
0 
0 
0 
0 
0 
0 
0 
0 
0 
0 
0 
0 
0 
0 
0 
0 
0 
0 
0 
0 
0 
0 
0 
0 
0 
0 
0 
0 
0 
0 
0 
0 
0 
0 
1 236 
0 
0 
0 
0 
0 
0 
0 
2 82 128 
0 
0 
1 594 
0 
0 
0 
0 
2 589 643 
0 
0 
0 
0 
0 
0 
0 
0 
0 
1 655 
1 608 
0 
0 
2 343 605 
0 
0 
0 
0 
1 527 
0 
1 168 
1 391 
0 
1 232 
0 
0 
0 
0 
0 
0 
0 
0 
0 
0 
0 
0 
0 
0 
0 
0 
0 
0 
1 132 
0 
0 
0 
0 
0 
1 594 
0 
1 170 
0 
0 
0 
0 
0 
0 
0 
0 
0 
1 604 
0 
0 
1 25 
0 
0 
0 
0 
0 
0 
0 
1 511 
0 
0 
0 
670 38
0 
0 
0 
0 
0 
0 
0 
0 
0 
0 
0 
0 
0 
0 
0 
0 
0 
0 
0 
1 168 
0 
0 
1 170 
0 
0 
0 
0 
0 
0 
0 
1 546 
0 
0 
0 
0 
0 
0 
0 
0 
0 
0 
0 
0 
0 
0 
0 
0 
0 
0 
0 
0 
0 
0 
0 
0 
0 
0 
0 
0 
0 
0 
0 
0 
0 
0 
0 
0 
0 
0 
0 
0 
0 
3 209 423 448 
0 
0 
0 
0 
0 
0 
0 
0 
0 
0 
0 
1 509 
0 
0 
0 
0 
1 633 
0 
0 
0 
0 
0 
0 
0 
1 323 
0 
0 
0 
0 
0 
0 
0 
0 
0 
0 
0 
0 
0 
1 652 
0 
0 
0 
0 
0 
0 
1 219 
0 
0 
0 
0 
0 
0 
1 549 
0 
0 
0 
0 
0 
0 
0 
0 
1 381 
0 
1 424 
0 
0 
0 
0 
0 
0 
1 620 
0 
0 
0 
0 
0 
0 
0 
0 
1 582 
2 380 411 
0 
0 
0 
0 
0 
0 
0 
0 
0 
0 
0 
0 
0 
0 
1 19 
0 
1 22 
0 
0 
0 
0 
0 
0 
0 
0 
0 
0 
0 
0 
0 
0 
0 
0 
0 
0 
0 
1 257 
0 
0 
0 
0 
0 
0 
0 
0 
0 
0 
0 
1 658 
0 
0 
0 
0 
0 
0 
1 72 
0 
0 
0 
0 
0 
0 
0 
1 583 
0 
2 118 334 
0 
0 
0 
0 
0 
0 
0 
0 
0 
0 
0 
0 
0 
0 
0 
0 
0 
0 
0 
0 
0 
1 631 
0 
0 
1 313 
0 
0 
0 
0 
0 
0 
0 
0 
0 
0 
0 
0 
1 190 
0 
0 
0 
0 
0 
0 
0 
0 
0 
0 
0 
0 
0 
0 
0 
0 
0 
0 
0 
0 
0 
0 
0 
0 
0 
0 
0 
0 
0 
1 397 
0 
0 
0 
0 
0 
0 
0 
0 
0 
0 
0 
0 
0 
0 
0 
0 
0 
0 
0 
0 
0 
0 
0 
0 
0 
1 244 
1 413 
0 
0 
0 
0 
0 
0 
0 
0 
1 97 
0 
0 
0 
0 
0 
0 
0 
0 
1 352 
0 
1 219 
0 
0 
0 
0 
0 
0 
0 
0 
0 
0 
0 
0 
0 
0 
0 
0 
0 
1 332 
0 
0 
0 
0 
0 
0 
0 
0 
0 
0 
1 540 
0 
0 
0 
0 
0 
0 
0 
0 
0 
0 
0 
0 
0 
0 
0 
0 
1 153 
1 134 
0 
0 
0 
0 
0 
0 
1 617 
0 
0 
0 
1 455 
0 
0 
1 446 
0 
1 287 
0 
0 
0 
0 
0 
0 
0 
0 
0 
0 
0 
0 
0 
1 153 
0 
1 314 
0 
0 
0 
0 
0 
0 
0 
0 
0 
1 72 
1 136 
0 
0 
0 
0 
1 623 
0 
0 
0 
0 
0 
0 
0 
0 
0 
1 580 
0 
0 
0 
0 
0 
0 
1 395 
0 
1 72 
0 
0 
0 
0 
0 
0 
1 392 
0 
0 
0 
0 
0 
0 
0 
0 
0 
0 
0 
0 
0 
0 
0 
0 
0 
0 
0 
0 
2 607 649 
0 
0 
0 
0 
0 
1 559 
0 
0 
0 
0 
0 
0 
0 
0 
0 
0 
0 
0 
0 
0 
0 
0 
0 
0 
0 
0 
0 
0 
0 
0 
0 
0 
1 84 
0 
0 
0 
0 
0 
0 
0 
0 
0 
0 
0 
0 
0 
0 
0 
0 
0 
0 
0 
0 
0 
0 
0 
0 
0 
0 
0 
0 
0 
1 577 
1 363 
0 
0 
0 
0 
0 
1 30 
0 
0 
1 125 
0 
0 
0 
0 
1 666 
0 
0 
0 
0 
1 482 
0 
0 
0 
0 
0 
0 
0 
0 
0 
0 
0 
0 
0 
0 
0 
0 
0 
1 539 
0 
0 
1 439 
0 
1 152 
1 217 
0 
0 
0 
0 
0 
0 
0 
0 
0 
0 
0 
0 
0 
0 
0 
0 
0 
0 
0 
0 
0 
0 
0 
1 476 
0 
0 
0 
0 
0 
0 
0 
0 
0 
1 388 
0 
0 
1 143 
0 
0 
1 429 
0 
0 
0 
0 
0 
0 
0 
1 241 
0 
1 89 
0 
0 
0 
0 
0 
0 
0 
0 
0 
0 
0 
0 
0 
0 
0 
1 476 
0 
0 
1 111 
0 
0 
0 
0 
0 
1 202 
0 
0 
0 
0 
0 
0 
0 
1 554 
0 
0 
0 
