100 3
0 
0 
1 15 
0 
0 
0 
0 
0 
0 
0 
0 
0 
0 
0 
0 
1 2 
0 
0 
0 
0 
0 
0 
0 
0 
0 
0 
0 
0 
0 
0 
0 
0 
0 
0 
0 
0 
0 
0 
0 
1 53 
0 
0 
0 
0 
0 
0 
0 
0 
0 
0 
0 
0 
0 
1 39 
0 
0 
0 
0 
0 
0 
0 
0 
0 
0 
1 80 
0 
0 
0 
0 
0 
0 
0 
0 
0 
0 
0 
0 
0 
0 
0 
1 64 
0 
0 
0 
0 
0 
0 
0 
0 
0 
0 
0 
0 
0 
0 
0 
0 
0 
0 
0 
100 9
0 
1 71 
2 14 68 
0 
0 
0 
0 
0 
0 
0 
0 
0 
0 
0 
1 2 
1 77 
0 
0 
0 
1 27 
1 83 
0 
0 
0 
0 
0 
0 
1 19 
0 
0 
0 
0 
0 
0 
0 
0 
0 
0 
0 
0 
0 
0 
0 
0 
0 
0 
0 
0 
0 
0 
1 58 
0 
0 
0 
0 
0 
0 
0 
2 50 77 
0 
0 
0 
0 
1 64 
1 63 
0 
0 
0 
1 2 
0 
0 
1 1 
0 
0 
0 
0 
0 
2 15 58 
0 
0 
0 
0 
0 
1 20 
0 
0 
0 
0 
0 
0 
0 
0 
0 
0 
0 
0 
0 
0 
0 
0 
