1000 263
0 
0 
1 503 
0 
0 
1 935 
0 
0 
0 
0 
1 799 
0 
1 228 
1 514 
1 892 
1 743 
2 108 908 
0 
0 
1 706 
0 
2 170 866 
0 
0 
1 337 
1 520 
0 
0 
0 
1 449 
0 
1 297 
1 87 
0 
1 522 
0 
0 
1 464 
0 
0 
1 462 
1 148 
2 497 920 
1 953 
0 
0 
0 
1 635 
0 
0 
0 
0 
1 170 
1 836 
0 
0 
0 
0 
0 
1 517 
1 894 
1 135 
1 332 
0 
0 
0 
0 
0 
0 
2 392 675 
0 
2 562 964 
0 
0 
0 
0 
0 
0 
1 449 
0 
0 
0 
0 
0 
0 
0 
0 
1 32 
0 
0 
0 
0 
1 872 
0 
0 
0 
2 343 821 
0 
1 946 
0 
1 659 
1 730 
0 
1 381 
0 
1 784 
1 132 
0 
1 16 
3 275 388 990 
1 428 
0 
1 528 
0 
0 
2 743 934 
0 
0 
1 734 
0 
1 820 
0 
1 965 
2 127 679 
0 
0 
1 514 
2 123 301 
0 
0 
0 
0 
1 106 
0 
1 957 
1 61 
0 
1 819 
0 
0 
0 
0 
1 802 
1 958 
0 
1 158 
0 
1 813 
1 41 
1 563 
2 735 858 
1 560 
0 
1 679 
0 
0 
0 
0 
1 145 
0 
0 
1 492 
0 
0 
0 
1 391 
1 796 
0 
0 
0 
2 21 52 
1 928 
0 
0 
0 
0 
0 
2 187 263 
1 915 
0 
0 
0 
1 874 
0 
0 
0 
0 
3 177 753 940 
0 
0 
0 
0 
0 
0 
0 
0 
0 
0 
1 343 
0 
1 311 
0 
0 
0 
2 806 830 
1 492 
0 
1 746 
0 
1 989 
2 363 717 
0 
1 646 
1 867 
2 817 927 
0 
0 
0 
0 
1 436 
0 
0 
0 
1 793 
0 
0 
0 
0 
1 12 
0 
0 
0 
1 925 
0 
0 
0 
0 
0 
1 301 
1 426 
1 991 
0 
1 302 
1 939 
0 
1 246 
2 245 514 
1 987 
0 
0 
0 
1 317 
1 561 
0 
0 
0 
0 
0 
0 
1 742 
0 
1 733 
0 
1 177 
0 
2 792 869 
0 
0 
0 
1 359 
1 325 
0 
0 
0 
1 618 
3 109 549 945 
0 
1 978 
0 
1 589 
1 529 
0 
0 
1 876 
0 
0 
0 
0 
0 
0 
0 
1 827 
0 
1 404 
0 
1 533 
0 
3 31 345 456 
0 
0 
0 
2 127 238 
1 242 
0 
1 312 
0 
0 
0 
0 
1 714 
0 
1 200 
1 304 
0 
0 
0 
0 
2 251 851 
1 800 
0 
2 446 578 
0 
0 
0 
0 
1 270 
0 
0 
1 442 
1 571 
0 
0 
1 62 
1 731 
3 914 916 919 
0 
0 
3 24 596 710 
0 
0 
1 639 
0 
0 
3 96 198 993 
0 
2 297 451 
0 
0 
0 
0 
1 447 
0 
1 637 
0 
1 971 
0 
0 
1 383 
2 884 917 
1 269 
0 
0 
0 
1 210 
1 958 
1 927 
0 
0 
3 426 439 512 
0 
0 
0 
0 
0 
0 
0 
1 974 
1 632 
0 
1 693 
0 
2 103 494 
0 
1 357 
1 711 
0 
0 
0 
1 109 
0 
0 
1 165 
1 69 
1 997 
0 
0 
0 
0 
0 
0 
0 
1 866 
0 
0 
1 293 
0 
1 616 
1 487 
0 
0 
0 
0 
0 
1 469 
1 734 
0 
0 
0 
2 831 856 
0 
0 
0 
0 
0 
0 
0 
2 239 368 
1 642 
3 110 736 849 
0 
0 
0 
3 548 769 775 
0 
0 
2 571 917 
1 219 
0 
0 
1 368 
1 619 
0 
2 328 696 
0 
0 
1 838 
1 320 
1 350 
0 
2 29 78 
0 
1 345 
0 
2 615 694 
0 
1 604 
2 297 692 
0 
0 
0 
0 
1 859 
1 40 
1 556 
2 37 468 
0 
0 
1 540 
1 464 
2 413 512 
1 555 
0 
0 
0 
0 
0 
0 
0 
0 
0 
0 
1 502 
0 
1 882 
1 811 
0 
0 
1 407 
0 
0 
0 
0 
2 161 205 
0 
1 381 
0 
0 
1 42 
1 636 
0 
0 
0 
1 481 
1 2 
0 
0 
0 
1 906 
0 
0 
0 
1 747 
3 368 469 639 
0 
3 13 126 246 
1 719 
0 
1 59 
0 
1 890 
1 25 
1 769 
1 34 
1 618 
0 
1 579 
0 
0 
2 112 697 
1 280 
1 934 
0 
0 
1 295 
0 
0 
1 662 
0 
1 680 
0 
1 467 
0 
0 
0 
1 684 
0 
0 
0 
1 432 
3 275 801 935 
1 941 
0 
0 
0 
0 
1 470 
1 463 
0 
0 
0 
1 151 
1 252 
2 71 980 
1 149 
0 
0 
1 964 
0 
0 
0 
1 594 
2 329 435 
0 
0 
1 780 
0 
0 
0 
2 320 644 
1 525 
0 
0 
0 
0 
1 753 
0 
1 662 
0 
0 
1 279 
1 816 
0 
0 
0 
1 570 
0 
1 337 
1 909 
2 971 988 
0 
0 
0 
0 
0 
1 455 
0 
0 
0 
0 
1 983 
0 
0 
1 798 
1 703 
0 
1 453 
2 406 998 
0 
2 274 523 
1 440 
0 
0 
0 
0 
0 
1 870 
0 
0 
0 
1 863 
0 
0 
1 377 
0 
0 
2 47 853 
1 498 
1 352 
0 
2 340 512 
0 
0 
1 427 
0 
1 578 
0 
1 212 
0 
0 
0 
0 
0 
0 
0 
1 998 
0 
0 
0 
0 
1 100 
0 
0 
2 536 586 
1 990 
0 
0 
0 
0 
1 913 
0 
0 
0 
0 
0 
0 
1 69 
0 
0 
0 
2 123 153 
1 538 
0 
0 
0 
1 544 
1 874 
0 
0 
0 
0 
0 
0 
1 456 
1 379 
1 453 
0 
1 442 
1 528 
2 800 808 
0 
1 701 
1 700 
0 
1 613 
0 
1 993 
2 19 771 
0 
1 904 
0 
1 337 
1 384 
2 857 999 
0 
1 309 
0 
0 
1 210 
1 833 
1 515 
0 
0 
0 
1 845 
0 
1 816 
0 
0 
0 
0 
1 101 
1 333 
1 975 
1 261 
2 118 414 
1 150 
2 428 819 
1 777 
0 
0 
0 
0 
3 259 868 982 
2 15 115 
0 
0 
2 207 813 
1 511 
0 
0 
0 
0 
0 
2 187 584 
0 
1 940 
1 762 
1 784 
0 
1 904 
0 
0 
1 756 
0 
0 
0 
1 985 
0 
0 
2 432 521 
0 
2 706 958 
0 
0 
0 
1 432 
0 
1 737 
0 
0 
1 574 
0 
1 853 
0 
2 105 757 
0 
0 
0 
0 
0 
0 
0 
2 265 906 
1 223 
0 
0 
1 166 
0 
1 612 
1 10 
2 318 698 
1 549 
1 142 
0 
0 
0 
1 204 
1 991 
1 698 
0 
0 
2 484 861 
0 
2 147 746 
0 
0 
2 590 725 
1 214 
1 885 
2 137 736 
1 120 
1 96 
0 
0 
0 
1 852 
1 914 
1 291 
0 
0 
2 204 845 
1 418 
1 983 
1 718 
0 
0 
1 53 
0 
1 445 
0 
0 
0 
0 
0 
0 
2 723 830 
0 
0 
0 
1 428 
0 
1 317 
1 825 
2 635 782 
0 
0 
1 418 
1 712 
1 150 
1 461 
0 
2 811 977 
0 
1 629 
0 
0 
2 21 401 
1 213 
1 742 
1 265 
1 625 
0 
1 92 
0 
2 182 685 
0 
1 283 
0 
0 
0 
0 
0 
1 483 
0 
1 358 
1 818 
0 
0 
0 
0 
1 519 
0 
1 14 
0 
1 60 
0 
0 
0 
0 
0 
0 
0 
0 
0 
2 708 759 
0 
2 507 792 
0 
1 16 
1 597 
0 
0 
0 
1 668 
2 334 826 
1 178 
1 334 
2 358 435 
0 
1 334 
1 42 
0 
0 
0 
0 
1 232 
0 
2 214 365 
2 171 934 
0 
0 
0 
0 
0 
3 115 530 928 
2 5 549 
1 977 
0 
0 
1 243 
2 187 755 
1 550 
0 
0 
0 
1 275 
1 98 
0 
0 
0 
0 
0 
0 
1 43 
0 
0 
0 
1 134 
3 143 364 771 
0 
0 
0 
0 
0 
2 71 566 
1 122 
0 
0 
0 
0 
0 
2 354 598 
0 
0 
1 376 
1 732 
0 
2 861 936 
1 277 
0 
1 562 
0 
1 742 
2 609 832 
0 
1 766 
0 
1 247 
1 598 
1 209 
2 109 663 
2 240 807 
0 
2 343 705 
0 
0 
0 
1 393 
2 616 654 
1 712 
1000 248
0 
0 
1 408 
0 
1 212 
0 
0 
0 
0 
0 
0 
0 
0 
1 491 
1 187 
0 
0 
1 381 
0 
0 
1 601 
0 
0 
0 
2 68 257 
0 
0 
1 410 
1 385 
0 
1 411 
0 
0 
0 
2 457 661 
0 
0 
1 154 
0 
0 
0 
2 127 970 
1 482 
1 298 
1 126 
0 
0 
1 661 
0 
0 
1 365 
0 
1 434 
0 
0 
1 388 
0 
1 703 
0 
1 725 
1 498 
1 895 
0 
0 
0 
2 796 946 
0 
0 
1 24 
3 318 706 778 
0 
2 267 297 
1 316 
0 
0 
0 
0 
1 284 
0 
0 
0 
1 529 
0 
0 
0 
1 713 
0 
1 351 
0 
0 
0 
1 238 
0 
0 
0 
0 
0 
0 
1 206 
0 
0 
1 671 
1 173 
0 
1 802 
1 134 
0 
0 
0 
0 
0 
1 727 
0 
2 306 444 
0 
0 
1 704 
1 718 
0 
1 423 
2 275 881 
0 
0 
0 
0 
0 
1 44 
3 41 182 926 
0 
1 262 
0 
0 
0 
0 
1 105 
0 
0 
0 
0 
0 
4 423 550 563 885 
0 
1 996 
1 329 
0 
0 
0 
0 
1 473 
1 542 
2 824 920 
0 
0 
1 659 
1 37 
1 783 
0 
0 
0 
0 
0 
1 162 
1 161 
0 
0 
0 
0 
0 
0 
0 
1 307 
0 
0 
1 102 
1 461 
2 354 800 
0 
0 
0 
0 
1 338 
0 
3 127 298 681 
0 
1 604 
2 259 560 
0 
1 14 
0 
0 
2 339 626 
0 
0 
1 872 
0 
0 
0 
0 
0 
0 
0 
2 254 335 
1 609 
1 699 
0 
0 
1 98 
2 497 863 
1 700 
1 328 
0 
0 
2 4 869 
0 
0 
0 
0 
0 
1 352 
2 617 973 
1 763 
0 
0 
1 263 
1 920 
0 
0 
0 
1 918 
1 853 
1 641 
0 
1 966 
0 
1 420 
0 
0 
0 
1 91 
0 
0 
0 
0 
2 388 440 
0 
0 
0 
0 
0 
1 952 
0 
0 
0 
2 374 388 
1 201 
0 
3 449 767 912 
1 24 
0 
1 185 
0 
0 
1 129 
1 223 
1 850 
2 286 296 
1 804 
1 71 
1 578 
0 
1 510 
1 783 
0 
0 
1 354 
1 120 
0 
0 
0 
0 
2 605 894 
0 
0 
1 769 
2 77 366 
0 
1 265 
0 
0 
0 
1 648 
0 
2 884 944 
0 
0 
0 
3 265 523 804 
1 71 
2 43 182 
0 
0 
2 391 829 
0 
0 
0 
0 
2 113 816 
2 170 397 
0 
0 
0 
0 
0 
0 
1 397 
0 
1 72 
0 
1 69 
0 
0 
0 
0 
0 
0 
1 552 
0 
0 
1 209 
1 143 
0 
0 
0 
0 
0 
1 201 
0 
0 
1 180 
2 190 617 
0 
1 866 
1 859 
1 474 
0 
0 
0 
1 544 
1 438 
0 
1 908 
1 87 
1 218 
0 
2 175 274 
0 
0 
0 
0 
1 980 
0 
1 463 
0 
0 
1 644 
1 50 
1 284 
0 
0 
0 
1 907 
1 660 
0 
0 
1 253 
0 
0 
0 
1 878 
0 
1 494 
1 17 
1 948 
0 
0 
1 28 
1 524 
1 840 
4 55 243 253 595 
0 
0 
2 301 797 
0 
0 
0 
0 
0 
2 307 314 
0 
0 
1 993 
0 
0 
1 973 
0 
1 826 
0 
0 
1 2 
0 
1 27 
4 30 414 597 919 
0 
1 874 
2 411 783 
1 592 
0 
1 927 
0 
0 
1 234 
0 
0 
3 119 140 497 
0 
0 
0 
0 
1 614 
1 967 
0 
0 
0 
0 
1 52 
1 882 
0 
0 
1 348 
0 
1 243 
0 
0 
1 837 
1 113 
0 
0 
0 
1 592 
1 256 
0 
0 
0 
0 
0 
2 635 907 
0 
1 34 
0 
0 
0 
1 174 
1 612 
1 361 
1 867 
0 
0 
0 
1 557 
0 
1 626 
0 
0 
3 148 689 996 
3 343 584 686 
1 797 
0 
1 613 
1 901 
0 
0 
0 
2 42 907 
1 607 
0 
0 
0 
0 
0 
0 
1 642 
1 13 
0 
2 676 918 
2 380 926 
0 
0 
2 207 423 
1 60 
0 
0 
0 
0 
0 
0 
0 
0 
0 
0 
0 
1 270 
0 
0 
0 
0 
0 
0 
1 816 
0 
0 
0 
0 
0 
1 296 
1 386 
1 844 
0 
0 
0 
1 81 
1 550 
0 
1 658 
0 
0 
1 612 
0 
0 
1 683 
0 
0 
0 
1 149 
0 
1 347 
0 
1 556 
0 
0 
0 
3 140 530 614 
0 
3 325 743 745 
0 
1 791 
0 
1 546 
1 468 
0 
0 
1 185 
0 
0 
1 140 
0 
1 655 
1 828 
1 614 
0 
1 865 
0 
0 
0 
0 
0 
0 
0 
0 
1 268 
0 
1 641 
0 
0 
0 
1 474 
0 
0 
1 966 
0 
1 875 
1 687 
0 
2 415 448 
0 
0 
1 388 
0 
1 411 
0 
0 
0 
1 20 
0 
0 
1 184 
1 280 
1 726 
1 483 
0 
1 202 
1 834 
0 
3 462 535 748 
1 477 
3 428 550 567 
0 
0 
2 219 339 
0 
0 
0 
0 
0 
0 
0 
0 
2 190 470 
0 
1 755 
0 
0 
0 
0 
1 893 
0 
1 455 
0 
0 
0 
0 
0 
2 230 580 
1 490 
0 
1 364 
0 
1 949 
1 934 
1 290 
0 
0 
1 874 
0 
0 
2 701 783 
1 565 
1 940 
0 
1 532 
2 153 775 
2 371 739 
2 34 47 
0 
0 
0 
0 
0 
0 
0 
0 
0 
1 101 
0 
0 
1 806 
0 
1 493 
0 
0 
0 
0 
1 182 
0 
1 538 
1 749 
0 
2 474 778 
1 590 
0 
1 473 
1 732 
0 
0 
0 
0 
0 
0 
0 
0 
1 203 
1 208 
1 654 
1 737 
1 57 
1 116 
0 
1 69 
0 
0 
1 785 
0 
0 
0 
1 85 
0 
0 
0 
0 
2 117 981 
0 
0 
1 740 
0 
0 
0 
1 59 
2 606 897 
1 111 
0 
1 883 
0 
0 
2 690 948 
0 
0 
0 
0 
1 702 
0 
1 660 
1 721 
0 
0 
1 552 
0 
1 552 
0 
0 
1 612 
2 684 789 
0 
0 
0 
0 
0 
1 628 
0 
0 
1 912 
0 
1 835 
0 
0 
1 220 
1 886 
0 
0 
1 256 
0 
1 283 
0 
0 
0 
0 
0 
1 659 
0 
0 
2 69 686 
1 929 
0 
0 
0 
4 155 271 414 654 
0 
1 709 
0 
0 
0 
2 749 952 
0 
1 554 
0 
0 
0 
0 
1 65 
2 391 475 
0 
0 
1 175 
0 
2 104 870 
0 
2 266 296 
0 
1 674 
0 
0 
0 
0 
0 
0 
0 
0 
0 
2 306 517 
0 
0 
0 
0 
0 
1 933 
1 857 
1 150 
0 
2 405 843 
0 
1 566 
1 301 
0 
0 
0 
0 
1 610 
1 760 
1 916 
2 443 960 
1 979 
0 
1 387 
0 
0 
1 826 
1 525 
1 864 
0 
0 
0 
0 
1 264 
0 
0 
1 229 
0 
0 
0 
1 823 
0 
1 342 
0 
0 
0 
1 207 
1 845 
1 569 
1 341 
1 464 
0 
1 212 
2 802 941 
0 
1 193 
0 
2 413 651 
1 589 
0 
0 
1 378 
0 
0 
1 120 
1 435 
1 729 
1 292 
1 140 
1 764 
0 
0 
0 
0 
0 
0 
1 633 
1 280 
1 61 
0 
1 726 
0 
0 
0 
1 478 
0 
0 
0 
0 
0 
3 370 455 482 
1 350 
0 
0 
0 
2 256 758 
0 
0 
0 
1 836 
0 
2 228 493 
1 411 
2 150 224 
0 
0 
0 
0 
0 
3 127 494 984 
1 417 
0 
1 779 
0 
0 
0 
2 822 982 
1 647 
0 
0 
0 
0 
0 
2 656 972 
1 870 
0 
0 
1 292 
0 
1 65 
0 
2 382 732 
1 646 
0 
0 
2 249 789 
0 
0 
0 
0 
0 
0 
0 
1 837 
0 
0 
0 
0 
0 
2 232 587 
1 429 
0 
0 
1 41 
0 
1 940 
2 219 403 
0 
0 
0 
0 
0 
1 838 
1 359 
1 718 
1 933 
0 
1 926 
0 
0 
0 
0 
0 
0 
0 
0 
1 400 
0 
0 
2 142 473 
0 
0 
0 
