770 183
1 120 
0 
2 115 699 
0 
0 
0 
0 
0 
1 446 
0 
0 
0 
0 
1 387 
0 
0 
2 453 767 
1 758 
0 
1 32 
0 
1 704 
1 733 
0 
0 
1 429 
0 
1 243 
0 
1 273 
0 
2 223 292 
1 19 
0 
2 293 545 
1 667 
2 94 152 
1 113 
0 
1 374 
1 553 
0 
0 
0 
0 
0 
1 422 
1 458 
0 
0 
0 
0 
0 
0 
1 234 
0 
1 710 
1 267 
1 538 
1 700 
1 649 
3 209 294 744 
0 
0 
1 303 
0 
0 
0 
0 
0 
1 748 
1 89 
1 75 
1 756 
0 
2 72 288 
0 
0 
1 197 
0 
0 
0 
1 708 
1 535 
1 401 
0 
1 533 
0 
0 
1 71 
0 
1 494 
0 
1 386 
1 36 
0 
0 
0 
0 
1 657 
2 234 520 
0 
0 
1 600 
0 
1 608 
0 
1 510 
1 419 
0 
0 
1 742 
0 
2 37 325 
0 
2 2 123 
0 
0 
0 
0 
2 0 731 
0 
0 
1 115 
1 352 
0 
0 
0 
0 
1 240 
1 449 
0 
0 
0 
0 
0 
0 
0 
0 
0 
1 296 
0 
0 
0 
0 
0 
0 
0 
0 
0 
0 
0 
1 36 
0 
2 187 423 
1 409 
0 
0 
0 
2 386 691 
2 317 451 
3 297 634 727 
0 
0 
0 
1 673 
1 177 
0 
0 
1 176 
1 681 
0 
0 
0 
0 
0 
1 169 
1 166 
0 
0 
0 
1 632 
1 424 
2 505 636 
1 523 
0 
0 
2 154 743 
0 
1 649 
1 597 
0 
0 
0 
2 402 424 
1 565 
0 
1 78 
0 
1 463 
0 
0 
1 356 
1 433 
0 
2 340 479 
0 
0 
0 
1 61 
0 
0 
0 
1 578 
0 
1 439 
0 
0 
0 
1 495 
0 
0 
0 
1 31 
0 
0 
0 
0 
2 303 644 
0 
0 
0 
2 442 670 
1 683 
3 54 100 546 
0 
0 
2 477 685 
0 
0 
1 129 
0 
0 
1 27 
0 
0 
0 
0 
0 
0 
0 
2 562 736 
1 561 
0 
1 557 
0 
1 299 
0 
1 385 
0 
2 349 753 
1 409 
1 303 
1 432 
0 
0 
0 
1 57 
1 557 
0 
0 
1 416 
0 
1 29 
0 
0 
0 
1 442 
1 480 
0 
0 
0 
1 547 
0 
1 306 
0 
0 
0 
1 75 
1 668 
1 329 
1 748 
1 31 
1 34 
2 61 728 
2 443 725 
1 140 
1 161 
0 
1 256 
1 653 
1 425 
0 
3 64 228 262 
0 
1 673 
2 284 579 
0 
0 
0 
0 
0 
2 714 767 
0 
0 
0 
0 
1 160 
0 
0 
0 
0 
0 
0 
1 564 
1 113 
0 
0 
0 
2 290 765 
0 
0 
0 
1 666 
2 616 696 
0 
0 
0 
0 
0 
1 205 
0 
0 
2 655 672 
0 
0 
0 
0 
0 
1 260 
0 
0 
1 124 
0 
0 
0 
1 202 
1 763 
0 
0 
0 
0 
1 418 
0 
0 
0 
1 668 
0 
0 
0 
0 
0 
0 
0 
1 39 
1 422 
0 
1 665 
0 
0 
0 
1 658 
0 
0 
0 
1 258 
2 93 159 
1 13 
0 
0 
0 
0 
0 
0 
0 
0 
0 
0 
0 
0 
0 
1 84 
1 194 
0 
0 
0 
0 
0 
0 
2 155 261 
0 
0 
0 
1 734 
0 
0 
1 271 
0 
1 362 
1 108 
1 634 
0 
2 46 375 
1 154 
3 182 194 479 
1 301 
0 
1 661 
0 
1 25 
0 
0 
1 263 
2 203 676 
0 
0 
0 
0 
0 
1 215 
0 
0 
3 232 277 466 
1 295 
0 
0 
1 8 
0 
1 474 
2 130 555 
0 
1 160 
0 
1 16 
0 
0 
0 
0 
1 47 
0 
0 
0 
1 677 
1 199 
1 667 
0 
1 442 
0 
0 
0 
0 
1 531 
0 
0 
1 448 
2 600 698 
0 
2 237 542 
0 
2 205 424 
1 278 
0 
0 
1 643 
0 
0 
2 504 741 
0 
0 
0 
0 
0 
0 
0 
1 91 
1 219 
0 
1 762 
0 
0 
0 
2 612 634 
0 
0 
1 486 
1 183 
1 518 
0 
0 
1 648 
1 107 
0 
0 
0 
0 
0 
0 
0 
1 506 
0 
2 100 619 
0 
0 
1 184 
0 
0 
1 708 
0 
0 
0 
0 
1 471 
0 
1 86 
1 761 
2 83 756 
0 
0 
1 58 
0 
0 
0 
1 477 
1 637 
0 
1 34 
1 234 
2 282 573 
0 
0 
0 
0 
0 
1 40 
1 666 
2 449 600 
0 
2 254 268 
0 
0 
0 
2 252 609 
1 251 
0 
1 324 
1 195 
0 
0 
0 
0 
0 
0 
0 
1 547 
0 
0 
0 
0 
1 213 
1 306 
0 
0 
0 
0 
0 
0 
0 
0 
0 
0 
0 
0 
0 
0 
0 
0 
0 
1 190 
0 
0 
3 103 475 555 
0 
0 
0 
0 
0 
0 
0 
1 105 
1 561 
0 
0 
1 501 
0 
0 
0 
1 334 
0 
0 
1 520 
0 
0 
0 
0 
0 
0 
0 
0 
1 717 
0 
0 
0 
1 181 
0 
3 161 420 501 
0 
1 183 
1 543 
1 689 
0 
0 
0 
0 
1 483 
1 228 
0 
0 
0 
1 509 
2 60 189 
0 
0 
0 
2 300 685 
1 695 
1 343 
0 
1 99 
1 381 
0 
0 
1 427 
0 
0 
0 
1 377 
2 333 554 
2 35 464 
2 289 366 
0 
1 232 
0 
1 343 
2 165 305 
0 
0 
1 433 
1 462 
0 
0 
0 
1 170 
0 
1 233 
0 
2 237 653 
0 
0 
0 
1 638 
0 
1 159 
0 
0 
1 725 
1 654 
1 334 
0 
1 475 
1 2 
1 59 
0 
0 
0 
1 21 
0 
0 
0 
2 82 526 
0 
1 56 
0 
0 
0 
2 312 745 
0 
0 
1 628 
0 
0 
0 
0 
0 
0 
0 
2 295 694 
0 
1 161 
1 294 
0 
0 
1 120 
0 
1 22 
1 413 
0 
1 251 
0 
0 
0 
0 
1 486 
1 111 
1 187 
1 61 
1 714 
0 
0 
2 70 291 
0 
0 
0 
0 
1 260 
0 
0 
2 73 535 
0 
1 17 
0 
0 
1 534 
1 497 
1 357 
0 
1 329 
0 
2 16 312 
0 
0 
770 211
1 292 
0 
1 201 
3 61 405 620 
1 583 
0 
0 
0 
0 
1 349 
0 
0 
0 
1 128 
0 
1 190 
1 725 
0 
1 512 
0 
0 
1 448 
1 528 
0 
0 
0 
0 
2 304 391 
0 
1 689 
0 
0 
0 
1 610 
0 
0 
0 
0 
0 
1 462 
0 
0 
0 
0 
0 
0 
0 
1 553 
1 756 
1 189 
0 
0 
0 
0 
0 
1 450 
0 
0 
2 209 653 
1 645 
2 152 568 
1 3 
1 329 
0 
1 237 
0 
2 268 697 
0 
0 
0 
0 
2 312 413 
1 575 
0 
1 610 
0 
0 
1 466 
0 
1 538 
0 
1 486 
0 
0 
0 
0 
1 576 
0 
0 
0 
2 517 735 
0 
0 
0 
1 447 
1 702 
0 
2 207 587 
0 
2 317 325 
0 
1 549 
0 
1 156 
1 750 
0 
0 
0 
0 
0 
0 
0 
1 730 
0 
0 
0 
0 
0 
0 
0 
1 399 
0 
2 250 737 
0 
3 393 521 665 
1 724 
1 330 
1 453 
1 13 
0 
0 
0 
0 
0 
0 
1 457 
1 660 
0 
0 
0 
0 
0 
0 
0 
0 
0 
2 311 673 
1 520 
0 
1 192 
1 342 
0 
1 60 
0 
0 
0 
1 103 
0 
1 530 
1 591 
0 
0 
1 282 
1 363 
0 
1 250 
1 635 
0 
0 
1 651 
0 
1 730 
1 666 
0 
0 
0 
1 687 
0 
0 
1 630 
0 
0 
0 
1 596 
0 
1 322 
1 466 
0 
1 577 
1 49 
2 15 319 
1 634 
1 149 
0 
0 
1 402 
0 
0 
0 
0 
0 
1 2 
0 
1 538 
1 267 
1 630 
2 227 731 
1 97 
1 629 
1 58 
0 
0 
0 
0 
1 432 
0 
1 511 
0 
1 671 
0 
0 
1 613 
1 282 
0 
1 662 
0 
1 702 
1 206 
0 
0 
0 
1 613 
0 
0 
0 
0 
0 
2 64 400 
1 754 
0 
0 
1 333 
1 300 
0 
0 
0 
0 
1 720 
0 
1 625 
2 122 165 
1 587 
1 385 
0 
2 277 509 
0 
0 
0 
0 
0 
0 
0 
0 
0 
0 
1 405 
0 
2 204 510 
1 66 
0 
1 302 
0 
1 646 
0 
0 
0 
0 
1 254 
0 
0 
0 
1 309 
2 162 222 
2 293 395 
0 
2 416 651 
0 
0 
0 
0 
1 765 
0 
1 0 
1 283 
1 460 
0 
0 
0 
1 348 
0 
2 242 320 
0 
1 270 
0 
2 27 677 
0 
0 
1 475 
1 409 
1 281 
0 
2 146 499 
1 71 
1 620 
0 
0 
0 
1 99 
1 741 
1 190 
1 300 
0 
1 185 
0 
0 
2 99 404 
0 
0 
0 
2 62 554 
2 126 769 
0 
0 
2 241 475 
0 
0 
0 
0 
0 
0 
0 
0 
1 150 
0 
0 
0 
2 481 682 
0 
1 298 
2 9 360 
0 
0 
0 
2 684 697 
0 
0 
1 598 
0 
0 
0 
2 349 624 
0 
1 392 
1 163 
0 
0 
0 
0 
1 377 
2 599 672 
0 
0 
1 495 
0 
0 
1 505 
0 
2 368 607 
0 
1 580 
0 
0 
1 757 
1 403 
0 
1 252 
0 
0 
1 629 
0 
0 
1 27 
1 362 
1 124 
1 509 
1 283 
0 
0 
0 
1 120 
1 237 
0 
1 195 
1 383 
1 325 
2 3 265 
0 
0 
0 
1 308 
0 
0 
0 
3 71 596 616 
0 
1 455 
1 285 
1 761 
1 502 
1 710 
0 
0 
0 
0 
0 
0 
0 
0 
0 
0 
1 470 
0 
1 214 
0 
0 
1 708 
0 
1 612 
0 
0 
0 
1 622 
0 
1 463 
0 
0 
0 
1 94 
1 21 
0 
1 55 
1 511 
1 489 
1 127 
0 
1 415 
1 661 
1 135 
1 717 
1 675 
1 294 
0 
1 39 
1 443 
0 
0 
4 77 186 554 582 
1 544 
0 
0 
1 430 
1 656 
0 
1 635 
4 508 527 624 633 
2 307 333 
2 487 655 
1 743 
0 
0 
0 
1 346 
0 
0 
0 
0 
3 81 646 708 
1 476 
0 
1 452 
0 
0 
0 
0 
1 558 
1 372 
0 
0 
0 
2 311 590 
0 
0 
1 418 
1 518 
0 
1 375 
0 
0 
1 474 
2 254 394 
1 267 
2 216 451 
1 18 
0 
0 
0 
0 
1 90 
1 503 
0 
1 147 
1 124 
0 
0 
0 
0 
0 
1 474 
2 22 664 
0 
1 158 
0 
0 
1 611 
0 
0 
0 
0 
3 79 203 660 
0 
0 
1 649 
0 
0 
1 467 
0 
0 
0 
0 
1 101 
0 
0 
0 
1 47 
2 329 466 
0 
0 
0 
1 494 
0 
0 
0 
0 
0 
0 
0 
0 
0 
1 60 
1 760 
0 
0 
1 711 
1 648 
1 667 
2 72 670 
2 86 617 
1 188 
0 
1 719 
1 379 
0 
1 466 
1 4 
0 
0 
0 
2 97 251 
0 
0 
1 499 
1 159 
0 
0 
0 
0 
2 183 413 
0 
1 356 
1 369 
0 
1 671 
0 
0 
0 
0 
0 
1 377 
0 
0 
2 33 74 
1 533 
2 437 623 
2 221 231 
0 
0 
1 413 
3 576 626 673 
0 
0 
2 3 313 
0 
1 441 
1 612 
2 360 474 
1 249 
1 617 
1 681 
1 750 
2 208 388 
2 179 205 
0 
0 
2 474 695 
1 191 
2 166 473 
0 
0 
0 
0 
0 
0 
0 
0 
0 
1 59 
2 272 486 
1 694 
1 573 
1 541 
0 
2 169 285 
0 
1 58 
0 
1 476 
1 471 
2 741 752 
0 
0 
3 136 538 708 
1 456 
1 224 
1 711 
1 528 
1 124 
1 172 
1 574 
0 
0 
1 575 
3 218 601 727 
1 369 
2 146 617 
0 
1 459 
0 
1 304 
0 
0 
0 
1 627 
1 346 
0 
1 353 
0 
0 
1 176 
0 
1 29 
0 
0 
0 
0 
1 647 
1 633 
0 
2 66 353 
0 
0 
0 
1 728 
2 95 226 
0 
0 
0 
0 
0 
3 435 486 660 
0 
1 419 
2 572 663 
0 
0 
0 
0 
0 
1 458 
0 
1 579 
1 247 
0 
0 
0 
1 125 
1 16 
0 
1 671 
1 701 
0 
2 112 171 
1 206 
0 
0 
0 
1 90 
0 
2 122 766 
0 
0 
1 741 
3 318 657 740 
0 
1 477 
0 
0 
0 
0 
0 
0 
2 104 628 
0 
1 657 
0 
1 238 
0 
1 48 
1 382 
0 
0 
1 569 
1 417 
0 
0 
0 
1 290 
1 737 
0 
0 
1 330 
