700 169
1 120 
0 
1 255 
1 143 
0 
0 
0 
0 
1 637 
1 316 
0 
0 
0 
0 
2 417 612 
0 
0 
0 
2 210 524 
1 587 
1 683 
0 
0 
0 
1 146 
1 248 
0 
0 
1 163 
0 
1 123 
0 
1 299 
0 
2 395 464 
0 
0 
1 684 
1 275 
3 471 631 689 
0 
1 65 
0 
1 474 
0 
1 73 
0 
0 
0 
0 
0 
1 392 
1 503 
0 
0 
0 
0 
0 
0 
0 
1 165 
0 
0 
3 148 157 426 
0 
2 41 139 
1 378 
2 404 672 
2 126 576 
0 
0 
1 366 
0 
1 45 
0 
0 
0 
0 
2 652 691 
0 
1 135 
0 
1 277 
1 582 
0 
0 
0 
1 113 
0 
0 
0 
0 
1 333 
1 240 
1 186 
0 
1 478 
1 671 
0 
0 
0 
0 
1 242 
0 
1 296 
0 
0 
0 
0 
0 
0 
1 465 
2 124 410 
1 87 
0 
0 
1 153 
0 
1 327 
0 
2 0 395 
1 387 
0 
1 30 
1 112 
1 385 
1 68 
1 136 
1 672 
0 
0 
0 
0 
0 
0 
2 80 566 
1 127 
0 
0 
2 65 527 
0 
0 
0 
1 3 
0 
1 286 
2 24 581 
0 
1 63 
0 
0 
0 
0 
1 116 
0 
0 
0 
1 63 
1 205 
0 
0 
0 
0 
1 28 
0 
1 60 
0 
1 427 
0 
0 
0 
0 
0 
0 
2 277 513 
1 589 
1 647 
0 
0 
0 
1 407 
3 194 429 563 
1 500 
2 321 414 
0 
0 
1 94 
0 
2 217 324 
0 
0 
1 599 
0 
1 690 
1 181 
0 
0 
0 
0 
0 
0 
0 
0 
0 
0 
1 158 
1 677 
1 564 
0 
2 250 381 
2 18 364 
0 
0 
0 
1 387 
0 
1 487 
2 188 532 
0 
0 
0 
0 
2 248 270 
1 509 
0 
1 563 
0 
0 
1 328 
0 
0 
1 518 
1 694 
0 
0 
2 335 474 
0 
0 
0 
0 
1 93 
0 
1 102 
0 
0 
1 464 
0 
1 529 
2 25 222 
1 459 
1 209 
0 
1 546 
0 
0 
1 2 
0 
0 
0 
0 
0 
0 
0 
1 408 
1 314 
0 
0 
0 
1 536 
1 334 
2 222 454 
1 424 
0 
0 
1 676 
3 38 460 594 
0 
2 82 174 
0 
0 
0 
0 
0 
0 
0 
0 
1 145 
0 
0 
0 
0 
0 
1 625 
1 393 
1 330 
0 
2 104 550 
0 
1 516 
1 32 
0 
1 428 
0 
1 618 
1 627 
1 397 
1 405 
1 648 
0 
0 
0 
0 
0 
0 
2 264 572 
0 
1 9 
0 
1 398 
0 
0 
2 183 501 
0 
0 
1 188 
0 
1 379 
2 118 536 
1 228 
0 
1 294 
0 
0 
2 92 346 
1 269 
2 235 347 
0 
0 
0 
0 
0 
0 
1 599 
1 383 
0 
1 571 
1 333 
1 335 
0 
1 573 
2 413 695 
0 
0 
0 
0 
0 
0 
1 563 
1 462 
0 
0 
0 
1 632 
0 
2 210 547 
1 582 
1 71 
0 
0 
0 
0 
0 
0 
0 
2 513 566 
0 
0 
0 
1 66 
1 326 
0 
1 209 
0 
1 343 
0 
1 125 
1 574 
2 121 214 
0 
0 
0 
1 397 
1 51 
1 293 
0 
2 34 120 
0 
2 305 391 
2 318 680 
0 
0 
0 
0 
0 
2 67 546 
2 306 637 
1 424 
1 180 
1 263 
0 
1 112 
0 
0 
1 350 
1 183 
0 
0 
1 14 
0 
2 535 552 
0 
0 
1 615 
0 
2 271 406 
0 
1 63 
1 167 
1 301 
1 181 
0 
0 
0 
0 
0 
0 
0 
0 
0 
0 
0 
1 595 
0 
0 
0 
0 
0 
0 
1 517 
0 
0 
0 
0 
0 
1 270 
1 656 
0 
0 
0 
1 249 
1 275 
0 
1 358 
0 
2 34 245 
1 111 
0 
0 
0 
1 681 
1 516 
1 39 
0 
1 589 
3 43 235 574 
0 
0 
0 
1 96 
0 
0 
1 578 
0 
0 
0 
0 
0 
1 216 
0 
0 
0 
0 
0 
0 
0 
0 
0 
0 
0 
0 
1 182 
1 321 
0 
1 52 
0 
0 
0 
0 
0 
1 223 
0 
0 
0 
2 174 374 
0 
0 
2 298 470 
1 448 
1 231 
0 
0 
0 
0 
0 
1 18 
0 
0 
1 139 
0 
1 247 
0 
0 
1 217 
0 
0 
1 419 
2 268 327 
0 
0 
0 
0 
0 
0 
0 
0 
1 670 
2 252 404 
1 364 
0 
0 
1 296 
0 
1 419 
0 
0 
0 
0 
0 
0 
0 
0 
0 
1 569 
3 181 225 357 
1 207 
0 
2 135 374 
0 
0 
1 562 
0 
3 345 612 689 
1 314 
1 349 
2 386 474 
0 
1 68 
0 
1 481 
0 
0 
2 146 598 
2 83 365 
0 
0 
0 
0 
1 19 
0 
2 175 473 
0 
0 
0 
0 
1 275 
1 441 
0 
0 
1 581 
3 191 342 691 
0 
0 
0 
0 
0 
0 
0 
0 
0 
0 
0 
0 
2 14 571 
0 
0 
1 422 
0 
0 
1 303 
0 
0 
0 
0 
0 
0 
1 292 
0 
1 304 
0 
0 
0 
1 39 
1 362 
1 655 
0 
0 
0 
2 8 405 
0 
0 
0 
0 
0 
0 
0 
0 
0 
1 176 
1 307 
0 
0 
0 
1 78 
0 
0 
1 633 
1 455 
0 
0 
0 
0 
0 
0 
0 
0 
0 
0 
0 
0 
0 
1 545 
1 97 
2 67 128 
0 
0 
0 
1 274 
2 206 690 
0 
0 
1 398 
1 469 
0 
1 20 
1 37 
0 
0 
0 
0 
2 39 571 
2 193 677 
2 78 599 
0 
0 
1 232 
1 350 
0 
0 
0 
0 
700 167
1 161 
0 
0 
0 
0 
0 
1 179 
1 88 
0 
1 678 
0 
2 552 650 
1 392 
0 
0 
1 169 
2 199 436 
0 
0 
0 
0 
1 104 
2 355 377 
0 
1 235 
1 474 
0 
0 
0 
1 553 
0 
0 
1 111 
1 611 
0 
2 77 306 
0 
1 698 
0 
1 207 
0 
2 509 657 
0 
1 616 
0 
0 
0 
0 
0 
0 
0 
0 
0 
0 
0 
0 
0 
0 
0 
0 
0 
0 
1 108 
0 
1 164 
0 
0 
2 106 231 
0 
1 675 
0 
0 
0 
1 270 
0 
1 331 
0 
1 35 
1 266 
0 
1 471 
1 479 
2 206 421 
1 533 
0 
0 
0 
0 
1 7 
1 434 
0 
0 
0 
0 
1 208 
0 
1 572 
0 
1 657 
0 
0 
1 150 
0 
0 
2 21 545 
0 
2 67 185 
0 
1 62 
1 284 
0 
1 32 
2 144 231 
0 
0 
1 255 
0 
0 
0 
0 
1 221 
0 
0 
0 
0 
0 
0 
1 443 
0 
0 
0 
0 
0 
0 
0 
1 544 
0 
1 673 
0 
2 476 629 
0 
0 
0 
0 
1 112 
0 
0 
0 
1 194 
0 
1 101 
1 442 
1 339 
1 495 
2 166 582 
0 
1 671 
0 
0 
1 367 
0 
1 0 
2 191 620 
0 
1 64 
0 
1 154 
0 
2 534 635 
1 15 
1 435 
0 
0 
1 280 
0 
0 
1 643 
0 
0 
2 6 533 
0 
0 
1 304 
0 
0 
1 106 
0 
0 
0 
1 228 
0 
1 162 
0 
0 
3 148 356 574 
0 
0 
0 
0 
2 16 482 
0 
1 414 
0 
2 271 651 
0 
0 
3 82 240 248 
1 39 
1 94 
1 336 
1 502 
1 299 
0 
1 585 
0 
0 
0 
0 
0 
0 
0 
1 120 
0 
0 
1 569 
0 
0 
0 
1 189 
0 
0 
2 67 112 
0 
0 
0 
2 24 299 
0 
1 520 
1 546 
0 
2 206 574 
2 244 388 
1 634 
1 427 
1 241 
1 283 
0 
0 
1 206 
0 
0 
0 
0 
0 
0 
1 115 
1 459 
0 
1 412 
0 
0 
0 
0 
0 
0 
0 
1 78 
0 
0 
0 
1 73 
2 203 696 
1 631 
1 674 
0 
0 
1 315 
1 662 
1 510 
0 
1 173 
0 
0 
1 245 
1 109 
0 
0 
0 
0 
0 
1 371 
1 634 
0 
0 
0 
1 527 
0 
1 409 
0 
2 211 235 
1 305 
0 
1 498 
0 
1 182 
1 300 
1 35 
1 347 
0 
0 
1 453 
1 598 
0 
0 
0 
1 276 
0 
1 690 
0 
0 
0 
0 
1 511 
0 
0 
0 
0 
0 
1 586 
0 
0 
2 75 374 
0 
1 368 
0 
0 
2 209 550 
0 
0 
2 152 368 
0 
1 544 
0 
0 
0 
0 
0 
2 307 487 
0 
0 
0 
0 
0 
0 
0 
1 22 
1 194 
0 
0 
0 
1 694 
1 650 
0 
0 
1 569 
1 395 
1 566 
1 159 
2 333 339 
1 594 
0 
1 290 
0 
0 
1 331 
0 
0 
1 22 
0 
1 497 
0 
0 
0 
1 413 
0 
0 
0 
1 422 
1 241 
0 
0 
0 
3 12 466 682 
0 
0 
1 365 
0 
1 633 
0 
0 
0 
1 562 
0 
0 
0 
0 
0 
0 
0 
1 297 
1 536 
0 
1 258 
1 383 
1 201 
1 615 
0 
0 
0 
0 
1 695 
1 82 
1 387 
0 
1 474 
0 
0 
1 243 
1 550 
0 
1 505 
0 
0 
0 
1 89 
1 170 
1 16 
0 
0 
0 
0 
1 652 
1 151 
1 127 
0 
1 576 
0 
0 
0 
1 569 
1 635 
0 
0 
1 310 
1 572 
1 560 
0 
0 
0 
1 256 
0 
0 
0 
0 
0 
0 
1 392 
0 
0 
0 
0 
1 80 
0 
0 
2 25 424 
0 
2 139 514 
0 
0 
2 81 499 
0 
0 
1 199 
0 
1 524 
0 
0 
1 347 
0 
0 
1 547 
0 
0 
0 
0 
1 153 
1 653 
1 379 
1 302 
1 479 
0 
0 
1 210 
0 
0 
1 430 
0 
0 
0 
1 41 
1 278 
1 322 
0 
0 
1 476 
0 
0 
0 
1 531 
0 
1 237 
0 
0 
1 598 
3 484 525 587 
1 524 
0 
1 295 
0 
1 655 
0 
2 518 553 
0 
2 83 179 
1 168 
0 
2 410 650 
0 
0 
0 
0 
0 
0 
0 
2 135 341 
1 104 
2 238 672 
1 490 
0 
0 
2 336 428 
0 
1 11 
2 29 531 
0 
0 
0 
1 656 
0 
0 
1 455 
0 
1 401 
0 
0 
0 
1 366 
0 
0 
3 224 364 449 
1 679 
0 
2 96 454 
0 
2 194 240 
0 
1 445 
0 
1 594 
0 
0 
0 
1 154 
0 
0 
1 213 
1 328 
1 524 
0 
0 
0 
0 
0 
0 
2 369 578 
0 
0 
0 
3 311 523 607 
0 
0 
0 
0 
0 
0 
0 
0 
1 598 
0 
0 
1 660 
1 33 
0 
0 
0 
2 415 625 
1 43 
0 
0 
0 
1 162 
0 
0 
0 
0 
1 615 
0 
0 
0 
1 139 
0 
1 272 
0 
1 397 
3 242 291 686 
2 168 450 
0 
0 
0 
0 
0 
0 
0 
1 176 
0 
0 
0 
0 
0 
0 
3 11 361 536 
1 203 
1 441 
2 496 675 
0 
1 529 
1 557 
2 41 98 
0 
0 
1 610 
0 
1 277 
0 
0 
0 
0 
0 
0 
0 
0 
1 156 
1 546 
1 137 
1 273 
2 69 653 
0 
0 
1 9 
1 570 
0 
0 
1 392 
0 
0 
0 
1 634 
0 
0 
0 
1 317 
0 
0 
0 
1 360 
1 420 
1 271 
0 
1 37 
0 
