380 95
0 
0 
1 33 
1 282 
0 
1 240 
0 
3 94 221 371 
0 
0 
1 300 
1 305 
1 212 
1 254 
1 124 
0 
0 
1 249 
0 
0 
1 291 
2 75 340 
0 
1 78 
0 
1 116 
0 
1 351 
0 
0 
0 
0 
1 190 
1 2 
0 
1 122 
0 
1 175 
1 285 
0 
0 
0 
0 
1 125 
0 
1 320 
1 59 
1 210 
0 
0 
0 
1 142 
0 
0 
0 
1 190 
0 
0 
0 
1 46 
1 83 
0 
0 
2 108 247 
1 70 
0 
1 190 
0 
0 
0 
1 64 
1 330 
1 172 
1 143 
1 269 
1 21 
1 310 
0 
1 23 
0 
1 356 
0 
0 
2 60 254 
0 
1 311 
1 228 
0 
0 
0 
1 121 
1 296 
0 
1 174 
2 7 164 
1 268 
0 
0 
1 235 
0 
0 
0 
0 
1 323 
1 279 
0 
0 
0 
1 63 
0 
0 
0 
0 
0 
0 
0 
2 25 331 
0 
0 
0 
1 233 
1 90 
2 35 246 
0 
1 14 
2 43 147 
1 305 
0 
0 
1 149 
1 267 
0 
0 
0 
0 
1 308 
2 239 293 
0 
0 
0 
0 
2 205 344 
2 51 173 
2 73 231 
0 
0 
1 199 
1 125 
0 
1 129 
1 232 
0 
0 
0 
0 
0 
1 286 
0 
1 219 
0 
0 
0 
0 
0 
1 94 
0 
1 345 
0 
0 
1 372 
0 
0 
1 72 
1 142 
1 93 
1 37 
0 
0 
0 
0 
0 
0 
0 
0 
0 
0 
1 238 
0 
0 
1 325 
3 32 55 66 
0 
0 
1 204 
1 359 
0 
0 
0 
0 
1 146 
0 
0 
1 359 
1 222 
1 193 
1 141 
0 
0 
0 
0 
2 47 316 
0 
1 12 
0 
0 
0 
0 
1 258 
0 
1 158 
0 
1 7 
1 203 
0 
0 
0 
0 
0 
1 86 
0 
0 
1 143 
1 150 
1 120 
0 
1 98 
1 287 
0 
1 186 
2 136 348 
1 5 
1 271 
0 
0 
1 284 
0 
1 122 
1 63 
0 
1 17 
0 
0 
0 
0 
2 13 83 
0 
1 328 
0 
2 217 373 
0 
1 271 
0 
0 
0 
0 
1 307 
0 
1 130 
1 95 
1 74 
0 
2 241 260 
0 
0 
0 
0 
1 301 
0 
0 
1 104 
0 
0 
1 3 
0 
1 244 
1 38 
1 156 
1 236 
0 
0 
0 
2 20 345 
0 
1 136 
0 
0 
1 91 
0 
0 
0 
1 10 
1 276 
0 
0 
0 
2 11 126 
0 
1 265 
1 135 
0 
1 76 
1 85 
0 
0 
0 
0 
1 210 
0 
0 
0 
1 45 
0 
0 
2 103 343 
2 335 360 
1 189 
0 
0 
1 256 
0 
1 71 
1 116 
0 
0 
0 
1 324 
0 
1 374 
0 
0 
1 21 
0 
0 
1 323 
1 141 
2 166 291 
0 
0 
1 239 
1 373 
1 374 
1 27 
0 
0 
0 
0 
1 80 
0 
0 
2 194 202 
2 324 374 
0 
0 
0 
0 
0 
0 
0 
0 
0 
0 
1 7 
1 169 
2 258 349 
3 337 350 360 
0 
0 
0 
0 
0 
380 95
1 226 
2 194 265 
1 282 
0 
0 
2 115 324 
0 
0 
0 
0 
0 
0 
0 
0 
0 
0 
1 209 
0 
0 
0 
1 308 
0 
2 62 286 
1 212 
0 
1 72 
2 124 234 
0 
0 
0 
0 
0 
1 233 
0 
0 
1 350 
0 
0 
1 139 
0 
1 206 
0 
1 231 
0 
0 
0 
0 
0 
1 154 
1 276 
1 187 
0 
0 
0 
0 
0 
0 
2 94 216 
1 80 
0 
1 108 
2 69 164 
3 22 110 359 
0 
0 
1 288 
0 
0 
0 
1 61 
0 
1 131 
3 25 117 202 
0 
0 
1 221 
0 
1 260 
0 
1 184 
1 58 
0 
0 
1 148 
0 
1 315 
0 
0 
0 
0 
1 272 
0 
0 
0 
1 57 
0 
0 
0 
1 224 
0 
1 113 
0 
0 
0 
0 
1 276 
0 
0 
1 60 
0 
1 62 
0 
0 
2 100 164 
0 
2 5 238 
0 
1 72 
2 180 257 
0 
0 
0 
0 
0 
1 26 
1 342 
1 309 
0 
0 
2 285 316 
0 
1 71 
1 151 
0 
0 
0 
1 193 
0 
0 
1 38 
0 
0 
0 
0 
0 
0 
0 
1 160 
1 83 
0 
0 
1 132 
1 206 
0 
1 48 
0 
0 
0 
0 
0 
3 147 311 326 
0 
2 298 331 
0 
2 61 113 
2 362 368 
0 
0 
1 348 
0 
0 
0 
0 
0 
0 
2 300 323 
0 
0 
1 257 
0 
1 118 
0 
0 
1 197 
1 79 
0 
1 312 
2 50 219 
0 
0 
0 
0 
0 
1 136 
1 1 
1 337 
1 225 
1 183 
0 
2 241 326 
0 
0 
2 72 302 
0 
0 
2 324 343 
2 40 152 
0 
0 
2 16 326 
0 
0 
1 23 
1 222 
0 
0 
1 57 
1 289 
0 
1 187 
0 
1 75 
2 213 344 
1 361 
1 98 
1 196 
1 0 
0 
0 
0 
0 
2 42 341 
1 298 
1 32 
1 26 
0 
0 
0 
1 115 
0 
0 
1 199 
0 
0 
1 312 
0 
0 
1 362 
0 
0 
0 
0 
0 
1 331 
0 
0 
0 
2 118 178 
0 
1 354 
1 77 
0 
0 
0 
0 
1 1 
0 
0 
0 
0 
0 
0 
1 90 
0 
0 
0 
2 49 105 
1 309 
0 
0 
0 
1 290 
1 2 
0 
0 
1 129 
1 22 
0 
1 65 
1 217 
3 281 370 374 
1 355 
0 
1 314 
1 301 
0 
0 
0 
2 162 232 
0 
1 175 
1 294 
1 202 
0 
0 
0 
0 
0 
1 20 
2 126 277 
0 
1 160 
2 186 244 
0 
1 293 
1 85 
1 129 
0 
0 
0 
0 
0 
0 
1 175 
2 5 205 
0 
3 160 199 209 
0 
0 
0 
0 
2 162 253 
0 
0 
0 
0 
0 
1 195 
0 
0 
0 
1 231 
1 125 
1 205 
1 222 
1 359 
0 
0 
1 168 
0 
1 35 
0 
0 
0 
1 259 
1 291 
0 
0 
0 
2 62 345 
0 
1 223 
2 165 247 
1 367 
0 
0 
0 
1 363 
1 165 
0 
1 290 
0 
0 
0 
1 290 
0 
0 
0 
0 
0 
