430 103
0 
1 360 
0 
1 132 
1 414 
0 
2 166 293 
1 21 
0 
1 219 
1 173 
1 29 
1 255 
0 
0 
0 
0 
0 
2 110 252 
0 
0 
1 7 
1 81 
0 
1 210 
0 
0 
0 
0 
1 11 
1 352 
0 
1 295 
1 350 
0 
0 
0 
1 306 
0 
1 389 
1 72 
1 167 
0 
0 
1 259 
0 
0 
0 
1 79 
0 
0 
0 
1 63 
0 
2 288 427 
1 191 
0 
1 193 
0 
0 
0 
0 
0 
2 52 98 
0 
0 
1 85 
0 
0 
1 250 
0 
1 322 
1 40 
1 255 
1 110 
0 
0 
1 106 
1 218 
2 48 319 
1 245 
2 22 285 
0 
1 405 
0 
1 66 
0 
0 
2 168 399 
0 
0 
0 
0 
0 
0 
0 
0 
0 
2 63 318 
0 
0 
1 275 
0 
0 
0 
1 167 
2 77 255 
0 
1 209 
0 
2 18 74 
0 
0 
1 257 
2 116 170 
0 
1 114 
1 343 
2 171 237 
1 221 
0 
1 274 
0 
0 
1 311 
0 
0 
0 
0 
1 208 
1 285 
0 
1 3 
0 
0 
0 
1 370 
0 
0 
1 157 
0 
0 
0 
0 
0 
0 
0 
0 
0 
0 
1 316 
0 
1 421 
0 
0 
1 225 
1 292 
1 139 
0 
0 
0 
2 386 425 
0 
0 
0 
0 
2 6 398 
2 41 105 
1 88 
0 
1 114 
2 118 195 
0 
1 10 
0 
0 
0 
0 
0 
0 
0 
0 
1 340 
0 
1 333 
0 
0 
1 225 
0 
0 
0 
1 55 
0 
2 57 380 
0 
3 171 199 336 
0 
0 
1 256 
1 195 
0 
0 
0 
0 
0 
0 
0 
0 
1 129 
1 108 
1 24 
0 
0 
0 
0 
0 
0 
0 
1 78 
1 9 
1 411 
2 119 228 
0 
0 
1 248 
2 155 187 
1 266 
1 329 
1 221 
1 330 
0 
2 279 350 
0 
1 351 
0 
0 
0 
1 118 
1 344 
1 363 
0 
0 
0 
0 
0 
1 80 
0 
0 
1 224 
0 
1 69 
0 
1 18 
0 
0 
3 12 73 106 
1 198 
1 113 
0 
1 44 
0 
1 369 
0 
0 
0 
0 
1 226 
0 
0 
0 
0 
1 285 
0 
0 
2 121 286 
2 101 356 
0 
1 333 
0 
1 231 
0 
1 304 
0 
1 416 
1 381 
3 81 130 271 
1 274 
0 
1 54 
0 
0 
0 
1 156 
1 6 
0 
1 32 
0 
0 
0 
0 
0 
0 
0 
0 
1 281 
0 
1 37 
0 
0 
1 329 
0 
1 124 
0 
0 
0 
0 
2 150 332 
0 
1 98 
1 79 
0 
0 
2 71 421 
0 
0 
0 
0 
0 
0 
3 227 309 400 
1 229 
0 
1 316 
2 184 277 
0 
0 
1 195 
0 
0 
0 
1 182 
0 
0 
1 117 
1 238 
0 
0 
0 
0 
0 
2 33 231 
2 233 377 
1 30 
0 
0 
0 
1 275 
1 382 
0 
0 
2 1 412 
0 
0 
1 239 
0 
0 
0 
0 
0 
1 261 
1 136 
0 
0 
0 
0 
0 
0 
1 351 
0 
0 
1 193 
1 284 
1 357 
0 
0 
0 
1 161 
0 
0 
1 39 
0 
0 
0 
0 
0 
0 
0 
0 
1 166 
1 88 
1 329 
0 
0 
0 
0 
1 83 
0 
0 
0 
0 
1 419 
1 220 
1 360 
0 
1 4 
0 
1 283 
0 
1 425 
1 410 
0 
2 152 322 
0 
0 
0 
2 161 418 
0 
1 54 
0 
0 
430 116
1 126 
1 365 
1 312 
2 149 398 
0 
1 423 
0 
0 
0 
0 
3 24 317 402 
0 
0 
1 85 
0 
1 425 
0 
0 
1 343 
0 
1 280 
0 
0 
0 
2 10 66 
0 
0 
0 
0 
1 284 
1 333 
0 
0 
0 
1 290 
0 
0 
0 
0 
1 374 
0 
1 200 
0 
2 155 232 
0 
0 
0 
0 
2 201 421 
0 
2 391 422 
0 
1 246 
0 
0 
1 141 
0 
0 
0 
0 
0 
0 
1 125 
0 
0 
0 
1 24 
0 
0 
0 
2 301 316 
2 365 398 
0 
2 361 367 
0 
1 274 
0 
0 
0 
2 269 292 
0 
1 135 
0 
1 372 
0 
2 13 380 
0 
0 
0 
0 
1 392 
1 125 
1 347 
1 96 
0 
0 
3 93 151 170 
0 
1 176 
1 412 
0 
0 
1 149 
0 
1 348 
1 197 
0 
0 
1 423 
1 207 
0 
0 
0 
0 
1 322 
0 
1 144 
0 
1 261 
0 
1 400 
0 
0 
0 
0 
2 62 91 
1 0 
1 209 
1 287 
0 
0 
3 307 311 380 
2 215 287 
0 
0 
1 81 
0 
0 
0 
0 
0 
1 55 
0 
0 
2 116 317 
2 266 320 
1 151 
1 328 
3 176 257 397 
2 3 102 
0 
2 96 146 
0 
1 422 
0 
1 43 
0 
2 296 329 
0 
2 238 343 
0 
0 
0 
0 
0 
1 208 
0 
1 406 
1 376 
0 
1 96 
1 327 
1 222 
0 
0 
0 
2 98 148 
0 
1 282 
1 428 
0 
1 352 
1 317 
0 
0 
0 
1 405 
0 
0 
0 
0 
0 
0 
0 
0 
0 
0 
1 105 
1 338 
1 249 
1 41 
1 48 
0 
0 
0 
0 
0 
1 109 
1 165 
1 127 
0 
0 
2 275 382 
0 
0 
2 132 362 
0 
1 411 
0 
0 
0 
0 
1 172 
0 
1 284 
0 
0 
0 
0 
0 
0 
0 
1 43 
1 329 
0 
0 
0 
0 
1 159 
0 
0 
0 
0 
0 
0 
1 323 
2 52 353 
1 280 
0 
1 199 
0 
0 
0 
0 
0 
0 
0 
1 148 
0 
0 
0 
1 118 
0 
0 
0 
0 
2 145 317 
0 
1 333 
1 79 
0 
0 
0 
0 
2 75 384 
1 212 
0 
0 
0 
0 
2 20 247 
0 
1 178 
0 
2 29 224 
0 
0 
2 128 132 
0 
0 
2 34 411 
0 
1 79 
0 
0 
0 
2 157 416 
0 
0 
0 
0 
1 70 
0 
0 
0 
0 
0 
2 131 367 
0 
0 
0 
1 131 
1 2 
0 
1 415 
0 
2 70 326 
5 10 144 182 266 383 
0 
0 
1 145 
0 
1 114 
1 245 
0 
0 
1 316 
1 171 
2 147 379 
2 157 233 
0 
0 
0 
4 30 268 364 383 
0 
2 387 396 
0 
1 409 
1 198 
0 
0 
0 
0 
2 18 159 
0 
0 
0 
1 92 
1 104 
1 396 
0 
0 
1 181 
1 246 
0 
0 
0 
0 
0 
0 
0 
1 73 
1 215 
0 
1 333 
2 1 71 
1 400 
2 73 307 
0 
0 
0 
0 
1 83 
0 
1 39 
0 
1 168 
0 
0 
1 328 
2 85 131 
0 
1 212 
2 317 333 
1 274 
0 
0 
1 335 
0 
0 
0 
1 50 
1 90 
0 
0 
0 
2 335 349 
1 148 
2 3 71 
1 426 
2 120 366 
0 
1 10 
0 
0 
1 186 
1 167 
0 
0 
1 337 
0 
2 217 290 
1 99 
0 
0 
1 314 
1 296 
0 
0 
0 
0 
1 48 
2 50 153 
2 5 108 
0 
1 15 
1 399 
0 
1 179 
0 
