990 262
0 
0 
1 523 
0 
0 
1 985 
0 
0 
0 
0 
1 899 
0 
1 348 
1 644 
0 
2 58 893 
1 268 
1 96 
0 
1 896 
0 
1 380 
1 109 
0 
1 577 
1 770 
0 
0 
0 
1 739 
0 
1 607 
1 407 
0 
1 862 
0 
0 
1 834 
0 
0 
1 862 
1 558 
1 917 
1 394 
2 131 438 
0 
0 
0 
1 164 
0 
0 
0 
1 690 
0 
1 431 
0 
0 
0 
1 15 
0 
1 178 
2 566 745 
1 952 
0 
0 
0 
0 
0 
0 
0 
2 163 446 
0 
2 355 757 
0 
0 
0 
0 
0 
0 
1 319 
0 
0 
0 
0 
0 
0 
0 
0 
0 
0 
0 
0 
0 
1 896 
0 
0 
1 17 
2 411 889 
0 
0 
1 147 
1 771 
1 853 
0 
1 526 
0 
1 951 
1 310 
0 
1 22 
2 486 599 
2 323 650 
0 
1 772 
0 
0 
0 
2 148 339 
0 
0 
1 175 
0 
1 285 
0 
2 454 492 
1 180 
0 
1 912 
1 710 
0 
0 
1 44 
0 
0 
0 
0 
1 590 
0 
0 
1 488 
0 
0 
0 
0 
1 531 
1 699 
1 765 
1 100 
1 117 
1 602 
0 
1 376 
2 560 683 
1 397 
0 
1 540 
0 
0 
0 
0 
0 
0 
0 
2 70 449 
1 48 
0 
0 
1 396 
1 813 
0 
0 
0 
0 
0 
1 190 
1 120 
0 
0 
1 60 
2 336 412 
1 125 
1 268 
0 
0 
0 
1 279 
0 
0 
0 
0 
3 174 223 410 
0 
0 
0 
0 
0 
0 
0 
0 
0 
1 744 
0 
1 736 
0 
0 
0 
0 
3 497 521 977 
0 
0 
1 476 
0 
2 745 908 
1 486 
0 
1 441 
1 675 
2 638 748 
0 
0 
0 
0 
1 322 
1 190 
0 
0 
1 731 
0 
0 
0 
0 
0 
0 
0 
0 
1 980 
0 
0 
0 
0 
0 
1 434 
1 572 
0 
1 405 
1 487 
0 
1 395 
1 470 
1 751 
0 
1 499 
0 
0 
1 619 
1 876 
0 
0 
0 
0 
0 
0 
0 
1 422 
0 
1 441 
0 
0 
2 16 181 
2 556 633 
0 
0 
1 895 
1 874 
0 
0 
0 
0 
1 508 
3 185 453 849 
0 
1 910 
0 
1 549 
1 503 
1 122 
0 
1 892 
0 
0 
0 
0 
0 
0 
0 
1 955 
0 
1 560 
0 
1 717 
0 
2 557 668 
0 
0 
0 
0 
0 
0 
1 622 
0 
1 107 
0 
0 
0 
1 419 
0 
1 354 
0 
0 
1 79 
0 
0 
2 222 676 
2 111 640 
1 980 
1 448 
0 
0 
0 
0 
0 
0 
0 
1 432 
1 576 
0 
1 179 
0 
1 796 
1 117 
3 345 347 350 
0 
2 721 835 
0 
0 
2 340 809 
0 
1 340 
1 12 
1 568 
2 340 696 
0 
0 
0 
1 316 
2 72 767 
0 
1 987 
0 
0 
1 722 
0 
1 808 
0 
2 699 732 
0 
0 
0 
0 
0 
1 869 
1 854 
0 
0 
3 401 414 487 
0 
1 151 
0 
0 
0 
1 21 
0 
0 
2 471 751 
0 
1 844 
0 
1 677 
0 
0 
1 942 
0 
0 
0 
1 43 
1 247 
1 167 
1 153 
0 
0 
1 783 
1 374 
0 
0 
0 
1 244 
0 
1 32 
1 788 
0 
1 190 
1 97 
1 179 
1 623 
2 374 511 
0 
0 
0 
0 
1 314 
1 595 
1 877 
1 263 
0 
0 
0 
2 479 504 
0 
0 
0 
0 
1 54 
1 333 
0 
1 241 
1 452 
2 564 677 
0 
1 44 
0 
3 448 669 675 
2 215 265 
0 
2 525 871 
0 
0 
1 70 
0 
3 325 440 663 
1 163 
1 776 
0 
1 435 
2 279 972 
1 124 
0 
0 
0 
0 
0 
0 
2 893 972 
0 
1 918 
0 
1 500 
0 
0 
0 
0 
2 248 762 
1 383 
2 497 944 
0 
0 
0 
2 210 557 
0 
1 567 
2 426 629 
0 
0 
0 
0 
0 
0 
2 110 213 
2 245 374 
1 139 
0 
1 785 
0 
1 124 
1 707 
1 656 
0 
0 
2 207 472 
0 
1 251 
1 465 
0 
0 
1 284 
1 426 
0 
0 
0 
2 278 761 
0 
0 
1 414 
0 
0 
0 
0 
0 
0 
1 740 
0 
0 
1 207 
1 665 
2 2 578 
0 
1 443 
2 104 721 
0 
0 
0 
1 976 
1 144 
1 897 
0 
1 788 
0 
1 791 
0 
0 
1 972 
1 155 
0 
1 804 
0 
0 
0 
0 
0 
1 664 
1 283 
1 726 
0 
0 
0 
0 
0 
2 269 862 
2 301 476 
1 41 
0 
2 152 297 
0 
2 662 796 
1 825 
1 436 
0 
1 61 
1 478 
1 349 
0 
0 
0 
1 242 
0 
0 
0 
2 334 727 
1 24 
1 523 
0 
1 807 
0 
0 
1 938 
0 
0 
0 
0 
1 815 
0 
1 136 
0 
1 775 
0 
0 
1 420 
0 
0 
0 
2 110 638 
1 985 
0 
1 149 
0 
0 
1 851 
0 
1 31 
0 
0 
0 
0 
0 
1 743 
2 831 848 
0 
0 
0 
0 
1 254 
0 
0 
1 308 
1 413 
0 
0 
1 766 
0 
0 
3 479 662 953 
0 
0 
0 
2 269 970 
0 
0 
0 
0 
2 217 599 
0 
1 323 
0 
0 
1 739 
1 13 
0 
0 
1 844 
0 
0 
1 111 
0 
0 
0 
1 667 
0 
1 494 
0 
0 
0 
0 
0 
2 562 629 
1 448 
1 548 
1 522 
0 
1 654 
1 301 
1 440 
0 
0 
0 
0 
0 
3 216 440 734 
1 322 
2 387 436 
0 
0 
0 
0 
0 
1 152 
0 
1 701 
0 
0 
0 
0 
2 52 784 
0 
0 
0 
0 
0 
1 350 
0 
0 
2 145 364 
0 
1 685 
0 
0 
0 
0 
0 
1 493 
0 
1 728 
1 128 
0 
0 
0 
0 
0 
0 
1 299 
0 
0 
0 
2 342 526 
1 360 
2 830 838 
0 
1 801 
1 550 
1 576 
1 709 
0 
0 
1 226 
3 364 753 824 
0 
1 675 
1 775 
1 202 
0 
0 
3 29 643 876 
2 518 769 
0 
0 
1 613 
1 200 
2 61 212 
1 831 
0 
1 217 
0 
0 
2 249 383 
1 796 
1 732 
1 845 
0 
0 
1 72 
0 
0 
0 
1 508 
1 470 
1 824 
0 
1 146 
1 626 
2 355 832 
1 831 
1 740 
1 25 
1 101 
1 113 
0 
1 912 
3 592 735 812 
1 450 
0 
0 
1 815 
0 
0 
0 
1 400 
1 690 
1 490 
0 
0 
2 408 534 
0 
1 930 
2 536 797 
1 864 
0 
0 
1 880 
3 338 562 752 
1 791 
0 
0 
0 
1 725 
0 
0 
2 542 912 
0 
0 
1 580 
1 362 
1 345 
1 946 
0 
1 775 
1 168 
0 
2 588 779 
0 
0 
0 
0 
0 
0 
0 
0 
3 732 763 882 
1 563 
0 
0 
0 
0 
1 723 
3 614 746 768 
1 767 
0 
1 37 
1 342 
0 
0 
2 723 845 
0 
0 
0 
0 
0 
2 385 647 
2 754 838 
0 
0 
1 614 
1 279 
0 
1 605 
0 
1 102 
1 371 
0 
0 
0 
0 
1 975 
0 
0 
3 34 40 556 
0 
2 792 968 
0 
0 
0 
0 
1 370 
0 
1 443 
0 
0 
1 273 
1 971 
2 255 739 
1 421 
0 
0 
1 795 
0 
1 824 
0 
0 
0 
1 989 
0 
0 
2 97 921 
0 
0 
1 287 
2 15 461 
0 
2 272 955 
2 19 93 
1 532 
0 
1 10 
1 973 
0 
0 
0 
0 
0 
0 
0 
1 212 
0 
1 281 
0 
3 127 774 804 
0 
0 
0 
0 
1 42 
1 463 
0 
0 
1 889 
0 
0 
0 
0 
0 
0 
0 
0 
1 790 
0 
0 
0 
0 
0 
0 
0 
1 583 
0 
0 
0 
1 390 
0 
1 472 
0 
1 810 
0 
0 
0 
0 
1 106 
1 62 
1 629 
0 
2 295 895 
0 
0 
0 
0 
0 
0 
0 
0 
0 
0 
0 
0 
1 864 
0 
1 633 
1 875 
3 453 461 539 
1 900 
0 
1 859 
1 530 
1 207 
0 
0 
2 235 324 
0 
0 
0 
0 
2 5 600 
0 
1 357 
0 
1 886 
990 241
1 470 
0 
0 
0 
0 
0 
0 
1 500 
1 94 
0 
0 
0 
1 558 
0 
1 402 
0 
0 
0 
0 
0 
0 
0 
0 
1 861 
1 577 
0 
0 
1 831 
0 
0 
0 
1 153 
0 
0 
2 658 847 
0 
0 
0 
1 109 
1 105 
0 
1 173 
0 
0 
0 
2 303 507 
0 
0 
1 63 
0 
0 
0 
3 120 495 963 
1 496 
1 333 
1 182 
0 
0 
1 780 
0 
0 
1 547 
0 
2 48 658 
0 
0 
1 675 
0 
0 
1 112 
0 
2 178 890 
0 
1 392 
0 
0 
0 
2 381 531 
0 
0 
1 899 
2 379 451 
2 890 920 
1 960 
0 
0 
0 
0 
0 
1 133 
0 
0 
0 
1 466 
1 8 
0 
0 
1 738 
0 
1 420 
0 
0 
0 
1 395 
0 
1 39 
0 
0 
0 
1 38 
1 517 
0 
1 69 
0 
2 173 572 
0 
0 
2 373 599 
0 
0 
1 52 
0 
0 
0 
1 459 
1 947 
1 222 
0 
0 
1 551 
1 588 
0 
1 339 
3 89 214 820 
0 
0 
0 
0 
0 
0 
1 282 
1 178 
1 408 
0 
0 
0 
0 
0 
0 
0 
0 
0 
0 
4 31 822 949 962 
1 449 
0 
2 608 797 
0 
0 
0 
0 
0 
1 229 
1 322 
2 628 724 
0 
0 
1 535 
0 
1 707 
0 
0 
0 
2 41 114 
0 
1 230 
0 
0 
2 71 141 
0 
0 
0 
1 55 
0 
1 591 
0 
0 
0 
1 841 
1 758 
1 405 
0 
0 
0 
1 862 
0 
1 870 
1 461 
0 
2 434 903 
1 415 
0 
0 
0 
0 
2 319 606 
0 
0 
1 927 
0 
0 
0 
0 
0 
1 133 
0 
2 509 590 
1 889 
0 
1 234 
0 
0 
2 126 902 
1 502 
2 365 783 
0 
0 
0 
1 638 
1 162 
1 175 
0 
0 
0 
2 219 277 
2 568 924 
1 740 
0 
0 
1 318 
0 
1 253 
1 837 
0 
0 
1 359 
2 321 878 
0 
0 
1 515 
1 761 
0 
0 
1 241 
0 
0 
0 
0 
0 
1 963 
1 286 
0 
0 
0 
0 
0 
1 960 
0 
0 
0 
2 490 504 
0 
0 
2 646 964 
1 394 
0 
0 
1 234 
0 
0 
0 
0 
4 140 556 726 736 
0 
1 566 
0 
2 260 396 
0 
1 384 
1 685 
0 
0 
1 340 
0 
0 
0 
0 
0 
1 759 
1 358 
0 
0 
2 320 632 
1 45 
0 
0 
0 
0 
0 
1 402 
0 
2 696 756 
0 
0 
0 
2 451 732 
0 
0 
1 239 
1 205 
3 302 464 902 
1 246 
1 163 
0 
0 
0 
2 371 644 
0 
0 
0 
0 
0 
0 
2 54 847 
0 
0 
0 
0 
0 
1 132 
1 292 
0 
0 
0 
0 
1 677 
0 
0 
0 
0 
0 
0 
0 
0 
0 
0 
0 
0 
1 299 
1 245 
1 533 
0 
1 844 
1 868 
1 514 
1 224 
0 
0 
1 708 
1 633 
0 
1 326 
1 548 
1 117 
0 
0 
0 
0 
0 
1 81 
0 
2 77 908 
0 
1 455 
1 288 
0 
1 732 
0 
0 
0 
0 
0 
1 73 
2 591 972 
1 274 
1 103 
1 286 
0 
0 
0 
0 
1 826 
2 14 309 
1 508 
0 
1 190 
1 445 
0 
1 142 
1 736 
0 
2 507 873 
0 
0 
0 
2 200 600 
0 
0 
0 
0 
1 99 
0 
0 
0 
0 
1 538 
0 
0 
1 623 
0 
1 546 
0 
0 
0 
1 199 
1 897 
2 527 849 
0 
1 874 
1 818 
1 662 
0 
0 
1 521 
0 
1 406 
0 
0 
1 847 
1 154 
0 
2 81 315 
0 
0 
1 604 
1 383 
1 460 
0 
0 
1 124 
1 456 
1 197 
1 597 
0 
1 320 
0 
1 93 
0 
0 
0 
2 0 848 
0 
0 
0 
0 
1 788 
0 
0 
0 
0 
0 
0 
0 
2 584 856 
0 
0 
0 
0 
0 
0 
2 270 827 
0 
0 
1 662 
0 
1 52 
1 53 
1 508 
0 
1 655 
1 7 
0 
2 223 835 
3 656 769 871 
1 270 
1 537 
1 915 
2 45 411 
3 403 497 761 
1 216 
0 
0 
1 927 
1 667 
1 364 
1 249 
0 
1 110 
0 
0 
1 982 
1 443 
0 
0 
2 671 913 
1 962 
0 
1 436 
0 
0 
0 
1 77 
0 
1 360 
0 
1 167 
0 
1 505 
1 425 
0 
0 
0 
0 
0 
0 
0 
1 430 
1 61 
1 372 
0 
1 916 
1 129 
0 
0 
0 
0 
1 282 
0 
1 12 
1 858 
0 
0 
0 
0 
1 784 
0 
2 284 980 
0 
1 235 
0 
1 647 
0 
1 114 
1 853 
0 
0 
0 
1 24 
0 
0 
0 
0 
1 679 
0 
1 483 
0 
1 921 
0 
1 130 
2 742 744 
1 216 
3 184 393 884 
0 
0 
0 
0 
0 
1 462 
0 
1 117 
1 415 
0 
0 
1 879 
1 454 
2 716 934 
1 205 
0 
2 156 900 
0 
0 
0 
0 
0 
0 
0 
0 
0 
0 
0 
1 846 
0 
0 
1 428 
0 
0 
0 
0 
1 164 
1 800 
0 
1 813 
2 302 677 
1 369 
0 
0 
0 
0 
1 228 
0 
0 
0 
0 
0 
1 326 
0 
1 273 
1 570 
0 
0 
1 869 
0 
0 
0 
0 
2 499 859 
1 503 
1 883 
2 34 63 
0 
0 
0 
2 440 493 
0 
0 
0 
0 
1 513 
0 
0 
0 
1 524 
0 
0 
0 
1 66 
1 828 
2 345 632 
0 
1 582 
0 
0 
1 949 
0 
0 
1 289 
0 
0 
0 
0 
0 
0 
0 
0 
0 
0 
1 311 
0 
1 896 
1 943 
0 
0 
0 
0 
1 846 
0 
0 
3 169 862 944 
1 368 
0 
1 948 
0 
0 
1 975 
0 
1 729 
1 605 
0 
0 
0 
0 
0 
0 
0 
1 164 
0 
1 282 
0 
0 
1 715 
0 
0 
3 315 386 932 
0 
0 
0 
2 282 409 
0 
1 97 
0 
1 236 
0 
1 589 
0 
1 589 
1 820 
0 
0 
1 750 
0 
1 748 
0 
0 
1 756 
0 
0 
2 311 753 
0 
1 189 
1 298 
0 
2 250 508 
0 
0 
0 
0 
0 
0 
1 971 
1 503 
0 
0 
0 
0 
0 
0 
0 
0 
1 915 
0 
1 58 
0 
0 
1 224 
1 564 
0 
0 
0 
1 475 
0 
0 
0 
1 827 
0 
0 
1 838 
0 
1 156 
0 
0 
1 629 
0 
0 
1 854 
0 
0 
0 
1 919 
0 
0 
0 
0 
1 893 
1 631 
0 
0 
0 
0 
1 439 
0 
2 133 745 
0 
1 153 
0 
0 
0 
1 401 
2 490 792 
1 676 
0 
0 
1 27 
0 
0 
0 
1 502 
0 
1 242 
2 795 869 
0 
0 
1 188 
0 
0 
1 362 
0 
2 620 704 
3 34 333 448 
1 470 
1 436 
0 
0 
0 
1 573 
2 803 917 
0 
1 483 
1 920 
1 559 
1 655 
0 
1 23 
2 194 707 
0 
0 
1 897 
0 
0 
1 363 
2 650 838 
1 196 
1 503 
0 
1 411 
1 438 
0 
0 
0 
1 246 
1 603 
0 
0 
0 
1 657 
1 591 
0 
0 
0 
0 
1 217 
2 71 82 
0 
0 
1 812 
0 
0 
1 698 
3 435 865 905 
0 
1 80 
1 608 
0 
2 222 320 
1 199 
0 
1 897 
0 
0 
1 381 
0 
0 
0 
0 
1 524 
0 
2 506 778 
1 550 
1 854 
0 
1 807 
2 82 857 
1 586 
0 
0 
2 235 967 
0 
0 
2 208 512 
0 
0 
0 
0 
1 732 
0 
1 605 
0 
0 
0 
0 
0 
0 
0 
0 
1 699 
1 707 
0 
0 
1 125 
1 710 
2 153 682 
0 
0 
0 
0 
0 
0 
0 
0 
0 
0 
2 83 266 
0 
2 153 525 
2 52 259 
1 273 
0 
0 
1 924 
0 
0 
0 
1 768 
1 393 
0 
0 
1 713 
0 
0 
0 
0 
1 566 
0 
1 520 
0 
0 
0 
0 
0 
0 
0 
