540 163
1 327 
1 433 
0 
1 421 
0 
2 109 254 
0 
1 62 
1 33 
1 45 
1 115 
1 134 
0 
0 
0 
0 
0 
0 
0 
1 188 
2 109 282 
0 
0 
1 275 
3 228 273 530 
1 416 
1 125 
1 432 
0 
1 82 
0 
0 
1 416 
1 8 
0 
3 162 197 387 
0 
1 377 
0 
0 
1 225 
0 
0 
0 
0 
2 9 97 
0 
0 
0 
1 421 
3 346 424 505 
1 457 
1 282 
0 
1 119 
0 
1 410 
0 
0 
0 
0 
1 311 
1 7 
1 342 
0 
0 
0 
0 
0 
0 
1 78 
3 357 502 525 
0 
1 149 
0 
1 159 
0 
0 
1 70 
1 129 
1 344 
0 
1 29 
1 465 
1 293 
0 
0 
0 
1 424 
1 285 
0 
1 100 
0 
0 
0 
1 521 
0 
2 45 483 
0 
0 
1 91 
0 
1 259 
0 
1 481 
0 
0 
0 
2 289 515 
2 5 20 
2 200 346 
0 
0 
0 
1 303 
4 10 310 389 499 
0 
0 
1 242 
2 54 316 
2 186 464 
1 279 
0 
0 
1 252 
1 26 
1 391 
1 243 
0 
2 79 278 
0 
0 
0 
0 
1 11 
0 
0 
0 
1 413 
1 421 
1 536 
1 143 
1 338 
1 141 
0 
0 
1 345 
0 
0 
1 73 
0 
1 273 
1 425 
0 
0 
0 
0 
2 248 444 
1 530 
1 75 
1 221 
0 
1 35 
0 
0 
1 461 
0 
1 375 
0 
1 231 
1 537 
0 
0 
0 
1 228 
0 
1 255 
0 
0 
1 493 
0 
1 490 
1 188 
0 
0 
0 
1 120 
0 
3 19 182 293 
0 
0 
1 359 
0 
0 
1 397 
0 
0 
1 35 
0 
0 
1 110 
1 515 
1 499 
0 
0 
0 
0 
0 
1 330 
0 
0 
0 
0 
0 
0 
0 
0 
0 
2 413 483 
0 
0 
2 160 483 
0 
0 
0 
2 40 360 
1 364 
0 
3 24 174 522 
0 
1 276 
1 169 
0 
0 
0 
0 
0 
0 
0 
0 
1 268 
1 306 
1 118 
1 127 
0 
1 290 
0 
1 316 
1 157 
0 
0 
2 340 358 
1 124 
0 
1 5 
1 176 
0 
0 
0 
1 102 
0 
0 
1 312 
0 
0 
0 
0 
0 
2 240 359 
0 
1 430 
1 359 
0 
3 24 151 276 
0 
2 23 494 
2 230 273 
0 
1 129 
1 121 
0 
1 360 
2 20 52 
0 
0 
1 89 
0 
0 
0 
1 108 
1 245 
0 
1 318 
2 84 188 
0 
0 
0 
0 
0 
0 
0 
0 
1 315 
1 114 
0 
0 
2 241 313 
0 
0 
0 
1 115 
2 61 409 
1 262 
1 306 
0 
1 302 
2 119 247 
0 
1 292 
0 
0 
0 
0 
0 
0 
0 
0 
2 0 359 
0 
0 
1 208 
0 
0 
0 
1 446 
0 
0 
0 
1 142 
0 
1 251 
0 
1 63 
0 
2 80 374 
1 146 
3 50 110 499 
1 374 
0 
0 
0 
0 
0 
0 
0 
0 
3 406 434 437 
2 71 431 
1 251 
5 191 268 271 327 458 
2 225 281 
0 
1 430 
0 
1 226 
0 
0 
0 
1 532 
0 
0 
0 
2 467 470 
1 527 
2 344 347 
1 167 
0 
1 37 
0 
0 
0 
0 
0 
1 533 
2 413 440 
0 
0 
1 35 
1 403 
1 115 
1 391 
2 126 390 
2 427 439 
0 
0 
0 
0 
1 194 
2 401 415 
0 
1 452 
2 398 524 
0 
1 388 
0 
0 
2 356 440 
0 
0 
1 311 
1 56 
0 
0 
3 138 218 384 
0 
2 398 528 
3 25 32 531 
0 
0 
1 480 
0 
3 3 49 139 
0 
0 
2 50 88 
1 152 
0 
1 392 
0 
0 
3 270 362 480 
1 357 
1 27 
1 1 
2 356 507 
0 
0 
1 356 
0 
2 392 508 
2 384 406 
1 492 
1 507 
0 
1 157 
1 510 
1 334 
0 
0 
1 463 
0 
0 
1 400 
0 
0 
1 498 
0 
1 51 
1 359 
0 
0 
2 165 469 
0 
1 449 
1 120 
1 83 
0 
1 372 
0 
1 461 
1 372 
0 
0 
0 
0 
1 536 
0 
0 
0 
0 
2 419 430 
1 104 
0 
3 97 218 221 
0 
0 
0 
0 
0 
0 
1 181 
0 
1 441 
1 179 
1 275 
0 
0 
0 
1 455 
3 115 202 346 
0 
0 
1 71 
0 
0 
1 50 
0 
2 434 442 
1 439 
0 
1 445 
0 
0 
0 
0 
2 108 201 
0 
0 
0 
0 
0 
1 95 
1 228 
0 
1 401 
1 71 
0 
1 373 
1 415 
0 
2 24 158 
1 416 
1 368 
1 383 
0 
0 
2 140 475 
1 170 
0 
0 
540 127
2 9 118 
0 
0 
0 
0 
0 
1 529 
0 
0 
1 0 
0 
0 
1 184 
1 312 
0 
0 
2 66 126 
0 
1 382 
0 
1 185 
0 
0 
1 27 
0 
0 
0 
1 23 
0 
0 
0 
0 
0 
0 
1 182 
0 
0 
0 
2 120 416 
1 53 
0 
0 
0 
0 
0 
0 
1 380 
0 
1 205 
0 
0 
0 
0 
1 39 
1 279 
0 
0 
0 
0 
0 
1 391 
1 492 
0 
0 
0 
1 431 
2 16 283 
0 
1 111 
0 
0 
0 
0 
0 
2 106 266 
0 
0 
1 388 
1 329 
0 
1 380 
0 
0 
0 
1 279 
1 427 
0 
1 507 
0 
1 281 
1 252 
1 347 
2 199 491 
1 389 
0 
0 
1 317 
0 
0 
0 
1 235 
0 
0 
0 
1 483 
1 330 
2 74 196 
0 
0 
0 
0 
1 68 
0 
0 
0 
0 
1 221 
0 
3 0 207 342 
1 464 
1 38 
1 354 
1 289 
0 
1 444 
0 
1 16 
0 
0 
0 
0 
0 
0 
1 245 
1 313 
0 
0 
0 
0 
0 
1 370 
0 
0 
2 375 490 
0 
0 
0 
1 372 
2 223 478 
0 
0 
0 
0 
0 
1 193 
0 
0 
0 
1 311 
2 216 234 
0 
0 
0 
1 443 
1 413 
0 
1 265 
1 500 
1 488 
0 
1 246 
0 
3 394 462 526 
0 
1 348 
0 
0 
1 259 
0 
0 
0 
1 267 
1 34 
0 
1 12 
2 20 365 
0 
1 413 
0 
0 
1 531 
0 
0 
1 154 
0 
0 
2 106 313 
0 
0 
1 92 
1 504 
1 507 
0 
0 
0 
1 48 
0 
1 118 
0 
0 
0 
0 
0 
0 
0 
2 275 324 
1 159 
0 
0 
0 
0 
1 116 
1 315 
1 148 
0 
0 
1 473 
1 505 
0 
2 235 275 
0 
0 
0 
0 
1 159 
2 100 229 
0 
0 
0 
0 
0 
0 
0 
1 394 
0 
1 133 
1 170 
1 494 
0 
0 
0 
1 479 
1 90 
0 
0 
0 
0 
0 
1 463 
1 177 
1 378 
1 444 
0 
0 
0 
2 166 519 
1 74 
1 181 
0 
0 
0 
0 
1 318 
0 
0 
2 215 229 
0 
0 
0 
3 54 84 465 
0 
1 89 
1 369 
3 66 302 416 
0 
0 
1 455 
0 
1 525 
1 122 
1 386 
0 
0 
0 
0 
0 
0 
0 
1 494 
0 
1 397 
0 
1 283 
0 
1 388 
0 
0 
0 
0 
0 
0 
1 158 
1 13 
2 134 196 
0 
1 222 
0 
1 96 
2 272 512 
0 
0 
0 
1 351 
0 
1 215 
0 
0 
1 456 
0 
2 78 533 
1 105 
0 
1 507 
0 
0 
2 463 471 
0 
0 
0 
0 
0 
0 
1 118 
0 
0 
0 
0 
1 91 
2 174 473 
0 
0 
1 322 
0 
0 
1 121 
1 515 
0 
0 
0 
0 
1 400 
0 
0 
0 
0 
1 185 
0 
0 
0 
1 282 
1 140 
1 465 
1 147 
0 
0 
1 143 
0 
0 
1 260 
0 
2 46 80 
0 
1 18 
0 
1 496 
1 476 
2 290 511 
0 
2 77 304 
1 93 
0 
1 60 
0 
0 
2 172 243 
1 436 
0 
1 300 
0 
0 
2 360 410 
0 
0 
0 
1 535 
0 
0 
0 
0 
0 
1 400 
0 
0 
2 164 187 
0 
0 
2 38 283 
1 429 
0 
0 
0 
0 
1 527 
0 
0 
0 
0 
1 85 
0 
1 417 
0 
1 65 
0 
0 
0 
0 
1 395 
0 
0 
0 
0 
0 
1 457 
1 163 
2 124 261 
0 
0 
0 
0 
0 
0 
0 
0 
0 
0 
1 286 
1 327 
1 442 
0 
0 
0 
0 
1 172 
2 258 335 
1 119 
2 279 371 
0 
0 
1 477 
0 
0 
1 335 
0 
2 226 348 
0 
0 
1 385 
1 468 
2 148 525 
1 251 
1 529 
0 
0 
1 104 
0 
0 
0 
0 
1 168 
0 
1 143 
1 92 
1 61 
0 
2 247 298 
0 
1 384 
0 
0 
0 
1 167 
0 
0 
0 
1 200 
1 227 
0 
3 87 201 332 
0 
0 
0 
1 386 
1 318 
0 
0 
1 355 
0 
0 
0 
1 265 
0 
0 
0 
0 
0 
2 288 478 
2 172 537 
1 422 
0 
2 6 480 
0 
1 190 
0 
1 329 
0 
1 404 
0 
1 526 
0 
0 
