180 47
0 
0 
0 
0 
2 82 174 
1 58 
0 
0 
1 17 
0 
0 
0 
1 50 
3 93 113 148 
0 
2 63 154 
1 118 
2 8 106 
0 
0 
0 
0 
0 
0 
3 34 39 164 
0 
1 105 
1 94 
1 76 
0 
1 173 
1 37 
1 125 
0 
1 24 
0 
0 
1 31 
0 
1 24 
0 
1 61 
0 
0 
0 
0 
0 
0 
0 
1 115 
2 12 128 
0 
1 138 
0 
0 
0 
1 91 
0 
1 5 
0 
0 
1 41 
1 121 
2 15 122 
0 
0 
0 
0 
0 
1 83 
1 161 
0 
0 
0 
1 134 
0 
1 28 
0 
1 138 
0 
0 
0 
2 4 170 
1 69 
0 
1 120 
1 137 
0 
0 
0 
0 
1 56 
1 132 
1 13 
1 27 
0 
1 160 
1 147 
0 
0 
0 
0 
0 
0 
0 
1 26 
2 17 171 
1 120 
1 158 
0 
0 
0 
0 
2 13 160 
0 
1 49 
0 
0 
1 16 
0 
2 85 107 
2 62 145 
1 63 
0 
0 
2 32 148 
0 
0 
1 50 
0 
0 
0 
1 92 
0 
1 74 
0 
0 
1 86 
2 52 78 
0 
0 
0 
0 
1 175 
0 
1 121 
0 
1 97 
2 13 125 
0 
0 
1 169 
0 
0 
1 15 
0 
0 
0 
1 108 
0 
2 96 113 
1 70 
0 
0 
1 24 
1 171 
0 
0 
0 
1 151 
1 82 
2 106 165 
0 
1 30 
1 4 
1 143 
0 
0 
0 
0 
180 41
0 
2 52 124 
1 108 
0 
2 79 163 
0 
0 
1 166 
0 
0 
0 
1 132 
0 
0 
0 
0 
0 
0 
0 
1 174 
0 
0 
0 
0 
0 
0 
0 
0 
0 
1 127 
0 
1 92 
0 
0 
0 
0 
1 81 
1 78 
1 75 
0 
0 
0 
0 
1 132 
0 
0 
0 
1 123 
0 
0 
0 
0 
1 1 
0 
0 
0 
1 145 
2 138 172 
0 
0 
1 89 
0 
0 
1 169 
1 125 
1 167 
1 179 
0 
0 
1 142 
0 
0 
0 
0 
0 
1 38 
0 
0 
1 37 
1 4 
1 98 
2 36 148 
0 
0 
0 
0 
0 
0 
0 
1 60 
1 100 
0 
1 31 
0 
0 
0 
0 
1 151 
2 80 161 
0 
2 90 121 
0 
0 
0 
1 108 
0 
1 147 
0 
2 2 104 
0 
0 
0 
0 
0 
2 148 175 
0 
0 
0 
0 
0 
0 
2 100 128 
1 154 
1 47 
1 1 
1 64 
0 
1 29 
1 121 
0 
0 
1 137 
2 11 43 
0 
0 
0 
0 
2 131 145 
2 57 172 
0 
0 
0 
1 69 
0 
0 
2 56 137 
1 173 
2 106 168 
2 81 114 
0 
0 
1 97 
0 
0 
1 122 
0 
0 
0 
0 
0 
0 
1 98 
0 
1 4 
0 
0 
1 7 
1 65 
1 147 
1 63 
0 
0 
2 57 138 
1 146 
1 19 
1 114 
0 
0 
0 
1 66 
