870 196
0 
0 
0 
0 
2 466 730 
0 
0 
0 
0 
0 
0 
0 
3 86 312 800 
0 
0 
0 
0 
0 
0 
1 455 
1 646 
0 
0 
0 
1 385 
0 
0 
0 
0 
2 225 352 
0 
0 
0 
0 
1 223 
2 48 753 
0 
1 408 
0 
2 67 455 
1 354 
0 
1 486 
0 
0 
0 
0 
0 
2 35 159 
0 
0 
0 
0 
0 
0 
0 
0 
0 
0 
0 
2 669 686 
2 197 862 
1 414 
1 304 
1 755 
0 
0 
1 39 
1 294 
0 
0 
1 812 
0 
1 545 
0 
0 
2 148 485 
0 
0 
0 
0 
1 525 
0 
2 478 674 
0 
0 
3 12 291 323 
0 
1 860 
2 366 407 
1 383 
0 
0 
0 
1 340 
0 
1 659 
0 
0 
0 
3 368 505 567 
0 
0 
0 
0 
0 
0 
0 
0 
0 
0 
0 
1 720 
0 
0 
0 
0 
0 
1 622 
0 
0 
2 450 587 
1 449 
0 
0 
0 
0 
1 475 
0 
3 604 642 698 
0 
0 
1 845 
0 
0 
0 
0 
1 763 
0 
0 
1 381 
0 
0 
3 521 728 757 
0 
0 
1 330 
0 
1 76 
0 
0 
2 297 517 
0 
0 
0 
0 
0 
1 814 
0 
1 48 
1 719 
0 
1 775 
0 
1 383 
0 
0 
1 705 
0 
1 869 
2 289 338 
1 435 
0 
0 
0 
1 360 
0 
0 
0 
0 
0 
0 
2 344 419 
1 214 
1 692 
0 
0 
0 
0 
1 869 
0 
0 
0 
0 
1 483 
0 
0 
1 61 
0 
0 
0 
0 
0 
0 
0 
0 
0 
0 
0 
0 
0 
0 
0 
1 849 
1 183 
1 283 
1 322 
1 237 
1 656 
0 
0 
2 790 860 
0 
1 34 
0 
2 29 726 
0 
0 
0 
0 
0 
0 
0 
0 
1 254 
0 
0 
1 217 
1 453 
0 
3 452 556 621 
0 
0 
1 479 
0 
1 735 
0 
1 537 
1 692 
0 
0 
1 614 
0 
1 348 
1 234 
0 
0 
1 532 
0 
0 
0 
0 
0 
0 
0 
0 
0 
0 
1 850 
0 
0 
0 
0 
1 283 
1 432 
0 
1 415 
0 
0 
0 
1 463 
0 
0 
2 215 273 
0 
0 
1 379 
1 609 
1 728 
3 170 300 362 
0 
1 86 
0 
0 
1 68 
0 
0 
1 151 
0 
0 
1 289 
0 
0 
1 364 
2 63 713 
0 
0 
0 
1 476 
0 
0 
0 
1 12 
0 
0 
0 
1 706 
1 794 
0 
1 568 
0 
0 
2 216 711 
1 86 
0 
0 
1 831 
0 
0 
0 
2 146 568 
0 
0 
0 
0 
1 847 
1 579 
0 
1 170 
0 
2 94 468 
0 
0 
1 551 
2 182 804 
1 726 
0 
1 514 
1 253 
0 
0 
0 
1 29 
2 419 561 
1 40 
0 
0 
0 
0 
0 
1 175 
0 
1 289 
1 716 
1 303 
0 
1 89 
1 426 
1 100 
1 552 
0 
0 
0 
0 
0 
0 
0 
0 
0 
1 286 
0 
2 140 496 
0 
2 90 164 
2 385 753 
2 24 384 
0 
0 
0 
1 845 
0 
0 
0 
0 
0 
0 
0 
0 
0 
0 
0 
0 
0 
0 
2 456 787 
0 
0 
1 89 
2 37 602 
0 
0 
1 424 
0 
0 
2 62 868 
2 276 722 
1 574 
0 
1 591 
2 182 353 
0 
0 
1 809 
1 511 
1 411 
0 
1 367 
2 513 546 
0 
0 
0 
0 
1 274 
0 
1 766 
1 171 
1 733 
0 
0 
0 
0 
0 
0 
0 
0 
1 471 
0 
1 493 
1 694 
1 122 
1 121 
0 
1 240 
1 238 
1 655 
2 19 39 
2 404 532 
0 
1 673 
0 
0 
0 
0 
1 280 
0 
1 614 
1 4 
0 
1 340 
0 
0 
1 445 
1 527 
0 
0 
1 127 
1 308 
0 
2 83 721 
1 243 
0 
0 
0 
1 194 
0 
1 76 
1 42 
0 
0 
0 
0 
0 
0 
1 447 
1 658 
0 
1 381 
0 
0 
0 
0 
0 
0 
3 515 698 722 
0 
1 100 
1 849 
0 
0 
0 
0 
1 423 
0 
1 427 
1 347 
1 503 
0 
1 151 
0 
0 
0 
1 143 
0 
0 
0 
1 81 
0 
1 472 
0 
0 
0 
0 
2 257 456 
0 
0 
0 
0 
1 247 
0 
0 
0 
0 
0 
0 
1 768 
1 73 
1 427 
0 
0 
0 
0 
1 343 
1 369 
1 767 
0 
1 833 
1 240 
1 580 
0 
0 
0 
1 353 
1 799 
1 627 
0 
1 847 
0 
1 100 
3 319 330 595 
0 
0 
0 
0 
0 
1 416 
0 
1 723 
0 
0 
1 336 
1 557 
0 
0 
0 
1 630 
0 
0 
1 121 
0 
1 828 
0 
1 418 
0 
0 
0 
1 568 
0 
0 
0 
0 
0 
0 
1 408 
0 
1 129 
0 
0 
0 
0 
1 287 
0 
0 
0 
0 
2 251 465 
0 
0 
0 
0 
1 658 
0 
1 240 
1 118 
0 
0 
0 
0 
1 563 
0 
0 
2 584 814 
0 
0 
0 
0 
1 757 
1 854 
0 
0 
0 
0 
0 
2 129 808 
0 
0 
0 
2 20 762 
0 
0 
0 
1 750 
0 
0 
0 
0 
1 454 
1 218 
0 
2 494 619 
1 96 
0 
0 
0 
1 791 
0 
0 
0 
0 
0 
1 60 
0 
0 
0 
1 458 
1 83 
0 
0 
0 
0 
0 
0 
1 851 
0 
0 
1 854 
0 
1 60 
1 762 
0 
0 
1 751 
0 
2 184 248 
0 
1 448 
0 
1 778 
0 
2 129 503 
0 
0 
0 
0 
0 
0 
1 167 
1 316 
0 
1 740 
0 
0 
1 322 
0 
1 304 
0 
1 808 
1 363 
0 
0 
1 160 
1 112 
1 478 
2 415 503 
1 576 
1 834 
0 
2 225 345 
0 
2 143 288 
0 
1 4 
0 
0 
1 436 
1 789 
1 245 
0 
0 
0 
0 
1 708 
1 795 
0 
0 
0 
0 
0 
0 
0 
0 
2 650 865 
2 690 859 
0 
2 35 384 
0 
1 64 
0 
2 143 635 
0 
0 
0 
0 
2 646 687 
1 137 
0 
0 
1 434 
1 553 
1 544 
0 
0 
0 
0 
0 
0 
1 162 
0 
0 
1 696 
0 
0 
0 
0 
0 
0 
0 
0 
1 404 
0 
1 734 
1 221 
1 663 
0 
0 
1 317 
1 741 
0 
0 
0 
1 562 
1 12 
0 
0 
0 
1 344 
0 
0 
0 
2 642 715 
1 422 
0 
1 859 
1 71 
0 
3 157 630 858 
1 829 
0 
0 
0 
0 
0 
0 
0 
0 
0 
0 
0 
0 
1 589 
1 815 
0 
1 326 
0 
1 555 
1 724 
0 
0 
0 
0 
0 
0 
0 
0 
0 
0 
2 132 389 
0 
2 335 565 
0 
2 213 506 
1 268 
1 681 
0 
0 
2 636 684 
0 
0 
0 
1 814 
2 751 811 
2 88 221 
0 
1 61 
0 
0 
1 750 
0 
0 
1 414 
2 169 189 
870 221
0 
2 301 511 
1 417 
0 
0 
0 
2 361 752 
0 
0 
0 
0 
2 346 419 
0 
0 
0 
1 471 
1 490 
1 845 
1 58 
1 313 
0 
2 596 869 
0 
0 
0 
0 
0 
0 
1 121 
1 355 
0 
0 
0 
1 799 
1 114 
0 
0 
0 
0 
0 
0 
0 
0 
0 
1 523 
0 
2 206 834 
1 102 
1 740 
0 
0 
1 326 
1 771 
0 
0 
1 368 
0 
0 
1 18 
0 
0 
0 
0 
0 
0 
0 
0 
1 226 
0 
0 
0 
0 
1 255 
0 
0 
0 
0 
2 96 850 
0 
0 
1 94 
1 338 
0 
0 
1 246 
2 557 848 
0 
1 215 
0 
0 
1 207 
0 
0 
0 
2 80 719 
0 
1 77 
0 
0 
1 554 
1 172 
2 722 726 
1 47 
0 
0 
0 
2 535 537 
0 
0 
0 
0 
0 
2 159 472 
0 
3 34 140 810 
0 
0 
0 
0 
0 
0 
2 28 849 
0 
0 
0 
0 
3 477 548 578 
1 799 
0 
0 
0 
0 
0 
0 
1 399 
0 
0 
0 
0 
0 
1 114 
1 272 
1 596 
0 
2 179 418 
1 286 
0 
0 
0 
0 
0 
0 
1 546 
1 496 
0 
0 
1 333 
2 439 816 
0 
1 112 
0 
1 539 
0 
1 781 
1 247 
0 
0 
0 
1 621 
0 
1 591 
1 693 
1 100 
1 227 
0 
1 616 
0 
0 
1 306 
1 144 
2 184 831 
0 
0 
1 273 
2 180 620 
0 
1 702 
0 
1 466 
1 666 
0 
0 
0 
0 
0 
0 
0 
0 
0 
0 
0 
0 
0 
1 586 
0 
0 
1 46 
1 90 
0 
1 667 
2 540 651 
0 
1 490 
1 554 
0 
1 87 
0 
1 261 
1 376 
1 529 
0 
0 
1 793 
0 
1 784 
1 666 
3 67 503 585 
3 173 401 501 
2 605 768 
0 
0 
0 
0 
0 
0 
0 
0 
0 
1 453 
0 
1 781 
0 
0 
0 
0 
0 
1 84 
1 164 
0 
1 462 
0 
0 
1 609 
2 452 591 
0 
1 72 
0 
0 
1 788 
0 
2 564 732 
2 217 820 
1 305 
0 
1 522 
0 
0 
0 
1 435 
1 801 
1 729 
0 
1 141 
1 183 
0 
2 426 764 
0 
0 
1 286 
0 
1 770 
0 
0 
2 516 710 
0 
1 380 
2 145 278 
0 
0 
0 
1 800 
1 566 
1 505 
1 533 
1 832 
0 
0 
0 
0 
0 
0 
1 1 
0 
0 
0 
2 262 333 
1 178 
1 422 
0 
0 
0 
1 677 
0 
1 19 
1 591 
1 352 
1 549 
1 521 
0 
0 
1 742 
1 858 
0 
0 
0 
0 
2 51 411 
0 
0 
1 626 
0 
1 787 
0 
2 156 305 
0 
1 408 
0 
1 604 
2 81 629 
0 
0 
0 
1 471 
0 
0 
0 
2 11 523 
0 
0 
0 
0 
0 
1 315 
1 795 
0 
1 29 
0 
0 
0 
0 
1 552 
2 6 387 
0 
1 858 
0 
0 
1 816 
0 
1 55 
0 
0 
1 763 
0 
0 
0 
0 
2 218 404 
0 
0 
0 
1 285 
0 
1 472 
0 
0 
0 
0 
1 361 
1 654 
0 
1 773 
0 
0 
1 422 
0 
1 843 
0 
0 
0 
2 134 477 
3 564 687 819 
3 227 497 656 
0 
1 839 
1 376 
1 462 
0 
0 
1 335 
0 
0 
2 326 832 
1 755 
1 481 
0 
0 
0 
1 2 
3 144 683 705 
1 11 
0 
0 
2 307 393 
0 
0 
0 
1 275 
0 
0 
0 
0 
0 
0 
0 
0 
1 268 
0 
0 
0 
1 157 
0 
1 597 
1 855 
0 
0 
1 736 
0 
0 
0 
0 
1 601 
0 
1 253 
1 238 
0 
0 
0 
1 846 
0 
0 
0 
0 
3 249 405 869 
2 506 648 
0 
0 
1 188 
0 
0 
0 
0 
3 15 342 748 
2 112 382 
0 
0 
1 660 
0 
3 126 399 626 
0 
0 
0 
1 413 
1 861 
1 768 
0 
0 
0 
0 
0 
0 
2 16 212 
0 
0 
0 
1 624 
0 
1 153 
1 401 
1 628 
0 
0 
1 227 
0 
1 226 
0 
1 292 
1 463 
0 
0 
0 
0 
1 1 
0 
0 
1 829 
0 
1 283 
0 
0 
0 
0 
2 317 763 
1 264 
2 44 346 
0 
1 756 
0 
0 
0 
1 219 
0 
0 
0 
1 293 
0 
2 106 808 
0 
1 106 
2 700 701 
1 161 
1 210 
0 
0 
0 
0 
0 
2 152 815 
0 
1 126 
1 316 
0 
1 689 
3 360 628 667 
0 
2 99 213 
0 
1 808 
1 85 
0 
0 
0 
1 774 
0 
0 
2 260 400 
0 
1 291 
0 
0 
0 
0 
0 
0 
0 
0 
1 699 
0 
0 
1 126 
0 
0 
0 
0 
0 
0 
1 226 
1 203 
0 
0 
1 803 
0 
3 170 253 314 
0 
1 844 
1 595 
1 594 
2 21 142 
1 441 
0 
0 
0 
1 450 
0 
0 
1 337 
1 228 
0 
0 
0 
1 252 
0 
0 
0 
0 
0 
0 
2 175 640 
0 
0 
1 737 
1 184 
1 168 
0 
0 
1 494 
0 
2 329 477 
0 
3 498 552 846 
1 338 
0 
0 
0 
1 752 
1 673 
0 
0 
0 
0 
1 860 
1 616 
0 
1 798 
0 
0 
1 671 
0 
0 
1 463 
0 
0 
1 210 
0 
1 741 
2 388 770 
0 
1 401 
0 
0 
0 
2 475 785 
0 
0 
0 
0 
0 
2 189 225 
3 209 552 772 
0 
0 
0 
1 645 
0 
2 634 752 
0 
0 
0 
1 311 
0 
0 
0 
0 
0 
2 418 720 
1 725 
0 
0 
1 400 
0 
1 551 
0 
0 
0 
1 171 
0 
1 725 
0 
0 
0 
1 575 
1 538 
1 538 
1 186 
0 
0 
1 418 
1 815 
0 
0 
0 
1 283 
0 
0 
1 825 
0 
1 852 
0 
0 
0 
1 94 
1 683 
0 
1 101 
0 
0 
2 684 695 
1 101 
0 
0 
1 270 
0 
0 
1 260 
1 777 
0 
0 
1 445 
1 619 
0 
0 
1 48 
1 653 
1 320 
0 
0 
0 
0 
0 
1 471 
0 
0 
0 
3 6 633 673 
0 
0 
1 412 
1 525 
0 
0 
0 
0 
0 
0 
2 371 521 
1 275 
1 787 
1 778 
0 
2 228 483 
0 
2 280 654 
1 52 
1 667 
1 390 
1 561 
0 
0 
1 733 
1 766 
0 
0 
2 163 240 
0 
0 
1 224 
1 660 
0 
2 331 765 
1 258 
0 
0 
0 
0 
1 222 
0 
1 353 
0 
0 
1 642 
2 33 127 
1 290 
1 269 
0 
1 589 
0 
0 
0 
0 
2 535 556 
0 
1 114 
1 844 
0 
0 
0 
2 546 706 
2 157 366 
0 
0 
1 400 
1 261 
0 
0 
0 
0 
1 713 
0 
0 
0 
1 514 
0 
1 180 
2 294 411 
0 
1 46 
0 
0 
0 
0 
1 403 
0 
0 
0 
1 395 
2 593 811 
1 17 
2 457 628 
0 
1 85 
1 121 
1 77 
0 
1 715 
0 
0 
1 442 
0 
0 
2 321 363 
0 
1 639 
1 482 
0 
0 
0 
0 
0 
0 
0 
2 21 462 
