260 68
0 
0 
0 
1 17 
0 
1 133 
0 
0 
1 84 
0 
1 184 
2 63 213 
0 
0 
0 
0 
2 27 152 
2 3 158 
1 191 
0 
2 108 120 
1 117 
0 
0 
0 
0 
1 156 
1 16 
0 
0 
0 
1 128 
1 43 
1 82 
0 
1 84 
0 
0 
1 165 
0 
0 
0 
2 44 231 
1 32 
1 42 
0 
1 186 
0 
1 189 
0 
1 115 
0 
1 232 
0 
2 187 256 
0 
0 
0 
1 184 
0 
1 236 
0 
0 
1 11 
0 
0 
0 
0 
1 210 
0 
0 
1 178 
0 
2 134 206 
1 182 
0 
2 137 221 
0 
0 
0 
0 
0 
1 33 
1 134 
2 8 35 
0 
0 
0 
0 
0 
0 
1 112 
0 
0 
0 
0 
0 
0 
0 
0 
1 143 
0 
0 
0 
0 
0 
1 186 
1 173 
2 20 160 
0 
0 
0 
1 91 
1 167 
0 
1 50 
0 
2 21 118 
1 117 
0 
1 20 
0 
0 
0 
0 
1 183 
2 165 199 
0 
2 31 213 
0 
0 
1 257 
1 201 
2 5 231 
2 73 83 
0 
0 
2 76 158 
0 
0 
0 
0 
0 
1 100 
0 
0 
1 205 
1 241 
0 
0 
0 
0 
1 16 
0 
0 
1 170 
1 26 
0 
2 17 137 
0 
1 108 
1 213 
0 
1 230 
0 
2 38 126 
1 241 
1 113 
0 
0 
1 155 
0 
0 
1 107 
0 
2 184 211 
0 
0 
1 71 
0 
0 
1 191 
1 74 
1 125 
3 10 58 175 
0 
2 46 106 
2 54 195 
0 
1 48 
0 
3 18 181 192 
1 191 
0 
0 
1 187 
1 255 
0 
0 
1 126 
0 
1 132 
0 
0 
0 
1 146 
1 73 
0 
0 
0 
1 68 
2 175 243 
0 
3 11 128 161 
0 
0 
1 249 
0 
0 
0 
0 
1 76 
0 
0 
0 
0 
0 
0 
1 232 
0 
1 163 
2 42 133 
2 52 228 
0 
0 
0 
1 60 
0 
0 
0 
0 
2 147 166 
0 
1 211 
0 
0 
0 
0 
0 
1 216 
0 
0 
1 258 
0 
0 
1 196 
1 54 
1 131 
1 252 
0 
260 63
0 
1 76 
1 50 
0 
0 
0 
0 
0 
0 
0 
0 
0 
1 79 
1 87 
0 
2 74 250 
0 
0 
0 
1 52 
0 
2 103 252 
1 174 
0 
1 61 
1 238 
1 85 
1 152 
2 139 238 
0 
1 47 
0 
0 
0 
0 
1 188 
2 139 193 
0 
0 
0 
0 
2 146 205 
2 127 193 
0 
2 56 131 
1 234 
0 
2 30 87 
1 171 
0 
1 2 
1 204 
1 19 
0 
0 
0 
1 44 
0 
1 183 
0 
1 160 
1 24 
0 
0 
0 
1 222 
0 
0 
0 
0 
1 83 
0 
0 
1 182 
1 15 
0 
1 1 
0 
0 
1 12 
0 
0 
0 
1 70 
0 
1 26 
0 
2 13 47 
0 
0 
0 
1 177 
1 121 
0 
0 
1 195 
1 123 
0 
0 
0 
1 110 
0 
2 135 149 
1 21 
0 
0 
0 
0 
0 
0 
1 100 
2 211 250 
0 
0 
0 
0 
0 
0 
0 
0 
0 
2 92 123 
0 
2 96 121 
0 
0 
0 
1 42 
0 
1 152 
1 163 
1 44 
0 
0 
0 
1 102 
0 
0 
0 
2 28 36 
1 167 
1 184 
0 
1 176 
0 
0 
1 41 
0 
0 
1 102 
0 
0 
2 27 129 
1 249 
0 
0 
1 202 
0 
1 218 
0 
2 60 219 
0 
0 
1 130 
1 254 
0 
0 
1 140 
0 
0 
0 
1 48 
0 
0 
1 22 
0 
1 143 
1 91 
0 
0 
0 
0 
1 73 
2 58 225 
1 141 
0 
0 
1 219 
1 35 
1 215 
0 
0 
0 
2 36 42 
0 
1 95 
1 216 
0 
1 246 
0 
0 
0 
1 156 
0 
1 51 
1 41 
0 
0 
0 
0 
1 231 
1 111 
0 
0 
0 
1 189 
1 196 
0 
1 158 
2 160 187 
0 
0 
1 65 
1 228 
1 248 
1 183 
0 
0 
1 223 
0 
0 
1 210 
0 
0 
1 45 
0 
0 
0 
2 25 28 
0 
0 
0 
0 
0 
0 
0 
1 198 
0 
1 224 
1 153 
2 15 111 
0 
1 21 
0 
1 164 
0 
0 
0 
0 
0 
