130 34
0 
0 
0 
0 
0 
0 
2 35 127 
1 63 
0 
0 
0 
1 60 
0 
1 95 
0 
0 
0 
1 80 
0 
3 68 88 123 
0 
0 
1 43 
1 28 
1 50 
1 96 
0 
1 97 
1 23 
0 
0 
1 95 
0 
0 
0 
1 6 
2 52 57 
1 90 
0 
0 
1 68 
1 121 
0 
2 22 81 
1 99 
0 
1 102 
0 
2 62 74 
0 
1 24 
1 72 
1 36 
0 
0 
0 
0 
2 36 125 
0 
1 112 
1 11 
0 
1 48 
1 7 
0 
0 
0 
0 
3 19 40 113 
0 
0 
0 
1 51 
0 
2 48 125 
0 
0 
0 
0 
0 
1 17 
2 43 110 
0 
0 
0 
0 
0 
0 
1 19 
0 
1 37 
1 108 
0 
0 
0 
3 13 31 108 
1 25 
1 27 
0 
1 44 
0 
0 
1 46 
0 
1 112 
0 
0 
0 
2 91 95 
0 
1 81 
0 
2 59 104 
1 68 
0 
0 
0 
0 
0 
0 
0 
1 41 
0 
1 19 
0 
2 57 74 
0 
1 6 
0 
0 
130 34
0 
1 6 
0 
0 
0 
0 
3 1 19 128 
1 123 
0 
0 
0 
1 34 
0 
1 48 
1 120 
0 
0 
1 101 
1 69 
1 6 
0 
0 
1 49 
0 
0 
0 
1 57 
0 
2 89 99 
1 99 
0 
0 
0 
0 
1 11 
1 52 
0 
0 
0 
2 52 121 
0 
0 
0 
0 
0 
0 
0 
0 
3 13 73 94 
2 22 123 
0 
0 
2 35 39 
0 
1 80 
0 
0 
1 26 
1 124 
0 
1 128 
1 79 
0 
0 
1 87 
0 
0 
0 
0 
1 18 
0 
0 
0 
1 48 
0 
0 
0 
0 
1 110 
1 61 
1 54 
0 
0 
1 116 
1 116 
0 
0 
1 64 
0 
1 28 
1 111 
0 
0 
0 
1 48 
1 97 
0 
1 95 
0 
2 28 29 
1 105 
2 17 106 
1 122 
0 
0 
1 100 
1 101 
0 
0 
1 122 
1 78 
1 90 
0 
0 
0 
0 
2 83 84 
0 
0 
0 
1 14 
1 39 
2 102 109 
2 7 49 
1 58 
0 
0 
0 
2 6 60 
0 
