580 165
1 327 
1 393 
0 
1 301 
1 483 
1 54 
1 354 
1 284 
1 255 
1 284 
0 
0 
0 
0 
0 
0 
0 
1 549 
0 
1 41 
0 
1 468 
2 379 424 
2 125 525 
1 192 
1 457 
0 
0 
0 
0 
1 231 
0 
1 397 
0 
1 526 
0 
0 
1 245 
0 
0 
0 
2 19 439 
0 
0 
0 
0 
3 54 468 546 
2 95 535 
1 316 
0 
1 65 
0 
0 
0 
2 5 46 
0 
1 471 
0 
1 412 
0 
0 
0 
0 
0 
1 347 
1 50 
3 67 212 235 
2 66 280 
0 
1 198 
0 
0 
1 490 
0 
1 153 
0 
0 
2 136 419 
0 
0 
0 
1 362 
1 176 
1 392 
0 
0 
0 
0 
1 130 
1 487 
0 
0 
0 
1 508 
0 
1 47 
1 149 
0 
0 
2 244 470 
1 535 
1 203 
0 
0 
1 438 
2 395 474 
1 111 
0 
1 177 
2 201 490 
2 299 532 
1 106 
0 
1 352 
0 
1 389 
0 
0 
1 123 
0 
0 
0 
0 
1 118 
0 
1 23 
1 251 
1 207 
2 270 275 
1 417 
1 88 
0 
0 
1 212 
0 
0 
1 77 
1 316 
1 414 
0 
0 
0 
1 403 
1 163 
1 195 
1 211 
0 
0 
0 
1 96 
1 176 
1 407 
1 577 
1 74 
0 
0 
0 
1 289 
0 
1 202 
0 
0 
1 269 
2 143 567 
1 207 
0 
0 
0 
0 
1 373 
0 
0 
1 262 
0 
1 527 
0 
2 82 150 
1 108 
0 
0 
0 
2 225 546 
0 
0 
0 
0 
1 403 
0 
0 
0 
0 
0 
1 24 
0 
0 
3 144 249 319 
0 
1 511 
1 69 
0 
1 510 
2 109 449 
1 159 
2 101 477 
1 475 
0 
0 
2 127 164 
0 
0 
0 
1 145 
3 66 133 538 
1 508 
0 
0 
0 
1 220 
1 470 
0 
1 217 
1 575 
1 236 
0 
0 
1 181 
0 
0 
0 
0 
1 472 
1 30 
0 
0 
0 
2 66 430 
1 222 
2 355 552 
0 
1 321 
0 
1 391 
0 
0 
1 99 
1 37 
0 
0 
0 
1 195 
0 
1 126 
0 
1 572 
0 
1 8 
0 
0 
0 
0 
0 
1 412 
1 172 
0 
1 400 
0 
0 
0 
1 396 
1 162 
1 128 
0 
0 
0 
0 
1 128 
0 
0 
0 
1 503 
1 67 
0 
0 
0 
3 7 9 561 
0 
0 
0 
0 
1 157 
0 
0 
0 
2 386 453 
0 
0 
0 
0 
0 
4 110 473 501 504 
1 401 
2 3 511 
0 
1 464 
0 
0 
0 
1 513 
0 
0 
3 312 315 538 
0 
1 310 
0 
0 
1 310 
3 48 137 556 
2 329 356 
0 
2 195 408 
1 436 
2 239 509 
0 
0 
0 
1 336 
1 399 
2 0 357 
0 
2 317 447 
0 
0 
0 
0 
2 452 578 
0 
2 325 403 
0 
0 
0 
0 
1 457 
0 
1 437 
0 
1 479 
2 427 539 
1 64 
1 364 
1 453 
0 
1 550 
1 113 
1 551 
1 6 
1 237 
1 317 
1 327 
1 490 
0 
0 
0 
1 81 
0 
1 348 
0 
0 
1 574 
1 472 
0 
0 
0 
0 
1 169 
0 
0 
0 
0 
0 
1 22 
0 
0 
0 
0 
0 
0 
2 293 469 
0 
0 
1 115 
0 
1 241 
1 83 
1 1 
0 
1 105 
1 268 
1 32 
0 
1 326 
1 264 
2 300 526 
0 
3 142 186 336 
0 
1 478 
0 
1 151 
1 319 
0 
0 
0 
2 58 261 
2 448 508 
1 138 
0 
0 
1 129 
0 
1 77 
0 
1 515 
0 
0 
1 22 
0 
0 
2 346 430 
0 
0 
2 235 427 
0 
0 
0 
0 
0 
2 320 500 
1 343 
1 104 
1 41 
0 
0 
0 
0 
0 
0 
0 
1 329 
1 413 
1 201 
0 
0 
1 334 
2 293 349 
0 
0 
0 
2 25 341 
0 
0 
0 
0 
0 
0 
1 303 
0 
0 
0 
2 21 46 
1 386 
2 99 218 
1 56 
2 230 368 
1 299 
1 105 
1 204 
0 
1 203 
1 405 
1 345 
0 
0 
0 
1 4 
1 577 
0 
0 
1 89 
0 
0 
3 72 109 358 
0 
0 
0 
0 
0 
0 
0 
0 
0 
1 436 
1 299 
0 
1 279 
1 299 
0 
0 
0 
4 93 213 413 545 
1 321 
1 200 
2 197 301 
1 567 
1 307 
1 573 
1 421 
0 
0 
0 
0 
0 
0 
0 
0 
0 
1 23 
2 34 401 
1 174 
0 
0 
0 
0 
1 110 
0 
0 
2 47 100 
0 
0 
2 212 310 
1 346 
0 
0 
0 
0 
0 
1 508 
2 46 181 
0 
0 
1 17 
1 351 
1 353 
1 237 
0 
0 
0 
1 316 
0 
0 
0 
0 
1 284 
0 
0 
0 
0 
0 
2 163 512 
0 
0 
0 
0 
1 253 
1 514 
1 367 
1 221 
0 
2 152 484 
1 334 
0 
580 144
0 
0 
1 558 
0 
1 215 
0 
0 
0 
0 
1 354 
0 
0 
0 
0 
1 520 
1 535 
0 
0 
0 
2 130 455 
0 
1 109 
0 
0 
0 
0 
2 134 294 
0 
0 
2 152 554 
0 
1 427 
0 
0 
1 514 
1 572 
0 
1 472 
0 
2 66 486 
1 490 
2 251 543 
1 350 
0 
1 539 
0 
0 
0 
1 89 
0 
0 
1 496 
2 250 549 
0 
0 
0 
0 
0 
0 
0 
0 
1 151 
0 
1 82 
1 109 
1 322 
2 39 161 
0 
1 124 
0 
0 
0 
0 
0 
1 570 
1 539 
0 
0 
0 
0 
1 500 
0 
1 63 
1 320 
0 
0 
2 294 536 
1 299 
0 
1 48 
0 
1 381 
0 
0 
1 571 
2 372 390 
0 
0 
0 
2 183 528 
0 
1 170 
1 300 
0 
1 205 
0 
2 141 209 
1 354 
0 
3 21 64 413 
0 
0 
1 455 
0 
0 
0 
1 117 
2 116 408 
0 
0 
1 196 
0 
0 
0 
1 68 
0 
0 
1 419 
1 309 
0 
1 19 
0 
0 
0 
1 26 
0 
0 
0 
2 249 298 
0 
0 
1 106 
0 
1 339 
0 
0 
1 453 
1 365 
2 285 325 
0 
0 
1 61 
1 29 
0 
0 
0 
0 
0 
1 424 
0 
0 
2 66 441 
0 
0 
1 336 
0 
0 
0 
0 
0 
2 101 313 
1 249 
0 
0 
1 208 
0 
0 
0 
1 287 
0 
0 
0 
0 
2 99 285 
1 568 
2 363 477 
0 
1 493 
0 
1 285 
1 256 
0 
0 
0 
0 
1 390 
2 120 389 
0 
1 563 
0 
0 
0 
0 
0 
0 
1 104 
0 
1 488 
1 174 
2 106 460 
0 
0 
1 531 
0 
1 298 
2 4 532 
0 
2 378 386 
0 
0 
0 
0 
0 
0 
1 443 
0 
0 
0 
1 384 
0 
1 475 
0 
0 
0 
0 
0 
1 370 
0 
0 
0 
0 
0 
1 457 
2 255 443 
0 
0 
0 
1 366 
0 
3 138 171 384 
1 52 
2 41 398 
0 
0 
0 
1 243 
2 190 331 
0 
1 381 
0 
0 
0 
0 
0 
1 536 
0 
0 
0 
0 
0 
0 
1 550 
0 
0 
2 335 458 
0 
0 
0 
0 
0 
1 290 
1 360 
0 
0 
1 467 
3 148 183 189 
0 
2 178 523 
1 470 
0 
1 280 
0 
0 
0 
3 26 86 399 
0 
0 
0 
2 138 214 
1 87 
1 102 
0 
0 
0 
1 387 
0 
1 355 
0 
0 
1 128 
1 491 
0 
1 350 
1 170 
0 
0 
1 365 
0 
0 
0 
1 83 
1 537 
1 65 
3 373 430 465 
0 
1 148 
0 
0 
0 
0 
0 
1 256 
0 
0 
0 
2 274 338 
1 164 
0 
1 335 
1 143 
0 
0 
1 518 
0 
0 
0 
1 406 
0 
0 
0 
2 42 312 
0 
1 427 
1 387 
3 9 107 562 
2 306 479 
0 
0 
0 
0 
1 281 
0 
0 
1 185 
0 
2 147 316 
1 247 
0 
0 
0 
1 236 
0 
1 95 
2 323 397 
0 
0 
0 
0 
1 217 
0 
0 
2 91 258 
0 
0 
2 228 249 
0 
1 217 
2 304 353 
0 
1 196 
2 95 195 
0 
0 
0 
0 
0 
0 
1 373 
1 251 
1 294 
2 436 563 
0 
0 
0 
0 
0 
1 346 
0 
1 117 
0 
0 
0 
0 
1 109 
0 
0 
0 
0 
1 501 
1 127 
0 
0 
1 486 
0 
1 158 
0 
0 
3 31 352 563 
0 
1 549 
1 323 
0 
0 
0 
0 
0 
1 400 
0 
0 
0 
0 
1 161 
0 
2 224 243 
0 
0 
0 
0 
1 515 
0 
0 
0 
0 
1 146 
1 576 
2 19 112 
0 
1 242 
1 274 
0 
1 209 
0 
0 
0 
1 487 
1 323 
0 
1 284 
0 
0 
2 288 536 
0 
1 37 
0 
0 
1 230 
0 
2 185 550 
0 
1 355 
0 
0 
0 
0 
0 
0 
2 39 422 
1 464 
1 207 
0 
2 40 565 
1 310 
0 
1 187 
0 
0 
1 51 
0 
1 510 
0 
1 80 
1 418 
0 
0 
0 
0 
0 
0 
0 
0 
1 498 
0 
0 
0 
1 34 
1 448 
1 538 
0 
1 342 
0 
1 14 
0 
0 
1 287 
0 
0 
0 
0 
1 99 
0 
0 
1 212 
1 215 
0 
0 
1 15 
3 86 264 470 
1 321 
2 516 550 
2 44 75 
0 
0 
0 
1 41 
0 
0 
0 
0 
0 
2 52 429 
3 271 477 538 
0 
0 
0 
1 29 
0 
0 
0 
1 2 
0 
0 
0 
1 354 
3 198 400 427 
0 
1 490 
0 
0 
1 184 
0 
1 74 
1 94 
1 35 
0 
0 
0 
1 454 
0 
0 
0 
