360 86
0 
0 
1 73 
1 342 
0 
1 340 
0 
1 234 
2 10 160 
0 
1 8 
1 152 
1 178 
1 106 
1 169 
1 60 
0 
0 
1 248 
0 
0 
1 353 
1 158 
1 87 
1 203 
0 
1 283 
0 
0 
1 230 
0 
0 
0 
0 
1 179 
0 
0 
1 177 
0 
1 274 
0 
1 88 
0 
0 
0 
1 356 
0 
0 
2 284 356 
0 
1 220 
0 
0 
0 
1 244 
0 
0 
0 
0 
1 84 
1 15 
0 
0 
0 
1 97 
0 
0 
2 194 333 
1 180 
0 
1 348 
0 
0 
1 2 
0 
0 
1 325 
1 192 
1 188 
1 339 
0 
0 
1 153 
0 
1 59 
0 
1 303 
1 23 
1 41 
1 279 
0 
0 
2 121 331 
0 
0 
0 
1 328 
1 64 
1 268 
0 
1 200 
1 217 
1 348 
0 
0 
0 
2 13 143 
1 122 
0 
0 
0 
0 
2 124 355 
0 
0 
0 
0 
0 
0 
0 
0 
1 92 
1 107 
0 
1 112 
0 
1 276 
0 
0 
0 
1 298 
0 
0 
1 145 
0 
0 
1 139 
1 328 
0 
1 136 
1 265 
0 
1 197 
1 106 
0 
1 133 
0 
0 
1 187 
2 151 205 
0 
1 149 
1 11 
1 82 
1 282 
2 217 283 
0 
1 172 
1 22 
1 163 
2 8 242 
0 
0 
1 159 
0 
1 217 
0 
0 
0 
1 14 
0 
0 
2 157 294 
0 
1 299 
0 
0 
1 37 
1 12 
1 34 
1 68 
0 
0 
0 
0 
1 188 
0 
1 148 
3 78 185 332 
0 
0 
0 
1 77 
0 
1 67 
0 
0 
1 142 
0 
0 
1 100 
0 
0 
1 24 
0 
1 149 
0 
0 
0 
1 255 
0 
0 
0 
1 325 
0 
0 
0 
3 101 155 165 
1 239 
0 
2 50 300 
0 
0 
0 
0 
0 
0 
0 
0 
0 
1 29 
2 281 320 
0 
0 
1 7 
0 
0 
0 
0 
1 218 
0 
0 
2 160 276 
0 
1 54 
0 
0 
0 
1 18 
0 
0 
0 
1 258 
0 
0 
1 209 
0 
0 
1 252 
0 
0 
0 
0 
0 
0 
2 140 337 
0 
0 
1 98 
0 
0 
0 
0 
0 
1 39 
0 
2 126 242 
0 
0 
1 89 
0 
1 231 
1 154 
3 26 155 354 
1 48 
0 
0 
0 
0 
0 
1 334 
0 
0 
1 333 
1 172 
0 
0 
0 
1 130 
1 174 
2 220 320 
0 
0 
1 86 
0 
0 
0 
0 
0 
0 
0 
0 
0 
0 
0 
0 
0 
0 
0 
0 
2 231 300 
0 
0 
0 
0 
2 76 213 
0 
0 
2 96 137 
0 
0 
1 92 
1 188 
2 67 293 
1 290 
0 
0 
1 265 
0 
1 79 
1 5 
1 348 
1 3 
0 
0 
0 
0 
0 
3 70 102 341 
0 
0 
0 
0 
1 21 
1 283 
1 112 
2 45 48 
0 
0 
0 
360 92
2 124 261 
0 
2 9 162 
0 
0 
2 279 334 
0 
0 
1 128 
2 2 342 
0 
0 
0 
0 
0 
0 
3 206 253 278 
0 
1 233 
2 318 348 
1 244 
1 308 
1 317 
1 52 
1 111 
0 
0 
2 70 279 
0 
0 
0 
0 
0 
0 
0 
0 
0 
0 
0 
1 306 
0 
0 
0 
0 
1 262 
0 
2 104 328 
1 298 
0 
1 246 
1 342 
1 144 
1 23 
0 
0 
0 
0 
0 
1 112 
0 
0 
0 
1 70 
0 
1 294 
0 
0 
1 161 
0 
1 280 
2 27 62 
0 
0 
0 
0 
0 
1 202 
0 
2 91 331 
0 
0 
0 
0 
0 
0 
0 
1 301 
2 151 336 
0 
0 
1 193 
3 78 204 299 
1 295 
1 278 
0 
0 
0 
1 98 
1 97 
0 
0 
0 
0 
2 249 253 
2 46 291 
1 122 
0 
0 
1 300 
0 
0 
2 24 197 
1 58 
1 229 
0 
0 
0 
0 
1 168 
0 
0 
1 207 
1 105 
0 
1 0 
0 
0 
1 212 
1 8 
0 
0 
0 
0 
0 
0 
0 
0 
1 175 
0 
1 182 
0 
0 
0 
0 
1 51 
0 
1 213 
0 
0 
0 
0 
1 87 
0 
0 
0 
0 
1 182 
0 
0 
1 182 
0 
1 67 
2 2 316 
1 197 
0 
0 
0 
0 
1 118 
0 
0 
0 
0 
1 176 
1 211 
1 137 
1 173 
0 
2 210 241 
0 
0 
1 283 
3 139 156 159 
0 
0 
0 
0 
1 256 
0 
0 
0 
0 
0 
1 90 
0 
0 
0 
2 111 163 
0 
0 
0 
0 
1 76 
1 214 
1 91 
0 
1 16 
1 121 
0 
0 
2 178 341 
1 174 
1 127 
1 146 
1 203 
0 
0 
0 
0 
0 
0 
0 
0 
0 
2 245 260 
0 
0 
2 268 301 
0 
1 113 
0 
0 
2 332 338 
2 18 311 
0 
0 
0 
1 334 
0 
0 
0 
1 178 
0 
0 
1 20 
1 224 
1 49 
0 
0 
2 103 349 
1 263 
0 
0 
2 16 103 
0 
1 273 
1 187 
0 
0 
0 
1 224 
1 0 
1 44 
1 250 
1 312 
0 
0 
0 
1 227 
0 
0 
0 
1 285 
2 255 298 
0 
0 
0 
0 
2 16 93 
2 5 27 
1 69 
0 
0 
1 181 
0 
1 272 
0 
0 
0 
0 
0 
1 104 
0 
0 
2 64 341 
2 92 348 
0 
0 
2 47 273 
1 91 
1 108 
2 86 227 
0 
0 
0 
1 322 
2 39 354 
0 
1 21 
0 
0 
1 233 
1 264 
0 
0 
0 
1 162 
2 22 347 
1 19 
0 
0 
0 
1 305 
0 
0 
0 
0 
0 
1 46 
0 
0 
1 78 
1 232 
1 358 
3 5 237 352 
0 
1 87 
0 
1 232 
0 
0 
2 210 294 
2 9 50 
0 
0 
0 
0 
1 317 
2 19 295 
1 249 
0 
0 
1 334 
0 
1 306 
0 
0 
0 
1 333 
0 
