820 186
0 
0 
0 
0 
1 666 
1 116 
0 
0 
0 
0 
0 
0 
1 686 
2 106 594 
0 
0 
0 
0 
0 
0 
2 310 606 
0 
1 51 
0 
0 
1 791 
0 
0 
0 
0 
0 
2 98 225 
0 
0 
0 
0 
1 356 
1 233 
1 157 
1 697 
0 
1 460 
2 71 799 
0 
0 
1 261 
0 
0 
0 
0 
0 
2 22 252 
0 
0 
0 
0 
0 
0 
0 
0 
0 
0 
0 
0 
2 643 660 
1 225 
2 137 496 
1 440 
0 
1 195 
1 799 
1 42 
1 700 
0 
0 
0 
1 637 
0 
1 480 
0 
0 
2 248 585 
0 
0 
0 
0 
0 
1 168 
0 
2 233 429 
0 
0 
2 214 246 
0 
0 
3 171 457 498 
1 530 
0 
1 31 
0 
1 711 
0 
0 
1 426 
0 
0 
1 13 
3 363 500 562 
0 
0 
0 
0 
0 
0 
0 
0 
1 5 
0 
0 
0 
1 700 
0 
0 
0 
0 
0 
0 
1 258 
0 
0 
2 263 400 
1 321 
0 
0 
0 
0 
1 642 
2 66 209 
0 
3 209 247 303 
0 
0 
1 630 
0 
0 
0 
0 
0 
1 177 
1 280 
1 646 
0 
0 
0 
3 301 508 537 
0 
0 
2 38 293 
0 
0 
0 
0 
2 565 785 
0 
0 
0 
0 
0 
1 87 
1 798 
0 
1 95 
0 
1 243 
0 
1 425 
1 801 
1 148 
0 
0 
1 670 
0 
1 235 
3 324 443 492 
1 652 
0 
0 
0 
0 
1 199 
0 
0 
0 
0 
0 
1 69 
3 631 706 730 
1 565 
0 
2 189 487 
0 
0 
0 
0 
0 
1 375 
0 
0 
0 
2 137 139 
1 319 
0 
0 
0 
1 92 
0 
0 
0 
0 
0 
0 
0 
0 
0 
0 
2 31 65 
0 
0 
0 
0 
0 
1 762 
0 
3 37 89 332 
1 439 
2 182 422 
0 
1 327 
1 517 
0 
2 668 738 
0 
0 
1 173 
0 
1 306 
1 92 
1 139 
2 81 365 
0 
0 
0 
1 51 
0 
1 464 
0 
0 
0 
1 127 
1 383 
0 
4 45 524 628 693 
0 
1 130 
1 764 
1 632 
0 
1 610 
0 
1 556 
1 783 
0 
0 
0 
1 376 
1 799 
0 
0 
0 
0 
2 149 732 
0 
0 
0 
0 
0 
0 
0 
0 
0 
0 
0 
0 
2 157 800 
0 
0 
1 739 
0 
1 608 
0 
1 313 
1 154 
1 448 
2 139 649 
0 
0 
2 245 800 
0 
0 
0 
1 20 
0 
0 
2 300 666 
0 
1 469 
2 666 818 
1 378 
0 
1 210 
0 
1 131 
0 
0 
1 183 
0 
0 
1 237 
0 
0 
1 638 
0 
1 233 
1 499 
0 
1 444 
0 
0 
0 
1 531 
0 
0 
0 
0 
0 
0 
0 
0 
0 
1 468 
1 639 
0 
1 579 
0 
0 
0 
2 36 508 
0 
0 
0 
0 
1 506 
0 
1 107 
0 
2 248 583 
0 
0 
0 
0 
0 
0 
2 392 657 
0 
0 
1 205 
1 274 
1 448 
1 317 
0 
1 792 
0 
1 695 
2 259 705 
0 
1 669 
0 
0 
0 
0 
0 
0 
3 372 675 817 
0 
0 
0 
0 
0 
0 
0 
1 130 
0 
0 
0 
0 
1 617 
0 
0 
0 
1 695 
0 
0 
1 598 
0 
0 
0 
0 
0 
0 
0 
0 
0 
1 235 
0 
0 
1 175 
1 103 
1 479 
0 
1 89 
1 656 
1 636 
0 
0 
0 
0 
0 
0 
1 450 
1 234 
1 67 
0 
0 
1 183 
1 335 
0 
0 
0 
2 302 377 
0 
1 438 
0 
0 
0 
0 
1 817 
1 785 
1 95 
0 
0 
1 41 
1 650 
0 
0 
2 254 781 
0 
0 
0 
1 349 
1 315 
2 484 792 
1 749 
0 
0 
1 631 
0 
0 
0 
0 
1 427 
3 78 594 742 
0 
0 
0 
1 470 
0 
2 505 538 
1 199 
0 
0 
0 
0 
1 183 
0 
0 
0 
2 66 549 
0 
2 95 740 
1 333 
1 107 
0 
0 
0 
0 
1 486 
1 361 
0 
2 154 356 
0 
1 556 
0 
1 808 
0 
1 819 
0 
0 
1 238 
0 
0 
0 
0 
0 
1 585 
1 261 
1 700 
0 
0 
1 788 
0 
1 96 
1 339 
0 
0 
0 
0 
0 
1 154 
2 486 723 
0 
0 
0 
0 
0 
0 
0 
0 
0 
1 681 
1 496 
0 
0 
0 
0 
0 
0 
3 269 510 807 
0 
1 581 
0 
0 
0 
1 107 
0 
0 
2 162 197 
0 
0 
0 
1 646 
0 
0 
0 
0 
0 
0 
0 
0 
0 
1 352 
0 
1 558 
1 674 
1 365 
0 
2 81 523 
0 
0 
0 
0 
0 
0 
0 
0 
2 13 480 
0 
1 648 
2 609 633 
1 412 
0 
0 
0 
1 757 
0 
0 
0 
1 20 
0 
1 298 
1 597 
1 267 
0 
0 
0 
0 
0 
0 
1 405 
0 
0 
0 
0 
0 
0 
0 
0 
0 
0 
1 261 
0 
1 142 
2 196 474 
2 265 651 
1 597 
0 
0 
1 431 
1 76 
1 330 
1 350 
0 
0 
1 136 
1 64 
0 
0 
2 150 569 
0 
1 596 
1 303 
1 461 
1 632 
1 184 
0 
0 
0 
1 430 
1 372 
0 
0 
1 64 
0 
0 
0 
0 
0 
3 4 313 316 
0 
1 240 
1 385 
1 180 
0 
0 
0 
2 582 733 
1 392 
0 
0 
0 
0 
0 
1 548 
0 
0 
0 
0 
1 12 
0 
0 
0 
0 
0 
0 
1 261 
0 
3 382 409 798 
0 
1 39 
0 
0 
3 72 120 525 
1 770 
0 
0 
1 794 
1 383 
1 196 
0 
0 
0 
0 
1 100 
0 
0 
0 
0 
0 
0 
0 
0 
0 
1 756 
1 793 
1 538 
0 
0 
0 
0 
0 
0 
1 196 
1 794 
1 280 
1 674 
0 
0 
0 
0 
1 240 
2 296 780 
1 498 
0 
1 480 
0 
0 
0 
0 
0 
0 
1 471 
0 
0 
0 
0 
0 
0 
1 721 
1 602 
0 
0 
0 
0 
1 231 
0 
1 264 
0 
0 
0 
0 
0 
1 701 
0 
0 
0 
0 
0 
0 
0 
0 
0 
1 739 
1 464 
1 786 
1 270 
0 
2 162 456 
1 782 
0 
1 528 
0 
0 
1 25 
2 380 470 
1 722 
2 704 731 
0 
0 
0 
2 169 695 
3 42 70 275 
2 293 306 
1 176 
0 
0 
0 
0 
0 
1 556 
1 512 
0 
0 
0 
0 
0 
0 
0 
0 
2 392 455 
1 316 
1 514 
820 209
0 
1 698 
0 
1 673 
0 
1 617 
0 
0 
0 
0 
0 
0 
0 
1 333 
0 
0 
1 761 
0 
2 281 611 
0 
1 343 
1 397 
1 470 
0 
0 
0 
1 89 
0 
0 
0 
1 524 
2 297 754 
1 496 
1 790 
0 
0 
1 398 
1 783 
0 
1 589 
0 
1 382 
1 528 
0 
2 154 266 
0 
0 
0 
0 
0 
0 
3 119 286 311 
0 
0 
1 653 
1 99 
1 109 
0 
0 
0 
1 469 
1 102 
0 
0 
0 
0 
2 221 294 
0 
0 
0 
1 766 
0 
1 143 
2 604 668 
0 
1 284 
0 
1 779 
1 311 
0 
0 
0 
0 
0 
0 
1 312 
1 653 
0 
0 
1 26 
0 
1 797 
1 220 
0 
0 
0 
0 
0 
0 
1 55 
0 
0 
1 61 
0 
1 278 
0 
2 181 809 
1 187 
0 
2 56 225 
0 
0 
1 144 
1 700 
0 
0 
1 630 
0 
0 
1 51 
0 
0 
0 
0 
0 
0 
0 
0 
0 
0 
1 441 
0 
0 
0 
0 
0 
1 352 
0 
0 
1 757 
0 
1 763 
0 
2 72 164 
1 112 
1 429 
1 788 
0 
0 
0 
1 372 
1 799 
1 423 
1 689 
1 44 
0 
0 
1 367 
0 
0 
0 
0 
1 690 
0 
1 143 
0 
0 
0 
1 464 
1 201 
0 
2 222 226 
0 
0 
0 
0 
2 635 637 
0 
0 
1 651 
0 
1 106 
0 
2 343 656 
0 
1 566 
1 603 
1 107 
0 
0 
0 
0 
0 
0 
0 
1 247 
0 
0 
0 
0 
3 495 566 596 
1 169 
1 324 
0 
0 
0 
0 
0 
0 
1 799 
0 
0 
0 
0 
0 
0 
0 
0 
1 344 
1 795 
1 92 
2 66 632 
2 171 274 
1 270 
0 
1 109 
1 171 
0 
0 
0 
0 
0 
1 251 
1 331 
0 
0 
1 558 
1 794 
2 590 678 
0 
0 
0 
0 
1 261 
0 
1 767 
1 365 
1 195 
0 
0 
0 
2 232 699 
0 
0 
1 370 
1 606 
0 
1 408 
0 
0 
1 506 
1 243 
0 
1 601 
0 
1 749 
1 44 
1 291 
0 
1 693 
1 223 
1 628 
0 
0 
2 222 439 
0 
1 479 
1 817 
1 104 
0 
0 
1 18 
0 
0 
1 75 
0 
1 51 
0 
0 
0 
0 
1 267 
0 
0 
1 66 
1 567 
0 
1 31 
0 
0 
0 
1 811 
0 
1 467 
2 484 595 
0 
1 722 
0 
1 419 
0 
0 
2 51 78 
3 85 418 706 
0 
1 461 
1 760 
0 
0 
1 804 
0 
1 463 
0 
1 750 
1 780 
2 202 765 
2 353 811 
1 418 
1 671 
1 343 
0 
0 
1 233 
0 
1 13 
0 
0 
0 
0 
0 
0 
1 569 
0 
0 
4 20 183 328 725 
2 218 616 
0 
0 
0 
0 
0 
0 
0 
1 136 
1 325 
0 
1 388 
0 
0 
0 
1 543 
2 543 682 
0 
0 
0 
0 
1 246 
0 
2 157 759 
0 
0 
3 254 404 572 
0 
3 150 373 465 
1 372 
0 
1 558 
0 
0 
0 
0 
1 676 
0 
2 41 767 
0 
1 423 
0 
0 
0 
1 355 
0 
1 511 
1 421 
0 
0 
1 441 
0 
0 
1 21 
2 36 414 
1 692 
0 
2 524 664 
1 441 
0 
2 370 449 
0 
0 
0 
1 257 
0 
0 
0 
1 490 
1 428 
2 398 539 
1 739 
0 
1 808 
2 312 326 
1 308 
0 
1 391 
0 
2 152 384 
0 
0 
0 
0 
1 413 
1 145 
0 
0 
1 658 
0 
0 
1 717 
0 
0 
0 
1 274 
0 
3 130 394 402 
1 550 
0 
0 
0 
1 634 
1 577 
0 
2 404 586 
1 741 
0 
0 
0 
0 
1 782 
0 
1 721 
0 
0 
0 
1 314 
0 
1 320 
2 168 493 
1 372 
0 
1 303 
0 
2 60 571 
1 22 
0 
1 765 
0 
0 
0 
0 
1 808 
0 
1 276 
0 
1 711 
0 
1 594 
1 304 
0 
0 
0 
0 
1 555 
1 412 
0 
0 
1 464 
0 
2 200 746 
1 32 
0 
0 
0 
0 
0 
0 
0 
0 
0 
1 260 
0 
1 530 
0 
0 
1 390 
0 
0 
0 
0 
0 
0 
1 816 
0 
1 560 
0 
0 
0 
2 30 401 
1 564 
0 
0 
1 42 
0 
2 508 579 
0 
0 
0 
0 
0 
0 
0 
1 750 
1 414 
0 
0 
0 
2 359 360 
0 
0 
1 654 
0 
0 
0 
1 442 
0 
0 
0 
0 
1 489 
0 
1 722 
2 236 375 
0 
1 520 
0 
0 
0 
1 525 
0 
2 185 200 
1 295 
0 
2 340 739 
0 
1 469 
1 370 
0 
1 582 
0 
0 
1 447 
1 692 
1 530 
0 
0 
1 574 
0 
1 637 
0 
1 449 
0 
0 
1 39 
2 238 768 
0 
0 
2 643 766 
3 483 673 819 
2 304 754 
1 200 
0 
0 
0 
1 765 
1 263 
0 
3 186 619 666 
1 73 
0 
1 255 
0 
0 
0 
0 
1 18 
0 
0 
0 
0 
1 344 
1 5 
1 679 
1 603 
1 660 
1 644 
0 
0 
0 
0 
0 
0 
1 271 
0 
1 116 
0 
1 221 
1 813 
2 446 650 
1 176 
0 
2 176 584 
0 
0 
0 
0 
0 
1 593 
1 621 
0 
0 
0 
0 
0 
1 634 
1 179 
0 
2 54 86 
1 546 
0 
1 183 
0 
1 432 
0 
1 620 
0 
0 
0 
1 401 
0 
1 603 
0 
1 73 
0 
0 
1 327 
0 
3 3 594 703 
0 
0 
1 380 
0 
1 238 
1 618 
0 
0 
1 360 
0 
0 
0 
0 
0 
0 
1 153 
1 162 
0 
2 399 578 
1 269 
0 
0 
0 
0 
1 1 
2 251 759 
1 113 
0 
0 
1 673 
0 
1 745 
1 312 
0 
0 
0 
0 
1 481 
0 
0 
0 
1 816 
0 
1 435 
0 
0 
0 
1 457 
2 306 557 
0 
0 
1 343 
0 
0 
0 
0 
0 
0 
0 
0 
0 
0 
0 
1 751 
0 
2 415 569 
0 
1 450 
0 
0 
0 
1 705 
1 495 
0 
0 
1 265 
2 322 538 
1 737 
0 
0 
2 31 595 
0 
0 
1 139 
0 
2 367 699 
1 315 
1 16 
0 
1 141 
0 
3 324 472 600 
2 70 593 
2 245 382 
1 590 
0 
0 
0 
0 
0 
0 
0 
0 
0 
0 
1 77 
1 323 
0 
1 455 
1 37 
0 
0 
0 
0 
1 146 
0 
1 33 
0 
0 
0 
1 237 
1 219 
0 
2 91 811 
0 
2 151 209 
0 
0 
0 
0 
1 318 
0 
0 
0 
2 417 477 
1 106 
0 
3 301 325 797 
0 
1 633 
0 
0 
2 518 715 
1 277 
0 
1 594 
