390 98
0 
0 
1 13 
1 252 
0 
1 190 
0 
3 24 151 301 
0 
0 
1 200 
1 195 
1 92 
3 2 124 359 
0 
0 
0 
1 79 
0 
0 
2 91 233 
1 130 
0 
0 
2 7 230 
0 
0 
1 81 
0 
0 
0 
1 227 
0 
0 
1 126 
0 
1 157 
1 256 
0 
0 
0 
1 388 
0 
0 
2 214 286 
0 
1 82 
0 
0 
1 309 
0 
0 
0 
1 309 
0 
0 
0 
0 
1 142 
0 
0 
2 131 270 
1 81 
0 
1 177 
0 
0 
0 
0 
1 257 
2 87 364 
0 
1 160 
0 
1 177 
0 
0 
0 
1 175 
1 17 
1 345 
2 27 62 
2 46 376 
1 280 
0 
0 
0 
2 70 121 
1 283 
0 
1 135 
2 20 112 
2 12 203 
0 
0 
1 131 
0 
0 
0 
0 
2 154 385 
0 
0 
0 
0 
0 
0 
0 
0 
0 
0 
0 
2 91 269 
0 
0 
1 388 
0 
0 
0 
0 
1 227 
2 87 370 
0 
0 
2 13 169 
0 
1 34 
0 
0 
0 
2 21 238 
4 61 95 154 208 
0 
0 
0 
2 90 298 
2 184 250 
1 292 
0 
0 
1 212 
0 
1 58 
0 
1 181 
0 
0 
0 
0 
1 378 
0 
2 7 277 
0 
0 
2 100 131 
0 
0 
1 36 
0 
1 267 
1 72 
0 
1 243 
0 
0 
0 
0 
0 
0 
1 124 
0 
0 
0 
0 
0 
1 78 
0 
3 64 74 241 
0 
0 
1 271 
1 144 
0 
1 279 
1 136 
1 210 
0 
0 
0 
0 
1 5 
0 
2 254 293 
0 
0 
1 11 
0 
0 
0 
1 240 
1 10 
0 
0 
1 92 
0 
1 218 
0 
0 
1 131 
0 
1 185 
0 
1 140 
0 
1 44 
0 
0 
0 
1 205 
0 
0 
1 327 
0 
0 
1 313 
1 349 
0 
2 31 120 
1 284 
0 
1 24 
0 
0 
1 20 
0 
0 
0 
0 
2 130 315 
0 
2 199 304 
2 177 293 
0 
1 162 
0 
1 327 
0 
0 
0 
0 
1 136 
0 
1 3 
0 
2 192 258 
0 
1 37 
1 69 
1 254 
0 
0 
0 
0 
0 
0 
1 308 
0 
1 159 
0 
1 112 
1 61 
1 180 
0 
0 
0 
0 
0 
1 151 
0 
1 183 
1 83 
0 
0 
1 88 
1 228 
2 324 371 
2 44 293 
0 
0 
0 
0 
0 
2 137 334 
3 192 241 286 
0 
0 
1 381 
1 319 
1 135 
1 373 
0 
1 7 
0 
0 
2 240 340 
0 
0 
0 
2 265 356 
3 49 53 347 
0 
0 
0 
1 224 
1 356 
1 238 
0 
0 
0 
1 297 
0 
0 
0 
0 
1 285 
0 
0 
2 221 245 
1 369 
0 
0 
0 
1 344 
0 
1 292 
0 
0 
0 
0 
0 
1 304 
0 
0 
0 
1 332 
1 80 
0 
1 309 
0 
1 225 
0 
0 
0 
0 
0 
0 
2 308 314 
0 
0 
1 13 
0 
0 
0 
0 
1 70 
0 
0 
0 
0 
1 328 
1 121 
1 285 
0 
1 299 
0 
0 
1 82 
0 
1 149 
0 
0 
1 296 
0 
0 
0 
1 100 
0 
0 
2 41 115 
0 
390 107
0 
0 
0 
0 
0 
1 362 
0 
0 
0 
1 377 
0 
2 89 313 
1 218 
0 
1 36 
2 67 177 
0 
0 
0 
0 
0 
1 50 
0 
0 
1 104 
0 
1 192 
0 
1 215 
0 
1 196 
0 
0 
0 
0 
1 340 
1 14 
2 87 327 
0 
0 
0 
0 
0 
0 
3 73 195 380 
0 
1 360 
1 297 
2 51 314 
1 223 
1 21 
1 48 
1 83 
0 
0 
0 
0 
1 119 
2 81 166 
0 
0 
1 113 
0 
1 104 
1 304 
0 
0 
1 15 
1 168 
0 
1 285 
0 
0 
1 44 
0 
1 117 
0 
0 
0 
0 
0 
1 58 
1 175 
2 52 317 
0 
0 
0 
1 37 
1 345 
1 11 
0 
0 
0 
0 
0 
1 310 
0 
1 328 
0 
0 
2 186 263 
0 
0 
0 
2 24 63 
0 
0 
2 152 372 
0 
0 
2 261 292 
0 
1 316 
1 61 
0 
0 
1 238 
1 75 
0 
1 57 
0 
0 
0 
0 
0 
0 
1 137 
0 
0 
0 
1 286 
0 
0 
0 
0 
0 
0 
2 126 386 
1 150 
2 307 340 
0 
0 
2 272 278 
0 
0 
1 159 
0 
0 
0 
0 
3 138 355 378 
0 
1 107 
1 207 
0 
0 
0 
1 203 
0 
1 145 
2 210 309 
0 
0 
0 
0 
0 
1 58 
1 352 
2 68 202 
0 
1 322 
1 189 
0 
0 
0 
2 82 384 
1 190 
1 15 
0 
1 226 
0 
1 375 
0 
0 
0 
1 274 
1 100 
0 
0 
2 171 318 
2 176 292 
0 
1 26 
0 
0 
1 44 
2 30 311 
1 223 
0 
0 
0 
0 
1 168 
1 157 
0 
0 
1 240 
1 153 
1 326 
0 
1 160 
0 
1 352 
0 
0 
1 28 
0 
1 240 
1 12 
0 
0 
0 
0 
2 49 197 
0 
0 
1 179 
0 
1 358 
0 
0 
1 260 
0 
0 
0 
0 
0 
3 250 254 323 
3 116 304 376 
0 
2 206 217 
0 
0 
0 
0 
0 
0 
0 
0 
0 
1 237 
0 
0 
0 
1 237 
0 
0 
0 
0 
0 
2 231 374 
1 110 
0 
1 100 
1 317 
0 
2 303 357 
1 349 
0 
0 
0 
1 330 
2 142 342 
1 307 
2 185 332 
0 
0 
0 
1 142 
0 
0 
0 
0 
0 
0 
1 70 
1 130 
1 343 
0 
0 
0 
0 
2 110 190 
0 
0 
0 
0 
3 47 346 379 
0 
0 
0 
0 
1 384 
2 266 327 
3 64 238 318 
0 
0 
2 139 273 
0 
1 160 
1 95 
1 196 
0 
1 11 
1 48 
0 
2 112 333 
2 83 264 
2 189 304 
0 
0 
0 
1 170 
2 237 357 
0 
0 
1 208 
2 37 303 
1 97 
0 
1 271 
0 
1 274 
1 316 
0 
1 366 
0 
0 
0 
0 
3 35 139 342 
0 
2 272 340 
1 287 
0 
1 88 
1 297 
0 
0 
1 267 
0 
0 
2 167 212 
0 
0 
1 150 
0 
2 266 323 
2 228 359 
1 358 
1 46 
0 
1 5 
1 371 
0 
0 
1 335 
0 
0 
0 
0 
1 363 
1 107 
0 
1 260 
1 181 
1 238 
1 9 
1 150 
1 297 
1 44 
0 
0 
0 
2 175 302 
0 
1 137 
0 
0 
0 
