400 95
0 
1 390 
0 
1 222 
0 
1 140 
1 346 
2 81 231 
0 
0 
1 100 
2 85 359 
0 
1 229 
0 
0 
1 291 
0 
0 
1 270 
2 33 298 
0 
0 
1 365 
0 
0 
1 183 
0 
0 
0 
0 
0 
0 
2 20 151 
0 
1 160 
1 248 
0 
0 
0 
1 336 
0 
0 
2 129 201 
1 329 
0 
0 
0 
1 169 
0 
0 
0 
1 125 
0 
0 
0 
1 245 
0 
0 
2 198 337 
1 136 
0 
1 208 
0 
0 
0 
0 
1 228 
1 323 
0 
0 
0 
1 88 
0 
0 
1 361 
0 
0 
1 184 
0 
1 191 
2 7 83 
0 
1 81 
1 190 
2 11 339 
0 
1 165 
2 72 129 
1 207 
0 
0 
1 96 
0 
0 
0 
2 92 356 
1 285 
0 
0 
1 10 
0 
0 
0 
0 
0 
0 
0 
1 303 
0 
0 
1 380 
0 
0 
0 
0 
1 149 
1 278 
0 
1 314 
0 
0 
0 
0 
0 
2 52 293 
2 194 248 
0 
0 
2 43 88 
1 278 
2 149 215 
1 242 
0 
1 381 
0 
1 60 
0 
1 286 
0 
1 5 
0 
0 
0 
1 148 
1 270 
0 
0 
1 144 
2 116 131 
0 
1 33 
1 378 
0 
0 
1 303 
0 
0 
0 
0 
1 35 
0 
0 
0 
0 
1 87 
0 
0 
0 
2 48 275 
0 
0 
1 251 
0 
0 
1 205 
1 322 
0 
0 
0 
0 
0 
0 
3 26 233 272 
1 78 
0 
0 
0 
0 
1 295 
1 84 
1 80 
0 
0 
2 126 357 
0 
0 
0 
1 59 
0 
0 
1 43 
0 
0 
0 
1 175 
0 
1 89 
1 62 
1 319 
0 
0 
1 239 
1 253 
0 
2 131 305 
0 
0 
0 
0 
0 
0 
1 3 
0 
1 280 
1 394 
1 358 
0 
1 67 
1 13 
1 292 
1 7 
0 
1 183 
0 
0 
0 
1 319 
0 
1 212 
0 
0 
1 132 
0 
0 
1 56 
0 
0 
2 36 126 
0 
0 
1 172 
0 
1 213 
0 
0 
0 
0 
0 
0 
0 
0 
2 349 396 
1 285 
0 
0 
0 
1 389 
0 
0 
2 19 145 
2 296 326 
1 183 
1 308 
0 
1 169 
1 338 
0 
2 117 130 
2 321 392 
1 224 
0 
0 
1 316 
0 
2 97 263 
1 138 
0 
0 
0 
0 
2 16 382 
1 230 
2 125 378 
0 
1 189 
1 271 
0 
1 20 
0 
0 
0 
0 
2 108 155 
0 
1 215 
0 
0 
1 273 
0 
0 
0 
0 
0 
1 119 
0 
1 283 
0 
0 
2 209 237 
0 
1 279 
1 176 
1 68 
0 
0 
1 271 
0 
0 
1 44 
0 
0 
0 
0 
0 
0 
1 40 
1 59 
1 276 
1 85 
0 
1 399 
0 
0 
0 
0 
1 6 
0 
0 
1 262 
0 
0 
0 
0 
0 
0 
1 96 
1 194 
1 226 
1 11 
0 
1 75 
0 
0 
0 
1 23 
0 
0 
0 
0 
0 
0 
0 
0 
0 
0 
0 
0 
2 152 293 
0 
1 111 
1 134 
1 291 
0 
1 392 
0 
0 
0 
0 
1 267 
1 1 
0 
2 279 384 
0 
1 225 
0 
1 262 
0 
0 
1 341 
400 110
1 357 
1 183 
1 68 
1 241 
2 251 361 
0 
0 
0 
0 
0 
0 
0 
0 
1 99 
0 
1 145 
0 
1 126 
0 
1 65 
0 
0 
0 
0 
1 104 
1 182 
1 49 
0 
0 
0 
0 
1 381 
2 136 321 
0 
1 257 
2 172 267 
1 167 
1 54 
0 
1 207 
0 
0 
0 
0 
1 128 
2 67 152 
0 
1 381 
0 
2 26 324 
0 
1 152 
0 
0 
2 37 268 
0 
1 337 
0 
0 
0 
1 387 
0 
0 
0 
0 
1 19 
0 
2 45 270 
2 2 387 
0 
0 
0 
0 
1 290 
0 
0 
0 
0 
0 
1 399 
0 
1 365 
0 
0 
2 145 222 
0 
0 
0 
0 
0 
1 237 
1 149 
0 
2 265 296 
0 
1 266 
0 
0 
1 380 
1 13 
0 
0 
0 
0 
1 24 
0 
0 
1 290 
0 
0 
0 
0 
0 
0 
0 
0 
0 
0 
2 220 235 
2 362 395 
0 
0 
2 237 243 
0 
1 308 
0 
1 17 
0 
1 44 
2 349 372 
0 
1 375 
0 
0 
0 
1 243 
1 32 
0 
2 154 253 
0 
0 
0 
0 
0 
2 326 397 
2 15 84 
0 
2 197 282 
0 
1 91 
0 
2 341 360 
2 45 51 
0 
2 138 291 
0 
1 370 
0 
0 
1 368 
0 
0 
0 
1 268 
1 206 
0 
0 
1 36 
0 
2 238 342 
0 
0 
1 35 
0 
0 
0 
0 
1 238 
0 
1 246 
0 
0 
2 25 332 
1 1 
0 
0 
1 232 
0 
0 
0 
0 
0 
0 
0 
0 
1 304 
0 
2 147 278 
0 
0 
0 
1 397 
2 204 273 
2 209 281 
1 202 
0 
1 164 
1 39 
0 
1 203 
0 
0 
0 
0 
0 
0 
0 
0 
0 
1 348 
1 118 
0 
2 84 263 
2 320 374 
1 313 
0 
0 
2 253 382 
1 292 
1 262 
0 
0 
1 186 
0 
0 
1 118 
0 
3 90 122 353 
2 169 177 
0 
0 
1 3 
0 
3 122 135 370 
1 248 
0 
2 179 391 
1 344 
1 244 
0 
0 
1 4 
0 
2 138 227 
1 265 
0 
0 
2 34 343 
0 
0 
0 
0 
2 229 371 
1 222 
1 331 
2 93 254 
1 95 
1 35 
2 54 163 
1 399 
1 67 
1 294 
0 
1 202 
0 
0 
0 
0 
1 197 
0 
0 
1 203 
1 147 
0 
1 302 
0 
0 
1 359 
0 
0 
2 73 107 
2 154 342 
1 228 
1 341 
1 271 
0 
1 93 
0 
0 
0 
0 
0 
1 284 
0 
2 195 307 
0 
0 
1 304 
1 124 
0 
0 
0 
1 371 
1 224 
0 
0 
0 
0 
0 
0 
1 223 
1 32 
0 
0 
1 49 
0 
1 144 
0 
0 
0 
0 
1 264 
1 182 
0 
0 
0 
0 
1 56 
0 
1 383 
0 
2 151 293 
3 169 291 350 
1 257 
1 247 
0 
0 
0 
1 219 
1 129 
1 342 
0 
0 
1 237 
0 
0 
0 
1 0 
0 
1 287 
1 151 
1 4 
1 119 
0 
0 
1 81 
0 
0 
1 159 
0 
2 156 243 
2 262 312 
1 129 
0 
1 223 
1 131 
0 
0 
0 
0 
1 98 
2 31 47 
1 227 
1 339 
0 
0 
0 
2 60 68 
0 
0 
0 
1 246 
0 
0 
0 
1 119 
0 
2 144 201 
0 
2 79 269 
