500 134
1 327 
1 473 
0 
0 
1 46 
2 309 454 
0 
1 342 
2 353 362 
1 405 
0 
1 27 
1 87 
0 
0 
0 
0 
0 
0 
0 
1 469 
1 431 
1 127 
0 
0 
1 246 
2 241 286 
3 11 71 471 
1 222 
0 
1 102 
1 305 
0 
0 
0 
1 301 
0 
0 
4 176 211 401 482 
0 
1 477 
0 
0 
1 454 
0 
0 
1 4 
0 
0 
1 91 
0 
0 
0 
0 
1 146 
3 116 194 275 
1 272 
1 142 
0 
1 69 
0 
1 450 
0 
0 
0 
0 
1 287 
1 144 
0 
2 59 267 
0 
2 27 469 
0 
0 
1 306 
0 
1 325 
0 
3 229 374 397 
0 
1 115 
0 
1 219 
0 
0 
0 
1 377 
1 12 
1 228 
0 
0 
2 49 493 
1 369 
0 
0 
0 
0 
1 290 
1 200 
0 
1 113 
0 
1 30 
0 
0 
1 336 
0 
1 398 
0 
0 
0 
0 
2 397 424 
1 100 
0 
2 80 362 
1 55 
0 
0 
1 374 
1 221 
1 387 
1 156 
0 
0 
0 
1 321 
3 22 380 459 
1 198 
0 
1 468 
0 
1 227 
2 150 428 
1 296 
0 
0 
1 428 
0 
0 
1 314 
1 220 
1 57 
1 363 
1 67 
0 
1 54 
0 
0 
0 
1 133 
0 
0 
0 
1 293 
1 357 
1 122 
2 186 191 
1 442 
0 
0 
0 
0 
1 337 
0 
0 
0 
0 
0 
1 220 
1 430 
0 
0 
0 
0 
0 
3 38 220 416 
0 
2 240 443 
1 370 
0 
0 
0 
0 
0 
0 
2 157 278 
0 
1 314 
0 
1 292 
1 157 
1 352 
0 
1 55 
0 
1 291 
0 
2 128 442 
0 
1 98 
0 
0 
1 273 
0 
2 398 453 
0 
0 
0 
0 
0 
1 38 
0 
1 363 
0 
0 
0 
1 342 
0 
1 82 
3 141 169 176 
2 120 300 
1 28 
0 
0 
0 
0 
1 132 
1 88 
1 78 
1 348 
1 401 
0 
0 
0 
0 
0 
0 
1 385 
0 
1 178 
1 26 
0 
0 
0 
0 
1 25 
0 
1 447 
0 
0 
2 421 491 
0 
0 
0 
1 466 
0 
0 
0 
0 
1 400 
1 479 
0 
0 
0 
1 318 
1 458 
1 69 
0 
0 
0 
0 
1 56 
1 203 
1 369 
1 55 
0 
0 
1 186 
0 
1 328 
1 446 
0 
0 
0 
0 
1 26 
2 66 325 
0 
0 
2 97 306 
1 196 
1 190 
1 154 
0 
2 458 476 
1 134 
0 
0 
0 
1 221 
1 35 
0 
0 
0 
1 31 
2 74 290 
0 
0 
1 5 
0 
1 404 
0 
0 
2 140 188 
0 
0 
0 
1 265 
0 
1 445 
1 126 
0 
0 
1 349 
3 76 287 372 
0 
2 0 477 
1 280 
0 
0 
0 
1 379 
0 
0 
0 
1 105 
1 163 
0 
0 
0 
1 350 
2 7 217 
0 
0 
0 
0 
0 
1 230 
1 324 
1 341 
0 
1 192 
1 8 
0 
0 
0 
1 155 
0 
1 407 
0 
0 
2 8 115 
2 143 213 
0 
0 
0 
0 
0 
2 92 274 
1 179 
0 
1 325 
0 
2 78 119 
0 
0 
2 86 470 
0 
1 332 
1 127 
0 
0 
0 
0 
2 238 466 
0 
1 121 
0 
0 
0 
0 
0 
0 
0 
0 
0 
3 78 112 422 
2 107 205 
0 
1 260 
2 38 231 
0 
0 
1 311 
1 9 
0 
1 359 
0 
0 
0 
0 
0 
0 
0 
0 
1 176 
0 
0 
0 
0 
1 251 
1 397 
0 
1 112 
0 
0 
0 
2 133 137 
0 
1 170 
1 21 
0 
0 
0 
0 
0 
0 
0 
0 
1 444 
0 
2 158 198 
1 178 
1 440 
1 320 
1 281 
1 248 
0 
0 
1 61 
0 
0 
1 205 
2 5 43 
0 
0 
0 
2 266 295 
1 127 
0 
0 
0 
0 
0 
0 
2 255 385 
0 
1 130 
2 20 71 
1 377 
1 27 
0 
1 1 
0 
0 
1 295 
2 40 327 
1 486 
1 261 
0 
0 
1 38 
0 
0 
0 
1 478 
0 
0 
0 
0 
1 251 
0 
1 91 
0 
0 
0 
0 
0 
0 
500 132
0 
0 
0 
1 209 
2 226 293 
0 
0 
0 
4 38 66 69 245 
1 143 
1 160 
0 
1 328 
2 451 454 
1 192 
1 369 
0 
4 341 354 389 416 
0 
2 28 315 
2 167 179 
0 
3 47 61 377 
1 111 
1 227 
0 
0 
3 48 174 486 
1 19 
0 
1 330 
1 315 
1 359 
3 74 186 474 
1 328 
1 418 
1 409 
0 
1 8 
1 80 
0 
0 
0 
2 278 387 
0 
0 
0 
1 22 
1 27 
0 
0 
1 399 
0 
0 
0 
0 
0 
0 
1 123 
1 337 
0 
1 22 
2 349 409 
0 
0 
1 403 
1 8 
1 380 
0 
1 8 
1 483 
0 
0 
0 
1 33 
0 
0 
0 
0 
0 
1 39 
0 
0 
0 
1 347 
0 
0 
0 
0 
1 235 
2 122 259 
0 
0 
0 
0 
0 
0 
0 
0 
1 422 
0 
1 433 
0 
0 
0 
0 
0 
0 
0 
1 284 
0 
1 23 
0 
0 
0 
0 
0 
1 201 
1 399 
0 
0 
0 
1 90 
2 58 350 
1 300 
0 
1 324 
0 
0 
0 
0 
0 
0 
0 
2 176 336 
0 
0 
0 
1 397 
1 439 
0 
0 
1 335 
1 9 
0 
0 
0 
1 290 
0 
2 191 482 
0 
1 479 
0 
1 461 
0 
1 192 
1 392 
1 349 
1 300 
1 304 
1 10 
0 
0 
1 214 
0 
0 
0 
1 20 
1 229 
0 
0 
0 
0 
0 
2 27 258 
1 215 
2 134 191 
0 
0 
1 20 
0 
0 
1 314 
0 
0 
0 
1 33 
0 
0 
1 383 
0 
2 149 176 
4 14 155 288 423 
0 
1 354 
0 
1 474 
0 
2 223 491 
0 
0 
2 117 312 
0 
0 
0 
0 
0 
0 
0 
1 3 
0 
0 
0 
1 305 
2 163 493 
1 175 
0 
0 
0 
0 
0 
0 
0 
2 198 439 
0 
0 
1 4 
1 24 
2 270 385 
1 168 
0 
0 
0 
0 
2 236 478 
2 89 469 
1 234 
0 
0 
0 
0 
0 
0 
2 433 469 
0 
1 8 
0 
0 
0 
0 
1 317 
2 354 372 
0 
0 
0 
0 
0 
0 
2 174 383 
2 90 488 
0 
0 
1 373 
0 
0 
1 275 
1 401 
0 
1 435 
0 
1 228 
0 
2 404 472 
1 310 
0 
2 265 414 
0 
0 
1 43 
0 
1 309 
0 
0 
0 
1 109 
0 
1 462 
0 
1 192 
0 
1 147 
0 
0 
1 4 
1 314 
0 
0 
1 458 
0 
0 
2 124 158 
0 
0 
1 435 
1 159 
1 213 
0 
0 
0 
1 280 
1 273 
0 
1 201 
1 385 
2 182 294 
2 19 31 
0 
1 250 
0 
0 
0 
1 486 
0 
1 474 
1 126 
0 
0 
0 
2 12 34 
0 
1 30 
0 
0 
0 
0 
1 142 
1 134 
1 59 
0 
0 
0 
1 17 
0 
0 
0 
0 
0 
1 84 
0 
2 62 157 
2 123 495 
1 396 
1 369 
0 
3 17 194 251 
0 
0 
0 
0 
1 32 
0 
0 
0 
0 
0 
0 
0 
1 395 
0 
2 15 352 
0 
0 
1 251 
1 262 
0 
0 
0 
1 22 
1 425 
0 
1 67 
1 412 
0 
2 189 258 
2 415 455 
2 228 313 
0 
1 43 
0 
1 17 
0 
0 
1 156 
0 
0 
1 367 
1 351 
1 138 
0 
2 51 118 
0 
1 266 
0 
1 65 
1 272 
0 
0 
0 
0 
2 36 62 
0 
0 
1 381 
0 
1 275 
1 384 
1 17 
0 
1 35 
0 
0 
0 
1 99 
1 192 
0 
1 378 
0 
0 
0 
0 
0 
0 
1 465 
2 101 243 
0 
2 268 303 
0 
0 
0 
2 139 223 
0 
0 
0 
0 
0 
0 
0 
0 
0 
0 
0 
1 13 
0 
0 
1 13 
2 384 474 
0 
0 
1 297 
0 
0 
1 153 
1 286 
0 
0 
1 432 
0 
0 
0 
2 235 243 
0 
0 
1 272 
0 
4 33 196 323 455 
0 
0 
0 
1 234 
1 151 
0 
0 
1 149 
1 70 
0 
0 
2 27 321 
0 
1 259 
0 
0 
1 198 
0 
1 214 
0 
1 350 
0 
0 
0 
0 
