140 35
0 
0 
0 
0 
0 
1 108 
2 67 125 
0 
0 
0 
1 78 
0 
0 
0 
0 
0 
1 32 
2 119 139 
1 53 
0 
1 58 
1 31 
1 41 
1 75 
0 
1 52 
0 
0 
0 
0 
0 
1 21 
3 16 110 115 
1 134 
0 
0 
1 70 
1 109 
0 
1 41 
1 45 
3 22 39 117 
0 
2 47 59 
0 
2 40 105 
0 
1 43 
0 
0 
0 
1 62 
2 25 103 
1 18 
0 
0 
0 
0 
1 20 
2 43 108 
0 
0 
1 51 
0 
1 80 
0 
0 
1 6 
0 
0 
1 36 
0 
0 
0 
0 
2 23 86 
0 
1 103 
1 10 
0 
1 64 
1 130 
0 
0 
0 
0 
1 75 
0 
0 
0 
1 104 
0 
0 
0 
0 
0 
0 
0 
0 
0 
0 
0 
0 
2 52 77 
1 90 
2 45 127 
0 
0 
2 5 59 
2 37 110 
2 32 109 
0 
0 
1 117 
0 
1 32 
0 
2 41 113 
0 
1 17 
0 
0 
0 
0 
0 
1 6 
0 
1 105 
0 
0 
1 81 
0 
0 
0 
1 33 
0 
0 
0 
0 
1 17 
140 31
1 42 
0 
1 14 
1 65 
0 
1 116 
1 62 
0 
0 
1 83 
0 
0 
1 125 
0 
2 2 109 
1 95 
0 
0 
0 
0 
1 22 
0 
1 20 
2 37 106 
0 
0 
0 
0 
0 
0 
2 39 60 
1 61 
0 
0 
1 85 
0 
0 
2 23 110 
0 
2 30 52 
0 
1 80 
1 0 
0 
0 
0 
0 
0 
0 
0 
1 71 
0 
1 39 
2 56 101 
0 
0 
2 53 93 
0 
1 96 
0 
2 30 100 
2 31 94 
1 6 
1 102 
0 
1 3 
0 
1 130 
0 
1 73 
0 
1 50 
0 
1 69 
0 
0 
1 133 
0 
0 
0 
1 41 
0 
0 
1 9 
0 
1 34 
0 
0 
1 99 
0 
0 
0 
0 
1 56 
1 61 
1 15 
1 58 
0 
0 
1 88 
1 60 
1 53 
1 63 
0 
0 
0 
1 23 
0 
0 
1 14 
1 37 
0 
0 
0 
0 
0 
1 5 
0 
0 
0 
0 
0 
0 
0 
0 
1 12 
0 
0 
0 
0 
1 67 
0 
0 
1 76 
0 
0 
0 
0 
0 
0 
