150 40
0 
0 
0 
0 
0 
1 58 
2 7 65 
1 6 
0 
1 117 
0 
0 
0 
0 
1 139 
0 
3 81 101 136 
0 
1 117 
1 78 
1 76 
1 98 
0 
1 51 
0 
0 
0 
0 
0 
2 144 149 
0 
1 37 
0 
1 52 
1 78 
1 97 
1 87 
2 31 145 
0 
2 47 59 
0 
1 77 
0 
0 
0 
0 
1 52 
2 39 78 
0 
0 
0 
1 23 
2 33 46 
1 73 
0 
0 
1 148 
0 
1 5 
1 39 
0 
0 
0 
0 
0 
2 6 121 
0 
1 98 
0 
0 
1 123 
0 
0 
1 53 
0 
0 
2 20 121 
1 41 
3 19 34 47 
0 
0 
1 16 
0 
0 
0 
1 147 
0 
2 36 131 
0 
1 127 
0 
0 
0 
0 
0 
0 
1 124 
1 35 
2 21 67 
0 
0 
2 16 121 
0 
0 
0 
1 126 
0 
0 
0 
0 
0 
0 
0 
0 
0 
1 140 
0 
2 9 18 
0 
0 
0 
3 65 76 101 
0 
1 70 
1 96 
0 
1 105 
1 89 
0 
0 
0 
2 87 146 
0 
0 
0 
0 
1 16 
0 
0 
1 14 
1 115 
0 
0 
0 
1 29 
1 37 
1 131 
1 85 
1 56 
1 29 
150 30
0 
1 122 
0 
1 64 
1 29 
0 
0 
1 132 
0 
0 
2 78 147 
0 
0 
0 
0 
0 
2 51 72 
1 49 
0 
1 130 
0 
0 
0 
1 97 
0 
1 73 
0 
0 
0 
1 4 
0 
0 
1 61 
0 
2 76 121 
0 
1 138 
0 
1 81 
1 134 
1 97 
0 
1 43 
1 42 
0 
2 50 134 
0 
0 
0 
1 17 
1 45 
2 16 53 
0 
1 51 
0 
0 
0 
1 130 
0 
0 
0 
1 32 
0 
0 
1 3 
0 
0 
0 
0 
0 
0 
0 
1 16 
2 25 144 
0 
0 
1 34 
0 
1 10 
0 
0 
1 38 
0 
0 
0 
0 
0 
0 
0 
0 
0 
0 
0 
0 
0 
0 
0 
3 23 40 118 
0 
0 
0 
0 
1 135 
0 
0 
0 
0 
0 
0 
0 
0 
0 
0 
0 
0 
0 
0 
0 
1 97 
0 
0 
2 34 146 
1 1 
0 
0 
0 
0 
1 138 
0 
0 
2 19 57 
0 
1 7 
0 
2 39 45 
2 102 136 
1 135 
0 
2 36 127 
0 
0 
0 
0 
0 
1 73 
0 
1 121 
1 10 
0 
0 
