370 90
0 
0 
1 53 
1 312 
0 
1 290 
0 
2 164 291 
1 80 
0 
0 
1 42 
2 58 332 
0 
2 29 264 
0 
0 
0 
1 68 
0 
0 
2 143 285 
1 203 
1 308 
0 
1 366 
0 
0 
1 280 
1 14 
0 
0 
0 
1 174 
0 
0 
1 139 
0 
1 214 
1 335 
0 
0 
1 11 
0 
1 230 
0 
0 
2 125 197 
1 359 
0 
0 
0 
1 335 
1 2 
0 
0 
0 
1 115 
1 12 
0 
0 
0 
1 68 
0 
0 
2 129 268 
1 103 
0 
3 18 62 247 
0 
0 
0 
0 
0 
2 152 301 
1 284 
0 
1 130 
0 
1 197 
1 8 
0 
0 
1 295 
0 
0 
1 232 
0 
1 315 
1 245 
0 
0 
0 
1 190 
0 
1 104 
1 282 
1 285 
0 
1 132 
0 
0 
1 141 
2 66 106 
1 95 
0 
1 103 
1 299 
1 269 
0 
0 
0 
0 
0 
0 
1 57 
0 
0 
0 
0 
0 
1 241 
0 
0 
0 
2 47 203 
0 
1 246 
0 
1 65 
2 77 192 
1 365 
1 99 
0 
1 254 
0 
1 154 
0 
0 
1 36 
0 
2 102 275 
2 222 276 
1 21 
0 
0 
0 
1 268 
2 186 252 
1 326 
0 
0 
2 74 342 
0 
1 136 
0 
0 
1 227 
0 
0 
0 
0 
0 
0 
2 7 178 
1 350 
0 
0 
0 
0 
0 
0 
0 
0 
1 33 
1 223 
0 
0 
2 164 307 
0 
0 
0 
0 
0 
0 
0 
1 148 
0 
0 
0 
1 93 
0 
1 130 
0 
0 
0 
1 323 
2 47 79 
0 
0 
1 301 
0 
0 
2 22 125 
1 264 
0 
1 277 
0 
0 
0 
0 
0 
0 
0 
1 38 
2 299 338 
0 
0 
0 
0 
0 
0 
1 142 
1 175 
1 295 
0 
0 
1 157 
0 
0 
1 44 
0 
2 86 268 
0 
0 
0 
0 
0 
0 
0 
0 
1 121 
0 
0 
0 
1 89 
1 127 
1 68 
0 
0 
0 
0 
1 148 
0 
1 134 
1 310 
0 
0 
0 
1 348 
0 
1 331 
0 
0 
2 14 204 
1 330 
0 
0 
3 65 147 232 
1 108 
0 
0 
0 
0 
0 
1 141 
1 142 
1 206 
0 
0 
1 28 
0 
2 96 301 
0 
1 75 
3 21 97 334 
0 
1 306 
0 
0 
1 5 
1 7 
0 
1 298 
0 
3 83 224 302 
0 
0 
1 293 
2 107 215 
0 
3 74 200 282 
1 295 
0 
0 
0 
1 287 
1 178 
1 23 
0 
1 255 
0 
1 3 
1 323 
0 
1 88 
0 
0 
0 
0 
0 
0 
0 
2 196 313 
0 
0 
1 149 
0 
0 
0 
1 265 
1 261 
1 12 
0 
1 285 
2 39 52 
0 
0 
1 215 
0 
0 
0 
1 152 
0 
0 
0 
0 
0 
1 259 
0 
1 165 
0 
0 
0 
1 357 
0 
0 
1 354 
0 
1 48 
0 
0 
0 
0 
0 
1 131 
1 25 
0 
0 
0 
370 94
0 
0 
0 
0 
0 
1 339 
2 23 48 
1 324 
0 
3 28 58 293 
1 336 
1 324 
1 38 
1 76 
0 
1 325 
1 181 
0 
0 
0 
0 
0 
0 
1 6 
0 
0 
0 
1 297 
1 9 
0 
0 
0 
1 143 
1 276 
1 165 
1 113 
1 349 
0 
3 12 91 201 
0 
0 
0 
0 
0 
1 332 
0 
0 
0 
2 6 194 
0 
0 
1 52 
1 51 
1 165 
0 
1 236 
0 
0 
1 9 
0 
0 
1 297 
0 
1 136 
1 71 
0 
0 
0 
0 
0 
0 
3 64 146 268 
1 156 
0 
1 232 
2 217 312 
2 13 282 
1 239 
0 
0 
1 243 
0 
0 
0 
0 
0 
2 232 236 
2 247 332 
0 
0 
0 
2 38 148 
0 
1 239 
0 
1 215 
0 
0 
0 
1 283 
0 
0 
1 235 
0 
0 
0 
0 
1 327 
0 
0 
0 
0 
0 
1 35 
0 
0 
1 242 
0 
1 187 
0 
0 
0 
0 
0 
1 245 
0 
0 
0 
0 
0 
0 
0 
1 365 
0 
0 
1 263 
1 63 
0 
1 295 
1 142 
0 
0 
1 139 
1 32 
0 
0 
1 71 
1 222 
2 91 221 
0 
0 
2 293 324 
0 
0 
1 255 
0 
1 72 
0 
0 
1 215 
0 
0 
0 
0 
0 
2 34 53 
0 
0 
0 
0 
0 
1 347 
0 
0 
0 
0 
0 
0 
1 180 
0 
1 178 
1 16 
0 
0 
0 
0 
0 
1 118 
2 210 225 
0 
2 273 306 
0 
0 
0 
3 48 276 282 
1 207 
0 
0 
1 208 
0 
0 
1 38 
0 
0 
0 
0 
2 277 300 
1 195 
1 198 
1 357 
1 188 
0 
0 
0 
0 
3 95 159 348 
0 
1 75 
0 
0 
1 290 
2 148 241 
1 147 
0 
0 
1 188 
0 
0 
0 
0 
0 
0 
4 74 86 297 368 
0 
0 
1 102 
2 55 86 
2 257 342 
0 
2 77 93 
0 
2 221 334 
1 116 
1 80 
0 
1 124 
2 256 275 
1 87 
0 
0 
0 
1 344 
0 
0 
0 
1 154 
2 246 335 
1 237 
0 
0 
0 
0 
0 
2 135 293 
0 
0 
0 
0 
1 71 
0 
0 
1 331 
0 
2 190 311 
0 
1 246 
2 33 194 
1 206 
0 
0 
0 
0 
2 76 194 
1 99 
0 
0 
1 346 
1 368 
0 
0 
1 220 
0 
0 
3 9 151 263 
0 
1 138 
0 
3 27 61 232 
0 
0 
1 206 
0 
0 
0 
0 
0 
1 190 
0 
0 
0 
0 
1 273 
2 75 343 
0 
0 
0 
0 
0 
0 
0 
0 
1 324 
0 
0 
4 7 11 151 321 
1 15 
0 
1 107 
0 
0 
0 
1 271 
2 44 87 
0 
1 241 
1 256 
1 10 
0 
0 
1 5 
1 342 
0 
2 237 340 
1 312 
1 251 
0 
1 286 
1 171 
1 215 
1 36 
0 
0 
0 
0 
0 
0 
0 
1 209 
0 
0 
0 
0 
0 
0 
0 
1 132 
0 
0 
2 232 287 
0 
