880 209
0 
1 73 
0 
0 
0 
0 
0 
1 152 
0 
0 
0 
0 
1 700 
0 
0 
0 
0 
1 755 
1 424 
1 763 
1 302 
1 817 
0 
1 487 
1 544 
1 482 
0 
0 
1 295 
0 
2 374 828 
1 410 
0 
1 479 
0 
0 
1 625 
1 359 
0 
1 624 
1 276 
0 
0 
1 806 
0 
0 
0 
0 
0 
1 871 
0 
1 490 
3 182 220 559 
2 375 580 
1 111 
0 
0 
0 
1 357 
0 
1 144 
0 
0 
0 
1 762 
0 
1 210 
1 778 
0 
1 514 
2 443 594 
0 
0 
2 1 681 
2 204 298 
0 
2 239 335 
0 
0 
0 
0 
2 300 677 
1 120 
1 832 
0 
0 
0 
0 
0 
0 
0 
0 
1 387 
1 443 
0 
0 
0 
0 
0 
0 
0 
1 188 
0 
0 
0 
0 
0 
1 527 
1 627 
0 
0 
2 54 408 
0 
1 818 
0 
0 
1 611 
1 313 
0 
1 838 
2 82 855 
0 
0 
0 
0 
0 
1 312 
1 445 
1 673 
0 
2 256 321 
0 
0 
0 
0 
2 397 400 
0 
0 
0 
0 
0 
0 
0 
0 
1 60 
0 
0 
0 
1 643 
0 
0 
0 
2 7 428 
0 
0 
2 158 589 
0 
0 
1 155 
0 
1 782 
0 
0 
0 
0 
1 279 
1 806 
0 
0 
0 
0 
2 468 691 
0 
0 
0 
2 259 459 
0 
0 
0 
1 233 
0 
0 
1 52 
0 
1 390 
0 
1 768 
0 
1 101 
1 547 
2 309 394 
0 
1 579 
1 347 
1 741 
1 442 
0 
2 711 743 
0 
0 
1 531 
0 
1 494 
0 
2 74 494 
0 
0 
0 
2 386 745 
0 
1 66 
1 775 
0 
1 325 
0 
0 
0 
0 
1 380 
0 
1 52 
0 
0 
0 
0 
0 
0 
0 
1 872 
1 805 
0 
0 
0 
1 179 
0 
1 372 
0 
1 864 
2 442 499 
2 76 448 
0 
0 
0 
0 
0 
0 
0 
1 616 
0 
0 
0 
0 
0 
0 
0 
0 
2 130 686 
0 
0 
1 175 
1 305 
0 
0 
0 
0 
0 
0 
1 339 
1 314 
0 
0 
1 829 
0 
0 
0 
0 
2 40 795 
1 436 
2 371 609 
1 165 
0 
1 737 
0 
0 
0 
0 
0 
1 588 
0 
0 
0 
0 
0 
0 
0 
2 28 780 
1 597 
0 
1 74 
0 
1 81 
0 
1 20 
0 
0 
1 260 
1 674 
0 
0 
1 190 
0 
0 
1 126 
1 117 
1 268 
0 
0 
0 
0 
0 
0 
1 130 
0 
0 
0 
1 213 
2 636 745 
1 509 
1 678 
0 
0 
1 840 
0 
0 
1 547 
1 76 
0 
0 
0 
1 267 
0 
0 
0 
0 
0 
1 665 
1 692 
1 193 
0 
1 705 
2 370 628 
0 
1 479 
0 
0 
0 
0 
1 58 
0 
1 37 
0 
0 
0 
0 
0 
0 
0 
1 782 
1 825 
1 598 
1 350 
1 278 
1 235 
0 
1 30 
1 53 
0 
0 
0 
0 
1 218 
1 861 
1 416 
0 
1 710 
0 
1 208 
3 92 429 681 
0 
0 
1 184 
0 
0 
0 
1 190 
0 
2 494 714 
1 135 
1 604 
0 
1 135 
1 657 
0 
0 
0 
0 
0 
0 
1 111 
1 441 
1 31 
0 
1 757 
0 
0 
0 
1 382 
0 
0 
0 
0 
0 
0 
0 
1 18 
0 
0 
1 606 
1 152 
2 387 668 
0 
0 
1 558 
1 874 
1 449 
2 685 754 
1 277 
1 748 
2 467 565 
1 866 
0 
1 409 
2 195 238 
2 70 93 
0 
1 127 
0 
1 747 
1 239 
2 434 772 
0 
0 
0 
1 670 
1 815 
0 
0 
1 721 
0 
1 175 
0 
1 667 
0 
0 
1 843 
1 749 
0 
1 438 
1 171 
0 
0 
0 
0 
0 
0 
0 
0 
0 
1 770 
2 33 352 
0 
0 
1 25 
1 758 
0 
0 
0 
1 23 
1 581 
1 675 
1 51 
0 
0 
0 
3 202 204 396 
1 718 
0 
0 
1 872 
1 238 
1 810 
0 
0 
0 
1 725 
1 611 
0 
0 
1 770 
1 327 
0 
1 773 
0 
0 
1 69 
0 
0 
0 
0 
0 
0 
0 
0 
0 
0 
0 
0 
2 107 807 
0 
0 
1 816 
1 200 
0 
0 
0 
0 
0 
0 
0 
0 
0 
0 
0 
0 
1 24 
0 
0 
2 189 334 
0 
0 
1 780 
0 
0 
0 
0 
0 
0 
1 862 
1 432 
1 52 
0 
0 
0 
1 798 
0 
1 438 
0 
0 
0 
0 
0 
0 
0 
1 656 
0 
1 851 
0 
0 
1 686 
1 192 
1 53 
1 488 
0 
0 
0 
0 
0 
0 
1 287 
1 155 
0 
0 
0 
1 720 
1 70 
0 
0 
1 296 
1 369 
1 669 
0 
0 
0 
0 
1 398 
0 
1 427 
0 
1 616 
1 278 
1 693 
2 116 505 
0 
0 
0 
0 
3 247 608 776 
1 874 
0 
0 
0 
0 
1 799 
0 
1 39 
1 36 
0 
1 108 
2 350 826 
1 798 
2 718 804 
0 
0 
0 
0 
0 
1 326 
0 
1 817 
0 
0 
0 
1 794 
1 148 
1 722 
0 
0 
0 
0 
0 
0 
0 
0 
0 
0 
0 
1 573 
1 401 
0 
0 
0 
0 
0 
0 
0 
1 345 
0 
1 461 
1 429 
2 599 868 
1 453 
0 
1 767 
1 128 
1 306 
1 489 
0 
1 81 
1 328 
0 
0 
2 73 387 
0 
0 
0 
1 435 
2 256 578 
0 
0 
1 780 
0 
1 171 
1 346 
1 610 
0 
0 
0 
0 
1 773 
0 
2 12 764 
0 
0 
1 726 
0 
1 349 
0 
0 
0 
0 
1 384 
1 197 
0 
0 
1 396 
1 871 
0 
0 
2 495 630 
0 
1 593 
1 457 
1 644 
0 
0 
1 504 
1 703 
0 
0 
0 
0 
0 
0 
0 
0 
0 
1 855 
1 281 
0 
0 
0 
2 194 794 
0 
1 197 
0 
2 208 326 
0 
1 447 
1 437 
1 465 
0 
0 
0 
0 
1 435 
1 17 
0 
1 412 
1 483 
0 
0 
0 
1 64 
1 19 
1 700 
0 
0 
1 672 
1 186 
0 
2 478 508 
0 
1 449 
2 511 698 
0 
1 211 
1 616 
0 
1 67 
0 
3 295 550 689 
0 
2 160 367 
0 
0 
0 
0 
0 
0 
0 
0 
0 
0 
0 
2 642 741 
1 276 
0 
0 
2 563 629 
1 622 
1 806 
0 
0 
0 
1 630 
2 229 827 
4 43 166 800 853 
1 527 
0 
0 
1 500 
0 
0 
0 
0 
1 454 
1 530 
2 21 638 
1 113 
0 
0 
1 859 
0 
0 
0 
1 368 
1 628 
1 805 
1 30 
1 271 
0 
0 
1 83 
0 
0 
0 
0 
0 
1 119 
0 
1 331 
1 868 
0 
1 464 
0 
0 
0 
0 
0 
0 
0 
1 575 
0 
1 806 
0 
2 120 736 
0 
0 
0 
1 821 
0 
1 381 
1 557 
0 
1 237 
0 
1 439 
0 
2 669 841 
0 
0 
2 49 715 
2 228 498 
0 
2 433 617 
0 
0 
0 
0 
0 
880 237
1 406 
1 876 
1 150 
0 
2 327 520 
0 
0 
0 
0 
1 81 
1 460 
2 775 821 
0 
1 682 
0 
1 523 
1 549 
1 463 
1 274 
1 262 
0 
0 
0 
0 
0 
1 189 
1 811 
0 
0 
0 
1 401 
1 226 
0 
0 
1 165 
2 473 629 
0 
3 281 703 808 
0 
1 474 
1 753 
1 443 
1 185 
0 
0 
0 
0 
0 
0 
0 
1 80 
0 
0 
1 75 
0 
1 216 
1 492 
0 
0 
0 
0 
1 443 
0 
0 
0 
1 766 
0 
1 694 
1 517 
1 190 
1 641 
0 
1 421 
1 607 
1 140 
1 53 
0 
0 
0 
0 
2 50 547 
2 9 286 
0 
0 
0 
0 
0 
0 
1 323 
1 554 
0 
0 
2 378 689 
0 
1 877 
0 
0 
0 
0 
1 744 
0 
1 167 
1 625 
0 
0 
0 
1 514 
1 552 
1 551 
2 705 781 
0 
3 348 576 812 
0 
0 
1 313 
1 614 
0 
1 787 
0 
0 
0 
2 248 542 
0 
1 328 
1 339 
1 358 
0 
0 
0 
1 402 
0 
0 
1 273 
0 
0 
0 
0 
1 843 
0 
1 858 
1 74 
0 
1 304 
0 
2 670 845 
0 
0 
0 
0 
1 783 
1 2 
0 
0 
0 
0 
0 
1 873 
1 223 
0 
1 186 
0 
1 637 
0 
0 
1 583 
1 34 
0 
1 101 
2 304 567 
0 
0 
0 
0 
0 
1 754 
0 
0 
0 
1 787 
0 
0 
0 
0 
0 
0 
1 42 
2 159 450 
0 
1 857 
2 25 238 
2 69 854 
0 
0 
0 
1 832 
0 
0 
1 647 
0 
1 593 
0 
0 
0 
0 
3 305 437 456 
0 
0 
1 764 
0 
0 
2 550 686 
1 614 
0 
1 731 
0 
0 
2 55 556 
1 748 
0 
0 
0 
1 774 
0 
1 157 
0 
0 
2 31 676 
0 
1 294 
0 
0 
1 869 
0 
1 583 
0 
0 
2 282 491 
1 311 
2 189 689 
0 
1 319 
1 275 
0 
0 
2 364 638 
0 
0 
0 
1 121 
0 
1 673 
1 739 
0 
0 
1 806 
1 839 
0 
0 
1 787 
0 
0 
0 
1 19 
0 
0 
1 833 
1 656 
0 
2 361 471 
0 
1 821 
1 489 
0 
1 132 
3 18 444 558 
1 241 
1 764 
0 
0 
2 439 457 
1 312 
1 37 
2 236 733 
0 
0 
1 711 
1 81 
0 
0 
0 
1 589 
0 
0 
0 
3 228 337 556 
0 
0 
0 
0 
0 
0 
0 
0 
1 868 
4 142 168 696 838 
1 204 
0 
0 
0 
0 
2 448 767 
1 237 
1 280 
1 114 
0 
2 536 832 
0 
0 
0 
2 240 337 
0 
0 
0 
1 88 
1 383 
1 745 
0 
1 4 
1 123 
0 
0 
1 441 
0 
0 
0 
1 778 
0 
3 294 319 846 
0 
1 124 
0 
1 628 
0 
0 
1 622 
0 
0 
0 
1 111 
0 
0 
0 
0 
0 
0 
1 562 
0 
1 553 
1 125 
0 
0 
1 268 
0 
1 861 
2 244 860 
1 607 
0 
1 575 
0 
0 
0 
0 
0 
0 
0 
1 869 
1 807 
0 
1 92 
0 
0 
1 592 
0 
1 324 
0 
1 837 
0 
0 
0 
0 
0 
0 
1 603 
0 
1 679 
0 
0 
0 
2 523 707 
0 
1 590 
1 30 
2 129 675 
0 
0 
1 621 
1 0 
0 
1 768 
0 
0 
0 
0 
0 
0 
0 
1 678 
0 
0 
0 
0 
1 72 
2 645 723 
0 
0 
1 757 
1 653 
0 
0 
2 625 718 
1 851 
0 
1 855 
0 
0 
0 
1 817 
2 204 598 
0 
1 279 
0 
1 331 
0 
3 41 61 548 
1 274 
0 
0 
0 
1 310 
0 
1 186 
1 453 
0 
2 451 532 
0 
1 699 
1 204 
1 279 
0 
1 579 
3 10 541 774 
0 
0 
2 17 709 
0 
1 867 
0 
0 
0 
0 
0 
1 268 
1 781 
2 35 668 
1 39 
1 530 
0 
0 
0 
0 
0 
1 681 
0 
0 
0 
1 645 
0 
0 
0 
1 271 
0 
1 236 
1 56 
0 
0 
0 
0 
0 
0 
0 
0 
0 
0 
1 809 
0 
0 
2 674 759 
0 
0 
1 518 
0 
0 
0 
0 
1 106 
0 
0 
2 68 584 
1 509 
0 
1 4 
0 
0 
2 15 398 
0 
1 698 
0 
0 
0 
0 
1 475 
1 758 
2 453 701 
0 
0 
0 
1 315 
0 
0 
1 786 
0 
2 460 719 
1 121 
0 
0 
0 
0 
2 80 576 
1 443 
1 16 
1 210 
1 108 
1 107 
1 357 
2 89 633 
0 
2 216 294 
0 
2 274 649 
0 
0 
0 
1 355 
2 662 875 
0 
1 875 
0 
1 168 
0 
0 
0 
0 
2 860 862 
0 
0 
1 367 
3 111 547 757 
1 843 
0 
1 459 
0 
0 
1 743 
2 164 233 
1 517 
0 
0 
0 
0 
1 290 
1 400 
0 
1 381 
1 199 
1 698 
0 
0 
0 
1 437 
0 
0 
0 
1 766 
1 392 
0 
0 
1 870 
2 73 365 
0 
0 
0 
0 
0 
0 
2 115 211 
0 
0 
0 
0 
0 
0 
2 405 652 
1 344 
0 
0 
2 102 429 
0 
1 696 
1 341 
2 35 736 
0 
0 
0 
1 554 
0 
0 
0 
1 161 
1 244 
0 
0 
1 70 
0 
0 
0 
2 422 485 
0 
1 197 
0 
1 558 
1 746 
0 
1 621 
1 426 
1 725 
0 
1 266 
1 681 
0 
0 
0 
0 
1 563 
0 
0 
0 
0 
1 722 
1 473 
0 
1 144 
0 
0 
1 250 
1 506 
1 402 
1 226 
0 
1 416 
1 394 
0 
2 481 657 
1 13 
0 
0 
0 
1 210 
0 
0 
3 92 238 809 
0 
0 
0 
1 837 
1 67 
0 
2 304 627 
0 
2 525 594 
1 455 
0 
1 532 
1 767 
1 37 
0 
1 109 
0 
1 398 
0 
1 463 
0 
1 285 
0 
1 844 
0 
0 
0 
0 
1 429 
1 541 
0 
1 787 
1 667 
1 422 
0 
1 654 
0 
0 
0 
0 
0 
1 213 
0 
1 282 
0 
0 
1 629 
0 
0 
1 251 
0 
0 
0 
1 582 
1 99 
1 325 
1 650 
0 
2 217 825 
0 
0 
0 
0 
1 40 
1 174 
0 
0 
4 425 576 763 836 
1 531 
1 506 
0 
0 
0 
1 757 
2 207 276 
0 
2 65 602 
2 310 702 
1 408 
0 
0 
0 
1 853 
0 
2 221 460 
1 11 
0 
0 
1 335 
0 
0 
2 109 472 
0 
1 149 
0 
1 787 
1 539 
5 117 178 258 721 785 
0 
0 
0 
0 
0 
0 
0 
0 
0 
0 
0 
0 
0 
0 
0 
0 
0 
0 
1 254 
1 376 
1 37 
2 503 689 
0 
1 26 
1 111 
0 
0 
0 
0 
1 436 
0 
0 
0 
2 11 270 
0 
0 
0 
1 748 
0 
0 
0 
0 
0 
0 
2 194 315 
1 265 
0 
0 
1 757 
2 385 693 
1 304 
1 255 
0 
0 
0 
2 137 577 
1 713 
1 144 
1 337 
0 
0 
1 853 
0 
1 430 
0 
2 772 849 
1 190 
1 432 
0 
1 188 
1 139 
0 
2 364 572 
1 363 
1 572 
0 
0 
0 
0 
1 465 
1 303 
2 231 375 
1 606 
0 
0 
1 156 
0 
2 563 565 
1 1 
1 94 
0 
0 
