620 174
1 327 
1 353 
0 
1 181 
2 323 468 
0 
2 114 616 
1 546 
1 534 
0 
0 
0 
0 
0 
0 
0 
1 471 
1 482 
0 
0 
1 226 
3 96 141 398 
2 201 423 
0 
1 51 
0 
0 
0 
1 210 
0 
1 292 
0 
1 337 
0 
1 514 
0 
0 
0 
1 536 
0 
0 
0 
1 512 
3 350 428 509 
1 374 
1 112 
1 347 
0 
0 
0 
0 
1 24 
1 489 
0 
1 342 
0 
0 
0 
0 
1 572 
0 
3 202 347 370 
0 
0 
1 198 
0 
0 
1 355 
1 478 
0 
0 
2 323 606 
0 
0 
0 
1 365 
1 133 
1 303 
0 
0 
0 
1 348 
0 
1 122 
0 
0 
0 
0 
1 521 
0 
0 
1 472 
1 171 
2 189 335 
0 
0 
2 21 426 
3 335 414 524 
0 
1 492 
1 467 
1 238 
1 232 
0 
1 422 
0 
1 361 
0 
1 458 
0 
0 
0 
1 45 
0 
1 6 
0 
2 186 594 
2 606 611 
0 
0 
0 
0 
2 83 293 
0 
0 
0 
1 193 
1 240 
0 
0 
1 513 
1 221 
1 201 
2 76 165 
0 
0 
0 
1 351 
1 529 
0 
1 167 
1 21 
0 
1 568 
0 
1 373 
0 
0 
1 278 
2 522 577 
0 
0 
0 
0 
1 468 
0 
0 
1 192 
0 
1 347 
0 
0 
0 
0 
1 567 
2 133 434 
0 
1 140 
0 
1 460 
0 
1 92 
0 
0 
0 
0 
0 
2 234 304 
0 
1 380 
0 
1 3 
1 522 
0 
1 432 
1 371 
1 116 
0 
0 
1 93 
0 
0 
2 157 388 
2 126 298 
0 
0 
0 
1 381 
1 64 
0 
2 303 321 
2 22 132 
1 61 
0 
0 
0 
0 
1 472 
0 
0 
1 28 
1 522 
0 
2 319 516 
1 561 
0 
1 501 
0 
0 
0 
0 
1 131 
0 
0 
0 
0 
1 20 
1 293 
0 
0 
0 
0 
1 102 
1 374 
1 177 
1 541 
0 
0 
1 101 
1 261 
1 127 
0 
0 
0 
0 
0 
0 
0 
1 348 
0 
0 
0 
1 417 
0 
0 
0 
0 
0 
0 
2 311 378 
0 
1 239 
0 
0 
4 308 336 339 515 
1 549 
0 
1 350 
0 
0 
1 443 
0 
2 357 360 
0 
0 
0 
0 
2 474 536 
1 148 
1 428 
1 376 
1 369 
0 
1 545 
1 526 
1 402 
0 
1 328 
0 
0 
1 578 
1 376 
2 30 361 
2 122 227 
0 
0 
1 317 
1 448 
1 193 
3 318 499 611 
1 580 
1 581 
0 
3 77 200 502 
1 177 
0 
0 
0 
2 264 445 
0 
0 
1 259 
0 
0 
0 
2 324 433 
0 
1 296 
1 299 
1 213 
0 
1 200 
0 
2 4 71 
1 315 
0 
0 
2 0 487 
1 287 
0 
0 
0 
0 
0 
0 
2 93 97 
1 264 
2 32 454 
0 
2 264 547 
0 
0 
1 54 
0 
2 488 548 
0 
0 
3 46 61 159 
2 81 248 
0 
2 43 267 
1 137 
1 525 
1 1 
0 
1 67 
0 
2 272 598 
0 
0 
1 272 
2 106 292 
0 
0 
0 
1 75 
0 
0 
0 
1 281 
1 61 
1 185 
0 
1 145 
2 44 233 
0 
2 280 291 
0 
1 259 
0 
2 179 613 
1 197 
0 
0 
0 
0 
0 
0 
1 192 
0 
1 522 
1 431 
0 
0 
0 
0 
0 
0 
1 21 
0 
0 
0 
1 285 
0 
0 
0 
0 
0 
1 507 
0 
0 
0 
1 481 
0 
1 97 
0 
0 
1 252 
0 
0 
0 
0 
1 104 
1 22 
0 
0 
1 96 
1 495 
2 43 279 
0 
0 
1 391 
1 184 
1 315 
1 165 
0 
0 
0 
0 
0 
0 
0 
0 
2 270 560 
0 
1 308 
1 617 
0 
1 297 
0 
0 
0 
0 
0 
1 337 
0 
0 
0 
2 108 460 
0 
3 169 458 466 
0 
0 
0 
1 611 
0 
1 460 
1 100 
2 4 154 
0 
0 
1 16 
2 91 207 
0 
1 277 
0 
0 
0 
1 68 
0 
0 
1 412 
1 17 
0 
0 
1 547 
0 
1 327 
1 344 
1 52 
0 
0 
1 99 
0 
0 
1 427 
0 
1 528 
0 
1 299 
1 570 
1 216 
1 303 
0 
0 
0 
0 
1 408 
0 
2 43 514 
0 
0 
1 42 
1 130 
2 34 509 
1 264 
1 213 
0 
0 
0 
0 
1 88 
4 149 182 211 390 
0 
1 97 
2 352 615 
1 284 
0 
1 497 
1 138 
0 
0 
1 587 
0 
1 8 
0 
2 38 277 
0 
0 
0 
0 
1 235 
0 
0 
1 606 
1 283 
1 7 
2 339 485 
1 344 
1 265 
0 
0 
0 
0 
1 586 
0 
0 
0 
0 
0 
1 443 
1 214 
0 
0 
0 
0 
0 
1 164 
1 143 
0 
1 500 
1 597 
1 59 
0 
0 
0 
0 
1 149 
2 290 588 
0 
1 300 
1 301 
0 
0 
0 
0 
2 554 588 
1 532 
2 578 586 
0 
0 
0 
0 
0 
1 116 
0 
0 
1 571 
2 357 614 
0 
0 
0 
0 
0 
0 
0 
3 71 117 544 
0 
0 
0 
0 
3 117 299 464 
0 
1 380 
1 598 
1 525 
1 6 
1 446 
0 
0 
620 161
0 
1 427 
0 
0 
1 259 
0 
0 
1 414 
2 84 383 
0 
0 
0 
0 
0 
0 
1 434 
0 
1 193 
1 134 
2 261 613 
0 
1 402 
0 
0 
0 
0 
0 
1 326 
1 208 
0 
0 
0 
1 320 
0 
1 460 
0 
0 
2 167 409 
1 83 
0 
0 
1 386 
0 
0 
3 306 591 609 
0 
0 
1 609 
1 383 
1 412 
1 450 
0 
0 
2 488 556 
1 608 
0 
1 481 
0 
0 
1 244 
0 
0 
1 90 
1 287 
0 
1 346 
0 
0 
0 
0 
0 
1 451 
1 245 
0 
0 
0 
0 
0 
0 
0 
0 
0 
0 
1 38 
2 8 434 
0 
0 
2 251 595 
2 415 455 
0 
1 62 
0 
0 
0 
0 
0 
1 597 
0 
0 
1 308 
0 
1 414 
0 
0 
0 
0 
1 285 
1 117 
0 
1 273 
0 
0 
1 438 
0 
0 
0 
1 408 
1 107 
2 272 386 
0 
1 188 
1 263 
1 126 
0 
0 
0 
3 122 212 594 
0 
1 548 
0 
0 
0 
0 
0 
1 18 
1 448 
0 
1 196 
0 
1 410 
1 429 
1 549 
0 
2 167 175 
0 
0 
0 
0 
1 373 
0 
0 
1 317 
0 
1 174 
0 
0 
0 
1 288 
0 
0 
0 
1 574 
2 251 439 
0 
0 
1 331 
0 
2 37 143 
1 325 
0 
0 
1 536 
0 
1 336 
1 153 
1 143 
0 
0 
0 
0 
0 
0 
1 618 
0 
2 450 573 
0 
0 
0 
2 120 484 
1 422 
0 
1 560 
0 
1 17 
2 217 455 
0 
1 137 
0 
1 419 
0 
0 
0 
0 
0 
0 
1 283 
1 385 
0 
1 28 
1 370 
1 355 
0 
2 126 613 
0 
0 
0 
1 467 
4 194 414 471 506 
0 
0 
0 
0 
0 
0 
1 587 
0 
0 
0 
0 
1 487 
0 
1 536 
0 
0 
0 
2 392 578 
1 595 
1 354 
0 
0 
0 
0 
0 
0 
1 59 
1 72 
0 
1 368 
0 
0 
0 
2 87 162 
0 
0 
0 
0 
0 
0 
0 
1 4 
0 
3 19 488 615 
0 
1 121 
0 
0 
0 
0 
0 
0 
1 427 
0 
2 118 351 
1 109 
1 507 
1 450 
0 
0 
0 
0 
0 
0 
0 
2 205 360 
0 
2 106 517 
0 
1 63 
1 157 
1 297 
0 
1 358 
0 
1 454 
0 
0 
0 
2 289 410 
0 
1 390 
0 
0 
0 
1 435 
0 
0 
1 44 
0 
1 99 
0 
0 
1 529 
0 
0 
0 
0 
0 
2 151 397 
0 
0 
1 32 
1 421 
0 
0 
0 
2 168 501 
3 27 518 563 
0 
0 
0 
0 
1 165 
0 
0 
0 
0 
4 173 382 592 613 
0 
1 436 
0 
0 
0 
0 
0 
0 
1 498 
1 65 
0 
0 
0 
0 
3 272 355 400 
0 
0 
1 237 
2 210 351 
1 605 
0 
1 291 
1 581 
1 283 
0 
0 
0 
0 
1 615 
0 
1 454 
1 247 
1 385 
1 209 
0 
0 
1 148 
0 
0 
0 
1 510 
0 
0 
0 
0 
2 336 600 
2 8 48 
0 
2 206 369 
2 41 118 
0 
0 
0 
1 299 
0 
1 235 
0 
0 
0 
1 604 
2 317 472 
0 
1 593 
2 351 430 
0 
1 21 
0 
0 
0 
0 
0 
1 116 
1 37 
3 139 297 600 
0 
1 49 
0 
3 7 101 217 
1 88 
0 
0 
1 482 
1 198 
0 
1 321 
1 189 
1 551 
1 435 
0 
0 
2 1 270 
1 579 
1 140 
1 400 
0 
1 610 
0 
2 15 84 
2 303 424 
1 338 
0 
1 112 
2 162 569 
1 577 
0 
0 
0 
0 
0 
1 553 
0 
1 135 
0 
3 50 184 275 
1 71 
0 
0 
2 293 367 
2 88 194 
0 
0 
1 527 
0 
1 34 
1 493 
0 
0 
0 
0 
0 
1 216 
0 
0 
0 
1 217 
1 397 
0 
0 
0 
0 
0 
0 
0 
0 
1 56 
1 418 
0 
1 188 
0 
0 
1 229 
2 53 261 
0 
0 
0 
0 
1 461 
0 
0 
0 
0 
2 345 592 
0 
0 
3 325 537 617 
0 
0 
0 
0 
1 217 
1 274 
0 
1 564 
1 377 
0 
0 
0 
0 
0 
0 
1 285 
1 326 
0 
0 
0 
0 
1 546 
0 
0 
1 586 
1 458 
1 573 
1 311 
1 546 
0 
0 
0 
0 
0 
2 171 231 
1 501 
0 
0 
0 
0 
0 
0 
0 
0 
2 523 530 
0 
1 128 
1 141 
0 
1 423 
1 597 
1 446 
0 
0 
1 53 
0 
0 
0 
1 191 
0 
0 
1 326 
1 509 
0 
0 
0 
0 
1 439 
1 606 
0 
1 586 
2 184 528 
1 161 
0 
0 
1 440 
1 235 
1 428 
0 
1 359 
0 
0 
0 
0 
2 526 572 
1 224 
0 
0 
0 
1 44 
2 336 498 
1 399 
1 126 
2 87 236 
0 
2 96 552 
0 
0 
2 382 410 
0 
0 
0 
1 396 
1 356 
1 570 
0 
1 54 
2 44 47 
1 432 
0 
0 
3 19 212 336 
0 
2 261 365 
0 
1 501 
1 182 
0 
