670 166
1 120 
0 
1 315 
1 233 
0 
0 
0 
0 
0 
3 36 217 586 
0 
0 
0 
0 
1 289 
2 183 378 
0 
0 
0 
2 100 414 
1 508 
1 635 
0 
0 
0 
1 222 
1 355 
0 
0 
1 363 
0 
1 385 
0 
1 623 
0 
0 
3 9 148 217 
0 
0 
1 533 
1 156 
3 384 544 602 
1 668 
0 
0 
1 515 
0 
1 178 
0 
0 
0 
0 
0 
0 
1 74 
1 218 
0 
0 
0 
0 
0 
0 
0 
1 144 
0 
0 
3 226 235 504 
0 
1 283 
1 555 
1 614 
2 284 369 
1 222 
0 
1 54 
1 114 
0 
0 
0 
0 
0 
0 
1 638 
1 91 
1 189 
0 
1 399 
0 
1 157 
0 
0 
2 83 405 
0 
0 
0 
0 
0 
1 223 
1 165 
1 146 
1 19 
1 508 
0 
2 170 514 
0 
0 
0 
1 482 
0 
1 606 
0 
0 
0 
0 
1 75 
0 
0 
1 468 
2 163 449 
0 
1 0 
0 
1 336 
0 
1 582 
0 
0 
1 180 
1 209 
0 
0 
0 
1 355 
0 
1 180 
0 
1 220 
0 
0 
0 
0 
0 
0 
1 380 
1 63 
0 
1 99 
1 493 
1 36 
0 
0 
0 
0 
1 480 
0 
1 299 
1 40 
1 88 
0 
0 
0 
0 
0 
1 118 
0 
1 98 
0 
1 391 
0 
0 
1 103 
0 
0 
0 
0 
0 
0 
1 472 
1 47 
0 
2 127 134 
0 
0 
1 15 
1 602 
1 354 
1 471 
1 570 
0 
1 84 
0 
1 494 
2 322 557 
2 215 669 
2 531 624 
0 
0 
0 
0 
1 632 
1 270 
0 
0 
0 
1 206 
0 
2 204 383 
0 
0 
1 128 
0 
0 
0 
0 
0 
1 193 
0 
2 9 36 
1 55 
0 
2 136 480 
1 411 
3 25 72 631 
2 97 316 
1 343 
0 
1 66 
0 
1 542 
0 
1 595 
1 292 
1 382 
1 3 
0 
1 66 
0 
2 323 345 
1 629 
0 
0 
1 345 
0 
0 
1 248 
0 
0 
1 576 
1 244 
1 378 
0 
1 577 
1 299 
0 
0 
0 
0 
0 
0 
0 
0 
0 
0 
1 353 
0 
1 514 
0 
1 540 
0 
0 
1 200 
1 373 
0 
0 
0 
0 
0 
0 
0 
0 
0 
1 553 
0 
2 68 388 
2 71 344 
0 
0 
0 
0 
3 14 386 614 
0 
1 406 
2 231 427 
0 
0 
0 
2 459 667 
1 429 
0 
2 155 252 
0 
0 
0 
0 
0 
0 
0 
0 
0 
0 
0 
0 
0 
0 
0 
1 2 
2 223 637 
1 459 
1 450 
0 
0 
1 430 
1 192 
2 237 506 
0 
0 
1 583 
0 
0 
1 543 
1 608 
1 434 
1 498 
0 
1 462 
0 
1 122 
0 
0 
0 
0 
0 
1 458 
1 224 
1 284 
2 237 241 
1 516 
0 
0 
0 
1 474 
0 
0 
1 263 
1 185 
3 26 132 647 
0 
1 551 
0 
0 
0 
0 
0 
1 29 
1 416 
0 
1 539 
0 
0 
1 71 
0 
0 
0 
1 271 
0 
1 629 
1 476 
0 
2 15 249 
1 500 
1 143 
0 
1 232 
1 206 
3 41 473 662 
2 31 660 
1 289 
0 
1 283 
0 
0 
1 167 
0 
0 
1 432 
1 398 
0 
0 
1 395 
1 86 
1 567 
0 
1 618 
0 
1 456 
1 91 
1 291 
0 
0 
0 
0 
1 221 
0 
0 
1 19 
2 499 552 
1 364 
0 
0 
0 
0 
0 
0 
0 
0 
0 
0 
1 292 
0 
1 297 
1 321 
1 454 
1 394 
0 
1 331 
0 
1 652 
0 
0 
0 
0 
0 
0 
0 
0 
0 
0 
1 566 
0 
1 118 
1 318 
0 
0 
0 
1 431 
1 477 
2 404 649 
1 517 
1 342 
2 296 317 
0 
0 
1 334 
0 
0 
0 
0 
0 
1 117 
0 
0 
1 186 
1 177 
1 384 
1 350 
0 
3 376 508 525 
1 455 
0 
0 
3 153 220 660 
0 
1 107 
0 
0 
0 
0 
0 
0 
0 
0 
0 
0 
1 147 
1 191 
0 
0 
0 
1 332 
1 415 
1 379 
0 
0 
0 
1 66 
0 
1 323 
0 
3 20 101 476 
1 667 
0 
0 
0 
0 
2 103 265 
1 45 
1 346 
1 457 
0 
0 
0 
1 525 
0 
0 
0 
2 476 521 
0 
0 
0 
0 
0 
1 194 
0 
1 39 
1 560 
0 
0 
0 
0 
1 366 
1 267 
0 
1 228 
1 329 
1 41 
0 
0 
0 
0 
0 
0 
1 357 
1 415 
1 281 
0 
1 69 
0 
1 192 
0 
0 
1 534 
1 629 
1 586 
0 
0 
0 
1 447 
1 400 
0 
1 619 
1 187 
1 632 
0 
0 
0 
0 
1 247 
1 251 
0 
0 
0 
0 
1 124 
1 326 
0 
0 
2 9 562 
0 
0 
1 590 
1 589 
0 
0 
0 
0 
1 230 
0 
0 
0 
0 
0 
0 
2 41 184 
0 
0 
0 
1 109 
0 
1 330 
0 
0 
0 
0 
0 
2 70 289 
0 
0 
0 
1 402 
1 569 
0 
0 
0 
1 33 
1 194 
0 
0 
0 
0 
3 238 375 561 
0 
1 222 
2 199 571 
0 
0 
1 21 
0 
1 316 
1 82 
0 
0 
0 
0 
0 
0 
0 
0 
1 355 
0 
1 456 
0 
0 
1 436 
0 
0 
0 
0 
0 
0 
0 
2 385 480 
0 
1 384 
0 
0 
0 
0 
2 296 509 
1 42 
1 193 
670 151
0 
0 
0 
0 
0 
0 
0 
0 
0 
0 
0 
0 
0 
1 119 
0 
0 
1 521 
0 
2 449 526 
0 
1 361 
1 217 
0 
1 466 
0 
0 
0 
1 661 
0 
0 
0 
2 52 453 
0 
0 
0 
0 
0 
0 
1 206 
2 75 177 
0 
0 
1 264 
0 
2 264 362 
1 167 
0 
0 
1 133 
2 226 463 
0 
0 
1 31 
0 
1 446 
0 
2 147 169 
0 
1 155 
1 458 
0 
0 
0 
0 
1 188 
0 
1 543 
0 
1 506 
0 
2 102 331 
0 
0 
1 257 
1 492 
1 39 
0 
2 332 480 
0 
1 571 
0 
0 
0 
0 
0 
0 
0 
0 
0 
0 
0 
0 
0 
0 
0 
0 
0 
0 
0 
0 
1 178 
1 373 
2 70 370 
0 
0 
2 516 641 
0 
0 
1 660 
0 
0 
0 
1 531 
0 
0 
1 176 
0 
0 
1 321 
1 13 
1 666 
0 
2 197 541 
1 210 
1 393 
0 
0 
0 
0 
0 
0 
1 182 
0 
1 48 
0 
0 
1 316 
0 
0 
1 294 
0 
1 525 
0 
0 
1 237 
0 
0 
1 56 
1 330 
1 637 
0 
0 
0 
1 439 
0 
1 58 
2 521 608 
0 
0 
0 
1 345 
0 
0 
0 
0 
0 
1 183 
1 45 
1 527 
1 56 
0 
0 
0 
0 
1 442 
0 
1 115 
1 39 
1 100 
0 
0 
0 
1 131 
1 166 
1 188 
0 
1 475 
0 
4 64 184 436 589 
0 
0 
0 
0 
0 
0 
0 
0 
1 122 
1 394 
0 
1 394 
0 
1 415 
1 393 
1 630 
1 382 
2 38 335 
0 
1 588 
0 
1 123 
1 530 
0 
0 
2 222 600 
1 575 
0 
1 21 
0 
0 
0 
0 
3 214 540 641 
0 
1 609 
0 
1 49 
0 
1 265 
0 
0 
0 
1 446 
0 
0 
1 594 
0 
1 144 
1 623 
0 
0 
0 
0 
0 
0 
0 
0 
1 304 
0 
0 
0 
0 
0 
1 456 
1 259 
0 
0 
1 73 
0 
2 254 617 
0 
0 
1 322 
0 
3 42 44 361 
2 228 337 
0 
2 603 611 
0 
0 
0 
1 574 
0 
1 436 
1 326 
0 
0 
1 406 
0 
0 
0 
0 
0 
0 
0 
0 
0 
0 
0 
0 
1 665 
0 
0 
0 
1 139 
0 
0 
0 
0 
0 
0 
0 
0 
0 
2 247 353 
0 
0 
1 410 
1 536 
0 
0 
2 406 534 
1 321 
1 668 
1 562 
0 
2 136 620 
0 
0 
0 
0 
2 118 312 
1 262 
0 
0 
0 
1 274 
0 
0 
0 
1 148 
2 70 549 
1 77 
0 
1 377 
1 206 
0 
1 265 
0 
1 432 
0 
0 
0 
0 
0 
1 160 
0 
0 
0 
0 
0 
0 
1 444 
2 304 490 
1 644 
0 
0 
1 618 
0 
0 
1 457 
3 20 264 418 
1 44 
0 
0 
0 
0 
0 
0 
0 
1 102 
0 
0 
1 101 
0 
0 
0 
2 334 461 
0 
1 551 
0 
0 
1 205 
0 
1 631 
0 
0 
1 469 
0 
0 
0 
1 447 
0 
2 124 203 
3 198 200 607 
0 
0 
0 
0 
0 
0 
1 529 
0 
0 
0 
0 
3 277 311 480 
0 
1 490 
0 
1 307 
0 
0 
0 
0 
1 202 
0 
1 585 
2 361 434 
0 
0 
0 
0 
0 
1 565 
0 
0 
0 
0 
0 
0 
0 
1 339 
0 
2 418 486 
0 
2 188 273 
0 
1 451 
1 153 
0 
1 491 
1 174 
0 
1 352 
0 
3 54 232 640 
1 391 
0 
1 18 
1 659 
1 438 
0 
1 31 
0 
1 472 
1 253 
1 360 
1 59 
0 
0 
1 377 
0 
1 49 
1 661 
0 
1 23 
0 
0 
1 387 
0 
0 
1 455 
0 
0 
1 186 
0 
0 
0 
0 
2 77 406 
0 
0 
0 
0 
0 
1 434 
0 
0 
1 553 
3 353 408 668 
1 441 
1 74 
0 
0 
0 
1 542 
1 530 
0 
0 
1 524 
0 
0 
0 
0 
0 
2 68 552 
0 
0 
0 
0 
0 
0 
0 
0 
0 
1 105 
0 
0 
0 
0 
2 16 156 
0 
0 
1 500 
1 141 
2 18 650 
1 168 
0 
1 401 
2 211 497 
1 112 
0 
0 
1 311 
1 594 
1 308 
0 
0 
0 
1 222 
1 122 
1 496 
1 66 
0 
1 572 
0 
0 
0 
1 331 
0 
1 379 
1 506 
1 489 
0 
0 
0 
0 
1 640 
0 
1 637 
0 
1 314 
0 
0 
1 424 
0 
0 
0 
0 
0 
1 79 
1 545 
0 
1 271 
2 215 593 
0 
0 
0 
0 
0 
0 
0 
0 
0 
1 417 
0 
0 
2 208 589 
2 188 588 
0 
0 
0 
1 575 
2 235 535 
0 
0 
0 
0 
0 
1 214 
0 
0 
1 267 
0 
0 
0 
1 394 
1 156 
1 224 
0 
1 267 
0 
0 
0 
0 
0 
1 259 
1 357 
0 
1 316 
0 
0 
1 238 
0 
0 
0 
0 
0 
0 
1 204 
2 384 663 
0 
0 
0 
0 
0 
2 149 560 
0 
0 
2 446 558 
2 105 222 
0 
0 
1 354 
0 
0 
0 
0 
0 
1 526 
0 
0 
0 
0 
0 
0 
0 
0 
1 450 
1 108 
2 27 464 
0 
1 631 
0 
1 290 
1 120 
0 
2 313 490 
0 
