640 177
1 327 
1 333 
0 
1 121 
2 243 388 
1 627 
1 496 
1 406 
1 374 
0 
0 
0 
0 
0 
0 
0 
1 151 
1 142 
0 
1 445 
3 294 339 596 
2 378 600 
0 
1 186 
0 
0 
0 
1 261 
0 
1 301 
0 
1 304 
0 
1 439 
0 
0 
0 
1 377 
0 
0 
0 
1 269 
3 86 164 245 
2 89 401 
1 614 
0 
0 
0 
0 
0 
1 624 
0 
1 433 
0 
0 
0 
0 
1 553 
0 
3 139 284 307 
0 
0 
1 69 
0 
0 
1 160 
1 261 
0 
1 610 
2 62 323 
0 
0 
1 560 
1 305 
1 452 
0 
0 
0 
1 405 
0 
1 133 
0 
0 
0 
0 
1 417 
1 42 
0 
2 299 525 
2 43 519 
1 116 
0 
0 
2 138 569 
2 103 213 
0 
2 135 629 
1 376 
1 346 
0 
1 488 
0 
1 379 
1 94 
1 428 
0 
0 
0 
0 
0 
0 
1 491 
1 372 
2 360 365 
0 
0 
1 90 
1 448 
0 
0 
0 
2 3 248 
1 270 
0 
0 
1 468 
2 151 618 
1 556 
0 
0 
0 
0 
0 
1 80 
1 376 
1 96 
0 
0 
2 93 198 
2 59 452 
0 
0 
2 17 279 
2 497 552 
0 
0 
0 
0 
1 313 
0 
1 447 
2 16 126 
1 548 
0 
0 
0 
0 
1 633 
1 473 
0 
1 65 
0 
1 391 
0 
1 42 
0 
0 
0 
0 
2 418 488 
0 
1 508 
0 
0 
1 566 
0 
1 420 
1 331 
0 
0 
0 
0 
0 
1 607 
1 488 
0 
1 23 
0 
1 455 
0 
0 
2 290 308 
0 
0 
0 
0 
0 
0 
2 138 256 
0 
0 
1 627 
0 
2 364 561 
1 576 
0 
1 456 
0 
0 
0 
0 
0 
0 
1 94 
0 
0 
1 340 
0 
0 
0 
0 
0 
1 235 
0 
1 340 
0 
0 
1 347 
0 
0 
0 
0 
0 
0 
0 
2 222 549 
0 
0 
0 
1 486 
0 
0 
0 
1 4 
0 
3 42 542 609 
0 
0 
1 121 
0 
4 369 397 400 576 
1 576 
0 
1 309 
0 
0 
2 198 300 
2 527 530 
0 
0 
0 
2 27 66 
2 469 531 
0 
1 353 
2 266 597 
1 265 
0 
1 330 
3 41 276 486 
1 122 
1 340 
0 
0 
1 482 
1 556 
1 269 
0 
0 
2 142 364 
1 458 
1 611 
2 435 547 
1 479 
2 59 443 
0 
1 290 
0 
0 
0 
3 191 286 396 
0 
0 
0 
1 20 
0 
2 351 460 
0 
0 
1 88 
1 256 
1 29 
0 
0 
1 31 
1 73 
0 
2 59 377 
1 191 
1 253 
0 
0 
0 
1 148 
0 
1 589 
0 
1 598 
0 
0 
0 
0 
2 329 389 
1 69 
0 
0 
0 
1 0 
0 
2 322 339 
1 268 
1 177 
0 
2 1 502 
0 
0 
0 
0 
0 
2 20 329 
3 216 224 271 
0 
0 
0 
0 
0 
1 98 
1 227 
0 
0 
0 
1 296 
0 
2 264 357 
0 
0 
0 
1 353 
0 
0 
2 113 627 
1 486 
0 
0 
2 203 279 
1 113 
0 
0 
0 
1 250 
0 
0 
1 112 
0 
1 8 
0 
2 97 134 
2 37 307 
2 21 520 
1 102 
0 
0 
0 
0 
0 
0 
0 
0 
1 4 
1 322 
1 465 
1 162 
0 
0 
0 
0 
1 290 
1 250 
0 
0 
1 250 
1 43 
1 556 
0 
0 
1 78 
1 7 
0 
0 
0 
0 
0 
0 
1 435 
1 535 
0 
0 
2 85 637 
1 169 
0 
1 176 
0 
0 
0 
0 
0 
0 
0 
1 104 
0 
0 
1 594 
0 
1 52 
0 
2 282 413 
0 
0 
0 
2 33 477 
0 
1 482 
0 
1 284 
0 
1 19 
0 
1 150 
1 117 
0 
0 
0 
2 74 139 
0 
0 
2 188 510 
1 206 
0 
2 280 566 
0 
1 296 
0 
0 
0 
1 486 
1 390 
0 
0 
2 125 471 
1 262 
0 
1 468 
0 
2 158 594 
0 
1 564 
0 
2 439 531 
0 
2 283 554 
0 
0 
2 274 441 
0 
0 
0 
4 239 269 361 464 
1 570 
3 100 169 184 
0 
0 
1 111 
0 
0 
0 
0 
1 6 
1 143 
0 
1 504 
0 
0 
1 333 
0 
1 499 
0 
0 
0 
1 171 
0 
1 455 
0 
0 
0 
0 
0 
1 552 
0 
1 608 
1 89 
1 378 
0 
0 
0 
0 
1 88 
0 
1 257 
0 
0 
1 257 
2 262 477 
0 
0 
0 
1 414 
0 
0 
0 
0 
0 
0 
1 245 
0 
0 
0 
0 
1 282 
1 152 
1 235 
0 
0 
2 143 516 
1 57 
1 479 
0 
3 127 275 402 
0 
0 
0 
1 72 
1 203 
1 574 
0 
1 475 
0 
2 174 458 
0 
0 
1 93 
1 487 
0 
0 
0 
1 562 
1 628 
3 204 250 251 
0 
0 
0 
0 
0 
0 
0 
1 639 
0 
0 
0 
0 
1 315 
0 
0 
0 
0 
2 431 473 
0 
1 20 
1 265 
1 317 
0 
2 21 622 
0 
0 
0 
0 
0 
0 
1 183 
1 518 
1 245 
2 68 639 
1 281 
0 
0 
1 44 
0 
0 
0 
1 126 
0 
0 
0 
1 600 
0 
1 50 
0 
0 
3 5 201 360 
1 575 
1 96 
0 
0 
0 
1 157 
0 
0 
0 
1 417 
0 
2 584 610 
640 159
1 580 
0 
0 
0 
0 
0 
1 258 
1 99 
0 
0 
0 
1 47 
0 
1 105 
0 
2 312 554 
1 186 
0 
0 
1 363 
0 
0 
2 442 460 
0 
0 
1 334 
1 66 
1 53 
1 49 
0 
2 569 637 
0 
1 39 
0 
0 
0 
1 67 
0 
1 384 
2 32 537 
0 
1 508 
0 
0 
0 
0 
0 
2 11 349 
1 99 
1 28 
0 
0 
0 
1 27 
0 
0 
0 
0 
0 
1 339 
0 
1 598 
1 365 
2 140 180 
0 
0 
1 26 
1 36 
0 
0 
1 530 
0 
0 
1 103 
0 
1 117 
0 
0 
0 
1 317 
1 102 
0 
1 164 
0 
0 
1 188 
0 
0 
1 520 
0 
2 288 402 
0 
1 108 
2 135 495 
0 
0 
0 
1 385 
1 226 
2 7 48 
0 
0 
1 80 
1 73 
0 
1 13 
0 
1 361 
1 92 
0 
1 444 
1 514 
2 558 566 
0 
0 
0 
0 
2 75 509 
0 
0 
1 300 
1 572 
0 
0 
0 
1 478 
0 
0 
0 
1 556 
2 181 369 
0 
1 611 
0 
0 
2 93 446 
0 
0 
1 498 
0 
2 63 192 
0 
0 
0 
0 
0 
0 
0 
1 487 
0 
2 211 334 
0 
0 
1 514 
1 397 
0 
1 425 
0 
2 397 635 
0 
0 
0 
1 375 
0 
1 82 
0 
0 
0 
1 317 
1 362 
0 
0 
2 176 570 
0 
0 
1 248 
1 172 
0 
1 334 
3 223 280 315 
1 63 
1 130 
0 
0 
0 
1 443 
1 16 
0 
1 85 
1 497 
0 
1 426 
1 140 
0 
1 486 
2 228 628 
1 326 
0 
0 
0 
0 
0 
0 
0 
1 597 
0 
0 
0 
0 
0 
0 
1 150 
0 
0 
0 
0 
0 
2 256 383 
0 
0 
0 
0 
0 
1 179 
1 446 
0 
2 98 238 
0 
3 195 262 549 
0 
0 
0 
0 
0 
0 
1 326 
0 
1 347 
1 226 
0 
1 253 
1 573 
0 
1 529 
0 
0 
1 597 
0 
2 175 435 
0 
0 
1 583 
0 
1 240 
0 
0 
1 217 
0 
2 6 481 
0 
0 
0 
1 228 
1 286 
0 
0 
1 386 
0 
0 
1 535 
2 476 521 
0 
0 
0 
0 
0 
0 
0 
3 299 509 530 
1 556 
1 179 
0 
0 
0 
0 
1 418 
1 263 
0 
1 90 
2 492 537 
0 
0 
0 
0 
1 332 
0 
1 404 
0 
0 
1 278 
2 120 615 
1 621 
0 
1 380 
0 
0 
0 
0 
0 
1 474 
0 
0 
1 15 
1 449 
0 
1 179 
0 
2 79 168 
0 
0 
0 
0 
0 
2 461 551 
0 
1 540 
2 196 235 
0 
0 
0 
0 
0 
1 294 
1 369 
3 25 150 178 
0 
0 
0 
0 
1 59 
0 
2 534 613 
0 
0 
1 639 
0 
0 
2 237 545 
0 
1 47 
0 
0 
1 527 
0 
0 
0 
1 418 
0 
0 
0 
0 
1 107 
1 169 
2 19 437 
1 605 
1 62 
0 
0 
0 
2 130 333 
0 
0 
0 
0 
0 
1 162 
0 
0 
0 
0 
1 303 
0 
0 
1 217 
2 38 557 
2 97 605 
2 266 432 
0 
0 
1 534 
0 
0 
0 
0 
0 
1 472 
1 551 
4 154 158 479 631 
0 
0 
0 
0 
1 90 
0 
1 296 
1 487 
0 
0 
0 
1 605 
1 451 
0 
0 
0 
0 
0 
0 
0 
2 285 356 
0 
0 
0 
0 
0 
0 
1 156 
1 191 
1 453 
0 
1 481 
0 
0 
1 386 
0 
0 
1 248 
0 
1 363 
0 
0 
0 
0 
1 22 
1 185 
1 110 
0 
3 135 224 533 
0 
0 
1 313 
0 
1 410 
0 
1 427 
0 
0 
0 
0 
0 
0 
1 22 
1 323 
0 
1 474 
0 
0 
0 
0 
0 
0 
0 
0 
1 395 
0 
2 309 463 
0 
1 270 
0 
1 125 
1 397 
0 
2 258 429 
1 485 
0 
0 
1 482 
1 194 
2 148 405 
0 
0 
0 
0 
2 289 616 
0 
0 
1 93 
0 
1 189 
1 138 
0 
0 
0 
0 
0 
0 
0 
0 
0 
1 41 
2 117 278 
0 
0 
0 
0 
2 111 153 
0 
0 
0 
0 
0 
1 88 
1 270 
0 
0 
0 
0 
1 577 
1 352 
0 
1 243 
2 70 278 
0 
0 
2 446 571 
2 341 389 
1 269 
0 
2 39 289 
0 
0 
1 325 
0 
0 
0 
0 
2 347 570 
0 
0 
0 
1 228 
0 
2 323 396 
0 
0 
1 15 
1 570 
2 129 279 
1 384 
1 112 
0 
0 
0 
0 
0 
1 576 
0 
2 112 617 
0 
0 
1 30 
3 172 545 555 
1 533 
1 121 
1 241 
0 
0 
2 564 628 
1 526 
1 618 
0 
1 0 
0 
0 
1 251 
0 
0 
0 
1 632 
0 
0 
0 
0 
0 
0 
0 
0 
0 
2 204 246 
1 61 
0 
0 
0 
0 
0 
0 
3 364 385 409 
0 
0 
0 
0 
0 
1 132 
0 
1 341 
0 
1 300 
1 492 
1 566 
1 578 
0 
0 
1 301 
0 
0 
0 
0 
0 
1 630 
2 195 576 
0 
1 627 
1 397 
1 587 
0 
0 
1 158 
0 
1 30 
0 
1 344 
