230 60
0 
0 
0 
1 107 
1 32 
0 
1 60 
0 
0 
1 104 
2 94 149 
0 
2 49 176 
1 110 
0 
0 
0 
0 
3 79 84 209 
0 
2 38 179 
1 104 
0 
2 87 99 
1 129 
0 
0 
0 
0 
0 
1 134 
0 
1 4 
0 
0 
0 
2 83 225 
0 
2 20 107 
0 
1 179 
0 
0 
0 
1 180 
1 113 
0 
0 
1 203 
2 12 210 
0 
0 
1 75 
0 
1 138 
0 
1 217 
0 
1 219 
0 
1 6 
0 
1 77 
0 
2 112 181 
0 
0 
0 
0 
1 109 
0 
0 
1 86 
0 
0 
1 52 
0 
1 62 
0 
1 18 
0 
0 
1 101 
1 36 
1 18 
1 201 
1 72 
1 23 
2 104 176 
1 197 
0 
0 
2 105 189 
0 
1 10 
0 
1 173 
0 
0 
1 23 
0 
2 82 167 
0 
0 
3 9 21 88 
1 92 
0 
2 3 38 
0 
1 69 
1 13 
0 
2 64 175 
1 45 
0 
0 
0 
0 
0 
0 
0 
0 
0 
0 
0 
0 
1 140 
0 
0 
1 24 
0 
0 
0 
0 
1 30 
0 
1 141 
1 188 
1 54 
1 145 
1 126 
1 136 
0 
0 
0 
1 139 
0 
1 208 
0 
1 10 
0 
0 
0 
0 
1 187 
0 
0 
0 
0 
0 
0 
0 
0 
0 
0 
0 
0 
1 101 
0 
0 
0 
0 
1 173 
2 96 172 
2 177 211 
1 112 
2 12 88 
1 174 
0 
3 20 40 228 
1 44 
1 64 
0 
0 
0 
0 
0 
1 154 
1 137 
2 92 214 
0 
1 208 
0 
0 
0 
1 222 
0 
1 89 
0 
0 
0 
1 85 
0 
1 48 
0 
0 
0 
0 
2 147 191 
1 18 
1 49 
1 174 
1 218 
0 
1 189 
0 
0 
1 56 
1 212 
1 58 
0 
0 
1 195 
0 
0 
1 36 
0 
0 
1 179 
0 
230 54
0 
0 
0 
0 
2 47 195 
0 
0 
0 
1 94 
0 
0 
1 83 
1 76 
1 153 
0 
0 
0 
2 34 61 
0 
1 103 
0 
1 137 
1 205 
0 
1 182 
0 
0 
0 
1 185 
1 216 
0 
0 
1 43 
0 
2 17 122 
0 
1 91 
1 130 
0 
0 
0 
0 
0 
1 32 
0 
0 
0 
1 4 
0 
0 
0 
1 91 
1 168 
0 
0 
1 119 
1 122 
0 
0 
0 
1 208 
1 17 
0 
0 
2 70 219 
2 79 214 
0 
0 
1 86 
0 
2 64 178 
1 100 
0 
1 86 
2 149 216 
1 94 
2 12 209 
0 
0 
1 65 
0 
0 
0 
1 11 
0 
1 148 
3 68 73 179 
1 91 
0 
0 
0 
3 36 51 87 
0 
0 
3 8 75 178 
1 103 
2 109 175 
0 
1 206 
1 151 
1 71 
1 211 
0 
2 19 95 
1 111 
0 
1 159 
0 
0 
1 96 
0 
2 104 219 
0 
0 
0 
0 
0 
0 
0 
1 55 
0 
0 
2 34 56 
0 
1 183 
0 
0 
0 
1 149 
0 
1 37 
0 
0 
0 
0 
0 
0 
1 21 
0 
1 146 
0 
0 
0 
0 
0 
0 
1 139 
0 
2 85 197 
2 74 128 
0 
1 99 
0 
1 13 
0 
0 
0 
1 173 
0 
1 106 
0 
0 
0 
0 
0 
0 
0 
0 
1 52 
0 
0 
0 
0 
1 157 
0 
1 96 
0 
0 
2 70 94 
1 86 
0 
0 
1 24 
1 124 
0 
1 28 
0 
0 
0 
0 
0 
0 
0 
0 
0 
1 4 
0 
1 148 
0 
0 
0 
0 
0 
0 
0 
1 22 
1 98 
0 
1 60 
2 76 212 
0 
1 101 
1 209 
0 
1 65 
0 
2 29 74 
0 
0 
2 64 111 
0 
0 
0 
0 
0 
0 
0 
0 
0 
0 
