980 258
0 
0 
1 543 
0 
0 
0 
1 62 
0 
0 
0 
0 
1 31 
1 468 
1 774 
0 
1 208 
2 80 428 
1 266 
0 
0 
1 127 
1 590 
1 329 
0 
1 817 
0 
1 67 
0 
0 
0 
1 80 
2 11 917 
1 727 
0 
0 
1 258 
0 
0 
1 263 
0 
0 
2 324 968 
0 
2 401 824 
2 571 878 
0 
0 
0 
1 644 
0 
0 
0 
0 
1 284 
1 971 
0 
0 
0 
0 
0 
1 778 
0 
3 6 259 438 
1 656 
0 
0 
0 
1 26 
0 
0 
1 863 
1 238 
0 
2 169 571 
0 
0 
0 
0 
0 
0 
3 16 30 210 
0 
0 
0 
0 
0 
0 
0 
0 
0 
0 
0 
0 
0 
1 941 
0 
0 
0 
2 500 978 
0 
0 
1 269 
1 904 
0 
1 122 
1 692 
0 
0 
2 268 509 
0 
0 
2 718 831 
2 566 893 
0 
0 
1 173 
0 
0 
2 457 648 
0 
0 
1 517 
1 104 
1 649 
0 
2 840 878 
1 577 
1 20 
0 
1 481 
1 291 
0 
0 
0 
0 
0 
0 
0 
1 267 
0 
0 
1 201 
0 
0 
0 
0 
1 304 
1 484 
1 562 
0 
0 
1 435 
0 
1 233 
2 429 552 
1 278 
0 
1 445 
0 
0 
0 
0 
0 
0 
0 
1 450 
0 
0 
0 
2 73 445 
1 874 
0 
0 
1 115 
0 
0 
1 323 
0 
0 
0 
0 
2 529 605 
0 
1 485 
0 
0 
0 
1 544 
0 
0 
0 
0 
2 548 735 
0 
0 
0 
0 
0 
0 
0 
0 
1 141 
0 
1 413 
0 
1 431 
0 
0 
1 15 
0 
4 80 257 281 737 
0 
0 
1 275 
0 
2 570 733 
1 324 
0 
1 305 
1 552 
2 528 638 
0 
0 
0 
0 
1 277 
0 
0 
0 
1 738 
0 
0 
0 
1 153 
0 
0 
0 
0 
1 71 
1 364 
0 
0 
0 
0 
1 636 
1 787 
0 
1 646 
1 741 
0 
1 675 
1 763 
0 
1 331 
1 831 
0 
0 
1 210 
2 35 269 
2 62 540 
0 
0 
0 
1 38 
0 
0 
2 17 910 
1 138 
2 108 955 
2 101 258 
0 
0 
0 
2 416 493 
0 
1 213 
1 797 
2 225 790 
1 155 
0 
0 
2 210 728 
1 494 
2 453 849 
1 53 
1 938 
0 
1 605 
1 573 
0 
0 
1 130 
1 317 
0 
0 
0 
0 
0 
0 
0 
1 500 
1 812 
0 
0 
2 146 322 
3 218 865 976 
0 
1 940 
0 
0 
0 
0 
0 
1 362 
0 
0 
0 
1 292 
1 909 
0 
1 872 
0 
1 304 
1 176 
2 41 216 
0 
0 
1 626 
1 605 
2 22 960 
1 443 
1 253 
0 
0 
0 
0 
0 
0 
1 547 
1 706 
0 
0 
0 
0 
1 351 
3 565 567 570 
0 
1 971 
1 454 
0 
0 
2 344 476 
0 
0 
1 923 
0 
1 443 
0 
0 
0 
0 
1 594 
1 313 
1 846 
1 239 
0 
1 629 
1 855 
1 747 
0 
2 670 703 
0 
0 
0 
0 
0 
1 936 
1 937 
0 
0 
3 532 545 618 
0 
0 
0 
0 
0 
0 
0 
0 
1 746 
1 437 
0 
1 564 
0 
1 431 
0 
0 
1 747 
0 
0 
0 
1 43 
0 
0 
0 
0 
0 
1 758 
0 
0 
0 
0 
0 
1 203 
0 
1 899 
1 273 
0 
0 
0 
1 819 
1 724 
0 
0 
0 
0 
0 
1 910 
1 16 
2 154 659 
0 
2 205 394 
0 
2 896 921 
0 
1 151 
0 
1 390 
1 62 
0 
0 
0 
0 
3 330 356 486 
2 616 729 
2 157 169 
0 
0 
3 572 793 799 
0 
1 165 
1 703 
1 522 
1 283 
1 348 
0 
1 931 
1 118 
0 
1 560 
0 
0 
1 813 
0 
0 
0 
0 
0 
1 12 
0 
2 886 965 
0 
1 949 
0 
1 569 
0 
1 351 
0 
0 
1 926 
0 
2 129 699 
1 649 
0 
1 147 
2 183 835 
1 443 
1 883 
1 964 
0 
0 
0 
0 
1 273 
1 282 
0 
0 
0 
0 
0 
3 98 300 850 
0 
0 
1 832 
1 801 
0 
0 
0 
0 
1 108 
0 
0 
0 
0 
0 
0 
0 
1 121 
0 
1 726 
0 
0 
1 452 
0 
0 
0 
0 
0 
1 220 
2 181 915 
0 
0 
1 380 
1 924 
1 858 
0 
0 
0 
1 623 
0 
1 259 
0 
1 966 
1 2 
2 187 931 
1 380 
1 866 
1 338 
2 192 913 
0 
0 
0 
3 154 219 733 
0 
0 
1 634 
0 
0 
0 
0 
1 459 
1 632 
1 148 
1 740 
1 392 
1 345 
1 112 
1 345 
0 
1 474 
3 215 345 605 
2 44 73 
1 448 
1 288 
0 
1 952 
1 683 
2 126 736 
0 
0 
0 
0 
0 
0 
0 
0 
0 
0 
0 
0 
2 21 950 
0 
0 
0 
1 361 
1 742 
0 
0 
1 948 
0 
0 
0 
0 
1 950 
0 
4 181 287 328 570 
0 
0 
1 639 
0 
0 
0 
0 
0 
0 
1 684 
1 444 
1 695 
1 380 
0 
0 
0 
1 696 
1 538 
0 
0 
1 327 
0 
0 
1 366 
1 804 
2 919 936 
1 561 
0 
1 555 
0 
1 244 
0 
1 220 
1 608 
0 
0 
0 
0 
2 48 843 
0 
1 247 
1 823 
2 118 783 
2 123 482 
0 
0 
1 916 
0 
0 
0 
1 63 
0 
0 
1 429 
0 
0 
1 975 
0 
0 
0 
0 
1 884 
0 
0 
1 370 
0 
0 
0 
1 917 
1 250 
0 
0 
0 
0 
0 
0 
0 
1 576 
1 615 
0 
0 
0 
0 
0 
0 
0 
1 105 
0 
0 
1 617 
1 622 
0 
1 768 
1 481 
0 
0 
0 
2 370 451 
0 
0 
1 339 
0 
0 
1 795 
0 
0 
0 
0 
0 
1 784 
0 
0 
1 111 
0 
0 
0 
0 
0 
1 421 
0 
1 519 
1 32 
1 281 
1 444 
0 
0 
0 
2 215 552 
0 
1 192 
2 577 906 
1 210 
1 229 
0 
1 563 
1 248 
1 595 
0 
0 
0 
1 389 
2 368 397 
0 
0 
0 
0 
0 
2 845 853 
0 
1 896 
0 
0 
1 407 
0 
0 
0 
0 
2 251 912 
1 768 
0 
0 
1 845 
2 698 764 
0 
0 
0 
1 907 
1 843 
1 13 
0 
0 
0 
1 60 
0 
1 964 
0 
0 
1 648 
1 715 
0 
0 
1 245 
1 810 
0 
2 277 951 
0 
0 
1 448 
0 
1 709 
0 
1 276 
0 
1 448 
0 
1 504 
1 810 
0 
1 630 
0 
0 
1 842 
1 891 
0 
2 788 802 
0 
1 301 
1 462 
0 
0 
1 945 
2 24 897 
0 
1 420 
0 
0 
1 951 
1 647 
1 43 
0 
0 
0 
0 
0 
0 
2 111 254 
1 503 
0 
0 
1 485 
0 
0 
1 934 
1 859 
1 125 
1 846 
1 807 
2 644 773 
0 
3 753 767 905 
2 363 841 
0 
0 
1 283 
1 500 
0 
0 
1 753 
0 
1 367 
0 
0 
1 534 
2 839 867 
0 
0 
0 
1 70 
0 
1 305 
1 546 
1 859 
1 955 
0 
0 
0 
1 320 
0 
1 170 
0 
0 
0 
2 44 125 
0 
0 
0 
0 
1 487 
1 667 
0 
1 470 
0 
0 
0 
0 
1 808 
1 928 
1 112 
0 
0 
2 433 755 
1 817 
0 
1 415 
0 
0 
0 
0 
1 102 
1 845 
1 736 
1 772 
0 
1 318 
2 266 427 
0 
1 763 
1 548 
0 
1 529 
1 652 
2 31 674 
0 
1 631 
0 
1 433 
1 951 
1 354 
1 533 
0 
1 479 
0 
1 892 
0 
0 
2 456 544 
0 
0 
1 838 
0 
2 376 631 
1 377 
1 285 
0 
1 307 
1 94 
0 
0 
0 
1 816 
0 
0 
1 598 
1 472 
2 590 603 
3 790 822 922 
1 575 
0 
0 
2 268 868 
0 
0 
0 
0 
1 329 
0 
0 
0 
2 488 780 
1 470 
1 542 
0 
1 41 
0 
0 
2 54 347 
0 
0 
0 
1 662 
1 305 
0 
1 98 
0 
980 240
0 
1 468 
1 119 
1 455 
2 686 921 
1 560 
1 60 
0 
0 
0 
1 580 
0 
0 
0 
0 
0 
0 
1 750 
1 364 
0 
0 
0 
1 908 
0 
1 792 
0 
0 
0 
0 
0 
0 
0 
0 
0 
1 486 
1 223 
0 
0 
1 540 
0 
0 
1 883 
0 
0 
0 
2 514 703 
0 
0 
1 979 
0 
1 66 
0 
1 176 
0 
0 
0 
2 390 594 
0 
0 
1 213 
1 6 
0 
0 
2 354 729 
2 282 751 
1 609 
2 50 479 
0 
0 
0 
1 231 
0 
1 970 
0 
0 
1 219 
0 
0 
1 302 
0 
1 703 
0 
1 811 
1 627 
0 
1 173 
0 
0 
0 
2 250 400 
0 
0 
1 834 
2 336 408 
2 869 899 
1 961 
0 
0 
0 
0 
0 
1 266 
0 
0 
0 
1 687 
0 
0 
0 
0 
1 178 
1 773 
0 
0 
0 
1 836 
0 
0 
0 
1 2 
0 
0 
0 
1 256 
0 
0 
1 856 
1 403 
0 
0 
2 273 499 
0 
0 
0 
0 
0 
0 
1 520 
0 
2 191 329 
0 
0 
1 727 
1 787 
0 
1 584 
1 482 
1 256 
0 
0 
0 
0 
0 
1 711 
1 630 
1 883 
0 
0 
0 
0 
0 
0 
0 
0 
0 
0 
0 
3 738 865 878 
1 389 
0 
2 596 785 
0 
0 
1 85 
0 
0 
2 52 361 
1 478 
3 110 808 904 
0 
0 
1 787 
0 
0 
1 212 
0 
0 
0 
0 
2 196 674 
0 
1 139 
0 
0 
0 
0 
1 189 
0 
0 
1 471 
0 
0 
0 
1 821 
1 763 
1 435 
0 
0 
0 
0 
1 223 
0 
3 184 283 666 
1 59 
1 689 
2 394 695 
0 
0 
0 
1 75 
1 724 
1 253 
0 
2 35 210 
1 652 
0 
0 
0 
0 
0 
0 
1 70 
2 442 523 
1 848 
0 
1 245 
0 
0 
0 
2 251 617 
2 506 924 
0 
0 
0 
1 883 
1 235 
0 
0 
0 
0 
2 89 678 
1 239 
2 268 624 
2 221 467 
0 
1 849 
2 123 147 
1 836 
0 
1 726 
0 
0 
1 329 
2 318 875 
0 
0 
2 101 593 
1 866 
1 252 
0 
0 
0 
0 
1 130 
0 
0 
0 
2 609 661 
0 
0 
0 
0 
1 64 
1 212 
1 802 
0 
0 
0 
2 444 458 
0 
0 
1 684 
2 315 460 
0 
0 
0 
0 
0 
0 
0 
1 846 
2 338 348 
2 78 912 
0 
1 798 
0 
1 842 
0 
1 500 
0 
1 910 
0 
0 
0 
0 
1 292 
0 
1 835 
2 263 463 
0 
0 
2 512 824 
0 
0 
0 
0 
0 
0 
1 797 
2 139 262 
0 
2 501 561 
0 
0 
0 
2 376 657 
1 93 
0 
1 301 
0 
2 539 977 
0 
0 
0 
0 
0 
2 626 899 
0 
1 301 
0 
0 
0 
0 
0 
2 63 687 
0 
0 
0 
0 
0 
0 
1 176 
0 
0 
1 18 
0 
1 889 
0 
0 
0 
0 
0 
0 
0 
0 
0 
1 335 
0 
0 
0 
0 
0 
1 613 
0 
0 
1 394 
2 451 722 
0 
0 
1 168 
1 56 
1 456 
1 414 
0 
2 215 385 
1 428 
0 
0 
0 
0 
1 89 
0 
0 
1 127 
0 
1 511 
1 698 
0 
1 93 
0 
1 505 
0 
0 
0 
1 392 
0 
0 
1 602 
1 422 
0 
0 
0 
1 418 
0 
0 
0 
1 556 
1 859 
1 395 
0 
1 898 
0 
0 
0 
1 746 
1 205 
2 587 953 
0 
0 
0 
1 820 
0 
1 232 
0 
1 288 
0 
0 
0 
0 
0 
0 
2 386 580 
0 
0 
1 773 
1 3 
2 391 768 
0 
1 288 
0 
1 292 
0 
2 782 965 
2 318 771 
0 
1 870 
1 851 
2 253 732 
1 1 
0 
1 702 
1 199 
0 
0 
0 
0 
1 710 
0 
1 177 
1 66 
0 
0 
2 146 695 
0 
1 627 
0 
1 34 
0 
0 
0 
0 
1 504 
0 
0 
0 
0 
0 
0 
0 
1 130 
2 308 588 
1 331 
0 
0 
1 491 
2 410 728 
1 240 
0 
0 
0 
0 
1 405 
1 321 
1 844 
2 45 651 
0 
0 
0 
0 
0 
1 137 
1 909 
0 
1 232 
1 867 
0 
0 
0 
1 877 
0 
0 
1 658 
0 
0 
2 710 964 
2 827 940 
1 599 
1 792 
0 
2 340 772 
1 38 
1 704 
0 
0 
0 
0 
2 609 825 
1 700 
0 
0 
0 
0 
0 
0 
0 
1 592 
1 426 
0 
1 881 
1 703 
2 5 797 
1 331 
0 
0 
0 
0 
0 
0 
0 
0 
0 
0 
0 
0 
0 
0 
0 
0 
0 
0 
2 10 451 
0 
0 
0 
1 145 
0 
0 
1 436 
2 500 700 
0 
0 
0 
1 555 
1 266 
1 56 
0 
1 170 
0 
1 693 
1 536 
0 
0 
1 417 
1 864 
0 
0 
1 785 
0 
0 
3 65 277 546 
1 652 
0 
0 
1 382 
1 643 
0 
0 
1 239 
0 
0 
0 
0 
0 
1 928 
1 252 
0 
1 346 
2 83 484 
0 
1 673 
1 154 
0 
2 653 655 
0 
1 901 
0 
0 
0 
0 
0 
0 
0 
0 
1 614 
0 
0 
0 
0 
1 869 
0 
1 816 
2 514 706 
2 224 610 
1 632 
1 840 
1 632 
0 
1 335 
1 531 
0 
0 
1 277 
0 
0 
0 
0 
1 212 
0 
1 835 
0 
0 
0 
0 
1 629 
1 189 
0 
0 
0 
1 250 
1 710 
0 
1 843 
1 767 
0 
1 291 
0 
1 4 
2 105 354 
0 
1 214 
0 
0 
0 
1 598 
0 
2 215 482 
0 
0 
1 406 
0 
2 547 588 
0 
1 470 
3 45 80 559 
2 541 933 
0 
1 651 
0 
0 
0 
4 476 534 679 974 
1 153 
0 
1 862 
0 
0 
0 
0 
0 
0 
0 
0 
1 386 
0 
1 220 
0 
1 259 
1 142 
1 505 
1 63 
0 
0 
1 467 
0 
0 
0 
0 
1 841 
1 167 
0 
0 
0 
0 
0 
0 
1 919 
1 434 
0 
0 
0 
1 17 
1 64 
0 
0 
0 
0 
0 
0 
0 
0 
0 
0 
0 
1 204 
0 
0 
1 959 
1 682 
2 456 873 
0 
0 
1 463 
1 539 
2 111 454 
1 966 
0 
0 
0 
0 
2 821 903 
0 
0 
1 462 
1 957 
0 
2 170 606 
0 
2 143 181 
1 850 
1 963 
0 
0 
2 24 537 
0 
0 
0 
0 
2 328 560 
1 304 
0 
0 
0 
1 284 
0 
0 
0 
0 
0 
1 178 
0 
0 
1 82 
0 
0 
0 
0 
2 650 919 
0 
0 
0 
1 440 
2 203 779 
0 
0 
1 321 
1 546 
0 
1 535 
0 
0 
0 
0 
0 
0 
1 92 
2 317 668 
2 115 257 
1 865 
0 
0 
1 654 
2 737 963 
1 306 
1 681 
1 513 
0 
1 300 
0 
1 233 
1 255 
2 788 962 
1 466 
0 
0 
0 
0 
1 126 
0 
0 
1 427 
0 
0 
1 713 
0 
1 603 
2 167 837 
1 267 
1 524 
0 
2 94 648 
1 465 
0 
0 
1 768 
0 
1 263 
0 
1 528 
1 167 
0 
0 
1 558 
0 
4 41 155 244 901 
0 
0 
0 
0 
0 
1 366 
0 
0 
0 
0 
0 
0 
0 
0 
1 430 
2 94 346 
0 
2 634 883 
0 
1 779 
1 178 
0 
0 
0 
2 22 925 
1 521 
1 310 
0 
1 302 
0 
0 
0 
0 
0 
0 
2 745 816 
0 
1 4 
0 
0 
1 240 
1 908 
0 
0 
1 623 
0 
0 
0 
0 
1 704 
0 
0 
0 
0 
0 
0 
1 535 
0 
0 
0 
0 
0 
0 
0 
0 
0 
0 
0 
0 
1 436 
0 
0 
0 
1 783 
0 
1 766 
0 
1 95 
1 850 
2 789 841 
1 534 
1 462 
1 774 
0 
0 
0 
1 72 
0 
0 
0 
1 710 
0 
0 
1 340 
0 
1 48 
