570 163
1 327 
1 403 
0 
1 331 
1 523 
1 104 
1 414 
1 354 
1 335 
1 374 
0 
0 
0 
0 
0 
0 
0 
0 
1 168 
1 231 
0 
0 
1 131 
3 53 98 355 
2 210 432 
0 
1 164 
0 
0 
0 
1 531 
0 
0 
1 181 
0 
1 332 
0 
0 
1 84 
0 
0 
0 
1 322 
0 
0 
0 
1 514 
3 406 484 565 
1 484 
1 276 
1 565 
0 
0 
1 23 
0 
0 
0 
1 519 
0 
1 482 
0 
0 
0 
0 
0 
1 483 
0 
3 225 370 393 
1 449 
0 
1 389 
0 
0 
0 
1 219 
1 399 
0 
0 
1 415 
1 208 
0 
0 
0 
2 199 510 
1 38 
1 253 
0 
0 
0 
1 530 
0 
1 420 
0 
0 
0 
1 489 
0 
0 
2 23 166 
0 
0 
2 297 523 
0 
2 134 280 
1 5 
0 
1 551 
1 520 
2 138 248 
0 
1 338 
1 374 
2 206 484 
1 261 
0 
0 
1 120 
0 
1 183 
0 
2 116 404 
0 
0 
0 
0 
0 
0 
0 
0 
1 188 
1 157 
3 22 233 238 
1 393 
0 
1 103 
0 
1 240 
0 
1 108 
0 
1 396 
1 507 
0 
0 
0 
1 548 
1 321 
1 366 
1 395 
0 
0 
0 
0 
1 425 
0 
1 255 
1 439 
1 130 
1 291 
0 
0 
1 221 
1 568 
0 
1 26 
0 
2 98 271 
0 
3 18 182 237 
0 
0 
0 
0 
1 473 
0 
0 
1 404 
0 
0 
1 307 
0 
1 33 
1 168 
1 118 
0 
1 493 
1 431 
0 
1 129 
0 
0 
1 363 
0 
0 
0 
0 
0 
0 
0 
1 83 
2 344 414 
0 
0 
1 270 
0 
0 
2 112 317 
1 272 
1 79 
1 332 
2 24 346 
0 
0 
0 
0 
0 
0 
0 
1 537 
2 74 523 
0 
1 161 
0 
1 299 
1 565 
1 67 
0 
0 
2 377 395 
0 
0 
1 19 
0 
1 131 
0 
0 
0 
2 168 427 
1 131 
0 
1 136 
0 
1 470 
0 
1 429 
1 302 
1 429 
0 
2 108 533 
0 
0 
0 
0 
2 85 372 
0 
1 155 
0 
0 
0 
0 
0 
1 113 
1 303 
0 
0 
0 
0 
0 
0 
0 
2 203 295 
1 166 
1 207 
1 340 
0 
0 
1 49 
1 412 
0 
0 
1 103 
0 
0 
0 
0 
0 
0 
0 
0 
1 448 
0 
1 158 
0 
0 
0 
2 270 332 
0 
1 101 
0 
1 223 
0 
0 
1 245 
1 262 
2 346 413 
0 
0 
1 179 
0 
0 
1 559 
3 329 332 508 
0 
1 383 
0 
1 380 
0 
1 206 
0 
1 517 
0 
1 146 
3 42 382 385 
1 362 
0 
0 
0 
1 0 
0 
3 311 518 553 
1 341 
1 3 
5 35 209 295 311 439 
1 490 
0 
2 8 352 
0 
0 
2 110 505 
0 
2 273 362 
2 330 344 
0 
1 482 
2 200 341 
0 
2 210 304 
0 
0 
2 387 513 
0 
1 388 
1 335 
0 
1 7 
1 23 
1 567 
0 
0 
1 387 
0 
1 481 
4 323 340 455 567 
1 191 
1 444 
1 559 
1 147 
0 
1 507 
0 
2 67 562 
0 
1 253 
0 
2 9 111 
0 
1 443 
1 228 
0 
0 
1 315 
0 
1 322 
1 313 
0 
1 322 
0 
4 349 359 414 523 
1 351 
1 70 
0 
0 
0 
2 67 132 
0 
2 148 228 
1 140 
0 
0 
1 75 
0 
0 
0 
1 1 
2 120 176 
0 
1 47 
0 
1 556 
0 
0 
0 
1 277 
1 304 
3 6 200 387 
1 78 
0 
0 
0 
0 
1 91 
0 
0 
0 
0 
1 153 
0 
2 237 519 
0 
2 244 246 
0 
1 186 
2 24 478 
0 
0 
0 
0 
0 
0 
2 156 332 
0 
0 
2 489 549 
1 376 
1 364 
0 
0 
0 
1 289 
1 68 
0 
0 
0 
1 517 
0 
1 362 
0 
0 
0 
0 
0 
1 467 
0 
0 
0 
0 
0 
1 461 
0 
0 
1 242 
0 
0 
1 173 
1 547 
0 
0 
0 
1 432 
0 
0 
1 361 
2 59 343 
1 65 
3 47 48 112 
0 
0 
0 
0 
2 95 442 
1 333 
0 
0 
1 185 
0 
0 
0 
0 
0 
0 
0 
0 
0 
0 
0 
1 338 
0 
2 141 368 
1 311 
0 
1 83 
0 
0 
1 349 
1 46 
0 
0 
2 319 453 
1 329 
2 57 427 
1 107 
0 
0 
4 4 101 219 387 
0 
0 
0 
0 
0 
0 
1 89 
1 30 
0 
1 248 
0 
0 
0 
1 218 
0 
0 
0 
0 
0 
0 
0 
0 
0 
1 474 
1 145 
1 442 
0 
1 106 
0 
1 329 
0 
0 
1 408 
0 
0 
2 310 365 
0 
0 
1 370 
0 
0 
3 47 50 224 
0 
2 356 362 
1 162 
0 
570 140
0 
0 
1 143 
0 
0 
1 396 
2 129 266 
0 
0 
0 
0 
0 
0 
1 152 
1 405 
0 
0 
0 
0 
0 
1 95 
0 
0 
0 
0 
1 366 
1 402 
0 
0 
0 
2 81 406 
0 
1 102 
0 
0 
0 
0 
2 232 392 
0 
0 
1 313 
1 187 
0 
1 104 
0 
0 
1 257 
1 337 
0 
1 281 
1 437 
1 339 
1 365 
2 148 440 
1 269 
0 
1 502 
0 
0 
0 
1 140 
0 
0 
0 
2 108 389 
1 184 
0 
0 
0 
0 
0 
0 
0 
1 488 
0 
2 328 463 
1 512 
0 
1 256 
1 118 
0 
2 30 127 
0 
0 
0 
0 
0 
0 
1 230 
1 223 
0 
0 
0 
0 
1 304 
1 20 
0 
1 196 
0 
0 
2 242 484 
1 271 
1 32 
0 
1 43 
1 449 
0 
0 
1 64 
3 251 536 554 
0 
0 
0 
1 443 
1 333 
1 478 
0 
1 180 
1 79 
1 135 
1 569 
1 189 
1 359 
0 
1 468 
0 
0 
1 81 
1 144 
1 6 
0 
1 347 
0 
1 227 
0 
2 119 526 
0 
0 
0 
0 
1 60 
0 
0 
2 2 498 
2 128 414 
0 
0 
0 
1 53 
0 
0 
0 
1 13 
0 
0 
2 200 249 
0 
0 
0 
0 
1 425 
0 
0 
0 
2 215 559 
2 506 546 
0 
0 
0 
0 
0 
0 
0 
0 
0 
0 
1 522 
0 
0 
0 
2 117 234 
0 
0 
1 216 
1 65 
0 
0 
1 41 
0 
2 121 367 
1 332 
0 
0 
1 378 
0 
0 
1 97 
0 
1 202 
0 
1 155 
0 
1 198 
1 350 
0 
2 299 488 
1 239 
0 
1 317 
1 530 
1 531 
0 
0 
0 
0 
1 164 
2 183 462 
1 492 
0 
0 
1 379 
0 
0 
1 89 
0 
0 
0 
1 133 
0 
0 
2 88 253 
0 
2 37 291 
0 
1 180 
1 461 
0 
1 294 
1 561 
1 206 
2 473 481 
0 
1 100 
0 
0 
0 
0 
0 
1 448 
1 155 
0 
1 109 
1 525 
1 230 
0 
1 370 
1 78 
1 46 
0 
0 
0 
1 475 
0 
0 
0 
0 
1 6 
0 
1 471 
3 54 305 493 
0 
1 101 
0 
1 560 
0 
0 
1 357 
0 
1 445 
0 
0 
1 49 
0 
1 563 
0 
0 
1 404 
0 
0 
0 
0 
1 232 
0 
1 511 
1 237 
0 
0 
0 
0 
1 205 
0 
1 530 
0 
0 
3 94 435 558 
1 269 
0 
0 
0 
0 
0 
2 372 542 
1 483 
1 40 
0 
0 
1 460 
1 208 
0 
0 
1 393 
1 383 
0 
0 
0 
0 
0 
0 
2 75 329 
1 328 
0 
0 
1 190 
1 114 
0 
0 
0 
1 47 
0 
2 51 527 
0 
0 
1 358 
0 
0 
0 
0 
2 131 456 
0 
1 409 
1 203 
0 
0 
0 
1 397 
0 
0 
1 276 
1 342 
1 122 
0 
1 392 
1 534 
2 385 420 
0 
1 52 
1 25 
1 189 
0 
0 
1 255 
0 
1 311 
0 
0 
0 
0 
1 508 
1 193 
1 220 
0 
0 
0 
1 321 
0 
1 363 
0 
1 503 
0 
1 64 
0 
0 
3 37 361 434 
1 320 
0 
0 
1 5 
1 354 
0 
0 
1 452 
1 470 
1 26 
1 537 
2 286 513 
1 14 
1 30 
0 
0 
1 349 
0 
0 
0 
0 
1 144 
0 
0 
0 
0 
0 
1 363 
0 
0 
0 
0 
1 160 
0 
0 
0 
1 492 
0 
0 
0 
0 
1 392 
1 304 
0 
1 50 
0 
0 
1 53 
0 
0 
1 113 
0 
1 278 
0 
0 
1 248 
1 105 
0 
0 
1 400 
0 
0 
0 
1 347 
0 
0 
0 
1 316 
1 235 
1 216 
1 75 
0 
0 
0 
0 
1 124 
0 
1 401 
1 268 
0 
2 240 545 
0 
2 261 483 
0 
0 
1 115 
0 
0 
1 240 
0 
2 312 475 
1 100 
0 
0 
0 
2 73 205 
0 
0 
0 
2 217 429 
1 269 
0 
0 
0 
0 
1 143 
0 
0 
0 
1 56 
1 387 
0 
0 
1 165 
0 
1 377 
0 
0 
1 293 
1 76 
1 404 
0 
1 532 
0 
0 
0 
0 
0 
0 
1 176 
0 
0 
1 252 
1 135 
1 339 
1 540 
0 
2 209 301 
1 210 
1 515 
0 
1 362 
0 
1 109 
1 403 
0 
0 
1 528 
0 
1 311 
0 
0 
1 473 
1 165 
0 
0 
0 
0 
0 
0 
0 
1 109 
0 
0 
0 
1 304 
1 164 
1 273 
1 238 
0 
1 283 
0 
0 
0 
1 568 
1 567 
1 120 
