90 21
0 
0 
0 
0 
0 
0 
0 
0 
0 
1 32 
1 45 
1 25 
0 
0 
0 
0 
1 82 
1 53 
0 
0 
0 
1 43 
1 43 
0 
1 72 
1 11 
0 
0 
2 34 53 
0 
0 
2 66 86 
2 9 64 
0 
1 28 
0 
0 
1 38 
2 37 78 
0 
0 
1 58 
0 
3 21 22 63 
1 70 
1 10 
0 
0 
0 
1 66 
0 
0 
0 
2 17 28 
0 
0 
1 79 
0 
1 41 
0 
1 88 
0 
0 
1 43 
1 32 
0 
2 31 49 
0 
0 
0 
1 44 
0 
1 24 
0 
0 
0 
0 
0 
1 38 
1 56 
0 
0 
1 16 
0 
0 
0 
1 31 
0 
1 60 
0 
90 24
2 25 30 
1 67 
0 
0 
1 57 
0 
1 31 
1 82 
0 
1 24 
0 
1 37 
1 83 
1 19 
0 
0 
1 32 
0 
0 
1 13 
0 
0 
0 
1 49 
1 9 
2 0 48 
1 77 
1 52 
0 
1 82 
1 0 
1 6 
1 16 
0 
0 
1 49 
0 
1 11 
0 
0 
0 
0 
1 56 
0 
0 
0 
0 
0 
2 25 76 
2 23 35 
1 58 
0 
1 27 
0 
0 
0 
1 42 
1 4 
1 50 
0 
0 
0 
0 
1 65 
1 89 
2 63 83 
0 
1 1 
0 
1 72 
0 
0 
1 69 
0 
0 
0 
1 48 
1 26 
0 
0 
0 
0 
2 7 29 
2 12 65 
0 
0 
0 
0 
0 
1 64 
