70 14
1 42 
0 
0 
0 
0 
0 
0 
0 
0 
0 
0 
0 
1 38 
0 
1 19 
1 23 
0 
0 
0 
1 14 
0 
0 
0 
2 15 59 
1 57 
0 
0 
0 
0 
0 
0 
1 38 
1 68 
0 
0 
0 
0 
1 58 
2 12 31 
0 
0 
0 
1 0 
0 
0 
2 50 69 
0 
0 
0 
0 
1 45 
0 
0 
0 
0 
0 
1 61 
2 24 69 
1 37 
1 23 
0 
2 56 66 
0 
0 
0 
0 
1 61 
0 
1 32 
2 45 57 
70 16
0 
0 
0 
1 12 
1 38 
0 
1 38 
0 
2 13 65 
0 
0 
0 
2 3 37 
1 8 
0 
0 
0 
1 32 
0 
1 62 
0 
0 
0 
0 
0 
1 30 
0 
0 
0 
2 49 54 
1 25 
0 
2 17 65 
0 
0 
0 
0 
1 12 
2 4 6 
0 
1 53 
0 
0 
0 
0 
1 64 
0 
0 
0 
1 29 
0 
0 
1 57 
1 40 
1 29 
0 
0 
1 52 
0 
1 69 
0 
0 
1 19 
0 
1 45 
2 8 32 
0 
0 
0 
1 59 
