600 165
1 327 
1 373 
0 
1 241 
2 403 548 
0 
1 234 
1 144 
1 95 
1 104 
0 
0 
0 
0 
0 
0 
0 
1 209 
1 241 
0 
0 
3 48 516 561 
1 241 
2 65 287 
1 531 
0 
0 
0 
0 
1 200 
0 
1 324 
0 
1 411 
0 
0 
1 67 
0 
0 
0 
1 177 
0 
0 
0 
1 241 
3 101 179 260 
2 147 459 
0 
2 21 164 
0 
0 
0 
0 
0 
1 438 
0 
1 335 
0 
0 
0 
0 
0 
1 138 
3 349 494 517 
0 
1 23 
1 411 
1 36 
0 
0 
1 105 
1 251 
0 
0 
2 165 448 
0 
0 
0 
1 299 
1 90 
1 283 
0 
0 
0 
1 420 
0 
1 240 
0 
0 
0 
1 79 
0 
1 247 
0 
0 
3 8 270 496 
1 537 
1 181 
0 
0 
1 344 
4 45 277 356 466 
0 
1 482 
2 9 481 
3 70 276 554 
1 294 
0 
1 532 
0 
1 519 
0 
0 
1 178 
0 
0 
0 
0 
0 
0 
1 584 
1 514 
2 551 556 
0 
1 197 
0 
0 
1 363 
0 
0 
0 
1 363 
1 435 
0 
0 
0 
2 320 516 
1 521 
2 62 510 
0 
0 
0 
0 
1 340 
2 7 544 
0 
1 234 
1 46 
0 
0 
1 264 
1 570 
0 
0 
1 553 
0 
2 380 435 
0 
0 
0 
0 
1 461 
0 
0 
2 48 266 
1 74 
1 475 
0 
0 
0 
0 
0 
1 403 
1 298 
0 
0 
0 
2 40 436 
1 113 
1 45 
0 
1 97 
0 
0 
0 
2 434 504 
0 
0 
1 225 
0 
0 
1 454 
0 
1 422 
1 390 
0 
0 
1 124 
0 
0 
1 29 
0 
2 213 549 
0 
0 
0 
0 
1 356 
0 
1 17 
2 368 386 
0 
0 
1 202 
0 
0 
0 
0 
1 366 
0 
0 
0 
1 540 
0 
2 399 596 
1 188 
1 299 
0 
1 303 
0 
0 
0 
0 
0 
2 6 146 
0 
0 
0 
0 
1 447 
1 86 
4 3 18 22 44 
0 
0 
0 
0 
1 367 
1 92 
0 
1 250 
1 249 
1 71 
1 452 
0 
0 
0 
0 
0 
0 
0 
1 45 
0 
1 499 
0 
1 150 
0 
1 164 
1 372 
0 
0 
1 95 
0 
0 
0 
2 511 578 
0 
1 105 
1 101 
0 
0 
4 364 392 395 571 
0 
1 324 
2 80 514 
0 
0 
0 
2 23 403 
0 
2 391 394 
1 308 
0 
0 
0 
1 106 
2 389 451 
0 
1 419 
2 173 405 
3 78 226 436 
0 
0 
1 391 
2 228 411 
1 326 
0 
1 330 
0 
1 290 
0 
2 408 534 
1 558 
0 
0 
0 
0 
1 387 
1 558 
0 
1 508 
3 136 410 522 
1 532 
1 574 
0 
3 31 282 577 
0 
2 304 484 
1 0 
0 
0 
2 306 456 
0 
0 
0 
0 
1 56 
0 
0 
2 368 477 
0 
1 143 
0 
0 
0 
1 100 
0 
0 
0 
0 
1 63 
0 
0 
1 552 
0 
0 
0 
2 101 207 
0 
0 
0 
0 
0 
0 
2 127 131 
2 280 498 
0 
1 218 
2 246 453 
2 210 338 
0 
0 
0 
1 267 
3 1 408 468 
0 
0 
0 
0 
0 
0 
1 156 
0 
0 
1 404 
0 
0 
1 210 
1 316 
0 
2 295 522 
1 194 
2 289 302 
1 280 
0 
1 289 
1 280 
0 
0 
0 
1 224 
0 
0 
0 
3 4 172 287 
1 383 
1 298 
0 
0 
2 310 373 
0 
1 320 
3 33 66 303 
0 
0 
0 
0 
0 
0 
0 
2 297 452 
1 84 
0 
1 193 
0 
0 
0 
0 
0 
0 
0 
0 
0 
2 447 584 
0 
1 185 
2 132 156 
2 177 299 
0 
1 54 
0 
0 
0 
0 
0 
0 
0 
0 
2 239 432 
1 74 
0 
0 
1 295 
2 252 419 
1 367 
1 191 
0 
1 330 
1 533 
0 
1 46 
0 
1 161 
0 
1 510 
0 
0 
1 101 
0 
1 373 
0 
0 
0 
0 
0 
0 
1 166 
0 
1 338 
0 
0 
0 
1 104 
1 103 
0 
1 326 
0 
0 
1 545 
0 
0 
0 
0 
0 
0 
1 63 
0 
1 95 
0 
1 364 
1 262 
0 
0 
0 
0 
1 185 
0 
0 
0 
1 319 
0 
2 138 463 
1 274 
0 
0 
2 121 283 
0 
2 21 136 
1 63 
1 570 
1 110 
0 
1 137 
2 320 389 
0 
0 
0 
1 537 
0 
0 
0 
0 
1 24 
2 108 321 
1 457 
1 310 
0 
0 
2 96 526 
0 
0 
1 222 
0 
0 
0 
1 144 
1 487 
0 
0 
1 4 
1 202 
0 
1 122 
1 352 
1 154 
1 105 
0 
1 122 
0 
3 311 317 570 
0 
0 
1 21 
0 
0 
0 
0 
0 
1 571 
0 
0 
3 151 518 558 
2 280 567 
0 
0 
1 322 
0 
0 
1 324 
1 274 
0 
0 
0 
0 
0 
2 120 432 
0 
0 
0 
0 
0 
0 
0 
0 
0 
0 
0 
1 224 
0 
0 
0 
600 156
1 247 
0 
0 
0 
0 
2 67 227 
0 
1 553 
1 364 
0 
1 155 
0 
0 
1 119 
1 136 
1 537 
0 
1 47 
1 429 
2 148 440 
1 205 
0 
1 310 
0 
0 
1 265 
0 
0 
1 543 
2 254 553 
0 
0 
0 
0 
0 
0 
0 
1 329 
0 
1 172 
1 155 
1 324 
1 119 
1 549 
0 
0 
0 
1 17 
0 
0 
1 176 
1 101 
0 
0 
0 
1 385 
0 
0 
1 70 
0 
1 447 
2 151 406 
0 
0 
0 
1 304 
0 
1 5 
1 356 
2 111 129 
1 58 
0 
1 264 
1 83 
1 157 
1 240 
1 573 
0 
2 413 481 
1 578 
0 
1 541 
0 
1 73 
1 439 
0 
0 
1 420 
0 
1 152 
0 
1 303 
0 
0 
0 
0 
0 
0 
2 183 524 
0 
0 
1 51 
0 
0 
0 
0 
0 
1 504 
0 
0 
0 
1 69 
1 290 
0 
0 
2 251 595 
2 463 503 
0 
0 
2 13 42 
0 
0 
0 
0 
0 
1 555 
0 
0 
1 413 
1 69 
0 
1 149 
0 
0 
0 
0 
2 14 270 
1 152 
0 
1 408 
0 
0 
0 
1 267 
0 
0 
0 
1 441 
1 19 
3 131 407 521 
0 
2 61 425 
3 89 137 551 
1 465 
0 
2 10 40 
0 
1 74 
1 314 
1 256 
0 
1 316 
0 
0 
0 
0 
0 
0 
1 587 
0 
1 441 
0 
1 39 
1 335 
1 408 
1 582 
1 50 
2 308 316 
0 
0 
0 
0 
0 
2 98 368 
0 
0 
1 477 
0 
1 444 
0 
0 
0 
0 
1 372 
0 
0 
0 
0 
1 481 
2 215 403 
0 
0 
1 466 
0 
1 354 
1 20 
1 238 
0 
0 
0 
1 234 
1 539 
0 
0 
0 
1 199 
0 
1 292 
0 
0 
0 
0 
1 588 
0 
1 540 
1 289 
0 
1 5 
0 
1 444 
1 443 
0 
0 
1 337 
1 210 
1 543 
1 418 
0 
1 206 
0 
1 75 
1 272 
0 
0 
0 
0 
0 
1 0 
1 577 
0 
1 393 
1 115 
0 
1 570 
1 29 
1 275 
1 159 
0 
1 322 
0 
0 
0 
1 440 
3 453 510 545 
1 72 
1 25 
0 
1 143 
0 
0 
1 136 
0 
2 241 433 
0 
0 
1 255 
0 
0 
1 352 
0 
1 539 
0 
0 
0 
0 
2 357 543 
0 
2 318 459 
0 
1 225 
1 112 
0 
1 217 
0 
0 
0 
0 
0 
0 
1 572 
0 
0 
0 
1 91 
1 65 
0 
0 
0 
1 177 
0 
1 22 
0 
0 
0 
1 158 
0 
2 161 177 
1 566 
2 287 412 
0 
0 
0 
1 258 
0 
1 41 
0 
0 
0 
0 
2 37 376 
0 
1 458 
0 
0 
1 507 
2 173 530 
0 
1 233 
0 
0 
0 
0 
0 
0 
0 
1 571 
0 
0 
0 
1 391 
0 
0 
1 278 
1 507 
1 204 
0 
2 68 493 
1 285 
0 
1 519 
0 
0 
0 
0 
2 8 584 
0 
0 
1 506 
1 183 
0 
0 
0 
1 193 
1 450 
0 
0 
1 329 
0 
0 
0 
0 
0 
0 
0 
0 
2 55 402 
0 
0 
0 
0 
0 
1 349 
0 
2 250 421 
0 
0 
0 
0 
0 
1 428 
0 
0 
1 385 
1 199 
0 
1 511 
1 61 
3 149 436 481 
2 139 174 
0 
0 
0 
1 318 
2 78 128 
0 
0 
0 
0 
1 236 
0 
1 87 
2 393 592 
0 
2 449 470 
0 
2 151 507 
0 
0 
1 399 
1 18 
0 
0 
0 
1 272 
0 
0 
1 407 
1 498 
0 
1 84 
2 19 262 
2 147 170 
0 
1 230 
2 188 229 
0 
1 565 
2 60 458 
0 
1 423 
1 373 
0 
0 
1 263 
0 
0 
0 
1 523 
2 331 447 
1 287 
0 
0 
1 587 
1 116 
0 
1 153 
1 202 
0 
0 
0 
1 423 
0 
0 
0 
1 594 
0 
0 
2 186 569 
0 
0 
0 
4 78 198 407 523 
0 
0 
0 
0 
0 
0 
1 492 
0 
0 
0 
1 488 
1 356 
0 
0 
0 
0 
1 437 
0 
1 560 
0 
0 
1 116 
1 107 
0 
1 367 
3 334 353 425 
0 
0 
1 263 
1 405 
0 
0 
1 564 
0 
0 
0 
0 
1 359 
0 
1 149 
0 
2 457 481 
1 98 
0 
0 
0 
0 
0 
1 335 
0 
0 
0 
0 
0 
0 
1 15 
0 
2 211 280 
1 224 
1 81 
0 
3 28 235 285 
0 
1 263 
0 
0 
0 
1 43 
0 
1 152 
0 
2 7 29 
0 
1 125 
0 
0 
0 
0 
1 500 
0 
0 
0 
1 514 
1 446 
1 317 
0 
0 
1 477 
1 253 
2 345 589 
1 299 
1 76 
0 
1 577 
0 
2 248 575 
1 79 
0 
0 
0 
1 175 
0 
1 364 
0 
0 
2 168 462 
1 222 
1 571 
0 
0 
1 421 
0 
1 474 
1 115 
0 
0 
0 
0 
