550 238
1 219 
1 80 
1 389 
2 267 364 
1 354 
0 
3 26 256 334 
0 
0 
1 116 
1 264 
0 
1 54 
0 
0 
0 
0 
2 63 114 
1 119 
1 84 
1 81 
2 306 451 
2 482 484 
2 105 312 
0 
0 
1 6 
0 
1 470 
0 
0 
1 352 
2 151 517 
4 131 417 542 546 
1 536 
2 334 529 
1 501 
1 510 
0 
1 112 
1 104 
2 58 382 
1 441 
0 
0 
1 76 
1 464 
0 
2 218 537 
1 399 
2 390 506 
0 
2 74 290 
0 
1 12 
1 125 
2 100 244 
0 
2 41 453 
2 105 406 
1 404 
1 390 
0 
1 17 
1 496 
0 
1 222 
1 173 
2 260 301 
0 
0 
0 
1 535 
1 398 
2 52 444 
0 
2 45 279 
1 472 
1 533 
2 241 545 
3 1 294 447 
1 20 
0 
0 
1 19 
0 
1 485 
0 
1 110 
0 
1 545 
0 
0 
1 122 
0 
1 201 
0 
1 313 
1 116 
1 226 
1 56 
0 
0 
0 
1 40 
3 23 59 407 
0 
2 431 453 
0 
0 
1 88 
0 
1 39 
0 
3 17 447 450 
1 428 
3 9 98 148 
0 
1 308 
1 18 
1 341 
1 401 
3 93 395 498 
0 
0 
2 55 161 
0 
1 221 
0 
0 
0 
2 33 296 
0 
0 
1 522 
0 
1 525 
0 
1 303 
2 364 424 
1 506 
0 
2 261 347 
0 
0 
2 255 302 
0 
0 
2 116 251 
0 
0 
2 32 276 
0 
1 374 
0 
0 
0 
0 
1 416 
1 215 
2 163 196 
3 125 393 469 
2 263 512 
1 160 
0 
0 
0 
2 177 375 
0 
2 274 424 
3 238 330 531 
0 
1 490 
1 67 
1 301 
0 
1 346 
2 167 265 
0 
1 418 
0 
0 
1 540 
0 
1 413 
1 465 
1 387 
0 
1 347 
0 
0 
1 399 
0 
0 
0 
0 
2 160 477 
1 363 
0 
0 
0 
1 95 
0 
2 422 434 
0 
0 
0 
0 
0 
0 
0 
2 312 543 
1 446 
0 
1 291 
3 159 354 521 
0 
1 414 
1 48 
1 0 
0 
1 127 
2 66 498 
0 
0 
1 371 
2 99 280 
0 
0 
0 
0 
1 277 
0 
0 
0 
1 359 
0 
1 393 
1 170 
0 
0 
2 79 494 
0 
0 
2 56 452 
0 
0 
1 461 
0 
1 417 
0 
1 148 
0 
1 317 
1 521 
1 145 
1 6 
1 419 
0 
3 373 379 499 
2 68 545 
1 142 
0 
1 162 
2 10 333 
1 177 
1 520 
1 3 
2 270 490 
0 
2 268 359 
1 468 
2 293 399 
1 429 
1 169 
1 442 
1 151 
1 231 
1 476 
2 76 417 
2 226 417 
1 413 
0 
1 362 
0 
0 
0 
0 
0 
0 
1 52 
1 214 
0 
1 272 
1 80 
0 
1 131 
0 
3 437 505 506 
1 517 
0 
2 68 174 
1 145 
1 138 
0 
0 
1 21 
0 
2 118 312 
0 
0 
0 
5 23 211 308 461 479 
2 97 373 
2 351 496 
0 
1 419 
2 253 379 
1 400 
1 541 
0 
0 
0 
1 479 
1 518 
0 
0 
1 493 
0 
1 408 
3 170 342 388 
1 418 
0 
1 264 
2 6 35 
1 496 
0 
0 
0 
0 
0 
1 120 
1 330 
0 
1 370 
0 
2 176 347 
3 142 188 346 
0 
0 
0 
2 314 359 
2 31 360 
2 432 519 
2 4 215 
0 
0 
0 
0 
3 235 270 351 
1 352 
1 371 
2 283 493 
1 197 
4 3 139 424 433 
1 499 
1 548 
1 519 
1 401 
0 
1 344 
2 225 361 
0 
3 259 313 520 
2 153 446 
1 167 
1 413 
0 
0 
2 259 317 
1 532 
0 
2 41 469 
0 
0 
0 
0 
2 186 449 
1 330 
1 2 
2 50 61 
0 
0 
2 161 237 
0 
1 122 
1 447 
0 
2 73 516 
3 49 191 272 
1 318 
2 121 368 
0 
0 
1 60 
0 
2 59 457 
2 105 474 
1 329 
0 
0 
0 
0 
4 184 281 376 418 
1 217 
0 
1 158 
5 33 249 279 280 464 
3 179 331 413 
2 257 316 
0 
0 
1 203 
0 
3 139 169 364 
0 
0 
0 
1 115 
1 273 
1 449 
1 107 
1 353 
1 364 
1 203 
0 
0 
1 298 
0 
0 
0 
1 42 
1 275 
0 
1 74 
0 
2 212 374 
3 80 114 396 
0 
2 387 430 
1 114 
2 21 494 
1 244 
2 58 107 
0 
0 
0 
1 406 
0 
0 
1 522 
2 247 312 
0 
0 
2 46 417 
1 185 
0 
0 
1 271 
2 161 382 
1 28 
1 527 
1 77 
0 
1 407 
0 
1 278 
2 196 532 
1 501 
2 312 323 
0 
1 534 
1 22 
0 
1 22 
1 86 
0 
0 
1 524 
1 547 
3 172 268 524 
0 
0 
2 327 362 
2 241 451 
0 
3 64 314 335 
0 
2 122 222 
2 259 365 
0 
3 36 478 536 
0 
0 
0 
1 298 
4 50 140 298 518 
0 
0 
0 
1 37 
0 
1 162 
0 
0 
0 
1 398 
2 32 299 
2 324 506 
2 353 367 
2 266 373 
2 215 254 
2 134 460 
0 
2 488 490 
1 136 
0 
1 471 
0 
1 35 
0 
1 170 
2 380 477 
1 78 
1 481 
1 72 
2 34 501 
1 48 
0 
0 
1 182 
1 319 
1 33 
1 211 
0 
3 79 90 260 
1 33 
1 489 
1 366 
0 
550 242
0 
0 
1 347 
2 324 371 
0 
0 
0 
0 
1 61 
0 
2 124 230 
0 
0 
2 357 378 
2 472 536 
1 309 
2 134 143 
1 149 
1 425 
0 
0 
0 
0 
0 
2 49 92 
1 51 
0 
1 368 
1 150 
1 266 
1 146 
1 98 
3 108 179 436 
1 86 
1 305 
0 
1 379 
0 
1 78 
0 
1 455 
1 429 
1 233 
1 78 
0 
2 136 362 
0 
2 457 549 
1 209 
2 24 480 
1 321 
2 25 191 
0 
1 276 
1 392 
1 149 
0 
1 534 
1 387 
0 
1 115 
2 8 449 
1 253 
0 
0 
2 179 492 
0 
0 
0 
0 
0 
1 176 
0 
0 
0 
1 313 
0 
1 374 
2 38 43 
0 
1 305 
0 
1 334 
2 141 470 
0 
0 
3 33 99 162 
0 
1 380 
1 439 
0 
0 
1 24 
0 
2 112 294 
1 270 
1 381 
0 
3 31 345 487 
1 86 
2 447 508 
1 439 
1 303 
1 219 
1 512 
0 
1 295 
1 210 
2 32 121 
1 373 
1 379 
1 436 
1 94 
0 
0 
2 60 348 
1 143 
2 148 486 
2 261 453 
0 
1 158 
2 108 171 
0 
0 
2 10 256 
3 299 483 531 
2 417 489 
0 
0 
0 
2 215 321 
0 
0 
1 144 
2 16 326 
0 
5 45 353 363 391 394 
1 367 
1 221 
0 
1 205 
2 83 409 
1 503 
2 16 116 
3 133 357 428 
0 
1 30 
2 401 414 
1 117 
2 17 55 
2 28 437 
1 214 
2 289 313 
0 
0 
0 
3 215 292 366 
0 
1 120 
1 499 
2 319 505 
0 
1 86 
1 420 
0 
2 248 352 
1 272 
0 
0 
0 
1 425 
2 121 534 
1 318 
1 182 
0 
0 
1 71 
1 434 
0 
3 32 65 403 
1 404 
0 
1 173 
1 432 
1 370 
0 
1 317 
0 
0 
0 
1 363 
1 51 
1 282 
1 316 
2 254 397 
1 442 
0 
0 
1 460 
0 
0 
1 385 
1 320 
0 
0 
2 140 379 
0 
1 224 
0 
2 48 278 
3 107 245 404 
0 
1 408 
0 
3 151 424 487 
3 130 156 476 
1 430 
2 360 428 
0 
2 103 447 
0 
1 138 
1 482 
0 
1 207 
0 
1 292 
0 
1 487 
1 332 
1 10 
0 
1 471 
2 42 542 
0 
1 476 
0 
1 311 
0 
0 
1 527 
0 
0 
0 
1 321 
2 210 320 
0 
0 
2 165 498 
0 
1 333 
0 
0 
1 62 
2 194 397 
0 
1 124 
0 
0 
0 
0 
2 118 283 
1 284 
0 
0 
1 464 
2 29 372 
0 
1 471 
1 537 
1 95 
0 
1 166 
2 469 501 
0 
0 
2 53 343 
1 530 
1 209 
0 
0 
0 
1 192 
3 261 397 408 
1 262 
0 
1 547 
0 
1 454 
2 152 473 
0 
0 
2 156 226 
0 
1 94 
2 106 478 
1 485 
0 
1 523 
1 125 
1 435 
1 375 
0 
1 102 
1 392 
2 34 80 
2 407 511 
0 
1 405 
1 15 
1 510 
1 237 
0 
2 75 152 
0 
1 534 
1 193 
1 186 
1 172 
1 160 
2 202 245 
3 50 130 244 
1 508 
2 337 373 
2 3 464 
0 
1 134 
1 330 
1 370 
0 
1 327 
0 
1 229 
1 250 
1 82 
0 
1 441 
2 323 441 
1 365 
1 484 
0 
2 430 437 
0 
1 276 
0 
1 98 
0 
1 2 
1 115 
0 
1 532 
0 
1 165 
1 136 
1 512 
0 
0 
2 13 144 
0 
1 393 
3 217 417 480 
0 
1 45 
2 136 190 
0 
1 338 
1 156 
1 137 
1 27 
1 404 
3 184 328 391 
1 3 
1 266 
3 109 323 445 
2 77 433 
1 301 
0 
0 
1 13 
3 36 110 205 
1 88 
1 96 
0 
0 
0 
1 201 
1 406 
1 58 
0 
0 
0 
2 136 370 
3 54 304 492 
2 359 516 
1 136 
0 
0 
4 194 254 283 478 
1 516 
1 543 
0 
1 147 
0 
1 179 
3 180 210 369 
3 308 406 530 
2 386 405 
1 306 
3 212 283 525 
2 141 412 
0 
0 
1 409 
0 
1 147 
0 
0 
2 126 360 
0 
0 
1 163 
0 
0 
0 
1 214 
3 18 170 501 
0 
0 
2 144 217 
2 41 474 
2 216 341 
0 
1 183 
1 374 
1 177 
1 300 
2 32 111 
2 150 341 
0 
2 89 101 
0 
2 336 337 
1 195 
0 
0 
1 373 
0 
2 100 219 
1 452 
1 61 
0 
0 
1 448 
1 118 
1 288 
1 40 
0 
1 47 
0 
1 503 
1 198 
0 
0 
0 
2 265 324 
0 
0 
0 
0 
1 273 
1 83 
2 232 268 
1 14 
1 289 
2 429 508 
0 
2 215 235 
0 
2 295 397 
0 
2 49 360 
0 
1 222 
1 125 
1 339 
2 296 539 
1 117 
4 98 214 228 507 
0 
2 126 500 
0 
0 
2 65 392 
0 
0 
0 
0 
0 
1 248 
1 159 
1 489 
3 273 425 510 
0 
2 142 459 
1 532 
1 160 
0 
1 487 
3 100 322 474 
0 
2 310 501 
1 306 
2 104 354 
0 
0 
0 
2 393 398 
0 
0 
0 
0 
1 538 
0 
1 298 
1 528 
1 408 
0 
1 240 
1 524 
0 
2 277 405 
1 125 
2 350 504 
0 
3 57 171 315 
0 
1 14 
1 269 
1 521 
1 485 
0 
1 548 
1 233 
1 399 
0 
0 
0 
1 286 
1 541 
1 47 
