230 106
0 
1 75 
2 147 225 
0 
1 66 
0 
1 23 
2 179 184 
1 229 
2 89 154 
0 
0 
2 134 141 
2 119 141 
1 55 
2 101 153 
0 
1 42 
2 51 95 
0 
0 
1 28 
1 38 
1 6 
0 
0 
0 
0 
2 21 205 
1 188 
2 89 219 
1 187 
1 227 
1 119 
0 
1 84 
2 110 146 
1 156 
2 22 111 
1 47 
0 
0 
1 17 
2 76 85 
0 
0 
0 
2 39 81 
1 209 
0 
2 56 171 
1 18 
2 65 225 
1 176 
0 
1 14 
1 50 
1 154 
1 122 
1 223 
0 
2 97 120 
0 
0 
0 
2 52 123 
2 4 145 
1 79 
1 73 
0 
1 150 
0 
0 
1 68 
0 
2 1 207 
2 43 175 
0 
0 
2 67 180 
5 102 199 206 214 218 
2 47 222 
2 102 192 
0 
1 35 
2 43 215 
0 
0 
0 
3 9 30 150 
1 100 
3 92 100 195 
1 91 
1 95 
0 
4 18 93 181 201 
0 
1 61 
1 124 
1 223 
2 90 91 
2 15 150 
2 80 82 
0 
0 
0 
1 178 
0 
1 207 
0 
1 36 
1 38 
1 126 
0 
0 
1 156 
1 223 
0 
0 
3 13 33 180 
1 61 
0 
1 58 
1 65 
1 98 
0 
1 112 
0 
0 
0 
0 
0 
0 
0 
1 12 
2 204 215 
1 161 
0 
0 
0 
1 216 
3 12 13 171 
0 
3 171 181 188 
0 
2 66 221 
1 36 
3 2 154 192 
1 209 
1 164 
3 70 89 101 
1 178 
0 
1 15 
4 9 57 147 161 
0 
2 37 115 
0 
0 
0 
0 
3 136 154 226 
0 
0 
1 149 
1 189 
0 
0 
0 
0 
0 
3 50 141 143 
1 181 
0 
0 
2 76 222 
1 53 
0 
2 106 151 
1 7 
3 79 119 196 
3 95 143 172 
0 
0 
2 7 207 
0 
0 
1 31 
2 29 143 
1 165 
0 
0 
2 82 147 
2 198 208 
0 
1 91 
1 180 
0 
1 193 
1 80 
0 
1 95 
0 
0 
1 135 
1 28 
1 80 
3 75 108 184 
1 193 
2 48 148 
0 
0 
0 
0 
1 80 
2 85 135 
1 140 
0 
1 80 
1 30 
0 
1 145 
2 81 175 
3 59 99 116 
0 
2 2 52 
1 161 
1 32 
0 
1 8 
230 98
1 93 
2 151 192 
1 204 
3 100 140 221 
0 
1 213 
1 158 
0 
0 
1 172 
0 
0 
1 191 
2 132 209 
1 34 
0 
0 
0 
1 45 
1 178 
0 
1 162 
2 197 212 
2 124 149 
2 51 146 
1 107 
1 226 
2 61 187 
2 158 202 
0 
1 99 
0 
0 
2 161 193 
1 14 
1 152 
0 
0 
0 
1 66 
0 
1 195 
1 71 
0 
0 
1 18 
1 155 
1 63 
1 112 
2 110 126 
0 
1 24 
2 175 224 
0 
1 85 
0 
0 
0 
1 102 
1 137 
0 
2 27 118 
2 99 204 
1 47 
0 
0 
2 39 172 
1 212 
0 
2 88 105 
2 169 196 
3 42 140 194 
2 201 206 
1 146 
1 191 
1 202 
1 201 
1 150 
0 
3 113 158 172 
1 97 
1 225 
0 
0 
1 100 
2 54 106 
2 166 195 
0 
1 69 
1 112 
2 95 154 
1 211 
0 
1 0 
1 158 
1 90 
0 
1 80 
0 
2 30 62 
2 3 84 
0 
2 58 203 
1 184 
1 220 
2 69 195 
1 85 
1 25 
0 
0 
1 49 
0 
3 48 89 210 
2 79 117 
1 125 
0 
1 135 
1 113 
2 61 139 
0 
0 
0 
0 
0 
1 23 
2 114 214 
2 49 204 
0 
0 
0 
0 
0 
1 13 
0 
0 
1 116 
1 179 
1 59 
2 161 195 
2 118 220 
2 3 71 
0 
0 
0 
0 
0 
3 24 73 149 
0 
0 
2 23 146 
1 77 
1 1 
1 35 
1 201 
1 90 
1 46 
0 
0 
4 6 28 79 94 
0 
0 
2 33 138 
1 21 
0 
1 223 
0 
1 86 
0 
0 
1 70 
0 
0 
3 9 66 79 
0 
0 
1 52 
0 
0 
1 19 
2 136 180 
1 179 
0 
0 
0 
1 103 
0 
0 
1 27 
0 
0 
0 
2 12 74 
1 1 
1 33 
1 71 
4 41 86 105 138 
1 70 
1 22 
0 
0 
0 
3 72 76 153 
2 28 75 
1 102 
3 2 62 126 
1 218 
1 72 
0 
0 
1 13 
1 112 
1 91 
2 22 67 
1 5 
1 125 
0 
0 
0 
1 205 
0 
2 104 139 
1 3 
0 
1 164 
1 52 
1 81 
1 26 
0 
0 
0 
