170 68
0 
1 135 
0 
1 101 
1 14 
1 142 
1 68 
1 82 
1 60 
0 
2 119 124 
0 
2 75 155 
2 64 150 
1 4 
0 
0 
2 84 91 
2 134 156 
1 135 
0 
2 98 150 
0 
1 92 
1 26 
2 102 146 
2 24 111 
1 110 
0 
1 140 
0 
1 80 
0 
0 
0 
0 
0 
0 
0 
0 
0 
3 74 96 143 
0 
1 73 
1 48 
1 54 
1 97 
0 
2 44 91 
1 59 
0 
0 
1 59 
1 162 
2 45 83 
0 
1 58 
1 92 
2 56 107 
2 49 52 
1 8 
0 
0 
0 
1 13 
2 137 146 
0 
0 
1 6 
0 
0 
0 
0 
2 43 80 
1 41 
1 12 
1 107 
1 80 
1 130 
1 155 
3 31 73 77 
0 
2 7 140 
1 54 
2 17 129 
0 
1 89 
0 
0 
1 86 
0 
2 17 48 
2 23 57 
0 
1 133 
0 
3 41 125 164 
1 46 
2 21 139 
0 
1 114 
1 3 
1 25 
2 124 147 
0 
0 
0 
2 58 76 
0 
0 
1 27 
1 26 
0 
0 
2 100 152 
2 122 138 
0 
0 
1 127 
1 10 
1 124 
0 
1 115 
1 138 
3 10 103 120 
1 96 
0 
1 118 
0 
1 84 
1 78 
0 
1 165 
1 94 
1 18 
2 1 19 
0 
1 65 
2 115 123 
1 98 
2 29 82 
1 154 
1 5 
1 41 
0 
0 
2 25 65 
1 103 
0 
0 
2 13 21 
0 
1 114 
0 
1 141 
2 12 79 
1 18 
0 
0 
0 
0 
0 
1 53 
0 
1 96 
1 132 
0 
0 
0 
0 
170 78
1 167 
1 120 
0 
1 47 
2 80 151 
4 84 91 99 103 
2 92 119 
1 47 
0 
0 
1 25 
1 55 
0 
2 55 144 
3 64 119 127 
1 68 
1 88 
1 144 
2 140 160 
1 80 
0 
1 32 
1 114 
1 152 
0 
1 10 
0 
0 
1 90 
0 
2 83 84 
0 
2 21 107 
1 65 
0 
0 
1 38 
2 45 86 
1 36 
2 92 115 
0 
0 
0 
0 
1 148 
1 37 
0 
2 3 7 
0 
0 
0 
0 
1 164 
2 59 98 
0 
2 11 13 
0 
2 61 104 
1 166 
3 53 66 73 
1 166 
2 57 156 
1 87 
2 79 114 
1 14 
2 33 76 
1 59 
1 82 
1 15 
0 
0 
0 
1 149 
1 59 
0 
1 89 
1 65 
0 
0 
2 63 135 
2 4 19 
1 164 
1 67 
2 30 162 
3 5 30 135 
0 
2 37 165 
1 62 
1 16 
1 75 
1 28 
3 5 116 126 
2 6 39 
0 
0 
0 
0 
0 
1 53 
1 5 
0 
2 145 154 
0 
2 5 135 
1 57 
1 169 
1 147 
1 32 
1 127 
0 
1 144 
0 
1 151 
1 135 
3 22 63 161 
1 39 
1 91 
0 
0 
2 6 14 
1 1 
0 
0 
1 152 
0 
0 
1 91 
3 14 108 146 
0 
0 
0 
0 
0 
0 
0 
5 79 84 103 113 149 
0 
0 
0 
0 
2 18 168 
0 
0 
0 
3 13 17 110 
1 101 
1 127 
1 106 
1 44 
3 72 135 152 
0 
2 4 112 
3 23 123 149 
0 
1 101 
0 
1 61 
0 
0 
0 
1 18 
1 114 
1 83 
0 
2 52 81 
1 86 
2 58 60 
1 0 
1 140 
1 105 
