140 61
1 72 
2 15 22 
1 79 
0 
0 
2 39 115 
0 
1 63 
2 71 72 
0 
0 
0 
0 
1 79 
0 
1 1 
1 46 
0 
2 80 117 
1 78 
0 
0 
1 1 
2 47 58 
1 41 
0 
1 29 
1 97 
0 
3 26 51 65 
0 
1 46 
1 94 
0 
0 
0 
0 
0 
0 
1 5 
1 111 
1 24 
0 
1 90 
1 133 
0 
2 16 31 
1 23 
1 92 
3 68 77 124 
1 76 
1 29 
1 68 
1 62 
0 
0 
0 
0 
2 23 126 
0 
1 110 
2 84 117 
2 53 70 
1 7 
1 122 
3 29 117 124 
2 102 121 
1 137 
3 49 52 108 
1 78 
1 62 
1 8 
3 0 8 100 
0 
1 92 
2 92 94 
1 50 
1 49 
2 19 69 
3 2 13 135 
1 18 
0 
0 
1 132 
1 61 
0 
0 
1 99 
1 102 
1 105 
1 43 
0 
4 48 74 75 103 
0 
4 32 75 99 118 
0 
0 
1 27 
0 
2 87 94 
1 72 
0 
2 66 88 
1 92 
0 
1 89 
1 108 
0 
2 68 106 
0 
1 60 
2 40 133 
0 
0 
1 121 
1 5 
0 
3 18 61 65 
1 94 
0 
0 
2 66 114 
1 64 
0 
2 49 65 
0 
1 58 
0 
0 
0 
0 
0 
1 83 
2 44 111 
0 
1 79 
0 
1 67 
0 
0 
140 56
3 3 105 116 
2 54 139 
0 
2 0 15 
1 19 
1 123 
1 92 
1 106 
0 
2 61 88 
0 
2 13 129 
0 
3 11 40 138 
1 114 
2 3 55 
0 
2 118 136 
1 85 
2 4 89 
0 
0 
0 
0 
1 38 
0 
0 
0 
0 
1 128 
1 99 
1 127 
1 134 
0 
0 
0 
0 
1 120 
1 24 
0 
4 13 58 64 99 
0 
2 78 86 
1 101 
0 
1 98 
1 85 
0 
0 
1 119 
0 
3 56 104 114 
0 
1 114 
1 1 
2 15 90 
1 51 
1 78 
1 40 
2 73 95 
0 
1 9 
1 98 
2 88 120 
1 40 
0 
1 116 
2 76 130 
1 128 
0 
0 
1 94 
0 
1 59 
0 
0 
1 67 
0 
3 42 57 139 
0 
0 
0 
0 
0 
0 
2 18 46 
1 42 
0 
2 9 63 
1 19 
1 55 
0 
2 6 111 
0 
1 71 
1 59 
0 
0 
2 45 62 
2 30 40 
0 
1 43 
1 125 
0 
1 51 
1 0 
1 7 
0 
0 
0 
0 
1 92 
0 
0 
3 14 51 53 
0 
2 0 66 
0 
1 17 
1 49 
2 37 63 
0 
0 
1 5 
0 
1 102 
0 
1 31 
2 29 68 
1 11 
1 67 
0 
0 
0 
1 32 
0 
1 17 
0 
1 13 
2 1 78 
