430 186
1 303 
0 
1 117 
1 95 
4 48 53 319 399 
0 
1 251 
2 30 52 
3 20 72 386 
1 186 
1 371 
0 
0 
0 
0 
2 79 309 
2 62 299 
0 
2 137 375 
2 111 237 
1 8 
2 199 208 
0 
0 
2 235 350 
2 195 355 
0 
1 349 
0 
2 169 192 
1 7 
0 
1 99 
0 
0 
0 
1 404 
4 109 116 307 397 
0 
0 
3 275 405 413 
1 293 
1 261 
1 214 
1 58 
0 
2 128 400 
0 
2 4 405 
1 205 
0 
0 
1 7 
1 4 
3 258 269 308 
2 351 394 
2 211 413 
2 139 310 
2 44 110 
0 
1 144 
1 413 
2 16 252 
1 312 
2 298 308 
0 
1 325 
1 249 
1 411 
0 
1 301 
0 
2 8 263 
0 
1 225 
0 
0 
0 
0 
2 15 344 
2 237 252 
1 154 
2 389 426 
1 422 
0 
0 
2 339 371 
0 
0 
0 
0 
1 268 
0 
0 
1 402 
3 3 246 262 
0 
2 180 229 
0 
1 32 
0 
1 353 
0 
0 
0 
1 346 
2 246 429 
2 271 276 
0 
1 37 
2 58 339 
1 19 
0 
2 215 418 
1 132 
1 158 
1 37 
2 2 264 
0 
0 
0 
1 222 
0 
0 
0 
0 
2 195 422 
0 
1 46 
1 343 
1 137 
0 
1 114 
1 361 
0 
0 
0 
2 18 130 
0 
1 57 
1 394 
0 
0 
0 
1 60 
0 
0 
0 
1 261 
0 
1 229 
0 
1 328 
2 200 365 
1 81 
0 
0 
1 305 
1 115 
1 332 
0 
0 
0 
1 282 
0 
1 168 
1 388 
0 
1 165 
1 29 
0 
1 204 
2 219 374 
2 185 394 
0 
1 199 
1 184 
0 
0 
2 198 314 
2 97 398 
0 
1 394 
2 264 413 
1 176 
2 173 424 
3 9 317 409 
1 302 
0 
0 
0 
0 
2 29 258 
1 298 
2 312 346 
2 25 126 
0 
0 
1 179 
2 21 175 
1 153 
0 
3 281 376 419 
0 
1 171 
1 49 
0 
1 408 
2 21 286 
0 
0 
2 56 301 
0 
0 
1 43 
1 113 
0 
0 
0 
2 172 373 
0 
1 239 
2 121 361 
0 
0 
1 74 
0 
0 
0 
2 97 150 
0 
0 
0 
2 289 307 
0 
1 24 
0 
2 19 80 
0 
1 221 
1 250 
0 
0 
2 272 372 
1 249 
3 349 385 420 
2 95 106 
2 273 333 
0 
2 67 244 
1 240 
1 6 
2 62 80 
0 
0 
0 
5 319 321 347 417 426 
0 
2 54 192 
0 
0 
2 42 148 
1 95 
2 72 280 
2 117 183 
0 
0 
0 
1 91 
1 54 
0 
1 107 
1 243 
1 247 
1 342 
2 40 348 
1 107 
0 
0 
0 
2 263 286 
1 202 
2 163 420 
0 
0 
0 
3 208 280 414 
0 
0 
1 233 
0 
0 
0 
1 41 
1 319 
0 
0 
1 301 
3 64 193 373 
1 16 
0 
3 70 211 297 
1 187 
2 0 328 
0 
1 157 
0 
2 37 233 
2 54 64 
1 15 
1 57 
0 
2 63 194 
1 411 
1 179 
0 
1 341 
2 186 404 
0 
5 4 256 294 366 419 
0 
1 256 
0 
1 369 
0 
1 66 
1 336 
0 
2 152 303 
0 
0 
1 382 
2 159 334 
1 247 
1 332 
0 
1 326 
0 
1 346 
2 86 110 
0 
1 316 
1 274 
1 129 
1 79 
0 
3 105 194 338 
1 256 
1 275 
2 27 245 
1 24 
1 55 
0 
1 101 
0 
1 25 
0 
0 
1 406 
0 
0 
2 133 222 
1 403 
0 
1 389 
1 153 
1 319 
0 
0 
1 323 
0 
2 10 86 
1 243 
3 219 298 427 
1 172 
1 18 
1 202 
0 
0 
0 
1 403 
0 
1 331 
0 
0 
1 245 
1 8 
0 
1 166 
2 82 364 
0 
0 
0 
0 
4 55 140 173 182 
0 
0 
1 37 
1 180 
1 4 
1 46 
0 
1 94 
2 362 380 
2 36 317 
2 40 48 
1 358 
0 
1 207 
1 186 
0 
2 68 313 
0 
4 40 56 61 183 
1 286 
0 
0 
1 256 
1 113 
2 202 319 
2 245 282 
0 
2 83 126 
0 
1 185 
0 
2 82 256 
1 373 
0 
1 106 
430 163
1 13 
0 
0 
1 265 
0 
0 
0 
2 119 412 
2 91 185 
0 
0 
5 22 132 146 217 413 
0 
3 0 34 108 
2 324 381 
1 154 
3 160 338 375 
3 187 271 296 
1 181 
0 
2 412 413 
1 97 
2 11 417 
0 
1 123 
1 26 
1 25 
1 300 
0 
0 
0 
0 
2 177 363 
2 54 402 
1 13 
1 389 
0 
0 
1 130 
3 177 245 310 
0 
2 88 190 
0 
0 
0 
2 186 423 
0 
1 308 
0 
0 
1 245 
0 
0 
1 186 
2 33 171 
0 
0 
0 
0 
1 418 
0 
2 255 353 
0 
0 
1 207 
0 
0 
0 
1 316 
1 408 
2 238 312 
1 366 
1 356 
0 
1 239 
0 
2 244 264 
2 160 177 
1 427 
2 143 180 
1 97 
2 141 256 
1 345 
1 155 
0 
0 
1 156 
1 405 
2 41 327 
0 
0 
1 8 
1 373 
0 
1 160 
1 281 
2 135 400 
2 21 80 
0 
0 
0 
0 
1 254 
1 398 
1 258 
1 347 
0 
1 194 
1 13 
0 
0 
0 
0 
0 
1 334 
0 
0 
0 
0 
1 7 
0 
2 316 330 
0 
1 24 
0 
0 
0 
0 
2 165 166 
1 247 
1 38 
0 
2 11 199 
1 278 
0 
1 96 
0 
0 
0 
0 
0 
1 81 
0 
1 79 
2 156 314 
0 
1 11 
0 
0 
1 382 
1 257 
0 
0 
0 
1 15 
1 83 
3 86 144 302 
0 
1 376 
1 274 
3 16 77 94 
0 
1 274 
1 232 
1 176 
2 128 280 
1 128 
0 
0 
0 
0 
1 54 
0 
0 
0 
1 376 
2 164 298 
3 32 39 77 
0 
1 281 
1 79 
1 18 
0 
2 288 292 
1 392 
1 8 
2 45 53 
1 17 
1 213 
1 424 
1 41 
0 
0 
1 203 
1 107 
0 
1 391 
1 359 
0 
2 132 211 
0 
0 
0 
1 193 
1 360 
0 
0 
1 64 
0 
0 
0 
2 199 419 
0 
1 188 
0 
0 
0 
1 11 
0 
1 428 
0 
1 225 
1 333 
0 
2 306 354 
1 221 
1 339 
1 255 
0 
1 356 
1 423 
0 
1 163 
2 392 401 
1 281 
1 346 
0 
1 374 
2 70 324 
2 74 304 
1 287 
0 
0 
0 
2 76 288 
3 39 50 419 
0 
1 129 
0 
0 
0 
0 
0 
0 
1 102 
2 61 227 
2 81 291 
2 150 418 
1 104 
0 
0 
0 
1 317 
0 
2 76 301 
1 3 
0 
0 
0 
2 274 395 
1 426 
1 17 
0 
0 
4 159 162 269 382 
0 
1 403 
0 
1 133 
0 
1 165 
4 95 179 234 378 
0 
0 
0 
0 
1 384 
1 240 
3 183 244 294 
0 
1 305 
1 256 
1 183 
0 
1 288 
0 
2 17 324 
1 301 
1 176 
1 351 
1 27 
2 264 297 
1 156 
0 
3 239 327 364 
1 290 
1 224 
0 
1 47 
0 
2 39 411 
1 404 
2 70 391 
0 
1 144 
0 
2 68 121 
1 262 
1 329 
0 
0 
0 
0 
0 
3 14 238 296 
0 
0 
2 88 304 
1 419 
2 318 342 
1 121 
0 
0 
1 222 
1 114 
0 
0 
1 370 
2 16 351 
1 226 
0 
0 
1 329 
0 
0 
1 82 
1 235 
1 105 
0 
0 
0 
2 299 338 
0 
1 61 
1 224 
0 
2 72 229 
0 
0 
2 197 427 
1 204 
0 
0 
1 32 
1 304 
0 
1 71 
0 
0 
0 
1 337 
0 
0 
1 92 
1 237 
1 16 
2 158 175 
1 406 
1 281 
0 
0 
1 14 
2 149 274 
0 
1 286 
0 
0 
0 
0 
1 35 
0 
2 196 312 
2 184 233 
0 
0 
1 269 
0 
0 
1 103 
0 
1 96 
1 233 
1 33 
1 276 
1 311 
1 87 
1 377 
0 
1 69 
0 
0 
1 310 
2 7 20 
2 11 20 
0 
0 
0 
1 22 
2 59 257 
3 211 245 328 
0 
0 
0 
2 45 230 
1 189 
0 
1 270 
2 78 359 
1 219 
0 
