180 78
0 
1 125 
0 
2 71 149 
0 
1 92 
1 8 
2 12 151 
1 6 
0 
2 19 24 
1 122 
3 7 35 100 
0 
0 
0 
2 76 83 
2 115 137 
1 105 
1 10 
2 46 98 
1 175 
1 97 
1 161 
3 10 50 158 
0 
0 
1 151 
0 
1 67 
0 
0 
0 
0 
0 
1 12 
0 
0 
3 81 103 150 
0 
2 54 154 
1 146 
1 175 
0 
1 141 
1 95 
1 20 
0 
1 53 
2 142 178 
1 24 
1 123 
1 142 
2 48 142 
1 40 
0 
0 
0 
0 
0 
2 67 76 
0 
0 
0 
0 
0 
1 113 
2 29 60 
0 
2 89 154 
0 
2 3 78 
1 86 
0 
1 124 
0 
3 16 60 77 
2 76 102 
1 71 
0 
0 
1 38 
0 
1 16 
1 88 
2 133 172 
1 72 
1 105 
2 84 128 
1 69 
1 160 
1 95 
1 5 
0 
0 
2 45 91 
0 
1 22 
2 20 172 
1 132 
1 12 
1 120 
2 77 139 
1 38 
1 143 
2 18 87 
0 
0 
0 
1 179 
0 
0 
0 
1 66 
1 121 
1 17 
0 
0 
0 
0 
1 101 
1 114 
1 11 
2 51 141 
1 74 
2 1 153 
0 
0 
1 88 
0 
1 158 
0 
1 99 
1 85 
1 170 
0 
1 154 
1 17 
2 168 175 
3 102 143 147 
0 
2 44 123 
3 49 52 53 
4 104 139 149 176 
0 
0 
2 41 164 
1 139 
0 
2 3 143 
1 38 
2 7 27 
0 
1 125 
3 40 69 136 
0 
0 
0 
2 24 130 
0 
1 90 
1 23 
0 
0 
1 146 
0 
1 172 
0 
1 138 
0 
1 134 
0 
3 85 98 166 
0 
0 
3 21 42 138 
1 143 
0 
1 49 
1 109 
180 77
1 103 
0 
2 61 150 
3 49 104 112 
1 32 
1 31 
1 66 
3 41 61 131 
0 
1 39 
1 99 
1 115 
0 
0 
0 
1 106 
0 
2 53 54 
0 
1 125 
0 
0 
2 26 165 
1 50 
0 
1 31 
1 22 
0 
0 
0 
0 
2 5 25 
1 4 
0 
0 
0 
3 51 62 101 
0 
0 
3 9 95 138 
1 172 
3 7 44 51 
1 116 
2 78 116 
3 41 79 114 
1 151 
0 
1 97 
0 
1 3 
1 23 
3 36 41 141 
0 
2 17 113 
1 17 
0 
1 153 
0 
1 116 
0 
1 106 
2 2 7 
2 36 68 
0 
0 
2 74 84 
1 6 
0 
1 62 
0 
0 
2 165 174 
0 
0 
3 65 133 174 
1 173 
0 
1 104 
3 43 125 165 
2 44 146 
0 
0 
0 
0 
2 65 102 
1 176 
0 
0 
0 
1 113 
0 
1 110 
0 
1 137 
0 
1 39 
0 
1 47 
0 
1 10 
0 
2 36 158 
1 84 
2 0 162 
3 3 77 164 
1 130 
2 15 60 
0 
0 
0 
1 91 
0 
1 3 
2 53 89 
1 44 
1 11 
3 42 43 58 
0 
1 120 
0 
1 118 
0 
0 
1 173 
0 
2 19 78 
0 
0 
0 
0 
1 105 
2 7 162 
0 
1 74 
0 
0 
1 179 
2 93 152 
1 39 
0 
2 150 175 
1 51 
0 
1 171 
0 
1 172 
2 79 164 
0 
0 
0 
2 2 140 
2 45 179 
1 137 
1 56 
0 
0 
0 
0 
1 101 
0 
0 
0 
2 103 131 
0 
2 104 146 
3 22 71 78 
0 
0 
1 178 
0 
0 
1 143 
2 40 145 
3 75 123 175 
2 71 74 
2 140 173 
1 85 
0 
1 168 
2 136 151 
