460 197
1 303 
0 
0 
3 5 383 388 
2 199 279 
1 3 
3 71 272 294 
1 231 
2 146 366 
0 
1 71 
0 
0 
0 
2 73 303 
1 262 
0 
3 38 276 422 
1 107 
2 446 455 
0 
0 
0 
2 65 314 
1 39 
1 404 
0 
2 160 183 
0 
1 423 
0 
0 
0 
0 
3 171 268 275 
2 42 132 
0 
1 335 
4 17 44 52 320 
2 24 255 
2 175 404 
0 
1 35 
1 262 
1 38 
1 381 
0 
0 
0 
0 
3 264 275 314 
2 323 366 
4 38 149 351 449 
2 214 385 
0 
1 349 
0 
2 181 387 
1 412 
2 363 373 
0 
1 320 
1 209 
1 336 
0 
2 23 156 
1 440 
0 
0 
0 
0 
2 6 10 
0 
2 14 269 
3 126 141 391 
0 
2 206 243 
1 203 
0 
1 423 
0 
0 
0 
0 
1 135 
0 
0 
3 158 336 352 
0 
2 194 243 
0 
0 
0 
1 215 
0 
0 
1 418 
1 279 
3 101 265 270 
0 
0 
2 98 216 
0 
1 330 
2 178 207 
1 193 
0 
1 18 
0 
0 
0 
0 
0 
0 
0 
2 133 360 
0 
0 
2 158 251 
0 
0 
1 349 
0 
0 
0 
0 
1 74 
1 419 
0 
0 
0 
0 
1 35 
1 115 
1 266 
1 84 
1 146 
0 
2 157 305 
1 150 
0 
1 74 
1 230 
0 
1 167 
0 
2 8 136 
1 248 
1 352 
1 52 
2 139 216 
0 
0 
1 411 
1 378 
2 229 296 
2 65 202 
3 138 214 452 
2 87 118 
0 
3 27 319 435 
0 
1 173 
1 368 
2 189 338 
0 
2 251 387 
3 144 187 322 
0 
0 
0 
2 34 315 
0 
3 162 267 301 
0 
1 40 
0 
0 
1 104 
1 385 
2 201 244 
1 57 
0 
1 27 
2 247 346 
0 
0 
2 167 199 
0 
1 164 
0 
0 
0 
2 105 368 
2 89 386 
0 
0 
0 
0 
2 4 187 
0 
1 180 
1 156 
1 77 
2 259 277 
0 
1 76 
1 104 
0 
2 62 304 
0 
1 390 
2 243 305 
3 343 379 414 
4 53 157 387 447 
1 93 
2 101 150 
0 
0 
0 
0 
3 341 437 446 
0 
0 
0 
0 
1 308 
0 
0 
1 155 
1 142 
1 7 
0 
0 
1 302 
1 238 
0 
0 
2 235 265 
0 
0 
0 
1 392 
3 76 89 212 
1 180 
0 
0 
2 184 335 
1 147 
1 295 
1 289 
2 118 166 
0 
1 263 
0 
1 39 
0 
0 
0 
2 204 336 
1 409 
1 386 
4 15 43 372 425 
1 253 
2 50 414 
2 98 238 
2 134 306 
1 173 
1 34 
3 73 279 328 
1 98 
0 
2 6 337 
0 
0 
2 34 50 
1 17 
1 204 
0 
3 4 97 269 
0 
1 369 
0 
2 287 404 
0 
0 
0 
2 283 288 
1 287 
1 250 
0 
0 
0 
0 
1 6 
1 249 
2 155 340 
0 
0 
0 
0 
1 173 
1 234 
2 0 14 
1 209 
3 138 212 451 
1 266 
0 
1 226 
0 
0 
0 
0 
0 
2 23 50 
1 171 
1 371 
0 
1 381 
3 160 341 435 
2 38 61 
0 
1 167 
1 51 
0 
0 
0 
1 445 
3 269 424 438 
1 379 
2 103 446 
0 
0 
0 
1 394 
2 37 247 
3 63 87 259 
1 272 
1 164 
0 
2 296 427 
2 221 319 
1 379 
1 213 
0 
1 453 
1 184 
2 406 443 
0 
3 55 121 446 
2 421 446 
1 52 
2 87 148 
1 421 
0 
0 
0 
0 
0 
0 
1 115 
0 
0 
1 59 
2 371 372 
1 370 
2 8 51 
0 
2 163 193 
1 281 
1 365 
2 316 364 
2 262 364 
1 59 
0 
0 
0 
0 
1 154 
4 213 329 342 403 
0 
2 45 318 
0 
2 3 400 
0 
2 53 179 
2 194 261 
3 57 166 214 
1 3 
0 
1 211 
1 74 
1 242 
0 
1 334 
0 
0 
0 
1 459 
0 
1 383 
0 
0 
1 379 
3 25 40 283 
0 
1 347 
0 
0 
1 260 
0 
1 153 
1 58 
0 
2 213 264 
0 
0 
0 
1 96 
1 127 
0 
2 350 353 
1 17 
2 29 79 
1 328 
1 262 
0 
1 340 
0 
0 
0 
0 
0 
0 
0 
2 160 319 
0 
1 221 
1 328 
0 
1 66 
0 
0 
1 347 
0 
1 327 
5 19 221 330 349 350 
1 214 
0 
1 52 
0 
1 305 
1 157 
1 345 
0 
1 19 
0 
0 
0 
1 398 
460 161
3 42 228 315 
0 
0 
1 68 
0 
0 
3 60 128 193 
2 296 398 
0 
0 
0 
2 138 375 
0 
1 132 
0 
1 320 
0 
0 
2 66 426 
0 
0 
0 
0 
1 343 
0 
2 48 146 
0 
1 233 
0 
0 
0 
1 74 
3 99 288 362 
1 348 
1 270 
1 440 
0 
2 307 327 
1 171 
3 352 418 455 
1 302 
2 276 391 
2 0 410 
1 150 
0 
1 354 
0 
2 120 383 
1 25 
0 
0 
1 145 
0 
2 245 432 
1 292 
0 
0 
0 
0 
1 113 
3 6 184 369 
1 384 
0 
1 83 
0 
0 
1 18 
0 
1 3 
1 94 
0 
0 
0 
0 
3 31 318 332 
0 
0 
0 
0 
2 385 386 
0 
0 
0 
2 63 103 
1 103 
0 
0 
0 
0 
0 
0 
0 
2 207 365 
0 
1 69 
0 
1 385 
0 
0 
1 32 
0 
1 437 
0 
3 83 84 341 
1 154 
0 
1 251 
2 123 332 
1 349 
0 
0 
0 
0 
1 59 
0 
0 
2 258 433 
0 
0 
1 146 
1 47 
0 
2 129 133 
2 107 142 
0 
1 264 
1 382 
0 
1 6 
1 122 
0 
1 351 
2 13 224 
2 122 211 
0 
0 
0 
1 201 
1 11 
0 
0 
0 
2 123 212 
0 
0 
1 51 
2 25 119 
1 359 
1 262 
1 267 
3 43 342 390 
0 
2 167 285 
0 
3 104 176 442 
0 
1 404 
2 177 436 
0 
2 248 389 
2 260 432 
0 
0 
1 288 
1 308 
0 
0 
1 152 
0 
0 
1 389 
2 38 400 
0 
0 
1 286 
1 317 
1 154 
1 157 
2 254 375 
1 285 
0 
1 310 
1 361 
0 
1 60 
1 261 
0 
1 447 
1 369 
1 389 
0 
0 
1 417 
1 6 
0 
0 
1 390 
0 
0 
1 420 
2 272 376 
1 137 
0 
1 224 
0 
0 
0 
3 92 355 378 
0 
0 
1 420 
2 133 244 
1 142 
0 
0 
0 
0 
0 
1 292 
0 
0 
0 
1 406 
0 
2 132 203 
0 
0 
0 
1 0 
0 
1 281 
1 285 
1 336 
2 27 389 
0 
0 
1 396 
1 458 
0 
0 
1 295 
0 
1 334 
0 
1 211 
1 53 
0 
0 
1 159 
0 
1 292 
1 106 
0 
0 
1 178 
0 
0 
0 
2 116 267 
0 
1 160 
1 185 
1 148 
0 
1 125 
0 
1 367 
2 149 258 
0 
1 406 
1 34 
2 279 291 
1 200 
0 
1 285 
1 443 
1 41 
0 
0 
1 271 
0 
1 230 
0 
0 
1 321 
5 152 179 231 274 294 
1 174 
1 365 
2 32 163 
1 388 
0 
2 271 297 
3 54 218 250 
1 380 
1 285 
1 240 
1 7 
1 291 
0 
0 
0 
0 
2 40 331 
0 
1 324 
0 
0 
1 37 
2 164 417 
0 
1 181 
0 
1 339 
1 317 
0 
2 0 456 
0 
2 175 313 
1 74 
1 430 
1 15 
2 284 440 
0 
0 
1 304 
0 
0 
1 37 
1 393 
0 
1 402 
1 302 
2 74 107 
0 
1 242 
0 
2 232 456 
0 
0 
1 312 
0 
1 103 
1 150 
1 23 
0 
0 
0 
0 
1 33 
1 108 
0 
1 131 
1 39 
1 398 
1 45 
1 207 
0 
0 
0 
1 147 
0 
1 182 
1 32 
0 
0 
2 92 287 
0 
1 266 
0 
2 60 188 
0 
0 
0 
0 
0 
2 11 178 
1 200 
0 
1 207 
0 
2 293 450 
1 436 
1 126 
1 47 
2 61 401 
2 79 96 
1 79 
0 
1 289 
4 159 170 189 233 
2 150 196 
1 41 
0 
1 328 
0 
0 
1 236 
0 
2 7 353 
0 
1 171 
1 384 
1 330 
0 
1 156 
0 
2 222 269 
1 458 
1 453 
0 
1 42 
0 
0 
0 
0 
0 
0 
2 192 308 
1 39 
0 
2 199 210 
0 
0 
0 
0 
0 
1 18 
0 
0 
0 
1 319 
0 
2 53 160 
1 116 
0 
0 
2 157 381 
1 101 
0 
0 
2 35 321 
0 
1 154 
1 275 
0 
0 
0 
1 187 
0 
0 
1 380 
0 
0 
1 408 
0 
1 39 
2 315 336 
0 
2 237 407 
0 
