290 139
0 
1 15 
2 27 105 
1 111 
1 230 
0 
2 41 46 
2 30 110 
0 
2 248 255 
2 170 192 
0 
2 26 78 
1 116 
2 61 105 
1 1 
1 118 
1 63 
0 
0 
0 
0 
2 106 289 
2 123 253 
1 154 
2 127 215 
1 12 
2 2 263 
2 38 240 
2 126 252 
1 7 
0 
2 257 266 
0 
0 
0 
1 287 
1 241 
2 28 105 
2 104 264 
1 142 
1 6 
0 
2 73 212 
0 
2 205 228 
1 6 
0 
0 
0 
1 124 
0 
0 
0 
0 
1 177 
1 65 
0 
4 60 131 228 235 
2 196 286 
1 58 
1 14 
0 
1 17 
2 110 199 
3 56 105 113 
1 158 
0 
2 70 90 
1 189 
2 68 199 
0 
0 
1 43 
1 170 
1 228 
0 
1 196 
1 12 
1 150 
1 121 
1 203 
0 
0 
0 
0 
0 
0 
0 
3 223 234 273 
1 68 
0 
2 96 139 
2 116 133 
2 140 238 
1 215 
2 92 193 
0 
0 
0 
1 204 
1 241 
0 
1 280 
1 39 
5 2 14 38 65 117 
1 22 
1 178 
0 
2 168 178 
2 7 64 
1 3 
0 
2 65 212 
0 
1 149 
3 13 93 256 
2 105 246 
2 16 156 
0 
1 258 
2 80 258 
0 
1 23 
1 50 
1 273 
1 29 
1 25 
0 
0 
1 141 
3 58 140 217 
0 
1 93 
0 
0 
0 
0 
0 
2 92 233 
2 94 131 
1 130 
2 40 190 
1 286 
1 156 
2 155 262 
0 
1 237 
0 
2 115 278 
2 79 176 
1 164 
1 243 
0 
2 24 268 
1 145 
2 118 144 
0 
1 66 
1 261 
1 164 
0 
1 257 
0 
2 151 160 
0 
0 
0 
1 109 
0 
2 10 74 
0 
1 228 
1 175 
0 
1 173 
1 150 
1 55 
2 107 109 
0 
1 213 
0 
0 
1 212 
1 285 
1 197 
0 
0 
0 
1 69 
2 142 275 
1 226 
1 10 
2 96 245 
0 
0 
2 59 77 
1 185 
0 
2 64 70 
0 
1 220 
0 
1 81 
1 100 
1 45 
0 
1 236 
0 
0 
1 249 
0 
3 43 113 183 
1 180 
0 
2 25 95 
0 
1 131 
1 279 
0 
1 201 
1 274 
0 
1 89 
1 273 
1 226 
2 191 225 
0 
5 45 58 75 172 263 
0 
2 4 273 
1 269 
0 
1 139 
3 89 265 270 
1 58 
2 207 259 
1 147 
1 94 
0 
1 28 
2 37 101 
0 
1 152 
0 
1 193 
1 117 
0 
1 9 
1 210 
0 
0 
1 29 
1 23 
0 
1 9 
1 116 
3 32 162 259 
4 120 121 273 287 
2 236 257 
0 
2 159 274 
1 145 
2 27 228 
1 39 
1 234 
1 32 
0 
1 154 
1 231 
1 234 
0 
0 
5 89 125 224 230 258 
3 221 261 277 
1 190 
0 
1 274 
1 149 
1 218 
1 103 
0 
0 
0 
0 
1 184 
2 59 143 
2 36 258 
0 
1 22 
290 110
1 196 
2 58 261 
1 3 
3 2 57 238 
0 
1 219 
0 
0 
0 
2 182 289 
1 171 
0 
0 
0 
0 
1 128 
1 82 
0 
0 
2 93 186 
0 
0 
0 
2 231 265 
0 
0 
0 
0 
0 
0 
0 
1 216 
0 
0 
1 260 
0 
0 
0 
1 237 
0 
1 82 
0 
1 114 
0 
2 81 277 
1 181 
1 103 
0 
0 
0 
1 175 
0 
1 268 
0 
1 251 
1 59 
0 
2 3 118 
1 1 
2 55 72 
0 
1 98 
2 131 253 
0 
0 
0 
2 89 136 
1 139 
2 73 140 
1 129 
1 224 
2 244 267 
1 59 
1 68 
0 
2 149 265 
1 141 
1 173 
0 
1 243 
1 150 
2 44 91 
2 16 40 
1 178 
3 109 120 201 
1 132 
0 
1 162 
0 
1 66 
1 278 
1 81 
1 159 
3 19 212 246 
1 193 
1 238 
0 
0 
1 61 
0 
0 
0 
0 
4 46 120 215 258 
0 
0 
0 
0 
0 
3 84 114 272 
1 192 
0 
0 
0 
3 42 109 158 
0 
0 
1 239 
1 57 
0 
2 84 103 
0 
1 275 
0 
1 243 
0 
1 199 
0 
2 15 205 
1 69 
0 
1 62 
1 85 
0 
0 
0 
1 66 
1 147 
0 
1 67 
2 68 208 
1 76 
2 195 213 
0 
0 
0 
1 162 
1 137 
0 
1 75 
1 80 
1 222 
0 
0 
0 
1 263 
1 230 
1 160 
1 114 
4 92 183 219 254 
1 157 
2 215 275 
2 87 146 
0 
0 
0 
0 
1 186 
0 
0 
0 
1 10 
1 277 
1 77 
3 248 281 283 
4 50 195 265 274 
0 
0 
1 83 
0 
0 
1 45 
1 9 
1 159 
0 
1 226 
2 19 167 
0 
0 
0 
0 
0 
1 110 
1 94 
0 
2 142 175 
1 0 
1 226 
0 
1 126 
0 
1 84 
0 
0 
1 262 
1 128 
1 255 
0 
1 140 
0 
1 254 
0 
1 93 
1 142 
0 
3 103 161 246 
1 31 
1 273 
0 
2 5 159 
0 
1 252 
1 151 
0 
1 70 
0 
3 185 197 236 
0 
0 
0 
2 156 257 
1 23 
0 
1 240 
0 
0 
1 226 
1 38 
2 3 95 
1 117 
1 233 
0 
0 
2 79 124 
1 71 
0 
2 93 215 
0 
1 174 
0 
0 
2 54 262 
1 221 
1 62 
2 159 210 
1 206 
0 
1 230 
1 103 
0 
1 34 
1 1 
2 204 251 
2 155 265 
0 
4 23 75 175 263 
0 
1 71 
1 52 
0 
0 
0 
2 109 279 
1 217 
1 175 
2 122 161 
0 
2 44 172 
1 90 
1 272 
0 
1 174 
0 
1 174 
0 
0 
0 
0 
0 
1 9 
