940 365
1 416 
0 
0 
0 
1 417 
1 195 
2 151 770 
1 105 
1 902 
0 
0 
1 539 
0 
0 
2 193 467 
1 322 
1 597 
1 42 
1 25 
0 
3 236 311 839 
0 
2 493 557 
1 691 
1 139 
1 18 
2 55 298 
0 
0 
0 
0 
0 
0 
1 268 
1 190 
1 282 
0 
1 427 
2 86 801 
0 
1 577 
0 
4 17 214 550 869 
0 
0 
1 49 
1 263 
0 
1 871 
1 45 
1 579 
1 578 
1 53 
2 52 606 
0 
2 26 830 
0 
0 
3 366 610 896 
3 105 494 658 
0 
0 
2 71 740 
1 531 
1 577 
0 
1 665 
0 
0 
0 
1 626 
1 62 
2 382 921 
0 
0 
0 
0 
0 
0 
1 734 
2 541 575 
1 353 
0 
0 
0 
0 
2 38 366 
1 740 
3 315 476 560 
0 
3 279 517 760 
0 
0 
1 815 
0 
1 830 
2 466 572 
0 
0 
1 469 
2 373 517 
1 870 
1 148 
1 822 
1 559 
3 7 59 158 
1 269 
0 
2 140 218 
1 437 
0 
1 900 
0 
0 
1 666 
0 
0 
1 287 
0 
1 582 
1 288 
0 
0 
0 
0 
1 583 
0 
1 376 
1 268 
0 
0 
1 669 
1 598 
0 
1 262 
1 911 
2 335 692 
0 
0 
2 24 827 
1 108 
0 
1 536 
0 
0 
0 
2 497 639 
0 
2 102 202 
0 
2 566 864 
1 6 
0 
0 
1 358 
2 800 892 
0 
0 
1 105 
1 823 
0 
0 
1 923 
1 646 
1 428 
0 
0 
1 589 
1 686 
1 857 
0 
0 
1 490 
0 
0 
1 671 
0 
1 337 
2 763 859 
1 469 
0 
1 681 
0 
0 
0 
1 659 
1 792 
1 601 
0 
2 721 874 
1 34 
0 
0 
1 14 
2 197 255 
1 5 
2 323 337 
1 194 
0 
0 
0 
3 206 527 773 
1 148 
1 604 
1 656 
0 
1 201 
0 
0 
0 
0 
1 691 
1 454 
1 758 
1 42 
0 
0 
0 
1 108 
1 773 
1 475 
0 
0 
0 
1 339 
0 
0 
1 751 
0 
1 277 
0 
1 741 
0 
3 497 704 916 
2 264 392 
0 
2 20 511 
0 
1 259 
2 601 859 
0 
1 701 
0 
0 
0 
0 
1 933 
2 255 749 
0 
0 
0 
0 
2 397 608 
0 
0 
4 194 247 652 675 
1 792 
0 
2 452 457 
1 238 
0 
3 330 342 844 
4 134 401 546 723 
1 46 
1 234 
1 617 
1 545 
1 336 
2 33 128 
1 106 
1 452 
0 
1 705 
0 
0 
1 476 
0 
1 229 
0 
1 90 
1 514 
1 381 
1 35 
0 
0 
0 
1 938 
3 117 700 925 
2 120 903 
0 
1 650 
0 
1 904 
1 437 
2 718 816 
0 
1 753 
1 462 
2 26 605 
1 320 
0 
2 362 618 
2 387 762 
0 
1 387 
0 
0 
0 
0 
0 
1 872 
2 20 740 
0 
0 
1 455 
1 88 
0 
0 
1 508 
0 
1 299 
0 
2 15 461 
2 196 575 
0 
1 656 
0 
1 470 
0 
1 786 
1 261 
1 599 
1 516 
0 
0 
1 136 
1 267 
2 177 196 
0 
1 224 
1 437 
0 
1 261 
0 
0 
0 
0 
0 
0 
1 932 
1 691 
0 
0 
2 81 523 
0 
1 496 
0 
0 
3 154 767 889 
1 665 
0 
0 
1 301 
0 
1 797 
0 
2 58 86 
1 845 
0 
1 547 
0 
1 635 
0 
2 100 934 
1 665 
0 
2 127 928 
0 
1 422 
0 
1 490 
1 281 
1 72 
1 578 
0 
0 
0 
3 302 304 712 
0 
0 
0 
1 923 
1 234 
0 
1 517 
1 822 
1 828 
1 252 
0 
0 
0 
2 262 471 
1 859 
0 
0 
0 
0 
0 
1 785 
0 
0 
0 
0 
0 
0 
0 
2 0 814 
1 4 
0 
0 
0 
1 520 
1 378 
0 
1 626 
0 
0 
1 37 
1 164 
1 446 
0 
1 935 
0 
1 722 
0 
0 
0 
3 109 293 340 
0 
0 
1 891 
1 741 
0 
0 
1 758 
1 552 
1 429 
0 
2 597 721 
0 
1 666 
2 507 795 
2 258 270 
0 
1 212 
2 314 757 
1 591 
2 258 875 
0 
1 718 
0 
1 322 
1 297 
2 555 771 
0 
1 912 
2 96 900 
2 14 925 
0 
3 99 179 746 
2 327 575 
1 401 
0 
0 
0 
1 220 
2 88 275 
0 
0 
0 
0 
1 913 
0 
1 661 
1 925 
0 
0 
0 
0 
0 
2 172 380 
0 
1 857 
3 22 687 901 
1 59 
1 871 
1 355 
5 146 233 668 811 865 
1 502 
1 870 
0 
0 
1 498 
0 
2 584 688 
0 
0 
1 451 
1 318 
0 
0 
1 236 
0 
0 
1 280 
0 
1 332 
3 90 100 394 
0 
1 729 
1 421 
0 
0 
1 353 
0 
1 938 
3 727 734 788 
2 201 911 
0 
0 
0 
4 63 607 756 833 
0 
0 
0 
0 
1 142 
0 
0 
1 11 
1 839 
3 80 569 741 
0 
1 938 
0 
1 266 
1 262 
3 369 573 616 
0 
0 
2 42 572 
0 
1 445 
0 
0 
1 463 
0 
2 22 838 
1 671 
1 104 
2 88 883 
0 
1 608 
0 
1 875 
1 807 
3 150 576 880 
0 
0 
1 541 
1 610 
0 
2 96 550 
1 547 
0 
3 80 323 470 
2 566 783 
2 40 64 
2 51 383 
2 50 901 
0 
0 
1 119 
1 125 
1 504 
0 
2 675 750 
0 
1 882 
1 167 
0 
2 456 858 
0 
0 
0 
1 829 
0 
2 16 448 
1 132 
1 331 
0 
3 187 239 791 
0 
0 
1 203 
1 298 
2 53 631 
1 531 
2 252 562 
3 681 697 711 
3 58 570 835 
0 
0 
1 919 
2 699 828 
0 
1 547 
1 265 
1 301 
0 
1 811 
0 
1 865 
1 830 
0 
0 
2 70 424 
0 
0 
0 
0 
2 606 906 
1 799 
0 
1 934 
2 371 939 
0 
0 
0 
1 146 
0 
0 
0 
0 
0 
0 
2 163 664 
1 746 
3 825 848 927 
0 
2 290 715 
0 
1 255 
0 
2 733 889 
0 
2 204 325 
1 806 
1 59 
1 185 
0 
1 483 
0 
1 887 
1 646 
3 66 359 374 
2 114 450 
0 
1 497 
1 131 
0 
2 175 558 
0 
0 
0 
2 255 586 
0 
0 
2 747 813 
1 847 
1 708 
2 181 609 
0 
0 
1 925 
0 
1 168 
1 493 
1 504 
0 
0 
3 23 211 350 
2 136 697 
0 
0 
1 924 
0 
2 609 692 
0 
1 614 
1 287 
1 241 
0 
0 
1 233 
1 272 
0 
0 
1 680 
0 
0 
2 609 915 
1 387 
0 
0 
1 650 
0 
0 
2 294 459 
0 
1 724 
2 189 448 
2 433 806 
1 262 
1 720 
0 
0 
1 526 
0 
1 519 
0 
0 
1 866 
1 654 
2 79 526 
0 
1 918 
0 
0 
0 
3 62 87 311 
3 231 441 541 
1 853 
0 
2 779 910 
0 
3 469 647 887 
1 678 
0 
1 247 
1 586 
1 227 
0 
1 296 
0 
1 884 
1 531 
2 455 911 
2 213 444 
1 785 
2 90 867 
0 
1 302 
1 178 
0 
0 
0 
1 358 
1 833 
0 
1 6 
1 463 
0 
2 201 219 
1 776 
0 
1 774 
0 
0 
1 744 
3 790 855 873 
0 
1 860 
1 576 
0 
2 408 759 
1 329 
0 
1 526 
1 829 
1 780 
1 601 
2 186 256 
0 
0 
1 451 
0 
1 364 
0 
1 632 
1 155 
1 38 
0 
0 
0 
0 
2 657 722 
1 565 
0 
0 
0 
2 497 620 
0 
1 678 
1 416 
1 93 
1 294 
0 
0 
0 
0 
0 
2 103 395 
1 159 
0 
2 648 924 
0 
1 139 
3 396 614 863 
2 595 789 
3 55 95 623 
0 
0 
2 531 768 
0 
1 610 
0 
0 
1 557 
2 20 540 
0 
0 
0 
0 
1 261 
1 367 
0 
2 679 869 
1 648 
0 
0 
0 
0 
1 742 
2 858 892 
1 780 
0 
2 169 492 
2 591 854 
3 178 239 402 
1 782 
0 
0 
1 828 
2 150 937 
2 497 622 
1 732 
1 760 
0 
2 42 847 
2 101 499 
2 48 495 
1 310 
1 780 
1 189 
2 457 564 
0 
0 
0 
1 897 
1 566 
0 
1 588 
1 560 
1 755 
0 
0 
2 663 746 
0 
2 358 654 
0 
1 440 
2 155 854 
0 
0 
0 
1 58 
1 879 
0 
0 
2 111 466 
2 493 579 
1 8 
1 288 
1 292 
0 
1 631 
0 
0 
0 
1 744 
3 135 527 757 
1 465 
1 481 
0 
1 711 
1 233 
0 
1 736 
1 613 
0 
1 72 
0 
2 162 391 
2 695 825 
4 287 467 484 684 
0 
1 648 
1 376 
0 
0 
0 
1 349 
1 246 
2 373 634 
1 431 
0 
1 864 
3 286 525 543 
1 635 
940 391
1 419 
3 182 581 661 
2 258 480 
1 437 
0 
0 
1 849 
0 
0 
3 207 372 928 
4 362 369 414 560 
2 45 653 
1 802 
1 330 
0 
0 
1 904 
2 73 570 
0 
0 
2 454 466 
0 
0 
0 
3 73 446 670 
0 
2 259 656 
0 
2 307 857 
0 
1 276 
1 284 
1 656 
1 142 
1 602 
2 156 524 
1 895 
1 706 
1 173 
1 152 
0 
0 
0 
1 531 
1 147 
1 11 
0 
1 497 
1 817 
0 
0 
0 
3 138 173 251 
1 831 
0 
0 
2 197 904 
1 117 
1 887 
2 96 814 
0 
1 203 
1 398 
1 870 
1 637 
1 89 
1 808 
0 
0 
0 
3 597 627 764 
0 
0 
2 17 24 
1 157 
0 
2 123 401 
0 
0 
0 
0 
2 437 871 
2 753 848 
0 
1 911 
2 346 779 
1 828 
2 572 805 
0 
3 65 686 722 
0 
1 104 
2 430 753 
1 447 
0 
2 183 553 
1 59 
2 447 602 
1 562 
0 
0 
0 
0 
0 
1 91 
1 379 
2 173 346 
0 
1 626 
0 
0 
1 458 
0 
0 
0 
2 141 701 
1 749 
2 57 429 
1 722 
0 
0 
1 885 
0 
4 76 500 712 800 
1 775 
0 
2 318 653 
4 209 587 634 936 
1 425 
1 348 
3 475 644 856 
2 153 478 
0 
1 854 
1 326 
1 825 
0 
0 
1 52 
1 692 
1 619 
1 115 
1 33 
1 528 
3 210 576 850 
0 
0 
1 44 
0 
1 538 
0 
0 
1 39 
2 131 506 
0 
0 
4 35 550 615 659 
1 74 
0 
1 935 
1 814 
0 
1 439 
3 231 489 493 
2 441 628 
0 
0 
1 778 
0 
0 
2 379 557 
0 
0 
3 38 52 106 
0 
2 358 882 
0 
1 727 
1 477 
1 637 
1 209 
0 
2 1 806 
2 95 916 
0 
0 
2 256 782 
0 
0 
0 
0 
0 
0 
2 460 873 
1 407 
0 
2 309 457 
2 56 291 
0 
0 
0 
1 929 
0 
2 61 541 
0 
1 939 
2 636 890 
1 9 
0 
2 127 180 
1 144 
0 
0 
1 377 
0 
1 786 
1 621 
1 449 
0 
0 
0 
0 
1 902 
1 284 
0 
0 
0 
1 684 
1 789 
0 
1 450 
1 163 
1 649 
0 
0 
1 545 
2 482 495 
1 867 
0 
1 442 
0 
1 750 
0 
1 731 
1 831 
1 738 
0 
0 
0 
0 
0 
1 52 
0 
1 902 
1 617 
1 314 
2 186 593 
0 
1 2 
1 26 
0 
0 
0 
0 
0 
0 
1 525 
0 
1 583 
0 
0 
0 
1 463 
0 
1 490 
0 
1 30 
1 729 
0 
1 859 
1 523 
0 
0 
0 
3 31 223 726 
1 674 
1 732 
0 
1 661 
0 
0 
1 197 
0 
0 
2 370 497 
0 
1 464 
1 641 
0 
0 
2 347 686 
1 428 
1 380 
0 
1 646 
1 805 
0 
1 28 
0 
1 196 
0 
1 425 
2 338 383 
1 417 
1 255 
0 
1 403 
0 
1 126 
1 833 
1 502 
1 362 
0 
1 926 
2 792 881 
1 421 
1 134 
1 872 
2 593 873 
1 710 
1 13 
1 478 
0 
0 
2 377 422 
0 
0 
0 
2 312 713 
1 664 
0 
0 
0 
1 745 
1 925 
0 
3 85 106 732 
2 300 760 
1 129 
0 
3 494 512 886 
0 
3 586 827 933 
0 
0 
0 
0 
0 
1 175 
0 
2 667 718 
0 
2 10 321 
0 
0 
0 
0 
1 615 
0 
3 10 731 831 
2 294 769 
1 924 
2 9 603 
0 
0 
1 729 
2 640 714 
3 213 334 668 
0 
3 105 170 585 
1 302 
0 
0 
1 312 
0 
1 799 
0 
0 
0 
0 
0 
0 
0 
0 
0 
0 
2 536 614 
0 
1 62 
0 
1 519 
2 76 737 
0 
1 316 
0 
0 
0 
1 194 
0 
0 
1 601 
0 
0 
1 852 
1 10 
3 575 598 612 
0 
1 313 
0 
1 0 
1 736 
1 325 
1 334 
0 
1 821 
2 128 311 
0 
0 
1 301 
2 117 926 
3 92 692 920 
0 
1 843 
2 704 778 
1 680 
0 
0 
2 3 81 
1 738 
1 162 
2 559 892 
1 164 
2 239 643 
0 
0 
1 597 
2 24 456 
3 93 97 686 
0 
1 217 
1 230 
2 480 741 
0 
0 
1 20 
0 
2 446 524 
2 196 628 
1 111 
1 564 
2 193 692 
1 910 
1 668 
1 272 
1 296 
0 
2 20 915 
0 
0 
0 
0 
0 
1 523 
1 479 
0 
3 130 736 774 
1 863 
1 178 
3 131 331 842 
2 473 661 
4 2 451 778 883 
1 819 
2 236 555 
2 685 713 
2 717 936 
1 869 
0 
0 
0 
1 163 
1 274 
0 
1 577 
1 163 
1 350 
1 236 
0 
2 47 294 
0 
0 
1 123 
0 
1 320 
0 
0 
1 927 
1 153 
2 543 563 
2 511 853 
0 
0 
1 508 
1 350 
0 
0 
1 878 
0 
0 
0 
1 400 
0 
1 865 
1 814 
2 280 472 
2 35 456 
3 266 683 852 
0 
0 
1 143 
2 568 671 
1 739 
1 43 
0 
1 889 
0 
1 763 
1 396 
0 
1 149 
0 
0 
2 203 846 
0 
1 507 
0 
1 235 
0 
1 619 
1 621 
1 798 
1 156 
1 844 
0 
1 95 
0 
2 482 735 
0 
1 170 
0 
2 440 574 
1 10 
1 776 
1 98 
2 507 813 
1 459 
1 757 
1 938 
1 693 
2 529 768 
0 
1 17 
0 
1 87 
0 
1 559 
1 415 
2 144 925 
1 492 
0 
1 765 
0 
1 1 
0 
1 268 
0 
3 379 716 866 
2 352 845 
1 127 
2 770 856 
0 
0 
0 
1 933 
2 256 328 
0 
1 764 
1 834 
2 70 445 
1 415 
0 
0 
1 410 
4 34 97 721 922 
1 372 
0 
0 
0 
0 
1 882 
1 683 
0 
0 
1 415 
0 
1 396 
2 156 367 
0 
1 254 
0 
2 140 547 
0 
3 216 548 753 
1 896 
0 
0 
0 
1 108 
1 70 
4 164 457 711 803 
3 642 681 735 
0 
0 
0 
0 
1 127 
1 705 
1 206 
2 64 179 
0 
0 
2 376 680 
1 297 
1 629 
1 442 
1 130 
0 
1 304 
0 
0 
1 232 
1 834 
0 
1 687 
2 11 126 
0 
0 
2 26 32 
1 718 
0 
1 156 
0 
3 1 288 479 
1 764 
0 
1 339 
0 
0 
1 360 
2 377 462 
0 
1 24 
2 529 723 
0 
0 
1 285 
0 
0 
0 
0 
1 929 
4 434 640 684 800 
1 629 
0 
2 525 609 
2 227 680 
2 483 865 
3 89 300 447 
1 652 
0 
0 
0 
1 926 
4 139 430 460 804 
1 567 
0 
0 
0 
1 916 
1 754 
0 
0 
1 115 
0 
0 
1 433 
1 635 
2 37 882 
0 
1 794 
0 
1 329 
1 628 
2 123 801 
2 338 483 
1 376 
0 
1 585 
1 484 
2 360 657 
1 743 
0 
1 602 
2 89 118 
2 671 805 
0 
0 
1 284 
2 177 865 
0 
2 277 375 
0 
3 243 369 830 
2 286 346 
0 
0 
2 555 629 
3 420 475 911 
1 401 
3 245 438 851 
1 530 
0 
3 451 794 886 
0 
1 719 
0 
1 343 
0 
0 
0 
1 116 
1 241 
0 
0 
3 82 92 621 
1 698 
0 
1 820 
1 565 
0 
0 
1 347 
1 900 
0 
1 535 
3 70 595 662 
1 579 
0 
0 
1 568 
1 370 
1 588 
0 
1 859 
0 
1 475 
1 124 
1 561 
0 
3 167 433 480 
1 85 
1 850 
0 
1 186 
0 
0 
0 
1 215 
1 866 
0 
1 228 
0 
0 
1 324 
0 
2 708 741 
0 
0 
0 
1 549 
1 385 
2 123 680 
1 712 
1 12 
1 628 
2 692 864 
3 87 305 723 
1 182 
0 
1 66 
0 
0 
1 831 
0 
1 563 
3 59 160 522 
0 
0 
1 48 
0 
1 481 
1 756 
1 424 
0 
0 
0 
1 135 
1 874 
1 352 
1 86 
0 
2 731 844 
4 53 244 369 811 
0 
1 319 
2 596 650 
0 
0 
0 
0 
0 
0 
0 
2 478 920 
1 432 
2 551 830 
2 586 894 
1 541 
0 
1 82 
2 6 891 
3 144 780 912 
1 738 
2 413 525 
1 508 
1 133 
0 
2 130 588 
1 28 
0 
2 279 772 
0 
0 
0 
1 476 
1 804 
3 521 685 727 
2 585 787 
1 237 
0 
1 485 
1 63 
1 81 
1 327 
2 193 328 
1 826 
0 
0 
0 
1 515 
0 
0 
1 324 
3 175 608 706 
1 480 
0 
1 121 
2 350 741 
1 58 
0 
1 533 
1 206 
1 849 
1 440 
0 
1 845 
1 36 
1 622 
0 
0 
0 
1 761 
0 
2 222 253 
0 
2 16 56 
0 
0 
0 
0 
0 
1 461 
2 84 736 
1 850 
0 
0 
1 466 
2 183 697 
0 
0 
0 
2 430 842 
0 
1 602 
0 
1 371 
2 344 576 
3 323 429 691 
1 505 
1 9 
2 201 679 
0 
0 
0 
2 352 592 
0 
1 159 
2 127 484 
0 
1 566 
1 205 
