540 220
1 303 
0 
1 301 
3 143 148 414 
0 
2 325 347 
1 203 
2 37 257 
0 
0 
0 
1 531 
1 234 
1 111 
1 485 
1 233 
2 489 498 
0 
0 
1 295 
2 25 185 
1 466 
0 
1 77 
0 
2 20 149 
0 
0 
1 496 
4 83 90 281 371 
0 
2 402 532 
1 33 
3 32 150 489 
1 213 
0 
1 315 
1 7 
1 260 
0 
0 
0 
3 204 215 254 
2 218 408 
2 115 384 
1 61 
1 341 
1 486 
1 201 
2 137 488 
0 
1 265 
1 64 
1 101 
1 225 
1 418 
0 
0 
0 
0 
0 
4 45 87 329 344 
1 117 
1 260 
2 52 127 
0 
1 161 
0 
0 
1 345 
0 
0 
2 261 277 
1 443 
0 
0 
1 493 
1 23 
0 
1 405 
4 169 352 516 521 
0 
0 
2 29 173 
0 
3 91 294 323 
0 
1 61 
0 
0 
1 29 
1 85 
0 
1 492 
0 
0 
2 211 304 
0 
0 
0 
0 
1 53 
0 
1 423 
0 
0 
0 
0 
1 401 
0 
0 
3 13 295 443 
1 181 
0 
1 364 
2 44 508 
0 
1 62 
1 262 
1 257 
0 
0 
0 
1 458 
3 198 265 474 
0 
1 199 
1 64 
1 143 
1 182 
3 264 380 529 
0 
2 350 442 
1 171 
0 
0 
0 
3 49 233 267 
0 
0 
0 
1 448 
2 146 189 
2 3 128 
1 507 
1 212 
2 142 491 
0 
1 3 
1 25 
1 33 
1 321 
1 217 
0 
0 
0 
0 
0 
2 384 402 
0 
0 
1 66 
1 175 
1 482 
3 169 489 524 
2 368 428 
0 
0 
0 
3 80 164 523 
2 250 259 
1 133 
0 
2 83 195 
0 
1 162 
0 
0 
1 362 
0 
1 336 
1 112 
1 129 
1 266 
0 
1 20 
1 217 
2 246 449 
0 
2 142 343 
0 
0 
0 
2 241 513 
2 343 526 
2 173 235 
1 272 
1 209 
3 124 414 463 
1 126 
1 357 
1 48 
0 
1 6 
1 42 
1 347 
2 285 402 
0 
1 317 
1 197 
0 
1 96 
1 145 
2 34 232 
0 
1 42 
0 
3 152 186 471 
1 43 
0 
0 
0 
1 424 
1 401 
1 280 
1 54 
0 
0 
4 234 248 319 515 
0 
1 350 
0 
2 213 497 
3 15 137 378 
2 12 228 
3 195 366 403 
2 408 433 
0 
0 
0 
0 
4 193 279 280 372 
0 
0 
0 
1 434 
1 187 
0 
1 228 
0 
2 170 365 
0 
0 
0 
1 42 
0 
1 524 
4 7 119 428 515 
0 
1 170 
2 38 63 
2 72 521 
1 118 
0 
1 130 
2 51 124 
1 183 
3 137 296 361 
0 
2 375 477 
0 
0 
1 196 
0 
0 
1 416 
1 390 
1 72 
1 517 
1 241 
2 224 241 
1 29 
0 
1 304 
0 
1 206 
0 
1 362 
1 471 
0 
0 
0 
0 
0 
1 85 
2 19 111 
1 267 
1 364 
0 
1 457 
1 316 
1 2 
0 
1 0 
3 96 283 322 
0 
0 
0 
0 
0 
1 492 
0 
1 489 
1 526 
0 
2 36 489 
1 300 
1 208 
0 
1 228 
1 325 
1 151 
1 304 
3 85 386 406 
1 456 
2 5 320 
0 
3 418 484 521 
0 
2 61 366 
0 
2 341 456 
0 
1 479 
1 430 
0 
1 180 
0 
0 
1 453 
0 
2 46 331 
1 450 
3 189 194 517 
1 61 
1 69 
0 
2 5 205 
0 
0 
2 132 230 
1 385 
1 80 
0 
0 
0 
1 373 
2 200 378 
1 462 
0 
0 
1 267 
2 178 287 
0 
2 114 297 
1 250 
2 235 329 
0 
2 165 538 
0 
0 
2 29 501 
2 241 519 
1 356 
0 
2 269 437 
0 
0 
3 233 357 443 
0 
1 130 
0 
0 
0 
2 44 158 
1 351 
1 323 
0 
0 
0 
1 276 
0 
0 
1 514 
0 
0 
0 
0 
0 
0 
0 
2 108 223 
3 31 158 206 
1 235 
0 
1 79 
1 323 
0 
2 43 236 
2 473 487 
0 
0 
0 
0 
2 3 198 
0 
1 275 
0 
2 55 327 
0 
0 
0 
0 
1 103 
1 222 
2 506 507 
0 
0 
2 165 257 
0 
1 334 
0 
0 
1 236 
1 245 
0 
0 
2 375 444 
0 
0 
1 519 
0 
1 132 
3 73 111 378 
1 437 
0 
0 
0 
1 141 
1 187 
1 342 
0 
0 
1 339 
0 
0 
2 324 331 
1 299 
1 123 
0 
0 
0 
1 358 
1 198 
0 
0 
1 21 
0 
0 
0 
0 
2 217 288 
0 
1 409 
1 124 
0 
0 
1 269 
0 
2 333 506 
0 
0 
1 163 
0 
1 327 
1 14 
1 47 
1 409 
1 49 
5 16 33 164 312 315 
0 
1 146 
2 93 310 
1 76 
0 
0 
1 28 
1 232 
1 16 
0 
0 
1 371 
0 
0 
0 
0 
2 425 479 
2 144 425 
1 115 
0 
0 
0 
0 
1 193 
1 393 
2 228 257 
1 80 
2 278 343 
0 
2 372 440 
0 
4 80 261 327 525 
0 
1 169 
2 164 256 
1 521 
2 194 313 
0 
0 
1 130 
0 
1 11 
1 31 
0 
0 
0 
0 
0 
1 368 
0 
540 205
0 
0 
0 
0 
2 156 324 
0 
3 61 285 494 
1 330 
0 
0 
0 
0 
0 
1 15 
1 226 
1 13 
3 176 180 525 
0 
1 273 
1 204 
0 
0 
2 269 469 
1 266 
0 
1 521 
0 
0 
0 
1 81 
0 
0 
2 274 488 
1 297 
2 176 224 
2 112 230 
2 229 495 
0 
3 61 136 395 
2 308 449 
2 120 292 
0 
2 44 359 
0 
1 42 
0 
2 211 510 
0 
1 271 
1 96 
2 390 511 
1 213 
1 308 
1 150 
0 
0 
2 154 347 
1 155 
1 506 
0 
0 
3 6 38 100 
0 
1 175 
1 319 
0 
1 517 
1 68 
3 67 389 461 
0 
0 
0 
1 343 
0 
1 480 
0 
0 
0 
1 365 
2 137 415 
1 235 
2 29 456 
1 283 
1 324 
1 343 
0 
0 
0 
1 191 
0 
0 
1 455 
0 
0 
0 
1 345 
2 49 514 
2 322 334 
0 
1 347 
1 61 
0 
1 522 
1 233 
0 
2 144 390 
1 373 
0 
0 
1 480 
1 355 
0 
1 35 
2 293 417 
1 420 
1 536 
1 400 
0 
1 448 
0 
1 40 
1 266 
0 
0 
0 
1 484 
0 
0 
0 
0 
0 
0 
3 150 214 407 
0 
0 
0 
3 38 295 341 
1 79 
0 
0 
1 241 
0 
0 
0 
2 105 375 
0 
0 
1 295 
0 
0 
2 53 132 
0 
0 
0 
1 56 
1 57 
1 4 
1 450 
1 388 
0 
0 
0 
1 526 
0 
0 
1 186 
0 
2 286 317 
1 214 
0 
0 
1 424 
0 
0 
0 
3 63 195 299 
2 16 34 
0 
2 253 470 
0 
1 16 
0 
0 
0 
0 
1 250 
2 165 480 
0 
0 
2 249 506 
0 
3 88 209 482 
0 
0 
1 315 
1 175 
1 355 
0 
0 
0 
0 
0 
2 240 452 
0 
1 19 
2 303 440 
2 453 490 
0 
0 
1 191 
0 
2 46 368 
1 237 
1 51 
3 132 168 312 
1 394 
2 241 339 
0 
1 378 
1 341 
1 257 
1 241 
2 428 434 
0 
1 34 
0 
2 14 383 
2 264 406 
0 
1 36 
1 35 
0 
1 407 
2 103 441 
0 
1 80 
0 
2 212 503 
0 
1 478 
1 202 
3 140 216 221 
0 
2 272 394 
1 427 
0 
0 
0 
1 313 
1 189 
1 185 
0 
1 454 
1 178 
0 
0 
0 
1 220 
0 
0 
2 374 446 
1 271 
0 
0 
1 227 
0 
3 23 121 527 
1 408 
1 365 
1 22 
0 
2 48 261 
1 243 
1 18 
2 32 416 
0 
0 
0 
0 
0 
0 
1 519 
1 437 
3 82 471 537 
0 
2 6 371 
1 167 
0 
1 289 
1 288 
0 
1 400 
1 40 
2 113 393 
0 
2 136 147 
0 
1 33 
0 
1 175 
1 461 
0 
0 
1 205 
1 388 
0 
0 
0 
2 39 52 
1 387 
0 
1 397 
1 214 
1 248 
1 339 
2 194 527 
0 
1 167 
0 
3 64 471 496 
1 508 
0 
2 97 456 
0 
3 4 83 438 
1 462 
0 
0 
0 
0 
1 7 
1 345 
0 
0 
1 97 
0 
0 
0 
0 
4 216 314 418 519 
0 
2 136 219 
0 
2 72 84 
0 
2 95 331 
0 
2 56 99 
0 
0 
0 
0 
0 
0 
0 
3 110 196 359 
0 
0 
0 
2 42 355 
0 
0 
0 
0 
0 
2 78 268 
0 
0 
2 211 464 
2 383 528 
0 
1 285 
1 460 
1 106 
1 260 
1 144 
1 418 
0 
1 218 
0 
1 512 
1 449 
0 
2 226 369 
0 
0 
1 501 
1 309 
2 158 304 
1 68 
2 50 105 
3 418 471 534 
0 
2 293 426 
2 215 243 
2 38 538 
1 530 
3 311 486 488 
0 
0 
2 116 291 
1 411 
0 
0 
0 
1 406 
2 227 405 
2 132 232 
1 267 
1 435 
0 
1 401 
0 
0 
0 
1 79 
1 274 
1 113 
3 339 376 391 
0 
1 114 
0 
1 450 
0 
1 171 
0 
1 393 
1 244 
1 222 
0 
1 513 
0 
0 
0 
1 222 
2 409 517 
0 
1 282 
1 324 
0 
1 205 
1 233 
0 
0 
0 
0 
1 260 
0 
1 118 
2 39 381 
2 157 422 
0 
1 202 
1 206 
1 252 
1 91 
2 81 322 
0 
1 471 
0 
1 372 
2 68 300 
1 325 
1 539 
1 368 
0 
0 
0 
0 
1 22 
1 178 
4 283 319 391 458 
0 
0 
0 
1 531 
0 
0 
2 239 509 
0 
3 74 109 186 
1 490 
1 191 
0 
1 125 
0 
1 397 
0 
2 32 397 
0 
3 206 481 522 
0 
0 
0 
1 6 
1 36 
1 319 
0 
0 
0 
0 
1 386 
0 
1 237 
0 
0 
2 58 189 
0 
1 320 
1 478 
1 46 
1 50 
1 380 
1 430 
1 96 
0 
0 
2 66 435 
0 
2 281 339 
0 
1 25 
2 102 490 
0 
0 
1 16 
1 162 
2 266 315 
1 369 
0 
1 396 
1 475 
0 
0 
1 391 
0 
1 115 
1 283 
1 395 
1 463 
