980 432
0 
0 
1 698 
3 415 520 834 
1 255 
3 149 175 914 
1 597 
1 193 
2 440 748 
1 453 
1 542 
0 
1 712 
1 417 
0 
1 905 
1 791 
0 
2 97 533 
0 
0 
0 
2 198 854 
0 
3 840 898 974 
0 
1 581 
1 978 
0 
2 760 869 
0 
0 
0 
0 
2 390 826 
1 727 
1 273 
1 262 
1 398 
2 125 584 
0 
1 618 
0 
1 714 
0 
1 953 
0 
0 
0 
0 
0 
0 
2 73 795 
1 626 
1 861 
1 557 
0 
0 
1 692 
0 
1 765 
1 237 
1 331 
1 686 
0 
0 
0 
3 314 860 898 
1 260 
0 
1 929 
1 672 
1 561 
3 52 135 479 
1 129 
0 
1 954 
1 703 
1 440 
1 163 
0 
0 
0 
1 307 
0 
2 629 764 
1 802 
0 
2 877 954 
0 
3 201 252 727 
1 529 
0 
1 733 
1 677 
0 
0 
2 18 403 
0 
2 916 959 
1 707 
2 237 966 
2 420 558 
0 
2 157 254 
1 340 
0 
1 699 
0 
1 951 
1 499 
1 472 
1 124 
1 527 
0 
1 687 
1 783 
0 
1 623 
1 508 
2 343 654 
2 338 664 
1 417 
0 
2 112 184 
3 39 389 746 
0 
0 
0 
2 74 657 
1 873 
2 535 616 
1 279 
2 498 698 
1 877 
3 73 353 697 
1 784 
2 379 888 
0 
2 675 736 
1 944 
1 169 
0 
2 344 593 
1 292 
1 571 
1 244 
0 
1 760 
3 5 276 327 
1 709 
0 
1 225 
0 
2 177 189 
0 
1 395 
2 104 411 
0 
1 329 
0 
1 589 
0 
2 79 273 
2 406 524 
1 613 
2 445 780 
0 
0 
2 141 906 
0 
0 
2 214 626 
0 
0 
1 5 
1 605 
2 154 810 
1 692 
0 
1 975 
0 
1 721 
1 618 
2 124 893 
0 
0 
1 353 
1 569 
1 154 
0 
3 344 605 915 
0 
1 7 
0 
0 
0 
2 662 882 
1 22 
1 736 
1 448 
1 90 
2 324 978 
0 
1 705 
1 900 
2 488 978 
1 948 
0 
1 704 
0 
0 
0 
0 
1 172 
1 916 
1 395 
1 583 
1 939 
0 
0 
2 342 429 
0 
1 786 
1 441 
2 152 566 
2 480 583 
0 
0 
0 
1 484 
0 
0 
0 
1 340 
1 275 
0 
4 61 101 379 384 
1 667 
2 450 729 
0 
2 449 473 
0 
0 
2 146 603 
0 
0 
0 
0 
0 
1 748 
0 
2 90 895 
1 630 
1 104 
3 4 644 818 
0 
0 
0 
0 
1 68 
4 355 589 781 971 
1 37 
0 
0 
1 548 
0 
0 
0 
0 
1 700 
2 286 880 
0 
3 36 163 685 
0 
2 235 851 
2 149 871 
0 
0 
2 132 782 
0 
2 319 327 
0 
0 
0 
0 
2 271 464 
2 459 855 
0 
1 868 
1 688 
0 
4 144 341 580 821 
2 378 972 
2 305 411 
2 710 869 
0 
2 388 741 
0 
1 460 
1 579 
2 357 777 
1 406 
3 367 379 836 
0 
1 294 
0 
2 83 839 
0 
0 
0 
0 
0 
0 
1 67 
0 
0 
0 
2 332 876 
2 281 595 
0 
1 807 
0 
0 
1 202 
0 
0 
2 149 281 
0 
1 159 
1 760 
4 62 848 875 968 
1 318 
0 
0 
0 
2 562 845 
0 
2 121 678 
1 950 
2 105 234 
1 292 
3 221 343 776 
3 120 342 464 
4 143 191 527 703 
1 619 
1 872 
2 464 535 
0 
0 
0 
0 
0 
2 135 187 
0 
2 261 448 
1 853 
3 301 614 753 
0 
2 845 889 
0 
0 
0 
2 665 907 
0 
0 
1 581 
1 303 
0 
0 
0 
2 379 684 
0 
1 953 
0 
0 
0 
2 664 723 
1 293 
4 137 237 303 371 
2 751 894 
1 856 
0 
0 
1 237 
1 784 
0 
2 459 518 
1 297 
3 125 585 811 
1 34 
1 873 
1 913 
0 
1 626 
3 156 216 925 
0 
0 
1 38 
1 619 
1 712 
1 445 
1 550 
1 97 
0 
0 
2 164 302 
0 
0 
0 
0 
3 157 294 472 
0 
0 
1 675 
1 3 
1 606 
2 13 122 
0 
0 
3 102 663 874 
0 
1 553 
0 
2 729 954 
0 
2 613 669 
0 
0 
2 221 696 
0 
0 
2 506 884 
4 496 730 798 841 
0 
0 
0 
2 585 650 
0 
0 
2 8 78 
1 224 
0 
1 933 
0 
2 166 401 
1 939 
1 630 
2 200 355 
1 241 
2 239 704 
1 462 
0 
1 9 
1 598 
1 965 
0 
1 954 
0 
2 287 387 
2 299 945 
0 
2 451 732 
0 
3 286 343 347 
1 581 
0 
1 737 
1 742 
0 
0 
0 
2 111 411 
2 241 507 
3 527 691 703 
0 
0 
1 826 
1 499 
2 73 787 
1 226 
0 
0 
1 497 
2 230 555 
1 772 
0 
1 895 
1 206 
0 
0 
0 
0 
1 510 
1 808 
0 
2 433 886 
2 483 608 
1 133 
3 110 478 965 
1 823 
1 832 
2 606 679 
0 
0 
1 711 
2 432 541 
2 473 737 
2 119 543 
1 815 
3 493 878 939 
0 
1 514 
0 
2 512 885 
0 
0 
1 691 
1 387 
0 
1 3 
0 
0 
1 623 
1 164 
0 
0 
3 113 344 474 
0 
1 91 
0 
0 
0 
1 18 
1 743 
2 131 347 
0 
0 
2 661 926 
2 789 885 
1 900 
2 506 946 
1 10 
2 508 837 
1 650 
1 949 
2 619 699 
0 
1 265 
1 587 
1 402 
1 693 
0 
1 422 
1 640 
2 484 603 
0 
2 55 890 
3 102 804 894 
0 
0 
1 72 
1 336 
0 
0 
2 899 972 
2 225 619 
0 
0 
2 188 754 
1 719 
1 145 
0 
1 842 
0 
0 
0 
0 
1 918 
1 300 
1 292 
3 26 366 465 
1 890 
2 217 226 
1 39 
3 389 437 921 
0 
1 549 
0 
3 161 261 739 
0 
0 
0 
1 143 
0 
2 319 828 
0 
1 6 
2 454 895 
0 
0 
0 
1 674 
2 244 555 
0 
3 176 191 942 
2 416 502 
0 
1 497 
0 
0 
0 
1 868 
2 165 426 
1 357 
0 
1 131 
0 
2 41 183 
4 345 399 546 566 
0 
0 
1 651 
2 118 523 
0 
0 
3 53 172 394 
0 
0 
2 85 669 
2 253 447 
1 962 
1 919 
0 
0 
0 
0 
0 
0 
0 
3 554 815 868 
0 
0 
0 
1 255 
1 647 
0 
1 645 
0 
0 
2 437 544 
2 622 884 
0 
0 
1 120 
0 
0 
1 129 
0 
0 
0 
1 538 
1 197 
1 420 
3 121 377 960 
1 363 
1 873 
1 238 
0 
2 426 629 
0 
0 
1 71 
0 
1 602 
2 139 414 
0 
1 94 
1 338 
1 502 
0 
0 
0 
0 
1 371 
2 273 895 
1 63 
3 115 711 808 
1 290 
0 
0 
2 474 517 
2 58 178 
1 551 
0 
0 
1 429 
2 135 843 
3 2 133 710 
4 107 546 872 974 
1 270 
0 
1 886 
3 77 344 474 
4 209 450 747 865 
1 204 
0 
1 100 
0 
1 150 
2 295 698 
2 505 687 
2 12 400 
0 
1 43 
0 
1 750 
0 
0 
1 570 
0 
2 182 920 
0 
1 377 
1 841 
0 
0 
2 35 90 
0 
2 239 424 
1 433 
0 
1 462 
2 93 871 
1 756 
0 
2 139 199 
2 467 507 
0 
1 589 
0 
1 297 
1 468 
1 534 
0 
0 
1 125 
1 704 
2 8 250 
1 975 
1 716 
1 380 
1 966 
1 357 
1 569 
0 
1 734 
0 
1 922 
0 
3 29 148 330 
0 
0 
0 
1 85 
1 60 
0 
0 
1 945 
0 
0 
0 
1 485 
0 
0 
1 902 
1 342 
1 301 
0 
0 
1 166 
1 261 
1 279 
1 116 
2 136 385 
0 
1 223 
1 479 
0 
1 539 
1 914 
1 16 
1 891 
0 
0 
1 52 
0 
0 
1 433 
1 960 
1 928 
2 889 963 
1 86 
0 
1 558 
0 
0 
1 321 
2 494 687 
0 
1 177 
1 389 
0 
0 
0 
3 509 640 954 
0 
1 848 
1 255 
0 
1 906 
1 292 
0 
1 500 
0 
0 
2 34 477 
0 
1 595 
0 
0 
1 953 
1 501 
0 
1 3 
0 
1 303 
1 543 
0 
1 307 
1 24 
2 433 724 
1 573 
1 697 
1 850 
2 336 359 
1 907 
0 
2 331 817 
0 
1 844 
1 275 
1 961 
1 356 
2 22 956 
1 287 
2 381 979 
0 
1 906 
0 
1 67 
1 54 
0 
0 
0 
1 704 
0 
0 
3 289 612 640 
2 29 295 
0 
2 276 733 
2 346 699 
3 130 391 666 
1 420 
1 331 
1 318 
2 88 134 
1 510 
0 
1 271 
0 
1 197 
0 
2 432 651 
2 514 539 
2 496 702 
0 
1 137 
2 359 801 
2 557 582 
1 792 
1 929 
1 184 
2 380 558 
4 252 487 598 685 
0 
0 
2 24 67 
1 565 
2 205 540 
0 
1 775 
0 
0 
1 15 
3 169 820 858 
2 363 846 
0 
0 
0 
0 
0 
1 392 
2 5 790 
1 191 
2 99 215 
0 
1 578 
1 632 
1 721 
1 585 
1 758 
0 
0 
1 395 
1 538 
0 
1 800 
2 70 892 
0 
0 
0 
1 443 
0 
0 
0 
0 
0 
3 218 446 510 
0 
0 
1 605 
0 
1 140 
2 460 768 
1 541 
0 
1 207 
1 545 
1 339 
1 109 
0 
3 45 373 831 
5 76 88 424 457 815 
0 
1 854 
0 
0 
1 99 
2 664 799 
1 852 
1 631 
1 801 
0 
2 455 499 
2 101 752 
0 
1 331 
0 
0 
1 261 
2 293 565 
0 
2 24 699 
2 180 749 
0 
0 
3 27 202 206 
1 856 
980 395
1 895 
0 
0 
1 729 
2 354 950 
0 
1 933 
2 13 444 
0 
0 
1 184 
1 47 
1 496 
2 7 43 
1 248 
0 
1 425 
1 676 
2 171 406 
0 
0 
1 645 
1 129 
2 313 592 
0 
1 96 
1 906 
0 
0 
0 
1 126 
1 413 
1 296 
0 
2 384 717 
1 293 
0 
0 
1 784 
2 819 835 
1 961 
1 622 
0 
2 13 657 
0 
0 
0 
4 11 87 242 563 
1 925 
1 807 
0 
2 120 744 
2 339 685 
0 
2 187 214 
1 375 
1 890 
0 
0 
1 504 
0 
1 83 
1 426 
0 
0 
3 481 737 872 
1 552 
1 926 
0 
1 752 
0 
1 369 
0 
0 
1 266 
0 
0 
1 168 
0 
1 235 
1 693 
0 
1 437 
2 61 199 
0 
1 409 
0 
2 47 310 
0 
1 932 
0 
0 
2 112 677 
1 543 
0 
0 
1 25 
2 424 475 
0 
1 683 
0 
1 435 
0 
0 
0 
0 
0 
0 
3 258 820 823 
1 184 
1 909 
2 275 585 
3 92 341 418 
1 272 
1 217 
0 
2 352 414 
0 
0 
2 477 651 
2 51 826 
0 
1 960 
0 
0 
0 
2 30 734 
0 
1 944 
1 22 
0 
1 535 
1 396 
1 250 
0 
1 393 
1 456 
0 
2 211 914 
1 942 
2 171 544 
2 570 848 
0 
0 
0 
0 
0 
0 
1 213 
0 
1 776 
0 
1 794 
2 407 775 
0 
1 522 
0 
1 906 
2 183 242 
3 572 808 947 
0 
1 747 
1 420 
0 
0 
1 251 
0 
0 
1 77 
0 
0 
3 18 140 941 
1 761 
0 
0 
0 
0 
1 667 
0 
0 
0 
0 
0 
2 158 193 
2 10 109 
1 401 
0 
3 54 414 655 
1 233 
2 656 856 
0 
0 
0 
1 183 
0 
0 
0 
0 
0 
1 83 
1 201 
1 200 
1 385 
0 
1 354 
2 483 593 
0 
1 793 
1 855 
0 
1 277 
2 138 669 
1 932 
1 148 
1 54 
0 
1 469 
1 114 
4 262 636 661 846 
1 259 
0 
1 700 
0 
0 
1 873 
0 
1 829 
1 811 
0 
2 627 968 
1 850 
0 
0 
2 188 721 
0 
1 79 
1 858 
0 
1 245 
1 682 
0 
2 801 956 
2 47 158 
0 
2 396 902 
2 238 894 
2 622 704 
0 
1 14 
0 
1 133 
3 165 447 883 
0 
0 
0 
0 
1 450 
2 659 798 
1 108 
1 219 
0 
1 357 
1 218 
0 
1 961 
2 502 821 
2 74 848 
0 
0 
2 585 720 
0 
0 
2 113 562 
2 814 946 
1 411 
2 111 655 
1 955 
1 210 
0 
0 
0 
2 539 953 
0 
1 648 
2 730 754 
1 434 
2 648 942 
0 
0 
0 
0 
2 400 478 
0 
1 35 
0 
0 
2 32 396 
1 670 
2 355 766 
2 407 534 
0 
1 539 
2 534 716 
1 372 
2 727 742 
1 854 
0 
0 
1 646 
0 
2 87 406 
1 846 
0 
1 23 
1 775 
2 632 709 
0 
0 
0 
2 605 672 
0 
1 855 
0 
0 
0 
0 
0 
0 
1 479 
0 
1 361 
0 
1 878 
1 563 
0 
0 
0 
0 
0 
3 52 479 676 
1 521 
1 112 
0 
0 
0 
2 480 736 
0 
0 
2 466 702 
3 662 702 804 
0 
1 809 
2 116 552 
0 
3 4 204 576 
1 298 
0 
1 261 
1 564 
1 839 
0 
1 330 
0 
1 728 
0 
2 444 954 
0 
2 447 768 
1 747 
2 71 702 
1 823 
0 
2 303 492 
1 379 
0 
2 55 585 
1 917 
0 
1 523 
2 373 795 
1 807 
0 
1 490 
0 
2 34 554 
1 202 
2 423 502 
1 948 
1 409 
0 
1 783 
0 
1 563 
4 135 467 788 811 
0 
3 406 602 842 
3 132 244 296 
0 
1 771 
0 
1 291 
1 185 
1 647 
0 
0 
0 
3 18 310 395 
2 153 299 
0 
2 85 388 
0 
1 274 
1 744 
1 31 
2 116 187 
1 416 
1 415 
0 
1 112 
0 
2 162 536 
1 640 
1 428 
1 386 
1 97 
1 16 
1 62 
1 755 
1 422 
1 768 
0 
0 
0 
0 
1 285 
1 101 
0 
2 82 790 
1 884 
0 
1 913 
1 552 
0 
0 
2 7 365 
0 
2 484 504 
3 251 367 905 
0 
0 
2 256 457 
0 
2 688 711 
1 941 
0 
0 
1 136 
2 450 810 
0 
0 
1 497 
0 
0 
0 
1 717 
1 902 
2 348 489 
2 393 855 
1 951 
1 216 
0 
0 
1 941 
0 
0 
3 97 489 583 
0 
2 119 485 
2 291 846 
2 328 339 
2 345 619 
1 65 
0 
1 205 
2 446 711 
1 477 
0 
1 705 
0 
2 466 475 
1 382 
0 
2 372 585 
0 
0 
0 
2 12 887 
1 460 
0 
0 
4 541 566 848 969 
0 
3 265 386 574 
1 686 
2 59 446 
1 522 
1 594 
0 
0 
0 
1 937 
0 
1 784 
0 
0 
0 
0 
2 775 907 
2 525 593 
1 745 
0 
2 340 689 
2 155 505 
1 378 
1 632 
4 518 574 699 956 
0 
0 
0 
0 
0 
0 
0 
1 947 
3 299 302 738 
2 131 978 
1 420 
0 
0 
2 281 301 
0 
3 500 812 920 
1 700 
2 93 912 
1 140 
0 
1 956 
0 
1 913 
0 
0 
0 
4 66 352 441 878 
0 
1 384 
0 
1 647 
0 
0 
0 
0 
0 
1 272 
5 47 333 392 578 752 
1 358 
0 
1 500 
0 
0 
0 
1 141 
1 607 
1 159 
0 
5 502 525 754 770 873 
0 
1 354 
0 
1 563 
1 815 
1 917 
0 
0 
1 475 
1 790 
4 111 269 375 492 
1 900 
0 
0 
1 659 
1 803 
0 
1 23 
3 205 518 828 
1 506 
0 
0 
0 
0 
0 
0 
0 
2 395 955 
1 914 
0 
1 319 
0 
1 571 
0 
1 886 
0 
0 
0 
0 
0 
0 
1 784 
0 
1 735 
1 480 
1 901 
0 
2 41 246 
1 802 
2 872 920 
0 
0 
2 229 652 
0 
0 
0 
1 648 
3 315 524 721 
2 678 937 
0 
0 
2 218 922 
0 
2 824 939 
0 
1 421 
1 679 
0 
0 
0 
2 21 969 
2 308 947 
2 402 556 
3 283 286 631 
0 
0 
1 119 
1 627 
0 
1 897 
3 187 275 913 
1 189 
2 43 923 
0 
2 257 589 
0 
2 218 894 
2 349 775 
0 
1 818 
0 
0 
1 177 
0 
1 211 
1 297 
0 
1 319 
1 867 
0 
0 
2 17 339 
1 92 
1 633 
2 641 895 
0 
1 686 
1 239 
1 99 
1 693 
2 52 704 
2 503 681 
0 
1 452 
1 521 
1 700 
0 
0 
2 80 684 
0 
0 
0 
0 
0 
2 525 879 
3 221 542 690 
0 
3 348 349 369 
1 875 
2 246 685 
1 487 
0 
0 
0 
3 315 751 934 
0 
2 452 484 
0 
0 
0 
0 
1 302 
3 34 464 954 
0 
0 
1 269 
2 233 632 
0 
0 
0 
0 
2 818 880 
1 304 
2 363 825 
1 3 
1 284 
0 
0 
0 
1 126 
1 618 
1 345 
1 65 
2 534 771 
0 
0 
0 
1 304 
0 
2 51 412 
1 519 
0 
2 161 368 
0 
0 
0 
1 709 
3 69 563 760 
0 
2 284 574 
1 427 
0 
0 
0 
0 
1 752 
2 172 809 
0 
1 922 
0 
1 956 
1 298 
0 
2 367 429 
0 
1 574 
3 398 738 941 
0 
0 
1 963 
4 153 314 517 662 
1 150 
0 
0 
0 
0 
0 
1 844 
2 390 860 
3 38 512 616 
0 
0 
0 
1 393 
0 
2 437 584 
0 
0 
1 207 
1 152 
1 379 
0 
0 
1 257 
0 
0 
1 241 
1 623 
1 590 
1 349 
0 
0 
2 49 380 
1 159 
2 351 761 
1 457 
2 227 393 
1 541 
0 
1 273 
1 579 
0 
0 
2 664 726 
1 39 
1 108 
1 265 
0 
2 108 370 
1 638 
1 728 
1 120 
0 
1 593 
1 226 
0 
0 
0 
1 914 
0 
1 39 
0 
0 
0 
1 359 
0 
0 
1 395 
1 852 
1 782 
0 
3 218 311 478 
0 
3 141 266 500 
0 
1 230 
0 
1 843 
0 
1 305 
3 208 321 467 
1 189 
0 
1 236 
0 
1 783 
0 
0 
0 
0 
0 
1 928 
1 673 
0 
0 
0 
0 
2 65 624 
2 224 574 
0 
1 703 
0 
0 
2 332 552 
1 699 
1 726 
0 
0 
1 251 
1 438 
0 
1 609 
1 496 
0 
0 
1 56 
0 
0 
0 
3 245 661 971 
2 0 679 
0 
1 654 
0 
0 
1 586 
1 620 
2 244 465 
0 
0 
1 447 
2 26 157 
1 517 
0 
1 110 
0 
0 
1 543 
3 440 548 655 
3 138 603 833 
0 
0 
2 376 580 
0 
0 
2 541 624 
0 
2 636 763 
1 657 
0 
1 48 
1 67 
0 
1 866 
0 
0 
0 
2 89 212 
1 6 
1 709 
0 
0 
2 510 633 
0 
1 638 
0 
4 171 453 472 771 
2 139 286 
0 
1 128 
0 
1 273 
3 159 533 646 
1 387 
0 
1 4 
1 468 
0 
1 281 
2 365 717 
2 276 602 
4 241 525 546 765 
0 
0 
0 
1 122 
2 40 264 
0 
1 774 
0 
0 
0 
0 
1 229 
2 500 645 
0 
1 894 
0 
0 
0 
0 
0 
0 
1 535 
0 
