960 381
1 416 
0 
0 
0 
1 337 
1 95 
3 31 650 917 
0 
1 742 
0 
0 
1 319 
0 
1 858 
1 187 
1 22 
2 277 644 
1 606 
0 
2 775 850 
1 439 
0 
3 15 53 117 
2 231 594 
0 
2 468 711 
0 
0 
0 
0 
0 
1 6 
1 534 
1 435 
1 506 
0 
1 609 
1 247 
1 41 
1 696 
0 
4 38 291 627 946 
0 
0 
1 63 
1 256 
0 
1 822 
0 
1 488 
2 466 828 
0 
1 452 
1 22 
1 634 
0 
0 
4 107 351 637 726 
2 214 378 
0 
1 626 
1 397 
1 167 
2 44 192 
0 
1 238 
0 
0 
0 
1 115 
1 717 
1 368 
0 
0 
0 
0 
0 
1 915 
2 700 734 
1 490 
0 
0 
0 
0 
1 393 
0 
3 298 459 543 
0 
3 218 456 699 
0 
0 
1 688 
0 
1 659 
2 273 379 
1 5 
0 
2 210 953 
1 236 
2 567 682 
0 
1 475 
2 190 623 
1 711 
0 
2 536 614 
1 810 
1 57 
0 
1 377 
0 
1 924 
0 
0 
1 476 
1 69 
1 725 
2 22 408 
0 
0 
0 
0 
1 588 
0 
1 335 
1 204 
0 
0 
1 536 
1 442 
1 888 
0 
2 686 913 
0 
0 
0 
1 510 
0 
0 
1 150 
0 
0 
1 835 
1 161 
1 492 
0 
1 808 
1 294 
0 
0 
2 139 504 
1 922 
1 207 
0 
0 
1 849 
0 
0 
1 877 
1 576 
1 334 
1 143 
0 
1 423 
1 496 
1 643 
0 
1 62 
1 204 
0 
0 
1 313 
1 717 
0 
3 333 429 799 
0 
0 
1 179 
0 
1 177 
1 839 
1 947 
1 731 
0 
2 801 954 
0 
0 
1 14 
1 922 
1 210 
1 102 
2 228 242 
1 63 
0 
0 
1 749 
2 307 553 
0 
1 334 
1 361 
0 
0 
0 
0 
2 125 168 
0 
2 221 711 
1 152 
1 238 
0 
2 97 189 
0 
0 
1 848 
1 58 
0 
0 
0 
2 88 284 
0 
0 
2 206 618 
1 828 
0 
0 
1 504 
1 940 
4 415 627 680 808 
1 191 
1 873 
0 
2 23 567 
1 882 
1 414 
1 928 
0 
1 98 
0 
2 65 208 
0 
3 306 320 814 
0 
1 191 
0 
0 
2 327 538 
0 
1 37 
2 501 524 
1 614 
2 928 933 
0 
0 
2 722 734 
3 531 765 910 
1 383 
1 45 
1 897 
1 797 
1 560 
0 
0 
1 592 
0 
1 789 
0 
0 
1 476 
0 
0 
0 
0 
2 374 899 
1 94 
0 
0 
0 
1 16 
1 630 
1 589 
1 539 
1 907 
0 
0 
3 218 428 607 
2 859 957 
0 
1 836 
1 516 
1 630 
1 316 
1 41 
2 300 556 
2 296 671 
2 147 902 
0 
1 293 
0 
1 86 
0 
1 292 
1 549 
1 388 
0 
1 670 
0 
1 240 
1 196 
1 603 
0 
0 
0 
1 436 
2 171 520 
0 
1 541 
2 290 937 
0 
0 
2 11 551 
2 240 942 
1 828 
0 
0 
0 
0 
0 
1 245 
0 
0 
0 
0 
0 
1 174 
2 160 198 
1 124 
0 
1 4 
1 717 
1 445 
0 
1 801 
0 
1 710 
0 
0 
1 885 
2 395 751 
0 
0 
0 
1 57 
1 723 
0 
0 
1 675 
1 915 
0 
1 937 
0 
0 
3 199 572 868 
0 
0 
1 470 
1 493 
0 
1 495 
1 71 
0 
1 484 
0 
0 
0 
2 272 486 
0 
0 
1 109 
2 58 565 
1 94 
1 638 
1 909 
1 881 
1 255 
0 
0 
1 926 
0 
2 302 708 
0 
0 
0 
0 
1 84 
1 430 
1 347 
0 
1 61 
0 
0 
0 
1 744 
0 
0 
0 
1 828 
0 
0 
2 117 826 
0 
0 
0 
0 
1 466 
1 233 
2 227 883 
1 0 
1 598 
0 
0 
0 
0 
0 
1 163 
2 515 863 
0 
0 
1 769 
2 284 526 
1 174 
1 394 
2 460 584 
0 
2 455 784 
1 547 
1 33 
1 312 
1 882 
1 678 
2 20 924 
0 
1 691 
1 129 
0 
1 890 
2 339 592 
0 
1 657 
1 607 
1 594 
1 847 
1 637 
1 52 
0 
0 
1 433 
1 88 
0 
0 
1 86 
1 431 
0 
1 546 
1 711 
1 935 
0 
2 50 413 
0 
1 25 
0 
1 364 
0 
2 547 823 
1 551 
1 925 
1 101 
6 114 267 640 783 837 915 
0 
1 760 
0 
0 
0 
2 745 849 
0 
1 370 
0 
1 374 
0 
1 49 
0 
1 79 
0 
1 144 
1 365 
0 
1 367 
2 164 722 
0 
0 
0 
0 
1 248 
4 673 875 882 936 
0 
3 150 225 560 
0 
1 34 
3 535 684 761 
0 
0 
1 136 
0 
0 
0 
0 
3 424 814 942 
2 288 671 
0 
1 778 
0 
1 313 
2 670 713 
0 
0 
2 248 531 
0 
1 428 
0 
0 
0 
1 903 
3 254 524 689 
0 
1 807 
2 32 862 
1 507 
2 105 128 
2 611 917 
3 245 638 942 
1 280 
0 
2 315 897 
0 
1 86 
0 
0 
1 462 
3 434 472 776 
0 
1 301 
1 747 
2 319 473 
0 
1 196 
0 
0 
3 292 580 655 
0 
1 687 
0 
3 259 504 911 
0 
0 
0 
1 678 
1 378 
0 
2 99 231 
0 
1 723 
0 
0 
1 361 
1 688 
0 
0 
4 159 579 595 609 
1 680 
0 
1 576 
4 556 605 710 839 
0 
0 
0 
1 431 
1 871 
0 
1 815 
2 122 725 
1 279 
0 
0 
2 262 445 
0 
2 23 449 
3 576 724 924 
0 
0 
2 417 893 
0 
0 
0 
0 
1 308 
0 
1 580 
1 17 
3 284 448 692 
1 715 
5 36 576 735 758 837 
1 855 
1 537 
0 
0 
4 105 249 633 789 
0 
1 868 
0 
1 221 
0 
0 
1 920 
0 
1 102 
0 
0 
1 60 
2 41 227 
0 
0 
2 278 289 
0 
0 
3 614 822 888 
2 54 857 
1 653 
0 
2 57 451 
3 380 538 930 
0 
1 476 
0 
0 
1 165 
2 16 801 
0 
0 
1 824 
0 
0 
1 6 
0 
0 
1 635 
0 
1 556 
0 
1 447 
0 
2 93 917 
0 
0 
0 
0 
0 
1 954 
0 
1 886 
0 
0 
2 304 521 
2 293 516 
0 
1 502 
0 
2 355 761 
0 
0 
3 438 564 785 
0 
2 227 577 
0 
2 99 803 
1 844 
2 507 700 
1 790 
1 132 
1 558 
2 91 573 
1 531 
0 
2 441 856 
1 607 
2 715 950 
1 946 
0 
1 39 
0 
0 
1 88 
3 78 684 739 
0 
0 
1 916 
0 
0 
0 
2 885 950 
2 388 717 
1 769 
2 343 580 
4 25 103 206 463 
0 
2 521 819 
0 
2 608 693 
0 
4 70 172 338 708 
0 
0 
0 
0 
2 253 496 
2 352 569 
1 595 
2 116 588 
1 57 
0 
0 
0 
0 
1 182 
0 
1 938 
2 78 253 
2 609 764 
0 
0 
0 
1 700 
0 
0 
1 8 
1 933 
1 401 
1 482 
2 896 930 
1 550 
0 
1 195 
1 928 
1 347 
0 
0 
0 
1 863 
0 
0 
1 609 
0 
1 478 
2 507 675 
0 
0 
1 735 
1 254 
1 916 
0 
0 
2 427 709 
1 855 
0 
2 879 959 
0 
0 
2 19 938 
1 547 
1 795 
1 518 
0 
0 
0 
1 793 
1 476 
1 433 
1 678 
0 
0 
0 
2 264 614 
1 685 
0 
0 
1 782 
0 
1 777 
0 
1 258 
0 
1 174 
0 
4 184 341 644 834 
0 
1 682 
0 
0 
0 
1 533 
2 146 227 
0 
1 106 
0 
0 
0 
2 240 515 
2 587 878 
1 900 
0 
0 
1 713 
1 894 
0 
2 47 633 
4 472 846 853 898 
2 647 909 
0 
1 408 
1 923 
4 50 222 321 405 
0 
0 
0 
1 886 
0 
1 801 
1 142 
1 287 
2 476 609 
0 
2 180 580 
0 
1 864 
0 
0 
1 683 
1 856 
1 823 
1 450 
1 213 
2 155 482 
1 19 
0 
0 
1 823 
0 
2 610 770 
2 691 845 
1 634 
1 13 
1 285 
0 
0 
1 534 
2 424 755 
1 841 
0 
0 
0 
2 361 616 
0 
0 
1 585 
0 
1 229 
0 
1 502 
0 
1 158 
1 815 
2 772 921 
1 933 
1 382 
3 232 437 502 
1 415 
0 
2 346 707 
2 667 832 
1 905 
2 130 633 
0 
1 444 
0 
0 
1 598 
1 820 
0 
1 746 
2 257 541 
1 823 
1 272 
1 816 
0 
1 294 
1 530 
0 
1 887 
0 
1 281 
0 
2 381 824 
1 254 
1 560 
0 
1 132 
0 
3 77 356 476 
2 703 766 
3 6 537 659 
0 
0 
1 621 
1 879 
2 151 188 
1 827 
3 111 439 595 
1 474 
1 386 
0 
3 234 250 750 
0 
2 638 746 
0 
0 
3 250 743 880 
0 
1 464 
1 502 
2 316 358 
2 733 775 
0 
1 226 
0 
3 320 515 538 
0 
0 
0 
2 41 694 
1 181 
0 
0 
2 693 707 
0 
0 
1 97 
2 184 665 
0 
0 
1 285 
0 
1 772 
960 399
2 34 46 
0 
0 
2 448 821 
1 90 
2 552 949 
0 
1 518 
1 117 
1 405 
1 372 
1 703 
1 148 
1 567 
2 80 448 
1 778 
2 548 916 
1 853 
0 
0 
0 
0 
2 127 638 
0 
0 
1 862 
0 
1 208 
0 
0 
3 293 328 406 
1 944 
0 
0 
3 0 184 891 
1 62 
2 790 879 
1 675 
1 900 
0 
1 133 
1 563 
2 288 614 
0 
1 375 
0 
1 0 
2 907 937 
1 163 
0 
0 
1 295 
0 
2 175 453 
0 
0 
0 
0 
2 274 708 
2 547 642 
0 
2 619 908 
2 35 444 
1 450 
2 151 384 
0 
2 179 215 
1 402 
1 684 
2 117 657 
0 
2 305 675 
0 
2 481 636 
1 552 
0 
0 
0 
0 
0 
2 14 939 
2 688 861 
0 
0 
1 176 
0 
1 748 
0 
0 
0 
3 4 251 811 
1 814 
1 449 
1 697 
0 
0 
1 725 
0 
3 250 462 550 
1 480 
1 791 
2 268 636 
3 157 506 806 
1 683 
2 764 933 
3 291 396 721 
0 
0 
2 154 431 
1 884 
0 
0 
0 
1 567 
0 
0 
0 
4 8 69 219 696 
2 221 495 
0 
0 
0 
1 789 
0 
0 
0 
1 569 
1 22 
0 
3 472 537 581 
0 
0 
1 716 
2 40 548 
1 903 
3 647 905 909 
1 809 
1 174 
0 
0 
1 183 
0 
2 459 637 
0 
0 
0 
0 
2 198 722 
1 12 
1 471 
1 173 
3 64 285 616 
0 
0 
2 108 310 
1 372 
0 
3 102 369 895 
0 
0 
0 
0 
0 
1 48 
3 230 643 922 
0 
2 724 872 
1 656 
0 
0 
0 
0 
1 307 
2 150 606 
1 137 
2 53 904 
3 84 551 805 
0 
0 
1 66 
0 
0 
1 718 
1 140 
1 34 
2 251 809 
1 586 
0 
0 
0 
0 
2 784 882 
0 
0 
0 
0 
1 311 
1 365 
2 147 684 
0 
1 779 
0 
0 
1 519 
2 404 417 
1 737 
0 
1 208 
2 27 207 
1 412 
0 
1 289 
2 337 938 
0 
0 
1 66 
0 
0 
0 
1 117 
1 678 
3 118 340 721 
1 946 
0 
0 
0 
0 
0 
0 
0 
1 164 
0 
1 338 
0 
1 288 
0 
0 
1 673 
0 
1 590 
0 
0 
1 664 
0 
1 684 
1 293 
0 
0 
0 
2 276 878 
2 98 880 
2 90 185 
1 697 
0 
0 
0 
0 
2 771 898 
0 
1 751 
1 871 
0 
0 
2 406 745 
1 430 
1 325 
0 
1 477 
2 101 579 
0 
0 
0 
0 
1 542 
2 58 397 
1 418 
1 249 
1 911 
0 
0 
0 
2 486 774 
1 575 
0 
0 
4 151 347 828 917 
1 398 
0 
3 42 234 731 
3 211 393 673 
1 451 
2 105 768 
0 
2 30 245 
2 487 532 
1 51 
0 
0 
1 583 
1 474 
0 
0 
0 
1 315 
1 435 
2 71 775 
1 742 
1 172 
1 943 
1 685 
2 154 911 
3 196 504 610 
0 
0 
0 
1 303 
0 
0 
2 496 547 
0 
0 
0 
0 
0 
1 644 
1 265 
2 634 734 
1 609 
3 30 701 947 
0 
0 
1 881 
2 728 802 
1 692 
0 
1 481 
0 
1 212 
1 232 
0 
2 221 929 
0 
0 
0 
0 
0 
0 
1 285 
0 
0 
2 559 637 
0 
0 
1 883 
0 
1 430 
0 
0 
0 
0 
0 
0 
1 891 
0 
0 
2 197 938 
0 
3 525 548 562 
0 
1 157 
0 
1 933 
2 10 155 
0 
0 
2 44 742 
0 
0 
0 
0 
2 502 777 
1 427 
1 788 
2 579 653 
2 64 485 
0 
0 
1 834 
0 
1 846 
0 
1 455 
0 
2 289 761 
1 548 
1 706 
1 105 
1 274 
2 286 772 
1 473 
0 
0 
1 67 
1 451 
2 204 482 
2 9 825 
3 30 263 879 
0 
2 472 707 
0 
0 
0 
1 209 
0 
0 
0 
1 905 
2 204 785 
1 275 
2 890 928 
1 941 
0 
1 768 
1 511 
2 552 657 
2 517 710 
2 763 791 
3 381 718 937 
1 793 
0 
2 264 355 
1 108 
0 
0 
1 486 
1 304 
0 
0 
0 
0 
0 
0 
0 
0 
1 62 
1 847 
2 815 835 
1 702 
3 3 14 533 
1 92 
1 63 
2 290 403 
0 
1 53 
1 502 
1 391 
0 
0 
0 
3 142 502 868 
0 
0 
3 98 488 657 
0 
0 
2 534 637 
1 621 
0 
0 
1 519 
1 713 
1 149 
2 129 408 
1 399 
1 299 
1 769 
0 
1 267 
0 
0 
3 99 504 897 
2 73 335 
2 404 509 
1 856 
0 
1 384 
3 281 434 867 
1 294 
1 462 
1 819 
0 
1 841 
0 
1 698 
1 926 
1 118 
3 318 553 680 
1 664 
0 
0 
0 
0 
3 380 454 459 
0 
3 311 480 547 
0 
2 102 563 
0 
0 
1 482 
1 851 
3 423 553 885 
0 
2 620 706 
0 
0 
1 845 
1 425 
2 7 828 
3 203 469 801 
0 
0 
0 
0 
2 540 741 
1 367 
0 
0 
0 
2 542 673 
0 
0 
1 294 
1 448 
1 465 
0 
0 
1 129 
1 800 
1 840 
1 524 
0 
2 273 529 
2 866 958 
3 692 731 785 
0 
0 
3 59 318 504 
5 16 133 367 394 944 
0 
1 98 
1 176 
4 5 74 424 790 
2 496 511 
0 
0 
0 
0 
0 
1 350 
1 659 
1 689 
1 367 
2 41 506 
1 952 
0 
0 
2 13 113 
1 823 
1 126 
0 
0 
0 
0 
1 905 
1 282 
0 
0 
0 
2 268 383 
2 930 944 
2 129 682 
0 
1 298 
1 899 
0 
1 186 
0 
0 
2 603 728 
1 239 
0 
1 956 
1 669 
0 
0 
0 
0 
1 874 
1 889 
0 
0 
1 736 
1 589 
0 
0 
2 173 821 
0 
0 
2 327 700 
1 311 
1 917 
0 
0 
2 42 682 
0 
1 151 
1 759 
1 761 
1 61 
3 513 622 714 
1 466 
1 620 
0 
0 
0 
0 
0 
1 822 
0 
0 
1 815 
0 
0 
1 326 
0 
2 73 101 
4 142 350 465 719 
1 22 
0 
0 
1 732 
1 59 
1 164 
2 324 885 
0 
0 
1 135 
0 
0 
0 
0 
1 830 
1 383 
0 
1 799 
1 167 
3 69 424 462 
0 
1 560 
0 
1 839 
1 954 
0 
2 242 497 
0 
0 
1 790 
1 758 
3 593 831 941 
0 
0 
0 
3 237 289 529 
0 
2 37 71 
0 
0 
1 220 
0 
1 496 
0 
2 581 614 
1 103 
4 68 198 244 901 
1 309 
1 909 
0 
1 81 
1 561 
0 
0 
2 333 544 
0 
0 
0 
1 117 
3 93 252 906 
1 493 
1 817 
1 609 
2 328 898 
2 447 927 
1 11 
0 
0 
2 395 513 
1 408 
2 58 808 
0 
1 425 
0 
0 
1 470 
2 620 767 
0 
2 132 835 
1 872 
2 182 427 
1 637 
0 
2 105 221 
1 147 
0 
1 166 
1 96 
0 
1 785 
2 332 589 
0 
0 
2 288 544 
1 641 
1 790 
1 326 
0 
1 602 
1 205 
0 
0 
0 
1 524 
2 306 375 
1 758 
0 
1 263 
0 
0 
1 86 
0 
0 
1 259 
1 809 
0 
0 
0 
0 
1 849 
2 668 743 
2 617 872 
0 
2 393 618 
1 890 
2 426 934 
1 104 
0 
0 
1 714 
2 291 422 
2 475 896 
0 
2 257 935 
2 398 819 
0 
1 281 
2 305 883 
0 
1 380 
1 15 
1 200 
0 
0 
0 
0 
1 191 
4 417 544 727 871 
0 
0 
1 382 
1 122 
5 36 552 667 733 916 
2 100 426 
1 822 
1 428 
0 
0 
0 
0 
0 
1 655 
1 538 
1 519 
1 332 
0 
0 
1 176 
1 102 
0 
1 708 
3 136 185 752 
0 
1 90 
0 
1 916 
2 91 849 
2 446 631 
0 
1 699 
0 
2 489 772 
0 
2 3 606 
2 628 792 
1 568 
0 
1 405 
0 
0 
2 285 518 
1 863 
1 652 
2 669 870 
0 
0 
1 387 
2 446 716 
0 
1 866 
0 
1 661 
1 539 
2 491 958 
0 
0 
0 
1 516 
1 389 
1 445 
0 
2 757 814 
0 
1 510 
0 
1 17 
0 
0 
1 483 
0 
0 
0 
0 
2 81 894 
1 25 
1 829 
0 
0 
2 543 837 
1 486 
1 459 
1 956 
1 831 
2 260 785 
3 166 717 759 
0 
1 598 
0 
0 
0 
1 249 
2 36 406 
1 250 
1 331 
1 191 
2 353 775 
1 109 
2 511 644 
0 
0 
0 
1 599 
2 419 762 
2 34 362 
0 
0 
1 861 
1 157 
1 769 
1 480 
2 257 701 
1 584 
1 38 
1 684 
0 
1 134 
1 175 
3 135 416 574 
1 697 
1 47 
1 61 
2 135 686 
0 
2 277 310 
0 
0 
0 
0 
3 16 790 813 
2 285 611 
0 
0 
1 933 
0 
1 164 
0 
0 
0 
1 494 
1 702 
1 419 
1 340 
1 580 
0 
0 
3 104 371 920 
1 763 
1 771 
0 
2 47 427 
2 212 365 
1 80 
0 
2 420 669 
0 
1 308 
4 31 548 580 953 
1 959 
1 222 
1 328 
0 
1 5 
0 
0 
1 564 
1 944 
1 662 
0 
2 592 869 
0 
2 543 841 
1 945 
