730 313
0 
0 
0 
0 
0 
1 76 
0 
1 337 
2 149 681 
2 304 499 
0 
1 264 
1 341 
1 676 
3 112 386 699 
0 
2 456 623 
1 180 
0 
1 635 
1 193 
0 
1 423 
0 
1 351 
0 
0 
0 
0 
0 
0 
0 
1 439 
1 135 
0 
3 395 525 550 
0 
0 
0 
2 257 435 
0 
1 270 
1 85 
0 
0 
0 
1 515 
1 158 
0 
1 342 
1 646 
1 412 
0 
1 75 
1 531 
0 
1 599 
1 173 
1 720 
1 394 
1 361 
1 655 
5 118 123 551 579 582 
1 670 
0 
0 
1 299 
2 125 444 
0 
0 
1 500 
1 518 
0 
0 
0 
2 53 618 
2 5 421 
1 671 
2 507 663 
0 
3 165 416 698 
0 
1 195 
2 461 544 
3 192 360 544 
2 42 131 
1 258 
0 
0 
2 120 215 
1 105 
0 
0 
3 105 272 417 
0 
0 
0 
0 
1 233 
1 340 
0 
1 611 
2 255 310 
0 
1 147 
2 90 93 
0 
0 
0 
0 
1 458 
1 641 
3 14 200 253 
0 
1 238 
0 
0 
2 371 541 
3 62 380 530 
0 
1 89 
1 547 
0 
1 62 
0 
1 67 
0 
0 
1 501 
1 404 
0 
1 85 
0 
1 211 
1 439 
1 33 
1 166 
1 191 
0 
2 145 631 
0 
1 407 
0 
0 
1 658 
1 139 
0 
2 104 617 
0 
2 8 571 
0 
1 566 
0 
0 
0 
1 181 
2 474 512 
0 
1 47 
0 
4 177 195 311 415 
2 301 544 
2 264 321 
2 465 723 
0 
2 80 673 
1 136 
0 
0 
0 
1 323 
1 435 
0 
2 57 192 
1 714 
2 184 650 
0 
1 160 
1 501 
0 
1 17 
2 155 193 
0 
1 609 
3 175 243 320 
1 715 
1 724 
1 317 
0 
1 502 
0 
1 137 
2 84 173 
2 20 181 
0 
2 82 160 
1 290 
0 
1 486 
2 244 403 
2 112 709 
1 481 
1 417 
1 492 
0 
1 305 
2 446 488 
1 380 
0 
0 
2 561 699 
2 133 499 
0 
0 
1 673 
2 89 294 
0 
0 
0 
1 395 
0 
0 
0 
0 
0 
0 
1 341 
1 551 
0 
1 557 
1 576 
1 681 
0 
1 98 
0 
1 513 
0 
2 544 664 
2 114 386 
0 
1 662 
0 
0 
1 184 
2 199 511 
0 
1 251 
1 503 
1 592 
1 363 
1 368 
1 246 
2 393 583 
1 112 
0 
3 102 504 597 
2 279 441 
3 39 344 466 
1 86 
1 429 
1 396 
0 
0 
1 303 
2 11 162 
0 
1 268 
0 
1 266 
0 
2 41 451 
1 376 
1 93 
1 397 
1 297 
0 
1 666 
1 574 
0 
2 256 530 
2 398 521 
0 
2 298 627 
0 
0 
0 
0 
1 362 
1 427 
0 
1 196 
0 
1 545 
0 
2 215 566 
0 
0 
2 274 456 
2 282 690 
1 66 
1 479 
2 161 371 
0 
1 263 
1 9 
2 205 560 
1 650 
1 560 
0 
0 
3 102 522 672 
1 160 
0 
0 
1 686 
1 665 
0 
1 187 
2 539 632 
3 531 650 694 
2 184 626 
1 162 
0 
1 170 
1 468 
0 
1 620 
0 
1 627 
2 624 639 
0 
0 
1 686 
0 
0 
1 448 
0 
2 7 641 
0 
0 
1 99 
3 12 226 707 
2 49 446 
0 
1 257 
2 417 532 
0 
0 
0 
1 610 
0 
2 24 597 
0 
0 
2 696 729 
1 618 
1 660 
0 
1 421 
0 
2 84 579 
1 60 
2 287 646 
1 249 
1 545 
0 
0 
1 677 
1 250 
0 
0 
3 117 301 416 
0 
1 711 
0 
0 
2 271 414 
0 
0 
0 
2 118 207 
0 
0 
1 713 
0 
1 444 
3 14 238 575 
1 572 
0 
0 
1 514 
0 
1 606 
1 252 
2 59 420 
2 35 219 
1 260 
1 273 
1 280 
1 563 
0 
0 
0 
1 199 
2 129 596 
0 
0 
1 141 
3 499 563 632 
1 523 
0 
0 
1 51 
0 
2 376 476 
1 160 
4 80 371 425 589 
4 93 202 345 533 
1 558 
0 
1 394 
2 76 358 
0 
1 22 
0 
2 416 568 
1 638 
1 288 
0 
1 259 
0 
1 538 
3 517 618 706 
0 
0 
2 39 171 
0 
0 
0 
2 32 134 
0 
1 256 
0 
1 537 
2 67 385 
2 529 696 
2 206 342 
0 
1 335 
0 
0 
1 270 
0 
1 654 
0 
0 
2 16 297 
0 
1 110 
0 
0 
3 83 478 534 
1 671 
0 
0 
1 163 
1 257 
1 710 
1 324 
1 596 
0 
0 
0 
0 
1 156 
0 
1 414 
0 
2 461 533 
1 300 
0 
1 201 
0 
0 
0 
1 658 
1 198 
1 676 
1 206 
0 
0 
0 
2 203 532 
0 
0 
0 
0 
0 
0 
3 9 211 408 
1 70 
2 128 178 
2 189 630 
1 247 
1 255 
1 598 
0 
1 78 
0 
0 
1 517 
1 244 
1 156 
2 235 543 
1 390 
1 46 
0 
2 432 510 
2 71 548 
1 679 
0 
1 280 
1 310 
1 409 
1 669 
1 35 
0 
1 635 
0 
2 445 719 
3 118 279 576 
2 54 319 
2 345 492 
2 417 478 
1 461 
0 
0 
1 443 
1 431 
1 318 
0 
2 117 660 
1 663 
1 513 
4 83 84 161 237 
3 292 364 676 
0 
1 121 
1 518 
0 
1 35 
2 62 227 
0 
0 
0 
0 
0 
1 229 
2 418 721 
0 
2 305 307 
1 210 
0 
4 399 408 568 623 
0 
2 716 721 
3 151 294 644 
0 
2 425 563 
1 612 
1 725 
1 149 
1 387 
0 
2 277 649 
1 386 
2 230 530 
0 
0 
2 62 360 
0 
0 
1 62 
1 252 
0 
1 644 
2 615 704 
1 720 
0 
1 416 
0 
0 
1 248 
0 
0 
1 686 
3 404 469 719 
2 255 351 
1 505 
1 56 
0 
0 
0 
0 
0 
0 
1 392 
0 
0 
1 183 
1 349 
2 101 680 
1 569 
0 
0 
1 586 
0 
1 147 
3 75 355 432 
0 
1 326 
0 
0 
2 16 563 
1 329 
0 
1 320 
2 282 328 
0 
0 
1 502 
1 139 
2 318 408 
0 
1 705 
3 19 527 655 
0 
0 
1 426 
1 329 
0 
4 111 337 688 717 
1 681 
0 
2 566 585 
0 
2 50 362 
1 671 
1 676 
1 574 
3 175 306 319 
0 
0 
0 
1 453 
2 61 635 
0 
0 
2 144 485 
1 682 
2 356 541 
0 
1 240 
2 78 542 
1 237 
1 315 
1 276 
0 
0 
1 524 
2 63 702 
4 77 462 647 721 
1 310 
2 165 214 
0 
1 694 
4 13 487 545 648 
1 367 
0 
1 519 
1 611 
3 8 231 642 
1 659 
0 
0 
0 
3 314 332 595 
0 
1 641 
0 
1 298 
0 
0 
0 
2 319 675 
0 
2 354 445 
0 
1 80 
2 14 210 
0 
0 
1 670 
0 
1 586 
1 634 
1 432 
1 341 
0 
1 200 
1 467 
1 373 
0 
1 383 
1 174 
1 185 
1 565 
1 641 
0 
2 529 596 
2 58 587 
3 558 565 671 
0 
1 163 
1 186 
1 570 
0 
0 
0 
1 354 
730 288
1 655 
0 
1 523 
0 
1 155 
1 85 
0 
0 
0 
1 717 
1 257 
1 530 
1 257 
0 
0 
1 586 
1 481 
0 
0 
1 206 
1 234 
2 195 642 
0 
0 
1 476 
0 
0 
0 
1 498 
1 409 
2 380 497 
0 
0 
1 688 
2 91 430 
1 416 
0 
1 439 
0 
0 
0 
0 
1 241 
1 330 
0 
1 477 
0 
1 693 
0 
0 
0 
2 444 661 
2 201 341 
1 412 
0 
0 
1 180 
0 
0 
0 
0 
1 484 
1 310 
0 
0 
1 87 
1 438 
2 112 587 
1 539 
1 338 
0 
1 343 
1 179 
1 326 
0 
1 615 
1 524 
0 
1 461 
1 614 
2 272 327 
0 
2 325 608 
2 261 313 
0 
1 5 
0 
1 65 
2 382 726 
0 
0 
2 34 713 
1 126 
2 170 685 
0 
1 148 
3 175 180 555 
0 
1 393 
0 
0 
1 658 
0 
0 
0 
1 539 
0 
3 359 513 701 
0 
1 321 
0 
1 311 
2 67 521 
1 300 
0 
1 460 
1 133 
1 471 
0 
0 
0 
0 
2 341 426 
2 126 415 
0 
0 
3 92 123 325 
0 
0 
1 432 
0 
2 320 626 
2 305 723 
1 116 
2 341 712 
0 
0 
0 
1 273 
0 
1 410 
1 642 
2 340 485 
0 
0 
0 
0 
0 
1 95 
0 
2 351 580 
0 
3 265 635 701 
2 514 563 
0 
1 4 
0 
0 
0 
2 401 498 
1 496 
1 677 
1 273 
0 
1 683 
1 373 
0 
0 
0 
0 
2 93 418 
3 225 353 428 
1 290 
0 
0 
1 96 
0 
1 406 
1 701 
1 72 
2 56 96 
0 
1 590 
1 728 
0 
0 
1 277 
1 394 
0 
0 
0 
0 
1 713 
0 
1 267 
2 21 697 
0 
1 642 
2 594 674 
1 617 
3 306 349 592 
1 52 
0 
0 
0 
3 588 661 728 
1 19 
0 
1 600 
0 
1 683 
0 
1 557 
0 
0 
0 
0 
1 682 
0 
1 554 
1 573 
0 
0 
0 
1 262 
1 171 
1 676 
0 
1 709 
2 316 383 
0 
0 
0 
0 
1 20 
0 
0 
0 
1 724 
2 261 713 
1 383 
2 42 526 
0 
3 403 430 447 
2 410 596 
0 
0 
2 339 542 
0 
1 567 
0 
0 
0 
1 426 
1 504 
0 
0 
2 10 12 
1 408 
0 
0 
2 83 239 
1 224 
0 
0 
1 152 
0 
1 194 
1 395 
0 
0 
0 
2 80 283 
2 138 162 
0 
1 653 
0 
2 186 620 
0 
1 345 
1 402 
1 591 
0 
1 272 
0 
0 
0 
0 
0 
1 669 
2 172 304 
0 
2 648 718 
1 639 
1 403 
0 
0 
0 
1 685 
1 591 
2 113 549 
0 
1 651 
1 650 
2 290 594 
2 132 416 
1 200 
0 
1 418 
1 518 
1 62 
1 111 
0 
1 83 
0 
0 
1 229 
0 
0 
2 387 637 
1 131 
2 109 514 
0 
1 701 
3 400 435 708 
2 82 126 
1 73 
2 80 488 
0 
0 
1 43 
0 
1 721 
0 
1 479 
0 
0 
0 
1 69 
3 247 530 672 
1 142 
3 52 122 134 
0 
1 71 
0 
1 279 
0 
0 
0 
1 200 
0 
2 150 420 
0 
1 171 
1 458 
0 
3 388 601 653 
0 
0 
2 107 585 
0 
0 
0 
1 704 
1 684 
0 
0 
0 
1 699 
0 
0 
0 
0 
1 165 
2 650 725 
0 
1 380 
1 711 
1 682 
0 
2 30 376 
2 517 694 
1 88 
3 229 240 691 
0 
1 437 
0 
3 319 662 674 
1 356 
0 
1 726 
0 
0 
2 98 517 
1 187 
1 268 
0 
0 
0 
1 655 
2 324 688 
2 159 716 
2 280 516 
3 243 294 410 
0 
1 625 
1 177 
0 
1 258 
1 29 
3 140 244 403 
1 446 
1 53 
1 488 
0 
1 123 
2 35 305 
0 
2 170 308 
1 441 
1 351 
2 532 693 
0 
0 
0 
1 545 
3 122 253 548 
0 
2 171 502 
3 443 460 651 
2 34 243 
2 457 552 
1 129 
0 
1 609 
1 324 
0 
1 385 
2 66 696 
1 37 
1 671 
1 419 
0 
2 429 701 
1 51 
1 473 
1 411 
1 243 
1 661 
2 458 725 
0 
0 
1 481 
0 
0 
0 
0 
3 431 577 604 
3 354 449 462 
0 
4 115 429 548 604 
2 78 486 
1 458 
0 
0 
1 494 
0 
1 489 
0 
1 514 
0 
2 117 576 
0 
1 445 
0 
0 
2 24 524 
1 45 
0 
1 334 
1 500 
2 16 452 
0 
0 
1 61 
1 142 
1 461 
0 
2 327 413 
1 467 
0 
0 
0 
0 
1 465 
0 
1 160 
1 30 
2 28 159 
0 
2 480 702 
0 
1 428 
0 
1 254 
1 553 
0 
0 
0 
0 
1 579 
0 
0 
1 107 
4 153 321 469 538 
0 
1 402 
2 381 393 
2 309 689 
0 
0 
1 112 
0 
2 2 680 
2 76 476 
0 
4 241 541 624 646 
0 
0 
0 
2 11 339 
0 
2 421 557 
0 
1 565 
0 
0 
1 646 
1 514 
2 68 105 
0 
1 526 
2 247 648 
0 
0 
1 425 
0 
0 
2 426 460 
1 300 
0 
1 725 
2 431 586 
1 505 
1 219 
1 96 
0 
2 212 532 
0 
0 
0 
0 
0 
1 153 
0 
1 534 
0 
1 249 
1 614 
0 
0 
0 
0 
1 220 
0 
0 
2 471 706 
1 457 
0 
1 510 
1 150 
0 
0 
0 
0 
1 359 
2 15 552 
1 67 
1 205 
1 711 
1 182 
2 281 299 
1 200 
0 
2 198 304 
0 
1 244 
0 
0 
0 
1 208 
1 356 
1 671 
0 
2 457 460 
0 
0 
0 
1 82 
1 434 
0 
0 
0 
0 
2 79 568 
3 75 641 659 
0 
2 199 645 
0 
0 
1 277 
0 
0 
1 646 
2 526 652 
1 405 
1 131 
0 
1 716 
0 
0 
0 
0 
0 
0 
1 152 
0 
1 319 
0 
1 293 
0 
1 615 
3 21 141 197 
0 
1 684 
2 617 714 
3 526 537 623 
0 
3 292 542 681 
0 
2 303 374 
2 302 429 
1 624 
2 275 356 
0 
2 0 399 
0 
0 
1 101 
1 615 
1 716 
3 51 205 448 
1 387 
1 665 
0 
1 663 
0 
0 
0 
1 289 
0 
2 440 602 
1 339 
0 
2 198 387 
0 
2 226 719 
1 161 
0 
0 
1 523 
1 648 
2 217 378 
2 164 210 
2 364 644 
2 93 298 
0 
0 
2 33 400 
1 518 
0 
1 383 
0 
2 47 421 
2 381 698 
0 
1 438 
1 195 
1 694 
1 368 
0 
5 107 152 178 323 443 
1 500 
0 
1 363 
0 
1 576 
0 
1 324 
1 228 
0 
2 377 589 
1 134 
3 91 192 239 
1 645 
0 
3 401 628 660 
1 9 
1 292 
1 676 
0 
1 332 
0 
1 132 
1 238 
3 374 449 551 
2 88 390 
0 
2 183 205 
0 
