640 275
2 219 628 
0 
2 209 633 
1 94 
0 
3 119 349 427 
0 
0 
1 623 
0 
1 229 
0 
0 
0 
2 402 453 
1 365 
1 237 
1 141 
1 273 
3 356 358 505 
1 93 
0 
0 
0 
1 400 
0 
1 612 
1 316 
4 71 201 487 616 
1 511 
2 214 409 
1 286 
0 
0 
2 113 575 
1 295 
1 258 
0 
1 205 
1 496 
0 
2 56 375 
2 140 630 
1 150 
1 118 
0 
1 467 
2 343 487 
0 
1 498 
1 51 
2 50 251 
1 138 
0 
1 531 
0 
3 41 57 490 
2 56 517 
0 
0 
0 
0 
2 109 630 
0 
1 261 
1 352 
2 311 489 
3 221 439 592 
0 
0 
0 
1 28 
1 578 
1 560 
0 
0 
1 222 
1 608 
0 
1 475 
0 
2 375 629 
1 632 
0 
0 
0 
0 
0 
1 171 
2 530 552 
0 
0 
0 
1 20 
1 3 
2 333 336 
2 205 358 
0 
1 298 
0 
1 599 
2 482 585 
0 
1 450 
0 
0 
0 
0 
1 443 
1 62 
0 
1 330 
1 633 
1 34 
1 183 
2 130 190 
1 158 
2 206 292 
1 44 
3 5 374 421 
0 
1 539 
0 
0 
1 213 
1 590 
0 
0 
0 
1 551 
3 115 231 568 
0 
3 171 247 428 
1 171 
0 
0 
2 244 442 
1 600 
4 52 249 442 534 
1 235 
2 42 450 
2 17 514 
0 
2 313 604 
0 
1 509 
0 
0 
1 259 
1 373 
3 43 300 585 
0 
1 293 
0 
1 451 
0 
0 
0 
3 116 374 612 
0 
0 
0 
0 
1 372 
0 
0 
0 
0 
1 629 
2 390 630 
0 
5 88 132 133 209 606 
1 306 
0 
0 
0 
0 
1 273 
0 
2 200 432 
0 
0 
0 
2 114 199 
0 
1 634 
0 
1 388 
0 
0 
2 115 377 
0 
1 358 
0 
1 385 
1 498 
0 
0 
1 262 
1 183 
1 179 
2 28 221 
3 319 325 445 
1 344 
0 
3 38 96 409 
1 117 
2 298 611 
1 400 
3 2 171 398 
3 356 458 564 
1 442 
1 577 
1 124 
2 30 576 
2 363 632 
1 473 
1 533 
0 
1 0 
0 
2 67 201 
1 76 
0 
0 
0 
0 
3 313 381 382 
1 232 
1 10 
0 
1 130 
1 228 
0 
0 
3 139 486 634 
1 589 
2 16 577 
1 368 
1 591 
0 
0 
1 509 
0 
2 136 362 
3 324 477 523 
1 378 
1 132 
0 
1 138 
0 
1 51 
0 
1 350 
1 349 
0 
1 594 
1 410 
3 36 297 384 
1 148 
0 
1 64 
2 198 563 
2 489 498 
2 373 605 
2 384 447 
0 
0 
2 340 441 
1 385 
0 
0 
1 354 
2 18 177 
1 423 
0 
0 
0 
1 384 
0 
0 
0 
1 594 
0 
0 
1 304 
2 31 531 
0 
0 
0 
0 
1 391 
1 117 
1 152 
0 
1 35 
0 
2 258 637 
2 98 207 
0 
2 150 482 
0 
0 
0 
3 285 506 546 
1 452 
2 172 557 
2 308 344 
2 307 608 
0 
0 
1 66 
0 
2 143 227 
0 
0 
2 27 579 
0 
2 459 506 
1 202 
0 
0 
0 
0 
1 245 
1 202 
1 379 
0 
0 
1 588 
1 111 
0 
0 
1 95 
0 
1 593 
1 95 
1 638 
1 401 
1 408 
3 268 467 476 
0 
1 419 
1 47 
3 203 307 635 
0 
0 
0 
0 
2 5 254 
1 253 
0 
1 65 
0 
3 272 529 572 
0 
3 19 210 488 
0 
3 19 96 192 
0 
0 
1 450 
1 244 
1 215 
1 561 
1 15 
1 413 
1 611 
1 238 
0 
0 
1 388 
1 163 
2 149 264 
3 119 158 490 
2 41 81 
0 
1 190 
2 246 541 
1 326 
0 
2 227 486 
1 227 
0 
3 258 265 278 
2 194 269 
1 607 
0 
3 187 371 586 
0 
2 169 398 
2 291 501 
0 
0 
0 
1 586 
1 569 
0 
2 209 390 
0 
2 24 208 
3 338 469 561 
2 14 485 
0 
0 
1 551 
0 
1 426 
1 339 
2 30 205 
1 257 
0 
0 
2 366 501 
0 
0 
1 440 
1 469 
0 
1 342 
0 
1 119 
0 
2 274 528 
0 
1 443 
1 407 
1 5 
2 132 514 
0 
0 
0 
2 179 502 
1 587 
0 
0 
0 
0 
0 
1 67 
2 416 554 
1 268 
4 136 138 211 472 
2 108 425 
0 
1 202 
0 
1 265 
0 
0 
3 103 140 361 
1 154 
1 305 
1 14 
0 
1 569 
0 
0 
1 210 
1 318 
0 
0 
0 
0 
0 
0 
0 
3 46 340 478 
0 
2 401 417 
0 
0 
2 442 639 
1 216 
0 
1 79 
1 340 
1 245 
1 467 
0 
0 
1 522 
2 101 300 
0 
0 
1 402 
2 235 381 
2 28 47 
1 356 
2 66 263 
2 56 374 
1 563 
0 
0 
0 
0 
1 39 
0 
5 49 195 263 576 639 
0 
0 
2 391 413 
1 432 
0 
0 
1 19 
2 304 318 
0 
0 
2 145 242 
0 
2 29 557 
0 
0 
2 141 428 
0 
0 
1 57 
0 
0 
0 
0 
1 481 
1 245 
0 
0 
0 
1 603 
1 423 
1 354 
1 89 
2 54 286 
0 
2 217 564 
1 138 
0 
0 
0 
1 613 
1 121 
0 
1 378 
0 
0 
0 
0 
1 304 
1 616 
0 
1 577 
0 
2 129 405 
1 89 
0 
1 440 
0 
0 
2 306 511 
0 
1 591 
2 73 573 
2 364 401 
0 
2 262 491 
2 210 533 
1 572 
0 
0 
1 130 
3 396 455 597 
0 
0 
2 354 565 
1 560 
1 624 
1 34 
2 214 498 
3 212 237 549 
1 72 
1 316 
0 
0 
0 
0 
0 
2 101 150 
2 388 395 
2 433 608 
1 329 
1 236 
1 125 
2 239 559 
1 67 
1 335 
2 256 282 
0 
0 
1 569 
0 
1 100 
1 137 
0 
1 618 
1 527 
1 143 
1 264 
1 171 
1 386 
3 77 308 587 
0 
0 
2 207 367 
2 26 158 
1 538 
0 
0 
2 28 547 
0 
1 602 
0 
0 
0 
0 
1 8 
1 574 
0 
0 
0 
1 0 
2 81 168 
3 42 62 169 
0 
2 82 215 
2 2 112 
2 185 235 
1 344 
0 
1 297 
1 337 
2 472 498 
640 284
1 22 
2 76 521 
1 379 
0 
0 
2 128 356 
2 160 498 
2 72 264 
1 638 
0 
0 
2 114 581 
4 138 186 495 567 
0 
0 
2 100 206 
0 
1 632 
0 
2 245 283 
2 52 317 
1 502 
1 0 
0 
2 432 503 
0 
2 458 471 
0 
1 471 
3 36 508 532 
0 
0 
3 188 265 339 
0 
1 434 
2 39 225 
1 29 
1 96 
3 92 196 499 
1 35 
0 
1 377 
2 267 428 
1 72 
0 
1 629 
0 
2 154 524 
0 
1 472 
1 186 
1 272 
1 20 
1 587 
1 636 
1 442 
2 152 295 
1 112 
1 605 
0 
1 418 
1 122 
1 639 
0 
0 
2 179 485 
1 71 
0 
2 294 357 
2 110 397 
2 90 158 
2 66 270 
2 7 43 
1 156 
0 
1 135 
2 1 575 
0 
1 545 
1 372 
1 376 
1 278 
0 
1 311 
0 
2 222 525 
0 
1 504 
1 387 
0 
2 70 538 
0 
1 38 
0 
1 563 
0 
2 37 511 
1 160 
2 281 627 
0 
3 15 590 622 
0 
0 
1 134 
0 
2 543 554 
0 
1 420 
1 319 
0 
1 69 
1 555 
2 57 288 
1 303 
3 11 189 377 
1 608 
1 587 
2 169 546 
1 609 
0 
0 
1 256 
1 61 
0 
3 292 347 383 
1 185 
1 468 
0 
1 5 
0 
3 229 441 576 
1 397 
2 253 260 
0 
1 103 
1 75 
1 164 
0 
1 12 
3 268 481 544 
0 
0 
1 630 
1 300 
2 390 553 
0 
0 
0 
1 578 
0 
0 
2 154 334 
3 56 423 612 
1 303 
3 47 151 560 
1 200 
2 73 165 
0 
1 70 
0 
3 6 97 436 
1 417 
0 
0 
1 136 
2 156 583 
0 
0 
1 263 
1 117 
1 559 
0 
2 414 621 
0 
2 342 502 
0 
3 193 261 553 
1 578 
0 
1 65 
2 411 580 
0 
1 639 
1 376 
0 
1 125 
3 12 50 390 
0 
2 32 438 
1 114 
0 
1 208 
0 
1 176 
1 286 
0 
1 38 
0 
1 402 
2 233 245 
1 155 
2 249 519 
1 516 
1 605 
0 
1 212 
1 15 
1 634 
2 191 336 
2 237 422 
0 
0 
1 205 
1 590 
0 
3 295 369 452 
1 302 
1 482 
0 
1 526 
0 
0 
1 85 
0 
0 
2 35 626 
1 510 
0 
1 595 
2 130 410 
2 601 634 
1 360 
1 536 
1 199 
0 
0 
0 
1 209 
0 
0 
0 
0 
1 609 
0 
0 
2 19 199 
0 
0 
1 265 
1 201 
0 
0 
1 530 
1 132 
1 367 
1 308 
1 121 
1 565 
0 
0 
1 132 
4 176 323 479 561 
0 
1 168 
1 7 
2 32 248 
0 
1 42 
2 139 278 
0 
1 71 
1 538 
2 51 626 
0 
0 
0 
0 
1 454 
3 81 268 403 
1 531 
0 
1 98 
1 370 
2 19 626 
0 
1 340 
1 194 
0 
1 112 
0 
0 
0 
1 124 
0 
3 68 321 388 
2 56 215 
0 
0 
0 
3 432 503 574 
2 143 459 
0 
3 216 511 564 
2 113 153 
1 562 
0 
0 
0 
3 255 341 535 
2 367 501 
0 
2 83 406 
0 
0 
1 417 
0 
0 
2 20 520 
1 381 
2 108 472 
0 
1 294 
0 
1 261 
2 482 605 
1 394 
2 362 485 
0 
0 
0 
0 
0 
1 552 
1 562 
2 151 622 
1 411 
2 208 635 
0 
0 
1 32 
1 285 
1 308 
1 174 
0 
1 509 
0 
0 
1 124 
1 613 
0 
0 
2 554 616 
0 
0 
1 554 
0 
2 5 592 
3 68 527 586 
1 360 
1 456 
2 231 358 
1 533 
1 326 
0 
0 
0 
0 
2 254 309 
0 
2 215 602 
1 282 
1 615 
1 79 
0 
0 
0 
2 80 183 
2 41 114 
0 
2 2 626 
0 
1 318 
0 
2 124 489 
0 
0 
0 
2 88 562 
1 294 
0 
2 144 186 
0 
0 
0 
2 325 586 
0 
0 
2 69 131 
0 
1 577 
0 
2 485 618 
1 198 
2 278 590 
0 
0 
1 311 
0 
1 511 
0 
1 229 
2 180 335 
1 432 
0 
1 172 
0 
1 561 
2 161 314 
1 60 
0 
3 107 542 615 
1 464 
2 209 553 
3 152 532 596 
0 
0 
1 477 
0 
1 42 
0 
0 
0 
4 24 299 412 578 
0 
1 34 
0 
2 160 535 
1 617 
2 188 488 
0 
0 
1 130 
1 55 
0 
0 
0 
0 
0 
0 
0 
1 543 
0 
1 215 
1 590 
1 277 
0 
1 359 
0 
1 26 
1 300 
0 
1 494 
1 491 
0 
1 421 
0 
0 
1 635 
1 126 
0 
0 
2 26 28 
3 49 319 574 
0 
0 
0 
0 
1 426 
0 
1 261 
1 502 
2 139 635 
2 217 324 
0 
0 
3 65 326 401 
0 
0 
1 438 
1 383 
0 
1 462 
0 
0 
1 461 
1 12 
1 580 
0 
2 6 568 
1 38 
0 
1 309 
3 21 174 480 
2 24 299 
1 87 
0 
0 
0 
3 29 532 625 
1 344 
1 226 
3 96 302 408 
0 
0 
0 
0 
1 202 
0 
0 
1 201 
1 317 
1 1 
0 
0 
1 47 
1 85 
1 219 
1 357 
0 
0 
1 252 
1 279 
3 29 423 508 
1 361 
0 
2 308 436 
1 232 
0 
2 90 271 
1 553 
0 
0 
1 420 
2 105 450 
1 139 
1 78 
1 117 
1 584 
0 
0 
0 
0 
1 332 
5 144 176 422 539 584 
3 105 351 354 
1 111 
0 
0 
0 
1 170 
2 154 603 
2 261 416 
3 304 333 387 
1 94 
1 302 
1 257 
0 
1 12 
1 498 
0 
0 
0 
0 
0 
2 299 472 
1 76 
1 130 
1 399 
3 148 177 432 
0 
2 180 496 
1 11 
0 
1 165 
2 547 553 
0 
2 357 394 
2 53 116 
0 
0 
4 100 213 403 453 
0 
1 356 
0 
0 
1 228 
1 423 
0 
0 
0 
0 
1 230 
1 369 
1 560 
0 
3 58 203 324 
0 
0 
1 115 
2 118 242 
0 
0 
1 152 
2 348 626 
0 
2 371 420 
1 351 
1 437 
2 401 635 
0 
0 
1 172 
2 100 334 
0 
0 
1 508 
5 225 272 283 379 613 
1 98 
0 
1 45 
1 142 
0 
1 17 
0 
2 207 230 
4 336 467 481 618 
1 54 
0 
1 8 
2 62 182 
