900 364
1 233 
0 
1 610 
1 714 
0 
2 202 727 
1 751 
1 71 
0 
1 662 
0 
0 
1 646 
0 
0 
1 679 
1 794 
1 649 
0 
2 283 431 
1 691 
0 
1 557 
0 
1 505 
0 
0 
1 362 
0 
0 
1 849 
1 694 
0 
1 422 
0 
1 885 
0 
1 720 
0 
0 
0 
1 229 
1 491 
0 
1 530 
2 774 863 
0 
1 598 
0 
2 236 296 
1 644 
0 
0 
1 824 
0 
2 776 791 
0 
1 713 
0 
1 718 
1 833 
0 
0 
1 583 
0 
0 
0 
3 132 348 758 
1 659 
2 259 303 
1 557 
1 7 
0 
2 429 614 
1 367 
0 
1 121 
1 598 
2 393 499 
1 500 
0 
1 642 
1 304 
1 108 
1 783 
3 297 399 484 
4 192 450 566 627 
0 
0 
0 
0 
0 
1 754 
1 297 
1 139 
0 
2 348 851 
1 729 
2 354 551 
1 298 
1 372 
0 
1 620 
1 659 
0 
2 166 171 
1 646 
1 733 
3 83 531 660 
0 
1 648 
0 
3 178 513 615 
0 
1 740 
0 
1 727 
0 
0 
1 737 
0 
1 76 
1 426 
0 
1 274 
1 220 
2 625 672 
1 438 
0 
0 
3 324 462 804 
0 
4 67 154 387 584 
0 
2 191 218 
0 
0 
2 462 791 
1 274 
1 94 
1 673 
0 
0 
0 
1 518 
1 811 
1 613 
0 
1 820 
1 533 
1 618 
0 
0 
1 170 
1 132 
0 
2 340 475 
0 
1 437 
0 
0 
1 770 
0 
0 
0 
0 
1 105 
2 627 803 
1 415 
1 729 
1 153 
2 105 231 
2 221 540 
2 368 868 
2 292 556 
0 
0 
1 534 
2 112 495 
0 
1 807 
1 195 
0 
0 
0 
1 192 
1 364 
1 588 
1 329 
0 
3 224 603 821 
1 134 
2 86 185 
0 
0 
2 181 212 
1 329 
0 
0 
1 256 
0 
0 
1 5 
0 
2 750 761 
0 
1 459 
0 
0 
1 393 
0 
1 606 
1 195 
1 563 
0 
0 
2 336 494 
0 
1 134 
1 813 
1 125 
3 172 743 845 
0 
2 297 632 
2 190 329 
1 305 
0 
1 673 
0 
2 41 768 
2 626 770 
1 171 
0 
2 0 734 
0 
1 718 
2 49 690 
1 402 
1 714 
1 822 
0 
2 336 497 
2 247 312 
0 
0 
0 
2 430 855 
1 242 
0 
2 699 720 
0 
0 
0 
1 713 
1 341 
0 
3 199 282 724 
0 
0 
1 69 
1 301 
1 770 
0 
1 419 
1 356 
0 
0 
2 774 784 
0 
0 
0 
0 
0 
0 
3 124 138 433 
0 
0 
1 767 
0 
1 534 
1 484 
1 503 
1 256 
1 19 
2 381 478 
1 761 
1 756 
1 433 
0 
1 536 
1 499 
0 
1 174 
1 296 
1 825 
0 
2 49 293 
3 85 93 223 
2 99 421 
1 567 
2 516 641 
1 260 
0 
3 69 350 732 
2 82 653 
2 225 887 
0 
1 360 
0 
0 
0 
0 
2 242 784 
1 401 
1 475 
2 345 552 
0 
0 
0 
0 
1 562 
1 415 
1 837 
0 
2 130 448 
2 359 619 
0 
0 
1 769 
4 188 196 224 624 
0 
0 
0 
0 
1 422 
0 
3 216 241 582 
1 446 
0 
0 
1 156 
1 254 
0 
0 
0 
1 315 
0 
0 
2 67 96 
0 
1 303 
1 586 
0 
0 
2 98 468 
2 735 866 
1 264 
0 
1 424 
1 325 
1 307 
1 568 
2 27 571 
0 
2 186 827 
0 
0 
1 74 
1 173 
1 552 
0 
0 
1 100 
0 
0 
1 581 
0 
1 405 
0 
1 443 
0 
1 284 
0 
1 558 
0 
0 
0 
1 132 
0 
0 
0 
0 
1 508 
2 78 209 
0 
1 733 
1 648 
1 670 
0 
2 85 491 
1 467 
2 313 702 
1 237 
1 709 
1 653 
1 377 
2 586 695 
0 
0 
0 
1 475 
0 
1 621 
2 534 766 
1 702 
2 168 321 
0 
0 
0 
4 263 443 454 898 
0 
1 298 
2 33 334 
1 860 
1 358 
0 
1 122 
2 620 882 
0 
1 73 
1 246 
2 19 769 
2 671 682 
3 274 287 886 
0 
0 
0 
1 158 
1 127 
1 599 
0 
2 490 776 
0 
2 379 419 
0 
1 451 
1 337 
0 
1 324 
1 669 
2 86 774 
2 445 768 
0 
1 830 
2 419 821 
0 
0 
1 662 
0 
1 206 
0 
0 
3 130 137 776 
1 501 
0 
2 640 742 
1 678 
2 400 507 
1 354 
0 
1 899 
1 659 
0 
0 
1 554 
3 156 314 410 
0 
0 
2 284 530 
0 
0 
0 
0 
0 
2 85 280 
0 
0 
0 
0 
1 745 
1 441 
3 42 399 591 
0 
0 
2 216 555 
2 178 532 
0 
1 241 
0 
2 78 290 
1 79 
1 463 
0 
1 281 
1 839 
1 24 
0 
1 467 
1 392 
1 645 
0 
0 
1 617 
1 112 
0 
1 837 
1 300 
1 679 
1 144 
0 
1 672 
0 
0 
0 
0 
0 
2 678 757 
0 
0 
1 743 
3 44 478 548 
1 108 
1 495 
1 149 
4 177 279 413 710 
0 
1 289 
0 
1 547 
0 
1 172 
0 
0 
0 
0 
0 
0 
1 538 
1 530 
0 
0 
2 98 818 
2 315 369 
0 
1 474 
3 494 676 738 
1 174 
2 22 70 
1 383 
0 
0 
0 
1 320 
1 213 
0 
1 818 
1 86 
1 299 
1 361 
0 
1 886 
2 362 610 
0 
1 637 
0 
0 
1 685 
1 819 
0 
0 
0 
2 375 650 
1 336 
1 63 
1 132 
1 791 
2 351 406 
1 731 
1 187 
0 
2 741 750 
1 491 
0 
0 
1 737 
1 816 
1 742 
0 
2 47 77 
1 439 
1 647 
0 
0 
1 190 
0 
0 
1 211 
0 
0 
1 750 
2 2 571 
1 675 
0 
3 146 627 628 
2 73 836 
2 112 750 
1 852 
1 512 
2 150 676 
1 325 
3 102 427 897 
1 412 
1 753 
0 
2 329 678 
1 126 
1 230 
4 86 167 613 867 
1 613 
0 
0 
0 
1 223 
0 
0 
0 
0 
1 573 
0 
3 714 735 792 
1 465 
1 300 
1 81 
0 
3 50 673 711 
1 509 
2 12 106 
3 600 671 738 
2 110 396 
1 17 
1 581 
0 
1 677 
3 304 404 789 
0 
1 878 
0 
0 
0 
4 68 103 471 829 
1 108 
0 
2 9 457 
0 
0 
0 
0 
0 
1 875 
1 449 
1 397 
3 432 647 689 
2 126 520 
3 140 227 644 
0 
3 611 689 884 
2 555 618 
1 652 
3 466 526 624 
2 15 517 
0 
0 
1 432 
0 
0 
2 576 888 
2 740 883 
0 
0 
2 671 675 
1 236 
1 20 
0 
0 
2 31 829 
1 406 
0 
0 
0 
1 249 
0 
0 
2 401 414 
0 
0 
0 
0 
0 
1 726 
1 403 
1 534 
1 644 
0 
2 57 253 
3 3 238 639 
0 
0 
0 
2 59 235 
0 
2 37 249 
0 
0 
0 
2 256 747 
0 
1 708 
3 5 116 746 
0 
2 97 169 
0 
1 587 
1 303 
2 107 395 
1 233 
2 355 639 
0 
2 119 594 
2 555 647 
0 
2 114 686 
1 590 
2 465 596 
2 221 529 
1 792 
1 489 
3 727 757 761 
1 724 
0 
0 
4 204 590 609 615 
2 6 768 
0 
1 622 
1 92 
0 
1 286 
2 526 746 
1 67 
0 
1 801 
3 204 285 746 
0 
0 
0 
1 815 
1 413 
1 277 
3 229 451 751 
2 328 431 
3 161 230 261 
0 
0 
0 
3 45 267 450 
0 
3 55 441 462 
0 
0 
0 
0 
0 
0 
1 84 
2 267 312 
0 
0 
0 
0 
1 653 
0 
3 55 137 585 
2 639 744 
1 806 
1 16 
0 
0 
0 
1 894 
0 
0 
1 760 
0 
1 167 
1 130 
1 892 
1 793 
1 180 
0 
0 
0 
1 145 
1 876 
2 219 898 
0 
1 765 
1 595 
0 
2 551 565 
1 577 
1 148 
2 190 454 
1 239 
0 
1 53 
1 294 
0 
1 364 
0 
2 659 694 
1 453 
0 
0 
1 60 
0 
0 
1 614 
2 322 515 
0 
1 504 
0 
0 
0 
0 
0 
1 221 
0 
0 
0 
1 30 
0 
1 96 
1 616 
0 
0 
1 246 
0 
0 
0 
0 
1 423 
0 
0 
1 45 
0 
0 
1 355 
1 627 
1 173 
0 
0 
0 
0 
0 
0 
1 668 
1 812 
0 
1 655 
0 
0 
0 
1 427 
1 686 
1 675 
1 35 
2 433 570 
1 305 
1 685 
0 
0 
0 
1 805 
0 
1 798 
0 
0 
1 620 
2 419 813 
1 470 
900 341
1 822 
0 
0 
0 
1 256 
1 203 
2 233 464 
1 510 
0 
4 264 305 553 806 
0 
3 407 465 477 
1 421 
1 37 
1 377 
1 91 
1 604 
0 
0 
1 187 
0 
1 830 
0 
1 461 
0 
1 323 
0 
0 
0 
1 409 
3 523 559 568 
0 
0 
0 
1 838 
1 132 
0 
1 13 
2 299 358 
0 
1 633 
0 
0 
1 283 
1 530 
0 
1 609 
0 
0 
1 620 
0 
1 114 
2 150 454 
0 
0 
0 
1 474 
1 565 
0 
0 
2 76 770 
4 135 179 635 663 
2 565 577 
0 
0 
0 
1 83 
1 101 
0 
0 
2 132 372 
0 
1 396 
0 
0 
0 
2 60 495 
1 683 
2 399 682 
0 
0 
0 
1 453 
1 66 
0 
0 
1 339 
0 
2 257 847 
1 399 
1 266 
1 15 
2 684 731 
1 695 
0 
1 707 
0 
1 154 
0 
0 
0 
1 67 
1 381 
0 
1 827 
1 785 
2 835 837 
1 170 
0 
2 671 765 
1 628 
6 209 371 420 569 644 692 
0 
0 
1 51 
0 
1 665 
0 
1 541 
0 
0 
2 422 466 
2 147 670 
0 
1 357 
0 
1 537 
0 
1 433 
0 
1 773 
0 
2 35 70 
1 760 
1 285 
1 61 
0 
1 451 
0 
0 
2 289 298 
2 699 725 
1 369 
0 
1 284 
1 689 
0 
2 122 699 
0 
1 201 
1 52 
1 284 
1 642 
0 
1 97 
0 
0 
2 196 493 
0 
2 557 636 
2 244 642 
0 
0 
0 
3 346 585 822 
0 
0 
1 395 
4 351 618 631 824 
2 265 872 
3 107 430 693 
0 
0 
1 179 
0 
0 
0 
0 
1 416 
4 61 173 188 740 
1 255 
1 478 
2 514 529 
2 291 757 
1 677 
1 752 
2 414 565 
1 19 
1 179 
1 628 
0 
1 738 
0 
0 
0 
0 
1 157 
0 
0 
1 739 
0 
2 149 388 
0 
3 5 377 798 
0 
0 
1 498 
0 
0 
1 111 
0 
0 
0 
0 
0 
0 
0 
0 
1 434 
1 826 
1 409 
3 316 544 550 
0 
1 428 
0 
0 
0 
0 
0 
0 
0 
1 296 
0 
1 6 
0 
0 
2 797 824 
0 
0 
0 
0 
0 
0 
0 
2 160 793 
0 
0 
0 
0 
0 
1 383 
0 
0 
0 
3 573 868 878 
1 180 
1 4 
1 88 
1 663 
0 
1 575 
0 
0 
0 
1 9 
1 169 
1 90 
0 
2 497 633 
0 
1 472 
0 
0 
0 
0 
1 839 
1 614 
0 
0 
0 
1 681 
0 
1 778 
1 43 
3 144 151 512 
1 134 
0 
0 
0 
2 140 565 
0 
1 183 
0 
1 358 
0 
0 
1 231 
0 
1 140 
1 38 
0 
1 857 
0 
2 690 857 
1 507 
4 9 435 478 551 
0 
0 
1 726 
0 
1 630 
1 808 
0 
0 
2 349 821 
0 
1 221 
0 
1 508 
0 
1 827 
3 372 726 824 
1 639 
2 25 840 
1 537 
0 
1 715 
0 
0 
0 
0 
0 
0 
0 
2 870 896 
2 365 604 
0 
0 
1 809 
1 86 
1 693 
0 
2 431 895 
0 
0 
0 
3 164 351 685 
0 
0 
2 314 429 
1 716 
2 168 346 
1 816 
0 
1 425 
1 831 
0 
1 124 
2 38 293 
1 618 
1 656 
1 759 
1 683 
0 
0 
2 335 416 
2 460 735 
0 
0 
1 142 
0 
1 111 
2 70 321 
1 606 
1 751 
1 379 
2 504 778 
3 14 203 852 
1 774 
1 375 
0 
1 102 
1 781 
1 250 
0 
1 770 
1 588 
0 
1 201 
0 
0 
1 785 
0 
1 405 
0 
2 167 571 
2 72 498 
0 
1 799 
2 78 89 
1 631 
0 
0 
1 845 
0 
3 393 440 547 
1 498 
1 11 
0 
2 29 220 
0 
0 
1 459 
0 
1 186 
0 
2 178 365 
1 818 
0 
1 638 
1 111 
2 12 440 
1 121 
0 
1 604 
1 354 
1 792 
0 
1 223 
1 349 
1 170 
1 342 
1 474 
1 128 
1 218 
1 305 
0 
0 
0 
0 
2 405 421 
1 617 
0 
1 870 
1 833 
1 612 
0 
1 448 
1 447 
0 
0 
2 137 778 
0 
2 82 495 
1 52 
1 747 
0 
0 
0 
1 412 
1 366 
2 23 575 
0 
0 
1 6 
1 11 
1 121 
0 
0 
0 
1 756 
0 
2 270 803 
1 700 
3 56 432 675 
1 812 
1 888 
2 11 734 
2 181 305 
0 
0 
0 
0 
0 
0 
0 
1 586 
2 589 607 
0 
0 
2 630 685 
0 
1 740 
1 157 
0 
3 76 453 880 
2 703 795 
2 268 569 
3 206 396 406 
0 
0 
0 
2 707 736 
0 
2 376 626 
0 
1 874 
2 304 742 
2 318 647 
1 605 
2 7 704 
0 
1 284 
0 
1 182 
1 871 
1 692 
0 
0 
1 687 
0 
1 533 
0 
1 30 
0 
0 
0 
0 
0 
1 182 
2 44 667 
0 
1 719 
2 521 796 
2 578 633 
0 
1 818 
2 126 324 
0 
1 867 
0 
1 118 
0 
0 
1 221 
0 
0 
1 405 
0 
0 
1 221 
1 305 
1 761 
1 9 
0 
1 653 
0 
1 159 
1 886 
1 30 
0 
0 
0 
1 753 
1 718 
4 57 62 186 289 
1 638 
2 624 796 
2 30 617 
4 111 497 808 885 
0 
1 395 
0 
1 254 
0 
3 260 461 586 
0 
2 62 726 
1 534 
2 841 843 
0 
0 
1 630 
1 584 
2 583 654 
1 164 
2 486 575 
0 
1 386 
1 487 
0 
0 
0 
0 
0 
0 
0 
0 
0 
0 
0 
0 
0 
0 
3 16 335 424 
2 509 753 
1 373 
1 487 
0 
1 46 
0 
0 
1 445 
1 706 
3 276 798 891 
0 
0 
2 441 568 
2 168 359 
1 648 
1 49 
0 
0 
0 
1 567 
0 
1 504 
0 
2 110 189 
0 
3 310 490 582 
2 168 400 
0 
3 40 268 534 
0 
1 61 
1 159 
2 788 794 
3 419 566 767 
1 322 
0 
0 
3 152 160 654 
0 
1 111 
0 
0 
1 508 
1 619 
0 
0 
0 
0 
1 555 
2 584 642 
1 860 
2 360 840 
0 
0 
1 745 
0 
0 
0 
2 61 258 
1 756 
3 116 782 886 
0 
1 530 
0 
0 
3 122 708 712 
1 109 
0 
3 677 798 868 
0 
2 474 844 
0 
2 184 673 
0 
0 
0 
1 280 
1 78 
2 77 362 
1 92 
2 346 490 
0 
1 519 
0 
1 145 
1 303 
0 
2 111 516 
3 170 340 892 
0 
1 93 
0 
0 
0 
2 141 147 
2 473 747 
2 830 884 
0 
1 496 
1 510 
0 
1 613 
2 95 502 
2 670 745 
0 
0 
0 
1 670 
0 
0 
1 326 
1 350 
0 
1 564 
1 532 
0 
0 
0 
0 
1 869 
1 141 
3 308 321 577 
0 
0 
0 
0 
1 92 
0 
0 
1 477 
1 366 
1 502 
1 773 
1 191 
1 199 
2 179 492 
0 
1 507 
0 
0 
2 659 708 
0 
2 455 700 
0 
0 
0 
1 374 
1 185 
2 563 605 
0 
0 
2 470 664 
1 183 
0 
1 361 
1 133 
1 552 
1 840 
0 
0 
1 109 
0 
1 638 
0 
0 
2 60 385 
0 
0 
3 130 737 792 
2 378 838 
0 
0 
0 
3 282 376 451 
0 
0 
1 382 
2 665 852 
0 
0 
2 105 391 
0 
0 
1 637 
0 
0 
0 
2 426 773 
1 244 
1 637 
1 496 
2 533 567 
1 236 
3 203 614 673 
1 398 
0 
0 
0 
1 472 
1 815 
0 
1 9 
0 
2 311 569 
1 338 
0 
0 
1 475 
0 
0 
1 804 
2 352 891 
0 
2 417 536 
0 
0 
1 314 
2 0 164 
0 
3 168 236 321 
0 
1 219 
2 104 320 
0 
0 
2 21 701 
1 355 
0 
1 444 
0 
1 106 
0 
1 106 
2 34 774 
1 275 
3 323 656 762 
1 579 
0 
1 579 
1 675 
1 403 
0 
1 88 
0 
0 
0 
0 
2 377 782 
0 
0 
0 
0 
3 301 303 883 
0 
0 
1 655 
0 
0 
0 
0 
0 
0 
1 539 
2 254 673 
1 724 
2 334 443 
1 515 
1 169 
0 
1 506 
0 
0 
0 
1 254 
0 
1 495 
0 
0 
1 857 
1 701 
1 569 
2 558 665 
0 
1 476 
0 
0 
2 614 816 
1 693 
0 
0 
1 342 
1 334 
0 
0 
0 
