90 37
2 66 72 
2 65 72 
0 
2 25 71 
1 8 
0 
1 17 
0 
2 4 43 
1 39 
1 82 
0 
3 18 20 85 
2 81 82 
0 
0 
1 38 
1 6 
2 12 83 
0 
1 12 
0 
0 
1 24 
2 23 54 
1 3 
0 
0 
1 48 
0 
2 71 87 
0 
0 
2 35 72 
1 58 
2 33 44 
0 
1 63 
1 16 
1 9 
0 
0 
0 
2 8 87 
2 35 53 
0 
1 64 
0 
1 28 
0 
0 
1 79 
0 
1 44 
1 24 
0 
1 84 
0 
1 34 
0 
0 
0 
1 82 
2 37 70 
1 46 
1 1 
1 0 
0 
0 
0 
1 63 
3 3 30 75 
4 0 1 33 79 
0 
0 
1 71 
0 
0 
0 
2 51 72 
0 
1 13 
3 10 13 62 
1 18 
1 56 
1 12 
0 
2 30 43 
0 
0 
90 42
1 9 
0 
0 
0 
1 36 
0 
0 
1 33 
0 
1 0 
1 11 
1 10 
0 
1 50 
0 
3 39 43 82 
0 
0 
0 
1 82 
2 79 88 
1 67 
1 41 
0 
3 29 40 77 
0 
2 30 40 
0 
0 
1 24 
1 26 
0 
0 
1 7 
2 41 67 
0 
3 4 54 77 
2 42 77 
2 59 89 
3 15 46 65 
2 24 26 
2 22 34 
1 37 
2 15 52 
2 76 83 
0 
3 39 47 66 
1 46 
1 71 
1 73 
2 13 74 
0 
1 43 
0 
1 36 
0 
2 70 87 
0 
0 
1 38 
1 88 
0 
0 
2 71 73 
0 
1 39 
1 46 
2 21 34 
0 
0 
1 56 
2 48 63 
0 
2 49 63 
1 50 
0 
1 44 
3 24 36 37 
0 
2 20 80 
1 79 
0 
2 15 19 
1 44 
0 
0 
0 
1 56 
2 20 60 
1 38 
