360 160
1 303 
0 
1 257 
1 305 
2 328 333 
2 245 325 
0 
1 319 
2 169 191 
2 230 282 
1 247 
1 119 
0 
2 30 247 
0 
0 
0 
1 261 
2 103 333 
1 159 
1 57 
0 
3 43 79 281 
2 91 217 
0 
2 327 336 
0 
0 
0 
1 255 
3 13 41 290 
1 122 
0 
1 268 
0 
2 240 263 
0 
0 
0 
1 78 
0 
1 30 
0 
1 22 
1 305 
4 62 159 166 357 
1 134 
0 
0 
2 160 249 
3 70 78 346 
0 
1 86 
2 119 348 
0 
0 
1 273 
2 20 243 
0 
0 
2 111 291 
0 
1 45 
0 
0 
0 
0 
3 164 175 214 
1 340 
3 93 266 283 
3 50 196 294 
2 177 348 
0 
0 
1 263 
1 204 
1 333 
1 257 
2 39 50 
2 22 122 
2 194 204 
0 
0 
1 117 
1 128 
0 
2 52 104 
1 273 
1 170 
0 
1 308 
1 23 
0 
3 69 180 337 
0 
0 
0 
0 
0 
0 
1 225 
2 209 224 
2 110 217 
2 18 221 
3 86 288 325 
0 
1 160 
0 
0 
1 356 
2 102 139 
1 60 
0 
0 
0 
0 
1 263 
1 83 
0 
2 11 53 
1 123 
1 205 
4 31 79 146 162 
1 120 
2 274 323 
1 301 
0 
0 
2 84 312 
0 
0 
1 148 
0 
0 
2 46 349 
0 
2 301 318 
1 319 
2 227 281 
4 110 225 230 326 
0 
0 
0 
0 
2 168 256 
1 318 
1 122 
2 206 356 
2 131 348 
1 167 
1 298 
1 271 
0 
0 
1 203 
0 
0 
0 
0 
2 19 45 
3 49 106 190 
0 
1 122 
0 
1 67 
0 
1 45 
2 149 323 
2 144 359 
1 8 
1 88 
0 
0 
2 243 336 
0 
1 67 
0 
1 71 
0 
1 356 
1 93 
0 
0 
0 
0 
0 
0 
0 
0 
0 
1 160 
2 8 351 
0 
0 
1 80 
0 
1 70 
0 
0 
0 
0 
0 
0 
1 154 
2 75 80 
2 121 247 
1 147 
0 
1 318 
1 101 
0 
1 329 
0 
1 232 
2 67 235 
1 256 
0 
2 23 102 
0 
0 
0 
1 103 
1 310 
0 
1 101 
2 100 139 
1 340 
1 138 
0 
0 
3 9 139 272 
0 
1 213 
0 
1 332 
1 214 
0 
0 
1 257 
0 
1 35 
0 
1 266 
2 57 173 
1 295 
1 5 
0 
3 10 13 205 
0 
1 49 
0 
0 
2 267 314 
0 
1 328 
1 29 
4 144 215 276 343 
3 2 77 238 
1 349 
0 
0 
1 17 
1 269 
3 35 74 116 
1 316 
0 
2 69 242 
1 252 
1 33 
1 262 
0 
1 151 
2 230 359 
2 56 87 
2 124 304 
0 
1 256 
0 
1 307 
0 
0 
2 22 138 
1 9 
1 69 
1 333 
0 
1 302 
0 
2 104 308 
0 
1 30 
1 60 
0 
0 
1 70 
2 244 339 
0 
1 350 
1 150 
1 321 
0 
3 125 136 339 
1 286 
1 0 
1 274 
2 3 44 
0 
1 278 
2 90 288 
0 
1 222 
0 
1 128 
0 
1 252 
0 
1 264 
0 
3 136 145 208 
2 7 137 
0 
1 299 
0 
2 124 167 
0 
2 5 104 
1 139 
2 25 333 
2 4 254 
1 211 
0 
0 
1 234 
5 4 18 76 284 327 
0 
0 
2 25 173 
2 93 344 
0 
2 295 301 
2 68 226 
0 
0 
1 256 
1 337 
0 
1 50 
0 
3 53 71 148 
2 134 258 
1 297 
1 191 
0 
0 
0 
0 
3 109 147 179 
1 45 
0 
2 168 272 
360 150
3 3 37 179 
0 
0 
1 0 
0 
3 36 131 174 
0 
0 
2 227 326 
0 
1 299 
0 
0 
0 
0 
2 50 349 
1 289 
1 276 
0 
0 
0 
1 264 
0 
1 102 
2 49 67 
1 260 
0 
1 355 
0 
1 277 
2 48 110 
4 66 102 137 355 
1 88 
0 
0 
0 
1 5 
6 0 47 49 75 145 154 
0 
0 
1 231 
0 
0 
0 
0 
0 
2 160 320 
1 37 
1 30 
3 24 37 80 
2 15 200 
0 
1 157 
0 
0 
1 255 
1 333 
1 234 
0 
1 228 
1 223 
0 
0 
1 326 
1 303 
1 184 
3 31 74 127 
2 24 215 
1 203 
0 
2 170 219 
0 
1 217 
1 128 
1 66 
1 37 
0 
0 
1 186 
3 146 177 294 
1 49 
1 315 
1 98 
1 102 
0 
0 
0 
1 223 
1 32 
0 
0 
0 
0 
1 145 
0 
0 
0 
0 
1 82 
2 118 250 
3 152 252 346 
0 
3 23 31 83 
0 
0 
5 160 189 270 284 355 
1 298 
0 
2 249 323 
0 
1 30 
2 207 264 
1 204 
0 
3 132 310 347 
1 327 
2 168 193 
1 247 
1 99 
0 
0 
2 339 340 
1 195 
0 
0 
1 217 
0 
2 66 269 
2 73 345 
0 
0 
1 5 
1 114 
1 284 
0 
0 
1 184 
1 31 
0 
0 
0 
0 
2 167 353 
1 224 
1 357 
2 37 93 
1 79 
0 
1 283 
0 
0 
0 
1 100 
1 160 
1 37 
3 188 256 321 
0 
1 52 
1 270 
2 172 352 
3 46 105 153 
0 
0 
1 247 
0 
0 
1 338 
1 142 
2 116 192 
0 
1 70 
1 275 
1 159 
0 
1 5 
0 
0 
2 79 245 
0 
1 0 
0 
0 
0 
1 246 
2 65 136 
1 257 
2 78 305 
0 
1 155 
1 105 
0 
0 
1 168 
1 116 
0 
1 122 
0 
1 354 
1 306 
0 
1 50 
1 290 
1 231 
1 68 
1 112 
0 
0 
1 111 
1 262 
0 
0 
0 
0 
0 
0 
2 67 240 
0 
2 72 125 
0 
2 70 226 
0 
0 
2 264 324 
3 60 87 317 
2 143 256 
0 
1 219 
2 8 269 
1 59 
1 355 
0 
2 40 202 
0 
0 
2 57 314 
0 
0 
0 
0 
0 
3 215 297 317 
0 
2 330 347 
0 
0 
1 177 
1 183 
2 117 163 
3 267 333 335 
2 108 260 
1 99 
1 309 
1 100 
0 
0 
2 55 279 
3 155 224 291 
1 185 
0 
0 
3 25 249 325 
0 
2 208 286 
0 
3 21 111 222 
0 
0 
1 248 
0 
2 127 227 
2 105 158 
0 
0 
1 318 
0 
1 171 
1 17 
2 29 352 
0 
1 255 
1 335 
0 
0 
1 148 
3 105 133 292 
0 
1 262 
0 
0 
1 16 
1 201 
1 256 
1 284 
0 
1 79 
0 
0 
1 240 
1 106 
1 10 
0 
0 
0 
1 64 
0 
2 186 348 
1 198 
0 
0 
1 251 
1 114 
0 
0 
0 
1 234 
2 81 321 
0 
2 223 240 
1 273 
0 
1 46 
2 155 315 
0 
1 108 
1 222 
1 260 
3 8 63 358 
1 115 
0 
0 
1 242 
0 
0 
3 56 248 342 
0 
2 248 280 
0 
0 
1 166 
1 121 
1 121 
0 
1 333 
0 
0 
1 128 
1 100 
3 114 242 348 
2 305 347 
1 15 
0 
0 
2 159 277 
1 142 
1 197 
4 27 31 105 229 
0 
1 144 
1 326 
0 
