860 347
1 233 
1 717 
1 690 
1 834 
0 
2 402 583 
1 74 
2 139 351 
0 
0 
1 173 
0 
0 
1 280 
0 
0 
2 436 565 
1 592 
1 488 
0 
2 204 352 
1 653 
0 
1 601 
0 
1 631 
0 
0 
1 611 
0 
0 
0 
1 394 
1 281 
0 
1 93 
0 
1 640 
0 
1 559 
0 
0 
0 
1 236 
1 540 
0 
1 663 
0 
2 138 227 
1 857 
0 
2 579 639 
0 
1 223 
0 
0 
1 532 
0 
2 570 585 
0 
1 593 
0 
1 684 
1 842 
0 
0 
1 721 
0 
0 
0 
2 442 658 
1 280 
3 225 655 699 
0 
2 6 211 
0 
0 
2 215 400 
1 197 
1 818 
0 
1 560 
2 399 505 
1 550 
0 
1 780 
1 486 
1 334 
0 
5 283 611 618 713 798 
2 550 808 
2 156 217 
0 
1 35 
0 
0 
0 
1 614 
2 202 849 
0 
0 
1 388 
2 134 814 
2 484 681 
1 473 
1 592 
1 796 
0 
1 179 
1 264 
2 611 616 
0 
1 389 
1 522 
2 366 495 
0 
1 575 
0 
3 197 532 634 
0 
1 851 
0 
0 
1 194 
0 
0 
1 345 
1 500 
0 
1 175 
1 845 
1 837 
0 
2 562 609 
2 102 422 
0 
0 
2 449 587 
2 48 208 
4 7 373 606 803 
0 
2 504 531 
0 
0 
0 
3 202 531 775 
0 
0 
1 557 
0 
0 
0 
1 594 
0 
2 230 785 
0 
1 91 
2 386 849 
0 
1 282 
0 
1 678 
0 
0 
0 
2 298 433 
0 
1 493 
0 
0 
0 
1 285 
0 
1 10 
0 
1 129 
0 
2 442 618 
1 280 
2 108 644 
0 
1 246 
2 286 605 
1 483 
3 308 457 721 
0 
0 
1 849 
0 
1 190 
1 189 
2 604 710 
0 
0 
1 123 
0 
1 244 
3 78 118 467 
1 742 
1 534 
0 
1 531 
4 98 145 253 471 
0 
1 20 
0 
1 774 
0 
2 138 291 
0 
0 
2 74 374 
0 
0 
0 
1 77 
0 
3 91 486 497 
0 
1 301 
0 
0 
1 394 
1 53 
1 713 
1 72 
2 490 776 
1 48 
0 
1 708 
2 154 237 
0 
0 
2 0 718 
0 
2 756 858 
1 43 
3 230 418 753 
1 504 
1 534 
0 
0 
1 393 
0 
2 196 598 
2 511 655 
1 181 
0 
1 784 
0 
0 
1 270 
2 298 672 
1 202 
1 434 
1 598 
1 826 
3 385 792 857 
0 
0 
0 
0 
1 598 
1 427 
1 109 
0 
2 442 463 
0 
0 
0 
2 251 684 
1 369 
0 
1 424 
1 281 
0 
0 
1 671 
0 
1 617 
3 13 71 178 
3 33 274 382 
2 159 377 
1 89 
0 
1 171 
3 182 396 406 
0 
0 
0 
0 
1 208 
0 
1 468 
0 
0 
0 
1 417 
2 165 252 
1 304 
1 314 
2 219 393 
0 
0 
3 299 451 548 
0 
1 338 
2 394 683 
1 184 
0 
1 357 
1 381 
0 
0 
2 300 361 
0 
1 408 
0 
0 
1 791 
0 
2 460 602 
2 471 596 
0 
0 
1 491 
3 340 410 856 
0 
1 621 
1 749 
0 
0 
0 
0 
1 87 
0 
2 436 639 
1 776 
2 306 709 
1 396 
1 326 
0 
0 
0 
1 726 
2 126 643 
0 
1 617 
0 
2 358 843 
1 594 
1 7 
1 20 
0 
2 434 859 
1 677 
0 
1 310 
1 349 
0 
1 483 
1 314 
1 775 
1 705 
0 
0 
1 114 
0 
0 
1 271 
0 
0 
0 
1 139 
1 211 
0 
0 
1 282 
0 
1 808 
1 852 
1 311 
1 281 
1 418 
1 754 
2 257 411 
1 157 
1 650 
1 101 
1 112 
0 
1 533 
1 606 
2 242 301 
3 32 222 307 
1 538 
2 286 339 
0 
0 
1 82 
2 77 618 
0 
1 5 
0 
0 
0 
2 286 787 
1 621 
1 316 
1 589 
1 326 
2 385 771 
0 
0 
0 
0 
1 731 
1 297 
2 237 383 
0 
0 
0 
1 134 
0 
1 273 
0 
0 
2 263 473 
0 
0 
0 
1 495 
1 486 
2 165 584 
2 254 354 
1 557 
3 16 336 609 
0 
2 499 550 
0 
1 660 
1 681 
3 70 177 266 
1 768 
1 462 
0 
0 
0 
1 554 
1 137 
1 856 
2 304 847 
1 672 
1 687 
0 
0 
0 
1 184 
2 823 834 
0 
2 321 479 
0 
1 444 
1 266 
1 765 
0 
0 
1 197 
2 293 849 
1 721 
0 
2 202 322 
0 
2 104 427 
1 551 
2 536 547 
1 834 
0 
0 
1 460 
0 
0 
0 
3 183 360 669 
1 103 
1 728 
4 86 217 432 641 
0 
1 18 
0 
2 226 656 
1 325 
0 
1 167 
0 
3 114 431 850 
0 
2 217 679 
1 760 
1 438 
1 127 
1 638 
1 717 
0 
2 141 238 
2 82 822 
0 
0 
0 
0 
0 
1 245 
2 681 842 
0 
0 
1 815 
1 574 
1 601 
1 521 
0 
0 
1 518 
2 113 849 
1 701 
0 
0 
0 
1 540 
0 
0 
0 
3 141 145 201 
3 56 118 561 
1 391 
2 199 239 
0 
1 475 
0 
1 395 
0 
2 44 527 
0 
0 
0 
0 
0 
0 
2 475 556 
1 304 
1 598 
3 83 90 438 
1 474 
1 856 
0 
2 448 626 
0 
1 547 
2 148 435 
0 
1 39 
1 81 
1 532 
1 133 
0 
0 
1 16 
0 
1 650 
0 
0 
1 58 
1 575 
0 
1 685 
1 516 
2 116 571 
0 
1 687 
0 
1 51 
0 
0 
1 667 
1 5 
2 433 723 
1 58 
0 
1 137 
1 766 
1 409 
0 
0 
2 17 105 
1 60 
2 152 350 
0 
1 322 
2 631 710 
4 244 255 262 549 
0 
0 
3 23 517 771 
2 321 688 
0 
1 191 
1 182 
2 139 392 
0 
1 795 
2 133 436 
0 
3 28 89 110 
0 
1 842 
1 97 
0 
1 110 
2 279 347 
3 89 177 400 
0 
0 
2 328 407 
0 
0 
0 
0 
1 554 
0 
0 
0 
0 
2 25 597 
0 
0 
2 118 780 
0 
0 
0 
1 501 
2 51 336 
3 37 691 753 
1 486 
0 
1 345 
1 179 
0 
0 
0 
0 
0 
2 387 567 
0 
0 
1 21 
0 
2 72 245 
2 490 850 
0 
1 70 
0 
1 440 
0 
0 
1 46 
0 
2 791 843 
0 
1 582 
0 
2 483 757 
0 
1 277 
2 252 452 
0 
1 842 
0 
0 
2 355 749 
1 161 
1 497 
0 
3 103 441 512 
0 
2 307 787 
2 62 270 
1 573 
0 
2 453 577 
1 602 
0 
1 2 
2 640 818 
0 
0 
0 
1 721 
0 
0 
0 
1 72 
1 856 
2 523 707 
1 728 
0 
0 
1 363 
0 
1 701 
2 229 842 
1 338 
2 191 597 
1 778 
0 
3 89 224 714 
1 713 
0 
0 
2 1 502 
1 233 
0 
1 827 
4 66 184 469 695 
0 
1 584 
0 
0 
1 344 
0 
2 485 702 
0 
0 
1 416 
0 
0 
0 
0 
0 
0 
0 
0 
0 
0 
2 198 771 
0 
0 
0 
1 815 
0 
0 
2 329 677 
0 
2 790 791 
0 
2 237 640 
1 384 
0 
2 235 759 
2 669 855 
0 
1 756 
1 498 
1 842 
0 
0 
0 
2 464 847 
1 588 
0 
1 443 
0 
0 
3 411 601 742 
0 
0 
2 206 826 
2 145 362 
2 226 337 
0 
1 711 
1 827 
2 85 634 
0 
0 
0 
1 248 
2 154 844 
0 
2 406 683 
0 
0 
1 751 
3 319 665 751 
1 257 
0 
0 
1 608 
1 106 
0 
1 89 
0 
0 
1 804 
0 
1 139 
1 801 
0 
0 
0 
2 90 379 
0 
0 
0 
0 
0 
1 102 
2 515 746 
0 
0 
2 79 691 
0 
0 
0 
1 505 
1 458 
0 
0 
2 256 774 
2 720 779 
0 
0 
0 
0 
0 
0 
3 3 458 476 
0 
0 
1 131 
0 
0 
0 
0 
6 63 512 613 674 708 761 
2 349 665 
1 785 
1 130 
0 
2 451 765 
0 
6 98 157 187 468 522 855 
2 495 656 
1 120 
1 380 
0 
0 
2 757 849 
4 326 450 552 700 
2 49 257 
1 235 
1 354 
860 329
0 
3 467 488 545 
1 854 
3 36 755 822 
0 
2 297 655 
1 380 
1 445 
0 
0 
2 56 557 
2 611 806 
0 
0 
3 457 522 665 
0 
1 592 
0 
0 
1 731 
0 
0 
0 
2 322 840 
0 
0 
0 
4 323 595 599 625 
1 525 
0 
1 186 
1 52 
0 
0 
0 
2 87 690 
2 3 544 
2 336 444 
0 
0 
0 
0 
2 491 827 
0 
0 
0 
1 589 
1 618 
1 730 
1 151 
1 280 
0 
5 31 200 241 489 742 
0 
3 509 567 579 
1 606 
2 10 305 
1 728 
1 525 
0 
1 322 
0 
0 
1 157 
0 
0 
1 175 
1 767 
0 
1 797 
0 
0 
0 
0 
1 434 
3 633 669 678 
0 
0 
0 
0 
2 509 667 
0 
0 
0 
2 314 373 
0 
1 820 
1 35 
0 
1 728 
0 
1 293 
0 
1 546 
0 
0 
1 818 
0 
1 486 
1 609 
1 154 
0 
0 
0 
1 526 
1 705 
0 
0 
1 480 
3 424 627 671 
2 378 406 
2 397 409 
0 
0 
0 
1 271 
1 378 
0 
0 
1 676 
1 177 
0 
1 381 
0 
0 
0 
1 840 
0 
1 387 
2 194 477 
0 
1 403 
0 
1 612 
0 
0 
0 
0 
1 141 
0 
2 243 833 
2 138 477 
1 436 
0 
0 
2 324 371 
1 428 
0 
1 626 
0 
1 259 
1 49 
0 
0 
1 100 
0 
1 248 
1 63 
0 
1 182 
1 235 
3 380 382 507 
0 
0 
2 501 595 
1 553 
6 229 391 440 589 664 712 
0 
0 
0 
0 
0 
1 473 
0 
1 541 
1 66 
0 
3 120 710 754 
1 531 
1 374 
0 
1 255 
1 159 
1 629 
0 
1 719 
1 30 
0 
1 582 
0 
0 
0 
2 196 486 
0 
1 129 
0 
2 192 283 
0 
0 
2 418 427 
1 52 
3 269 295 696 
0 
1 809 
0 
1 659 
0 
0 
1 218 
1 571 
0 
1 854 
0 
1 666 
0 
0 
0 
0 
2 208 725 
1 382 
0 
2 650 729 
2 439 837 
0 
0 
0 
0 
3 317 556 793 
0 
1 166 
1 675 
1 734 
5 374 387 580 751 783 
1 732 
2 394 657 
1 160 
0 
1 455 
0 
0 
0 
2 52 548 
0 
2 140 596 
1 473 
2 411 645 
0 
1 361 
3 156 503 518 
2 386 852 
0 
1 270 
2 452 827 
2 372 797 
0 
1 181 
1 756 
0 
0 
2 150 480 
0 
0 
0 
0 
0 
0 
0 
0 
1 754 
1 201 
2 251 621 
1 115 
1 828 
2 280 663 
0 
0 
1 693 
0 
0 
0 
2 50 273 
0 
0 
1 196 
0 
0 
0 
0 
0 
0 
1 810 
0 
1 747 
2 91 443 
3 463 691 697 
1 201 
1 801 
1 5 
0 
0 
0 
0 
0 
0 
0 
3 56 620 672 
1 466 
0 
0 
0 
0 
0 
0 
2 449 476 
1 84 
0 
0 
1 227 
0 
0 
0 
0 
3 23 60 844 
1 27 
1 145 
0 
0 
0 
0 
1 612 
0 
0 
0 
0 
1 753 
2 524 534 
1 37 
0 
0 
1 803 
0 
0 
1 440 
0 
0 
0 
0 
0 
0 
0 
0 
1 830 
1 459 
0 
1 546 
0 
0 
0 
0 
0 
0 
2 247 536 
1 437 
0 
0 
0 
0 
1 516 
0 
0 
1 378 
2 145 855 
1 253 
1 84 
2 179 232 
0 
0 
0 
4 110 116 370 580 
0 
2 6 161 
1 122 
2 161 219 
1 413 
0 
0 
1 249 
2 128 232 
0 
0 
0 
1 166 
0 
0 
3 234 554 704 
0 
2 653 820 
2 111 603 
3 664 707 780 
0 
0 
0 
0 
2 131 441 
0 
1 615 
1 110 
1 476 
0 
1 111 
1 425 
2 245 449 
0 
1 383 
0 
1 684 
0 
0 
2 199 836 
1 519 
2 434 532 
1 486 
1 826 
1 662 
1 109 
1 410 
1 685 
1 199 
1 146 
0 
0 
0 
0 
0 
2 74 420 
0 
1 142 
4 362 691 717 750 
1 568 
1 222 
2 166 342 
1 403 
1 785 
1 293 
1 37 
2 7 543 
0 
1 571 
1 624 
2 313 411 
0 
0 
2 252 664 
1 592 
0 
1 237 
1 777 
1 14 
1 810 
1 352 
0 
1 808 
0 
2 294 715 
0 
0 
2 306 483 
1 1 
0 
0 
0 
1 486 
1 676 
2 172 244 
1 546 
1 623 
2 313 407 
2 129 141 
1 815 
0 
3 108 259 633 
1 530 
0 
1 466 
0 
0 
4 98 192 421 471 
0 
1 1 
1 52 
1 747 
1 42 
2 682 834 
0 
1 751 
1 661 
0 
1 532 
2 596 614 
0 
0 
1 164 
0 
1 248 
1 550 
0 
0 
1 161 
1 674 
3 54 80 655 
0 
0 
0 
0 
0 
0 
1 367 
1 638 
1 248 
2 419 590 
0 
0 
2 14 751 
1 845 
1 335 
2 28 58 
1 104 
1 815 
0 
0 
2 481 656 
1 178 
2 420 497 
0 
1 335 
1 731 
1 361 
2 670 777 
0 
1 580 
0 
1 174 
0 
1 445 
1 36 
1 1 
3 93 354 474 
0 
2 241 643 
0 
1 504 
0 
0 
1 165 
1 394 
0 
1 227 
2 10 668 
0 
1 848 
0 
0 
1 713 
0 
0 
0 
0 
2 54 835 
1 438 
0 
0 
3 209 447 812 
0 
0 
0 
0 
0 
0 
0 
1 54 
4 232 378 539 764 
0 
1 188 
0 
0 
0 
0 
0 
1 800 
2 46 166 
1 519 
0 
2 16 453 
0 
0 
2 27 164 
3 243 498 737 
0 
0 
1 27 
0 
1 603 
1 764 
3 397 601 741 
0 
0 
2 55 720 
0 
0 
1 99 
0 
1 11 
2 133 329 
0 
1 498 
2 405 616 
1 615 
1 741 
1 47 
0 
1 305 
2 270 753 
1 687 
1 475 
1 448 
1 27 
1 148 
1 109 
0 
1 183 
0 
0 
1 843 
2 75 480 
0 
0 
0 
0 
1 517 
0 
0 
0 
0 
1 548 
0 
1 245 
0 
0 
0 
0 
1 221 
1 798 
0 
1 396 
0 
2 5 509 
2 530 675 
2 234 796 
0 
2 205 795 
0 
1 495 
2 423 762 
1 273 
3 166 398 452 
2 14 676 
2 213 751 
1 80 
1 557 
1 75 
1 537 
1 109 
1 305 
0 
1 508 
2 230 656 
3 119 472 665 
0 
1 75 
0 
0 
0 
1 492 
0 
1 415 
1 426 
1 706 
1 622 
2 778 796 
0 
1 35 
2 294 437 
0 
1 276 
1 715 
0 
3 201 717 772 
1 294 
0 
0 
0 
1 842 
0 
0 
1 394 
1 105 
1 686 
1 398 
0 
0 
2 177 820 
0 
3 166 751 843 
1 562 
1 728 
2 463 694 
0 
2 437 696 
0 
1 185 
1 606 
0 
0 
0 
0 
1 218 
0 
0 
3 57 89 714 
3 221 806 835 
1 48 
2 19 535 
1 233 
0 
1 231 
1 757 
0 
1 596 
0 
0 
0 
2 603 617 
1 52 
1 836 
0 
0 
1 754 
2 292 490 
1 827 
0 
1 437 
6 232 494 522 666 712 848 
0 
2 334 621 
3 177 268 746 
1 3 
2 256 811 
2 735 813 
0 
0 
0 
0 
1 662 
0 
2 580 602 
0 
0 
1 67 
0 
0 
0 
0 
1 696 
0 
0 
0 
0 
2 456 537 
1 688 
1 815 
1 398 
0 
1 785 
1 232 
0 
2 442 782 
0 
0 
0 
0 
0 
0 
0 
1 227 
0 
1 659 
2 657 688 
2 69 253 
2 651 827 
0 
1 588 
1 296 
0 
1 339 
0 
0 
2 11 729 
0 
1 461 
2 203 825 
2 290 458 
1 756 
1 571 
1 757 
0 
3 478 527 779 
0 
0 
1 96 
0 
3 86 396 710 
0 
1 3 
0 
0 
1 809 
1 422 
4 42 252 748 798 
1 272 
0 
1 351 
0 
0 
1 140 
1 492 
2 567 729 
2 418 743 
1 222 
0 
0 
2 23 126 
0 
1 701 
2 632 712 
1 322 
1 523 
0 
0 
2 559 751 
0 
0 
0 
1 249 
0 
2 2 211 
1 371 
0 
0 
0 
0 
