180 86
0 
0 
0 
3 64 73 176 
1 89 
0 
2 96 113 
1 117 
2 111 148 
0 
0 
1 88 
1 145 
1 78 
0 
1 154 
1 130 
1 60 
1 51 
0 
0 
0 
0 
1 86 
1 84 
0 
0 
1 53 
1 130 
1 54 
1 97 
0 
0 
3 41 81 105 
1 132 
0 
1 47 
0 
1 176 
0 
0 
1 33 
0 
1 59 
0 
0 
1 61 
1 36 
2 80 127 
1 88 
0 
3 18 70 136 
0 
1 27 
2 29 141 
1 98 
0 
0 
0 
1 43 
1 17 
1 46 
1 103 
0 
2 3 122 
0 
0 
1 105 
2 130 164 
2 143 161 
2 51 82 
2 125 127 
1 137 
1 3 
0 
1 78 
1 77 
3 76 130 167 
2 13 75 
2 88 133 
2 48 93 
1 33 
1 70 
1 88 
2 24 116 
0 
1 23 
0 
6 11 49 79 83 145 148 
3 4 129 138 
0 
1 174 
0 
2 80 174 
1 126 
2 124 162 
3 6 124 178 
1 30 
1 55 
0 
0 
1 124 
2 115 117 
3 62 143 176 
0 
2 33 67 
0 
0 
0 
0 
0 
2 8 130 
0 
2 6 118 
0 
1 102 
1 84 
2 7 102 
2 113 150 
0 
1 150 
1 154 
1 64 
2 152 171 
3 95 96 101 
1 71 
1 94 
2 48 71 
0 
2 89 152 
6 16 28 68 77 111 148 
1 159 
1 34 
1 79 
0 
0 
1 51 
1 72 
1 89 
0 
1 172 
1 54 
0 
2 69 103 
0 
2 12 88 
0 
0 
3 8 88 130 
0 
2 118 120 
0 
2 123 129 
0 
2 15 121 
0 
1 165 
0 
0 
1 131 
0 
2 69 177 
1 95 
0 
1 68 
1 156 
0 
1 77 
0 
0 
0 
1 123 
1 140 
0 
2 91 93 
0 
3 3 38 103 
1 161 
1 96 
0 
180 106
0 
1 38 
2 103 109 
0 
1 135 
0 
1 18 
0 
1 119 
1 24 
1 20 
1 78 
1 50 
0 
1 39 
0 
1 34 
1 157 
1 6 
0 
1 10 
0 
0 
1 26 
3 9 26 107 
1 133 
3 23 24 57 
1 72 
2 78 169 
1 104 
4 58 59 65 79 
1 47 
1 120 
0 
4 16 77 93 112 
0 
0 
0 
2 1 54 
3 14 92 178 
3 106 122 171 
0 
5 70 82 92 125 150 
0 
0 
0 
0 
2 31 55 
0 
1 146 
3 12 66 91 
0 
1 143 
0 
2 38 130 
5 47 77 81 92 166 
0 
1 26 
1 30 
2 30 135 
2 129 145 
1 132 
2 137 162 
0 
0 
1 30 
1 50 
2 118 153 
0 
2 75 174 
1 42 
0 
1 27 
0 
1 112 
3 69 133 153 
3 94 157 159 
3 34 55 137 
3 11 28 126 
2 30 91 
0 
2 55 148 
2 42 161 
2 84 156 
2 83 178 
2 154 165 
0 
1 114 
0 
1 130 
0 
4 50 79 157 165 
3 39 42 55 
2 34 132 
2 76 157 
1 129 
0 
0 
0 
0 
0 
1 130 
0 
1 2 
3 29 140 151 
0 
1 40 
1 24 
0 
1 2 
0 
0 
2 34 74 
1 141 
1 87 
0 
0 
2 122 139 
1 67 
1 8 
2 32 132 
0 
3 40 117 164 
0 
0 
1 42 
1 78 
1 132 
0 
3 60 95 171 
3 54 89 101 
1 154 
4 61 93 120 127 
2 25 75 
1 152 
2 4 59 
1 137 
4 62 77 136 155 
1 153 
3 117 140 165 
2 104 139 
1 113 
0 
1 52 
1 154 
1 60 
1 49 
0 
1 81 
0 
1 42 
2 104 165 
1 134 
3 67 75 138 
3 85 131 144 
1 137 
1 83 
4 17 76 91 94 
0 
2 76 169 
0 
1 82 
1 62 
0 
1 122 
4 85 91 139 151 
1 55 
0 
0 
2 28 159 
0 
2 40 129 
1 173 
1 172 
1 69 
0 
0 
0 
2 39 84 
0 
