210 100
0 
0 
2 180 189 
1 86 
0 
2 119 136 
1 109 
2 72 109 
0 
1 155 
1 180 
1 81 
0 
1 93 
1 37 
1 87 
0 
0 
0 
1 146 
0 
0 
1 163 
1 205 
1 94 
1 102 
0 
2 122 186 
1 177 
1 199 
0 
0 
1 77 
0 
0 
1 125 
0 
2 14 184 
0 
1 125 
1 94 
1 165 
0 
0 
0 
0 
0 
0 
0 
0 
1 73 
1 165 
0 
0 
0 
3 124 142 172 
1 172 
0 
0 
2 92 194 
1 200 
1 89 
3 64 109 168 
0 
2 62 163 
1 142 
0 
0 
4 115 118 189 198 
0 
1 132 
2 167 204 
3 7 149 187 
3 50 96 150 
0 
0 
3 94 162 164 
3 32 134 167 
0 
0 
0 
2 11 175 
1 169 
0 
0 
1 141 
3 3 137 199 
2 15 207 
0 
1 61 
2 143 188 
1 129 
1 59 
1 13 
4 24 40 76 181 
0 
1 73 
0 
0 
1 102 
1 105 
0 
2 25 99 
1 155 
0 
3 100 188 194 
0 
0 
0 
4 6 7 62 165 
0 
1 198 
0 
0 
0 
1 68 
1 167 
1 150 
1 68 
2 5 134 
0 
1 183 
1 27 
1 149 
1 55 
2 35 39 
0 
1 135 
0 
1 91 
0 
0 
1 70 
0 
3 77 119 196 
1 127 
1 5 
1 86 
0 
0 
0 
1 85 
2 55 65 
1 90 
0 
0 
2 19 194 
0 
0 
3 72 123 166 
3 73 117 188 
0 
0 
1 197 
0 
3 9 103 165 
0 
0 
0 
0 
0 
1 186 
1 76 
3 22 64 184 
1 76 
5 41 51 109 155 180 
1 149 
6 71 77 116 198 199 205 
2 62 178 
1 82 
0 
1 177 
2 55 56 
0 
0 
1 81 
0 
3 28 171 190 
1 168 
0 
3 2 10 165 
1 94 
0 
1 121 
2 37 163 
0 
3 27 161 195 
2 72 189 
3 90 105 150 
3 2 68 187 
1 177 
0 
0 
0 
3 59 105 146 
1 186 
1 134 
1 153 
3 68 111 167 
3 29 86 167 
1 60 
0 
0 
0 
1 71 
2 23 167 
0 
1 87 
0 
0 
210 126
0 
1 72 
3 43 129 196 
1 6 
4 24 36 79 104 
0 
1 3 
1 70 
0 
3 21 70 95 
1 203 
0 
4 46 117 121 206 
0 
0 
3 76 189 205 
1 117 
2 47 72 
0 
0 
3 28 63 206 
2 9 117 
0 
0 
4 4 32 157 177 
4 37 100 102 182 
2 89 154 
0 
3 20 155 174 
2 66 183 
2 74 85 
1 41 
1 24 
2 89 97 
2 62 172 
1 54 
1 4 
2 25 193 
0 
1 90 
0 
1 31 
0 
2 2 51 
2 121 138 
1 147 
2 12 131 
2 17 207 
1 186 
1 106 
1 83 
5 43 57 96 123 148 
0 
0 
2 35 82 
1 120 
2 140 183 
1 51 
1 119 
2 155 188 
3 150 186 196 
0 
1 34 
1 20 
2 91 144 
0 
2 29 136 
3 100 155 196 
1 180 
0 
2 7 9 
3 79 162 181 
3 1 17 122 
0 
2 30 176 
1 101 
2 15 169 
3 83 158 182 
0 
2 4 71 
0 
2 82 160 
3 54 81 148 
2 50 77 
1 191 
1 30 
1 184 
0 
0 
2 26 33 
1 39 
2 64 117 
1 121 
0 
2 138 178 
1 9 
1 51 
1 33 
1 157 
1 173 
2 25 67 
2 75 104 
1 25 
0 
2 4 101 
0 
1 49 
2 109 156 
0 
1 107 
0 
0 
1 206 
3 118 179 181 
0 
0 
0 
4 12 16 21 91 
1 113 
1 58 
2 55 192 
3 12 44 92 
1 72 
1 51 
0 
0 
1 144 
0 
0 
1 2 
0 
1 46 
0 
0 
2 172 208 
0 
1 66 
0 
2 44 94 
0 
1 56 
0 
1 143 
2 142 152 
2 64 126 
1 169 
0 
1 45 
3 51 82 176 
0 
2 60 173 
0 
2 143 188 
1 192 
1 26 
3 28 59 67 
1 107 
3 24 98 201 
1 77 
0 
1 81 
0 
2 71 203 
0 
0 
0 
0 
0 
0 
2 76 145 
0 
0 
2 34 134 
2 99 150 
1 28 
0 
2 74 148 
1 24 
1 94 
1 113 
1 68 
2 71 113 
2 25 77 
2 29 56 
1 86 
1 187 
2 48 60 
2 185 208 
2 59 152 
2 15 205 
0 
1 84 
2 120 153 
2 37 199 
0 
0 
3 2 60 67 
0 
0 
1 193 
0 
1 157 
0 
2 10 162 
0 
2 15 189 
3 12 20 112 
1 47 
2 134 187 
0 
