280 147
0 
0 
2 49 152 
0 
2 43 60 
2 127 164 
0 
1 66 
2 19 118 
1 253 
0 
1 99 
0 
0 
0 
0 
1 180 
1 220 
1 151 
2 8 276 
2 81 253 
1 197 
0 
1 96 
0 
1 160 
0 
1 59 
0 
1 217 
0 
0 
0 
0 
0 
0 
1 120 
0 
3 218 236 266 
1 179 
0 
2 75 177 
3 95 132 254 
3 4 63 122 
0 
1 62 
0 
2 70 79 
3 61 234 271 
3 2 123 206 
0 
2 149 217 
2 94 127 
0 
1 202 
0 
1 223 
1 120 
1 91 
2 27 271 
1 4 
2 48 234 
1 45 
1 43 
1 179 
0 
2 7 123 
1 153 
0 
0 
2 47 136 
0 
2 165 240 
1 199 
0 
1 41 
1 272 
0 
0 
1 47 
0 
1 20 
0 
0 
2 111 266 
1 153 
2 140 217 
0 
2 158 249 
3 248 254 268 
1 195 
2 58 227 
0 
1 118 
1 52 
1 42 
2 23 97 
3 96 179 262 
0 
4 11 136 179 204 
0 
0 
1 245 
0 
1 246 
1 146 
0 
0 
3 175 246 250 
0 
0 
1 84 
2 116 245 
1 184 
1 166 
0 
1 112 
2 203 238 
3 8 93 220 
1 159 
2 36 57 
0 
1 43 
4 49 66 191 254 
2 181 271 
1 182 
0 
4 5 52 241 260 
1 181 
2 218 229 
1 214 
0 
1 42 
0 
1 177 
2 143 199 
2 70 99 
0 
0 
0 
2 86 216 
0 
0 
1 135 
0 
1 167 
1 105 
1 154 
0 
2 51 213 
0 
2 18 194 
2 2 207 
2 67 85 
2 147 172 
2 246 271 
0 
0 
1 88 
2 119 187 
1 25 
0 
1 198 
0 
2 5 249 
1 72 
3 114 208 241 
2 145 240 
1 175 
0 
0 
0 
3 154 222 275 
0 
0 
3 108 168 239 
1 242 
4 41 134 195 236 
1 260 
4 39 64 97 99 
1 16 
3 124 128 279 
1 125 
2 188 266 
1 113 
0 
0 
3 159 217 276 
1 183 
0 
1 253 
3 123 240 264 
0 
0 
1 151 
2 90 177 
0 
2 21 253 
1 162 
2 73 135 
0 
0 
1 54 
1 117 
1 99 
0 
2 49 209 
1 152 
1 166 
1 206 
0 
0 
0 
2 149 259 
1 130 
0 
1 140 
4 29 51 86 187 
2 38 129 
1 253 
2 17 118 
0 
1 172 
1 56 
0 
0 
0 
2 91 278 
0 
1 129 
1 254 
0 
0 
1 261 
2 48 61 
0 
2 38 177 
0 
1 117 
1 175 
3 72 167 191 
2 127 166 
1 176 
0 
0 
2 102 112 
3 104 108 155 
0 
1 89 
2 88 164 
2 108 264 
0 
1 256 
5 9 20 190 197 219 
4 42 89 123 230 
0 
1 252 
0 
0 
1 213 
2 127 178 
1 233 
1 97 
0 
2 191 250 
0 
3 38 84 183 
0 
1 89 
0 
0 
4 48 59 124 155 
1 76 
0 
0 
1 172 
2 19 187 
0 
1 227 
1 181 
280 125
4 171 179 240 242 
0 
0 
1 66 
1 256 
0 
0 
1 129 
0 
2 87 162 
1 39 
2 210 270 
0 
1 207 
0 
0 
2 204 270 
1 110 
1 257 
0 
0 
1 150 
0 
0 
0 
0 
0 
1 228 
0 
2 130 247 
0 
1 77 
3 145 151 255 
1 152 
1 86 
0 
1 56 
1 212 
1 237 
1 10 
0 
1 102 
0 
1 76 
2 68 202 
2 58 92 
0 
1 248 
1 148 
0 
0 
1 206 
1 104 
1 243 
0 
2 108 132 
3 36 171 190 
0 
1 45 
0 
3 62 76 239 
1 246 
3 60 75 275 
1 226 
1 68 
1 175 
1 3 
0 
2 44 64 
0 
2 176 230 
0 
3 75 92 214 
2 135 153 
0 
2 62 72 
3 43 60 165 
1 31 
0 
0 
1 208 
1 136 
0 
3 243 266 269 
2 214 266 
0 
1 34 
1 9 
0 
2 135 155 
0 
1 151 
3 45 72 250 
0 
2 210 273 
0 
0 
2 197 252 
0 
0 
1 215 
1 247 
1 41 
0 
1 52 
0 
0 
0 
1 55 
0 
1 17 
1 136 
1 189 
0 
1 136 
0 
0 
0 
0 
1 243 
0 
0 
0 
0 
0 
0 
1 279 
1 139 
1 192 
3 7 133 213 
1 29 
2 223 224 
1 55 
2 129 259 
1 159 
2 73 89 
3 81 111 114 
0 
0 
1 127 
0 
2 166 245 
0 
0 
0 
1 32 
0 
0 
1 48 
0 
2 21 153 
2 32 91 
1 33 
2 73 150 
0 
4 89 209 237 240 
1 175 
1 245 
0 
1 134 
0 
0 
2 9 174 
1 250 
2 222 249 
1 76 
1 141 
0 
1 199 
1 260 
1 178 
2 0 56 
0 
0 
1 162 
2 65 156 
1 70 
0 
1 170 
2 0 260 
0 
2 203 236 
0 
0 
0 
1 273 
0 
2 250 259 
1 216 
3 112 239 265 
1 56 
0 
1 128 
0 
0 
0 
0 
1 97 
0 
1 168 
0 
0 
1 44 
1 181 
1 16 
1 254 
1 51 
1 13 
2 80 223 
1 155 
2 11 94 
0 
1 37 
3 129 223 260 
2 72 84 
1 100 
1 188 
0 
0 
0 
0 
1 267 
1 164 
3 131 208 213 
1 131 
0 
1 63 
0 
1 27 
0 
1 70 
0 
0 
0 
0 
0 
1 181 
2 38 155 
0 
2 60 189 
2 0 155 
0 
2 0 267 
3 53 83 119 
0 
2 141 157 
1 61 
2 29 101 
1 47 
1 164 
4 92 163 187 271 
0 
1 97 
0 
1 205 
1 32 
1 4 
1 18 
0 
2 133 187 
3 169 179 213 
0 
1 268 
0 
0 
1 189 
2 83 84 
2 221 242 
1 262 
1 83 
3 11 16 275 
1 250 
0 
2 94 185 
0 
2 62 270 
0 
0 
0 
1 126 
