300 152
0 
0 
2 9 112 
2 258 275 
0 
2 27 64 
1 218 
2 150 249 
0 
2 2 73 
1 167 
0 
0 
0 
0 
1 143 
1 162 
1 72 
2 176 240 
1 132 
1 55 
1 189 
0 
1 209 
0 
1 64 
0 
2 5 178 
0 
0 
0 
0 
0 
1 192 
0 
3 244 262 292 
1 182 
1 293 
2 134 289 
3 66 188 292 
0 
1 184 
0 
2 144 153 
1 284 
3 67 149 232 
0 
3 127 195 299 
1 81 
0 
1 108 
0 
2 81 200 
1 146 
0 
2 20 57 
1 214 
1 55 
0 
1 84 
1 216 
1 220 
0 
0 
3 5 25 125 
0 
3 39 102 177 
2 45 110 
0 
0 
1 105 
0 
1 17 
1 9 
0 
0 
1 179 
2 112 193 
2 152 229 
0 
1 205 
4 48 52 176 182 
1 95 
1 99 
2 59 148 
0 
1 252 
0 
1 176 
3 201 244 269 
0 
0 
0 
0 
2 161 235 
1 82 
0 
3 171 242 246 
0 
1 83 
1 186 
2 117 222 
2 66 172 
0 
0 
4 70 113 148 291 
1 197 
0 
1 50 
1 286 
2 67 242 
2 144 209 
2 2 77 
4 105 200 219 291 
1 293 
2 120 254 
0 
1 101 
1 257 
1 243 
1 115 
0 
0 
1 255 
0 
1 64 
0 
2 47 192 
1 273 
0 
1 254 
0 
3 19 157 297 
0 
2 38 182 
2 216 241 
0 
0 
0 
0 
1 203 
0 
1 170 
3 15 200 233 
3 43 111 235 
0 
1 53 
1 257 
3 84 105 159 
2 45 288 
2 7 245 
2 152 193 
3 78 151 171 
1 43 
2 196 298 
1 232 
0 
2 132 272 
1 190 
2 148 297 
2 233 257 
1 94 
1 16 
0 
1 207 
0 
0 
1 10 
0 
1 196 
1 142 
2 97 152 
1 102 
1 219 
0 
0 
4 18 81 88 216 
1 66 
1 27 
1 76 
1 203 
1 211 
3 36 81 134 
0 
1 41 
0 
1 100 
0 
3 39 193 240 
1 21 
1 158 
0 
2 33 127 
5 77 151 188 245 253 
2 209 211 
1 47 
2 154 169 
1 106 
0 
0 
4 52 113 143 257 
1 89 
0 
2 140 180 
0 
2 80 242 
0 
1 164 
0 
3 23 111 194 
0 
2 181 194 
0 
1 218 
1 56 
0 
3 60 135 176 
0 
2 6 213 
4 113 173 222 297 
1 61 
1 286 
2 101 219 
0 
0 
0 
0 
0 
1 267 
1 78 
0 
0 
2 45 155 
2 143 160 
0 
3 94 144 268 
0 
0 
0 
0 
2 18 188 
1 135 
3 97 110 205 
1 119 
2 35 89 
2 150 193 
1 97 
0 
0 
1 7 
1 283 
0 
2 86 290 
1 193 
2 115 130 
1 123 
0 
4 118 147 160 200 
1 3 
0 
0 
0 
2 35 283 
0 
0 
0 
0 
1 228 
1 235 
1 89 
0 
0 
1 157 
1 128 
0 
1 3 
0 
0 
0 
0 
0 
0 
0 
2 250 262 
1 44 
0 
2 109 221 
0 
1 149 
1 38 
1 252 
2 105 113 
2 35 39 
2 37 114 
1 297 
0 
0 
4 132 159 219 294 
1 154 
1 47 
300 137
0 
0 
0 
0 
0 
1 113 
0 
1 48 
1 84 
3 109 115 219 
2 73 252 
0 
1 134 
1 246 
1 227 
0 
1 242 
0 
1 126 
3 73 207 297 
1 52 
0 
2 118 249 
0 
0 
1 169 
0 
1 114 
2 157 181 
2 173 192 
0 
0 
2 142 156 
2 53 278 
2 59 259 
2 162 219 
1 277 
0 
0 
0 
1 291 
1 87 
3 90 107 229 
2 100 118 
0 
1 233 
0 
0 
1 7 
2 72 198 
0 
3 201 224 227 
3 20 120 172 
1 33 
0 
2 266 286 
0 
1 174 
0 
1 34 
0 
0 
2 132 187 
0 
1 219 
0 
0 
0 
0 
0 
0 
0 
2 49 199 
3 10 19 193 
1 246 
0 
0 
0 
1 273 
0 
0 
0 
0 
0 
3 8 96 108 
3 98 189 269 
0 
3 41 151 152 
1 269 
1 104 
1 42 
0 
0 
1 268 
1 142 
0 
1 84 
0 
1 85 
1 237 
1 43 
0 
0 
4 133 161 164 222 
2 89 219 
0 
0 
2 42 164 
4 84 165 252 279 
1 9 
0 
1 112 
2 111 123 
1 5 
1 27 
1 9 
0 
1 221 
4 22 43 180 213 
0 
2 52 273 
2 257 266 
3 137 250 276 
1 112 
0 
0 
1 18 
0 
0 
0 
1 189 
1 206 
1 62 
3 103 213 250 
1 12 
0 
1 257 
1 122 
0 
0 
0 
0 
3 32 94 287 
0 
1 240 
0 
1 200 
1 155 
0 
0 
0 
2 87 250 
1 87 
1 278 
0 
1 147 
1 32 
3 28 214 277 
1 261 
0 
2 265 275 
1 103 
1 35 
0 
2 103 107 
1 108 
0 
0 
1 256 
2 25 283 
1 180 
0 
1 52 
1 29 
1 57 
1 220 
0 
0 
1 276 
0 
2 118 170 
1 28 
1 195 
0 
1 220 
0 
0 
1 62 
0 
3 85 130 205 
1 204 
0 
1 29 
2 73 240 
0 
1 182 
0 
0 
1 49 
1 72 
2 146 212 
2 51 251 
0 
0 
2 190 217 
1 189 
1 131 
1 19 
0 
1 235 
0 
0 
2 200 284 
2 118 133 
1 157 
0 
0 
1 204 
2 242 293 
5 9 35 64 104 272 
2 175 184 
1 117 
1 103 
0 
2 51 282 
0 
0 
2 14 51 
0 
3 42 250 261 
1 274 
0 
1 238 
1 45 
0 
2 209 297 
0 
1 99 
2 232 276 
0 
2 144 193 
0 
3 16 218 258 
0 
0 
0 
2 13 74 
0 
0 
2 22 253 
4 122 133 151 229 
1 201 
2 10 108 
1 249 
0 
0 
1 168 
2 121 136 
1 242 
2 34 264 
0 
3 158 229 267 
0 
0 
1 259 
1 160 
2 55 121 
1 261 
1 93 
2 85 88 
0 
0 
1 219 
2 78 120 
1 230 
1 160 
3 122 178 238 
2 36 157 
2 33 153 
1 108 
1 287 
0 
1 224 
1 169 
1 212 
0 
1 55 
2 142 280 
0 
0 
0 
1 40 
0 
1 218 
0 
0 
0 
2 19 235 
0 
0 
