310 157
0 
1 296 
1 92 
2 228 245 
1 281 
1 14 
1 158 
2 80 179 
1 283 
0 
1 67 
0 
0 
0 
2 5 287 
1 295 
1 194 
1 287 
2 60 232 
1 144 
1 267 
0 
1 265 
0 
1 98 
0 
1 190 
0 
0 
0 
0 
0 
1 138 
0 
3 168 186 216 
1 95 
1 297 
2 180 217 
2 68 172 
0 
1 42 
2 247 256 
1 40 
3 109 146 228 
1 46 
2 182 250 
3 44 91 124 
0 
1 127 
0 
2 76 195 
1 129 
1 272 
0 
1 161 
0 
1 247 
0 
1 115 
1 107 
1 18 
1 223 
0 
2 174 249 
1 169 
0 
0 
2 10 125 
1 38 
0 
0 
0 
0 
2 121 276 
2 122 302 
1 145 
1 50 
3 95 284 290 
1 189 
1 179 
2 7 214 
0 
1 290 
0 
1 186 
3 197 240 265 
0 
0 
0 
1 306 
1 161 
1 46 
2 2 271 
2 126 130 
0 
3 35 77 241 
2 157 262 
1 197 
1 24 
1 302 
2 128 271 
1 162 
0 
0 
1 206 
3 147 237 302 
0 
3 59 261 280 
1 151 
4 43 138 149 283 
0 
0 
1 238 
1 208 
0 
1 58 
0 
1 156 
0 
0 
1 217 
2 73 281 
1 74 
1 228 
2 46 281 
2 67 237 
2 93 270 
2 48 286 
2 100 130 
1 51 
2 93 128 
0 
1 183 
1 289 
1 300 
1 159 
1 143 
0 
3 32 109 281 
1 164 
1 274 
3 212 267 308 
1 266 
1 136 
2 19 251 
3 75 189 267 
1 43 
2 105 267 
1 165 
2 109 252 
2 168 192 
1 108 
0 
1 217 
0 
0 
1 117 
2 96 252 
1 6 
1 135 
0 
3 54 90 187 
1 101 
1 263 
1 139 
1 148 
1 300 
1 284 
2 34 150 
1 64 
0 
0 
1 38 
2 233 280 
1 63 
0 
0 
2 291 299 
2 229 231 
2 7 79 
1 37 
0 
1 45 
2 132 246 
0 
0 
2 34 84 
2 161 217 
0 
2 78 145 
1 26 
0 
1 150 
1 198 
1 16 
1 50 
0 
3 85 97 243 
2 193 207 
1 243 
0 
0 
0 
0 
0 
0 
1 104 
1 198 
2 113 267 
0 
0 
0 
1 141 
0 
1 80 
0 
1 34 
5 37 120 153 187 258 
1 269 
0 
0 
0 
0 
2 61 237 
0 
0 
0 
0 
3 3 43 123 
1 178 
0 
2 178 255 
1 18 
1 173 
0 
0 
0 
3 105 125 223 
1 112 
0 
1 85 
1 95 
0 
2 197 199 
0 
1 3 
1 183 
2 41 56 
0 
1 63 
1 45 
1 144 
2 149 157 
0 
0 
2 231 288 
1 41 
0 
1 217 
0 
0 
1 107 
1 96 
1 163 
0 
2 22 85 
2 142 280 
5 20 141 145 147 208 
0 
1 218 
1 126 
2 92 100 
1 52 
0 
2 140 299 
0 
1 73 
0 
0 
0 
3 107 173 266 
4 4 121 124 138 
0 
2 8 109 
2 77 167 
2 295 301 
1 127 
2 14 17 
1 255 
1 133 
3 77 82 300 
1 177 
0 
0 
0 
2 15 285 
1 1 
1 36 
0 
2 177 274 
4 134 166 290 308 
1 285 
3 74 99 105 
0 
0 
0 
1 89 
0 
2 141 300 
0 
310 148
1 142 
1 291 
0 
1 76 
1 37 
0 
1 12 
1 157 
3 83 217 307 
1 41 
0 
2 65 196 
1 6 
0 
1 53 
1 249 
2 270 294 
2 264 283 
0 
0 
2 167 181 
2 56 281 
2 40 240 
2 121 178 
0 
0 
0 
0 
2 140 194 
2 174 191 
3 34 161 179 
0 
1 248 
0 
1 30 
1 268 
1 121 
1 4 
5 78 101 104 244 296 
0 
1 22 
1 9 
2 51 71 
1 178 
0 
0 
0 
1 277 
1 71 
0 
1 55 
1 42 
0 
1 14 
0 
1 50 
1 21 
1 94 
1 63 
1 91 
0 
0 
1 264 
1 58 
0 
1 11 
0 
1 184 
2 147 238 
1 78 
2 146 147 
4 42 48 237 282 
0 
0 
0 
0 
2 3 180 
0 
2 38 69 
0 
0 
1 135 
0 
1 8 
4 143 171 174 232 
1 200 
0 
1 279 
1 250 
2 117 144 
0 
3 59 107 305 
0 
0 
1 57 
0 
1 248 
2 176 209 
0 
1 207 
3 160 169 217 
3 38 122 148 
0 
0 
1 38 
0 
0 
2 91 214 
1 198 
0 
2 139 176 
0 
1 280 
0 
0 
0 
0 
1 89 
0 
1 180 
1 258 
3 23 36 177 
1 101 
0 
0 
1 128 
1 266 
0 
1 125 
2 233 296 
1 242 
0 
2 170 180 
0 
0 
1 81 
0 
0 
1 196 
3 110 183 209 
1 28 
0 
1 0 
2 84 209 
1 89 
1 302 
1 70 
2 68 70 
2 101 209 
1 305 
0 
0 
0 
1 220 
1 173 
0 
1 223 
1 7 
0 
0 
2 100 307 
2 30 296 
0 
1 257 
0 
0 
1 303 
1 20 
0 
2 100 193 
1 132 
1 84 
2 238 289 
2 154 212 
2 29 84 
0 
3 97 110 205 
1 121 
4 23 43 270 281 
2 30 233 
4 76 119 132 203 
1 20 
1 202 
2 139 241 
1 67 
1 208 
0 
0 
1 208 
0 
0 
2 29 307 
1 270 
1 169 
1 28 
0 
2 11 138 
1 252 
1 108 
0 
1 85 
0 
1 182 
2 180 282 
1 288 
1 176 
0 
2 99 303 
3 185 188 211 
4 97 139 143 148 
0 
1 208 
1 173 
1 270 
2 107 307 
0 
0 
2 8 100 
0 
0 
2 153 281 
0 
0 
3 156 279 298 
0 
0 
0 
0 
0 
1 289 
0 
0 
1 84 
2 129 179 
0 
0 
0 
1 71 
2 68 172 
1 302 
1 22 
2 183 295 
1 130 
0 
1 38 
0 
1 250 
1 276 
2 32 96 
2 15 300 
3 88 246 308 
0 
1 197 
0 
0 
0 
0 
1 163 
1 120 
1 297 
0 
0 
0 
0 
2 17 62 
1 292 
1 126 
0 
1 35 
0 
4 16 178 192 213 
0 
1 295 
0 
0 
0 
1 247 
1 47 
0 
2 87 223 
1 112 
3 21 178 220 
2 71 203 
1 17 
1 298 
0 
1 307 
0 
1 204 
2 172 229 
0 
1 1 
1 265 
0 
2 16 299 
2 241 272 
3 38 129 161 
1 259 
2 223 284 
1 294 
1 249 
0 
2 145 239 
2 166 207 
0 
2 91 149 
0 
5 8 160 191 214 286 
1 250 
0 
