330 167
0 
1 276 
1 52 
2 168 185 
2 201 238 
0 
2 38 262 
0 
1 123 
1 186 
0 
0 
0 
1 322 
1 309 
1 187 
2 259 323 
1 183 
1 74 
1 176 
0 
1 132 
1 229 
0 
1 277 
0 
0 
0 
0 
0 
1 93 
0 
4 79 97 127 280 
0 
2 164 319 
3 62 184 288 
0 
1 112 
3 6 294 303 
0 
3 110 147 312 
0 
3 137 205 309 
1 56 
1 297 
0 
2 198 317 
1 227 
0 
1 66 
1 187 
0 
2 2 225 
1 320 
1 287 
0 
1 43 
1 81 
2 254 329 
1 224 
0 
0 
2 35 105 
0 
0 
0 
1 49 
1 212 
2 106 187 
2 107 184 
0 
3 82 271 277 
1 150 
1 114 
2 18 123 
0 
1 147 
1 242 
3 226 269 294 
1 32 
0 
1 57 
2 71 227 
0 
0 
3 111 182 186 
0 
1 241 
1 129 
1 141 
0 
2 190 225 
2 131 230 
1 30 
0 
1 187 
3 99 189 254 
1 32 
3 155 174 246 
3 96 203 214 
1 119 
0 
1 213 
1 153 
0 
1 62 
2 68 203 
1 69 
0 
1 171 
2 40 204 
2 85 306 
2 37 327 
1 251 
2 73 252 
2 236 261 
0 
0 
0 
2 100 182 
1 255 
2 233 266 
1 216 
2 8 74 
1 286 
1 135 
2 211 317 
3 32 170 211 
1 135 
2 88 251 
2 154 232 
1 92 
2 21 221 
1 272 
2 152 176 
2 125 128 
1 285 
1 42 
0 
0 
1 172 
1 89 
0 
1 144 
2 143 328 
0 
0 
3 40 76 248 
1 193 
0 
1 72 
0 
2 134 306 
1 103 
1 130 
2 98 326 
3 161 222 224 
0 
0 
0 
1 197 
1 156 
1 327 
0 
1 34 
0 
0 
0 
1 3 
0 
3 127 218 293 
2 109 281 
1 140 
0 
1 98 
0 
2 19 134 
1 323 
0 
0 
0 
0 
2 85 119 
2 17 287 
3 35 69 244 
1 3 
2 9 85 
5 15 50 68 95 223 
0 
1 96 
1 91 
0 
1 198 
1 148 
0 
0 
0 
1 160 
2 46 192 
0 
0 
1 4 
0 
2 99 106 
2 110 237 
1 42 
0 
0 
1 267 
0 
0 
2 126 127 
1 67 
3 102 319 325 
1 99 
0 
2 122 230 
1 297 
1 170 
0 
0 
2 132 316 
1 156 
1 187 
2 59 156 
3 52 91 292 
1 78 
2 47 82 
1 252 
1 22 
2 92 216 
0 
1 130 
1 121 
1 249 
0 
1 115 
1 204 
2 4 326 
0 
0 
2 87 286 
1 77 
1 247 
2 184 286 
0 
1 98 
1 243 
1 147 
1 234 
0 
2 113 129 
3 114 228 263 
1 318 
2 58 96 
1 120 
0 
0 
0 
1 16 
0 
1 115 
1 6 
1 252 
1 293 
0 
1 121 
1 208 
0 
1 78 
0 
1 71 
2 133 299 
0 
0 
0 
1 1 
2 24 71 
2 292 316 
0 
1 32 
1 171 
0 
0 
1 312 
1 136 
3 124 241 244 
2 54 183 
1 35 
0 
0 
0 
2 225 278 
2 170 264 
2 38 78 
0 
0 
2 44 217 
0 
1 272 
0 
0 
0 
1 38 
0 
0 
3 111 152 329 
1 321 
0 
2 14 42 
0 
0 
2 40 284 
0 
0 
0 
2 221 278 
3 46 126 319 
1 253 
3 34 213 317 
1 53 
1 307 
1 13 
2 16 177 
0 
1 213 
2 155 238 
2 112 162 
1 144 
2 58 306 
330 158
2 149 195 
3 67 234 291 
0 
0 
0 
0 
2 43 97 
5 35 52 174 301 319 
0 
1 302 
0 
0 
2 193 319 
0 
3 188 211 214 
2 40 92 
0 
2 296 316 
0 
1 68 
0 
0 
1 297 
1 46 
1 244 
0 
0 
0 
0 
0 
1 259 
1 181 
1 162 
0 
0 
2 7 194 
0 
0 
0 
1 168 
4 15 83 174 254 
2 273 274 
1 315 
2 6 74 
0 
0 
2 23 295 
0 
0 
0 
1 278 
0 
1 7 
4 133 161 164 222 
1 139 
0 
2 116 308 
2 123 150 
1 279 
1 207 
0 
0 
0 
3 155 295 328 
0 
1 218 
5 117 126 174 287 313 
1 1 
1 19 
0 
0 
1 306 
1 234 
1 318 
1 43 
0 
1 92 
0 
0 
0 
0 
1 93 
2 113 220 
1 40 
0 
1 178 
0 
0 
1 283 
2 106 231 
2 275 285 
0 
2 15 76 
1 81 
0 
1 162 
1 112 
1 6 
1 319 
0 
1 282 
0 
1 220 
1 250 
0 
0 
2 89 231 
0 
1 145 
0 
0 
1 311 
1 96 
2 82 132 
0 
1 181 
2 56 281 
1 66 
1 317 
2 158 217 
0 
1 195 
1 327 
3 57 203 302 
0 
2 147 312 
2 66 325 
0 
1 288 
0 
0 
2 147 227 
1 113 
1 53 
0 
0 
0 
1 293 
1 213 
1 54 
2 158 167 
0 
0 
2 155 287 
0 
1 108 
1 258 
2 125 131 
2 154 173 
1 0 
2 57 300 
0 
0 
0 
1 148 
4 63 143 178 308 
0 
0 
4 119 140 160 305 
1 202 
1 158 
1 53 
3 32 95 173 
1 281 
1 53 
1 235 
0 
2 140 279 
3 39 174 314 
0 
1 220 
0 
0 
3 148 162 186 
5 7 40 66 168 239 
0 
0 
1 253 
3 85 155 254 
0 
0 
3 31 115 208 
0 
0 
0 
0 
1 173 
2 197 267 
1 14 
2 313 324 
1 299 
0 
1 261 
1 12 
1 35 
3 0 121 205 
0 
2 187 215 
1 280 
0 
0 
0 
2 159 314 
1 123 
0 
2 195 224 
0 
2 59 218 
1 181 
0 
1 302 
1 14 
0 
1 138 
1 14 
1 197 
0 
1 119 
2 65 207 
1 318 
3 82 102 170 
0 
1 53 
0 
1 205 
0 
0 
1 131 
2 256 265 
0 
0 
3 89 106 265 
0 
0 
3 1 72 298 
1 165 
0 
0 
0 
2 174 272 
0 
0 
0 
1 274 
2 24 248 
0 
0 
0 
1 244 
0 
1 103 
0 
1 325 
1 177 
2 40 178 
0 
2 228 286 
0 
1 146 
1 30 
1 310 
1 192 
1 296 
0 
1 292 
2 228 231 
0 
1 187 
1 320 
0 
0 
1 293 
1 239 
1 41 
2 41 243 
1 90 
0 
0 
2 50 280 
2 58 167 
2 198 278 
2 116 163 
1 100 
1 88 
0 
1 90 
2 256 295 
2 66 143 
1 128 
0 
0 
2 1 302 
1 264 
2 137 271 
0 
3 46 63 286 
2 17 262 
1 22 
2 234 329 
1 190 
1 150 
1 7 
4 9 123 210 291 
0 
0 
1 158 
1 71 
0 
3 56 155 321 
0 
1 260 
1 111 
1 125 
2 66 189 
2 168 202 
1 42 
1 17 
1 118 
2 73 219 
3 7 12 98 
1 268 
1 308 
0 
0 
1 189 
2 126 252 
0 
1 122 
1 63 
1 298 
