340 177
0 
1 266 
1 32 
2 138 155 
2 161 198 
1 311 
1 202 
0 
1 43 
1 96 
0 
0 
0 
1 192 
1 169 
1 37 
3 99 163 335 
1 215 
1 306 
0 
1 240 
1 326 
0 
0 
1 37 
0 
0 
0 
0 
1 102 
0 
4 66 84 114 267 
1 2 
3 129 284 321 
2 138 242 
0 
1 44 
4 15 24 215 224 
1 309 
2 46 211 
1 312 
3 82 186 219 
0 
2 8 152 
2 36 325 
1 150 
2 39 49 
1 157 
1 266 
1 46 
0 
0 
2 76 318 
0 
0 
1 76 
2 237 312 
1 195 
0 
1 319 
0 
0 
0 
0 
0 
3 87 242 323 
3 31 230 307 
0 
1 179 
3 98 104 234 
1 185 
1 181 
0 
1 179 
1 261 
2 275 300 
2 52 55 
0 
0 
1 181 
0 
1 283 
3 41 97 101 
0 
3 31 130 259 
1 257 
0 
3 65 278 313 
2 205 304 
0 
0 
1 219 
3 117 207 272 
0 
3 145 164 236 
3 179 190 324 
1 9 
1 82 
3 69 147 313 
1 16 
0 
2 82 318 
1 29 
0 
2 69 241 
1 259 
0 
1 114 
2 121 261 
1 247 
1 241 
0 
0 
1 327 
2 31 107 
1 160 
3 123 156 313 
1 92 
0 
2 131 184 
1 244 
4 108 132 187 228 
1 136 
3 116 236 338 
1 201 
0 
1 158 
3 193 268 292 
0 
1 33 
2 84 158 
1 119 
1 121 
1 186 
0 
1 310 
1 122 
1 274 
2 3 34 
0 
2 143 269 
0 
0 
1 140 
1 310 
1 94 
0 
3 98 276 284 
2 154 156 
0 
1 45 
1 244 
1 43 
1 336 
1 148 
1 3 
2 116 148 
1 47 
2 126 130 
0 
3 115 253 328 
2 4 296 
0 
1 16 
1 94 
0 
0 
1 218 
0 
1 14 
0 
0 
2 228 330 
0 
0 
1 243 
0 
0 
0 
4 68 73 95 267 
0 
2 71 79 
0 
0 
1 119 
1 70 
2 41 133 
1 121 
0 
1 327 
1 95 
0 
1 13 
2 127 257 
0 
1 57 
0 
2 325 331 
1 4 
1 297 
1 337 
1 124 
1 6 
0 
1 248 
1 88 
0 
2 92 247 
0 
1 252 
0 
1 39 
0 
1 324 
0 
2 17 37 
0 
1 277 
1 167 
3 41 91 263 
1 278 
1 284 
0 
0 
1 37 
0 
1 330 
0 
3 121 172 238 
0 
1 66 
0 
0 
0 
2 69 338 
0 
2 94 123 
1 56 
1 228 
1 318 
1 20 
2 104 110 
3 34 65 338 
2 175 266 
2 120 151 
0 
1 265 
2 109 207 
1 204 
0 
0 
0 
1 209 
1 160 
2 311 325 
0 
1 321 
2 85 193 
0 
3 84 105 303 
1 270 
2 74 108 
1 315 
1 219 
1 331 
2 246 314 
3 1 48 243 
2 31 179 
1 127 
1 140 
1 260 
0 
1 92 
0 
1 137 
1 75 
1 147 
1 217 
2 87 220 
0 
0 
0 
0 
1 81 
3 33 147 221 
0 
0 
1 316 
1 319 
0 
0 
0 
1 127 
1 339 
1 311 
0 
1 161 
2 199 304 
0 
0 
3 75 311 329 
0 
0 
1 259 
2 88 297 
0 
1 18 
1 66 
0 
1 38 
2 135 144 
4 5 254 294 300 
2 40 56 
3 87 98 116 
1 265 
1 262 
1 287 
0 
3 52 101 239 
2 59 288 
0 
2 33 256 
0 
2 65 332 
2 95 213 
3 44 197 254 
1 21 
2 113 189 
1 160 
1 300 
2 172 226 
2 197 264 
1 323 
0 
0 
1 16 
1 153 
1 200 
3 123 234 242 
1 293 
340 168
0 
0 
2 43 169 
1 333 
4 21 24 164 216 
0 
0 
2 46 66 
1 108 
0 
0 
2 274 329 
0 
1 179 
0 
0 
0 
0 
0 
2 68 288 
1 247 
1 4 
0 
1 213 
1 4 
0 
0 
2 99 303 
2 83 163 
2 160 161 
2 180 225 
0 
0 
0 
1 72 
0 
0 
1 268 
0 
0 
5 54 82 85 143 335 
0 
1 264 
4 2 160 247 274 
0 
2 85 283 
1 7 
0 
0 
3 135 275 308 
0 
3 150 312 321 
3 82 195 221 
0 
1 40 
0 
0 
2 94 279 
1 338 
0 
1 315 
0 
0 
0 
0 
1 186 
3 7 180 287 
0 
1 19 
1 167 
0 
0 
3 34 194 257 
1 116 
1 144 
0 
0 
0 
2 151 334 
0 
0 
1 227 
2 40 52 
2 28 136 
1 274 
3 40 45 276 
0 
0 
1 173 
1 280 
0 
0 
0 
1 113 
1 57 
0 
1 113 
1 184 
0 
4 27 162 213 272 
0 
1 190 
1 292 
2 138 237 
1 256 
1 187 
1 170 
1 304 
1 8 
1 299 
1 150 
0 
0 
2 93 96 
0 
1 253 
2 73 141 
2 243 252 
0 
0 
2 141 273 
0 
0 
1 145 
2 189 208 
0 
1 267 
0 
0 
0 
2 183 313 
0 
1 266 
2 205 272 
0 
2 49 338 
1 83 
1 207 
2 103 289 
0 
2 259 315 
3 116 120 257 
1 285 
1 40 
1 74 
1 123 
1 152 
0 
1 242 
1 204 
2 51 110 
2 78 228 
1 146 
0 
0 
0 
2 159 229 
0 
3 193 204 318 
1 156 
3 29 43 196 
1 29 
2 99 190 
2 28 289 
2 4 310 
0 
0 
2 69 339 
0 
2 2 283 
1 106 
1 185 
0 
2 88 296 
0 
0 
0 
0 
0 
1 13 
3 30 66 204 
0 
0 
1 130 
1 97 
3 171 307 316 
1 65 
2 105 308 
0 
2 124 328 
2 101 162 
0 
1 318 
1 158 
1 72 
3 52 235 294 
1 160 
0 
0 
0 
1 310 
0 
1 294 
0 
4 149 158 180 329 
2 133 316 
1 310 
1 137 
2 124 325 
0 
1 216 
0 
1 326 
2 23 99 
0 
1 338 
2 4 210 
1 300 
0 
1 324 
0 
2 52 334 
0 
0 
0 
1 30 
2 237 287 
2 81 336 
1 151 
1 156 
0 
1 262 
0 
1 291 
1 265 
1 195 
1 299 
2 103 226 
0 
0 
0 
0 
1 148 
1 117 
0 
2 311 328 
0 
2 20 43 
0 
0 
0 
0 
2 117 254 
1 115 
1 252 
0 
1 104 
3 72 141 293 
0 
1 140 
0 
1 300 
2 231 327 
0 
2 42 298 
3 234 272 339 
1 132 
1 126 
2 37 291 
0 
0 
0 
3 99 133 265 
1 120 
3 11 43 84 
2 49 286 
1 85 
0 
1 321 
1 57 
1 89 
0 
0 
2 45 169 
0 
2 142 312 
2 275 297 
2 66 226 
1 19 
2 138 163 
0 
2 233 268 
2 102 330 
1 257 
2 195 202 
0 
2 173 318 
1 286 
1 264 
2 109 236 
2 217 261 
0 
0 
2 27 317 
1 107 
0 
0 
1 185 
2 49 187 
0 
4 164 200 206 316 
1 245 
2 51 285 
1 130 
0 
2 60 140 
4 185 205 310 334 
1 303 
3 158 192 296 
0 
0 
2 51 278 
0 
0 
1 219 
1 208 
1 212 
1 262 
2 189 245 
2 11 204 
1 292 
0 
0 
1 3 
3 78 221 316 
1 40 
1 227 
0 
3 58 135 215 
2 167 265 
