360 185
0 
2 246 349 
0 
2 78 95 
2 81 118 
1 211 
1 82 
1 234 
1 266 
0 
0 
0 
0 
1 234 
1 81 
3 122 186 358 
1 217 
1 287 
0 
1 179 
1 244 
0 
1 228 
0 
0 
0 
0 
0 
0 
4 103 121 151 304 
0 
3 122 277 314 
2 109 213 
1 296 
0 
2 120 129 
2 192 229 
1 72 
3 151 219 323 
0 
1 243 
0 
2 76 195 
1 71 
1 156 
1 242 
0 
0 
1 270 
1 202 
0 
1 198 
1 335 
2 104 269 
0 
1 345 
0 
0 
0 
0 
1 267 
2 124 205 
2 88 165 
1 284 
3 178 184 314 
1 240 
1 211 
0 
1 159 
1 216 
2 205 230 
1 43 
1 37 
1 296 
0 
0 
3 42 134 138 
0 
3 3 115 244 
1 216 
0 
4 4 14 185 220 
3 6 86 185 
0 
1 296 
3 167 257 322 
1 82 
3 141 160 232 
4 62 148 159 293 
0 
1 303 
1 201 
0 
0 
1 125 
1 3 
1 229 
0 
1 278 
1 256 
2 137 353 
1 318 
0 
1 29 
2 53 317 
1 345 
1 278 
1 216 
0 
3 32 196 249 
1 279 
4 137 192 233 358 
0 
2 181 283 
1 116 
2 78 256 
4 114 260 335 359 
0 
1 4 
1 132 
1 35 
2 29 304 
2 15 31 
0 
2 61 129 
2 94 264 
0 
1 268 
1 163 
2 35 124 
0 
1 303 
1 119 
0 
5 76 170 178 239 241 
0 
0 
3 100 111 227 
1 76 
1 251 
0 
1 87 
0 
0 
1 357 
1 218 
1 151 
0 
1 88 
0 
1 278 
3 29 38 146 
0 
0 
1 307 
1 205 
1 44 
1 208 
0 
2 68 88 
2 87 278 
0 
0 
1 128 
0 
1 62 
0 
1 85 
1 327 
0 
1 134 
1 280 
0 
0 
0 
2 180 186 
1 250 
1 247 
2 64 134 
2 19 343 
1 175 
1 113 
0 
1 297 
1 64 
2 81 82 
2 15 175 
0 
0 
1 291 
1 349 
1 315 
3 36 111 272 
0 
0 
1 42 
2 109 235 
1 204 
1 51 
0 
0 
2 91 311 
1 49 
0 
2 197 333 
3 61 70 155 
1 340 
1 212 
2 157 342 
0 
0 
2 5 66 
1 207 
2 32 356 
1 225 
1 244 
4 69 79 107 326 
2 16 230 
2 145 289 
2 38 316 
2 81 234 
0 
0 
0 
0 
1 214 
0 
1 137 
1 22 
2 36 96 
4 70 217 276 330 
0 
3 87 335 352 
2 111 348 
4 7 13 220 350 
2 196 244 
0 
0 
0 
1 134 
2 65 263 
1 134 
1 45 
1 40 
4 20 78 215 235 
0 
1 1 
2 177 303 
1 318 
1 109 
1 176 
1 139 
0 
3 278 301 304 
1 339 
1 287 
2 99 115 
1 85 
0 
0 
1 116 
0 
0 
3 240 320 340 
1 125 
0 
1 8 
2 60 339 
1 127 
1 53 
1 48 
0 
1 192 
0 
0 
0 
1 230 
1 31 
5 98 106 150 160 253 
1 110 
1 171 
1 309 
1 287 
1 113 
1 63 
0 
0 
3 17 255 282 
1 349 
1 218 
0 
1 189 
0 
1 88 
0 
0 
3 33 73 84 
1 183 
0 
0 
0 
1 253 
0 
3 90 131 247 
3 29 121 253 
0 
0 
1 154 
0 
1 281 
0 
1 201 
0 
0 
2 31 64 
1 191 
1 219 
1 104 
2 101 248 
0 
1 263 
0 
2 85 354 
1 38 
0 
0 
1 216 
1 168 
0 
1 343 
1 230 
0 
0 
1 204 
0 
3 52 116 232 
0 
0 
0 
2 254 267 
3 206 263 357 
0 
1 208 
2 179 329 
0 
2 55 105 
0 
0 
1 233 
3 1 190 288 
1 234 
0 
1 232 
1 100 
1 322 
0 
1 213 
2 144 340 
2 15 111 
1 116 
360 181
0 
0 
1 29 
0 
0 
2 104 308 
2 46 126 
2 81 82 
2 59 104 
0 
0 
1 130 
0 
0 
1 197 
0 
4 196 224 227 285 
1 135 
1 318 
3 170 257 284 
1 345 
1 205 
0 
0 
1 215 
1 54 
4 140 302 311 359 
2 140 166 
0 
1 2 
0 
2 141 326 
1 339 
0 
1 224 
0 
0 
0 
1 185 
2 132 239 
0 
1 295 
0 
0 
1 178 
2 52 345 
1 6 
0 
0 
2 156 339 
0 
0 
1 45 
1 201 
2 25 289 
1 241 
0 
1 289 
1 345 
1 8 
0 
1 271 
0 
0 
1 115 
1 134 
2 300 351 
1 118 
1 222 
2 271 353 
1 163 
2 129 294 
1 223 
1 303 
0 
2 190 270 
0 
0 
0 
0 
2 98 209 
3 7 255 264 
1 7 
1 260 
1 117 
0 
2 93 352 
1 99 
1 314 
0 
0 
1 265 
1 128 
2 86 230 
2 110 177 
0 
1 125 
1 137 
2 80 159 
3 87 268 324 
1 205 
1 172 
0 
1 304 
2 5 8 
1 268 
1 167 
1 316 
0 
0 
1 94 
2 174 244 
2 324 335 
1 203 
1 195 
2 64 300 
1 332 
2 84 286 
1 67 
1 353 
0 
1 161 
1 163 
0 
0 
1 96 
1 6 
0 
2 92 248 
1 71 
1 11 
0 
3 39 217 226 
1 297 
1 65 
2 17 169 
0 
2 97 158 
2 289 348 
0 
2 26 27 
1 31 
1 195 
1 238 
1 329 
1 236 
1 150 
1 216 
0 
1 310 
1 146 
1 280 
1 280 
1 339 
0 
1 177 
1 49 
2 250 300 
2 137 260 
1 98 
1 225 
3 121 269 348 
0 
3 70 122 196 
0 
0 
1 27 
3 106 316 333 
0 
1 135 
2 19 319 
0 
1 101 
1 217 
2 111 357 
1 277 
3 216 264 331 
3 94 155 317 
1 44 
0 
1 241 
1 284 
0 
2 321 359 
0 
2 38 340 
1 333 
0 
1 262 
1 315 
2 75 317 
0 
0 
0 
1 262 
2 114 142 
2 16 163 
1 14 
1 204 
0 
0 
1 53 
1 211 
1 113 
1 198 
2 21 100 
1 280 
1 288 
0 
1 80 
0 
1 202 
0 
0 
1 224 
1 24 
2 147 176 
2 132 173 
0 
3 225 255 322 
3 225 241 352 
1 322 
1 68 
1 72 
5 16 34 214 289 316 
3 160 219 220 
2 132 320 
1 16 
0 
0 
1 93 
0 
0 
0 
0 
0 
1 145 
1 279 
1 143 
2 39 339 
0 
3 55 180 220 
1 341 
1 261 
1 111 
0 
0 
1 328 
1 128 
0 
1 157 
0 
0 
0 
1 309 
3 81 219 302 
0 
2 19 322 
0 
0 
2 83 158 
1 243 
2 188 194 
0 
3 81 176 329 
1 91 
0 
0 
2 99 105 
1 161 
1 75 
2 61 69 
0 
2 300 348 
0 
0 
0 
1 175 
0 
1 237 
3 151 152 206 
1 285 
0 
0 
3 19 181 358 
2 16 281 
1 117 
0 
2 207 316 
4 54 57 138 224 
0 
0 
0 
0 
1 71 
2 41 329 
0 
1 133 
0 
0 
4 66 115 157 273 
0 
2 26 255 
1 73 
2 103 313 
0 
0 
0 
1 5 
1 254 
1 149 
1 26 
0 
1 304 
1 88 
1 189 
4 107 167 224 288 
2 177 190 
1 18 
1 170 
1 226 
1 183 
3 219 221 257 
0 
2 99 112 
0 
1 31 
0 
1 247 
3 144 264 295 
0 
1 176 
1 116 
2 167 186 
0 
2 112 349 
0 
0 
0 
4 32 49 153 239 
2 185 355 
1 242 
0 
0 
0 
3 20 45 58 
0 
0 
3 138 161 273 
1 335 
0 
1 66 
2 86 220 
2 69 119 
0 
1 340 
0 
1 174 
1 284 
2 26 183 
