440 232
0 
2 166 269 
2 274 291 
1 233 
1 245 
1 35 
0 
1 57 
0 
0 
0 
1 239 
3 197 261 433 
1 209 
1 196 
1 345 
1 326 
0 
1 142 
0 
0 
0 
0 
2 258 306 
0 
3 105 260 297 
1 110 
1 107 
1 178 
3 154 191 356 
2 347 415 
1 111 
1 263 
1 325 
1 39 
2 5 227 
1 224 
0 
1 385 
2 34 227 
0 
1 43 
2 90 165 
1 41 
1 224 
0 
0 
0 
3 81 236 317 
2 107 184 
2 210 405 
2 147 367 
1 244 
0 
1 351 
2 245 270 
0 
1 7 
0 
1 361 
0 
2 148 277 
1 152 
0 
2 105 204 
0 
4 119 264 354 419 
1 411 
2 131 329 
0 
2 273 439 
0 
1 426 
0 
1 326 
0 
1 409 
2 187 403 
1 265 
0 
0 
2 48 423 
1 256 
1 434 
1 358 
4 110 165 206 331 
2 294 396 
1 122 
1 155 
2 127 151 
2 42 298 
0 
1 252 
1 439 
0 
1 119 
1 245 
0 
0 
1 175 
2 381 389 
2 112 114 
1 432 
0 
1 226 
2 25 64 
0 
3 27 49 418 
2 162 308 
0 
2 26 85 
2 31 290 
1 101 
0 
3 101 167 269 
1 353 
0 
1 378 
0 
2 66 95 
0 
0 
2 87 388 
0 
1 277 
0 
2 292 298 
3 89 233 412 
0 
1 248 
0 
2 68 295 
0 
0 
0 
1 329 
2 160 284 
0 
2 302 433 
0 
0 
1 281 
1 18 
1 178 
2 197 221 
1 208 
0 
3 51 377 391 
2 61 263 
2 198 244 
3 155 322 379 
1 89 
1 62 
0 
1 29 
4 88 150 326 380 
2 357 374 
3 214 341 359 
0 
1 422 
1 136 
0 
2 108 433 
0 
0 
6 42 85 234 257 260 400 
2 1 179 
1 114 
0 
1 195 
1 319 
0 
0 
0 
1 406 
1 99 
1 437 
0 
2 28 143 
1 166 
0 
0 
0 
0 
3 49 193 413 
1 437 
0 
1 77 
0 
1 348 
0 
1 29 
0 
1 184 
1 253 
4 169 213 304 384 
1 14 
4 12 144 206 207 
3 149 294 339 
0 
0 
0 
0 
1 222 
1 64 
0 
2 85 197 
2 197 393 
1 145 
1 13 
2 50 417 
0 
1 215 
1 195 
2 157 288 
4 212 256 343 370 
0 
1 325 
1 302 
0 
0 
1 144 
1 203 
1 403 
2 36 44 
1 393 
2 104 342 
4 35 39 300 326 
0 
0 
0 
0 
0 
3 3 127 368 
1 165 
0 
2 48 281 
0 
1 414 
1 11 
0 
0 
0 
0 
2 52 149 
4 4 55 96 286 
1 360 
1 275 
1 129 
0 
1 398 
0 
1 92 
1 194 
0 
1 299 
2 82 215 
2 165 415 
1 23 
0 
2 25 165 
1 12 
0 
3 32 148 401 
2 66 409 
1 78 
0 
0 
0 
2 1 114 
1 55 
1 304 
0 
2 70 364 
1 2 
2 247 291 
0 
2 61 124 
0 
1 298 
0 
3 141 236 338 
0 
0 
1 136 
0 
2 245 386 
0 
1 214 
0 
1 111 
2 2 275 
1 126 
1 388 
2 86 198 
1 131 
1 415 
3 25 324 383 
3 90 126 279 
1 255 
2 227 358 
0 
3 138 218 422 
0 
3 195 271 332 
0 
2 23 319 
1 352 
2 108 437 
0 
0 
1 416 
0 
0 
0 
1 370 
1 327 
1 48 
0 
2 170 306 
0 
0 
1 150 
0 
1 297 
2 33 217 
5 16 74 155 227 385 
2 316 384 
0 
2 68 135 
2 378 387 
1 85 
1 304 
0 
0 
1 406 
1 435 
0 
1 281 
1 198 
0 
1 157 
2 226 361 
1 215 
1 429 
2 15 354 
0 
1 30 
1 189 
0 
1 385 
1 54 
1 307 
1 115 
2 66 345 
0 
1 29 
1 156 
2 84 300 
2 157 387 
2 246 438 
2 59 342 
0 
0 
1 273 
0 
0 
2 51 426 
2 233 422 
0 
2 215 315 
0 
0 
0 
1 156 
1 428 
0 
1 147 
2 117 330 
1 150 
2 155 397 
1 100 
0 
1 297 
2 195 327 
4 38 326 350 400 
1 286 
2 330 359 
2 122 293 
1 100 
0 
1 147 
1 419 
2 207 225 
0 
0 
2 86 437 
1 380 
1 250 
0 
2 165 385 
1 263 
1 425 
2 77 223 
0 
1 50 
2 174 335 
0 
0 
2 76 264 
0 
1 67 
1 127 
1 184 
1 238 
3 30 257 296 
1 311 
1 210 
1 107 
2 66 392 
0 
0 
3 159 302 368 
1 81 
0 
1 402 
2 72 367 
0 
1 375 
1 344 
0 
1 432 
2 102 431 
3 12 138 162 
1 83 
1 336 
0 
4 176 185 308 396 
1 360 
2 70 93 
440 240
1 438 
1 152 
1 116 
0 
2 101 171 
3 64 189 426 
1 342 
2 185 381 
0 
2 68 353 
1 163 
0 
0 
0 
0 
2 402 411 
1 285 
0 
1 197 
2 129 188 
0 
1 331 
2 220 341 
2 52 330 
1 430 
1 403 
1 197 
2 50 297 
1 414 
1 165 
2 120 362 
1 33 
0 
2 31 355 
0 
1 119 
1 175 
5 98 202 324 372 439 
1 206 
1 270 
1 92 
2 84 122 
1 221 
1 320 
1 96 
1 313 
0 
0 
1 370 
0 
3 27 278 438 
0 
1 23 
1 249 
0 
3 191 221 346 
1 182 
2 175 202 
1 92 
0 
0 
1 311 
1 235 
2 215 251 
2 5 397 
0 
1 387 
2 112 337 
1 9 
1 289 
0 
2 333 381 
0 
1 237 
2 173 421 
0 
0 
1 329 
0 
0 
0 
2 136 247 
1 399 
0 
1 41 
0 
1 100 
0 
0 
0 
1 412 
1 174 
2 40 58 
0 
1 132 
0 
2 44 193 
0 
2 37 435 
2 112 218 
1 86 
3 4 241 333 
1 425 
1 402 
1 274 
0 
0 
0 
4 176 336 344 347 
1 415 
3 200 314 424 
0 
3 67 99 275 
1 433 
1 329 
0 
3 2 165 409 
1 405 
0 
1 35 
3 30 229 348 
0 
3 41 225 295 
1 156 
0 
1 426 
0 
0 
0 
1 19 
1 327 
0 
2 94 429 
0 
2 152 248 
0 
1 81 
0 
0 
0 
0 
0 
0 
1 222 
1 341 
3 300 368 381 
1 387 
3 217 334 410 
1 369 
0 
0 
3 251 327 374 
3 1 134 398 
1 208 
0 
0 
2 123 204 
2 330 435 
0 
0 
2 232 336 
0 
1 163 
3 10 162 381 
0 
3 29 116 300 
0 
0 
0 
0 
0 
2 4 262 
0 
1 74 
3 91 211 328 
3 36 57 319 
2 108 178 
1 229 
1 176 
1 182 
0 
1 412 
3 56 179 244 
0 
0 
1 7 
1 204 
1 300 
1 19 
3 5 408 426 
2 339 413 
2 55 428 
1 334 
1 96 
0 
2 198 435 
1 314 
4 18 26 237 378 
1 195 
0 
1 110 
0 
3 37 57 218 
0 
2 156 186 
0 
2 38 322 
0 
1 153 
1 346 
1 292 
1 174 
1 214 
1 284 
1 212 
1 63 
2 296 305 
1 147 
3 99 202 219 
1 218 
1 22 
3 42 55 424 
1 143 
0 
1 334 
2 122 403 
0 
0 
1 315 
2 120 177 
0 
0 
1 160 
2 356 404 
1 260 
1 62 
0 
2 73 197 
1 302 
0 
1 340 
1 101 
0 
1 341 
3 182 417 423 
0 
0 
1 81 
1 134 
1 53 
1 314 
4 63 151 264 282 
0 
0 
0 
0 
1 283 
0 
0 
0 
2 234 330 
2 334 350 
1 171 
0 
2 251 394 
1 431 
0 
2 329 423 
2 352 406 
1 416 
1 39 
0 
0 
2 320 435 
2 104 392 
1 112 
0 
1 412 
1 50 
0 
0 
0 
1 251 
2 256 356 
1 213 
3 16 314 344 
0 
0 
0 
1 69 
0 
1 311 
1 210 
0 
0 
1 122 
1 216 
2 27 317 
1 386 
0 
5 145 165 187 345 428 
0 
1 238 
1 365 
0 
2 216 364 
0 
1 382 
0 
0 
0 
3 61 291 376 
0 
3 45 329 419 
4 110 196 250 285 
2 228 438 
0 
2 297 384 
0 
2 175 414 
2 43 273 
0 
2 206 401 
0 
1 37 
0 
0 
3 130 151 403 
3 174 363 402 
4 77 114 267 313 
5 23 157 260 393 394 
1 21 
0 
2 71 101 
4 147 192 224 261 
0 
3 108 160 418 
1 67 
0 
1 190 
2 240 382 
3 22 144 243 
1 6 
0 
2 108 285 
1 300 
2 55 209 
1 108 
1 120 
0 
1 261 
0 
1 268 
1 9 
0 
1 33 
3 233 283 430 
0 
0 
0 
0 
0 
1 30 
1 328 
1 305 
1 303 
0 
0 
1 145 
1 148 
1 48 
0 
2 37 377 
0 
2 151 396 
0 
1 311 
1 372 
1 197 
0 
0 
4 7 71 145 163 
2 307 340 
0 
1 317 
0 
1 298 
3 66 146 398 
0 
0 
0 
0 
1 274 
1 330 
2 264 330 
0 
2 374 409 
1 64 
3 152 387 403 
1 82 
1 413 
1 322 
3 15 103 328 
4 25 225 327 398 
1 233 
1 117 
1 268 
2 413 418 
1 189 
3 116 396 434 
2 147 438 
1 15 
3 90 181 277 
3 190 400 407 
2 28 319 
1 109 
1 269 
1 244 
2 336 407 
1 313 
0 
1 74 
0 
2 244 267 
2 110 221 
2 102 432 
3 5 125 189 
0 
2 191 300 
1 132 
2 24 356 
1 265 
1 425 
1 113 
1 409 
5 98 157 195 273 437 
0 
1 435 
4 0 50 315 410 
1 37 
