450 242
0 
2 156 259 
2 254 271 
1 203 
2 205 429 
0 
1 429 
0 
0 
0 
0 
1 129 
3 77 141 313 
1 79 
1 56 
1 195 
1 166 
1 393 
0 
0 
0 
0 
0 
2 28 76 
2 279 434 
2 47 273 
1 259 
1 319 
3 23 284 321 
1 66 
3 47 115 219 
1 360 
1 411 
1 114 
1 291 
1 277 
0 
1 416 
1 247 
0 
1 41 
3 40 77 152 
0 
1 189 
0 
0 
1 404 
5 25 30 157 238 418 
1 94 
3 109 304 434 
1 255 
1 121 
0 
1 206 
2 89 114 
0 
1 14 
0 
1 161 
2 315 444 
0 
0 
2 236 335 
0 
2 226 371 
2 77 142 
4 29 123 214 412 
0 
1 332 
1 118 
0 
1 83 
1 337 
0 
1 396 
2 162 378 
2 23 228 
3 12 41 65 
0 
2 13 350 
1 171 
1 337 
3 249 355 410 
3 71 85 210 
3 161 263 341 
2 83 361 
2 320 344 
0 
1 117 
2 54 406 
0 
1 222 
1 234 
1 347 
1 48 
0 
1 238 
2 431 439 
2 149 151 
0 
1 107 
1 224 
0 
0 
1 377 
2 108 254 
0 
1 100 
2 105 197 
1 49 
1 373 
1 137 
1 208 
0 
3 33 54 207 
1 30 
0 
1 88 
1 69 
1 152 
1 343 
1 51 
2 330 336 
3 66 257 436 
0 
1 244 
0 
1 263 
0 
1 11 
0 
2 241 375 
1 182 
0 
2 172 303 
0 
1 421 
1 111 
1 288 
2 292 316 
1 288 
1 12 
3 65 427 441 
1 298 
2 218 264 
3 160 327 384 
0 
0 
0 
1 98 
2 256 310 
3 98 272 411 
4 41 119 241 259 
0 
1 292 
0 
1 1 
1 47 
0 
3 303 326 329 
3 145 180 232 
2 58 84 
1 75 
1 200 
1 308 
0 
1 16 
0 
1 331 
0 
1 330 
1 80 
1 134 
0 
0 
0 
0 
2 229 449 
0 
1 186 
1 160 
0 
2 132 299 
0 
0 
0 
2 179 381 
2 323 414 
1 233 
3 43 280 281 
2 350 395 
0 
0 
0 
1 442 
1 15 
0 
1 108 
0 
1 287 
1 163 
0 
1 257 
2 3 264 
0 
2 4 299 
4 53 248 335 362 
1 114 
2 112 279 
1 237 
1 83 
0 
0 
0 
2 66 243 
1 428 
1 357 
2 295 321 
1 144 
1 30 
0 
0 
1 91 
1 243 
1 101 
1 319 
1 64 
1 410 
1 76 
1 177 
0 
0 
1 160 
2 188 350 
2 92 402 
1 295 
1 62 
1 209 
3 47 96 352 
0 
0 
2 131 152 
1 349 
2 214 223 
2 125 419 
0 
0 
1 38 
1 206 
1 82 
1 267 
1 252 
1 251 
0 
2 2 105 
1 50 
2 150 369 
2 123 202 
1 379 
4 1 26 152 445 
0 
0 
0 
3 84 127 348 
2 144 203 
1 336 
0 
1 250 
0 
1 433 
0 
1 2 
1 151 
1 25 
0 
1 419 
0 
1 35 
2 362 413 
3 24 208 302 
1 189 
2 189 360 
0 
1 366 
2 28 382 
0 
1 309 
2 199 312 
3 138 140 367 
0 
1 414 
1 34 
2 139 154 
1 399 
1 324 
2 217 235 
0 
0 
1 143 
2 182 205 
0 
0 
2 279 353 
3 134 159 318 
1 49 
2 353 362 
0 
0 
1 164 
2 286 345 
2 150 338 
0 
1 287 
1 12 
1 315 
3 59 314 440 
2 139 326 
0 
1 303 
3 27 225 419 
1 86 
2 28 217 
0 
1 187 
1 294 
1 418 
3 159 316 425 
1 145 
0 
1 159 
2 122 170 
3 168 338 405 
1 68 
0 
0 
3 62 206 418 
2 122 265 
2 72 81 
3 310 331 356 
0 
1 420 
1 84 
0 
1 120 
2 86 363 
1 309 
1 352 
1 93 
2 263 374 
1 242 
3 79 190 233 
0 
2 238 346 
2 302 305 
1 434 
1 82 
1 338 
1 216 
0 
1 447 
2 31 281 
2 85 422 
3 206 278 305 
1 344 
0 
0 
2 283 398 
1 288 
0 
1 256 
0 
1 64 
0 
1 110 
1 348 
1 131 
0 
2 104 407 
2 75 406 
1 258 
0 
1 186 
1 284 
1 393 
1 145 
1 389 
0 
0 
1 440 
1 385 
0 
0 
0 
2 17 383 
1 444 
1 190 
1 74 
0 
1 366 
1 293 
1 410 
0 
1 234 
0 
2 46 420 
1 331 
2 89 378 
1 377 
0 
0 
3 82 227 400 
2 32 151 
1 66 
1 278 
2 187 290 
0 
1 37 
0 
4 47 325 335 443 
3 244 275 319 
2 340 404 
1 136 
1 361 
0 
0 
1 326 
0 
1 142 
1 215 
2 4 6 
1 434 
1 97 
0 
1 269 
4 24 49 354 430 
0 
1 123 
0 
0 
1 97 
2 315 388 
1 142 
1 194 
1 418 
2 59 394 
1 259 
0 
1 359 
0 
1 177 
450 236
1 53 
0 
0 
0 
0 
2 192 201 
1 55 
1 368 
2 279 338 
0 
1 439 
2 307 428 
2 118 396 
0 
2 40 427 
1 200 
2 32 279 
1 375 
0 
3 39 281 360 
0 
0 
1 211 
1 358 
1 392 
2 293 397 
4 96 144 211 379 
1 421 
1 221 
2 191 229 
1 306 
1 383 
2 16 137 
1 332 
0 
0 
1 323 
0 
2 187 347 
1 19 
1 14 
1 92 
1 426 
2 145 364 
2 334 361 
1 228 
0 
0 
1 378 
1 279 
2 236 272 
1 395 
0 
3 0 339 436 
1 266 
1 6 
1 172 
0 
2 170 218 
1 417 
1 329 
1 189 
0 
1 413 
0 
0 
0 
2 124 235 
1 363 
0 
0 
1 345 
0 
0 
0 
0 
2 184 294 
0 
0 
1 177 
0 
1 188 
0 
2 380 397 
0 
0 
2 111 203 
1 270 
2 222 429 
0 
0 
0 
5 41 227 387 395 398 
1 440 
3 199 313 423 
0 
2 26 222 
1 354 
1 224 
1 357 
1 252 
1 222 
0 
2 313 432 
0 
2 255 325 
1 159 
0 
1 375 
0 
0 
1 86 
0 
1 141 
0 
1 189 
2 190 286 
0 
1 12 
0 
0 
0 
0 
0 
2 67 332 
1 422 
3 352 420 433 
1 410 
3 211 328 404 
1 334 
0 
1 446 
2 205 252 
2 247 343 
0 
0 
1 249 
2 32 345 
1 139 
1 138 
2 157 261 
2 113 335 
0 
1 216 
2 26 379 
1 43 
0 
0 
0 
0 
0 
0 
2 307 424 
1 383 
0 
1 229 
1 410 
1 140 
0 
3 106 284 373 
0 
0 
0 
1 201 
1 264 
0 
2 306 324 
2 204 278 
2 260 413 
0 
1 58 
2 175 412 
3 56 257 422 
1 287 
0 
1 171 
0 
2 79 228 
0 
0 
0 
1 192 
0 
1 376 
2 76 286 
1 399 
1 432 
1 38 
1 81 
4 61 115 333 342 
2 116 440 
1 29 
2 5 181 
0 
1 276 
0 
1 327 
1 358 
0 
2 94 405 
1 15 
2 5 163 
0 
1 86 
4 167 251 299 360 
1 132 
0 
0 
1 242 
1 439 
0 
3 22 26 128 
1 317 
2 352 358 
0 
0 
1 143 
0 
4 58 233 371 389 
0 
0 
1 28 
4 88 96 101 401 
0 
1 98 
0 
1 272 
3 92 232 248 
2 45 177 
3 29 155 379 
1 371 
1 396 
4 227 273 373 427 
1 218 
0 
1 67 
3 50 323 438 
1 348 
0 
1 436 
0 
0 
1 208 
0 
1 296 
2 359 389 
0 
1 133 
1 227 
1 136 
1 254 
1 204 
2 100 132 
0 
2 250 341 
2 105 357 
1 402 
2 172 293 
0 
1 260 
3 168 259 339 
2 140 434 
0 
0 
2 164 388 
1 410 
2 54 317 
1 403 
1 413 
0 
2 87 325 
0 
3 50 226 311 
1 232 
0 
2 358 429 
2 194 295 
2 333 334 
1 167 
3 8 16 49 
0 
2 19 313 
0 
1 346 
1 159 
0 
2 116 184 
1 173 
0 
0 
0 
0 
1 393 
2 25 257 
1 76 
1 276 
1 244 
0 
0 
1 204 
1 312 
1 314 
0 
0 
0 
0 
3 30 166 345 
2 11 152 
0 
1 433 
1 383 
1 272 
4 300 353 358 435 
4 94 103 281 332 
1 301 
1 372 
1 329 
2 212 266 
0 
0 
0 
0 
0 
2 36 236 
1 166 
2 105 270 
1 444 
2 196 439 
1 128 
2 60 316 
0 
0 
3 33 124 313 
2 189 277 
3 44 129 277 
1 141 
0 
0 
1 8 
2 53 260 
0 
1 254 
2 189 344 
1 133 
1 342 
3 71 137 306 
1 283 
2 38 439 
1 237 
1 445 
0 
0 
2 126 213 
1 312 
1 97 
0 
0 
2 99 255 
7 23 197 213 275 312 389 442 
1 245 
3 19 204 364 
1 44 
0 
2 68 427 
2 43 360 
0 
0 
0 
2 7 371 
0 
0 
3 218 230 368 
1 315 
2 159 232 
1 394 
2 17 108 
1 183 
0 
2 48 390 
3 26 144 229 
1 83 
0 
0 
3 31 153 310 
0 
0 
0 
1 92 
1 264 
3 218 245 358 
1 378 
0 
1 24 
1 292 
1 374 
2 51 92 
2 12 231 
2 25 83 
1 92 
1 185 
0 
1 222 
2 256 440 
1 267 
1 128 
2 199 417 
0 
0 
0 
0 
3 127 156 265 
0 
1 171 
4 63 168 268 425 
0 
0 
0 
2 59 405 
0 
0 
1 126 
2 27 428 
2 125 172 
1 94 
1 152 
1 413 
1 42 
3 14 232 363 
2 11 421 
2 88 275 
0 
0 
2 103 186 
2 126 309 
1 261 
1 312 
2 53 239 
0 
1 236 
4 10 209 327 347 
3 93 190 402 
0 
1 358 
0 
1 326 
1 349 
1 131 
0 
0 
0 
