470 254
0 
2 136 239 
2 214 231 
1 143 
1 349 
0 
1 309 
0 
0 
0 
1 367 
2 294 358 
2 73 275 
1 231 
1 349 
1 299 
0 
1 53 
0 
0 
0 
1 461 
1 62 
3 244 399 436 
1 217 
1 182 
1 221 
3 165 202 367 
2 326 394 
1 58 
1 178 
2 208 327 
0 
2 46 446 
0 
0 
2 108 350 
0 
1 100 
2 114 189 
0 
0 
0 
0 
0 
4 62 143 323 400 
2 33 392 
2 165 295 
2 94 358 
0 
1 397 
2 257 282 
0 
1 17 
0 
1 237 
1 368 
1 85 
1 29 
2 220 319 
0 
4 164 309 399 464 
3 22 45 421 
2 106 304 
0 
2 178 344 
0 
1 261 
0 
1 91 
0 
2 104 460 
1 286 
1 12 
0 
1 336 
1 133 
1 275 
3 163 269 324 
2 100 416 
2 129 207 
1 203 
2 138 162 
1 272 
0 
1 57 
1 302 
1 289 
1 377 
0 
0 
2 69 193 
4 361 369 430 432 
0 
2 48 336 
1 427 
0 
0 
0 
3 132 207 353 
2 38 79 
0 
1 218 
0 
3 71 342 444 
0 
2 63 125 
1 433 
1 36 
0 
0 
0 
1 243 
1 407 
1 39 
2 340 346 
2 240 419 
0 
1 173 
0 
1 138 
0 
0 
1 353 
2 142 266 
1 106 
2 200 331 
0 
1 393 
1 80 
1 204 
2 180 204 
2 99 148 
1 76 
3 231 245 408 
2 299 345 
4 1 212 379 436 
0 
2 82 120 
0 
0 
2 163 217 
5 124 150 289 416 434 
2 3 45 
1 407 
0 
0 
0 
1 132 
4 268 291 294 434 
2 142 167 
0 
1 361 
1 438 
0 
0 
0 
1 337 
0 
1 274 
0 
0 
1 82 
2 78 141 
1 61 
3 27 47 259 
2 176 454 
1 150 
0 
1 468 
0 
0 
0 
2 118 418 
2 327 418 
0 
3 166 218 219 
2 255 300 
2 30 65 
0 
1 131 
1 215 
1 25 
0 
1 462 
0 
0 
1 327 
1 299 
1 39 
2 264 456 
2 265 292 
1 415 
2 91 337 
0 
0 
0 
1 434 
0 
1 312 
4 126 205 375 401 
0 
1 27 
1 81 
2 130 131 
2 200 364 
0 
3 80 99 364 
1 31 
1 379 
0 
0 
1 136 
0 
2 2 345 
3 181 358 465 
0 
2 24 141 
3 102 176 402 
1 176 
1 59 
1 26 
1 239 
0 
1 229 
0 
0 
0 
1 316 
2 224 259 
0 
3 2 13 134 
0 
1 401 
0 
1 325 
1 348 
1 55 
0 
3 1 222 308 
2 116 436 
0 
0 
1 112 
2 23 353 
1 134 
0 
0 
0 
1 288 
0 
3 310 361 420 
0 
1 382 
0 
2 177 292 
1 260 
3 51 302 467 
0 
3 165 229 262 
2 256 419 
1 67 
2 259 460 
1 334 
1 190 
1 191 
1 124 
0 
1 149 
3 78 352 463 
0 
2 390 399 
1 83 
0 
2 159 360 
3 12 77 298 
0 
1 436 
0 
2 314 333 
0 
1 442 
1 51 
0 
0 
1 458 
2 72 405 
0 
1 249 
4 87 142 375 442 
0 
1 149 
3 191 255 383 
0 
3 11 149 306 
2 47 415 
0 
1 439 
2 275 464 
3 15 135 188 
2 177 350 
0 
2 86 257 
0 
2 63 329 
0 
1 294 
2 313 465 
1 239 
2 6 61 
2 251 386 
0 
1 199 
1 307 
1 279 
1 462 
2 228 379 
0 
1 403 
2 59 378 
1 466 
0 
0 
2 45 374 
1 78 
2 235 360 
2 28 413 
3 31 174 187 
0 
1 304 
1 399 
1 126 
1 409 
1 279 
2 263 377 
0 
2 75 94 
2 157 193 
0 
0 
1 115 
0 
1 104 
0 
1 65 
2 135 214 
1 115 
0 
1 236 
2 4 14 
2 36 300 
0 
1 269 
5 99 123 244 371 380 
0 
1 448 
0 
0 
3 11 48 215 
0 
2 274 325 
3 92 152 251 
0 
0 
2 205 207 
0 
2 367 426 
3 10 27 366 
1 56 
1 92 
0 
1 353 
0 
0 
1 323 
2 200 289 
1 431 
2 88 334 
1 319 
4 136 209 316 464 
1 353 
1 408 
2 253 448 
1 292 
0 
0 
2 310 388 
0 
1 386 
0 
1 271 
0 
2 46 426 
1 128 
1 28 
0 
0 
2 50 443 
0 
4 23 61 271 330 
1 45 
2 200 233 
1 218 
1 318 
1 439 
1 286 
0 
2 113 144 
3 134 381 436 
1 332 
0 
0 
0 
1 326 
0 
2 192 295 
2 79 142 
1 460 
2 173 174 
2 116 260 
1 251 
1 62 
0 
0 
0 
0 
2 366 392 
1 95 
0 
1 439 
1 92 
1 376 
1 92 
1 107 
3 142 149 197 
1 462 
5 23 136 240 277 408 
0 
2 153 445 
3 297 404 429 
0 
0 
2 281 289 
1 397 
1 104 
1 438 
1 33 
0 
2 355 382 
0 
0 
0 
0 
0 
1 166 
0 
1 190 
0 
1 285 
0 
3 71 262 417 
1 21 
3 184 315 435 
1 269 
3 61 298 379 
2 215 307 
1 320 
1 257 
1 169 
0 
470 262
0 
1 178 
1 284 
1 277 
4 137 241 363 411 
2 14 182 
2 183 404 
2 332 370 
1 405 
1 440 
1 152 
1 305 
0 
0 
2 5 170 
1 403 
1 110 
0 
1 179 
0 
3 21 146 365 
3 20 292 319 
1 143 
0 
0 
2 164 465 
2 378 414 
0 
1 52 
2 349 446 
1 232 
0 
1 50 
2 395 443 
0 
2 163 464 
1 279 
0 
1 413 
0 
0 
1 371 
1 55 
1 138 
0 
1 408 
0 
0 
0 
1 436 
2 32 127 
0 
2 28 288 
0 
1 205 
1 42 
2 303 320 
0 
2 303 395 
1 414 
1 318 
1 117 
0 
0 
4 131 291 299 302 
2 296 410 
2 121 231 
1 335 
1 418 
1 239 
1 323 
1 169 
1 90 
0 
2 83 202 
2 320 390 
1 174 
0 
1 290 
0 
0 
0 
1 192 
1 74 
1 138 
2 88 184 
0 
0 
1 85 
0 
1 72 
0 
1 198 
0 
3 114 182 195 
4 120 242 359 435 
1 312 
0 
3 318 394 441 
1 382 
1 109 
0 
1 222 
2 264 369 
0 
2 277 381 
1 400 
0 
1 171 
2 100 279 
1 16 
0 
0 
0 
1 94 
0 
2 119 236 
2 61 139 
1 223 
2 116 347 
1 95 
2 66 397 
1 139 
0 
1 426 
1 430 
0 
3 50 354 372 
1 267 
2 190 343 
0 
2 64 265 
3 165 287 452 
1 257 
0 
0 
1 290 
1 4 
2 43 84 
3 117 122 339 
0 
1 399 
1 247 
2 22 298 
1 269 
0 
3 20 306 315 
1 350 
0 
0 
1 252 
0 
3 10 175 458 
0 
1 375 
0 
0 
0 
3 206 254 315 
0 
0 
1 240 
1 370 
1 35 
2 25 351 
3 132 318 324 
0 
0 
1 458 
3 71 296 314 
1 14 
1 108 
1 346 
0 
1 76 
4 152 230 412 428 
0 
1 415 
2 1 335 
3 18 288 382 
2 193 247 
0 
3 5 94 426 
3 6 255 377 
1 85 
1 317 
0 
0 
1 366 
2 353 383 
1 129 
0 
1 82 
1 180 
0 
2 94 467 
1 404 
2 370 453 
1 92 
1 260 
1 259 
1 274 
1 74 
1 459 
1 284 
2 54 288 
2 158 216 
1 225 
1 305 
0 
2 358 468 
2 420 421 
0 
0 
1 310 
1 422 
1 206 
0 
0 
0 
0 
1 415 
1 102 
1 118 
0 
1 207 
1 329 
1 237 
0 
0 
2 175 273 
1 66 
3 30 309 398 
2 407 412 
2 254 287 
2 362 452 
1 116 
1 227 
0 
1 69 
1 161 
2 4 459 
2 95 349 
0 
0 
0 
0 
2 142 180 
0 
1 403 
0 
0 
2 150 364 
1 355 
2 158 234 
1 183 
0 
4 133 300 353 454 
0 
2 200 357 
1 199 
1 299 
0 
1 374 
2 103 455 
1 131 
0 
1 128 
0 
1 144 
0 
0 
2 305 417 
1 230 
2 201 350 
1 411 
0 
2 3 105 
1 404 
2 36 109 
0 
2 446 458 
2 426 455 
0 
2 2 204 
0 
1 459 
3 132 234 387 
3 52 179 205 
0 
2 78 136 
1 64 
2 21 304 
1 370 
2 320 461 
0 
4 65 169 316 363 
1 434 
1 143 
3 64 261 358 
1 257 
0 
1 64 
3 56 58 349 
1 292 
5 11 208 272 376 429 
1 146 
0 
1 325 
4 232 350 446 450 
2 214 466 
0 
2 96 404 
0 
1 169 
2 146 158 
1 296 
1 185 
4 60 98 165 375 
1 21 
3 56 75 294 
2 434 449 
0 
1 70 
1 165 
1 308 
0 
1 329 
2 339 451 
2 226 327 
0 
2 370 385 
1 7 
0 
0 
2 67 178 
0 
0 
0 
3 139 328 449 
0 
0 
0 
2 129 376 
0 
0 
1 172 
1 119 
1 443 
3 29 242 303 
3 147 274 309 
2 164 385 
1 433 
2 189 257 
1 127 
1 253 
1 448 
1 259 
4 210 299 386 408 
2 95 378 
0 
1 368 
1 235 
2 4 296 
1 252 
1 20 
2 188 457 
1 441 
1 361 
2 103 376 
5 7 162 197 293 331 
1 41 
1 127 
0 
1 263 
3 154 318 450 
4 305 343 369 421 
2 183 382 
3 26 359 431 
0 
0 
1 105 
3 99 179 377 
1 189 
0 
2 331 351 
1 358 
1 287 
0 
0 
1 75 
0 
0 
0 
1 98 
2 33 58 
0 
1 121 
1 232 
1 141 
1 106 
0 
1 457 
2 15 249 
4 6 196 278 312 
1 8 
0 
1 233 
2 45 358 
0 
1 65 
2 4 275 
2 175 233 
1 38 
2 26 59 
2 177 221 
0 
1 272 
1 68 
0 
1 211 
2 211 376 
1 215 
0 
0 
0 
3 124 182 282 
0 
1 175 
1 305 
1 125 
1 378 
0 
1 352 
2 297 321 
1 95 
1 49 
0 
0 
0 
2 9 457 
2 98 367 
0 
2 33 348 
0 
0 
3 29 281 309 
0 
1 356 
2 321 339 
2 309 375 
1 328 
2 132 235 
1 197 
1 257 
2 264 282 
1 467 
3 366 402 440 
3 152 168 281 
3 203 241 286 
0 
1 294 
0 
0 
1 35 
1 25 
1 310 
2 195 456 
1 210 
0 
