480 261
0 
2 126 229 
2 194 211 
1 113 
0 
0 
1 249 
0 
0 
0 
1 267 
3 184 248 420 
1 155 
1 101 
1 209 
1 149 
1 345 
0 
0 
0 
0 
2 251 299 
1 470 
3 169 206 432 
1 386 
1 414 
2 347 384 
1 97 
3 46 114 218 
1 327 
1 465 
0 
1 162 
1 116 
0 
2 191 433 
0 
1 161 
2 164 239 
0 
0 
0 
0 
0 
4 46 127 307 384 
1 365 
4 28 44 257 477 
1 309 
0 
1 326 
2 175 200 
0 
0 
0 
1 111 
2 231 360 
0 
1 471 
1 149 
1 391 
3 117 207 272 
2 218 309 
1 90 
1 357 
1 108 
1 416 
0 
1 222 
0 
1 211 
2 158 381 
0 
0 
1 395 
1 180 
1 310 
3 186 292 347 
2 111 427 
2 128 206 
1 190 
2 113 137 
1 235 
0 
0 
1 229 
1 204 
1 280 
0 
1 450 
0 
5 62 216 224 285 287 
0 
1 167 
1 246 
0 
0 
1 285 
2 27 124 
0 
1 332 
0 
2 13 430 
0 
1 187 
0 
1 108 
0 
0 
2 64 105 
1 227 
1 378 
2 54 77 
2 285 291 
4 3 80 172 351 
2 28 443 
0 
2 33 380 
1 60 
0 
0 
3 194 328 452 
0 
1 358 
1 133 
1 97 
1 169 
2 1 306 
3 44 268 292 
2 78 222 
0 
3 277 291 454 
2 331 377 
3 230 397 454 
1 123 
0 
0 
0 
3 80 165 425 
3 223 350 368 
0 
1 313 
0 
0 
0 
3 438 461 464 
2 270 322 
0 
0 
1 155 
3 15 58 218 
0 
0 
1 387 
0 
1 294 
2 12 148 
0 
0 
1 70 
0 
2 189 409 
2 37 369 
1 32 
0 
2 38 338 
1 137 
0 
1 92 
2 228 432 
3 23 125 213 
2 291 292 
2 312 357 
1 113 
0 
0 
1 50 
0 
0 
1 407 
0 
1 74 
2 224 477 
0 
1 408 
4 11 305 392 419 
0 
3 76 232 430 
1 103 
0 
1 160 
2 79 459 
1 35 
2 303 465 
2 349 375 
2 2 120 
0 
0 
0 
1 253 
0 
2 50 219 
1 477 
0 
0 
1 85 
0 
3 23 78 353 
3 60 348 455 
0 
1 14 
1 338 
2 2 69 
0 
2 169 368 
0 
1 320 
1 90 
0 
3 28 61 149 
2 200 331 
1 255 
0 
2 67 128 
1 138 
3 90 181 321 
1 460 
1 463 
1 109 
1 168 
3 1 84 363 
2 132 471 
1 55 
1 186 
0 
1 308 
1 81 
0 
0 
1 383 
1 38 
3 363 414 473 
0 
1 393 
0 
2 261 442 
1 462 
2 93 394 
1 378 
1 11 
2 6 283 
0 
3 21 282 362 
0 
1 198 
0 
1 220 
1 470 
2 46 359 
2 462 471 
0 
0 
2 244 363 
1 278 
0 
1 370 
2 415 434 
0 
1 10 
2 127 284 
0 
1 145 
1 415 
2 60 338 
0 
1 440 
1 303 
0 
2 130 373 
2 262 446 
0 
2 86 330 
0 
2 251 304 
2 249 304 
2 268 334 
3 90 96 112 
0 
2 90 400 
0 
0 
2 303 455 
3 112 130 170 
3 76 127 170 
1 295 
1 154 
1 293 
0 
1 417 
1 306 
2 21 453 
1 399 
1 458 
0 
4 192 275 290 454 
2 282 283 
2 184 380 
3 126 298 403 
1 44 
1 234 
3 47 61 438 
1 75 
1 386 
2 171 458 
1 140 
0 
0 
0 
0 
0 
0 
1 215 
1 224 
1 145 
0 
0 
0 
1 49 
3 29 442 451 
1 120 
1 447 
1 280 
2 131 219 
1 99 
0 
1 284 
0 
0 
2 390 449 
3 164 210 272 
0 
0 
0 
0 
0 
1 463 
1 16 
0 
3 26 76 370 
2 207 360 
2 193 357 
1 138 
2 113 378 
0 
1 206 
0 
1 391 
0 
3 63 171 349 
2 122 412 
1 257 
2 55 348 
0 
2 251 410 
3 229 240 261 
1 426 
1 45 
0 
0 
2 138 213 
2 161 394 
2 264 347 
0 
0 
1 277 
1 384 
1 193 
1 419 
2 131 396 
3 110 247 351 
0 
2 116 305 
1 70 
0 
1 238 
3 26 44 374 
0 
2 24 311 
1 152 
1 475 
0 
1 337 
2 59 355 
1 184 
1 242 
2 246 369 
1 73 
1 377 
1 132 
0 
1 300 
1 287 
1 415 
0 
1 306 
0 
1 438 
1 469 
1 178 
2 183 448 
2 160 426 
2 362 424 
0 
2 358 457 
0 
2 25 240 
3 265 271 401 
1 65 
1 297 
0 
2 184 376 
2 11 421 
1 420 
0 
1 471 
1 410 
1 137 
2 364 409 
1 77 
0 
0 
2 101 186 
1 449 
3 23 168 440 
1 35 
1 265 
0 
0 
0 
3 144 309 405 
0 
2 274 432 
0 
2 244 327 
1 114 
1 450 
0 
1 278 
1 329 
1 408 
2 337 431 
2 88 444 
1 327 
1 120 
1 299 
3 130 132 303 
2 207 290 
0 
1 412 
2 301 312 
1 190 
1 225 
1 144 
2 245 258 
3 226 344 470 
1 144 
2 30 192 
0 
0 
0 
1 406 
3 22 256 463 
4 57 230 258 423 
0 
1 240 
0 
1 388 
0 
3 46 181 201 
0 
0 
480 265
1 42 
1 175 
0 
1 455 
0 
1 193 
0 
1 380 
0 
2 180 305 
3 55 430 457 
1 260 
0 
0 
1 218 
3 55 411 447 
0 
1 43 
2 319 416 
1 181 
1 415 
0 
1 281 
1 462 
1 308 
1 102 
0 
1 194 
0 
0 
2 89 200 
1 261 
0 
0 
1 42 
0 
0 
1 427 
1 96 
0 
1 213 
0 
3 0 34 86 
1 17 
2 140 157 
0 
2 96 188 
1 185 
2 67 274 
0 
0 
4 219 379 387 390 
2 361 475 
2 163 273 
1 354 
3 10 15 414 
1 212 
1 273 
2 96 414 
0 
2 359 478 
0 
3 155 225 402 
0 
1 470 
0 
0 
1 48 
1 276 
0 
1 174 
2 100 196 
0 
0 
0 
0 
0 
0 
0 
3 309 377 390 
1 290 
3 131 207 457 
0 
1 413 
3 94 141 452 
1 154 
1 42 
1 217 
2 234 339 
1 30 
2 197 301 
1 295 
1 402 
0 
2 84 99 
0 
3 38 46 58 
0 
0 
1 94 
3 71 142 259 
1 136 
2 25 194 
1 292 
0 
2 290 379 
0 
0 
1 241 
1 219 
2 459 477 
1 345 
2 241 394 
0 
1 262 
3 135 257 422 
1 200 
0 
0 
1 152 
0 
1 477 
0 
0 
2 126 301 
1 324 
2 124 267 
0 
2 248 257 
1 264 
0 
2 81 429 
0 
1 294 
1 232 
2 115 436 
1 101 
0 
0 
3 151 199 260 
1 44 
2 84 435 
1 100 
1 199 
1 456 
2 393 399 
0 
0 
1 443 
2 251 269 
0 
1 139 
2 119 211 
0 
2 85 329 
3 62 187 203 
1 452 
2 44 341 
3 263 357 457 
1 191 
0 
2 308 423 
1 228 
2 53 421 
0 
0 
1 374 
2 329 359 
0 
0 
0 
0 
0 
2 251 461 
3 70 394 477 
1 1 
1 218 
2 184 467 
0 
0 
3 9 285 375 
2 19 345 
1 239 
1 214 
2 177 260 
1 47 
2 245 355 
3 155 273 274 
1 46 
1 350 
1 427 
1 159 
0 
1 5 
2 27 102 
0 
2 71 210 
1 90 
0 
2 139 143 
4 30 116 227 377 
0 
0 
2 155 302 
0 
2 264 353 
4 325 330 407 440 
2 81 477 
1 296 
0 
1 196 
1 152 
1 56 
3 40 346 463 
1 183 
0 
0 
1 87 
2 14 176 
2 51 109 
1 244 
0 
1 344 
1 295 
0 
1 62 
2 332 385 
2 200 234 
2 162 307 
1 416 
0 
1 407 
2 134 446 
0 
2 88 227 
0 
0 
0 
1 439 
2 182 311 
1 396 
3 108 112 413 
0 
0 
2 220 274 
1 186 
2 416 428 
2 351 380 
1 128 
0 
1 432 
3 149 173 314 
0 
0 
1 448 
1 466 
1 368 
3 115 128 287 
2 268 315 
2 100 338 
3 11 139 184 
1 31 
1 114 
2 158 394 
2 129 205 
2 321 374 
0 
2 126 331 
4 258 305 401 405 
2 149 370 
1 414 
0 
0 
3 53 57 187 
3 48 187 244 
1 276 
2 68 275 
2 377 392 
0 
0 
0 
2 22 341 
2 295 407 
0 
2 352 367 
1 180 
0 
1 257 
0 
0 
3 80 105 350 
0 
2 103 412 
0 
1 133 
3 91 223 282 
2 208 356 
1 473 
1 457 
0 
0 
3 90 124 393 
3 203 377 479 
0 
1 335 
2 9 268 
0 
1 228 
3 24 161 345 
2 79 311 
0 
2 239 309 
1 460 
2 358 411 
2 251 386 
1 258 
0 
0 
0 
1 18 
0 
1 265 
0 
0 
1 125 
1 206 
1 394 
0 
0 
2 154 167 
1 206 
1 267 
1 226 
0 
0 
1 304 
0 
0 
2 259 441 
1 88 
0 
3 157 281 362 
1 432 
0 
2 222 402 
3 111 181 308 
1 213 
0 
0 
0 
2 189 290 
1 247 
2 284 377 
1 205 
2 54 464 
1 186 
1 296 
1 158 
2 313 440 
2 60 167 
0 
1 52 
1 341 
0 
0 
0 
0 
2 284 388 
1 256 
0 
1 269 
0 
1 450 
0 
3 166 265 402 
2 180 397 
1 450 
6 79 200 277 302 352 416 
0 
3 51 105 442 
2 7 247 
0 
0 
0 
0 
2 226 430 
1 314 
1 51 
1 367 
0 
2 51 79 
1 431 
2 277 471 
2 145 301 
4 112 174 263 326 
0 
1 240 
1 375 
0 
1 145 
0 
1 268 
4 62 92 344 374 
0 
0 
1 268 
0 
4 206 231 282 409 
0 
2 407 416 
0 
2 15 313 
2 292 479 
2 83 241 
3 55 58 270 
1 20 
5 18 229 246 377 409 
0 
0 
0 
1 457 
1 163 
1 115 
1 161 
0 
0 
0 
2 37 190 
1 246 
1 131 
2 10 385 
1 391 
2 250 342 
1 451 
0 
1 141 
1 135 
0 
0 
1 238 
2 206 358 
1 338 
1 379 
2 148 459 
0 
1 464 
1 232 
1 15 
1 254 
0 
2 372 376 
1 433 
2 84 156 
0 
0 
1 3 
2 144 475 
5 10 81 158 298 420 
1 468 
2 110 443 
1 312 
1 173 
1 23 
1 213 
2 354 445 
0 
2 255 468 
1 177 
2 458 466 
0 
1 64 
1 392 
0 
1 297 
0 
2 52 456 
0 
4 110 121 174 207 
1 60 
2 302 412 
