50 23
1 38 
2 17 47 
0 
0 
2 14 30 
2 12 33 
1 37 
0 
0 
1 28 
0 
0 
2 5 15 
1 49 
2 4 23 
1 12 
1 17 
3 1 16 27 
0 
0 
1 25 
0 
1 46 
1 14 
0 
3 20 36 43 
0 
2 17 31 
1 9 
0 
1 4 
1 27 
0 
1 5 
0 
1 47 
1 25 
2 6 39 
2 0 45 
1 37 
0 
0 
0 
2 25 47 
0 
1 38 
1 22 
3 1 35 43 
0 
1 13 
50 22
1 25 
0 
1 22 
1 31 
1 7 
3 7 22 35 
2 9 46 
2 4 5 
0 
1 6 
1 31 
0 
0 
0 
1 17 
0 
0 
1 14 
1 30 
2 25 26 
0 
0 
3 2 5 28 
0 
0 
2 0 19 
1 19 
1 45 
1 22 
2 39 46 
1 18 
2 3 10 
1 49 
0 
0 
1 5 
0 
0 
2 39 40 
2 29 38 
1 38 
0 
1 47 
0 
0 
1 27 
2 6 29 
1 42 
0 
1 32 
