540 275
3 361 432 523 
0 
1 129 
0 
2 313 325 
0 
2 487 505 
0 
2 202 443 
1 373 
1 117 
0 
0 
1 161 
0 
0 
1 200 
1 412 
0 
0 
1 477 
3 34 151 351 
3 60 361 515 
4 34 61 102 280 
1 202 
0 
0 
0 
1 491 
0 
0 
0 
0 
2 429 465 
2 21 23 
0 
0 
3 69 312 359 
0 
2 270 511 
0 
0 
2 320 539 
2 82 511 
1 72 
0 
1 222 
0 
0 
0 
0 
0 
2 60 529 
0 
1 195 
1 371 
1 66 
0 
0 
0 
3 22 52 463 
1 23 
0 
0 
1 378 
0 
6 56 92 99 136 466 507 
1 130 
0 
2 37 183 
2 494 510 
0 
4 44 130 405 440 
4 84 165 291 384 
1 235 
0 
2 182 475 
3 145 302 307 
1 245 
0 
2 91 421 
0 
1 43 
0 
2 73 158 
2 220 419 
0 
1 520 
1 377 
1 254 
3 307 311 354 
1 80 
1 66 
3 96 191 401 
1 409 
1 357 
2 93 174 
0 
0 
3 66 423 501 
0 
0 
1 23 
1 369 
0 
2 165 411 
3 437 460 507 
1 491 
1 481 
0 
2 154 321 
1 421 
1 418 
0 
0 
4 257 302 312 377 
1 239 
2 10 128 
0 
2 282 500 
1 475 
0 
3 321 385 535 
3 210 248 418 
0 
0 
0 
1 230 
1 117 
2 2 170 
2 67 72 
0 
1 324 
2 355 429 
1 389 
0 
1 66 
1 379 
0 
0 
1 397 
2 183 184 
1 329 
2 145 518 
0 
4 77 143 174 451 
0 
0 
1 410 
0 
1 162 
1 21 
1 381 
0 
3 110 214 495 
2 319 348 
0 
0 
2 84 473 
0 
1 225 
2 13 297 
1 150 
1 377 
0 
2 73 105 
0 
1 286 
1 256 
0 
3 129 372 416 
0 
1 201 
0 
2 96 145 
2 263 326 
1 510 
1 409 
0 
2 197 503 
1 300 
0 
2 76 429 
2 69 141 
1 141 
2 304 536 
0 
0 
0 
0 
1 294 
1 93 
2 217 523 
0 
0 
1 54 
1 260 
1 179 
1 236 
1 484 
2 16 298 
2 172 299 
3 8 24 399 
0 
1 525 
1 207 
0 
2 205 450 
1 228 
0 
1 123 
0 
2 326 423 
0 
2 154 253 
1 249 
1 343 
1 192 
1 232 
1 539 
2 85 278 
0 
2 46 311 
1 251 
0 
2 160 424 
0 
0 
3 208 281 371 
0 
2 127 240 
0 
4 218 300 460 473 
0 
2 282 453 
2 74 278 
2 198 267 
1 451 
1 262 
1 116 
1 230 
0 
0 
0 
1 430 
2 78 263 
0 
1 428 
2 123 440 
2 215 310 
1 519 
1 223 
0 
2 214 497 
1 89 
0 
1 168 
1 115 
0 
2 431 502 
2 196 275 
0 
1 238 
2 175 245 
0 
0 
1 493 
1 236 
0 
0 
2 39 298 
2 396 505 
0 
0 
0 
3 260 404 495 
1 477 
0 
3 220 235 384 
0 
1 23 
1 228 
2 119 234 
0 
1 381 
0 
1 167 
0 
0 
1 387 
0 
3 73 328 445 
0 
0 
1 190 
0 
0 
1 161 
2 200 270 
2 201 512 
3 180 232 430 
1 376 
3 77 115 402 
0 
3 185 353 440 
0 
0 
2 77 90 
1 438 
1 535 
1 249 
2 90 222 
2 37 115 
2 4 489 
0 
0 
1 389 
0 
1 512 
2 155 378 
1 42 
4 110 122 394 443 
0 
1 446 
1 132 
1 4 
3 175 212 389 
1 342 
1 291 
2 142 432 
0 
0 
1 525 
0 
2 366 453 
0 
1 386 
1 420 
1 444 
0 
0 
0 
1 327 
2 216 409 
0 
1 424 
1 462 
0 
1 155 
0 
1 388 
1 21 
0 
1 304 
1 90 
1 133 
0 
1 95 
0 
1 37 
0 
2 0 22 
0 
0 
1 392 
0 
2 334 484 
0 
0 
1 103 
2 387 451 
2 55 228 
1 170 
3 9 393 440 
0 
1 402 
1 301 
3 88 115 163 
2 64 319 
1 137 
0 
3 152 284 524 
0 
0 
2 73 278 
1 122 
1 336 
2 289 370 
1 350 
3 134 316 326 
0 
0 
2 364 527 
1 373 
1 321 
1 516 
1 271 
1 140 
1 509 
1 202 
0 
1 93 
2 302 375 
1 459 
1 275 
1 72 
1 412 
0 
0 
6 94 177 343 466 520 533 
2 148 425 
2 105 498 
2 17 406 
0 
1 459 
0 
1 170 
0 
2 112 123 
1 85 
1 337 
2 80 111 
0 
2 99 212 
2 225 345 
1 410 
0 
0 
2 247 450 
3 33 133 182 
2 244 300 
1 259 
2 0 329 
0 
0 
0 
1 444 
1 106 
1 308 
0 
4 72 248 304 373 
1 511 
1 466 
2 8 321 
2 338 436 
1 291 
1 323 
0 
0 
1 458 
2 207 428 
3 145 237 370 
1 510 
2 234 334 
0 
0 
0 
0 
1 449 
3 403 414 509 
2 106 232 
0 
1 346 
2 60 508 
0 
1 33 
3 66 409 442 
0 
0 
0 
0 
0 
0 
2 158 232 
0 
3 76 120 518 
0 
2 20 276 
0 
0 
0 
1 108 
0 
0 
2 199 366 
0 
0 
1 6 
0 
1 313 
0 
2 28 107 
0 
1 266 
1 70 
2 154 275 
0 
1 253 
1 411 
0 
1 119 
1 99 
1 259 
1 179 
0 
2 6 271 
0 
2 66 106 
1 463 
2 398 459 
4 70 176 452 526 
3 39 43 441 
2 299 318 
0 
0 
1 22 
1 395 
1 524 
2 143 475 
1 250 
2 87 409 
0 
0 
2 0 192 
2 381 517 
2 204 332 
1 510 
1 392 
0 
1 52 
0 
1 536 
0 
1 409 
0 
2 122 309 
2 185 531 
0 
0 
2 42 219 
540 281
0 
1 90 
1 131 
0 
3 348 377 491 
0 
0 
0 
0 
2 404 473 
2 26 388 
1 528 
1 296 
1 263 
2 307 431 
1 532 
0 
1 378 
1 74 
2 85 167 
2 107 215 
1 370 
2 349 395 
1 398 
1 127 
0 
1 10 
1 97 
0 
1 379 
1 485 
0 
0 
2 236 532 
0 
1 163 
0 
2 460 509 
1 473 
1 149 
1 201 
1 486 
1 185 
2 148 255 
0 
2 384 507 
0 
2 163 195 
1 198 
1 283 
0 
0 
1 314 
1 127 
0 
2 84 249 
1 502 
0 
1 346 
1 190 
4 259 286 416 513 
1 88 
0 
0 
0 
0 
2 358 523 
0 
1 167 
2 197 410 
1 216 
3 143 251 262 
1 277 
0 
3 18 112 339 
0 
1 182 
2 509 518 
0 
1 313 
0 
1 249 
1 92 
0 
2 55 247 
3 19 317 320 
0 
0 
3 61 97 152 
1 522 
2 1 161 
0 
2 82 321 
1 438 
1 439 
2 229 450 
0 
3 27 88 483 
2 393 487 
0 
2 101 166 
1 100 
1 462 
1 398 
0 
0 
1 518 
2 20 201 
2 152 257 
0 
1 477 
0 
3 74 344 399 
0 
1 309 
1 498 
1 236 
0 
1 163 
0 
0 
0 
0 
1 304 
0 
0 
0 
2 24 53 
0 
0 
0 
2 2 454 
1 399 
1 234 
0 
0 
1 512 
0 
1 392 
0 
0 
0 
0 
2 71 345 
2 236 357 
0 
1 315 
1 239 
2 43 438 
3 39 204 355 
1 427 
1 388 
2 88 108 
1 197 
0 
0 
0 
0 
0 
0 
0 
2 90 522 
1 326 
6 35 47 118 303 418 534 
0 
0 
3 100 372 485 
4 19 68 438 510 
0 
0 
2 354 507 
0 
2 371 395 
2 265 398 
1 458 
1 528 
1 512 
3 416 445 471 
2 442 448 
0 
0 
0 
4 76 363 375 424 
1 435 
2 271 453 
2 42 460 
1 291 
2 204 334 
4 309 320 331 466 
0 
2 59 265 
3 210 300 483 
0 
1 200 
0 
1 47 
1 280 
3 69 153 270 
1 48 
0 
1 193 
4 40 107 460 466 
0 
1 311 
3 149 187 486 
0 
1 349 
0 
0 
0 
1 191 
0 
2 361 523 
0 
2 226 244 
1 20 
2 70 337 
0 
0 
2 267 532 
1 459 
1 485 
0 
1 325 
1 426 
1 483 
1 214 
1 467 
1 290 
1 95 
1 419 
1 307 
1 376 
0 
1 133 
1 396 
4 33 116 144 350 
1 384 
0 
2 147 426 
0 
2 383 407 
0 
0 
1 214 
0 
0 
1 84 
1 398 
2 55 81 
1 494 
1 71 
0 
1 523 
1 356 
1 43 
1 432 
1 108 
0 
2 60 515 
0 
2 329 459 
1 71 
2 13 536 
0 
2 173 190 
1 339 
1 219 
1 438 
0 
2 197 363 
1 184 
0 
0 
1 506 
0 
0 
1 72 
0 
1 482 
1 196 
1 538 
0 
2 49 415 
0 
2 389 497 
1 60 
0 
0 
0 
2 228 305 
1 186 
0 
0 
1 399 
1 441 
2 12 354 
0 
0 
1 403 
1 191 
1 486 
0 
1 163 
2 123 446 
1 290 
0 
3 14 231 514 
0 
4 114 188 368 466 
0 
1 203 
0 
1 79 
1 52 
1 146 
1 361 
3 85 340 442 
0 
0 
2 85 188 
1 92 
1 377 
1 432 
0 
1 223 
2 162 500 
0 
0 
2 261 429 
0 
2 188 444 
0 
1 531 
2 187 474 
1 442 
0 
1 216 
0 
2 74 266 
1 317 
1 506 
0 
0 
2 112 377 
2 143 485 
1 58 
2 403 453 
1 4 
2 22 206 
1 236 
0 
0 
0 
3 170 296 518 
3 149 459 502 
1 254 
2 144 538 
1 66 
0 
1 514 
2 212 316 
0 
2 182 270 
0 
2 413 446 
1 501 
0 
2 309 524 
0 
2 21 436 
1 172 
2 166 398 
0 
0 
1 182 
2 232 413 
3 4 322 344 
1 17 
1 29 
0 
0 
0 
1 241 
2 45 237 
0 
0 
0 
3 10 151 426 
2 285 405 
0 
0 
1 138 
1 98 
0 
3 22 172 492 
2 235 408 
2 446 463 
5 23 103 173 248 372 
4 112 132 294 454 
0 
0 
0 
2 299 347 
1 9 
2 389 515 
1 437 
1 241 
1 396 
1 420 
1 69 
0 
0 
2 365 376 
0 
1 283 
3 60 177 443 
0 
1 163 
1 230 
1 409 
0 
1 463 
1 509 
1 182 
0 
4 224 239 388 449 
1 150 
0 
2 329 488 
0 
1 14 
2 256 323 
0 
0 
1 183 
1 370 
1 406 
5 93 148 167 268 467 
2 94 487 
0 
1 295 
3 178 317 335 
2 416 444 
2 331 443 
1 177 
3 304 365 397 
0 
1 178 
1 426 
2 95 468 
0 
0 
2 184 347 
2 131 399 
0 
0 
0 
1 174 
3 220 261 355 
3 37 185 201 
0 
1 102 
2 397 422 
0 
0 
3 188 201 309 
4 227 438 473 481 
1 450 
0 
1 497 
3 177 486 507 
0 
3 9 38 467 
1 334 
0 
0 
1 110 
0 
0 
0 
1 467 
2 279 516 
5 97 191 225 492 513 
0 
4 30 166 221 345 
4 41 204 301 471 
2 98 439 
1 429 
0 
1 535 
1 4 
2 395 483 
0 
1 250 
0 
0 
2 285 470 
1 115 
0 
1 326 
1 366 
2 56 355 
0 
0 
0 
2 274 341 
3 45 170 471 
0 
3 37 77 423 
1 167 
0 
2 136 176 
2 60 483 
2 307 360 
2 259 405 
1 482 
0 
3 77 106 354 
0 
0 
0 
2 89 161 
4 66 212 253 537 
1 368 
0 
0 
0 
2 11 175 
0 
0 
1 333 
3 15 33 219 
0 
1 163 
1 490 
1 263 
1 523 
2 281 357 
0 
