560 282
2 432 523 
0 
1 89 
0 
2 233 245 
0 
2 367 385 
0 
2 42 283 
2 193 466 
0 
0 
1 447 
0 
0 
1 423 
0 
1 72 
0 
0 
4 77 152 269 469 
2 157 458 
4 110 137 178 356 
1 257 
0 
0 
0 
1 462 
0 
0 
0 
0 
2 295 331 
0 
0 
1 374 
2 94 141 
1 531 
1 251 
0 
1 515 
2 216 255 
3 8 167 223 
0 
1 329 
0 
0 
0 
0 
1 544 
1 504 
0 
1 126 
2 280 458 
0 
0 
0 
0 
1 262 
0 
0 
0 
0 
3 254 261 298 
3 133 174 269 
0 
1 276 
0 
2 73 89 
3 154 429 464 
3 85 292 385 
1 213 
1 17 
4 68 114 407 539 
2 211 216 
1 131 
1 413 
2 20 261 
0 
0 
1 384 
1 422 
1 144 
0 
2 199 507 
2 70 360 
3 389 393 436 
0 
0 
5 2 68 106 201 411 
1 395 
1 319 
1 112 
0 
1 36 
2 289 367 
0 
0 
0 
1 139 
1 345 
1 133 
3 135 158 205 
1 165 
1 131 
2 209 376 
2 89 451 
1 423 
0 
0 
4 22 187 242 307 
2 144 455 
1 92 
1 557 
2 73 330 
1 280 
1 518 
4 140 290 381 419 
1 148 
0 
0 
1 297 
0 
1 185 
0 
0 
2 52 261 
1 340 
1 274 
0 
0 
3 75 104 186 
0 
3 64 101 551 
2 310 311 
2 102 429 
1 218 
2 22 169 
2 193 470 
1 99 
1 117 
2 36 348 
1 462 
0 
2 82 111 
1 211 
1 402 
3 271 479 508 
1 118 
0 
1 549 
0 
2 20 245 
0 
1 69 
1 313 
0 
1 21 
2 102 510 
1 451 
0 
2 509 553 
0 
1 280 
0 
1 103 
2 255 318 
2 42 473 
1 343 
2 137 462 
2 379 535 
0 
0 
1 218 
1 64 
1 389 
1 238 
0 
1 22 
0 
0 
1 469 
1 398 
0 
0 
2 123 388 
1 131 
2 110 302 
1 519 
1 302 
1 272 
1 341 
0 
4 9 138 405 421 
0 
0 
2 237 346 
0 
0 
1 84 
2 316 413 
2 89 536 
1 499 
0 
1 205 
2 102 204 
0 
2 305 363 
0 
2 105 330 
1 237 
2 74 145 
1 344 
1 71 
2 446 536 
0 
3 41 74 337 
0 
5 136 173 329 489 502 
0 
2 414 543 
1 497 
0 
3 42 310 422 
0 
0 
0 
0 
0 
2 380 507 
0 
0 
1 273 
3 4 250 410 
0 
1 259 
0 
3 196 210 453 
1 176 
0 
0 
0 
3 110 487 558 
1 294 
0 
2 4 152 
0 
0 
0 
1 290 
1 233 
1 38 
1 253 
3 252 313 422 
1 63 
2 41 166 
1 471 
3 23 260 505 
0 
1 235 
1 257 
3 63 77 126 
1 58 
0 
1 391 
0 
0 
0 
1 487 
2 20 64 
2 346 463 
1 147 
1 190 
1 232 
1 128 
0 
1 66 
1 483 
2 359 543 
1 526 
3 53 115 163 
1 478 
0 
1 8 
0 
1 304 
1 358 
0 
0 
2 95 409 
2 117 249 
1 444 
1 70 
1 477 
2 243 298 
3 32 487 536 
0 
2 121 447 
2 63 294 
0 
1 417 
0 
3 187 189 413 
0 
1 285 
2 207 365 
1 451 
2 110 539 
1 524 
1 499 
2 134 223 
1 134 
0 
3 155 253 464 
0 
1 379 
2 200 367 
0 
1 166 
2 91 332 
0 
0 
0 
0 
0 
0 
0 
0 
0 
3 44 218 532 
2 114 209 
2 32 514 
1 319 
0 
2 421 485 
0 
2 481 528 
1 216 
1 376 
0 
1 127 
1 191 
0 
2 168 371 
1 212 
1 100 
2 196 270 
0 
1 141 
0 
0 
1 354 
0 
1 365 
1 351 
1 375 
1 22 
0 
2 286 409 
1 278 
2 85 365 
0 
4 417 471 484 505 
2 207 510 
0 
4 305 353 360 460 
0 
3 6 95 316 
0 
0 
0 
1 343 
0 
0 
2 35 395 
1 355 
2 105 338 
0 
1 511 
2 170 315 
1 229 
2 117 541 
1 416 
0 
1 80 
3 6 70 534 
0 
1 505 
1 185 
2 86 175 
0 
2 264 407 
1 549 
1 86 
0 
2 90 374 
0 
0 
2 182 412 
0 
0 
0 
1 146 
0 
0 
1 193 
0 
2 73 391 
1 475 
3 289 358 498 
1 233 
2 89 416 
1 398 
3 76 200 302 
1 220 
1 493 
2 382 411 
2 300 362 
0 
2 117 505 
0 
2 193 334 
3 81 223 253 
2 15 107 
0 
0 
0 
0 
0 
4 69 135 448 477 
1 462 
0 
1 0 
0 
0 
0 
1 86 
0 
0 
0 
0 
0 
0 
0 
1 291 
0 
1 214 
2 12 297 
1 429 
0 
0 
4 106 159 306 557 
1 519 
2 237 495 
0 
1 111 
1 545 
0 
2 21 53 
0 
1 365 
0 
4 27 142 169 430 
2 270 520 
2 69 313 
0 
2 9 533 
0 
0 
2 20 181 
1 138 
2 256 362 
1 489 
1 167 
0 
1 408 
0 
2 293 429 
2 281 557 
1 147 
1 522 
1 336 
0 
1 277 
1 362 
1 334 
0 
3 242 268 295 
1 551 
2 218 472 
0 
0 
0 
1 415 
0 
1 453 
0 
1 221 
1 409 
2 202 309 
0 
0 
2 218 553 
0 
1 50 
4 257 362 387 419 
1 552 
2 84 229 
1 147 
1 161 
2 158 363 
1 378 
0 
0 
1 331 
1 40 
0 
0 
2 116 525 
2 188 452 
2 463 528 
0 
1 480 
1 0 
1 308 
1 518 
1 279 
0 
2 336 520 
0 
0 
1 37 
1 329 
1 466 
2 385 546 
1 170 
3 201 214 295 
0 
0 
3 73 307 544 
0 
1 381 
0 
2 220 278 
2 49 539 
1 456 
1 534 
0 
0 
2 150 392 
0 
2 133 488 
1 506 
2 161 502 
0 
0 
0 
3 113 451 478 
1 242 
0 
560 278
1 468 
2 406 452 
1 414 
1 102 
0 
1 502 
0 
0 
1 149 
1 214 
0 
1 389 
1 138 
1 232 
0 
2 445 494 
1 416 
1 50 
1 60 
2 303 499 
2 419 526 
0 
0 
2 33 156 
2 262 294 
1 254 
1 296 
0 
0 
2 198 497 
0 
2 366 531 
0 
1 23 
0 
1 296 
3 321 348 478 
2 53 106 
0 
0 
0 
0 
2 156 321 
1 392 
1 377 
2 76 351 
3 233 341 352 
1 322 
0 
2 67 294 
2 17 555 
0 
1 338 
2 37 548 
0 
1 392 
1 189 
0 
1 252 
2 276 279 
1 18 
2 415 470 
0 
1 385 
0 
1 451 
1 521 
2 49 475 
1 439 
0 
1 378 
2 241 335 
2 341 406 
0 
0 
2 122 494 
1 45 
0 
1 470 
2 105 487 
1 113 
0 
1 237 
2 483 538 
0 
1 350 
1 490 
1 179 
1 478 
0 
0 
0 
0 
1 369 
0 
0 
0 
0 
0 
0 
0 
2 119 471 
2 3 255 
0 
0 
2 79 380 
1 37 
1 158 
0 
0 
0 
1 303 
2 142 263 
1 80 
2 117 433 
0 
3 136 292 443 
2 114 462 
1 370 
2 101 512 
0 
0 
1 75 
0 
0 
0 
0 
1 405 
1 155 
2 193 309 
0 
2 412 525 
1 423 
0 
0 
2 174 327 
3 116 503 527 
2 341 474 
2 12 478 
1 492 
1 420 
2 268 323 
3 112 238 244 
0 
0 
3 348 360 409 
1 363 
1 324 
2 274 458 
3 8 313 443 
4 360 371 382 517 
0 
2 200 493 
2 177 360 
1 365 
1 128 
2 23 42 
1 268 
2 107 199 
0 
0 
2 550 556 
0 
1 281 
1 396 
1 532 
0 
0 
0 
0 
0 
2 178 340 
2 307 325 
0 
2 135 294 
0 
1 420 
3 153 303 549 
2 171 512 
1 87 
1 226 
1 264 
1 258 
1 491 
1 250 
0 
2 251 447 
1 451 
0 
1 56 
2 276 533 
1 501 
0 
2 129 411 
0 
2 236 260 
0 
0 
1 29 
1 158 
2 152 504 
0 
1 464 
0 
0 
2 289 407 
0 
1 345 
0 
0 
1 221 
2 244 374 
0 
1 311 
1 9 
1 247 
1 546 
0 
1 327 
0 
0 
2 210 519 
0 
0 
0 
1 463 
1 180 
1 371 
1 430 
0 
1 362 
0 
1 13 
2 46 444 
0 
0 
2 195 552 
2 82 516 
2 142 351 
0 
1 484 
1 71 
1 409 
0 
3 142 211 446 
0 
0 
2 215 274 
2 278 376 
0 
1 184 
1 186 
1 58 
2 313 514 
2 25 311 
1 102 
0 
1 432 
2 182 402 
0 
2 195 513 
0 
2 24 480 
1 112 
2 181 321 
1 527 
2 382 554 
0 
2 141 157 
0 
0 
1 371 
1 543 
1 559 
2 148 247 
2 293 343 
2 59 190 
0 
1 248 
1 59 
3 319 444 487 
1 163 
1 333 
0 
1 298 
0 
1 530 
2 291 519 
0 
2 205 344 
1 326 
2 287 355 
1 116 
2 275 495 
3 24 49 174 
0 
2 26 35 
0 
1 284 
0 
1 552 
1 423 
0 
3 19 111 177 
0 
2 367 426 
2 353 370 
2 172 390 
0 
1 129 
1 520 
3 213 254 327 
1 456 
2 149 253 
0 
0 
1 383 
0 
0 
3 280 397 559 
0 
4 36 42 264 364 
2 47 499 
1 141 
1 147 
1 172 
2 290 485 
4 135 218 311 373 
1 489 
0 
0 
1 470 
0 
1 282 
0 
1 71 
0 
2 488 496 
2 52 558 
1 359 
1 171 
3 46 72 137 
3 396 428 449 
1 275 
2 289 404 
1 207 
0 
0 
2 36 145 
1 402 
1 85 
3 45 238 553 
1 46 
1 306 
0 
1 291 
0 
0 
0 
1 339 
3 145 150 153 
0 
1 230 
1 146 
1 321 
1 154 
2 31 544 
1 305 
1 515 
1 93 
2 118 306 
3 150 227 271 
0 
1 327 
1 211 
0 
1 248 
1 44 
2 70 384 
1 448 
3 105 422 476 
1 507 
2 150 266 
1 316 
2 378 542 
1 63 
0 
0 
0 
1 11 
1 307 
0 
3 43 55 506 
1 484 
1 503 
0 
2 164 342 
3 319 462 485 
0 
0 
1 509 
0 
2 258 349 
0 
1 344 
1 127 
2 1 72 
1 205 
2 521 539 
2 145 242 
0 
1 193 
1 131 
0 
2 2 429 
3 61 437 555 
1 16 
0 
0 
1 20 
3 140 176 535 
0 
1 380 
2 132 301 
0 
0 
2 305 434 
0 
1 342 
1 414 
1 228 
0 
1 257 
1 114 
1 426 
0 
0 
1 415 
0 
1 68 
0 
0 
0 
2 116 149 
2 233 280 
1 15 
2 244 513 
1 186 
1 379 
1 342 
0 
2 65 187 
1 1 
0 
0 
0 
1 312 
0 
1 148 
1 528 
1 527 
0 
2 117 397 
1 225 
1 202 
0 
0 
0 
1 0 
0 
3 61 78 331 
1 101 
0 
0 
1 137 
1 67 
1 380 
0 
3 36 88 138 
0 
1 262 
0 
0 
1 83 
2 240 393 
2 326 397 
0 
2 79 280 
1 337 
1 328 
1 86 
1 183 
1 139 
1 152 
2 15 75 
1 293 
2 337 548 
1 29 
0 
2 19 322 
0 
2 191 527 
1 5 
2 136 394 
1 200 
0 
1 392 
1 381 
0 
1 400 
0 
0 
2 119 178 
3 260 446 530 
1 253 
1 368 
1 237 
1 150 
1 546 
2 221 287 
1 310 
2 66 408 
0 
0 
0 
1 131 
1 20 
4 136 265 460 501 
1 459 
0 
2 286 513 
1 31 
1 165 
1 190 
0 
1 420 
0 
0 
1 83 
1 408 
0 
0 
1 384 
1 272 
1 366 
0 
2 216 518 
0 
2 53 496 
1 177 
1 161 
0 
2 236 300 
1 351 
1 266 
2 50 415 
1 161 
0 
1 338 
2 273 319 
