570 286
2 432 523 
0 
1 69 
0 
2 193 205 
0 
2 307 325 
1 523 
1 203 
2 103 376 
0 
0 
1 327 
0 
0 
1 273 
1 454 
0 
0 
2 426 501 
3 69 269 495 
4 248 437 464 505 
1 136 
1 27 
0 
0 
0 
2 23 192 
0 
0 
0 
2 512 548 
0 
0 
1 558 
2 267 314 
0 
2 161 402 
0 
0 
3 115 334 373 
2 274 330 
0 
1 414 
0 
0 
0 
0 
0 
2 54 523 
0 
1 123 
2 266 444 
0 
1 49 
0 
0 
1 193 
0 
0 
0 
0 
5 130 137 174 504 545 
1 134 
0 
1 119 
2 396 412 
1 465 
3 239 274 384 
5 2 20 91 184 500 
0 
1 377 
4 173 305 462 467 
1 370 
0 
2 146 476 
0 
0 
1 563 
0 
2 100 299 
0 
1 330 
2 152 479 
3 496 500 543 
0 
0 
3 177 272 482 
1 454 
1 366 
1 147 
1 69 
0 
2 288 366 
0 
0 
1 562 
0 
2 284 530 
2 519 542 
3 80 120 536 
1 489 
1 554 
2 9 255 
1 318 
1 278 
0 
2 467 522 
2 126 411 
1 262 
0 
2 340 558 
1 495 
0 
3 265 329 479 
4 40 116 154 324 
1 115 
0 
1 434 
1 65 
2 100 296 
0 
0 
2 51 333 
1 399 
1 320 
1 108 
0 
1 193 
0 
2 62 532 
2 278 279 
1 384 
2 160 533 
2 63 543 
1 386 
1 22 
1 62 
1 225 
1 326 
0 
1 463 
0 
2 214 495 
2 278 307 
0 
1 75 
2 90 309 
1 399 
0 
0 
1 425 
1 83 
0 
1 115 
2 166 507 
0 
1 537 
1 170 
1 280 
1 133 
1 37 
2 213 276 
1 417 
1 273 
1 378 
3 155 281 437 
0 
1 478 
0 
1 158 
2 221 453 
0 
1 72 
1 62 
0 
0 
3 87 217 523 
0 
0 
1 468 
0 
1 352 
1 554 
2 69 322 
1 277 
1 331 
0 
2 365 381 
0 
1 530 
1 261 
1 27 
3 4 57 128 
1 545 
1 268 
1 376 
1 324 
1 370 
0 
0 
2 422 480 
0 
2 8 415 
1 306 
1 4 
1 381 
0 
2 451 541 
0 
1 310 
0 
3 270 430 443 
1 162 
3 143 323 452 
1 390 
1 523 
2 177 283 
0 
0 
0 
1 171 
1 491 
1 272 
0 
2 138 333 
2 293 453 
0 
0 
0 
1 428 
0 
0 
0 
0 
3 377 448 500 
0 
0 
0 
1 68 
0 
1 388 
0 
0 
1 297 
2 339 448 
0 
0 
3 21 443 534 
1 459 
0 
0 
0 
0 
0 
2 103 532 
0 
0 
0 
1 552 
0 
3 191 373 490 
1 109 
0 
0 
1 114 
1 52 
1 35 
3 195 377 534 
2 20 418 
2 212 382 
0 
3 87 223 296 
2 15 164 
2 41 68 
1 339 
2 162 373 
1 185 
3 105 131 144 
2 131 364 
1 159 
2 166 359 
0 
3 217 352 438 
1 98 
2 322 371 
1 524 
0 
1 93 
1 431 
0 
1 385 
0 
2 226 549 
0 
1 339 
3 120 272 406 
2 244 370 
1 324 
1 80 
0 
1 472 
0 
1 343 
0 
1 72 
2 204 470 
2 6 144 
0 
1 147 
1 210 
0 
0 
0 
1 35 
0 
0 
0 
2 104 376 
0 
3 125 462 526 
0 
4 184 285 474 521 
1 214 
3 115 197 298 
1 6 
1 139 
1 12 
1 436 
1 114 
2 41 82 
1 186 
0 
2 123 225 
1 40 
1 452 
0 
1 411 
0 
4 245 275 295 369 
1 111 
1 552 
0 
2 303 454 
0 
4 452 506 519 540 
1 518 
0 
1 414 
0 
0 
0 
2 182 283 
0 
0 
1 531 
0 
0 
0 
2 281 531 
0 
0 
2 474 526 
0 
1 279 
2 188 554 
2 89 93 
1 465 
0 
1 339 
4 73 198 297 445 
2 285 556 
0 
3 40 261 276 
0 
0 
4 9 196 318 425 
3 71 235 268 
1 165 
0 
0 
2 188 206 
1 270 
0 
3 68 132 535 
2 291 524 
2 135 556 
0 
1 241 
0 
2 215 493 
0 
0 
1 540 
0 
0 
1 66 
0 
0 
2 124 148 
0 
2 456 485 
2 37 432 
0 
0 
0 
1 296 
0 
0 
0 
0 
2 108 337 
1 66 
0 
2 43 348 
1 203 
0 
1 163 
3 269 469 538 
1 470 
0 
1 535 
1 201 
0 
0 
2 151 376 
2 19 478 
0 
2 230 490 
0 
1 212 
2 289 566 
2 0 402 
0 
1 118 
0 
2 328 460 
3 21 166 452 
1 283 
0 
0 
1 559 
0 
2 212 248 
1 52 
1 370 
0 
0 
2 235 245 
1 462 
1 560 
1 208 
4 214 335 345 437 
2 171 226 
3 16 88 343 
1 511 
2 401 480 
0 
0 
1 249 
2 436 497 
1 497 
3 72 320 449 
1 141 
1 21 
2 67 367 
0 
3 72 107 543 
1 180 
1 418 
2 306 419 
0 
2 301 544 
1 494 
2 322 362 
0 
1 75 
0 
3 168 426 548 
2 83 114 
2 201 456 
1 525 
1 87 
0 
0 
1 401 
0 
0 
0 
1 101 
2 261 428 
1 222 
0 
1 390 
1 473 
3 20 112 143 
1 84 
2 460 461 
0 
0 
4 69 84 235 552 
1 19 
0 
0 
1 62 
1 21 
1 345 
1 155 
0 
0 
0 
1 455 
1 31 
0 
0 
0 
0 
0 
1 346 
2 99 345 
0 
1 322 
1 107 
6 0 7 49 177 216 544 
2 286 385 
1 481 
2 320 362 
0 
0 
0 
2 98 190 
2 355 359 
2 130 255 
1 133 
2 248 268 
2 384 421 
1 100 
1 157 
1 418 
1 559 
2 345 393 
1 208 
1 99 
3 84 134 467 
2 472 523 
2 62 194 
0 
0 
2 31 478 
1 293 
0 
0 
3 259 341 500 
0 
3 102 183 365 
0 
2 371 386 
0 
2 34 111 
2 441 539 
1 450 
0 
1 96 
1 78 
0 
0 
1 431 
0 
0 
0 
570 280
0 
2 259 555 
0 
1 62 
0 
2 235 284 
2 186 362 
1 351 
0 
2 13 209 
2 109 216 
0 
1 219 
3 9 427 459 
1 398 
1 419 
0 
0 
1 557 
0 
2 384 549 
0 
0 
0 
1 230 
5 234 261 391 488 541 
0 
0 
0 
0 
1 481 
1 108 
1 158 
2 122 335 
2 75 470 
3 44 55 537 
0 
2 238 465 
0 
1 174 
1 443 
0 
1 104 
1 431 
1 35 
0 
1 225 
2 227 230 
0 
2 322 377 
0 
1 248 
0 
1 270 
1 318 
2 35 250 
1 192 
0 
3 87 438 532 
1 515 
1 71 
0 
2 3 227 
1 93 
0 
1 506 
2 118 500 
1 103 
0 
1 181 
2 404 459 
1 60 
1 225 
2 342 503 
0 
1 34 
0 
0 
0 
1 549 
0 
0 
0 
0 
0 
0 
0 
3 58 107 459 
1 219 
0 
0 
1 272 
1 478 
1 63 
0 
0 
1 523 
2 337 458 
0 
1 262 
1 109 
3 231 387 538 
1 532 
2 67 415 
2 42 532 
0 
0 
1 87 
1 31 
2 10 100 
0 
0 
2 225 406 
2 418 534 
0 
0 
2 132 245 
1 118 
2 66 117 
2 243 396 
1 546 
3 122 358 491 
3 33 121 469 
1 457 
1 359 
3 181 236 568 
1 131 
0 
0 
3 157 169 218 
2 146 519 
2 126 442 
3 116 189 454 
4 148 474 485 496 
1 196 
2 260 553 
2 210 393 
1 371 
0 
0 
2 193 525 
0 
0 
0 
2 367 373 
1 467 
2 130 554 
0 
2 133 241 
0 
0 
0 
1 556 
1 302 
2 241 259 
0 
1 172 
1 129 
3 32 242 507 
1 343 
1 278 
1 343 
1 352 
1 317 
1 521 
1 251 
0 
2 194 390 
1 365 
1 129 
1 501 
1 360 
2 156 299 
1 546 
1 39 
2 311 335 
0 
0 
0 
0 
1 429 
2 69 125 
1 329 
0 
2 448 566 
0 
2 6 442 
0 
0 
2 132 225 
1 217 
0 
2 56 222 
2 140 471 
1 167 
1 364 
2 134 455 
0 
0 
1 551 
0 
0 
0 
1 367 
0 
1 211 
1 238 
1 467 
0 
1 9 
2 136 450 
1 205 
0 
1 459 
2 390 546 
0 
1 10 
2 190 259 
2 129 468 
2 12 88 
1 437 
0 
2 192 509 
1 478 
1 231 
4 46 72 112 189 
0 
2 47 62 
2 338 539 
1 301 
2 24 47 
2 101 224 
1 317 
1 252 
1 25 
2 5 293 
2 125 522 
0 
3 37 206 291 
1 461 
2 280 452 
2 148 154 
1 158 
1 119 
1 413 
2 116 548 
1 527 
1 508 
1 51 
0 
1 55 
1 165 
4 233 344 469 512 
0 
1 282 
1 484 
0 
0 
2 327 360 
4 1 154 217 278 
2 135 335 
2 25 278 
2 99 268 
0 
1 330 
0 
0 
0 
1 262 
0 
3 53 412 541 
0 
1 91 
0 
3 321 380 560 
2 283 555 
0 
0 
4 160 259 261 559 
1 324 
2 240 411 
0 
1 254 
2 275 455 
1 5 
0 
2 340 502 
1 502 
0 
1 313 
0 
1 238 
2 403 523 
1 235 
1 319 
0 
1 440 
0 
0 
1 172 
0 
3 229 455 463 
3 153 479 500 
0 
0 
3 396 428 449 
0 
1 310 
0 
0 
1 307 
2 175 330 
0 
2 289 385 
0 
0 
0 
2 163 232 
1 54 
1 294 
0 
1 274 
1 49 
0 
1 279 
1 382 
1 493 
1 258 
0 
1 182 
2 264 311 
0 
0 
1 544 
1 553 
5 33 175 260 472 526 
1 502 
1 97 
1 228 
1 372 
1 286 
0 
1 73 
2 159 161 
2 252 565 
1 485 
1 446 
0 
2 451 474 
0 
1 539 
1 7 
1 162 
0 
0 
0 
2 494 512 
0 
1 121 
1 124 
3 171 258 445 
2 389 507 
1 6 
0 
1 195 
2 168 370 
0 
2 144 203 
1 476 
0 
1 365 
1 137 
1 339 
1 144 
0 
0 
0 
1 49 
0 
0 
1 274 
1 483 
1 325 
0 
1 20 
1 313 
0 
1 101 
0 
3 361 408 506 
2 167 214 
1 25 
0 
1 136 
0 
0 
2 119 305 
0 
1 14 
0 
0 
0 
0 
1 292 
1 70 
0 
2 112 518 
0 
2 389 474 
0 
0 
1 280 
2 270 461 
2 244 536 
0 
1 103 
0 
0 
1 113 
1 15 
0 
0 
0 
0 
0 
0 
0 
1 13 
1 305 
1 180 
0 
1 43 
0 
0 
0 
0 
1 463 
1 220 
1 58 
1 453 
1 296 
0 
2 131 186 
1 40 
1 506 
1 360 
1 346 
0 
1 184 
1 305 
1 210 
1 348 
2 240 548 
1 439 
1 132 
3 196 283 301 
0 
1 123 
1 97 
4 13 70 87 213 
0 
2 239 412 
0 
2 301 436 
1 538 
1 37 
0 
2 145 207 
1 218 
2 122 252 
1 34 
1 193 
1 335 
0 
3 133 348 408 
0 
1 368 
1 486 
2 92 223 
1 302 
0 
1 30 
0 
1 381 
1 255 
2 133 345 
1 477 
0 
1 25 
0 
0 
2 121 554 
0 
1 326 
1 356 
1 523 
1 133 
0 
0 
0 
2 66 302 
2 170 522 
3 286 287 336 
2 73 511 
0 
0 
3 65 389 444 
3 158 361 540 
1 247 
1 222 
0 
1 503 
2 252 356 
0 
0 
1 59 
0 
0 
1 406 
2 130 545 
0 
1 164 
2 236 501 
3 96 292 495 
0 
1 140 
1 335 
1 246 
0 
1 553 
1 532 
1 536 
4 58 102 104 530 
0 
1 113 
0 
3 413 531 545 
1 35 
2 101 464 
2 228 350 
1 507 
2 25 270 
0 
0 
1 333 
2 519 536 
3 120 173 214 
0 
2 245 452 
2 20 79 
0 
1 199 
0 
3 135 334 529 
2 146 491 
2 1 275 
1 152 
1 18 
0 
1 278 
1 274 
0 
0 
0 
0 
1 344 
1 184 
0 
1 125 
0 
