60 29
1 38 
2 7 37 
0 
1 45 
2 16 37 
1 30 
0 
2 1 39 
0 
1 39 
0 
2 12 21 
2 11 35 
1 31 
0 
1 30 
1 4 
1 21 
1 45 
1 45 
0 
2 11 17 
0 
1 51 
2 33 50 
1 58 
0 
1 35 
0 
0 
3 5 15 37 
1 13 
2 37 58 
1 24 
1 51 
3 12 27 55 
1 49 
4 1 4 30 32 
2 0 43 
2 7 9 
0 
0 
0 
1 38 
0 
3 3 18 19 
0 
0 
0 
1 36 
1 24 
2 23 34 
0 
0 
0 
1 35 
0 
0 
2 25 32 
0 
60 27
1 53 
0 
0 
3 25 50 51 
0 
1 28 
0 
0 
3 9 44 51 
2 8 58 
0 
1 32 
0 
0 
0 
0 
0 
1 28 
3 37 56 58 
1 55 
0 
0 
1 43 
1 51 
0 
4 3 30 47 52 
1 52 
0 
3 5 17 55 
1 56 
1 25 
0 
1 11 
1 52 
0 
1 37 
0 
2 18 35 
0 
0 
0 
0 
1 53 
1 22 
1 8 
0 
0 
1 25 
0 
1 58 
1 3 
3 3 8 23 
3 25 26 33 
2 0 42 
0 
2 19 28 
2 18 29 
0 
3 9 18 49 
0 
