650 315
2 432 523 
0 
0 
1 530 
0 
2 470 488 
1 605 
1 204 
2 23 296 
0 
1 642 
0 
0 
1 342 
1 441 
0 
0 
4 167 242 359 559 
3 154 455 644 
2 41 260 
1 68 
0 
0 
2 8 526 
0 
0 
0 
2 510 546 
0 
0 
3 304 547 594 
0 
2 271 512 
0 
1 584 
1 189 
1 100 
1 625 
0 
0 
0 
1 19 
1 355 
1 218 
1 250 
2 306 484 
0 
0 
0 
1 397 
0 
0 
0 
3 489 496 533 
3 268 309 404 
0 
1 211 
2 399 415 
1 379 
5 64 99 209 416 509 
1 236 
1 522 
3 228 360 517 
1 335 
2 59 515 
1 261 
0 
0 
3 20 78 594 
1 213 
1 640 
1 370 
3 120 622 626 
0 
1 601 
2 122 332 
2 212 604 
1 292 
1 68 
0 
2 154 232 
0 
0 
1 149 
2 249 495 
3 390 413 460 
1 313 
1 172 
1 143 
1 278 
1 143 
0 
4 142 197 262 547 
1 302 
0 
2 188 406 
1 247 
3 376 440 590 
2 168 338 
1 59 
1 36 
1 157 
1 371 
0 
0 
2 114 625 
1 447 
0 
0 
0 
0 
3 164 348 349 
2 354 566 
1 403 
3 105 313 590 
0 
0 
1 126 
1 126 
1 590 
1 72 
2 418 626 
2 75 128 
0 
1 348 
1 335 
2 117 118 
1 573 
1 122 
0 
1 416 
1 239 
2 577 621 
1 625 
0 
0 
2 240 303 
2 338 599 
1 597 
2 393 549 
0 
0 
1 92 
4 88 90 303 535 
0 
0 
0 
0 
0 
1 83 
1 573 
0 
1 237 
1 482 
3 18 80 326 
1 269 
1 573 
1 101 
1 623 
0 
0 
1 568 
1 178 
2 173 493 
2 111 425 
0 
1 617 
2 17 193 
3 98 380 636 
0 
0 
0 
3 87 317 407 
1 163 
1 619 
2 305 318 
2 436 565 
1 385 
3 162 400 512 
0 
0 
0 
1 591 
0 
1 537 
1 376 
0 
0 
2 95 487 
1 35 
0 
0 
3 282 353 405 
1 167 
0 
0 
1 458 
1 92 
1 442 
0 
0 
2 531 622 
1 420 
0 
1 7 
0 
0 
0 
0 
2 59 557 
1 556 
2 56 235 
1 76 
1 69 
0 
1 508 
2 232 416 
0 
2 43 325 
0 
1 394 
1 293 
0 
1 304 
1 451 
1 593 
1 256 
2 287 336 
2 62 351 
0 
1 262 
1 355 
2 80 216 
1 578 
1 503 
2 211 550 
1 60 
1 152 
1 269 
2 131 263 
1 136 
0 
1 17 
0 
0 
0 
0 
1 96 
1 521 
1 84 
3 44 307 371 
1 463 
0 
0 
0 
1 257 
1 226 
1 255 
0 
1 366 
1 19 
2 65 432 
2 92 230 
2 239 299 
1 269 
4 332 386 420 621 
1 577 
0 
1 54 
3 155 238 264 
0 
2 32 313 
0 
1 406 
1 598 
1 276 
2 275 546 
1 490 
1 89 
1 329 
0 
0 
1 192 
0 
0 
0 
1 538 
3 227 349 564 
0 
0 
0 
1 363 
1 77 
1 221 
2 583 612 
0 
1 8 
0 
0 
1 263 
0 
0 
4 93 495 564 646 
2 136 143 
3 30 223 317 
2 175 641 
2 45 593 
1 250 
1 403 
2 54 632 
1 417 
0 
1 367 
3 86 114 271 
1 587 
1 470 
0 
4 172 304 336 418 
1 175 
0 
0 
1 340 
2 509 555 
0 
1 423 
2 218 343 
1 154 
0 
0 
2 279 566 
0 
0 
2 75 265 
1 599 
0 
3 63 125 585 
2 227 317 
0 
2 98 137 
1 611 
2 321 598 
0 
2 13 623 
1 325 
0 
0 
0 
1 454 
3 111 124 618 
3 111 287 494 
0 
2 228 448 
0 
2 192 638 
2 112 539 
2 42 231 
2 411 518 
0 
0 
1 17 
2 62 474 
0 
0 
2 291 377 
1 618 
0 
1 259 
1 312 
0 
0 
1 71 
2 102 250 
0 
1 467 
0 
0 
3 97 185 571 
2 363 464 
0 
1 58 
1 168 
0 
0 
0 
1 455 
1 177 
4 265 476 503 633 
2 468 521 
0 
0 
1 85 
0 
0 
1 139 
1 220 
0 
0 
1 49 
0 
1 57 
2 178 603 
0 
1 608 
3 113 308 575 
2 54 605 
1 192 
5 95 273 513 621 632 
1 172 
1 631 
0 
0 
1 356 
1 443 
2 85 434 
0 
1 57 
4 59 130 216 502 
1 310 
2 121 317 
1 607 
2 202 265 
0 
1 639 
1 324 
0 
1 164 
1 594 
0 
0 
0 
0 
0 
3 0 261 643 
0 
1 413 
2 522 525 
1 176 
0 
0 
0 
2 97 603 
2 14 450 
1 198 
1 412 
0 
1 536 
0 
1 106 
1 351 
0 
2 441 586 
1 224 
0 
0 
1 347 
3 18 384 615 
0 
0 
1 196 
0 
1 85 
0 
0 
2 251 472 
2 377 638 
1 548 
0 
1 373 
3 387 495 560 
0 
2 5 315 
0 
1 463 
0 
1 360 
0 
1 386 
1 519 
0 
0 
0 
0 
1 153 
0 
1 45 
1 601 
1 553 
1 188 
2 5 612 
2 53 557 
1 277 
0 
0 
1 163 
1 349 
3 84 302 468 
2 53 544 
0 
0 
0 
0 
2 516 571 
1 416 
2 234 386 
0 
0 
1 607 
0 
1 215 
2 59 322 
1 27 
1 520 
3 32 178 544 
1 406 
0 
1 64 
1 501 
1 62 
1 356 
1 477 
1 511 
2 248 387 
2 61 435 
1 0 
0 
1 435 
1 23 
0 
0 
0 
1 3 
1 201 
0 
1 53 
0 
1 143 
2 445 557 
1 184 
1 286 
1 354 
0 
0 
0 
0 
2 496 512 
0 
2 27 276 
2 30 92 
1 465 
1 139 
1 235 
0 
0 
1 486 
0 
1 322 
1 210 
3 209 489 536 
0 
1 17 
1 468 
0 
0 
0 
2 287 302 
1 176 
2 112 329 
0 
1 161 
0 
0 
2 376 501 
1 597 
3 127 150 156 
0 
1 403 
0 
3 132 266 579 
1 233 
1 577 
1 610 
0 
0 
1 294 
1 34 
1 335 
1 450 
1 314 
0 
0 
3 97 114 119 
1 182 
0 
2 225 306 
3 30 68 426 
0 
0 
2 138 572 
2 274 340 
2 137 333 
0 
2 74 485 
0 
2 400 440 
1 76 
2 6 404 
0 
2 419 506 
1 402 
0 
1 580 
1 339 
2 294 488 
0 
0 
1 455 
0 
1 166 
2 348 364 
1 174 
0 
3 132 265 406 
2 72 201 
2 158 342 
0 
3 37 105 133 
2 72 121 
0 
1 647 
0 
0 
1 408 
2 309 406 
1 386 
0 
0 
1 168 
0 
2 353 464 
1 422 
1 70 
1 305 
1 10 
1 432 
1 18 
0 
1 302 
1 628 
0 
0 
650 336
0 
0 
0 
1 76 
2 297 613 
1 559 
2 72 223 
2 42 391 
1 332 
0 
0 
0 
0 
0 
3 65 533 649 
0 
2 342 455 
1 148 
1 543 
1 66 
4 36 60 296 429 
1 226 
3 33 380 646 
3 75 407 413 
0 
1 525 
1 318 
3 69 430 614 
1 388 
3 94 105 251 
2 423 513 
2 78 488 
0 
2 22 367 
1 84 
0 
3 20 405 411 
1 317 
1 216 
1 136 
0 
0 
3 7 301 463 
2 211 229 
1 364 
0 
3 50 315 561 
1 303 
2 175 591 
1 362 
3 46 372 506 
0 
3 59 255 631 
0 
2 375 632 
1 374 
1 424 
2 386 410 
0 
1 52 
1 20 
1 101 
1 189 
2 493 611 
0 
2 14 85 
2 19 428 
1 217 
0 
2 27 441 
0 
1 390 
1 6 
1 446 
0 
2 23 583 
2 3 583 
1 401 
2 31 421 
0 
1 345 
0 
1 576 
1 166 
2 34 373 
2 65 369 
0 
0 
3 118 433 531 
0 
0 
2 331 532 
0 
1 551 
2 29 267 
1 423 
1 432 
1 312 
3 261 409 581 
0 
0 
2 61 201 
2 113 415 
1 172 
0 
3 29 514 639 
2 139 540 
1 514 
0 
3 212 245 473 
2 300 551 
1 310 
1 446 
1 102 
0 
0 
2 199 328 
0 
5 88 231 290 470 487 
1 229 
1 635 
1 483 
0 
1 335 
1 547 
2 185 467 
1 316 
0 
2 197 317 
1 144 
0 
0 
2 623 631 
2 398 419 
3 595 627 648 
1 520 
1 39 
1 553 
1 610 
1 106 
0 
0 
0 
0 
2 129 556 
1 406 
0 
0 
2 17 624 
2 368 521 
1 285 
1 350 
0 
0 
1 190 
2 472 495 
1 506 
0 
0 
2 281 299 
1 585 
2 249 367 
1 565 
0 
1 306 
0 
1 83 
0 
0 
1 425 
0 
0 
3 103 384 482 
0 
0 
1 48 
0 
0 
1 560 
1 369 
1 521 
0 
0 
0 
0 
1 125 
0 
0 
1 275 
1 62 
2 154 427 
0 
1 518 
0 
0 
1 469 
0 
1 128 
1 335 
1 116 
0 
3 101 239 510 
2 485 607 
1 444 
0 
1 226 
4 236 254 296 480 
0 
0 
0 
0 
1 43 
1 109 
0 
1 328 
1 358 
1 38 
2 67 515 
1 425 
1 530 
1 428 
0 
2 462 584 
3 6 390 481 
0 
2 363 528 
4 21 205 330 577 
0 
0 
2 43 119 
0 
2 118 331 
2 249 289 
0 
1 617 
1 253 
1 206 
1 405 
0 
1 201 
2 391 567 
0 
1 392 
1 425 
1 476 
1 109 
0 
1 451 
0 
3 161 232 360 
0 
1 29 
0 
2 235 416 
2 206 465 
2 52 533 
0 
0 
0 
0 
0 
2 98 509 
0 
0 
0 
1 289 
2 441 642 
1 94 
0 
1 445 
0 
1 314 
0 
0 
1 641 
1 188 
0 
1 291 
3 319 330 426 
0 
0 
1 159 
0 
0 
0 
1 150 
0 
2 349 355 
0 
2 232 265 
2 118 596 
1 277 
0 
2 395 426 
0 
1 407 
3 20 206 599 
1 4 
0 
2 159 577 
3 110 451 648 
1 42 
0 
1 47 
0 
0 
2 164 323 
0 
0 
0 
1 111 
0 
2 97 588 
1 555 
3 271 443 623 
2 46 582 
3 126 512 567 
2 37 128 
1 26 
1 278 
0 
0 
1 495 
1 306 
0 
0 
0 
2 407 612 
3 116 214 535 
2 483 600 
4 226 278 439 440 
4 91 231 340 517 
1 8 
0 
1 548 
3 123 198 608 
0 
0 
0 
2 377 390 
2 331 472 
0 
2 16 505 
0 
1 645 
2 80 503 
2 418 549 
0 
0 
1 287 
1 151 
1 590 
0 
1 515 
0 
2 287 517 
0 
0 
1 215 
0 
1 249 
0 
2 49 619 
1 225 
2 44 412 
0 
0 
4 33 161 493 599 
1 149 
3 85 179 415 
0 
1 607 
1 50 
1 84 
1 55 
1 54 
0 
2 339 483 
1 532 
0 
1 22 
0 
0 
1 450 
1 172 
0 
3 57 526 587 
0 
1 28 
1 408 
3 71 223 339 
3 7 240 426 
2 242 597 
0 
1 637 
1 293 
1 617 
1 540 
1 133 
0 
1 528 
1 77 
2 416 577 
0 
0 
2 36 237 
2 145 648 
4 23 295 327 539 
1 389 
1 98 
3 57 586 622 
1 36 
2 364 526 
1 23 
0 
2 102 369 
2 253 402 
0 
1 346 
2 133 446 
0 
1 78 
0 
3 30 95 592 
3 56 438 503 
5 169 218 243 480 613 
3 278 293 391 
1 190 
2 66 220 
2 20 642 
2 27 499 
0 
2 96 649 
1 88 
0 
0 
0 
0 
2 424 587 
1 330 
1 330 
2 69 266 
1 632 
1 314 
1 203 
1 269 
3 73 112 419 
0 
0 
0 
1 383 
2 247 300 
0 
1 599 
1 630 
1 16 
1 506 
0 
0 
1 576 
0 
0 
1 222 
1 42 
0 
1 254 
0 
1 125 
0 
1 195 
2 118 628 
0 
2 155 340 
1 109 
0 
0 
1 244 
1 622 
1 563 
0 
2 206 425 
1 223 
1 172 
4 121 329 377 607 
0 
1 202 
0 
3 118 550 627 
1 31 
0 
0 
1 559 
0 
2 63 367 
1 509 
2 155 322 
0 
0 
0 
1 430 
0 
0 
0 
2 345 424 
0 
1 342 
3 50 156 456 
2 526 568 
0 
3 261 494 646 
4 201 542 577 618 
0 
1 316 
2 30 558 
2 105 107 
3 217 353 601 
0 
2 331 355 
1 192 
0 
1 135 
2 149 180 
1 605 
0 
0 
1 25 
3 386 412 507 
1 595 
3 225 400 585 
0 
1 219 
1 88 
2 91 378 
2 14 255 
0 
1 328 
0 
0 
0 
2 407 648 
2 106 397 
1 547 
1 510 
1 18 
0 
0 
0 
2 124 541 
1 334 
1 346 
1 487 
2 93 110 
0 
2 137 572 
0 
1 313 
1 144 
0 
1 513 
2 5 491 
1 178 
1 46 
0 
1 478 
1 582 
1 162 
0 
2 240 316 
1 507 
1 574 
0 
0 
1 553 
0 
1 569 
0 
2 82 459 
4 226 299 402 510 
0 
0 
0 
1 98 
2 315 564 
2 75 76 
1 222 
2 160 528 
1 410 
2 386 438 
1 312 
0 
1 351 
1 48 
1 423 
0 
0 
2 134 527 
1 290 
1 392 
1 644 
3 296 367 453 
1 329 
1 515 
0 
0 
1 621 
1 522 
0 
3 202 371 483 
2 335 635 
0 
1 138 
1 63 
1 327 
3 4 425 638 
1 27 
0 
0 
2 234 396 
1 510 
1 362 
0 
1 604 
2 410 477 
2 132 314 
1 148 
0 
0 
2 134 487 
1 470 
0 
1 454 
2 52 132 
2 54 442 
0 
0 
2 120 608 
0 
1 394 
1 613 
1 105 
0 
2 274 648 
2 266 429 
0 
1 598 
1 344 
2 22 509 
0 
5 134 300 406 539 641 
2 14 432 
