670 331
2 432 523 
0 
0 
1 470 
0 
2 370 388 
1 485 
2 64 524 
1 136 
0 
1 442 
0 
0 
1 82 
1 161 
0 
2 479 554 
3 19 219 445 
4 95 284 311 530 
2 17 317 
0 
0 
0 
1 66 
0 
0 
2 612 648 
0 
0 
3 343 586 633 
0 
2 268 509 
0 
1 539 
2 123 647 
0 
1 517 
0 
0 
0 
0 
2 142 611 
1 621 
1 655 
1 208 
0 
0 
1 658 
0 
0 
0 
2 662 669 
4 89 419 460 555 
0 
1 318 
2 484 500 
1 442 
5 105 140 250 457 550 
1 255 
1 519 
3 203 335 492 
1 288 
1 446 
1 170 
1 7 
1 524 
3 23 437 636 
0 
1 439 
2 147 474 
2 377 381 
0 
3 312 407 617 
1 474 
2 271 531 
0 
0 
2 324 402 
0 
0 
1 250 
2 327 573 
4 13 445 468 515 
1 345 
1 181 
1 129 
1 665 
0 
1 616 
4 52 91 156 441 
1 173 
2 89 590 
2 231 625 
0 
5 155 219 369 498 668 
1 18 
0 
1 415 
1 605 
0 
0 
1 276 
2 220 585 
0 
0 
1 57 
0 
3 182 366 367 
2 348 560 
1 373 
2 259 536 
0 
1 556 
1 531 
0 
1 416 
0 
2 196 433 
0 
1 603 
1 565 
0 
0 
2 34 207 
0 
1 521 
1 319 
1 632 
2 135 655 
1 85 
0 
2 195 258 
2 268 529 
1 502 
2 273 429 
1 128 
1 8 
1 614 
1 315 
0 
1 57 
0 
1 41 
0 
0 
1 178 
1 314 
2 69 533 
1 351 
1 268 
1 546 
0 
1 544 
0 
0 
3 94 411 508 
2 89 476 
1 284 
1 190 
0 
2 330 388 
2 14 548 
1 297 
0 
0 
1 467 
0 
1 625 
2 284 297 
2 388 517 
2 63 310 
2 298 410 
0 
1 90 
0 
1 381 
0 
2 273 576 
1 145 
0 
1 603 
1 84 
1 107 
0 
3 286 357 409 
0 
0 
0 
1 350 
0 
2 158 278 
0 
0 
3 283 374 619 
0 
1 131 
1 117 
0 
0 
0 
1 553 
2 523 640 
0 
1 60 
0 
0 
2 330 487 
2 123 209 
2 44 520 
1 207 
1 529 
1 398 
0 
1 349 
1 466 
2 578 664 
1 664 
1 261 
1 246 
3 17 94 546 
2 102 608 
0 
0 
2 323 663 
0 
1 235 
0 
1 305 
1 268 
0 
0 
1 92 
0 
0 
0 
1 225 
0 
1 247 
2 401 465 
1 525 
0 
0 
1 617 
0 
0 
0 
2 218 594 
1 237 
1 594 
0 
3 57 80 395 
1 332 
4 362 416 450 651 
1 574 
0 
1 58 
0 
1 556 
1 131 
2 110 581 
0 
3 217 331 383 
1 619 
1 529 
0 
1 300 
0 
0 
4 31 132 149 228 
0 
0 
2 74 668 
2 444 659 
2 134 177 
0 
0 
2 101 318 
0 
1 190 
2 433 462 
0 
0 
0 
1 193 
3 18 157 168 
0 
4 184 447 516 598 
1 578 
1 61 
1 485 
1 401 
1 516 
0 
2 332 456 
0 
1 332 
0 
3 162 168 478 
2 171 324 
2 485 567 
1 265 
0 
0 
1 337 
2 468 514 
2 227 669 
1 550 
0 
0 
0 
2 170 617 
1 18 
1 72 
0 
2 146 494 
1 138 
1 402 
1 19 
2 54 276 
2 126 621 
1 568 
0 
1 513 
1 223 
2 77 298 
0 
1 486 
2 81 609 
1 444 
1 655 
2 160 206 
1 261 
5 251 293 295 424 620 
0 
2 408 515 
1 60 
0 
2 303 634 
0 
0 
1 408 
1 606 
0 
1 29 
0 
1 83 
0 
0 
1 108 
2 213 387 
1 188 
1 148 
2 359 524 
0 
0 
0 
0 
1 184 
1 510 
1 352 
3 439 466 596 
2 385 438 
1 252 
0 
0 
0 
1 107 
1 107 
0 
1 94 
1 5 
0 
1 513 
1 109 
3 193 422 635 
1 616 
0 
4 70 426 534 545 
0 
1 446 
0 
3 70 175 635 
1 575 
1 261 
0 
2 361 490 
0 
1 349 
4 5 160 169 442 
0 
1 599 
0 
0 
1 621 
0 
1 250 
0 
0 
2 211 622 
0 
1 610 
2 238 290 
2 77 316 
0 
0 
2 413 468 
0 
1 72 
3 334 340 590 
1 184 
1 171 
1 155 
1 611 
1 405 
0 
1 97 
3 115 252 602 
0 
0 
1 52 
0 
0 
2 374 478 
1 583 
2 332 432 
0 
3 377 438 503 
0 
0 
1 134 
0 
0 
3 0 424 609 
2 117 279 
0 
0 
0 
1 66 
3 361 426 630 
3 68 360 515 
1 668 
2 89 545 
3 10 56 388 
0 
2 272 328 
2 17 82 
3 62 379 499 
1 286 
0 
2 558 613 
1 252 
0 
0 
1 504 
0 
0 
3 293 475 636 
1 57 
0 
0 
1 52 
0 
1 279 
0 
0 
1 238 
2 214 360 
1 165 
3 82 304 405 
0 
1 3 
1 562 
0 
0 
2 69 73 
1 456 
1 156 
0 
2 297 422 
1 16 
0 
0 
0 
0 
1 55 
3 6 289 299 
1 326 
1 206 
0 
1 611 
1 385 
1 606 
1 60 
1 494 
2 314 493 
0 
0 
0 
1 94 
1 446 
1 55 
0 
1 133 
1 426 
1 453 
1 633 
0 
0 
1 155 
1 31 
1 358 
0 
0 
2 322 372 
1 304 
3 82 334 439 
2 286 291 
2 36 169 
0 
1 59 
2 208 522 
1 125 
1 520 
2 0 201 
3 7 65 352 
2 239 658 
0 
0 
1 548 
3 132 210 263 
1 18 
2 74 113 
1 584 
2 147 604 
2 377 620 
0 
1 110 
0 
1 551 
1 33 
1 641 
0 
0 
0 
1 152 
3 377 441 593 
2 150 219 
0 
2 161 528 
0 
2 57 306 
1 538 
0 
1 200 
1 16 
1 52 
2 112 257 
0 
1 449 
0 
1 108 
0 
1 471 
0 
0 
1 120 
0 
1 299 
1 320 
0 
0 
0 
0 
1 81 
1 253 
1 382 
1 177 
0 
3 215 287 620 
0 
0 
1 259 
0 
2 423 648 
1 532 
2 102 595 
1 29 
0 
0 
0 
2 91 408 
0 
0 
1 545 
2 246 248 
1 585 
1 360 
1 625 
2 286 667 
1 390 
0 
0 
1 416 
3 119 180 652 
1 533 
1 98 
2 341 491 
0 
1 220 
2 327 432 
1 400 
3 41 412 489 
1 26 
1 449 
1 137 
0 
2 88 375 
3 72 242 310 
0 
2 193 262 
3 332 534 578 
4 42 319 393 661 
1 398 
0 
0 
4 92 167 597 632 
0 
0 
0 
0 
1 438 
0 
2 127 625 
2 29 505 
1 337 
2 374 381 
2 66 456 
0 
0 
0 
1 201 
2 540 663 
1 660 
0 
0 
0 
0 
1 34 
2 26 583 
0 
0 
1 252 
1 603 
1 665 
0 
3 43 128 329 
0 
0 
2 47 525 
1 272 
1 642 
1 621 
1 51 
2 223 641 
2 215 216 
2 86 653 
0 
1 598 
3 94 271 440 
2 51 305 
670 338
2 9 434 
2 200 547 
4 146 201 533 539 
0 
1 569 
1 321 
3 31 392 576 
3 309 635 646 
1 131 
4 0 262 352 535 
1 286 
0 
2 83 415 
0 
2 652 658 
1 522 
1 379 
0 
0 
0 
2 296 458 
2 164 182 
0 
1 522 
2 142 388 
2 88 561 
0 
1 63 
2 31 165 
2 273 469 
1 206 
3 6 28 503 
2 123 459 
1 466 
2 385 409 
0 
0 
1 559 
1 603 
0 
2 234 352 
1 367 
1 666 
1 411 
0 
1 547 
0 
1 408 
0 
1 376 
0 
1 425 
1 381 
1 155 
1 131 
1 580 
0 
0 
2 110 266 
1 428 
1 379 
0 
1 599 
3 27 308 406 
0 
0 
2 71 272 
0 
1 472 
1 582 
1 545 
2 66 379 
3 282 430 602 
0 
0 
2 84 543 
1 555 
0 
0 
3 213 338 381 
1 193 
1 121 
3 313 346 574 
3 12 354 605 
2 75 317 
1 406 
0 
0 
2 25 551 
1 100 
2 487 546 
3 148 165 437 
0 
1 219 
0 
1 351 
1 515 
2 105 387 
1 188 
1 542 
2 89 440 
0 
0 
0 
4 207 215 498 519 
2 97 646 
3 115 136 522 
0 
1 457 
0 
1 58 
0 
0 
0 
0 
3 106 117 471 
0 
1 115 
0 
3 233 386 649 
1 663 
1 81 
0 
2 32 350 
2 581 604 
1 564 
0 
0 
2 186 204 
2 439 591 
1 170 
3 8 54 317 
1 492 
0 
0 
0 
1 106 
1 351 
0 
0 
2 154 252 
0 
1 24 
0 
0 
1 541 
2 2 297 
1 396 
1 91 
0 
0 
0 
0 
0 
2 140 240 
1 53 
0 
0 
1 267 
0 
1 564 
0 
0 
1 265 
1 21 
3 28 91 507 
1 275 
3 195 317 600 
0 
1 270 
5 130 224 242 284 468 
0 
0 
0 
0 
0 
0 
1 359 
1 332 
0 
1 375 
1 228 
3 21 276 603 
0 
2 521 643 
2 391 482 
1 128 
3 248 413 638 
2 98 404 
0 
0 
0 
1 344 
3 80 203 243 
0 
3 167 453 503 
0 
1 535 
0 
0 
3 1 341 517 
1 2 
2 222 661 
2 193 651 
1 128 
0 
2 30 443 
1 104 
1 230 
0 
0 
1 499 
1 486 
2 79 492 
0 
1 104 
0 
0 
1 546 
1 93 
0 
1 521 
2 202 609 
1 364 
1 170 
1 421 
1 604 
0 
1 181 
0 
2 208 297 
1 628 
2 590 601 
2 119 261 
1 40 
0 
0 
0 
0 
0 
3 154 454 460 
0 
1 170 
2 193 500 
0 
2 521 552 
0 
1 397 
2 187 521 
0 
0 
2 295 518 
1 140 
0 
0 
0 
1 388 
0 
0 
0 
0 
2 233 640 
2 9 536 
2 353 533 
1 421 
3 163 280 335 
1 58 
1 158 
0 
1 634 
1 169 
0 
1 66 
2 29 576 
2 386 630 
3 166 504 621 
4 182 386 387 605 
1 390 
0 
1 588 
2 265 573 
0 
1 72 
2 427 440 
2 170 446 
0 
2 10 327 
0 
2 315 477 
2 315 446 
0 
0 
0 
1 477 
1 620 
1 251 
2 20 464 
2 146 230 
0 
0 
0 
0 
1 379 
1 377 
0 
1 578 
1 321 
1 336 
1 63 
2 7 364 
0 
0 
0 
2 82 457 
1 422 
2 288 289 
0 
4 84 131 167 621 
0 
0 
2 439 500 
2 5 306 
1 409 
1 598 
0 
1 337 
1 545 
1 286 
2 349 524 
0 
1 583 
0 
2 178 452 
0 
0 
3 265 496 629 
1 307 
1 325 
3 79 400 436 
1 485 
0 
1 200 
0 
0 
2 192 401 
0 
1 82 
3 488 559 624 
2 504 637 
1 328 
1 123 
3 95 137 595 
2 9 40 
2 263 623 
1 83 
0 
0 
1 588 
0 
1 177 
1 537 
0 
0 
0 
2 223 309 
0 
0 
2 41 580 
1 505 
1 468 
0 
1 514 
0 
0 
0 
1 180 
1 49 
1 303 
1 532 
4 16 60 71 302 
0 
2 52 79 
1 597 
1 423 
0 
1 34 
4 119 274 276 455 
2 97 276 
4 24 256 489 566 
0 
2 277 577 
1 185 
2 6 440 
0 
0 
0 
1 147 
1 247 
0 
2 470 512 
3 338 602 637 
3 344 404 445 
1 529 
1 575 
2 188 401 
0 
2 63 85 
1 435 
1 47 
4 34 322 524 635 
0 
1 43 
0 
1 187 
0 
3 12 424 540 
0 
0 
0 
0 
1 528 
2 225 264 
1 314 
1 383 
2 415 542 
1 51 
1 457 
1 283 
1 59 
0 
1 72 
0 
0 
0 
2 0 504 
2 407 532 
2 338 483 
2 91 444 
0 
3 129 320 595 
4 100 283 392 587 
0 
0 
1 206 
1 437 
1 401 
2 284 289 
0 
0 
1 558 
0 
0 
2 332 523 
1 195 
1 240 
1 386 
0 
3 108 313 426 
1 20 
1 32 
1 240 
1 466 
0 
0 
1 296 
0 
3 33 461 578 
0 
3 170 369 630 
1 29 
1 399 
2 115 530 
1 68 
0 
0 
0 
1 646 
2 288 293 
0 
0 
0 
0 
2 185 631 
1 436 
0 
2 339 501 
2 212 572 
1 90 
1 347 
2 388 624 
0 
0 
2 132 213 
0 
0 
0 
1 335 
0 
1 104 
1 211 
2 243 320 
1 485 
0 
2 31 195 
4 275 348 434 633 
1 368 
0 
1 165 
0 
0 
0 
2 556 642 
1 399 
0 
1 371 
2 96 549 
0 
2 200 660 
1 251 
2 104 548 
0 
4 184 221 245 248 
3 15 23 106 
2 452 533 
3 328 409 653 
0 
0 
0 
1 420 
1 402 
1 471 
1 583 
2 378 435 
3 2 263 523 
0 
2 9 197 
2 262 562 
1 360 
0 
4 2 601 641 658 
1 415 
1 145 
2 99 424 
1 75 
0 
2 70 326 
3 90 218 612 
2 1 45 
2 519 644 
1 515 
0 
1 88 
2 245 662 
1 624 
0 
1 76 
1 511 
0 
1 449 
2 37 347 
0 
1 25 
1 536 
0 
2 125 160 
0 
2 388 576 
0 
0 
1 4 
0 
0 
1 486 
1 280 
2 82 596 
1 403 
3 6 273 566 
1 390 
2 305 466 
0 
2 55 367 
1 124 
1 69 
2 330 531 
0 
0 
0 
1 440 
2 279 357 
0 
1 232 
1 129 
0 
0 
0 
2 351 439 
1 574 
1 382 
1 323 
1 62 
1 167 
2 232 539 
2 72 400 
2 38 182 
2 124 226 
2 83 276 
0 
0 
0 
1 222 
0 
0 
1 546 
0 
1 643 
0 
0 
0 
0 
0 
1 294 
3 275 317 660 
0 
1 353 
3 347 489 553 
0 
0 
0 
1 231 
1 335 
2 274 468 
1 482 
0 
1 504 
2 269 639 
2 7 409 
0 
2 348 400 
1 187 
1 634 
1 261 
1 539 
1 511 
2 184 614 
1 548 
0 
3 7 105 476 
1 653 
0 
1 119 
0 
1 203 
1 14 
2 524 647 
0 
0 
0 
0 
2 14 539 
0 
2 517 621 
1 202 
1 552 
1 120 
0 
0 
1 42 
0 
0 
0 
