70 32
1 65 
0 
0 
2 15 62 
0 
0 
1 31 
0 
1 9 
3 8 19 28 
1 30 
1 14 
1 45 
1 65 
1 11 
3 3 21 61 
0 
0 
1 61 
3 9 28 45 
0 
2 15 32 
0 
1 31 
2 41 62 
1 62 
2 47 64 
1 59 
2 9 19 
0 
1 10 
2 6 23 
1 21 
0 
0 
1 38 
0 
0 
1 35 
1 55 
1 51 
1 24 
0 
1 57 
0 
2 12 19 
0 
1 26 
0 
1 59 
0 
3 40 57 64 
0 
0 
0 
2 39 59 
0 
2 43 51 
0 
3 27 49 55 
0 
2 15 18 
3 3 24 25 
0 
2 26 51 
2 0 13 
0 
0 
0 
0 
70 30
0 
0 
0 
1 32 
3 17 36 38 
1 11 
1 50 
1 32 
3 19 36 41 
1 14 
2 21 52 
1 5 
1 43 
1 21 
1 9 
1 68 
0 
1 4 
0 
1 8 
1 37 
2 10 13 
1 48 
1 69 
0 
1 34 
1 69 
0 
0 
1 37 
1 60 
0 
2 3 7 
0 
1 25 
0 
2 4 8 
2 20 29 
1 4 
1 48 
1 56 
1 8 
0 
2 12 64 
1 47 
0 
0 
1 44 
2 22 39 
0 
1 6 
0 
1 10 
0 
0 
2 66 68 
1 40 
0 
0 
0 
1 30 
0 
0 
1 64 
2 43 63 
0 
1 55 
0 
2 15 55 
2 23 26 
