720 354
1 278 
0 
0 
0 
0 
2 363 458 
0 
0 
1 619 
2 288 703 
1 464 
1 462 
0 
0 
0 
0 
2 299 375 
1 621 
0 
2 382 653 
0 
2 502 664 
1 395 
1 699 
0 
2 272 557 
1 206 
1 64 
0 
0 
3 124 389 435 
0 
1 641 
0 
0 
2 557 578 
0 
1 319 
1 590 
0 
2 309 349 
0 
0 
1 637 
2 79 261 
0 
1 80 
3 167 289 498 
1 653 
2 103 385 
2 311 537 
0 
0 
0 
1 574 
0 
1 681 
2 176 641 
1 252 
0 
0 
1 630 
0 
0 
1 27 
1 637 
0 
0 
0 
0 
1 624 
1 180 
1 188 
3 97 358 384 
1 500 
3 113 326 460 
1 600 
2 156 228 
2 111 328 
2 44 643 
3 46 112 567 
3 294 321 573 
0 
2 177 419 
1 626 
1 430 
1 628 
0 
2 330 428 
1 617 
1 451 
1 539 
0 
2 102 176 
2 202 269 
1 600 
0 
1 73 
1 451 
0 
0 
1 370 
1 93 
1 49 
2 445 453 
0 
0 
1 500 
1 494 
1 151 
0 
2 78 274 
1 80 
3 75 191 276 
1 506 
1 478 
0 
0 
0 
2 238 292 
3 444 474 486 
1 449 
2 239 343 
2 468 510 
1 30 
3 608 618 653 
2 343 370 
1 667 
2 319 536 
1 624 
0 
1 247 
1 699 
1 420 
1 518 
0 
1 373 
1 374 
0 
1 564 
0 
0 
0 
2 167 382 
0 
4 151 251 333 561 
1 562 
1 485 
0 
1 547 
1 548 
2 109 145 
0 
0 
0 
2 586 619 
1 77 
0 
0 
0 
0 
0 
2 487 685 
0 
1 702 
1 512 
0 
3 47 143 466 
2 218 433 
3 280 687 713 
3 173 687 715 
3 185 232 686 
1 480 
1 170 
0 
2 228 541 
2 57 93 
2 83 638 
0 
0 
1 71 
2 297 670 
1 399 
2 421 547 
0 
2 171 503 
1 445 
0 
1 72 
3 440 449 576 
0 
1 113 
2 233 310 
0 
1 645 
0 
1 648 
1 355 
1 292 
0 
1 487 
0 
1 94 
1 426 
1 364 
1 444 
2 26 216 
0 
1 344 
1 585 
0 
3 276 319 561 
1 389 
1 405 
1 621 
0 
1 206 
3 222 433 632 
1 168 
0 
1 373 
1 260 
1 217 
1 225 
1 629 
1 223 
2 407 635 
2 463 638 
2 77 175 
2 292 313 
1 506 
1 288 
2 171 344 
3 192 410 473 
1 379 
1 355 
0 
0 
1 119 
1 122 
2 397 568 
1 599 
1 560 
0 
0 
0 
0 
1 131 
0 
1 486 
0 
2 145 520 
1 58 
0 
0 
0 
1 574 
0 
1 408 
0 
2 221 572 
2 44 624 
2 294 678 
0 
0 
0 
0 
0 
1 618 
1 94 
1 622 
0 
1 25 
2 338 554 
3 111 396 567 
0 
3 113 211 456 
1 531 
2 0 291 
1 329 
1 169 
0 
1 699 
0 
0 
0 
0 
0 
2 9 231 
1 47 
0 
2 278 489 
3 119 198 229 
0 
3 81 262 486 
0 
0 
3 181 532 685 
1 631 
1 16 
0 
0 
0 
0 
2 673 712 
0 
0 
0 
0 
3 40 394 612 
2 192 684 
1 50 
0 
2 229 566 
1 545 
2 329 488 
1 482 
1 348 
1 712 
5 37 128 211 433 660 
0 
1 81 
1 453 
3 375 442 695 
0 
0 
2 75 567 
1 406 
1 78 
2 279 315 
1 88 
1 568 
1 640 
1 145 
2 423 696 
0 
3 356 421 585 
2 516 700 
2 273 356 
0 
0 
0 
0 
4 122 126 497 699 
2 208 232 
0 
0 
1 711 
1 317 
1 40 
0 
1 673 
0 
0 
0 
2 197 235 
2 336 338 
0 
2 73 441 
0 
0 
1 576 
3 435 550 663 
1 5 
1 204 
1 409 
0 
2 554 638 
1 570 
1 402 
3 101 126 709 
1 476 
0 
3 136 220 646 
2 137 386 
2 16 323 
0 
2 573 617 
0 
1 234 
0 
0 
3 19 143 410 
0 
3 73 427 511 
1 49 
3 374 572 656 
0 
1 430 
2 30 212 
0 
0 
0 
1 697 
1 309 
1 22 
1 274 
2 240 415 
0 
1 182 
0 
1 557 
2 369 557 
0 
1 498 
1 213 
2 327 593 
1 226 
1 258 
1 365 
2 233 382 
0 
0 
0 
1 521 
1 397 
1 716 
0 
0 
1 83 
1 133 
2 183 336 
0 
1 334 
2 425 550 
1 424 
2 203 485 
1 384 
2 88 644 
0 
2 85 388 
0 
1 545 
4 168 217 319 564 
0 
2 30 362 
0 
1 519 
0 
0 
1 189 
2 358 664 
3 323 616 630 
0 
3 120 205 585 
3 104 186 638 
0 
2 664 694 
0 
2 121 189 
0 
2 90 98 
0 
2 104 322 
0 
0 
1 276 
1 644 
1 5 
0 
1 75 
0 
1 11 
1 227 
1 10 
0 
1 167 
0 
1 123 
0 
0 
2 570 595 
0 
1 233 
1 120 
1 550 
2 371 550 
0 
1 115 
1 674 
1 172 
1 609 
2 316 707 
0 
0 
2 147 426 
3 120 249 294 
2 162 200 
1 315 
1 291 
0 
1 492 
3 491 583 664 
0 
1 108 
0 
0 
1 343 
2 47 404 
0 
3 74 107 582 
1 515 
1 21 
1 185 
0 
0 
2 114 230 
0 
0 
0 
1 123 
1 384 
1 165 
0 
1 547 
2 501 648 
1 337 
0 
1 134 
1 437 
1 251 
1 414 
0 
0 
0 
1 690 
1 581 
0 
0 
0 
0 
1 277 
1 297 
0 
0 
0 
1 128 
1 50 
1 565 
1 91 
1 608 
1 175 
1 620 
1 643 
0 
2 314 432 
0 
4 149 183 514 681 
1 150 
1 644 
4 362 424 475 476 
0 
0 
0 
2 273 367 
0 
0 
4 25 35 401 402 
0 
0 
2 242 577 
2 145 211 
1 146 
0 
2 139 433 
1 538 
3 313 706 719 
4 80 274 326 605 
2 240 331 
0 
2 368 471 
0 
2 260 386 
2 81 377 
2 54 256 
0 
3 189 361 673 
2 560 650 
1 35 
0 
1 719 
1 526 
1 500 
2 492 629 
0 
4 209 336 444 682 
1 155 
0 
0 
0 
1 38 
0 
0 
1 406 
0 
1 471 
0 
0 
1 655 
2 241 620 
2 76 95 
0 
0 
0 
0 
1 567 
2 639 693 
0 
2 125 540 
1 481 
1 671 
0 
1 309 
0 
0 
1 686 
2 442 719 
2 89 377 
2 125 268 
2 8 155 
3 542 599 664 
2 17 214 
1 270 
0 
3 70 129 261 
0 
1 84 
0 
1 86 
2 224 583 
3 61 442 688 
2 298 701 
1 217 
0 
0 
1 226 
1 640 
2 43 65 
4 177 227 367 445 
1 606 
2 332 636 
2 32 57 
0 
2 79 543 
3 428 457 549 
1 194 
1 373 
0 
2 196 515 
0 
1 577 
0 
0 
3 19 48 125 
0 
1 598 
1 386 
0 
0 
0 
1 319 
0 
0 
1 362 
5 21 441 447 492 620 
0 
0 
1 127 
0 
0 
1 181 
1 610 
0 
3 304 351 576 
1 479 
0 
0 
0 
1 262 
0 
0 
2 56 547 
1 585 
0 
1 310 
2 162 297 
2 171 615 
2 169 170 
1 630 
0 
1 525 
0 
0 
1 606 
1 447 
1 323 
1 334 
1 393 
0 
4 23 132 282 343 
1 337 
1 631 
1 164 
1 9 
0 
0 
1 566 
1 482 
0 
1 370 
0 
1 347 
2 304 318 
1 169 
0 
1 170 
1 416 
0 
0 
3 566 580 616 
720 377
1 573 
0 
0 
1 58 
1 178 
1 109 
0 
1 536 
1 37 
0 
0 
1 201 
4 141 305 354 438 
2 255 342 
0 
1 141 
3 454 503 616 
1 525 
0 
2 219 623 
1 143 
1 28 
1 351 
0 
0 
2 301 473 
0 
1 527 
1 21 
2 215 704 
2 251 380 
1 378 
0 
1 624 
1 254 
0 
2 335 369 
1 8 
0 
2 113 271 
2 461 667 
0 
0 
0 
3 396 550 613 
1 118 
0 
1 248 
4 300 420 431 648 
1 417 
1 98 
2 112 503 
0 
0 
2 522 603 
1 104 
1 390 
0 
1 3 
1 414 
3 96 332 515 
0 
1 127 
2 495 689 
2 422 474 
0 
1 369 
0 
2 104 184 
1 551 
1 702 
0 
1 385 
0 
4 110 305 646 680 
1 577 
0 
0 
1 566 
2 377 716 
1 301 
0 
2 363 613 
0 
3 380 418 535 
4 351 432 612 663 
0 
1 361 
3 439 624 664 
0 
0 
0 
1 195 
1 607 
1 324 
1 617 
3 60 500 522 
1 551 
3 50 417 498 
2 225 636 
1 143 
1 701 
1 160 
1 170 
3 55 68 534 
0 
0 
3 133 151 372 
0 
2 5 487 
3 74 290 585 
0 
1 51 
1 39 
1 674 
0 
1 674 
1 645 
2 45 643 
2 433 499 
1 271 
1 357 
1 560 
2 282 361 
1 153 
0 
1 183 
1 62 
0 
0 
1 220 
0 
1 499 
2 107 163 
2 319 500 
0 
0 
0 
1 534 
1 451 
1 692 
4 12 15 279 426 
1 351 
2 20 100 
1 400 
2 273 425 
2 446 471 
1 568 
1 335 
0 
0 
2 107 676 
1 512 
4 124 159 392 670 
1 330 
1 335 
1 294 
0 
0 
2 153 306 
1 102 
1 231 
1 674 
1 133 
0 
0 
2 299 619 
2 205 371 
0 
0 
2 103 181 
1 691 
0 
1 433 
1 363 
0 
1 496 
1 609 
2 4 624 
0 
2 583 716 
2 170 628 
0 
1 126 
4 68 189 338 535 
1 363 
0 
1 195 
1 588 
1 184 
1 376 
1 279 
1 313 
0 
1 290 
4 92 187 303 558 
0 
0 
3 258 611 632 
0 
1 629 
1 11 
2 204 260 
0 
2 202 554 
2 167 306 
3 293 575 633 
0 
0 
0 
0 
2 297 589 
0 
0 
0 
1 29 
2 322 326 
0 
1 241 
1 19 
1 130 
2 260 380 
0 
0 
0 
1 99 
0 
0 
1 415 
0 
2 681 717 
3 161 328 428 
0 
3 287 304 711 
1 663 
0 
0 
1 607 
1 645 
0 
0 
1 218 
1 650 
2 514 574 
1 298 
0 
1 398 
0 
1 47 
0 
0 
3 30 260 368 
0 
1 603 
2 34 411 
1 13 
1 388 
1 309 
2 198 510 
2 266 366 
6 202 221 251 362 432 473 
1 439 
0 
2 354 668 
1 525 
0 
2 259 558 
1 340 
0 
1 613 
2 492 558 
2 39 120 
0 
1 145 
0 
0 
0 
1 663 
0 
3 141 191 483 
1 352 
1 517 
2 123 504 
0 
1 585 
2 419 639 
1 563 
1 233 
1 383 
0 
2 110 194 
0 
0 
1 206 
2 156 398 
0 
1 412 
2 211 674 
2 244 553 
2 166 714 
1 48 
4 25 80 304 603 
0 
1 195 
2 233 301 
2 12 74 
4 159 205 446 546 
1 380 
2 310 418 
2 257 673 
1 308 
1 666 
0 
2 192 631 
0 
1 709 
2 592 643 
1 504 
0 
2 134 670 
1 336 
0 
1 216 
1 433 
2 94 509 
0 
1 216 
1 441 
2 231 333 
0 
2 154 352 
1 474 
1 60 
3 328 340 570 
1 597 
4 36 148 155 611 
1 320 
0 
1 184 
1 534 
2 267 333 
1 547 
3 13 467 575 
0 
2 376 608 
0 
0 
0 
0 
1 414 
0 
4 22 85 142 481 
2 280 330 
0 
3 12 263 685 
0 
0 
3 121 456 665 
0 
1 574 
0 
2 87 123 
2 260 483 
3 82 174 185 
0 
0 
1 259 
1 447 
1 251 
2 36 66 
0 
1 167 
1 107 
1 597 
0 
1 547 
4 190 344 593 597 
1 79 
1 31 
0 
4 30 84 221 307 
1 386 
0 
1 288 
2 508 652 
1 72 
1 381 
0 
1 256 
0 
1 56 
1 706 
1 153 
1 697 
0 
0 
2 44 596 
0 
2 246 294 
0 
1 144 
1 424 
2 551 683 
0 
0 
2 584 627 
1 665 
3 481 686 688 
0 
1 497 
1 541 
1 254 
2 296 497 
2 504 636 
3 59 349 506 
2 228 556 
0 
2 49 98 
2 84 308 
1 285 
1 48 
1 479 
1 64 
0 
2 401 650 
1 145 
2 141 568 
0 
1 231 
1 490 
1 716 
1 48 
2 85 260 
3 119 173 323 
0 
0 
0 
0 
1 12 
3 88 261 447 
0 
1 327 
0 
0 
1 548 
0 
2 146 306 
4 367 439 457 572 
1 451 
0 
1 687 
2 139 448 
1 562 
0 
1 16 
1 512 
1 357 
1 447 
0 
1 714 
0 
2 40 503 
0 
1 672 
1 715 
1 605 
1 516 
1 342 
1 480 
0 
1 479 
1 146 
0 
2 25 260 
2 64 331 
0 
0 
0 
0 
2 421 470 
1 468 
3 351 407 578 
0 
2 279 362 
0 
1 686 
0 
1 109 
0 
0 
1 429 
0 
1 270 
0 
0 
1 63 
2 176 624 
2 409 412 
1 98 
3 119 132 520 
2 96 134 
1 648 
0 
3 16 51 461 
3 282 317 413 
2 620 706 
1 414 
1 513 
1 384 
1 324 
1 258 
1 534 
2 152 455 
1 507 
1 243 
1 60 
2 466 564 
1 281 
0 
0 
2 499 670 
1 705 
2 54 96 
0 
0 
3 17 264 549 
1 663 
2 27 567 
0 
0 
0 
1 624 
0 
0 
4 104 138 339 511 
2 84 184 
1 7 
0 
0 
0 
0 
1 410 
0 
2 547 576 
0 
2 560 656 
1 306 
3 341 375 543 
1 444 
1 525 
2 44 603 
3 69 97 402 
0 
1 298 
2 204 629 
0 
2 415 698 
0 
3 195 266 270 
0 
2 122 545 
0 
2 452 576 
1 286 
1 516 
1 701 
1 78 
1 527 
2 147 426 
0 
1 333 
0 
1 447 
1 0 
3 243 359 669 
3 206 342 614 
2 543 562 
1 75 
1 481 
0 
0 
1 593 
0 
1 180 
1 405 
2 110 284 
1 652 
0 
1 188 
1 211 
0 
0 
1 316 
3 376 581 684 
0 
0 
1 396 
3 334 373 376 
0 
0 
0 
0 
1 684 
4 54 253 301 550 
0 
1 465 
1 678 
2 93 237 
2 344 689 
1 177 
0 
2 198 335 
1 85 
4 44 82 269 692 
1 575 
0 
1 16 
1 95 
0 
1 166 
1 505 
0 
0 
1 19 
5 33 88 178 496 531 
0 
0 
1 405 
1 181 
3 200 554 637 
0 
1 313 
1 198 
1 206 
0 
0 
2 99 413 
1 629 
0 
1 285 
0 
0 
0 
2 118 316 
0 
2 117 238 
1 74 
1 653 
2 48 501 
0 
2 242 424 
0 
3 384 586 716 
1 647 
0 
0 
1 545 
0 
0 
0 
0 
0 
0 
4 85 234 277 526 
1 88 
2 357 406 
1 311 
1 40 
1 263 
1 574 
3 153 319 520 
0 
1 463 
1 309 
4 114 116 162 297 
0 
1 151 
0 
1 606 
0 
1 74 
1 230 
0 
1 402 
2 593 602 
1 354 
2 407 485 
1 450 
1 407 
2 63 608 
0 
1 171 
2 140 613 
0 
0 
0 
0 
1 393 
1 556 
0 
0 
2 101 565 
1 70 
0 
1 29 
1 521 
2 391 505 
0 
0 
1 315 
0 
1 233 
0 
0 
2 299 459 
1 464 
4 79 180 430 652 
1 230 
0 
0 
