740 365
1 278 
0 
0 
0 
0 
2 263 358 
0 
0 
1 459 
2 108 523 
1 264 
1 242 
0 
0 
0 
1 702 
1 55 
1 281 
1 722 
1 273 
0 
3 82 244 672 
0 
1 239 
1 486 
2 57 399 
0 
0 
0 
3 233 498 544 
0 
1 708 
0 
0 
2 561 582 
0 
1 281 
1 531 
0 
2 208 248 
0 
0 
2 473 590 
1 76 
1 547 
2 612 734 
1 250 
2 384 504 
2 95 690 
1 226 
0 
0 
0 
1 179 
0 
3 16 244 401 
2 183 455 
1 25 
0 
0 
1 88 
0 
0 
1 686 
0 
0 
0 
0 
1 563 
1 97 
2 83 638 
2 231 257 
2 351 608 
2 155 289 
3 407 605 677 
1 537 
2 43 91 
2 384 492 
3 286 651 678 
1 270 
2 488 730 
0 
2 21 257 
1 70 
1 215 
2 526 624 
0 
2 138 601 
2 60 666 
0 
2 183 257 
3 76 260 327 
1 635 
0 
0 
2 48 417 
0 
1 69 
1 267 
0 
0 
2 273 281 
0 
0 
1 259 
2 230 497 
0 
1 572 
1 9 
2 441 526 
0 
1 680 
0 
0 
0 
2 344 398 
3 526 556 568 
1 507 
2 273 377 
2 478 520 
0 
3 570 580 615 
2 281 308 
1 581 
2 209 426 
1 490 
1 677 
0 
1 493 
1 190 
1 264 
1 678 
1 654 
0 
0 
1 190 
0 
0 
3 87 297 512 
0 
4 231 331 413 641 
1 617 
1 515 
0 
1 527 
1 503 
0 
0 
0 
0 
2 416 449 
0 
0 
0 
0 
1 73 
1 724 
1 340 
0 
2 307 671 
0 
1 573 
2 299 514 
1 335 
4 167 193 202 716 
4 170 188 235 689 
0 
1 164 
1 697 
1 440 
1 165 
1 485 
0 
0 
1 604 
2 413 679 
1 674 
1 238 
1 702 
2 53 617 
0 
0 
3 531 540 667 
2 56 90 
0 
2 243 320 
0 
1 601 
1 165 
1 550 
4 129 135 230 688 
0 
0 
2 164 281 
0 
0 
1 592 
1 644 
1 388 
0 
1 460 
1 673 
1 164 
3 308 351 593 
1 393 
1 381 
1 569 
0 
2 39 616 
3 124 297 496 
0 
1 680 
1 538 
0 
1 445 
1 84 
1 297 
1 540 
2 247 567 
1 222 
1 338 
1 523 
2 219 276 
1 303 
2 340 403 
1 280 
2 49 227 
1 226 
0 
0 
3 105 190 632 
3 71 140 295 
2 297 735 
1 29 
0 
1 165 
0 
0 
1 177 
2 23 451 
0 
1 425 
1 11 
1 185 
2 21 55 
0 
1 329 
2 218 594 
1 39 
1 696 
2 46 717 
1 356 
1 253 
1 252 
0 
0 
0 
4 71 82 90 494 
0 
2 104 436 
1 91 
1 536 
2 562 733 
1 5 
3 10 130 558 
1 601 
1 329 
2 98 335 
0 
0 
2 79 609 
0 
0 
3 19 101 118 
0 
0 
1 222 
0 
2 0 571 
0 
1 225 
6 17 36 101 122 193 469 
0 
0 
2 416 569 
1 482 
1 78 
0 
0 
1 73 
0 
2 326 365 
0 
0 
0 
3 231 325 543 
1 581 
4 138 209 216 232 
0 
2 162 361 
3 306 494 653 
1 612 
1 443 
1 223 
3 337 458 685 
0 
1 300 
3 159 373 691 
4 122 203 327 580 
0 
0 
2 347 578 
0 
0 
0 
1 596 
1 632 
0 
2 343 616 
2 623 688 
2 185 433 
3 328 512 549 
0 
0 
0 
1 295 
3 291 505 707 
2 91 308 
1 321 
2 246 266 
1 571 
1 140 
0 
0 
1 385 
2 163 267 
0 
1 304 
1 220 
1 691 
2 157 224 
0 
1 709 
3 318 529 644 
2 115 362 
0 
1 386 
1 311 
2 453 537 
2 430 612 
0 
4 72 203 491 606 
0 
1 696 
1 396 
0 
1 251 
2 463 507 
1 5 
0 
0 
2 299 477 
1 344 
2 412 496 
0 
3 291 475 559 
1 623 
0 
0 
0 
0 
1 680 
0 
1 307 
1 594 
0 
0 
1 118 
1 564 
1 521 
1 734 
1 205 
0 
1 385 
2 47 77 
2 334 383 
1 346 
0 
1 198 
1 666 
0 
0 
1 424 
1 204 
0 
0 
1 354 
0 
3 115 460 585 
1 25 
1 428 
1 55 
1 495 
1 224 
0 
1 545 
1 517 
1 74 
0 
1 613 
0 
0 
1 363 
3 140 175 566 
2 470 484 
1 666 
3 150 284 670 
1 95 
2 598 628 
0 
0 
0 
0 
0 
1 392 
1 241 
2 124 711 
0 
1 400 
0 
1 349 
0 
0 
1 320 
0 
0 
1 259 
0 
1 522 
0 
1 169 
2 109 587 
1 533 
1 302 
0 
2 214 495 
1 614 
1 657 
0 
1 150 
0 
1 239 
0 
1 348 
1 514 
3 56 548 629 
0 
0 
1 304 
1 8 
2 200 398 
1 644 
1 518 
1 357 
0 
0 
0 
0 
0 
1 281 
1 414 
0 
1 578 
2 42 617 
0 
1 365 
0 
1 361 
1 119 
0 
0 
2 552 636 
1 285 
0 
1 414 
1 171 
1 24 
0 
1 80 
0 
2 125 581 
2 351 735 
1 77 
2 128 609 
3 257 300 563 
2 402 445 
2 209 363 
2 105 566 
2 29 629 
0 
0 
0 
0 
1 145 
1 47 
2 326 707 
0 
2 117 357 
0 
0 
3 614 627 665 
0 
2 138 321 
0 
2 162 454 
1 142 
0 
2 406 600 
1 462 
1 648 
1 119 
2 379 532 
2 438 637 
2 9 221 
0 
0 
3 85 109 116 
1 144 
0 
1 343 
2 561 646 
2 37 182 
1 521 
1 442 
1 651 
0 
2 261 718 
2 75 348 
1 212 
1 660 
3 182 217 597 
0 
1 549 
1 295 
1 29 
1 405 
1 730 
2 44 639 
1 455 
3 321 542 622 
1 189 
0 
1 481 
0 
0 
0 
1 116 
0 
1 264 
1 365 
0 
2 34 530 
1 262 
2 68 494 
1 378 
0 
2 413 497 
1 218 
1 116 
2 206 284 
1 121 
2 278 330 
2 107 583 
1 161 
0 
0 
0 
0 
2 311 472 
0 
2 121 308 
3 123 296 490 
2 34 604 
1 572 
0 
1 398 
0 
2 441 669 
0 
0 
1 42 
1 716 
1 196 
1 203 
2 247 374 
0 
1 315 
1 540 
1 418 
0 
1 517 
3 87 187 265 
0 
0 
3 174 582 735 
1 74 
2 351 680 
0 
1 72 
2 270 493 
0 
0 
3 45 301 349 
1 409 
2 446 510 
1 121 
2 208 318 
3 141 179 473 
0 
0 
0 
0 
1 549 
2 319 366 
1 85 
1 634 
0 
1 510 
1 418 
2 455 498 
1 726 
0 
4 230 316 675 724 
1 702 
1 625 
1 92 
1 481 
1 522 
2 70 710 
2 547 697 
0 
1 140 
0 
0 
3 197 343 461 
0 
1 530 
0 
1 519 
0 
0 
2 78 534 
1 696 
1 300 
1 132 
0 
0 
1 447 
0 
0 
1 539 
0 
0 
0 
0 
3 510 672 721 
3 88 389 415 
2 182 689 
0 
1 587 
1 416 
1 159 
2 21 665 
1 201 
1 176 
1 632 
1 697 
2 74 126 
2 78 131 
1 175 
4 111 211 371 606 
0 
0 
0 
0 
1 304 
1 63 
0 
2 190 319 
2 165 667 
1 48 
2 307 339 
0 
0 
0 
0 
3 249 353 652 
4 168 639 676 700 
0 
0 
1 697 
0 
3 15 178 633 
0 
0 
0 
0 
3 326 505 739 
1 31 
1 342 
1 638 
1 426 
0 
0 
0 
1 738 
2 164 591 
1 250 
1 536 
0 
0 
1 665 
1 18 
0 
2 156 632 
0 
1 630 
0 
0 
0 
2 80 546 
0 
0 
1 262 
2 45 380 
3 232 491 604 
0 
0 
1 715 
1 707 
740 381
1 306 
1 588 
0 
0 
2 415 587 
0 
1 559 
0 
2 165 654 
2 160 289 
1 246 
0 
2 410 725 
0 
1 722 
1 32 
0 
2 374 532 
1 680 
1 166 
0 
0 
3 447 601 664 
1 127 
0 
1 173 
4 183 303 314 531 
2 258 608 
1 579 
1 260 
0 
0 
4 15 153 234 399 
1 642 
0 
0 
0 
2 412 595 
0 
1 121 
2 446 640 
2 330 382 
0 
1 191 
2 534 614 
0 
1 244 
1 352 
1 639 
0 
2 276 471 
3 124 158 699 
0 
0 
1 556 
2 323 662 
1 203 
0 
2 177 427 
0 
4 106 144 261 711 
3 114 294 345 
1 631 
1 664 
2 174 214 
0 
0 
1 240 
1 607 
1 279 
1 527 
2 365 387 
1 371 
3 192 273 620 
2 366 492 
0 
2 341 417 
1 381 
1 699 
0 
0 
3 160 178 399 
0 
1 422 
2 179 474 
0 
0 
0 
1 379 
0 
1 287 
1 212 
3 164 554 620 
1 345 
1 384 
1 540 
3 215 294 681 
0 
1 615 
0 
0 
0 
1 460 
0 
0 
1 259 
3 60 367 548 
0 
0 
0 
1 390 
1 259 
2 452 617 
2 138 640 
1 61 
1 591 
2 415 567 
2 539 564 
0 
1 330 
0 
1 39 
1 524 
2 311 524 
4 51 142 420 645 
1 600 
1 509 
1 23 
0 
1 371 
0 
1 196 
1 589 
0 
0 
1 617 
3 334 472 638 
0 
1 113 
1 295 
0 
1 156 
2 124 394 
1 273 
1 60 
1 304 
1 366 
1 330 
0 
2 187 320 
1 181 
0 
3 175 324 521 
2 32 297 
1 609 
0 
2 141 366 
1 631 
2 51 481 
1 462 
2 9 81 
1 333 
2 293 548 
0 
2 92 663 
3 8 442 463 
1 19 
1 354 
2 393 449 
0 
1 635 
1 333 
3 266 548 606 
1 25 
1 64 
1 152 
1 562 
2 58 292 
1 81 
1 84 
0 
2 150 312 
1 677 
1 26 
0 
2 528 648 
0 
1 149 
0 
0 
0 
1 43 
2 73 291 
0 
4 445 481 580 680 
0 
2 131 425 
1 307 
1 203 
0 
1 517 
1 498 
0 
2 56 198 
0 
3 275 615 675 
1 341 
0 
1 325 
0 
0 
0 
3 91 423 531 
0 
2 64 648 
2 96 397 
0 
2 256 639 
0 
3 260 476 576 
3 512 582 623 
1 529 
0 
2 324 638 
1 435 
0 
2 348 582 
0 
1 733 
2 551 617 
0 
0 
0 
0 
1 32 
0 
1 295 
1 494 
1 301 
1 404 
2 67 329 
0 
2 286 554 
2 278 635 
1 46 
1 329 
1 10 
0 
0 
0 
1 454 
0 
1 340 
0 
1 353 
1 450 
3 217 394 693 
0 
1 27 
2 105 111 
3 29 219 689 
3 60 311 557 
2 421 529 
1 718 
0 
1 579 
1 172 
1 412 
0 
2 358 695 
1 489 
0 
2 521 586 
2 73 143 
0 
2 205 479 
2 50 487 
0 
2 243 675 
2 69 498 
0 
1 379 
1 432 
1 615 
1 390 
1 348 
2 242 293 
1 90 
0 
2 9 389 
1 710 
3 192 559 667 
1 177 
4 162 286 326 558 
2 61 96 
2 139 236 
0 
2 153 450 
0 
1 373 
0 
1 238 
1 361 
1 26 
3 145 350 559 
0 
2 0 322 
1 197 
1 442 
0 
0 
2 123 261 
2 181 462 
0 
1 26 
0 
0 
1 583 
0 
1 381 
3 149 351 355 
0 
1 306 
2 55 593 
2 152 223 
1 208 
3 293 481 625 
0 
0 
2 240 245 
3 41 119 147 
0 
1 539 
2 161 171 
2 136 372 
0 
1 436 
0 
0 
1 661 
2 252 706 
3 76 206 440 
0 
2 493 536 
2 492 620 
4 61 93 431 433 
1 470 
1 431 
3 226 285 611 
2 534 666 
2 304 452 
2 320 418 
1 47 
1 254 
1 167 
2 320 602 
0 
0 
2 269 515 
1 640 
0 
2 302 678 
0 
1 440 
0 
1 71 
3 74 146 156 
1 106 
0 
1 492 
0 
2 72 129 
1 334 
2 299 508 
1 17 
2 507 622 
1 409 
0 
1 461 
3 88 281 511 
0 
3 77 319 539 
1 41 
0 
1 94 
1 671 
0 
2 71 648 
2 595 739 
2 289 553 
3 110 284 671 
0 
1 474 
1 168 
2 142 256 
0 
0 
1 215 
0 
2 32 81 
1 506 
0 
0 
1 545 
1 239 
0 
0 
0 
0 
1 376 
2 12 667 
0 
3 37 267 571 
0 
1 485 
2 4 116 
1 672 
3 76 436 668 
1 351 
0 
2 124 567 
1 262 
1 83 
2 212 671 
0 
1 196 
1 637 
2 58 558 
0 
1 563 
2 561 657 
2 345 347 
1 282 
2 345 551 
0 
1 224 
2 336 417 
0 
0 
0 
4 341 363 538 567 
2 602 698 
2 165 308 
0 
1 612 
1 194 
2 40 717 
1 22 
1 530 
1 168 
2 255 297 
1 498 
2 112 350 
1 515 
1 250 
0 
0 
1 690 
1 498 
0 
1 102 
2 378 483 
2 159 312 
2 165 664 
0 
0 
0 
1 505 
0 
0 
1 346 
2 50 516 
2 136 701 
1 669 
2 84 392 
1 683 
1 219 
0 
0 
1 275 
0 
4 158 194 326 625 
0 
1 461 
0 
1 414 
0 
2 276 563 
1 720 
1 270 
0 
0 
3 74 344 369 
1 343 
1 237 
0 
0 
0 
4 201 279 451 458 
2 540 691 
0 
0 
0 
1 556 
1 717 
1 467 
1 400 
1 375 
1 373 
2 126 563 
0 
1 379 
2 220 719 
1 540 
1 609 
2 358 453 
1 471 
1 200 
0 
0 
0 
2 152 272 
0 
0 
2 122 123 
0 
0 
1 70 
2 185 611 
2 221 262 
1 448 
2 26 212 
1 17 
0 
2 44 349 
0 
1 343 
0 
1 440 
3 117 332 381 
3 95 499 513 
0 
0 
0 
0 
1 403 
0 
0 
3 106 162 172 
0 
0 
2 229 433 
0 
1 389 
2 92 242 
0 
2 54 503 
1 261 
2 293 427 
3 6 291 304 
1 638 
1 430 
3 176 568 650 
3 429 487 509 
1 117 
1 651 
0 
3 116 420 440 
1 562 
0 
0 
2 412 577 
0 
0 
0 
0 
1 219 
1 571 
0 
2 28 265 
2 194 700 
1 711 
2 220 226 
1 317 
1 592 
1 706 
1 272 
1 4 
1 1 
2 132 657 
0 
1 115 
1 584 
1 323 
0 
2 37 388 
0 
0 
0 
1 687 
1 125 
1 22 
2 355 441 
0 
1 667 
1 662 
1 172 
2 68 697 
1 27 
2 154 514 
0 
3 348 528 661 
1 444 
2 614 730 
2 44 613 
4 98 205 283 628 
0 
3 112 135 229 
1 620 
0 
4 73 92 344 618 
0 
1 375 
1 220 
0 
2 326 481 
0 
1 709 
1 615 
0 
0 
2 62 157 
0 
0 
2 648 698 
2 170 243 
0 
1 426 
3 136 223 560 
2 48 217 
3 40 113 359 
0 
1 33 
0 
0 
1 124 
0 
0 
4 185 214 387 634 
0 
1 562 
1 565 
0 
0 
1 8 
0 
0 
2 430 589 
0 
0 
0 
2 339 611 
2 55 605 
1 164 
3 22 63 463 
0 
1 349 
3 291 410 604 
1 417 
1 473 
0 
3 385 390 423 
1 416 
0 
0 
2 205 278 
0 
1 182 
1 361 
0 
2 18 194 
1 96 
0 
1 475 
1 739 
0 
1 711 
1 599 
0 
1 260 
1 457 
1 499 
0 
2 256 707 
0 
1 269 
0 
1 607 
2 441 634 
2 51 78 
1 580 
1 472 
0 
0 
0 
0 
2 340 585 
1 693 
0 
1 627 
1 290 
3 60 581 686 
0 
0 
0 
0 
0 
2 446 504 
1 263 
1 512 
1 488 
0 
1 14 
0 
0 
1 12 
0 
0 
0 
0 
1 613 
0 
0 
1 228 
0 
0 
0 
0 
0 
2 388 684 
