770 384
1 278 
0 
0 
0 
0 
2 113 208 
0 
0 
2 219 598 
2 253 723 
1 670 
0 
0 
0 
0 
2 252 328 
1 523 
0 
1 453 
0 
2 200 362 
1 42 
1 295 
1 511 
2 51 393 
0 
0 
0 
3 103 368 414 
0 
0 
0 
0 
2 276 297 
0 
0 
1 153 
2 499 539 
0 
0 
1 668 
2 57 239 
2 21 678 
1 711 
2 108 317 
2 419 539 
2 98 693 
1 197 
0 
0 
1 740 
1 24 
1 739 
2 180 645 
1 202 
0 
0 
2 41 418 
0 
0 
0 
1 209 
0 
0 
0 
1 629 
1 130 
2 83 638 
2 198 224 
3 285 542 755 
1 190 
2 275 473 
2 372 589 
0 
3 153 261 716 
3 387 414 666 
0 
1 400 
1 551 
0 
1 441 
1 718 
1 129 
3 67 262 725 
1 756 
0 
2 205 279 
2 248 315 
1 589 
0 
0 
1 269 
0 
1 692 
0 
0 
2 593 601 
0 
1 46 
1 474 
2 410 677 
0 
0 
1 28 
2 481 566 
0 
1 650 
0 
1 44 
0 
2 174 228 
3 321 351 363 
3 267 654 758 
1 5 
2 168 210 
0 
5 190 200 235 518 545 
0 
3 131 374 591 
1 619 
0 
1 122 
2 121 514 
1 175 
1 213 
1 591 
1 531 
0 
1 599 
1 82 
1 66 
2 118 595 
1 173 
3 455 555 637 
1 230 
2 170 665 
0 
1 603 
1 542 
0 
0 
0 
0 
2 270 303 
0 
0 
0 
0 
0 
1 356 
0 
1 445 
1 192 
3 36 74 635 
2 323 538 
4 321 728 754 763 
4 664 692 710 757 
1 599 
0 
0 
0 
1 198 
0 
1 167 
0 
0 
2 172 545 
3 163 209 767 
2 114 292 
1 717 
2 135 593 
0 
1 166 
4 132 390 399 526 
1 110 
3 123 578 655 
0 
0 
1 265 
1 725 
2 53 365 
1 235 
0 
1 296 
0 
0 
1 487 
1 499 
1 203 
0 
3 70 116 195 
1 368 
3 152 499 542 
2 208 543 
1 490 
2 190 637 
0 
2 47 602 
4 68 161 242 441 
0 
3 20 116 543 
1 360 
2 54 751 
1 188 
1 519 
2 86 720 
2 385 705 
1 318 
3 5 193 392 
3 61 167 535 
2 114 246 
1 231 
3 226 289 680 
2 124 584 
0 
0 
0 
0 
2 266 437 
2 8 396 
1 285 
0 
0 
0 
1 68 
0 
1 212 
1 678 
1 110 
0 
1 134 
1 211 
1 362 
1 583 
0 
3 116 181 597 
2 574 701 
1 553 
0 
1 41 
0 
0 
2 198 569 
0 
1 421 
0 
2 210 431 
2 412 583 
1 87 
1 318 
2 316 517 
1 477 
1 15 
1 9 
1 613 
0 
0 
0 
0 
0 
0 
2 74 714 
1 83 
0 
1 471 
1 178 
1 218 
3 112 277 430 
1 296 
1 91 
1 143 
0 
0 
2 353 392 
0 
1 71 
2 33 652 
2 267 378 
2 0 368 
1 86 
1 492 
3 388 576 735 
1 645 
1 427 
1 707 
3 69 220 344 
0 
1 593 
3 430 497 750 
1 212 
0 
2 367 598 
1 168 
0 
0 
2 22 416 
3 183 268 402 
3 33 484 757 
1 713 
2 308 472 
3 316 500 537 
0 
0 
1 143 
1 702 
1 440 
0 
0 
2 299 560 
0 
0 
1 623 
0 
0 
0 
1 87 
3 250 300 664 
1 44 
2 207 249 
2 523 739 
2 405 518 
2 111 155 
1 434 
1 154 
3 393 477 760 
0 
1 711 
1 384 
1 15 
2 366 451 
0 
0 
2 353 397 
0 
0 
1 580 
0 
2 403 487 
0 
2 354 438 
1 446 
0 
0 
0 
2 285 647 
0 
0 
1 390 
0 
0 
1 550 
2 111 449 
1 604 
2 273 332 
2 339 495 
0 
1 149 
0 
0 
0 
2 201 422 
0 
3 20 232 409 
1 111 
0 
1 180 
1 329 
3 291 486 611 
4 28 191 278 732 
0 
1 675 
0 
1 72 
1 539 
2 118 449 
0 
1 751 
0 
1 277 
0 
3 452 681 695 
0 
2 426 753 
0 
3 327 553 583 
1 206 
0 
1 75 
1 281 
0 
2 173 347 
1 531 
2 208 273 
2 24 324 
0 
0 
1 219 
1 332 
0 
1 173 
2 77 663 
0 
1 296 
3 337 524 767 
0 
1 320 
1 522 
1 572 
1 546 
1 362 
1 100 
0 
1 247 
1 629 
4 28 75 592 673 
0 
1 295 
0 
1 57 
3 45 611 762 
0 
1 244 
1 360 
0 
0 
0 
1 382 
1 283 
2 432 737 
0 
2 267 288 
1 246 
1 428 
0 
2 322 739 
1 489 
0 
1 218 
1 339 
0 
1 305 
3 80 198 728 
0 
1 477 
2 519 718 
1 151 
1 340 
1 481 
1 464 
2 351 374 
0 
1 329 
1 380 
2 18 611 
0 
1 133 
2 731 744 
1 470 
0 
0 
0 
1 742 
0 
1 618 
2 448 634 
1 652 
0 
0 
0 
0 
1 457 
3 264 473 558 
1 299 
2 71 471 
2 99 501 
1 681 
0 
4 251 324 443 641 
1 486 
1 543 
0 
2 104 447 
2 638 739 
0 
1 297 
0 
2 367 478 
2 186 337 
0 
1 435 
1 194 
0 
1 280 
0 
0 
1 354 
0 
1 288 
1 702 
3 37 187 192 
1 300 
1 474 
0 
0 
1 733 
0 
0 
0 
1 518 
0 
1 644 
1 23 
0 
0 
1 122 
0 
0 
2 250 711 
4 116 320 508 672 
2 204 444 
0 
0 
1 406 
2 16 319 
1 403 
0 
1 173 
1 749 
0 
0 
1 676 
5 126 391 602 651 735 
0 
0 
2 550 637 
1 209 
0 
1 300 
1 154 
4 37 45 373 685 
0 
0 
3 69 138 192 
3 193 200 479 
3 566 615 728 
2 116 166 
1 408 
1 670 
0 
0 
2 350 534 
1 78 
1 670 
2 237 384 
1 643 
2 133 648 
0 
0 
2 471 595 
0 
1 308 
0 
0 
1 575 
0 
0 
2 104 544 
0 
0 
1 242 
0 
0 
1 407 
1 605 
2 236 582 
1 563 
1 281 
0 
1 175 
0 
1 335 
1 684 
1 574 
3 233 247 384 
1 213 
0 
0 
1 646 
0 
2 72 88 
1 595 
3 118 125 653 
2 414 605 
3 96 170 287 
0 
4 131 558 590 766 
0 
1 235 
2 8 291 
2 128 157 
0 
1 96 
2 197 531 
1 137 
1 352 
3 573 592 700 
0 
1 690 
0 
0 
0 
3 367 419 453 
0 
1 254 
0 
1 544 
2 725 759 
0 
1 463 
1 119 
0 
0 
0 
1 311 
0 
0 
0 
0 
0 
3 65 413 648 
1 667 
0 
0 
0 
1 464 
1 153 
1 723 
3 133 195 534 
3 67 482 666 
0 
0 
1 477 
0 
1 554 
1 510 
2 53 282 
1 587 
1 344 
2 555 629 
0 
1 106 
1 531 
2 276 465 
1 591 
1 112 
1 175 
0 
0 
1 691 
1 735 
1 689 
1 760 
0 
1 400 
2 156 316 
1 135 
2 75 638 
1 630 
1 40 
0 
3 10 547 552 
0 
1 518 
1 414 
0 
1 370 
2 530 735 
1 100 
2 42 227 
0 
1 212 
2 380 475 
0 
0 
2 581 750 
1 539 
2 703 714 
0 
1 768 
1 660 
1 607 
1 658 
2 93 156 
1 46 
1 742 
1 380 
0 
0 
0 
1 732 
1 605 
1 236 
2 304 498 
1 686 
0 
1 206 
0 
1 284 
0 
1 769 
1 156 
3 43 326 517 
0 
1 298 
2 261 686 
0 
2 74 768 
1 169 
2 81 444 
0 
1 205 
0 
0 
2 9 636 
0 
3 83 179 616 
0 
0 
3 155 441 544 
0 
0 
1 456 
2 368 699 
1 504 
0 
4 281 531 659 676 
0 
1 428 
0 
4 52 319 434 482 
1 50 
0 
2 461 694 
0 
1 456 
0 
0 
0 
0 
1 527 
2 288 684 
2 202 376 
0 
1 382 
1 155 
1 69 
1 84 
2 156 297 
1 112 
1 616 
2 324 661 
0 
1 419 
1 155 
0 
0 
1 595 
2 167 403 
2 688 716 
1 709 
770 399
2 638 719 
1 116 
1 298 
0 
0 
1 587 
1 7 
2 6 172 
2 435 629 
2 257 309 
1 752 
0 
2 275 355 
1 616 
1 661 
0 
1 132 
2 396 591 
3 181 215 756 
0 
0 
1 424 
3 128 467 691 
0 
1 537 
1 43 
3 338 376 493 
4 201 282 462 513 
1 735 
1 704 
2 150 190 
0 
0 
0 
2 327 669 
0 
3 119 625 647 
1 566 
3 322 403 750 
2 431 557 
0 
2 276 352 
1 251 
2 25 504 
0 
3 493 511 732 
0 
1 623 
2 314 609 
0 
0 
0 
1 250 
1 741 
1 599 
1 484 
2 227 598 
1 570 
1 659 
3 267 346 733 
0 
1 533 
0 
0 
0 
1 110 
0 
1 409 
2 449 630 
0 
0 
0 
2 200 697 
0 
3 126 291 438 
1 246 
1 753 
2 508 660 
2 563 588 
0 
1 216 
0 
0 
2 203 606 
3 134 367 645 
2 186 755 
1 594 
0 
0 
1 246 
1 609 
0 
1 254 
0 
1 746 
3 392 530 696 
0 
0 
1 140 
1 528 
1 694 
1 501 
0 
1 388 
1 378 
1 270 
1 645 
2 116 566 
0 
2 563 760 
2 65 463 
1 702 
0 
1 313 
1 505 
1 282 
3 1 107 190 
1 566 
1 707 
1 36 
1 674 
2 379 400 
0 
2 143 753 
1 164 
0 
3 74 202 468 
3 326 608 666 
1 22 
0 
0 
2 322 614 
1 16 
0 
1 84 
1 330 
1 619 
0 
0 
2 242 362 
1 98 
0 
0 
1 123 
1 720 
0 
2 718 754 
2 231 331 
1 542 
1 346 
2 30 164 
0 
1 322 
1 225 
0 
0 
3 302 642 702 
1 289 
1 725 
0 
0 
0 
2 503 611 
0 
3 124 150 568 
1 237 
1 538 
1 319 
3 380 596 696 
3 551 621 662 
1 487 
1 717 
3 7 434 746 
0 
2 495 729 
0 
1 716 
2 452 518 
0 
0 
0 
1 18 
0 
1 207 
2 323 631 
1 650 
2 85 491 
0 
3 280 548 768 
1 545 
3 30 116 649 
0 
0 
0 
0 
1 349 
1 637 
0 
1 478 
1 489 
3 72 347 646 
1 27 
1 126 
1 83 
3 298 398 644 
1 529 
1 631 
1 183 
1 318 
1 536 
0 
2 306 643 
1 349 
1 760 
1 270 
1 18 
2 80 451 
1 370 
0 
2 380 663 
0 
1 364 
1 327 
1 420 
1 517 
2 153 371 
0 
2 56 735 
0 
2 424 721 
1 290 
3 147 304 536 
0 
0 
1 594 
0 
0 
1 165 
1 570 
0 
2 371 580 
1 682 
1 139 
1 612 
0 
0 
2 75 89 
1 252 
0 
0 
1 52 
2 42 415 
2 247 537 
2 410 414 
1 92 
0 
1 361 
1 9 
2 468 612 
0 
0 
0 
0 
1 443 
1 582 
0 
1 446 
1 59 
0 
1 371 
4 105 214 316 448 
0 
3 299 342 693 
3 325 530 532 
1 467 
2 12 326 
3 41 404 717 
2 357 532 
1 395 
0 
1 188 
1 654 
2 27 115 
1 740 
0 
0 
1 588 
1 621 
0 
1 157 
1 230 
1 74 
1 513 
0 
0 
1 574 
0 
3 357 472 622 
2 2 204 
2 272 456 
1 397 
1 674 
1 156 
0 
1 231 
1 366 
2 211 585 
3 421 565 729 
1 735 
1 9 
1 314 
0 
0 
1 113 
2 48 310 
0 
2 270 353 
0 
2 208 500 
1 167 
0 
0 
3 38 131 152 
2 184 706 
0 
2 273 376 
3 127 275 498 
2 34 222 
3 449 535 767 
0 
2 135 747 
1 147 
0 
1 491 
0 
1 763 
0 
1 524 
3 26 400 496 
0 
1 452 
0 
1 272 
0 
0 
2 423 452 
4 59 149 362 458 
1 200 
1 417 
3 195 212 689 
0 
0 
2 41 666 
1 316 
1 425 
1 12 
0 
4 277 297 495 584 
0 
1 585 
0 
2 256 502 
2 139 346 
1 624 
1 221 
0 
2 305 501 
2 84 551 
1 384 
1 527 
1 217 
3 225 240 269 
0 
1 442 
0 
0 
3 26 325 725 
1 741 
1 104 
1 121 
2 168 219 
0 
0 
0 
3 368 540 691 
0 
1 739 
1 753 
1 103 
0 
1 619 
0 
2 95 704 
1 669 
0 
1 278 
1 17 
1 300 
1 204 
0 
2 121 338 
1 744 
0 
1 38 
1 276 
0 
0 
0 
0 
1 67 
1 253 
0 
0 
0 
1 253 
1 251 
0 
1 348 
0 
1 542 
3 223 478 560 
2 307 738 
0 
1 345 
3 21 229 649 
1 354 
0 
0 
0 
2 529 698 
1 708 
2 39 638 
0 
1 522 
1 172 
1 8 
0 
1 663 
1 74 
1 667 
2 467 767 
0 
2 373 594 
4 263 474 590 737 
0 
1 446 
2 266 445 
0 
2 270 613 
2 68 328 
2 669 719 
1 216 
3 177 340 345 
0 
0 
0 
1 299 
0 
1 346 
0 
0 
0 
1 27 
2 110 758 
0 
1 488 
0 
3 22 274 440 
2 126 258 
0 
0 
0 
1 297 
0 
1 443 
0 
0 
1 758 
3 198 420 514 
0 
0 
0 
0 
2 539 596 
1 55 
0 
1 619 
2 170 675 
1 465 
1 199 
0 
3 186 333 671 
0 
2 26 45 
0 
2 174 357 
2 338 705 
0 
1 326 
0 
1 318 
3 101 366 665 
2 361 740 
2 162 650 
1 43 
1 114 
0 
0 
2 77 567 
0 
0 
1 45 
2 607 730 
2 27 292 
1 478 
1 765 
0 
1 224 
1 177 
0 
0 
0 
1 433 
0 
2 337 758 
0 
1 689 
1 369 
1 99 
2 205 429 
2 95 273 
1 617 
2 273 277 
1 61 
1 620 
1 328 
2 209 231 
4 24 252 550 650 
2 166 726 
1 483 
1 384 
1 598 
2 148 419 
0 
0 
1 189 
1 640 
1 582 
1 188 
0 
1 537 
2 169 367 
0 
0 
0 
0 
0 
1 39 
0 
1 718 
1 420 
0 
1 641 
2 78 109 
0 
1 307 
3 37 107 117 
1 508 
2 164 625 
0 
3 57 238 688 
1 629 
0 
0 
1 295 
1 699 
1 719 
0 
0 
0 
1 240 
0 
2 264 547 
0 
2 357 599 
3 306 359 649 
0 
1 5 
2 78 286 
1 691 
1 443 
2 17 662 
1 758 
0 
3 86 234 442 
0 
3 168 483 652 
0 
3 56 541 735 
2 54 584 
0 
0 
0 
0 
0 
0 
1 83 
1 512 
1 127 
2 48 90 
1 619 
1 162 
2 243 258 
1 448 
1 131 
0 
1 13 
1 531 
0 
4 136 390 486 610 
2 534 652 
2 169 287 
1 297 
1 47 
1 363 
2 36 568 
1 632 
0 
0 
2 8 571 
1 68 
2 184 206 
2 626 744 
1 684 
2 676 725 
0 
0 
1 196 
2 0 431 
0 
1 546 
1 562 
1 156 
2 211 760 
1 204 
2 84 106 
1 200 
1 36 
0 
4 190 424 585 670 
3 185 503 537 
0 
3 596 620 719 
0 
1 281 
1 753 
0 
0 
0 
2 58 731 
1 77 
1 14 
2 169 591 
3 219 437 743 
0 
1 501 
2 127 352 
1 439 
1 719 
3 34 393 450 
1 649 
1 491 
0 
0 
2 120 301 
1 487 
1 634 
1 715 
1 689 
0 
0 
0 
1 241 
0 
1 633 
0 
0 
0 
1 570 
3 349 526 678 
0 
3 22 384 589 
0 
2 272 695 
1 100 
1 693 
2 95 168 
1 72 
1 429 
1 575 
1 703 
1 714 
2 111 156 
1 700 
2 29 392 
1 496 
1 323 
1 118 
1 430 
0 
0 
0 
0 
0 
1 701 
1 677 
2 176 723 
2 171 276 
2 146 559 
5 0 450 576 652 668 
1 144 
1 229 
0 
1 716 
0 
3 158 376 634 
1 538 
1 764 
0 
2 174 307 
1 512 
1 659 
1 45 
1 59 
0 
4 28 227 308 598 
0 
1 443 
1 421 
1 386 
2 283 502 
3 53 377 750 
0 
1 663 
2 401 632 
0 
2 94 172 
1 330 
0 
0 
2 38 741 
0 
1 10 
4 76 123 387 655 
1 146 
1 85 
1 18 
0 
4 463 477 524 592 
0 
3 109 213 643 
0 
0 
1 335 
1 727 
1 515 
0 
2 328 440 
1 188 
0 
