780 389
1 278 
0 
0 
0 
0 
2 63 158 
0 
0 
2 139 518 
2 163 633 
0 
0 
0 
0 
0 
2 102 178 
1 363 
0 
1 273 
1 759 
2 162 590 
0 
1 75 
2 281 566 
1 153 
0 
0 
1 574 
2 88 134 
0 
0 
0 
2 692 713 
0 
0 
1 536 
0 
2 129 169 
0 
0 
3 268 385 567 
0 
1 258 
3 281 403 612 
1 703 
2 89 371 
2 233 459 
0 
0 
0 
1 240 
0 
2 219 376 
2 115 387 
0 
0 
1 570 
0 
0 
0 
1 317 
0 
0 
1 5 
1 693 
1 183 
2 125 680 
2 229 255 
3 305 562 775 
1 199 
2 273 471 
2 359 576 
0 
3 118 226 681 
3 341 368 620 
1 22 
1 332 
1 472 
0 
1 340 
2 606 704 
0 
2 128 591 
1 611 
1 732 
2 112 763 
1 137 
1 400 
1 28 
2 45 736 
0 
0 
1 448 
0 
0 
2 316 324 
0 
0 
2 164 769 
1 356 
0 
0 
1 15 
2 116 201 
0 
1 263 
0 
0 
2 413 467 
3 548 578 590 
1 482 
2 201 305 
3 85 359 401 
0 
5 357 367 402 685 712 
1 53 
4 103 274 517 734 
1 750 
1 73 
1 229 
1 609 
1 258 
1 284 
1 650 
1 578 
1 66 
1 622 
0 
1 82 
2 37 582 
1 148 
3 418 518 600 
2 181 755 
1 604 
1 28 
1 518 
1 445 
1 86 
0 
1 8 
1 751 
1 146 
0 
0 
0 
0 
2 141 759 
0 
1 130 
2 192 556 
0 
1 661 
2 249 646 
4 24 427 453 462 
4 351 379 397 444 
0 
0 
0 
2 5 445 
0 
1 388 
0 
1 20 
3 9 354 727 
2 98 378 
2 322 448 
0 
2 248 723 
0 
1 37 
3 481 490 617 
0 
2 643 720 
0 
0 
1 291 
1 738 
1 365 
2 15 222 
0 
1 257 
1 132 
0 
2 65 409 
1 693 
0 
1 657 
0 
1 225 
3 343 386 628 
1 374 
1 308 
2 149 442 
0 
2 381 592 
1 207 
0 
2 283 668 
0 
2 69 465 
0 
3 103 111 207 
2 395 623 
2 367 542 
1 602 
1 731 
1 428 
3 195 201 399 
2 380 443 
2 264 724 
0 
0 
0 
0 
2 336 507 
1 452 
1 327 
0 
0 
1 52 
0 
0 
1 178 
1 622 
0 
1 188 
1 73 
0 
1 236 
3 67 119 443 
0 
1 429 
2 392 519 
2 46 357 
0 
0 
1 228 
0 
1 303 
1 666 
1 50 
1 646 
1 612 
1 247 
1 488 
2 471 672 
1 617 
1 243 
1 167 
2 152 708 
0 
0 
0 
0 
0 
1 67 
1 704 
1 180 
2 42 121 
1 416 
0 
1 694 
2 330 697 
1 105 
1 209 
0 
0 
2 674 713 
1 40 
0 
0 
2 417 635 
1 609 
2 18 70 
2 116 701 
2 581 769 
1 425 
1 320 
1 0 
2 352 473 
0 
3 23 43 690 
2 511 578 
2 197 335 
1 122 
2 400 631 
0 
0 
0 
1 385 
1 355 
3 175 421 694 
2 634 699 
2 377 690 
2 389 426 
0 
0 
0 
2 527 729 
0 
0 
0 
1 321 
1 238 
0 
3 68 111 336 
0 
0 
1 191 
1 766 
0 
0 
1 574 
3 324 439 552 
0 
1 434 
1 95 
4 60 359 443 726 
0 
2 643 758 
1 277 
2 302 704 
2 165 332 
0 
4 95 313 637 681 
0 
0 
1 216 
1 359 
2 597 681 
1 262 
2 512 596 
3 76 322 586 
0 
0 
1 283 
3 214 305 715 
0 
0 
1 404 
1 79 
1 74 
1 510 
2 189 391 
1 528 
0 
1 383 
0 
0 
0 
0 
2 154 629 
1 279 
1 578 
1 163 
1 290 
1 99 
2 114 233 
2 560 685 
4 71 112 317 328 
1 368 
1 692 
0 
1 16 
1 499 
2 177 390 
0 
3 114 203 654 
2 74 360 
0 
1 687 
3 45 508 522 
1 621 
1 542 
3 190 708 738 
0 
1 52 
1 293 
1 164 
1 154 
1 208 
2 194 546 
0 
1 346 
0 
2 40 289 
1 189 
1 53 
1 160 
1 294 
2 365 498 
1 343 
2 232 685 
1 542 
0 
2 202 620 
1 649 
2 154 602 
0 
1 207 
2 87 285 
1 112 
2 114 580 
3 43 522 603 
1 339 
0 
0 
0 
2 436 587 
1 183 
0 
0 
0 
1 108 
0 
0 
3 259 430 735 
1 271 
1 131 
0 
0 
1 291 
2 605 689 
0 
0 
1 276 
1 294 
1 153 
1 206 
2 231 440 
2 416 493 
2 512 711 
0 
1 750 
2 315 709 
0 
1 408 
0 
0 
2 313 736 
1 429 
0 
1 192 
6 208 229 317 448 461 499 
1 154 
2 136 158 
0 
1 675 
3 92 165 443 
1 503 
1 495 
1 489 
1 215 
1 153 
0 
0 
2 488 573 
0 
1 761 
1 46 
1 596 
1 443 
3 153 506 642 
1 673 
0 
1 199 
1 690 
2 108 479 
0 
0 
0 
2 70 245 
1 77 
1 279 
0 
0 
0 
0 
0 
1 467 
0 
2 170 635 
1 110 
0 
0 
0 
0 
1 504 
2 244 456 
2 451 758 
1 170 
0 
1 539 
1 430 
0 
1 450 
0 
0 
1 390 
3 364 443 622 
0 
0 
0 
1 449 
1 487 
0 
1 462 
2 214 709 
1 371 
0 
4 342 546 710 759 
2 282 575 
2 331 431 
2 565 652 
0 
0 
0 
1 116 
4 8 131 135 545 
1 232 
0 
0 
5 371 403 527 576 689 
0 
0 
1 535 
0 
2 298 522 
1 344 
1 624 
1 779 
1 750 
0 
0 
1 595 
1 525 
1 35 
0 
1 645 
1 492 
0 
0 
3 203 373 393 
0 
0 
1 518 
2 381 510 
2 556 728 
1 109 
0 
0 
0 
1 313 
0 
1 571 
0 
2 149 547 
0 
1 750 
0 
1 358 
1 582 
3 68 601 730 
0 
0 
2 513 771 
1 23 
1 40 
0 
0 
1 56 
1 554 
0 
2 456 714 
2 27 312 
2 511 620 
2 71 522 
0 
4 109 124 282 353 
0 
1 402 
1 275 
4 129 561 668 702 
0 
0 
0 
1 332 
1 408 
0 
0 
2 20 109 
2 82 761 
2 194 732 
0 
0 
1 534 
2 331 460 
2 329 681 
1 706 
0 
1 131 
1 562 
2 204 397 
1 403 
1 133 
1 422 
1 80 
0 
0 
2 120 272 
0 
1 83 
3 43 242 712 
2 700 763 
1 777 
0 
0 
2 170 246 
0 
0 
3 74 395 575 
1 372 
3 126 223 499 
1 202 
2 529 657 
0 
0 
0 
2 189 770 
3 351 740 751 
0 
2 285 671 
0 
1 9 
2 292 672 
2 271 481 
1 735 
1 324 
0 
0 
0 
1 717 
1 462 
2 172 319 
1 700 
1 538 
2 152 241 
0 
0 
1 396 
1 123 
0 
1 513 
0 
1 367 
0 
0 
2 186 624 
0 
0 
2 693 774 
1 151 
1 704 
0 
0 
0 
1 239 
0 
2 197 582 
0 
1 753 
1 631 
2 245 634 
1 463 
1 267 
1 447 
0 
0 
0 
0 
1 66 
4 73 324 329 597 
0 
0 
0 
3 114 358 392 
0 
1 370 
0 
2 422 522 
3 281 293 466 
0 
2 32 361 
3 64 184 660 
2 261 291 
0 
0 
2 262 772 
0 
1 292 
3 613 644 715 
1 274 
1 582 
1 44 
4 80 256 321 662 
0 
1 598 
0 
2 249 374 
2 434 507 
1 510 
1 431 
3 114 612 772 
2 32 267 
1 573 
2 336 700 
0 
1 641 
0 
0 
1 172 
0 
0 
1 167 
1 209 
0 
1 317 
1 163 
1 547 
1 298 
2 562 761 
1 205 
2 84 592 
0 
2 116 769 
2 416 636 
2 89 439 
0 
2 176 374 
0 
1 629 
0 
0 
0 
1 762 
0 
1 747 
1 746 
0 
0 
4 117 433 531 558 
2 140 629 
0 
1 670 
0 
1 132 
0 
0 
2 319 489 
3 19 146 510 
0 
3 458 591 730 
1 744 
2 85 613 
0 
0 
1 309 
0 
0 
3 98 275 734 
1 628 
1 565 
2 697 712 
0 
1 660 
1 68 
0 
1 614 
0 
1 530 
780 400
1 642 
0 
2 125 205 
1 446 
1 471 
1 675 
0 
4 146 341 682 716 
1 486 
0 
0 
2 94 545 
2 117 341 
0 
2 147 397 
2 671 709 
4 63 513 594 774 
1 63 
1 265 
3 214 399 439 
0 
0 
0 
1 492 
1 79 
3 242 748 770 
1 668 
2 403 484 
3 80 491 617 
0 
2 294 370 
1 248 
1 480 
0 
3 427 445 666 
0 
1 515 
2 185 480 
0 
0 
1 775 
0 
1 507 
1 344 
2 208 664 
1 301 
1 252 
3 320 638 717 
1 373 
0 
1 131 
0 
0 
1 349 
0 
1 604 
1 622 
1 81 
0 
0 
0 
1 64 
3 167 332 479 
3 16 17 265 
2 61 750 
2 483 635 
2 516 541 
0 
1 125 
0 
1 754 
2 449 662 
3 188 466 691 
1 554 
1 371 
0 
1 659 
0 
1 298 
2 24 598 
1 28 
1 57 
2 347 667 
2 109 275 
0 
1 346 
1 711 
0 
2 163 638 
0 
1 479 
1 446 
1 315 
1 667 
3 11 115 565 
0 
2 516 713 
1 393 
1 609 
0 
1 174 
2 343 774 
1 658 
0 
1 335 
1 453 
0 
3 374 727 748 
0 
2 83 443 
2 384 440 
0 
2 430 696 
1 530 
2 147 205 
1 94 
0 
3 12 430 722 
0 
0 
0 
1 342 
1 607 
0 
0 
4 2 68 158 278 
0 
0 
0 
0 
1 516 
1 50 
4 466 502 601 701 
0 
2 242 666 
1 459 
0 
1 567 
1 445 
0 
0 
1 447 
3 150 210 409 
0 
1 185 
0 
1 7 
4 14 114 498 606 
0 
1 513 
2 142 157 
1 433 
1 189 
3 225 441 541 
3 371 441 482 
1 282 
0 
3 150 179 491 
1 125 
2 190 424 
0 
3 361 689 755 
0 
1 88 
0 
0 
0 
2 62 288 
2 378 686 
1 679 
1 494 
0 
3 231 499 719 
1 470 
2 100 548 
0 
0 
0 
1 718 
1 157 
1 380 
1 766 
1 750 
1 581 
1 285 
2 37 144 
0 
3 424 524 770 
2 72 628 
2 152 703 
1 159 
1 336 
1 527 
0 
2 243 580 
1 259 
2 643 708 
0 
0 
2 253 724 
0 
1 678 
1 384 
1 606 
1 541 
3 2 114 606 
1 675 
1 501 
1 44 
0 
2 142 240 
1 739 
1 280 
2 266 498 
1 19 
0 
1 472 
0 
0 
0 
1 336 
1 638 
1 290 
1 364 
0 
2 153 238 
0 
0 
1 316 
0 
0 
1 172 
1 363 
1 456 
2 300 304 
0 
1 706 
0 
2 225 753 
1 357 
1 210 
0 
2 25 134 
2 194 578 
1 687 
0 
1 491 
0 
1 31 
2 326 770 
1 373 
2 691 734 
3 46 558 686 
3 199 365 367 
2 272 625 
1 672 
3 462 594 769 
1 601 
0 
1 195 
1 767 
0 
0 
1 275 
0 
3 18 63 546 
2 213 548 
0 
0 
0 
0 
1 285 
1 254 
1 758 
0 
5 83 263 477 592 742 
0 
1 512 
2 125 421 
1 666 
1 212 
0 
2 155 726 
0 
2 417 715 
4 184 271 365 529 
1 503 
1 509 
1 167 
0 
1 222 
0 
0 
1 350 
1 30 
1 431 
0 
0 
1 78 
0 
2 234 472 
2 45 553 
1 641 
0 
3 234 524 610 
1 368 
1 754 
0 
0 
1 396 
0 
1 600 
1 759 
2 600 696 
0 
2 92 582 
1 228 
0 
0 
0 
4 47 378 407 740 
1 378 
1 723 
0 
1 504 
0 
1 249 
1 376 
1 515 
0 
0 
2 477 566 
1 62 
1 495 
0 
2 104 340 
2 191 220 
1 390 
0 
1 598 
2 335 611 
3 7 12 407 
2 121 513 
1 101 
1 43 
1 713 
1 85 
1 82 
0 
2 53 452 
2 293 431 
0 
0 
0 
0 
0 
2 393 544 
1 239 
1 516 
1 492 
0 
2 161 661 
0 
2 232 668 
2 223 594 
2 253 285 
0 
1 253 
1 305 
0 
1 30 
3 74 154 764 
0 
2 48 250 
1 107 
0 
1 327 
0 
3 168 320 321 
0 
1 180 
0 
0 
0 
2 110 202 
0 
0 
1 623 
2 517 599 
1 735 
1 337 
0 
1 520 
2 97 356 
0 
0 
3 309 572 741 
2 14 708 
1 595 
2 19 772 
0 
0 
0 
2 27 737 
0 
1 653 
1 409 
2 320 341 
3 448 654 770 
3 142 406 547 
1 536 
0 
0 
0 
0 
2 534 584 
0 
1 284 
0 
0 
0 
1 278 
0 
0 
2 159 187 
0 
1 741 
2 34 728 
0 
0 
2 112 117 
2 295 350 
0 
1 151 
0 
0 
0 
0 
1 762 
2 19 469 
1 110 
2 153 154 
0 
3 109 584 641 
0 
2 34 138 
3 3 91 514 
2 141 520 
1 408 
1 71 
1 644 
0 
1 349 
1 105 
1 747 
0 
1 233 
0 
1 767 
1 135 
2 470 646 
0 
1 256 
0 
1 612 
0 
2 72 132 
1 747 
1 559 
1 439 
3 173 460 740 
1 4 
2 216 300 
0 
0 
0 
0 
2 275 331 
1 538 
3 62 90 656 
2 32 37 
0 
1 154 
2 65 594 
1 27 
1 716 
1 8 
1 760 
1 569 
1 586 
0 
4 28 157 246 568 
2 23 359 
0 
1 170 
3 333 593 757 
0 
0 
2 147 213 
1 172 
0 
1 207 
1 132 
1 286 
1 324 
1 694 
0 
2 42 696 
0 
1 287 
0 
0 
2 277 556 
4 16 149 342 752 
2 446 626 
2 36 328 
4 66 96 130 358 
2 388 689 
1 641 
0 
2 392 447 
0 
0 
1 739 
3 187 304 718 
0 
0 
2 192 727 
0 
2 285 554 
2 113 578 
0 
1 675 
0 
2 415 610 
0 
1 410 
0 
1 478 
0 
0 
3 66 153 204 
1 544 
0 
2 356 542 
1 11 
1 265 
1 409 
3 174 266 711 
0 
0 
0 
1 650 
1 301 
2 73 529 
0 
3 512 701 777 
2 682 731 
1 252 
1 468 
0 
0 
0 
1 625 
0 
1 94 
2 331 628 
1 137 
2 491 608 
2 488 777 
0 
0 
2 396 577 
0 
1 608 
0 
1 692 
1 572 
2 243 530 
0 
2 194 750 
2 183 617 
1 315 
0 
2 415 443 
0 
1 489 
1 701 
0 
0 
2 643 722 
0 
1 275 
1 495 
4 16 256 364 483 
2 398 701 
0 
0 
3 79 339 713 
1 388 
2 311 313 
3 132 257 645 
0 
0 
3 55 704 721 
0 
3 147 203 205 
1 122 
2 568 574 
2 98 736 
2 304 534 
1 340 
1 464 
0 
0 
0 
0 
2 28 581 
0 
1 737 
0 
0 
2 56 674 
1 387 
0 
2 254 563 
1 514 
0 
3 188 566 745 
0 
2 642 667 
0 
0 
1 679 
0 
1 65 
0 
0 
3 47 88 221 
0 
0 
3 302 443 518 
2 0 630 
2 196 590 
2 450 729 
1 601 
1 460 
0 
1 710 
0 
2 552 755 
0 
0 
1 405 
1 408 
0 
1 479 
0 
1 102 
1 76 
1 717 
1 361 
2 71 775 
0 
1 44 
0 
3 34 134 279 
3 82 93 630 
2 26 363 
0 
0 
1 15 
1 255 
0 
1 622 
3 5 206 532 
0 
0 
1 201 
2 169 633 
0 
0 
2 7 557 
0 
0 
0 
2 168 252 
1 244 
0 
2 161 517 
0 
2 72 251 
1 576 
0 
1 505 
0 
3 112 313 507 
1 760 
0 
0 
0 
4 132 556 587 595 
0 
1 189 
1 604 
0 
1 236 
0 
2 196 397 
1 15 
1 648 
2 86 548 
0 
3 96 345 598 
0 
1 284 
2 7 485 
2 47 660 
2 178 524 
1 172 
0 
1 604 
2 117 590 
1 322 
1 199 
1 763 
1 282 
2 107 527 
1 427 
1 644 
0 
1 557 
0 
0 
2 251 746 
1 389 
1 609 
2 403 619 
0 
2 211 523 
2 320 470 
2 396 426 
1 275 
0 
0 
1 628 
1 734 
2 454 467 
2 25 107 
0 
3 64 182 580 
0 
1 513 
1 238 
2 70 306 
2 161 650 
0 
1 495 
1 273 
1 312 
2 487 697 
0 
1 438 
1 725 
1 371 
0 
1 181 
2 260 458 
0 
1 256 
4 25 187 249 408 
0 
1 399 
0 
2 16 101 
2 40 662 
0 
2 556 569 
0 
0 
