830 371
0 
2 591 615 
0 
1 168 
0 
0 
1 179 
1 260 
1 469 
0 
0 
2 196 571 
0 
0 
1 695 
0 
2 463 825 
0 
1 110 
4 106 250 669 685 
0 
2 588 607 
1 625 
0 
3 441 546 599 
1 549 
1 379 
0 
0 
1 492 
0 
2 144 730 
1 637 
1 784 
0 
1 452 
0 
2 439 550 
0 
1 531 
1 429 
0 
0 
1 533 
1 699 
1 701 
1 385 
2 256 365 
0 
1 626 
0 
0 
2 529 753 
0 
0 
1 322 
0 
1 221 
0 
2 687 718 
0 
1 563 
1 829 
0 
0 
1 261 
2 203 612 
0 
1 70 
2 383 489 
2 68 482 
0 
0 
0 
1 220 
1 440 
0 
0 
1 302 
3 400 666 741 
1 539 
0 
0 
1 568 
1 575 
2 110 269 
1 344 
1 430 
0 
1 95 
0 
0 
1 642 
1 632 
0 
3 89 457 567 
0 
1 351 
2 117 351 
0 
0 
1 549 
1 182 
0 
0 
0 
1 19 
0 
1 189 
0 
3 18 85 591 
0 
0 
2 120 758 
2 359 492 
1 822 
0 
3 98 451 648 
2 205 274 
1 761 
1 113 
2 179 302 
0 
0 
1 635 
0 
2 433 704 
1 214 
1 527 
0 
2 379 723 
0 
0 
0 
0 
1 456 
0 
0 
2 501 807 
0 
0 
0 
1 400 
0 
4 31 527 708 748 
2 255 643 
2 455 504 
2 586 754 
1 164 
0 
1 505 
1 340 
1 454 
1 636 
2 247 718 
1 639 
2 205 409 
1 267 
0 
1 719 
0 
1 260 
1 764 
2 479 485 
3 148 302 645 
0 
3 666 684 711 
1 553 
2 3 229 
1 398 
0 
0 
0 
2 458 528 
0 
2 411 727 
1 542 
0 
0 
3 6 121 285 
1 584 
1 515 
1 102 
0 
1 714 
0 
2 335 491 
1 692 
0 
1 108 
0 
0 
0 
0 
0 
0 
1 11 
2 306 404 
1 302 
0 
0 
1 713 
0 
1 66 
0 
3 118 156 572 
2 509 555 
1 455 
0 
0 
0 
0 
1 501 
2 270 603 
1 127 
1 461 
1 732 
2 344 635 
1 381 
0 
2 74 491 
1 57 
0 
0 
1 432 
1 474 
0 
0 
0 
1 168 
0 
0 
0 
1 385 
0 
1 763 
0 
0 
0 
0 
2 454 725 
0 
0 
0 
0 
0 
0 
1 154 
0 
3 370 482 490 
4 19 253 304 319 
1 571 
1 501 
1 250 
0 
3 145 307 420 
1 47 
0 
0 
0 
3 7 161 301 
3 65 774 827 
0 
1 804 
2 365 627 
1 627 
1 326 
1 157 
1 768 
2 85 563 
2 213 575 
1 522 
1 363 
1 329 
2 118 450 
1 436 
0 
2 493 659 
0 
0 
0 
1 554 
1 435 
0 
1 628 
1 179 
0 
0 
0 
0 
1 347 
1 808 
1 652 
1 588 
2 437 474 
0 
3 332 731 801 
0 
0 
0 
0 
2 260 518 
4 78 121 164 198 
0 
2 250 353 
2 771 808 
1 197 
1 255 
0 
0 
1 498 
3 372 391 639 
1 593 
1 788 
1 595 
0 
2 494 666 
0 
0 
1 250 
3 358 468 821 
1 671 
3 55 601 643 
0 
0 
0 
1 266 
0 
0 
1 273 
1 444 
2 459 503 
1 296 
0 
1 506 
3 186 601 672 
1 720 
1 352 
1 354 
0 
2 151 820 
0 
1 620 
0 
4 86 217 399 814 
1 658 
0 
3 290 368 794 
0 
0 
0 
3 97 98 475 
3 337 411 464 
1 304 
1 338 
2 792 821 
0 
0 
1 320 
1 114 
0 
0 
0 
1 272 
1 394 
2 47 264 
0 
0 
2 347 666 
0 
2 249 524 
0 
1 311 
0 
0 
1 715 
2 469 721 
1 709 
0 
3 26 130 513 
0 
2 218 407 
1 690 
1 69 
0 
3 46 233 585 
0 
1 800 
0 
0 
1 481 
2 311 771 
1 420 
0 
1 364 
0 
0 
0 
2 169 796 
1 344 
3 79 142 627 
0 
0 
0 
2 197 479 
0 
1 484 
1 381 
1 651 
1 156 
0 
2 175 352 
0 
0 
3 544 554 669 
0 
0 
0 
1 513 
1 622 
2 255 392 
1 473 
0 
1 714 
0 
0 
0 
0 
0 
1 40 
1 87 
0 
2 224 817 
2 126 662 
0 
2 282 446 
3 275 761 780 
1 294 
0 
1 37 
1 75 
1 24 
0 
0 
2 330 807 
0 
1 435 
0 
1 703 
1 663 
1 274 
1 117 
1 35 
0 
2 152 240 
2 146 207 
2 135 687 
1 95 
1 173 
2 331 521 
1 665 
2 215 812 
0 
2 16 593 
1 352 
0 
2 511 560 
0 
1 320 
2 8 376 
0 
0 
0 
1 421 
4 225 294 609 610 
1 351 
1 564 
1 529 
0 
2 163 404 
1 759 
1 390 
2 70 249 
1 706 
1 406 
2 163 529 
0 
0 
0 
1 69 
1 249 
2 186 220 
4 29 114 558 787 
3 277 525 768 
1 316 
0 
0 
0 
3 310 609 742 
0 
1 781 
3 138 212 252 
0 
1 331 
1 146 
1 150 
2 334 592 
0 
1 613 
1 206 
0 
1 466 
0 
2 379 418 
1 521 
1 181 
0 
1 545 
1 301 
0 
1 643 
2 459 514 
1 271 
0 
1 370 
1 493 
0 
2 128 144 
1 173 
3 52 477 485 
0 
1 39 
0 
1 43 
0 
0 
0 
0 
0 
1 80 
0 
1 688 
1 176 
1 623 
1 414 
1 517 
1 24 
0 
2 774 812 
3 25 101 725 
1 37 
1 814 
2 652 791 
1 167 
3 281 414 812 
1 206 
0 
0 
1 492 
0 
3 466 741 777 
0 
0 
2 61 269 
1 476 
1 588 
0 
1 95 
1 83 
1 619 
0 
2 11 251 
1 205 
1 803 
0 
2 84 270 
0 
1 651 
0 
0 
0 
0 
0 
2 663 764 
2 180 789 
1 385 
1 147 
1 638 
3 21 293 565 
0 
0 
2 1 110 
1 506 
2 312 463 
0 
1 314 
0 
0 
0 
1 24 
0 
2 322 335 
0 
2 213 677 
0 
2 675 739 
0 
1 21 
0 
2 474 498 
2 474 735 
1 751 
1 66 
1 508 
0 
2 1 635 
1 785 
0 
0 
1 569 
1 342 
0 
1 419 
1 543 
1 628 
1 22 
2 49 728 
3 264 265 400 
2 284 624 
0 
0 
1 760 
1 93 
0 
0 
5 124 217 615 651 674 
1 153 
1 32 
1 587 
3 155 311 767 
0 
0 
1 92 
3 145 322 520 
0 
1 164 
0 
0 
1 117 
0 
0 
3 408 577 635 
2 292 552 
0 
0 
1 786 
0 
1 713 
1 345 
1 277 
0 
1 680 
1 433 
2 449 583 
0 
1 460 
4 79 166 316 368 
1 805 
0 
2 19 414 
0 
1 321 
1 335 
0 
1 635 
1 605 
0 
1 603 
0 
0 
1 661 
1 807 
0 
0 
2 166 706 
1 19 
1 747 
3 59 456 753 
1 541 
0 
1 382 
0 
1 187 
0 
0 
1 14 
0 
0 
1 814 
2 44 814 
0 
1 45 
0 
1 448 
1 126 
1 791 
2 483 684 
0 
2 144 767 
1 377 
0 
1 166 
0 
2 201 657 
4 184 423 715 805 
2 375 714 
0 
0 
2 59 154 
2 159 770 
1 336 
1 376 
0 
1 130 
0 
3 240 549 828 
1 758 
1 175 
1 626 
0 
1 31 
2 296 797 
1 216 
0 
0 
1 610 
0 
0 
0 
1 605 
0 
3 79 560 766 
1 498 
0 
0 
0 
0 
1 686 
1 144 
0 
0 
2 611 773 
0 
2 52 687 
2 147 818 
0 
0 
0 
2 113 726 
1 480 
1 631 
3 119 436 792 
0 
1 235 
2 162 583 
1 829 
1 741 
2 639 708 
2 268 493 
0 
1 719 
3 305 391 774 
1 781 
1 751 
3 261 548 771 
0 
0 
1 560 
1 786 
0 
1 436 
2 500 772 
0 
0 
1 33 
1 616 
2 655 778 
1 492 
1 313 
1 584 
0 
2 552 705 
2 355 761 
0 
1 347 
0 
1 398 
1 731 
0 
0 
1 387 
1 296 
0 
1 573 
1 263 
2 667 714 
0 
3 138 444 681 
2 291 305 
0 
0 
0 
3 461 548 554 
0 
4 344 551 698 699 
0 
0 
1 432 
1 754 
0 
1 340 
2 320 355 
1 115 
0 
0 
1 16 
0 
1 261 
1 725 
2 62 765 
830 405
2 462 648 
0 
0 
1 73 
0 
3 353 446 512 
3 131 148 806 
1 540 
0 
0 
1 673 
0 
1 797 
1 764 
2 275 592 
1 318 
0 
1 585 
0 
1 43 
3 41 86 694 
0 
1 576 
1 582 
0 
0 
1 57 
1 252 
0 
0 
0 
1 828 
0 
0 
3 105 237 505 
0 
2 293 814 
2 203 343 
1 548 
2 168 282 
1 586 
1 20 
1 148 
2 19 703 
0 
0 
2 148 385 
1 70 
0 
3 509 533 767 
1 720 
0 
1 92 
0 
0 
0 
1 374 
1 26 
0 
1 779 
2 94 523 
2 562 643 
1 327 
1 143 
0 
1 679 
1 490 
0 
0 
1 734 
1 47 
0 
0 
1 3 
1 217 
4 77 189 461 587 
0 
1 75 
0 
0 
0 
1 455 
0 
0 
0 
1 379 
2 20 705 
0 
0 
3 158 499 822 
1 802 
1 414 
1 52 
1 565 
3 60 407 425 
1 372 
1 660 
0 
1 488 
1 213 
0 
0 
1 390 
1 658 
1 551 
2 34 793 
2 594 808 
2 460 608 
1 145 
0 
1 754 
1 258 
1 409 
0 
0 
0 
1 342 
2 304 636 
2 271 697 
1 166 
1 269 
2 149 659 
0 
0 
1 687 
1 590 
0 
1 662 
1 246 
0 
1 625 
3 6 258 314 
0 
1 494 
0 
0 
2 225 499 
1 478 
1 339 
1 286 
0 
3 350 596 793 
0 
1 63 
1 827 
4 108 155 241 520 
0 
1 588 
3 6 42 46 
1 121 
1 658 
1 754 
1 553 
0 
0 
1 145 
2 581 613 
0 
1 89 
1 781 
1 427 
1 793 
0 
0 
2 621 628 
0 
3 119 354 356 
0 
2 39 733 
0 
3 233 624 716 
0 
2 493 695 
1 828 
1 539 
0 
0 
1 623 
1 226 
1 219 
1 826 
0 
1 267 
0 
1 268 
1 206 
1 261 
0 
1 737 
4 75 337 352 647 
1 635 
0 
3 240 250 623 
0 
0 
0 
1 254 
0 
0 
1 516 
1 232 
1 485 
1 729 
1 37 
1 269 
1 626 
1 185 
1 723 
0 
1 464 
0 
0 
0 
2 99 682 
0 
0 
2 374 408 
3 74 574 597 
4 514 537 657 810 
2 179 372 
1 286 
0 
2 646 719 
0 
1 522 
1 136 
2 178 566 
3 398 424 615 
2 285 716 
2 276 352 
2 238 729 
0 
1 200 
1 170 
0 
1 401 
0 
2 34 581 
2 230 253 
1 765 
1 192 
1 145 
1 475 
0 
0 
1 355 
1 128 
0 
0 
1 353 
1 192 
0 
2 27 609 
2 238 638 
1 196 
0 
1 572 
0 
2 111 131 
1 370 
0 
1 186 
1 434 
1 583 
2 710 740 
1 304 
0 
2 182 425 
1 184 
3 120 204 307 
0 
2 118 553 
2 459 752 
0 
0 
1 14 
1 229 
0 
0 
0 
1 613 
0 
1 39 
1 383 
0 
2 228 440 
2 139 220 
1 815 
0 
0 
2 432 544 
0 
0 
2 36 499 
0 
0 
0 
0 
1 783 
2 330 643 
0 
0 
2 603 797 
1 802 
3 117 265 351 
1 611 
1 316 
2 269 486 
1 740 
0 
1 760 
0 
0 
1 447 
1 131 
0 
1 306 
2 537 585 
1 15 
3 329 631 708 
0 
3 396 735 793 
2 695 703 
1 351 
0 
0 
1 692 
2 62 438 
0 
2 319 743 
1 299 
0 
1 795 
0 
0 
1 727 
2 703 729 
2 189 654 
0 
1 138 
1 808 
0 
1 116 
1 37 
0 
0 
1 581 
1 401 
0 
1 432 
1 141 
2 304 323 
3 189 229 377 
3 5 249 574 
2 166 531 
1 245 
1 166 
1 445 
1 753 
0 
1 630 
1 466 
2 559 813 
0 
1 420 
1 481 
0 
0 
1 811 
0 
1 259 
0 
3 95 219 813 
1 419 
3 56 216 526 
0 
0 
4 352 534 548 661 
0 
1 85 
1 573 
0 
1 511 
3 283 545 592 
1 423 
1 46 
1 815 
0 
0 
1 393 
1 102 
0 
0 
1 389 
1 821 
0 
3 321 647 794 
1 512 
3 227 455 474 
1 492 
1 410 
2 235 347 
1 567 
0 
0 
2 571 597 
2 643 647 
2 94 477 
1 216 
2 112 777 
3 400 428 454 
1 576 
0 
0 
2 91 639 
3 445 510 515 
0 
0 
0 
1 373 
2 364 801 
2 549 559 
0 
2 384 804 
2 227 689 
2 94 267 
0 
1 160 
1 410 
0 
1 650 
0 
2 290 349 
0 
1 262 
0 
0 
1 603 
1 327 
0 
1 285 
0 
0 
0 
0 
2 357 415 
1 5 
1 313 
0 
0 
1 627 
1 791 
1 506 
1 571 
1 410 
2 81 398 
1 799 
0 
0 
1 272 
1 107 
1 75 
1 0 
1 815 
1 209 
0 
2 361 639 
0 
0 
0 
0 
1 548 
1 684 
0 
1 398 
1 242 
0 
2 407 695 
1 137 
0 
0 
2 365 752 
0 
1 660 
1 492 
2 201 672 
1 307 
1 786 
1 98 
0 
1 66 
1 701 
2 399 484 
1 172 
1 133 
0 
1 706 
0 
0 
3 89 136 293 
2 725 735 
0 
1 539 
0 
1 818 
1 34 
1 452 
1 669 
0 
1 49 
1 415 
1 382 
2 5 397 
0 
1 218 
1 415 
1 199 
2 540 810 
0 
0 
2 145 806 
0 
2 224 540 
1 60 
1 761 
0 
2 374 672 
0 
0 
1 696 
1 640 
3 354 565 748 
0 
1 49 
2 377 655 
0 
0 
2 218 317 
0 
4 174 502 593 668 
3 7 517 522 
0 
2 592 623 
1 817 
1 290 
2 383 598 
1 571 
0 
3 38 377 471 
2 421 604 
1 750 
2 104 577 
0 
2 152 271 
1 719 
0 
1 598 
0 
2 593 807 
2 362 421 
1 771 
1 773 
2 61 766 
2 633 814 
0 
2 93 531 
1 226 
3 402 724 764 
1 765 
0 
0 
5 405 453 546 674 749 
1 256 
2 380 817 
3 217 353 769 
0 
2 22 411 
2 551 776 
0 
0 
0 
3 156 237 346 
1 23 
2 263 737 
0 
4 17 317 666 824 
1 40 
3 75 607 732 
1 147 
0 
1 125 
0 
3 14 383 542 
3 539 558 733 
1 106 
0 
2 141 639 
2 217 405 
2 545 556 
0 
1 719 
0 
0 
3 302 437 711 
2 549 819 
0 
0 
1 587 
1 107 
1 252 
0 
1 305 
1 659 
2 156 280 
0 
2 227 785 
0 
0 
0 
0 
0 
1 164 
0 
5 177 192 542 717 731 
1 170 
2 130 704 
1 205 
1 450 
1 164 
0 
1 360 
2 319 692 
0 
1 563 
0 
1 190 
1 117 
0 
1 253 
3 414 466 596 
3 530 692 726 
1 810 
1 809 
3 61 299 406 
1 646 
0 
2 222 644 
3 189 396 406 
1 0 
0 
1 430 
0 
0 
0 
1 337 
1 534 
0 
1 218 
2 103 150 
2 121 612 
2 96 483 
1 377 
1 127 
0 
0 
0 
2 585 788 
0 
1 539 
1 507 
0 
0 
2 485 526 
1 10 
1 571 
0 
1 764 
0 
0 
1 65 
0 
0 
1 213 
0 
2 472 767 
0 
0 
1 124 
2 734 792 
1 424 
0 
0 
3 326 631 640 
0 
1 20 
3 172 322 477 
1 529 
1 118 
0 
0 
0 
1 491 
2 737 755 
3 43 322 336 
1 625 
1 86 
1 496 
0 
1 319 
0 
1 264 
1 603 
0 
0 
1 742 
0 
2 170 228 
1 623 
0 
3 222 554 600 
1 50 
1 815 
1 786 
1 207 
1 567 
1 500 
1 640 
1 335 
0 
4 202 230 336 788 
0 
1 623 
1 587 
2 168 593 
2 69 688 
2 321 500 
0 
3 188 583 702 
0 
0 
3 264 308 819 
0 
1 714 
1 329 
0 
0 
0 
0 
2 531 817 
1 571 
1 550 
0 
2 272 481 
1 358 
2 110 151 
1 702 
0 
0 
0 
0 
2 310 826 
2 524 773 
0 
0 
3 13 567 676 
2 239 568 
1 562 
2 49 684 
0 
1 574 
0 
2 560 781 
0 
2 561 761 
1 818 
0 
1 577 
1 409 
0 
1 59 
0 
2 159 771 
0 
1 298 
0 
1 615 
2 487 722 
0 
2 666 729 
0 
0 
1 451 
1 688 
4 105 141 161 321 
1 396 
1 332 
0 
2 12 302 
0 
1 456 
0 
1 420 
2 90 303 
0 
1 423 
0 
2 6 520 
1 558 
2 106 340 
1 642 
3 218 517 641 
1 368 
0 
2 362 372 
2 36 563 
4 287 386 463 721 
0 
3 543 573 748 
2 504 774 
2 604 740 
0 
1 394 
1 89 
0 
1 585 
0 
2 180 760 
1 144 
2 31 173 
0 
