840 375
0 
2 581 605 
0 
1 138 
0 
0 
1 119 
1 190 
1 389 
0 
0 
2 86 461 
0 
0 
1 555 
0 
2 303 665 
1 751 
1 736 
2 60 479 
0 
2 378 397 
1 405 
0 
3 201 306 359 
1 299 
1 119 
0 
0 
1 202 
1 642 
1 420 
1 317 
1 454 
0 
1 102 
0 
2 69 180 
0 
2 141 828 
0 
0 
0 
1 103 
1 259 
2 251 718 
2 578 687 
0 
0 
1 136 
0 
1 796 
1 233 
0 
1 556 
0 
1 433 
0 
0 
2 97 128 
2 19 731 
0 
1 209 
0 
1 385 
2 316 725 
0 
1 161 
2 463 569 
2 37 551 
0 
0 
0 
1 245 
1 454 
0 
0 
1 283 
2 636 711 
1 498 
0 
0 
1 494 
2 490 769 
1 173 
1 237 
2 11 312 
1 706 
0 
0 
0 
1 469 
1 448 
0 
2 251 361 
0 
2 123 620 
2 59 112 
0 
0 
2 277 637 
0 
1 35 
1 43 
0 
0 
1 572 
0 
0 
1 220 
0 
1 443 
4 97 354 670 803 
0 
1 396 
1 726 
3 200 468 537 
0 
1 291 
4 6 26 406 529 
0 
0 
1 826 
1 96 
1 600 
2 157 369 
1 670 
0 
1 59 
1 132 
0 
0 
1 129 
1 515 
0 
0 
3 49 524 830 
0 
1 3 
0 
1 375 
1 39 
3 478 659 699 
2 194 582 
2 382 431 
3 501 669 760 
0 
0 
1 384 
1 207 
1 309 
2 479 765 
1 549 
2 458 697 
2 216 746 
0 
0 
2 125 490 
1 687 
0 
1 499 
4 67 202 208 690 
1 356 
0 
3 353 371 398 
2 228 565 
1 721 
0 
0 
0 
2 729 799 
0 
1 656 
3 84 306 774 
0 
0 
1 478 
1 764 
1 682 
0 
1 37 
0 
1 185 
2 437 593 
1 781 
1 182 
0 
0 
0 
0 
1 7 
0 
0 
0 
3 143 265 363 
1 248 
0 
0 
1 620 
0 
1 116 
1 24 
3 29 161 427 
2 351 397 
0 
0 
0 
1 149 
1 161 
3 62 265 650 
1 354 
1 813 
0 
2 444 668 
2 334 691 
0 
2 154 773 
0 
0 
0 
2 109 658 
1 686 
0 
0 
0 
0 
0 
0 
1 165 
1 485 
0 
1 835 
0 
1 52 
0 
0 
2 456 727 
1 85 
0 
0 
0 
0 
0 
0 
0 
7 73 246 358 366 708 759 774 
1 245 
1 419 
2 195 335 
0 
2 687 800 
2 45 94 
0 
0 
0 
1 606 
0 
2 482 535 
0 
3 44 484 610 
1 293 
2 279 541 
0 
0 
2 378 733 
3 194 209 730 
1 662 
1 488 
1 439 
1 545 
1 516 
0 
2 543 709 
0 
0 
0 
1 544 
2 100 410 
0 
2 261 573 
0 
0 
0 
1 77 
1 756 
0 
1 648 
1 477 
3 398 782 819 
0 
1 645 
3 118 496 566 
0 
1 260 
0 
1 751 
0 
0 
1 538 
1 25 
2 401 438 
0 
0 
1 16 
1 587 
3 445 464 712 
3 24 173 650 
1 829 
0 
1 150 
2 487 659 
0 
1 86 
1 812 
2 397 750 
1 584 
3 65 498 540 
1 32 
0 
0 
0 
0 
0 
1 728 
2 726 770 
0 
0 
1 722 
1 800 
1 361 
2 393 517 
1 502 
0 
0 
2 214 429 
2 248 700 
0 
1 445 
2 359 687 
0 
2 363 789 
0 
0 
0 
2 402 815 
1 374 
0 
0 
2 651 680 
0 
0 
1 203 
0 
1 164 
2 112 210 
0 
2 162 582 
0 
1 245 
2 24 338 
1 782 
2 94 329 
1 604 
2 194 340 
0 
0 
1 245 
1 705 
2 441 693 
2 125 663 
0 
2 164 431 
1 755 
0 
2 345 554 
1 140 
0 
1 395 
2 21 264 
1 574 
0 
1 658 
1 144 
2 473 559 
1 148 
1 64 
0 
0 
0 
2 8 821 
0 
1 614 
0 
1 330 
1 834 
1 377 
2 114 799 
3 21 203 314 
2 164 288 
1 486 
0 
1 300 
1 344 
0 
3 699 709 824 
1 22 
1 119 
0 
1 588 
1 677 
1 277 
1 488 
0 
1 689 
0 
0 
0 
0 
0 
1 247 
1 31 
0 
1 612 
1 437 
1 595 
0 
2 476 495 
1 202 
0 
1 334 
0 
2 144 371 
0 
2 56 767 
0 
0 
0 
3 183 423 579 
2 300 518 
1 268 
0 
1 368 
0 
1 111 
2 213 789 
2 305 337 
0 
1 557 
2 92 679 
1 804 
0 
1 541 
0 
2 778 827 
2 33 74 
0 
1 236 
0 
1 153 
0 
0 
3 11 692 693 
0 
2 68 601 
2 305 543 
0 
0 
1 704 
1 116 
1 91 
1 582 
1 726 
0 
1 383 
0 
0 
1 426 
1 287 
4 142 176 587 816 
4 19 151 530 773 
0 
0 
1 257 
0 
3 259 494 627 
1 229 
2 399 618 
1 310 
2 267 411 
0 
2 83 157 
1 632 
0 
1 603 
2 82 484 
1 426 
1 291 
0 
3 79 316 701 
1 160 
0 
2 145 647 
1 331 
0 
1 667 
0 
0 
0 
0 
0 
0 
0 
0 
0 
0 
1 133 
1 270 
1 330 
1 438 
0 
0 
0 
0 
1 795 
1 136 
1 674 
0 
0 
0 
1 119 
3 479 685 723 
1 608 
0 
2 641 756 
1 590 
1 257 
1 555 
1 116 
1 298 
0 
1 316 
4 261 451 613 649 
0 
2 272 464 
1 276 
2 269 608 
0 
0 
1 809 
1 152 
0 
1 69 
0 
1 583 
1 374 
2 14 536 
2 54 593 
1 447 
0 
1 383 
0 
2 696 797 
1 790 
0 
1 817 
1 165 
1 291 
0 
0 
1 68 
0 
0 
1 106 
1 279 
1 379 
0 
0 
0 
1 46 
2 437 587 
2 775 839 
1 1 
3 143 356 470 
1 553 
1 315 
1 660 
1 641 
3 304 478 579 
1 408 
1 634 
2 534 748 
0 
0 
2 183 556 
0 
1 424 
1 786 
0 
1 810 
0 
1 124 
1 463 
0 
2 493 652 
1 362 
1 1 
3 255 623 646 
0 
2 531 545 
1 812 
1 259 
0 
1 422 
1 541 
1 391 
0 
0 
0 
1 486 
0 
2 96 198 
0 
1 836 
1 606 
1 677 
0 
0 
2 484 683 
0 
0 
0 
0 
2 491 750 
0 
1 589 
0 
1 78 
1 100 
0 
0 
0 
2 533 586 
1 30 
1 704 
0 
2 290 652 
2 606 787 
2 501 743 
1 286 
1 541 
2 209 306 
1 348 
2 603 645 
0 
0 
1 800 
2 172 747 
0 
2 220 381 
2 142 310 
2 585 761 
0 
2 266 748 
1 369 
0 
1 16 
2 703 793 
1 504 
1 213 
2 145 805 
2 112 126 
0 
0 
1 832 
2 525 700 
0 
0 
3 409 624 750 
0 
1 448 
1 348 
0 
1 178 
2 627 693 
0 
1 530 
1 221 
4 46 158 250 338 
1 760 
1 413 
2 161 734 
1 214 
1 461 
4 368 461 683 764 
0 
1 774 
1 561 
2 153 797 
1 720 
2 142 404 
3 335 674 767 
1 498 
0 
1 666 
2 467 643 
1 367 
1 87 
0 
1 245 
2 272 404 
0 
1 78 
1 305 
1 831 
0 
0 
0 
0 
1 45 
0 
1 698 
1 166 
1 327 
1 530 
0 
1 65 
3 115 324 471 
1 236 
1 323 
1 170 
1 265 
2 60 826 
0 
1 264 
1 690 
0 
1 18 
0 
0 
0 
0 
0 
0 
1 647 
0 
0 
1 154 
1 656 
2 590 662 
0 
3 314 632 677 
3 17 295 805 
1 811 
1 791 
0 
1 372 
2 284 533 
0 
2 818 835 
1 245 
2 145 688 
1 660 
0 
0 
2 177 693 
1 151 
0 
3 433 700 809 
0 
1 83 
1 324 
0 
0 
2 216 479 
3 173 245 695 
2 580 825 
0 
0 
1 453 
0 
0 
1 184 
2 288 360 
0 
0 
0 
1 596 
1 646 
0 
2 340 444 
1 562 
1 753 
0 
1 666 
0 
1 523 
1 51 
2 561 697 
0 
2 170 396 
3 250 328 655 
0 
0 
1 112 
1 449 
2 669 751 
0 
0 
0 
2 548 767 
1 598 
1 752 
2 313 609 
1 211 
0 
1 344 
1 478 
1 564 
1 758 
1 288 
0 
1 389 
0 
0 
1 404 
1 775 
2 122 731 
1 453 
1 39 
1 307 
1 136 
1 713 
1 673 
0 
1 394 
2 231 758 
1 622 
0 
0 
1 580 
840 413
1 563 
0 
1 647 
1 594 
2 85 402 
1 108 
0 
1 335 
1 583 
2 560 605 
1 384 
0 
1 226 
1 212 
0 
1 450 
1 624 
0 
0 
0 
0 
1 298 
0 
3 330 462 730 
0 
1 476 
3 184 365 505 
1 689 
2 288 402 
1 685 
0 
1 205 
1 739 
0 
0 
3 121 358 825 
0 
0 
3 419 443 677 
1 609 
1 737 
0 
0 
0 
0 
1 137 
0 
0 
2 479 563 
1 202 
3 220 301 752 
1 546 
0 
0 
2 253 827 
0 
0 
0 
1 224 
0 
0 
0 
1 378 
3 216 328 600 
0 
0 
0 
0 
0 
1 462 
0 
0 
0 
1 298 
1 602 
0 
1 751 
2 330 653 
1 611 
1 201 
0 
1 308 
3 128 146 827 
0 
1 337 
1 4 
2 121 576 
0 
0 
1 684 
0 
1 181 
0 
2 272 796 
3 265 639 787 
1 301 
0 
0 
2 123 345 
1 473 
0 
0 
0 
1 314 
2 253 585 
3 197 623 802 
0 
2 149 737 
2 5 516 
0 
0 
1 475 
1 355 
0 
2 381 666 
0 
0 
3 275 606 662 
0 
1 794 
0 
2 35 86 
2 453 727 
2 98 682 
1 519 
1 442 
0 
2 458 704 
2 82 190 
0 
0 
4 155 167 253 532 
0 
1 552 
0 
0 
1 550 
2 45 622 
1 397 
0 
0 
0 
2 329 361 
0 
0 
2 457 772 
1 82 
1 421 
0 
1 107 
2 177 184 
2 549 551 
0 
0 
1 193 
4 131 328 719 811 
0 
2 538 740 
0 
2 168 534 
0 
0 
2 543 797 
1 764 
0 
1 671 
1 734 
1 131 
2 159 683 
1 595 
1 624 
0 
0 
3 382 622 637 
1 267 
1 230 
3 447 457 830 
1 150 
0 
0 
1 357 
1 91 
0 
1 541 
3 26 150 231 
1 458 
1 676 
1 815 
0 
1 495 
1 128 
1 540 
0 
2 154 229 
0 
0 
0 
2 105 343 
0 
2 596 630 
2 769 792 
4 79 682 705 825 
3 49 341 513 
1 400 
0 
3 31 706 779 
0 
1 528 
0 
1 518 
4 323 349 540 811 
2 614 774 
3 13 223 708 
1 573 
0 
0 
1 63 
1 731 
0 
0 
3 50 236 499 
0 
1 366 
1 212 
2 58 609 
0 
1 12 
1 405 
0 
1 193 
1 175 
2 184 291 
0 
0 
1 463 
1 464 
1 220 
0 
1 314 
0 
1 626 
0 
0 
1 603 
1 723 
1 821 
2 258 386 
0 
1 449 
0 
1 273 
0 
1 461 
5 54 104 131 338 631 
0 
0 
0 
0 
1 246 
0 
1 838 
0 
0 
1 518 
0 
2 94 515 
0 
2 174 830 
0 
0 
2 357 469 
0 
1 93 
2 250 334 
0 
1 117 
0 
0 
2 468 545 
1 298 
0 
1 725 
1 362 
2 337 411 
1 640 
1 314 
1 453 
1 676 
1 28 
1 634 
0 
2 231 775 
0 
0 
0 
2 737 785 
0 
2 465 767 
4 21 73 279 303 
2 468 807 
3 326 735 743 
3 50 95 359 
0 
1 298 
1 604 
1 318 
0 
1 559 
1 81 
0 
1 515 
0 
0 
2 351 820 
5 103 238 285 321 738 
0 
0 
1 793 
1 305 
0 
0 
1 314 
0 
3 210 368 670 
0 
1 633 
1 300 
0 
3 63 155 476 
2 142 639 
3 23 77 562 
0 
0 
1 374 
2 273 648 
1 7 
2 457 761 
3 84 283 819 
2 253 572 
1 610 
1 636 
1 202 
0 
1 197 
1 366 
1 98 
0 
2 723 785 
0 
2 210 366 
0 
3 313 756 770 
1 396 
0 
1 687 
1 112 
1 553 
4 180 270 551 598 
2 35 393 
1 301 
1 713 
1 142 
2 282 659 
0 
0 
1 26 
3 222 344 349 
0 
2 323 431 
2 654 801 
1 482 
2 388 407 
2 388 735 
0 
2 333 816 
0 
0 
2 706 732 
3 62 740 744 
1 536 
0 
3 114 760 830 
2 173 399 
1 483 
1 10 
0 
5 246 432 652 717 722 
0 
2 371 372 
0 
0 
1 813 
2 522 532 
1 358 
1 699 
1 545 
1 352 
1 138 
0 
1 382 
2 203 710 
0 
2 4 28 
0 
0 
1 227 
1 815 
1 371 
0 
0 
0 
1 283 
0 
0 
0 
0 
0 
0 
1 726 
1 38 
2 429 521 
2 147 544 
0 
0 
1 646 
0 
0 
0 
0 
1 420 
1 776 
1 368 
1 386 
1 471 
0 
0 
0 
1 566 
1 658 
0 
0 
0 
1 125 
2 38 449 
0 
0 
1 722 
1 176 
2 540 717 
2 248 443 
2 15 462 
0 
1 486 
2 122 286 
0 
1 604 
0 
3 145 176 336 
2 127 185 
1 758 
0 
1 252 
3 23 69 450 
3 234 589 599 
2 235 683 
1 297 
0 
1 494 
2 278 299 
2 270 573 
0 
1 433 
0 
1 99 
0 
1 111 
2 25 328 
1 685 
1 594 
1 48 
1 801 
1 792 
1 370 
1 383 
1 556 
1 720 
1 452 
0 
2 591 834 
1 707 
1 541 
0 
1 641 
0 
1 467 
1 189 
2 661 736 
0 
0 
3 220 501 532 
1 673 
2 499 685 
1 604 
0 
1 809 
1 26 
2 567 672 
0 
0 
1 649 
1 746 
0 
1 629 
2 202 517 
1 695 
3 265 310 641 
3 108 578 711 
2 513 570 
2 209 263 
1 124 
2 574 614 
2 420 558 
1 392 
2 611 686 
0 
1 638 
1 532 
0 
2 207 675 
0 
0 
0 
4 131 392 499 526 
0 
2 159 700 
2 554 822 
2 379 644 
0 
1 157 
0 
3 191 210 448 
3 183 490 576 
0 
2 162 591 
1 421 
2 278 395 
2 51 711 
0 
1 801 
1 151 
2 136 555 
2 151 357 
1 133 
1 356 
1 535 
2 550 729 
1 484 
0 
2 521 654 
1 307 
1 9 
0 
1 330 
2 0 48 
2 597 611 
1 719 
1 437 
1 506 
0 
1 824 
1 517 
0 
1 338 
2 213 469 
1 520 
0 
4 86 541 699 733 
1 743 
2 516 668 
1 616 
0 
0 
0 
1 8 
0 
1 104 
0 
0 
0 
1 463 
0 
2 488 543 
0 
0 
3 3 478 795 
1 169 
1 199 
1 564 
1 357 
1 463 
1 63 
1 659 
1 74 
1 243 
3 304 455 502 
1 9 
2 117 675 
0 
2 749 807 
2 39 224 
1 339 
3 78 523 564 
0 
0 
2 211 520 
0 
2 579 809 
0 
0 
0 
0 
0 
2 137 173 
2 105 727 
2 16 170 
0 
1 240 
2 723 801 
0 
1 512 
1 199 
2 253 686 
0 
1 325 
1 289 
0 
2 340 726 
1 173 
1 525 
3 94 329 797 
1 284 
2 492 515 
0 
0 
3 536 715 730 
0 
1 424 
2 2 784 
2 334 798 
1 509 
0 
0 
1 386 
1 77 
2 369 558 
0 
0 
0 
1 438 
2 362 601 
0 
2 496 743 
2 117 717 
0 
0 
0 
1 114 
0 
2 578 799 
0 
1 323 
2 165 829 
1 506 
2 500 715 
0 
3 528 606 790 
2 186 287 
1 38 
0 
1 806 
1 814 
0 
2 123 201 
2 168 464 
2 89 753 
3 29 477 501 
2 523 631 
1 354 
0 
1 27 
0 
0 
0 
0 
0 
1 514 
0 
0 
0 
2 394 576 
1 534 
1 710 
0 
0 
1 127 
1 201 
3 205 377 797 
1 489 
1 212 
0 
3 400 701 732 
2 516 546 
0 
2 360 803 
0 
2 644 673 
0 
3 386 448 662 
0 
2 155 565 
2 485 830 
0 
2 386 446 
3 244 347 627 
0 
1 281 
2 418 636 
2 122 623 
0 
1 555 
2 23 644 
1 217 
2 377 710 
1 576 
1 166 
2 300 372 
2 496 834 
3 40 107 295 
1 314 
1 32 
2 157 378 
0 
0 
4 300 577 661 774 
1 378 
0 
1 510 
0 
0 
1 608 
1 785 
1 76 
1 50 
1 684 
0 
0 
1 351 
0 
1 459 
0 
1 381 
1 336 
0 
0 
1 163 
0 
0 
1 297 
0 
1 200 
2 351 811 
0 
1 145 
0 
2 211 743 
1 291 
1 430 
0 
0 
1 205 
0 
0 
0 
0 
2 647 839 
3 295 347 750 
0 
1 94 
0 
0 
1 675 
0 
2 200 481 
2 317 803 
1 119 
1 594 
1 93 
3 162 639 706 
1 648 
1 668 
0 
4 369 480 548 627 
1 105 
2 713 793 
0 
0 
2 679 814 
2 299 608 
1 810 
2 504 616 
1 808 
3 155 210 770 
0 
1 391 
2 680 806 
2 187 406 
1 374 
0 
0 
1 337 
1 313 
1 245 
1 535 
0 
1 569 
2 35 201 
0 
2 54 82 
0 
1 671 
4 176 267 381 720 
0 
0 
0 
2 488 736 
0 
0 
0 
1 260 
1 784 
