870 385
0 
2 551 575 
0 
1 48 
0 
1 802 
1 842 
0 
1 149 
0 
1 614 
1 131 
0 
0 
1 135 
1 676 
1 185 
1 241 
3 196 340 759 
0 
2 596 615 
1 592 
0 
3 326 431 484 
1 393 
1 182 
0 
0 
1 172 
1 581 
1 328 
1 194 
0 
1 721 
0 
2 624 735 
0 
1 632 
1 488 
0 
0 
1 466 
1 590 
1 550 
2 192 845 
1 130 
0 
1 307 
1 3 
0 
2 84 308 
0 
1 567 
0 
1 380 
0 
2 760 791 
0 
1 550 
1 773 
0 
0 
2 76 781 
1 384 
1 560 
1 829 
1 132 
1 82 
0 
0 
1 446 
1 622 
0 
0 
1 352 
1 672 
2 62 501 
0 
0 
1 398 
3 361 640 799 
1 829 
1 67 
1 84 
3 50 83 445 
0 
0 
1 857 
1 802 
0 
1 647 
0 
2 341 838 
1 296 
0 
0 
1 719 
0 
0 
0 
0 
0 
1 450 
0 
1 760 
0 
0 
2 151 789 
2 344 477 
1 761 
0 
4 298 495 763 832 
0 
1 516 
2 596 719 
0 
0 
0 
1 160 
1 615 
2 137 349 
1 615 
0 
1 717 
0 
0 
0 
0 
0 
0 
2 45 857 
2 11 425 
1 66 
0 
1 564 
1 14 
3 595 776 816 
3 120 275 663 
2 427 476 
3 510 678 769 
0 
0 
2 285 798 
1 863 
0 
2 272 558 
1 306 
3 179 418 622 
1 431 
1 8 
1 785 
1 107 
1 228 
1 683 
3 349 355 837 
1 466 
0 
3 389 407 434 
2 227 564 
1 683 
1 118 
0 
0 
2 543 613 
0 
2 396 712 
1 477 
0 
1 770 
0 
1 319 
0 
1 28 
0 
1 249 
2 463 619 
1 769 
0 
0 
1 147 
0 
0 
1 25 
0 
0 
3 16 556 654 
0 
0 
0 
1 755 
0 
0 
1 44 
1 406 
3 31 291 337 
0 
1 18 
0 
0 
1 640 
2 356 689 
0 
1 441 
1 659 
3 218 509 866 
0 
1 868 
0 
0 
0 
1 593 
1 581 
0 
0 
0 
0 
0 
0 
2 204 710 
0 
0 
1 330 
0 
0 
0 
2 394 665 
0 
1 158 
1 152 
0 
0 
0 
0 
3 450 562 570 
3 277 328 343 
1 539 
1 413 
0 
2 681 794 
0 
0 
1 17 
0 
1 390 
2 806 859 
0 
2 722 848 
1 488 
2 431 693 
1 174 
0 
2 401 756 
1 710 
1 599 
1 382 
1 290 
1 353 
1 281 
1 832 
1 388 
0 
0 
1 657 
1 479 
0 
1 554 
0 
0 
0 
0 
1 517 
0 
3 145 321 702 
1 578 
1 404 
2 137 735 
2 541 611 
1 234 
0 
0 
1 616 
1 257 
1 854 
0 
2 625 662 
1 142 
0 
0 
1 627 
3 439 458 706 
2 255 598 
2 194 731 
0 
1 826 
1 423 
0 
1 93 
2 438 548 
3 111 330 688 
2 555 597 
0 
0 
0 
0 
0 
0 
2 146 456 
3 47 407 451 
1 50 
1 821 
0 
1 364 
2 348 472 
1 409 
0 
1 745 
0 
1 415 
1 614 
3 170 479 807 
0 
3 272 385 811 
0 
0 
1 772 
1 641 
1 23 
0 
4 30 234 821 850 
0 
2 221 298 
0 
0 
0 
0 
0 
1 352 
1 194 
0 
0 
2 18 352 
2 92 601 
0 
1 234 
1 108 
0 
2 447 654 
1 384 
1 312 
3 120 154 488 
1 760 
0 
4 74 336 340 455 
1 256 
1 654 
1 154 
2 200 727 
0 
1 705 
0 
2 414 500 
1 80 
0 
0 
1 311 
0 
1 444 
1 632 
0 
0 
0 
0 
1 547 
0 
1 566 
0 
0 
0 
0 
3 504 514 629 
1 54 
0 
2 254 659 
1 692 
2 63 347 
2 321 391 
0 
1 480 
1 259 
1 157 
1 243 
1 385 
0 
1 24 
2 225 846 
1 613 
2 165 713 
0 
3 79 478 497 
0 
0 
1 251 
0 
0 
2 274 827 
0 
1 193 
3 157 307 864 
1 743 
1 313 
0 
0 
0 
1 236 
2 360 654 
1 317 
1 694 
1 755 
2 147 819 
0 
1 434 
0 
2 549 598 
1 294 
0 
1 131 
0 
1 138 
1 854 
0 
1 637 
4 23 148 248 516 
0 
0 
3 157 420 488 
0 
1 609 
1 689 
1 297 
1 289 
0 
1 202 
0 
3 527 756 830 
2 366 648 
1 84 
1 70 
1 346 
2 464 597 
0 
3 102 233 456 
1 307 
0 
0 
1 554 
2 352 804 
2 306 450 
0 
1 289 
0 
1 562 
0 
1 710 
1 175 
1 448 
1 523 
2 41 155 
0 
0 
0 
0 
0 
1 312 
0 
0 
0 
1 138 
2 108 166 
1 398 
2 263 319 
1 387 
1 498 
1 619 
0 
1 23 
0 
2 647 685 
1 496 
4 38 247 349 434 
2 496 635 
1 828 
0 
0 
0 
0 
3 111 506 542 
2 487 489 
1 398 
2 481 567 
0 
1 360 
2 76 537 
0 
0 
2 379 653 
0 
2 495 788 
0 
0 
1 204 
2 139 849 
2 592 862 
0 
1 727 
1 379 
0 
2 113 431 
1 270 
0 
0 
0 
0 
0 
1 465 
1 652 
2 755 819 
0 
1 443 
0 
2 554 788 
0 
1 857 
0 
1 547 
0 
0 
0 
2 501 724 
0 
2 235 570 
0 
1 276 
2 495 618 
1 163 
2 640 663 
0 
0 
3 372 533 553 
1 297 
1 422 
2 43 58 
1 1 
0 
1 547 
3 265 454 529 
1 299 
2 185 623 
1 583 
1 145 
1 607 
1 64 
0 
2 233 460 
0 
2 134 158 
0 
1 374 
2 52 498 
0 
1 839 
2 233 539 
1 579 
2 610 758 
0 
0 
1 1 
0 
1 845 
2 273 684 
1 571 
1 841 
2 29 211 
1 608 
1 557 
2 690 780 
0 
1 738 
0 
0 
2 592 625 
1 42 
1 607 
3 21 511 589 
1 210 
1 673 
1 136 
2 20 114 
3 299 448 686 
3 290 422 688 
1 253 
1 620 
2 341 651 
2 692 756 
1 816 
0 
0 
0 
2 559 591 
1 582 
1 436 
2 572 762 
1 276 
0 
2 163 395 
2 10 318 
3 20 119 121 
1 280 
0 
1 542 
2 175 482 
1 600 
0 
2 71 147 
1 556 
1 35 
2 284 589 
2 775 868 
2 288 692 
0 
3 379 653 670 
0 
1 851 
2 37 367 
0 
1 699 
1 489 
0 
1 430 
0 
0 
3 80 199 544 
1 325 
0 
0 
0 
1 773 
0 
2 90 486 
1 444 
0 
0 
1 601 
1 524 
3 504 629 776 
4 185 346 354 414 
0 
0 
2 262 705 
1 820 
2 203 382 
1 718 
0 
2 284 843 
2 137 544 
0 
1 225 
0 
0 
0 
0 
1 629 
0 
2 75 720 
1 594 
0 
0 
1 15 
1 829 
1 139 
0 
0 
1 238 
2 691 736 
2 153 159 
1 578 
2 486 789 
1 597 
0 
2 298 598 
2 200 437 
1 584 
1 682 
3 383 602 627 
2 248 850 
1 416 
0 
0 
0 
1 797 
1 634 
0 
0 
1 272 
0 
0 
2 358 657 
1 289 
0 
0 
1 869 
3 218 252 462 
0 
1 165 
1 396 
0 
0 
1 774 
1 123 
1 660 
2 96 114 
1 672 
1 33 
1 246 
0 
1 537 
0 
0 
2 356 513 
0 
0 
0 
1 291 
0 
0 
0 
2 35 275 
1 682 
0 
1 586 
0 
0 
0 
0 
2 408 795 
0 
1 315 
0 
0 
0 
0 
0 
0 
0 
0 
0 
3 189 417 525 
3 251 443 602 
1 801 
2 572 822 
1 18 
3 56 104 350 
2 109 763 
1 610 
2 111 761 
0 
0 
0 
0 
0 
2 139 176 
1 168 
0 
1 324 
2 59 645 
2 716 825 
1 626 
2 136 653 
0 
0 
0 
2 584 797 
1 62 
1 803 
1 857 
0 
1 150 
0 
0 
2 506 529 
2 107 685 
0 
1 56 
0 
0 
1 238 
1 743 
0 
2 698 780 
1 142 
1 80 
0 
1 757 
3 5 88 819 
2 782 867 
1 455 
0 
1 244 
1 319 
0 
0 
0 
1 321 
0 
0 
0 
0 
2 136 603 
0 
0 
3 418 525 802 
1 658 
2 309 328 
1 758 
1 850 
0 
1 774 
1 293 
1 404 
1 490 
3 65 81 677 
1 443 
0 
2 111 258 
0 
0 
0 
0 
1 154 
1 92 
1 569 
0 
1 580 
1 6 
1 662 
0 
2 44 577 
1 394 
0 
1 246 
1 510 
3 328 693 823 
1 631 
0 
0 
2 282 428 
0 
0 
4 87 130 531 783 
0 
1 244 
0 
0 
1 511 
1 143 
1 407 
0 
1 204 
1 803 
2 206 626 
1 709 
870 435
1 83 
1 556 
0 
2 620 857 
1 459 
0 
2 732 756 
2 128 860 
0 
1 66 
0 
0 
0 
1 16 
0 
0 
4 13 172 256 685 
2 640 721 
1 321 
1 53 
0 
1 421 
1 148 
0 
0 
1 140 
0 
0 
0 
3 42 656 768 
1 201 
0 
0 
0 
0 
1 518 
0 
0 
0 
1 98 
1 338 
0 
3 29 359 700 
1 197 
2 91 441 
0 
1 418 
2 173 191 
1 51 
1 252 
1 724 
2 48 361 
0 
1 19 
1 274 
1 454 
0 
1 413 
4 126 340 714 862 
1 310 
0 
1 741 
1 156 
1 218 
0 
0 
2 9 597 
2 469 801 
2 346 772 
1 151 
2 164 752 
1 464 
0 
0 
2 222 829 
0 
1 719 
1 212 
0 
3 409 740 796 
0 
1 792 
0 
1 0 
2 247 521 
1 408 
2 177 814 
0 
1 692 
2 158 355 
0 
1 44 
4 113 125 211 490 
0 
1 372 
0 
0 
1 163 
3 39 166 642 
0 
0 
0 
2 294 326 
0 
0 
2 212 527 
1 798 
0 
0 
2 341 348 
2 642 644 
0 
1 829 
1 92 
2 137 528 
0 
2 205 407 
2 444 810 
0 
0 
2 603 857 
1 752 
0 
1 515 
1 506 
1 92 
2 58 311 
2 151 849 
1 7 
0 
3 388 628 643 
2 200 827 
0 
3 234 244 617 
0 
0 
1 584 
1 114 
0 
1 546 
2 25 162 
1 315 
1 459 
1 524 
1 780 
0 
1 675 
0 
2 22 214 
0 
0 
3 69 127 745 
0 
1 846 
1 165 
4 229 252 780 803 
4 62 210 363 535 
1 346 
1 89 
1 573 
0 
1 170 
2 140 714 
4 97 442 468 659 
4 70 225 656 816 
3 154 188 673 
2 98 461 
0 
0 
0 
2 161 311 
0 
3 16 281 544 
1 47 
1 255 
0 
1 342 
1 86 
1 594 
0 
0 
1 851 
0 
0 
1 783 
1 704 
0 
0 
2 165 314 
0 
1 466 
1 47 
0 
1 203 
1 243 
3 261 291 419 
0 
2 43 320 
1 652 
0 
2 131 676 
3 30 471 764 
0 
1 193 
0 
1 116 
0 
0 
1 397 
0 
2 156 489 
1 92 
3 77 105 320 
0 
2 148 469 
0 
2 399 511 
0 
2 63 774 
0 
0 
0 
1 74 
2 483 560 
1 228 
1 164 
2 485 679 
2 568 642 
2 224 785 
2 155 373 
1 426 
1 563 
0 
1 349 
1 133 
1 318 
0 
0 
1 614 
1 749 
2 422 499 
1 576 
4 288 346 755 763 
2 194 291 
1 133 
0 
2 272 520 
1 84 
1 583 
0 
0 
1 272 
2 49 155 
1 456 
3 310 336 753 
1 174 
1 16 
1 538 
0 
0 
0 
2 195 786 
1 481 
1 867 
0 
0 
1 434 
1 505 
1 336 
0 
1 470 
1 651 
2 246 251 
2 274 578 
4 54 273 543 797 
1 741 
1 673 
0 
0 
1 616 
0 
1 172 
2 688 750 
1 726 
0 
0 
3 341 355 468 
0 
2 242 567 
1 820 
2 721 768 
3 195 243 466 
0 
1 592 
1 102 
1 344 
0 
0 
0 
1 671 
1 795 
2 374 524 
3 331 350 798 
1 579 
0 
1 462 
0 
2 616 642 
3 550 554 806 
0 
3 59 254 828 
4 126 170 340 366 
1 349 
0 
5 188 549 769 834 839 
1 141 
0 
0 
1 235 
3 420 576 586 
2 197 212 
3 18 547 837 
0 
0 
0 
0 
2 102 482 
0 
0 
0 
0 
2 302 500 
0 
0 
0 
0 
2 254 268 
0 
1 40 
0 
3 58 311 732 
4 109 286 746 838 
2 176 752 
0 
1 295 
1 527 
3 68 157 242 
0 
1 109 
2 233 312 
2 302 521 
0 
1 402 
0 
0 
3 89 286 566 
1 546 
0 
0 
2 42 794 
0 
1 51 
1 725 
2 156 820 
1 492 
1 512 
2 311 808 
0 
0 
1 578 
0 
0 
1 94 
1 229 
1 301 
2 620 630 
1 596 
0 
1 543 
0 
1 384 
0 
0 
0 
1 380 
0 
1 777 
0 
2 130 740 
1 609 
0 
1 484 
1 525 
0 
2 501 744 
2 493 676 
0 
2 208 526 
0 
1 216 
2 514 589 
0 
3 352 442 473 
2 487 837 
1 628 
0 
1 577 
3 116 540 645 
1 85 
2 79 694 
1 661 
1 741 
1 498 
3 57 545 815 
2 620 753 
1 480 
0 
3 539 579 841 
1 46 
2 195 626 
2 319 833 
2 21 592 
1 240 
1 465 
0 
0 
1 230 
2 561 719 
2 546 671 
0 
0 
1 786 
0 
1 521 
1 266 
1 654 
0 
2 462 795 
0 
0 
0 
2 44 681 
2 163 402 
1 599 
1 117 
0 
0 
1 527 
1 488 
0 
1 840 
0 
0 
0 
1 55 
3 497 531 803 
3 253 576 784 
0 
0 
2 4 142 
0 
1 166 
2 305 437 
0 
1 71 
1 423 
3 190 291 668 
0 
2 163 286 
2 67 214 
2 270 617 
1 201 
0 
2 402 617 
1 817 
0 
0 
0 
0 
1 671 
1 415 
1 262 
1 326 
2 223 572 
1 391 
3 226 653 731 
0 
2 403 689 
1 448 
1 210 
2 92 614 
0 
2 364 533 
1 395 
2 685 700 
0 
2 586 791 
1 455 
1 412 
1 240 
1 331 
1 394 
0 
2 545 696 
0 
1 267 
2 124 727 
0 
2 541 760 
1 804 
0 
2 216 749 
2 365 559 
1 768 
1 400 
1 123 
0 
0 
1 35 
0 
2 246 743 
3 84 350 433 
1 810 
0 
3 143 301 576 
2 392 684 
1 397 
3 105 345 447 
2 114 539 
0 
0 
1 455 
0 
2 492 621 
0 
2 156 585 
0 
1 575 
1 257 
2 417 528 
1 407 
2 508 853 
0 
2 274 378 
2 172 764 
3 413 503 854 
3 139 356 428 
3 321 727 786 
0 
1 314 
2 308 568 
1 799 
0 
0 
2 308 623 
0 
1 1 
0 
0 
1 512 
1 223 
1 427 
0 
1 231 
0 
0 
1 355 
1 288 
2 227 550 
0 
0 
2 580 743 
4 483 675 734 741 
1 159 
1 590 
2 537 762 
4 241 319 456 524 
2 406 619 
3 273 369 791 
3 303 417 658 
1 571 
0 
0 
1 248 
1 136 
1 535 
2 319 496 
1 808 
0 
1 400 
2 574 613 
0 
2 293 421 
0 
1 178 
0 
2 376 790 
1 66 
1 693 
1 443 
0 
0 
0 
1 120 
1 694 
0 
1 640 
1 637 
0 
1 389 
0 
1 637 
0 
1 590 
3 238 490 672 
0 
2 279 307 
3 133 470 473 
0 
1 577 
3 3 375 414 
1 533 
0 
3 554 706 855 
0 
0 
2 419 792 
2 632 738 
2 130 404 
0 
2 375 751 
0 
2 627 841 
0 
0 
0 
0 
2 607 611 
0 
0 
2 17 606 
0 
4 98 110 227 307 
1 130 
1 110 
1 407 
0 
0 
0 
1 682 
0 
1 271 
1 198 
1 485 
1 435 
0 
2 29 164 
0 
1 579 
1 163 
0 
1 410 
0 
0 
0 
0 
1 747 
1 800 
1 466 
1 851 
0 
3 299 428 479 
1 614 
3 165 276 811 
0 
2 146 572 
2 200 395 
0 
0 
1 226 
0 
2 441 759 
1 649 
2 773 777 
2 525 800 
2 16 494 
2 737 838 
0 
1 282 
1 487 
0 
0 
1 88 
2 598 733 
3 409 604 817 
0 
1 503 
0 
0 
0 
3 42 494 869 
0 
0 
0 
1 185 
1 780 
1 623 
0 
0 
0 
0 
0 
0 
1 851 
2 58 162 
0 
0 
0 
0 
2 76 427 
0 
2 17 290 
0 
0 
1 50 
1 362 
1 283 
2 506 547 
0 
0 
0 
1 485 
2 6 340 
1 693 
1 572 
0 
0 
1 686 
1 627 
0 
2 79 388 
5 61 275 411 572 767 
0 
2 520 571 
2 394 767 
1 151 
1 341 
1 666 
0 
2 239 511 
1 282 
2 630 759 
3 70 121 342 
2 254 414 
0 
1 242 
1 6 
0 
0 
2 681 751 
1 508 
0 
1 575 
2 242 820 
2 201 544 
0 
0 
2 741 744 
3 29 290 513 
1 314 
0 
0 
1 68 
1 683 
1 218 
0 
0 
2 386 683 
0 
0 
4 144 155 705 822 
0 
0 
1 184 
1 456 
2 228 826 
3 261 431 547 
1 821 
0 
0 
1 596 
2 496 578 
2 81 626 
0 
1 359 
2 300 437 
1 79 
1 274 
3 106 302 859 
1 551 
2 667 684 
1 67 
0 
2 155 455 
1 509 
0 
1 308 
0 
2 366 587 
1 823 
2 117 522 
1 673 
0 
1 843 
1 86 
1 413 
1 164 
2 474 694 
0 
0 
3 289 363 763 
1 787 
1 780 
2 809 832 
0 
1 854 
1 785 
1 131 
1 310 
2 74 112 
0 
0 
1 823 
1 420 
1 314 
0 
0 
2 321 403 
2 341 686 
1 314 
1 450 
2 417 632 
0 
1 813 
0 
0 
1 153 
0 
0 
1 127 
0 
3 181 669 713 
0 
1 541 
2 545 825 
1 623 
0 
2 3 120 
0 
1 798 
1 7 
0 
1 58 
0 
0 
0 
0 
1 263 
0 
1 700 
