890 432
0 
3 265 804 883 
0 
1 441 
3 512 639 748 
3 89 189 787 
0 
2 554 589 
0 
1 470 
3 40 239 885 
0 
2 769 823 
0 
1 703 
0 
0 
2 619 776 
1 422 
1 565 
4 61 164 301 687 
2 42 836 
0 
1 474 
2 848 887 
0 
0 
2 341 768 
1 413 
2 674 873 
2 284 577 
1 701 
2 376 779 
1 111 
0 
1 593 
1 734 
1 858 
1 174 
0 
2 10 595 
2 541 860 
3 21 166 787 
1 147 
1 356 
1 181 
0 
0 
1 457 
0 
3 282 616 744 
2 320 691 
0 
0 
1 83 
0 
0 
0 
1 810 
1 747 
1 348 
2 20 295 
1 729 
1 642 
1 612 
1 828 
2 645 821 
1 668 
1 677 
1 707 
0 
0 
1 586 
0 
0 
0 
0 
2 273 769 
1 588 
1 242 
1 432 
0 
2 490 692 
1 54 
0 
1 778 
1 255 
1 620 
2 459 713 
2 5 614 
2 344 633 
0 
1 879 
0 
0 
0 
1 869 
2 494 575 
0 
1 645 
1 430 
0 
1 363 
1 399 
1 884 
0 
3 267 297 590 
0 
0 
2 115 752 
0 
2 33 763 
2 346 791 
3 319 444 484 
0 
3 109 256 419 
0 
0 
0 
0 
1 851 
1 451 
1 349 
2 287 496 
1 606 
0 
0 
1 201 
1 782 
0 
0 
1 442 
1 737 
1 871 
2 220 619 
1 489 
0 
0 
0 
0 
0 
0 
3 145 199 786 
0 
0 
1 142 
0 
1 43 
1 259 
0 
0 
0 
2 181 283 
0 
2 489 759 
2 475 834 
1 525 
1 419 
0 
0 
2 425 885 
2 401 654 
1 681 
0 
2 20 526 
1 722 
2 42 569 
2 550 837 
2 322 429 
1 669 
2 257 787 
1 586 
0 
0 
1 38 
1 250 
0 
0 
0 
1 497 
0 
5 45 152 338 488 762 
3 484 550 715 
0 
1 441 
0 
0 
0 
1 406 
1 5 
3 433 573 689 
1 653 
0 
0 
1 242 
0 
2 535 741 
1 818 
2 721 855 
1 142 
2 316 675 
1 127 
1 462 
0 
1 205 
1 204 
1 819 
2 527 702 
0 
0 
1 498 
1 368 
1 835 
1 757 
0 
3 334 435 710 
1 726 
1 474 
1 470 
2 344 460 
2 134 386 
2 363 880 
0 
1 847 
0 
0 
1 276 
1 828 
0 
1 260 
0 
0 
0 
3 352 622 847 
1 570 
0 
1 463 
1 710 
0 
3 10 524 549 
0 
2 328 442 
3 79 194 298 
0 
0 
1 756 
1 411 
0 
0 
0 
1 175 
1 867 
0 
2 258 347 
1 464 
1 86 
4 115 450 492 757 
2 170 759 
1 253 
2 148 726 
3 229 272 538 
1 888 
3 451 478 591 
0 
1 599 
1 1 
0 
4 106 456 586 810 
0 
0 
0 
1 745 
1 260 
1 77 
1 647 
2 281 408 
2 226 298 
0 
0 
1 865 
1 397 
1 275 
1 50 
1 152 
3 30 698 809 
0 
1 760 
2 123 692 
1 688 
1 576 
0 
1 846 
0 
1 422 
0 
1 61 
0 
1 106 
2 242 276 
0 
0 
1 20 
1 456 
4 355 622 854 886 
0 
0 
1 724 
1 355 
0 
0 
0 
0 
0 
0 
1 638 
2 450 632 
2 200 542 
0 
0 
1 113 
1 51 
1 795 
1 168 
0 
0 
1 612 
0 
0 
1 241 
2 353 457 
0 
0 
2 723 868 
1 660 
2 215 514 
1 703 
1 372 
1 499 
3 181 361 557 
0 
1 712 
3 27 483 528 
0 
0 
3 90 219 477 
0 
1 112 
1 253 
2 60 577 
3 122 831 867 
0 
0 
1 233 
4 329 496 683 823 
0 
2 303 307 
2 44 787 
0 
0 
0 
0 
2 338 398 
0 
2 102 221 
1 487 
0 
0 
0 
1 211 
0 
0 
1 646 
1 336 
0 
3 401 555 614 
0 
2 32 391 
0 
0 
2 492 819 
0 
0 
1 589 
0 
1 650 
0 
1 220 
0 
0 
1 718 
1 881 
1 376 
0 
2 721 830 
0 
0 
0 
2 280 429 
1 361 
1 103 
0 
2 161 374 
1 506 
1 544 
0 
0 
1 188 
0 
1 275 
1 537 
0 
1 246 
0 
1 28 
1 885 
0 
0 
0 
0 
3 115 157 608 
1 801 
0 
4 18 293 712 791 
1 755 
0 
2 160 788 
0 
1 767 
2 633 804 
2 168 397 
2 100 715 
1 574 
1 80 
1 190 
0 
1 215 
1 440 
0 
0 
1 821 
2 436 829 
2 3 184 
2 131 241 
2 618 851 
1 113 
0 
1 788 
0 
0 
0 
2 256 315 
3 121 262 677 
0 
2 794 798 
0 
0 
4 267 302 482 536 
2 48 329 
1 775 
1 88 
1 219 
0 
2 202 816 
1 236 
1 254 
1 487 
0 
0 
0 
0 
2 9 218 
0 
0 
0 
2 23 217 
1 155 
1 483 
2 344 551 
1 262 
0 
0 
1 698 
1 456 
2 341 476 
3 113 182 829 
0 
0 
2 364 465 
2 181 701 
2 135 154 
1 82 
0 
2 256 379 
0 
1 97 
1 711 
3 123 353 518 
1 179 
1 210 
2 337 723 
0 
1 698 
0 
1 828 
1 703 
0 
1 402 
0 
2 762 832 
1 656 
1 631 
1 647 
1 4 
2 778 859 
1 334 
0 
0 
1 604 
1 496 
0 
0 
1 835 
0 
0 
1 239 
1 156 
1 164 
1 207 
2 341 742 
1 818 
0 
0 
1 549 
1 627 
0 
2 196 747 
2 456 681 
1 409 
1 260 
0 
0 
1 41 
1 316 
1 820 
1 403 
0 
0 
1 798 
0 
2 239 532 
3 167 182 666 
1 477 
1 601 
0 
1 7 
1 374 
0 
1 338 
1 560 
0 
1 558 
0 
0 
0 
2 655 702 
2 19 617 
0 
1 696 
0 
1 166 
1 234 
0 
3 610 692 819 
1 190 
2 431 579 
2 97 582 
1 289 
2 30 348 
0 
1 574 
1 659 
1 606 
1 575 
0 
0 
0 
3 72 171 267 
1 781 
1 78 
3 7 382 694 
1 106 
1 262 
0 
1 35 
0 
1 40 
1 797 
1 621 
0 
2 264 868 
0 
1 552 
0 
2 672 733 
1 517 
1 752 
2 124 581 
2 632 736 
1 419 
0 
1 572 
0 
3 64 325 821 
0 
2 89 374 
0 
1 50 
1 565 
2 443 869 
3 17 134 734 
1 87 
1 597 
2 233 303 
0 
1 779 
0 
0 
3 533 796 808 
0 
4 657 668 742 831 
0 
1 510 
2 315 607 
2 90 428 
0 
0 
0 
0 
1 314 
1 4 
0 
0 
1 63 
1 873 
0 
4 66 99 687 748 
1 371 
2 274 511 
1 847 
0 
1 384 
0 
0 
2 191 819 
2 161 669 
1 564 
2 509 858 
2 629 767 
0 
1 580 
1 333 
0 
1 698 
1 766 
0 
1 816 
1 550 
2 776 812 
2 67 629 
2 169 654 
1 787 
1 680 
1 603 
0 
2 29 694 
2 200 708 
0 
3 68 451 796 
0 
0 
1 671 
2 162 536 
0 
1 353 
0 
1 755 
0 
3 20 645 793 
3 288 719 811 
1 190 
0 
1 51 
3 82 287 572 
0 
3 589 674 816 
0 
1 567 
0 
4 284 481 501 662 
0 
1 727 
2 31 488 
2 207 564 
3 14 335 504 
0 
0 
1 789 
1 69 
1 675 
0 
2 215 237 
1 495 
2 340 422 
1 88 
0 
2 182 430 
0 
0 
1 389 
1 688 
0 
2 198 393 
1 165 
2 332 499 
2 306 795 
0 
2 216 259 
1 700 
0 
1 62 
0 
1 846 
0 
1 603 
4 36 619 737 768 
0 
1 607 
2 132 734 
0 
0 
0 
3 196 789 881 
4 528 629 767 802 
0 
1 50 
1 271 
0 
2 59 535 
2 4 645 
0 
0 
0 
2 109 605 
0 
0 
3 423 685 862 
1 245 
2 213 256 
0 
2 154 257 
1 286 
0 
2 181 508 
1 111 
1 874 
0 
1 663 
4 427 657 742 786 
2 27 734 
2 12 77 
0 
0 
0 
0 
0 
1 458 
2 17 667 
0 
2 85 513 
2 32 624 
1 790 
1 587 
1 128 
0 
0 
0 
2 142 767 
5 5 42 170 356 670 
2 425 446 
2 706 741 
1 780 
2 112 422 
0 
1 687 
1 453 
2 321 724 
2 627 677 
2 596 875 
2 453 547 
1 850 
0 
1 420 
1 742 
0 
3 1 428 885 
0 
0 
0 
1 627 
1 284 
2 58 267 
1 688 
2 667 861 
0 
0 
0 
3 462 665 694 
0 
2 197 529 
4 206 379 572 653 
1 543 
3 66 439 612 
0 
3 12 353 829 
0 
0 
0 
0 
3 65 227 503 
3 440 484 823 
1 393 
2 349 629 
1 508 
0 
1 155 
2 212 521 
1 21 
1 167 
0 
0 
0 
0 
0 
0 
0 
0 
2 291 731 
3 223 233 648 
1 24 
0 
1 799 
2 120 443 
0 
0 
1 303 
1 198 
0 
0 
2 37 656 
1 513 
1 41 
1 812 
1 755 
0 
0 
1 279 
0 
2 251 349 
2 332 599 
2 96 618 
0 
1 133 
0 
2 29 643 
1 764 
1 797 
0 
0 
0 
1 92 
1 221 
2 390 741 
0 
1 1 
1 104 
4 10 160 414 804 
1 303 
1 24 
1 261 
0 
890 459
2 117 237 
0 
0 
0 
0 
2 63 651 
1 192 
2 82 792 
1 415 
2 54 786 
1 380 
0 
3 52 377 467 
1 757 
2 845 874 
3 228 523 563 
0 
3 196 256 561 
1 713 
0 
1 281 
2 167 713 
1 820 
2 274 312 
1 685 
2 272 616 
1 363 
0 
3 603 834 876 
0 
2 237 576 
0 
1 597 
0 
1 94 
0 
1 350 
0 
2 93 769 
0 
1 71 
2 278 827 
0 
0 
2 483 795 
0 
1 309 
0 
0 
0 
2 223 506 
1 734 
2 12 860 
2 446 503 
2 9 166 
0 
0 
2 85 526 
1 91 
0 
0 
1 633 
0 
1 5 
0 
1 850 
0 
0 
0 
0 
0 
1 40 
2 311 421 
0 
0 
0 
0 
2 378 733 
1 770 
1 753 
2 452 483 
1 714 
1 7 
0 
0 
1 57 
2 645 647 
1 299 
1 816 
2 257 305 
1 256 
3 58 548 586 
2 222 591 
1 38 
1 34 
1 678 
1 256 
1 721 
1 607 
1 785 
0 
2 482 521 
1 816 
0 
1 762 
0 
1 465 
2 467 669 
1 593 
1 705 
0 
1 439 
3 379 803 872 
1 592 
0 
2 432 880 
0 
2 0 564 
0 
1 686 
1 619 
1 608 
0 
1 737 
2 584 685 
0 
1 130 
1 394 
0 
1 477 
4 126 201 229 232 
0 
1 622 
1 586 
0 
0 
1 854 
1 797 
0 
1 350 
2 223 460 
1 576 
2 476 636 
1 793 
2 859 865 
1 757 
1 449 
0 
0 
0 
0 
0 
1 524 
0 
1 706 
2 224 423 
2 340 564 
1 419 
1 889 
0 
0 
0 
3 191 477 839 
0 
2 291 431 
0 
1 54 
2 21 247 
1 436 
1 307 
0 
2 490 885 
0 
1 758 
0 
1 535 
1 772 
2 449 491 
1 634 
2 559 881 
1 227 
1 239 
1 733 
1 331 
1 446 
0 
0 
1 763 
0 
0 
0 
1 162 
2 6 692 
1 213 
1 762 
1 405 
2 17 579 
0 
1 843 
0 
3 214 254 755 
2 130 307 
1 816 
1 427 
2 550 640 
0 
1 545 
2 316 337 
0 
2 494 721 
0 
1 742 
1 687 
2 193 737 
2 200 348 
3 405 839 886 
0 
0 
1 235 
0 
1 521 
0 
1 92 
2 50 140 
2 155 857 
0 
1 491 
4 180 239 717 864 
2 15 574 
2 130 232 
1 334 
3 306 386 402 
2 130 229 
1 449 
0 
2 218 678 
1 886 
3 0 30 770 
1 572 
5 181 227 241 405 657 
1 495 
1 239 
0 
3 290 829 877 
0 
0 
0 
2 167 519 
2 298 404 
3 644 830 837 
3 458 465 669 
0 
1 783 
0 
1 200 
1 744 
3 17 90 96 
2 89 790 
0 
0 
2 768 792 
2 267 808 
2 605 845 
0 
0 
3 270 750 823 
0 
1 261 
0 
0 
1 265 
0 
1 25 
0 
1 23 
2 467 806 
0 
1 654 
2 41 434 
1 494 
2 318 700 
2 20 615 
0 
1 463 
2 318 852 
0 
2 429 647 
1 481 
0 
1 806 
1 243 
6 164 359 386 786 824 880 
0 
2 585 705 
0 
1 631 
1 767 
0 
1 248 
2 87 439 
1 877 
0 
1 644 
0 
0 
1 89 
1 231 
3 169 201 676 
1 720 
2 46 693 
2 368 853 
3 72 467 527 
1 23 
0 
1 838 
0 
2 207 841 
0 
3 280 284 800 
0 
2 324 706 
0 
0 
0 
2 320 596 
1 671 
2 426 764 
1 789 
0 
0 
0 
1 183 
1 490 
0 
2 230 736 
1 793 
0 
1 207 
1 855 
0 
2 156 692 
0 
1 363 
1 607 
0 
0 
0 
0 
1 214 
1 696 
4 36 139 732 784 
0 
0 
1 430 
0 
1 421 
0 
0 
0 
3 291 406 475 
2 540 836 
1 428 
2 724 743 
2 26 342 
1 776 
1 646 
1 733 
0 
1 310 
1 542 
0 
2 473 642 
0 
0 
1 719 
1 450 
2 583 828 
3 12 595 633 
2 77 801 
2 112 466 
1 10 
0 
1 478 
0 
0 
0 
2 231 291 
0 
1 609 
2 502 556 
3 724 795 813 
1 654 
1 649 
0 
1 127 
0 
1 531 
1 401 
0 
0 
1 456 
2 397 840 
2 231 879 
0 
2 248 779 
3 195 215 239 
2 359 889 
0 
0 
0 
1 813 
0 
0 
0 
0 
1 8 
0 
1 848 
1 468 
3 157 502 670 
1 439 
3 72 355 460 
1 485 
1 155 
0 
1 718 
1 326 
2 203 480 
2 361 477 
1 286 
2 353 485 
1 164 
1 115 
0 
1 278 
0 
1 168 
0 
1 611 
4 111 299 420 569 
0 
0 
0 
0 
0 
1 561 
3 53 184 508 
0 
1 820 
3 146 177 233 
1 375 
0 
1 80 
0 
0 
0 
1 400 
0 
2 250 734 
0 
3 140 421 790 
0 
0 
1 283 
0 
2 106 250 
2 379 707 
4 12 107 275 311 
1 418 
0 
0 
1 478 
1 573 
1 371 
0 
2 359 604 
1 142 
3 129 162 428 
2 382 471 
0 
1 427 
1 287 
2 101 657 
2 44 80 
1 675 
3 422 430 620 
1 547 
0 
0 
1 748 
2 171 332 
2 177 226 
0 
0 
2 209 279 
1 240 
0 
0 
0 
0 
0 
1 707 
4 389 419 596 614 
3 53 636 831 
1 786 
0 
1 50 
0 
1 446 
0 
1 713 
0 
0 
0 
1 737 
0 
0 
0 
0 
1 247 
0 
3 101 220 573 
0 
2 15 776 
1 152 
1 824 
2 57 699 
1 311 
2 741 799 
2 618 619 
1 763 
1 396 
1 756 
0 
2 589 868 
2 175 782 
0 
0 
2 701 793 
0 
2 360 628 
1 792 
2 369 723 
0 
2 570 663 
1 206 
0 
1 486 
1 91 
2 578 675 
2 204 638 
0 
0 
0 
1 780 
0 
1 389 
0 
0 
2 179 808 
1 811 
5 17 445 616 675 848 
0 
2 15 826 
3 117 156 580 
1 852 
0 
0 
1 691 
1 439 
1 544 
1 732 
2 238 753 
2 472 521 
1 228 
0 
2 30 141 
1 600 
2 549 729 
1 196 
1 564 
2 817 863 
0 
2 376 878 
1 124 
2 293 714 
3 91 133 628 
1 879 
0 
1 534 
1 664 
2 92 811 
1 113 
1 108 
0 
1 377 
4 324 502 606 855 
1 32 
0 
0 
1 577 
0 
1 717 
1 28 
1 475 
1 262 
1 596 
2 98 343 
1 121 
2 388 618 
1 720 
1 438 
0 
0 
1 502 
2 281 844 
2 25 561 
1 849 
3 529 609 727 
2 120 529 
1 485 
0 
1 132 
0 
1 847 
0 
1 801 
0 
4 540 586 811 876 
0 
0 
2 295 713 
0 
2 61 377 
1 178 
0 
2 142 503 
1 848 
1 550 
1 845 
2 204 870 
1 715 
2 371 766 
0 
2 249 302 
1 86 
1 365 
2 86 286 
1 663 
2 392 751 
1 878 
2 5 866 
0 
1 731 
2 277 391 
0 
0 
2 239 482 
0 
0 
0 
0 
1 730 
2 544 648 
3 590 795 880 
0 
0 
0 
0 
3 107 250 706 
2 419 789 
1 325 
0 
0 
1 837 
3 484 549 561 
1 307 
0 
3 95 235 787 
0 
0 
0 
0 
0 
0 
2 24 124 
1 119 
1 212 
1 716 
0 
0 
1 568 
2 192 340 
1 309 
0 
0 
1 349 
0 
0 
1 526 
1 280 
1 538 
0 
0 
0 
2 109 293 
4 154 320 669 834 
3 466 501 738 
0 
0 
0 
0 
0 
4 18 21 510 631 
2 81 585 
1 641 
1 688 
2 227 602 
1 425 
3 374 757 780 
2 308 610 
2 97 209 
1 810 
1 542 
2 362 390 
0 
0 
1 618 
0 
1 578 
1 662 
1 653 
2 350 571 
4 77 182 366 881 
2 51 458 
0 
2 334 849 
3 123 213 514 
1 707 
0 
0 
1 528 
1 211 
1 362 
1 255 
0 
0 
0 
1 489 
0 
1 265 
1 649 
0 
2 79 572 
1 808 
1 200 
1 532 
3 13 145 719 
1 173 
0 
0 
0 
2 104 194 
2 187 530 
1 326 
0 
1 642 
1 296 
1 260 
2 38 841 
2 78 237 
1 795 
1 176 
0 
0 
0 
2 364 523 
0 
0 
1 404 
2 554 719 
0 
1 535 
1 252 
1 350 
1 99 
3 9 291 504 
1 678 
1 859 
2 327 670 
3 257 460 847 
0 
3 7 260 541 
4 143 335 538 795 
0 
5 44 390 664 771 793 
1 869 
1 137 
0 
1 528 
1 318 
3 378 626 848 
1 850 
1 112 
0 
0 
2 275 289 
0 
3 261 559 754 
0 
1 722 
3 560 591 628 
0 
2 390 410 
0 
0 
3 88 102 202 
1 581 
0 
0 
2 22 448 
1 861 
0 
1 265 
2 291 525 
0 
1 563 
1 41 
1 376 
1 243 
1 249 
1 503 
0 
0 
2 28 706 
0 
1 360 
2 249 674 
1 314 
2 162 215 
1 401 
2 316 769 
0 
1 198 
1 615 
3 14 262 639 
0 
2 624 790 
4 417 561 637 801 
2 617 736 
3 65 802 851 
1 850 
2 284 565 
1 310 
1 136 
2 338 596 
0 
1 224 
0 
2 144 788 
1 52 
1 821 
0 
1 581 
1 227 
1 144 
1 651 
0 
1 534 
1 796 
1 640 
0 
1 112 
0 
1 14 
0 
2 28 628 
2 243 300 
3 583 650 889 
2 402 587 
3 115 291 664 
2 179 733 
0 
0 
0 
1 171 
2 215 236 
0 
0 
3 158 406 878 
