920 452
0 
1 853 
0 
1 351 
4 392 519 628 853 
2 39 637 
0 
1 344 
0 
3 200 649 848 
1 585 
0 
1 409 
0 
1 283 
0 
0 
2 266 783 
1 895 
3 360 463 600 
2 87 310 
1 206 
1 680 
0 
2 128 167 
0 
2 423 850 
1 464 
1 893 
2 273 566 
1 659 
3 303 706 894 
0 
0 
1 427 
1 537 
2 630 797 
0 
0 
2 5 274 
3 189 508 661 
2 404 610 
1 787 
1 580 
0 
0 
1 760 
0 
2 521 855 
3 113 527 898 
0 
0 
1 194 
0 
0 
0 
1 793 
1 698 
1 267 
1 182 
1 584 
0 
1 403 
1 587 
1 372 
1 363 
1 340 
1 338 
0 
0 
1 121 
0 
0 
0 
1 492 
2 144 774 
1 395 
1 552 
0 
2 544 746 
0 
0 
1 733 
1 177 
1 509 
2 315 569 
1 437 
3 20 134 423 
0 
1 603 
0 
0 
0 
2 461 878 
1 134 
0 
2 138 712 
0 
1 577 
1 579 
0 
1 212 
3 345 375 668 
0 
1 905 
1 728 
0 
1 671 
2 220 665 
2 159 324 
1 836 
1 191 
0 
1 49 
0 
0 
2 453 821 
1 684 
2 587 796 
1 871 
0 
1 70 
1 361 
1 907 
0 
0 
1 462 
1 722 
2 24 821 
2 135 534 
1 369 
0 
0 
0 
2 87 94 
1 129 
2 562 616 
1 421 
1 96 
0 
0 
0 
1 460 
0 
1 75 
0 
2 238 340 
0 
2 474 744 
2 424 783 
1 438 
0 
0 
0 
3 194 654 898 
1 387 
1 378 
1 912 
0 
3 109 311 881 
1 825 
1 560 
1 870 
1 421 
2 196 713 
0 
0 
1 24 
1 229 
0 
0 
0 
1 328 
1 840 
2 245 519 
3 204 270 435 
1 829 
1 83 
0 
0 
1 642 
0 
4 59 593 733 849 
1 775 
0 
0 
1 250 
0 
2 467 673 
2 40 712 
2 577 711 
2 111 823 
1 455 
1 891 
2 52 154 
1 556 
1 164 
0 
2 371 761 
1 216 
1 9 
1 615 
1 446 
1 874 
2 175 757 
0 
4 21 256 357 632 
1 609 
1 318 
2 275 819 
2 226 821 
1 758 
2 101 568 
0 
1 457 
0 
2 199 471 
0 
1 282 
1 335 
1 108 
0 
0 
3 267 537 762 
1 445 
0 
2 210 258 
1 465 
2 889 914 
1 168 
2 611 725 
1 540 
0 
0 
1 875 
1 489 
0 
0 
1 146 
0 
1 740 
2 726 815 
1 890 
0 
1 834 
2 174 425 
1 386 
0 
3 271 446 712 
0 
5 186 351 541 568 681 
0 
1 605 
0 
0 
3 336 466 690 
1 206 
0 
1 226 
1 457 
0 
1 890 
2 481 608 
1 455 
0 
0 
2 17 893 
3 58 223 382 
0 
0 
1 175 
3 248 511 622 
0 
2 29 487 
2 39 376 
3 209 329 817 
0 
0 
1 358 
1 487 
0 
0 
1 218 
1 14 
0 
0 
0 
1 756 
2 610 877 
2 479 511 
0 
1 844 
1 430 
0 
0 
0 
0 
0 
0 
2 398 784 
2 347 830 
0 
0 
1 31 
0 
1 853 
0 
0 
0 
1 486 
1 20 
1 159 
2 649 753 
0 
0 
2 85 878 
2 420 768 
1 575 
2 208 717 
1 339 
2 419 832 
1 430 
0 
3 491 810 855 
1 109 
0 
1 660 
0 
1 172 
1 275 
1 568 
2 774 810 
0 
0 
1 831 
3 219 434 574 
1 255 
0 
2 67 394 
1 319 
2 66 146 
1 918 
0 
0 
2 7 857 
1 102 
0 
1 300 
0 
0 
0 
3 3 250 666 
0 
1 836 
2 425 484 
1 724 
0 
1 206 
2 278 672 
1 439 
1 19 
2 122 616 
0 
2 65 575 
0 
0 
0 
0 
1 388 
2 130 500 
0 
3 198 734 843 
1 64 
0 
1 778 
1 102 
1 274 
0 
1 156 
1 590 
1 575 
0 
1 267 
0 
0 
1 783 
1 246 
1 155 
1 368 
0 
1 861 
0 
1 4 
0 
2 338 838 
1 76 
1 453 
2 777 856 
2 299 765 
0 
1 688 
0 
2 557 884 
2 62 539 
2 41 854 
1 657 
0 
0 
0 
2 12 752 
0 
0 
0 
2 456 913 
0 
0 
2 531 764 
0 
0 
2 320 530 
1 316 
2 137 163 
0 
3 26 87 629 
1 149 
4 245 354 630 634 
0 
3 34 635 689 
0 
1 810 
2 292 321 
0 
0 
1 615 
1 335 
2 175 592 
0 
1 86 
1 150 
1 359 
0 
0 
0 
0 
1 875 
1 224 
2 202 248 
0 
0 
1 780 
0 
0 
1 725 
2 116 396 
0 
3 192 263 812 
1 413 
2 214 259 
0 
0 
1 142 
2 93 838 
2 126 581 
1 19 
1 27 
2 227 594 
2 255 893 
1 188 
1 893 
1 703 
0 
1 216 
0 
3 502 572 776 
2 148 685 
1 635 
0 
2 634 715 
0 
1 289 
1 634 
1 262 
0 
0 
2 354 597 
0 
1 309 
2 273 279 
0 
2 235 892 
1 899 
1 323 
2 74 849 
1 857 
0 
1 837 
1 701 
0 
0 
0 
1 369 
0 
2 473 766 
0 
0 
1 873 
0 
0 
2 40 525 
1 84 
0 
2 271 289 
0 
0 
1 650 
0 
0 
0 
0 
3 4 174 747 
1 587 
2 48 913 
0 
0 
0 
2 508 840 
2 529 656 
2 49 655 
0 
1 526 
1 419 
1 416 
2 659 914 
0 
1 129 
0 
0 
2 35 223 
1 615 
2 403 749 
1 231 
1 250 
0 
0 
1 79 
2 665 781 
0 
1 864 
0 
0 
2 708 769 
0 
2 77 622 
2 701 805 
0 
0 
1 195 
2 402 831 
0 
0 
1 161 
0 
3 136 725 860 
0 
0 
0 
2 29 822 
0 
3 212 250 330 
3 85 575 587 
3 608 619 782 
0 
1 473 
0 
1 335 
4 317 363 380 569 
0 
2 98 190 
0 
1 99 
1 43 
3 462 586 889 
1 613 
0 
2 60 767 
1 10 
1 581 
4 63 118 520 569 
2 599 684 
0 
3 379 681 822 
0 
1 435 
2 182 917 
2 465 886 
0 
1 738 
3 484 821 857 
0 
2 588 851 
2 19 643 
0 
2 670 898 
1 89 
1 780 
1 252 
0 
0 
2 262 570 
2 207 839 
2 41 288 
4 230 665 792 884 
0 
1 582 
0 
4 201 433 538 852 
2 136 361 
0 
0 
2 570 706 
0 
0 
2 271 552 
1 691 
0 
0 
0 
0 
1 4 
1 423 
2 36 425 
0 
1 206 
1 915 
3 425 477 480 
2 427 475 
0 
1 5 
1 678 
2 757 788 
0 
0 
1 180 
5 600 756 848 881 916 
0 
0 
0 
0 
0 
2 9 312 
2 514 892 
0 
0 
0 
1 154 
2 527 735 
2 526 753 
1 405 
0 
2 30 532 
1 326 
1 40 
1 695 
0 
0 
3 108 545 611 
1 351 
0 
1 102 
2 709 865 
1 602 
2 107 838 
1 358 
1 188 
1 720 
0 
0 
1 740 
1 638 
0 
1 22 
2 250 590 
0 
0 
2 117 588 
1 474 
0 
2 697 817 
1 400 
1 427 
1 255 
1 623 
0 
0 
0 
1 662 
0 
1 687 
1 57 
0 
0 
2 496 553 
0 
1 469 
0 
0 
3 31 619 855 
0 
1 550 
1 669 
0 
2 190 817 
3 96 189 248 
1 164 
0 
2 477 767 
0 
1 318 
1 871 
0 
1 674 
1 778 
1 127 
1 904 
1 355 
3 230 452 562 
1 241 
1 862 
1 105 
0 
1 765 
0 
0 
2 82 182 
1 371 
1 655 
0 
1 897 
1 596 
1 861 
3 240 677 772 
0 
0 
0 
1 148 
0 
2 79 885 
1 519 
0 
1 539 
0 
0 
3 409 831 860 
2 312 656 
1 757 
1 888 
3 287 643 765 
3 204 639 754 
1 211 
0 
1 46 
1 198 
1 223 
0 
2 416 875 
4 398 730 756 781 
1 502 
3 584 715 781 
1 316 
1 550 
0 
0 
1 740 
1 913 
2 75 331 
1 183 
1 473 
1 397 
2 374 721 
0 
2 449 604 
3 545 765 767 
1 570 
4 17 149 385 815 
1 299 
0 
0 
1 42 
2 639 904 
0 
0 
0 
1 611 
2 56 810 
0 
0 
1 118 
1 36 
0 
0 
0 
1 812 
0 
1 899 
1 822 
1 553 
0 
0 
0 
0 
4 323 331 429 793 
0 
2 455 801 
0 
0 
3 241 783 861 
0 
3 275 687 711 
0 
2 209 906 
0 
4 116 128 210 597 
3 566 590 804 
2 191 860 
0 
1 160 
0 
0 
0 
2 176 915 
1 300 
3 334 557 752 
1 320 
0 
1 244 
0 
2 110 353 
1 495 
3 394 461 671 
1 609 
2 173 525 
0 
0 
1 371 
1 291 
0 
0 
0 
2 9 643 
2 182 492 
1 26 
1 599 
1 615 
3 1 4 305 
1 404 
4 48 323 706 889 
1 397 
3 344 493 597 
0 
2 874 916 
3 562 752 823 
3 390 739 815 
1 727 
0 
1 547 
1 669 
0 
0 
0 
0 
1 162 
2 119 718 
0 
1 505 
2 203 859 
3 234 444 764 
0 
1 288 
2 93 315 
0 
0 
2 159 643 
1 892 
0 
2 402 611 
1 746 
1 594 
0 
1 755 
3 228 581 855 
2 242 261 
1 193 
4 489 650 882 916 
4 28 266 466 468 
1 31 
1 18 
0 
1 737 
3 49 154 602 
2 490 803 
0 
0 
0 
0 
2 723 788 
1 104 
1 819 
1 123 
0 
0 
0 
0 
1 157 
3 413 521 773 
2 228 532 
2 633 829 
3 643 859 892 
1 593 
1 341 
0 
920 469
0 
1 464 
1 755 
0 
1 887 
0 
1 506 
1 270 
1 360 
1 505 
1 145 
0 
2 524 836 
0 
1 226 
0 
0 
1 793 
1 175 
1 341 
3 405 827 884 
1 484 
0 
0 
2 214 655 
1 157 
0 
0 
1 510 
0 
0 
0 
0 
0 
0 
0 
0 
0 
2 375 485 
0 
0 
0 
0 
2 122 477 
1 450 
2 369 908 
0 
1 202 
0 
0 
0 
2 680 682 
1 269 
1 721 
3 97 145 895 
0 
3 258 296 729 
1 236 
0 
0 
2 128 499 
1 898 
0 
1 830 
0 
2 395 434 
1 663 
0 
1 477 
1 897 
1 832 
2 186 891 
0 
1 90 
1 536 
2 833 902 
1 555 
0 
2 261 709 
0 
1 259 
0 
1 247 
2 113 870 
0 
1 863 
2 642 743 
1 883 
0 
1 248 
1 73 
4 195 678 706 709 
0 
0 
2 136 856 
0 
0 
2 54 917 
1 791 
0 
2 206 828 
1 247 
1 294 
2 125 285 
1 373 
2 370 376 
2 199 634 
0 
0 
0 
0 
0 
1 289 
1 83 
3 331 583 782 
2 628 852 
1 636 
0 
1 234 
0 
1 851 
2 339 701 
2 43 807 
1 151 
0 
2 103 547 
1 664 
1 463 
1 60 
2 502 897 
0 
1 626 
0 
1 259 
3 424 813 855 
0 
3 94 142 777 
2 317 372 
1 311 
1 732 
1 257 
1 299 
1 136 
0 
1 397 
2 10 54 
0 
0 
1 731 
1 178 
1 653 
2 123 222 
1 322 
0 
1 438 
2 424 464 
2 202 442 
2 25 876 
1 412 
2 460 550 
0 
3 305 758 779 
0 
1 784 
1 256 
1 880 
1 749 
0 
1 258 
3 239 673 720 
0 
1 588 
0 
1 720 
0 
1 18 
0 
1 748 
1 149 
2 228 638 
3 377 524 895 
1 475 
1 499 
3 393 473 489 
0 
1 380 
1 71 
1 453 
1 583 
2 389 842 
3 432 596 848 
1 607 
0 
1 890 
2 704 752 
1 91 
0 
1 799 
2 498 604 
2 106 764 
5 231 238 498 505 709 
0 
3 47 156 663 
0 
0 
0 
1 100 
1 270 
0 
3 717 741 844 
1 676 
2 392 632 
0 
1 519 
3 24 294 367 
0 
0 
0 
0 
0 
0 
0 
2 151 592 
1 235 
1 613 
1 310 
3 14 287 720 
1 410 
2 179 242 
1 613 
2 384 918 
1 200 
2 327 545 
1 295 
1 118 
2 223 452 
3 57 519 546 
3 264 302 358 
3 200 575 695 
1 169 
1 451 
1 502 
1 228 
1 594 
0 
1 272 
1 541 
2 82 101 
1 89 
0 
1 811 
1 768 
2 654 908 
2 727 919 
1 314 
0 
1 164 
2 140 364 
3 56 168 853 
2 80 133 
1 636 
2 78 641 
1 366 
0 
1 237 
1 557 
2 543 861 
1 547 
1 483 
1 52 
2 7 207 
0 
2 245 385 
0 
1 451 
0 
0 
0 
0 
1 506 
1 633 
1 785 
0 
0 
0 
1 103 
0 
3 226 322 897 
1 318 
1 112 
1 316 
1 748 
0 
0 
2 102 214 
3 233 357 426 
4 56 397 693 813 
0 
2 393 412 
2 141 876 
1 651 
1 643 
1 237 
1 782 
0 
3 161 521 690 
0 
0 
2 479 724 
1 760 
4 225 396 675 713 
2 138 784 
1 352 
0 
2 254 677 
0 
1 290 
1 137 
1 288 
1 819 
2 613 667 
2 736 807 
3 152 287 567 
1 463 
0 
0 
2 541 903 
1 232 
0 
1 655 
0 
3 114 350 876 
0 
1 574 
0 
1 482 
0 
0 
1 582 
1 121 
0 
1 19 
0 
0 
2 477 568 
3 498 666 904 
1 820 
1 740 
0 
0 
2 331 658 
1 777 
2 312 668 
0 
1 464 
0 
0 
1 295 
1 237 
0 
2 8 857 
1 707 
0 
0 
1 257 
0 
2 262 603 
2 214 441 
0 
2 45 535 
1 105 
0 
1 137 
1 104 
0 
1 38 
1 105 
2 180 440 
1 814 
0 
1 185 
0 
0 
1 594 
1 230 
1 272 
1 863 
1 843 
0 
1 189 
1 529 
0 
1 211 
2 183 298 
0 
2 65 822 
1 310 
3 144 296 606 
2 434 764 
0 
0 
1 611 
0 
0 
0 
1 20 
0 
0 
0 
0 
2 227 675 
3 443 461 869 
3 158 298 557 
0 
0 
0 
0 
1 593 
0 
0 
1 623 
0 
0 
0 
2 134 155 
1 576 
1 295 
1 527 
1 813 
1 561 
2 837 895 
2 586 587 
2 190 603 
1 825 
3 65 398 884 
1 679 
1 464 
0 
3 154 476 568 
1 622 
2 377 655 
2 367 455 
3 156 516 609 
1 411 
0 
2 809 906 
1 735 
0 
0 
1 810 
1 44 
2 240 274 
1 235 
2 187 628 
4 495 628 687 860 
1 441 
2 564 643 
1 777 
0 
1 661 
1 159 
2 411 742 
1 623 
2 127 323 
4 1 155 354 436 
1 675 
1 662 
0 
2 774 820 
0 
1 549 
2 546 763 
1 869 
1 183 
1 663 
2 181 664 
1 438 
3 43 68 344 
2 608 857 
1 308 
0 
0 
2 335 702 
1 268 
1 21 
1 38 
1 846 
1 795 
0 
1 183 
0 
1 581 
2 704 853 
0 
0 
1 454 
0 
0 
4 198 200 345 518 
4 60 182 631 696 
1 891 
0 
2 129 241 
0 
1 887 
2 9 200 
4 6 279 558 832 
2 513 811 
0 
0 
1 28 
2 531 859 
1 818 
2 507 638 
1 571 
0 
1 442 
0 
1 498 
3 213 236 639 
2 756 841 
1 305 
0 
2 586 888 
2 12 180 
0 
1 620 
1 427 
1 637 
1 390 
0 
1 511 
0 
1 681 
0 
1 369 
1 74 
0 
0 
0 
0 
2 246 326 
2 817 903 
1 266 
0 
1 232 
2 236 471 
2 125 267 
2 787 810 
1 470 
1 159 
0 
0 
0 
0 
2 76 617 
1 684 
2 265 412 
1 506 
0 
0 
1 429 
0 
1 713 
1 456 
0 
0 
1 322 
3 344 438 886 
1 727 
0 
1 514 
0 
0 
2 333 909 
2 238 752 
2 425 648 
1 662 
2 750 839 
0 
0 
1 491 
1 338 
3 114 188 623 
0 
0 
2 431 523 
1 431 
1 171 
1 879 
0 
0 
1 222 
1 417 
2 243 383 
0 
1 190 
0 
0 
0 
0 
1 788 
0 
2 366 432 
1 198 
0 
1 397 
1 191 
1 478 
2 442 730 
0 
1 401 
0 
8 224 229 320 615 653 791 852 876 
0 
4 613 684 799 825 
1 768 
2 555 802 
0 
0 
1 526 
1 700 
1 439 
4 420 462 583 739 
0 
0 
1 131 
0 
3 115 453 454 
0 
0 
2 499 670 
1 211 
2 280 634 
2 106 633 
0 
4 116 260 649 776 
1 528 
2 179 513 
1 519 
0 
1 261 
2 86 643 
3 301 456 642 
0 
1 889 
0 
0 
1 576 
1 636 
1 655 
1 300 
0 
2 150 613 
1 252 
6 24 329 440 650 660 808 
2 856 901 
0 
2 350 876 
0 
3 655 720 911 
2 459 747 
2 466 577 
3 66 202 474 
3 126 475 912 
0 
2 345 745 
1 320 
1 352 
1 739 
1 631 
0 
0 
1 169 
0 
3 310 410 465 
2 210 837 
1 314 
2 91 703 
1 435 
2 51 789 
1 533 
1 51 
0 
2 556 615 
0 
0 
1 454 
0 
0 
1 305 
0 
1 823 
1 296 
0 
1 238 
1 499 
0 
0 
0 
1 621 
1 121 
1 482 
1 678 
2 194 492 
1 835 
2 91 847 
1 361 
0 
5 78 91 200 798 839 
0 
0 
0 
2 310 563 
0 
0 
0 
2 209 795 
0 
2 747 911 
4 169 173 226 660 
1 53 
0 
0 
2 308 813 
0 
0 
2 253 569 
0 
1 56 
1 609 
1 148 
1 139 
0 
0 
1 446 
1 321 
0 
0 
2 623 669 
1 347 
1 209 
1 461 
1 86 
0 
1 666 
0 
2 661 719 
2 177 291 
1 166 
1 578 
0 
2 194 575 
0 
0 
1 2 
1 520 
0 
1 161 
0 
1 309 
0 
1 780 
2 471 891 
2 199 398 
0 
0 
0 
4 251 616 887 895 
0 
0 
1 818 
0 
1 886 
2 468 775 
1 774 
1 636 
3 136 351 457 
0 
1 161 
1 762 
0 
2 114 303 
0 
2 163 311 
1 281 
1 869 
1 548 
1 601 
1 680 
0 
2 98 613 
1 882 
1 17 
0 
2 487 717 
0 
0 
1 709 
2 197 615 
0 
1 856 
1 617 
0 
0 
0 
1 807 
3 122 321 806 
1 655 
1 445 
2 449 548 
2 250 507 
0 
4 134 296 428 724 
1 378 
0 
1 883 
1 542 
2 512 771 
2 319 866 
2 346 468 
0 
1 395 
1 692 
0 
2 433 615 
0 
1 20 
1 100 
0 
1 63 
0 
2 70 506 
2 75 915 
0 
1 705 
1 12 
2 430 676 
0 
2 578 709 
0 
1 520 
1 189 
1 387 
1 209 
0 
3 486 861 900 
1 706 
1 190 
0 
0 
1 120 
2 115 613 
2 258 492 
0 
1 134 
3 94 656 801 
3 360 478 897 
0 
1 511 
1 454 
2 266 846 
0 
2 85 386 
0 
0 
1 819 
0 
0 
3 411 472 786 
1 83 
0 
0 
0 
0 
0 
6 157 299 331 613 658 896 
0 
0 
1 589 
1 165 
0 
1 792 
2 87 816 
2 20 434 
0 
2 568 773 
3 4 504 768 
1 523 
1 645 
1 193 
3 71 500 763 
0 
0 
0 
4 54 180 430 768 
1 876 
4 69 129 287 857 
1 61 
0 
1 846 
1 656 
1 75 
2 326 542 
1 345 
0 
1 445 
0 
2 45 252 
1 574 
0 
2 660 719 
1 664 
0 
0 
1 833 
0 
1 97 
1 230 
1 253 
