940 452
0 
1 833 
0 
1 291 
5 312 439 548 773 873 
1 537 
0 
1 204 
0 
3 20 469 668 
1 385 
0 
1 169 
1 928 
0 
0 
1 848 
1 443 
2 535 900 
4 83 220 606 829 
2 9 704 
0 
0 
2 563 602 
0 
1 816 
2 330 836 
0 
3 333 603 896 
0 
2 59 591 
2 86 274 
0 
1 652 
1 741 
1 813 
1 77 
0 
0 
2 288 607 
2 482 688 
1 844 
1 616 
0 
0 
1 733 
0 
3 452 786 914 
2 437 808 
0 
1 929 
0 
0 
0 
0 
1 556 
2 440 870 
1 763 
0 
2 30 263 
1 918 
0 
2 203 843 
1 812 
1 767 
1 743 
0 
0 
1 460 
0 
0 
0 
1 743 
1 373 
2 138 602 
1 737 
0 
3 36 685 887 
0 
0 
1 808 
1 230 
1 540 
3 19 324 578 
1 424 
2 99 388 
1 31 
1 524 
0 
0 
0 
2 294 711 
0 
1 750 
1 479 
0 
1 300 
1 280 
1 709 
3 85 819 849 
1 303 
0 
1 496 
1 297 
0 
2 196 556 
3 168 472 637 
0 
2 295 458 
0 
0 
0 
0 
1 605 
2 148 813 
2 693 902 
0 
1 132 
0 
1 375 
1 898 
0 
0 
1 384 
1 621 
2 697 801 
1 387 
1 199 
0 
0 
0 
0 
1 117 
3 254 308 895 
0 
0 
0 
0 
2 74 814 
0 
0 
0 
2 496 598 
0 
1 684 
2 160 610 
2 176 600 
0 
1 114 
0 
2 260 720 
2 176 429 
1 396 
1 906 
0 
2 257 827 
1 747 
1 458 
1 744 
2 271 801 
2 145 539 
0 
0 
1 734 
0 
0 
0 
0 
1 106 
4 12 450 600 874 
3 534 600 765 
0 
1 367 
0 
0 
1 847 
2 146 151 
2 748 888 
2 243 905 
0 
0 
1 305 
0 
2 472 678 
1 692 
2 532 666 
1 753 
1 360 
1 771 
0 
1 386 
0 
1 872 
2 516 691 
0 
0 
3 105 295 843 
0 
1 504 
2 127 362 
3 549 650 925 
1 876 
1 559 
2 62 490 
3 7 299 415 
2 276 921 
1 705 
0 
1 542 
0 
1 504 
0 
1 263 
1 290 
0 
0 
1 840 
2 388 613 
1 270 
1 750 
2 19 930 
0 
2 610 635 
0 
2 280 394 
0 
0 
0 
2 440 738 
0 
1 81 
0 
0 
1 854 
2 813 902 
0 
1 247 
1 840 
1 404 
1 338 
1 867 
2 344 610 
1 891 
4 178 385 412 525 
0 
1 395 
0 
3 236 736 866 
1 399 
0 
0 
1 745 
0 
0 
4 133 437 685 812 
1 631 
0 
1 155 
0 
2 305 446 
1 150 
0 
0 
4 59 212 463 574 
0 
2 383 917 
1 841 
1 657 
0 
1 783 
2 218 883 
1 159 
0 
0 
1 31 
0 
1 205 
0 
1 920 
1 745 
5 97 224 353 585 617 
0 
1 892 
1 449 
0 
0 
0 
0 
1 39 
1 863 
2 213 600 
2 3 617 
0 
0 
1 91 
2 108 196 
1 495 
1 103 
0 
2 204 651 
1 96 
0 
2 724 828 
1 100 
0 
3 181 259 863 
2 375 723 
1 500 
3 133 612 834 
1 883 
2 667 863 
0 
1 4 
2 555 600 
0 
1 938 
0 
0 
0 
0 
2 897 933 
0 
0 
1 861 
3 83 433 573 
0 
1 912 
0 
0 
0 
2 26 731 
0 
0 
2 28 577 
0 
0 
0 
0 
1 239 
1 768 
0 
1 874 
2 431 490 
1 698 
1 241 
0 
2 550 877 
0 
0 
1 398 
1 881 
0 
0 
1 280 
0 
1 529 
1 608 
0 
2 776 885 
0 
1 187 
1 721 
1 199 
0 
0 
0 
2 368 892 
1 172 
1 366 
0 
0 
1 930 
0 
1 73 
0 
2 119 306 
1 838 
0 
0 
0 
1 679 
1 783 
0 
3 265 516 595 
2 123 470 
3 10 243 878 
1 190 
2 126 677 
4 85 217 453 624 
1 904 
1 672 
0 
0 
0 
2 224 627 
1 245 
1 152 
1 732 
2 349 648 
1 248 
2 699 932 
0 
0 
1 590 
1 238 
0 
0 
1 545 
0 
2 474 478 
1 935 
1 461 
1 243 
1 510 
0 
1 204 
1 693 
0 
1 596 
0 
0 
0 
0 
0 
1 84 
0 
0 
1 546 
0 
1 151 
0 
2 342 773 
0 
1 324 
1 604 
0 
0 
3 48 254 577 
0 
1 4 
2 56 228 
0 
1 871 
2 17 575 
0 
0 
2 259 471 
1 731 
0 
3 283 653 913 
1 169 
0 
1 47 
3 388 622 826 
1 695 
1 605 
0 
2 524 605 
2 108 157 
1 883 
1 68 
1 411 
0 
2 263 682 
0 
0 
0 
0 
1 772 
2 9 738 
1 384 
2 446 606 
3 106 183 573 
1 936 
2 409 758 
0 
0 
0 
1 409 
1 94 
1 571 
0 
1 40 
1 552 
0 
1 531 
0 
0 
0 
0 
2 203 342 
0 
0 
0 
0 
2 296 723 
3 102 142 519 
1 801 
0 
0 
1 307 
3 552 634 761 
1 715 
0 
2 198 210 
0 
0 
1 749 
0 
0 
1 413 
0 
1 606 
1 694 
0 
0 
2 193 383 
0 
2 754 870 
1 496 
1 859 
0 
0 
2 562 623 
3 87 457 796 
3 243 827 931 
0 
0 
0 
2 355 765 
0 
1 485 
1 185 
1 824 
2 170 554 
1 18 
0 
2 5 725 
0 
3 160 730 742 
4 82 713 724 887 
0 
1 208 
0 
0 
1 407 
1 427 
0 
1 4 
2 200 918 
2 346 893 
0 
2 483 501 
1 557 
1 534 
1 313 
4 55 105 567 652 
2 553 926 
1 686 
1 202 
0 
2 625 919 
1 523 
2 23 665 
1 695 
0 
2 619 730 
1 556 
2 649 877 
0 
1 651 
1 480 
0 
2 324 472 
2 263 804 
2 443 883 
2 647 739 
2 333 437 
1 83 
1 846 
0 
0 
1 832 
0 
0 
1 280 
1 589 
0 
0 
1 586 
1 403 
1 30 
0 
0 
1 930 
1 383 
1 418 
0 
2 142 738 
2 757 788 
5 146 169 170 290 313 
0 
3 23 74 852 
4 28 608 641 676 
1 434 
3 113 455 457 
3 19 471 512 
1 39 
3 356 603 891 
0 
3 145 222 241 
0 
2 308 750 
2 217 705 
0 
0 
1 42 
3 280 291 910 
0 
1 566 
0 
1 124 
1 453 
2 523 784 
2 388 625 
3 561 624 781 
0 
2 394 776 
0 
1 904 
0 
1 255 
0 
0 
1 501 
1 222 
0 
3 106 782 902 
0 
0 
0 
1 603 
0 
0 
0 
0 
0 
1 576 
1 398 
1 568 
1 200 
2 299 570 
3 33 556 748 
1 449 
0 
1 905 
0 
1 267 
1 831 
0 
0 
1 704 
1 931 
0 
1 899 
1 563 
1 185 
2 310 812 
1 9 
1 744 
0 
0 
1 390 
0 
1 836 
1 897 
2 603 724 
1 387 
1 183 
1 380 
1 848 
0 
1 463 
0 
3 144 785 814 
2 77 254 
3 558 830 870 
0 
1 40 
0 
0 
1 193 
3 184 751 811 
3 115 416 870 
1 513 
2 454 564 
0 
2 125 919 
1 343 
1 400 
0 
0 
0 
1 795 
2 20 661 
2 206 613 
1 847 
0 
1 930 
1 98 
0 
1 91 
0 
2 540 764 
2 859 897 
1 502 
0 
0 
0 
0 
2 150 806 
1 361 
1 822 
2 306 495 
4 302 540 676 735 
1 537 
1 918 
0 
0 
0 
2 539 566 
2 330 447 
1 397 
1 45 
1 163 
1 724 
2 247 806 
3 75 835 877 
3 228 469 598 
1 576 
0 
1 34 
1 539 
3 65 72 766 
3 158 669 910 
2 251 279 
0 
1 156 
2 177 652 
1 507 
3 93 219 612 
1 692 
0 
2 186 936 
1 518 
0 
0 
1 599 
1 474 
0 
1 870 
1 501 
0 
1 57 
1 713 
2 170 529 
1 743 
1 64 
1 339 
0 
0 
2 188 930 
1 468 
2 4 431 
0 
0 
2 358 627 
0 
0 
0 
1 909 
1 625 
1 637 
2 269 381 
1 623 
2 684 805 
1 47 
0 
1 599 
0 
0 
1 903 
0 
0 
0 
1 703 
1 524 
0 
0 
1 810 
0 
3 125 159 497 
0 
1 809 
1 574 
1 785 
2 720 736 
0 
2 48 80 
1 803 
1 799 
1 692 
3 63 254 667 
3 35 114 234 
2 138 684 
0 
1 25 
0 
0 
1 99 
1 844 
0 
2 722 921 
0 
1 533 
0 
1 453 
2 155 525 
1 302 
1 19 
1 686 
1 658 
1 582 
2 1 901 
1 308 
1 737 
2 26 674 
0 
1 376 
0 
2 216 237 
1 266 
0 
2 62 196 
2 41 820 
0 
1 579 
2 175 706 
2 16 680 
1 99 
0 
0 
1 602 
0 
1 233 
0 
0 
0 
0 
2 520 714 
0 
1 323 
0 
3 289 305 310 
0 
0 
1 247 
1 240 
0 
0 
5 56 518 686 693 760 
2 442 890 
1 192 
1 4 
2 169 341 
1 911 
1 201 
3 346 568 737 
1 385 
0 
0 
1 350 
0 
4 270 309 459 575 
0 
1 358 
0 
2 77 540 
1 177 
0 
1 871 
2 242 608 
2 282 366 
1 550 
0 
2 133 907 
1 28 
3 320 675 714 
1 120 
1 664 
1 18 
1 833 
3 115 234 637 
1 791 
2 389 629 
2 178 655 
1 153 
1 895 
0 
1 780 
2 617 744 
1 875 
1 326 
1 449 
1 47 
0 
0 
1 265 
3 60 549 726 
2 561 697 
1 278 
2 205 822 
0 
0 
0 
1 200 
1 557 
0 
1 13 
1 50 
5 220 371 594 708 771 
2 525 662 
1 400 
2 320 939 
0 
1 410 
2 473 753 
0 
1 315 
1 933 
940 470
2 407 464 
1 24 
0 
1 569 
2 75 471 
0 
0 
1 701 
0 
0 
0 
0 
0 
0 
0 
0 
0 
2 156 266 
0 
0 
0 
0 
2 53 901 
1 778 
2 1 402 
1 527 
0 
0 
0 
1 837 
1 384 
1 794 
3 128 176 926 
0 
3 205 243 676 
1 141 
0 
1 808 
1 278 
1 635 
0 
1 483 
2 860 899 
0 
1 190 
1 813 
0 
1 298 
2 191 393 
1 208 
1 211 
1 614 
2 868 937 
2 22 547 
0 
2 167 615 
0 
1 79 
1 861 
1 683 
1 561 
0 
1 468 
2 204 305 
1 402 
1 554 
0 
4 413 896 924 927 
0 
0 
1 222 
1 74 
0 
0 
2 71 701 
2 4 891 
2 650 887 
1 889 
1 835 
2 57 878 
1 830 
1 614 
1 192 
0 
0 
0 
0 
1 434 
0 
3 386 638 837 
2 638 862 
1 601 
0 
1 109 
0 
2 636 922 
1 441 
1 502 
0 
0 
1 107 
2 179 770 
0 
1 717 
1 277 
1 749 
0 
2 100 290 
3 409 798 840 
2 93 864 
1 670 
3 164 219 939 
0 
2 487 791 
1 786 
0 
0 
1 743 
0 
0 
0 
1 889 
1 289 
1 717 
1 239 
1 292 
0 
1 314 
4 32 253 293 794 
1 224 
2 611 908 
0 
1 191 
1 657 
2 305 326 
0 
2 237 464 
0 
2 239 861 
0 
1 274 
4 35 207 641 688 
0 
1 460 
0 
1 496 
0 
0 
0 
1 332 
2 504 914 
2 604 751 
2 335 653 
1 628 
3 473 553 569 
0 
2 17 362 
0 
1 337 
1 418 
2 175 628 
3 169 333 585 
1 295 
0 
2 111 480 
2 245 293 
0 
1 55 
3 193 613 719 
2 161 829 
4 246 253 513 724 
0 
1 578 
0 
0 
1 160 
2 32 697 
0 
0 
4 101 282 306 409 
3 191 615 855 
0 
1 640 
2 364 437 
0 
0 
0 
0 
0 
0 
1 44 
5 48 132 180 254 593 
2 82 919 
2 168 564 
2 489 922 
1 560 
1 340 
1 659 
1 912 
0 
3 217 435 871 
0 
1 922 
1 936 
5 63 228 628 666 722 
2 34 886 
1 273 
2 141 656 
2 49 654 
0 
1 640 
2 50 939 
0 
1 428 
0 
0 
0 
2 200 486 
1 390 
3 111 223 477 
3 243 435 495 
0 
1 70 
2 219 383 
2 129 818 
0 
1 493 
2 444 826 
1 204 
0 
1 852 
1 783 
2 394 732 
1 613 
0 
0 
0 
2 136 295 
0 
3 124 138 251 
0 
0 
0 
3 34 220 726 
1 797 
2 165 893 
1 170 
0 
0 
0 
1 782 
3 239 669 721 
0 
3 128 170 605 
1 191 
1 296 
0 
0 
2 361 430 
3 344 640 760 
2 904 923 
0 
1 652 
1 370 
1 305 
0 
2 17 330 
2 626 795 
0 
0 
2 410 655 
2 633 878 
2 490 528 
3 206 541 716 
1 140 
1 923 
0 
1 104 
1 38 
0 
1 770 
2 505 559 
3 179 569 640 
2 341 833 
0 
0 
1 731 
1 441 
0 
2 122 665 
2 107 888 
1 766 
1 125 
3 128 165 344 
1 776 
2 162 237 
1 255 
1 693 
1 47 
0 
0 
0 
1 858 
2 313 817 
2 350 588 
5 63 134 264 443 935 
1 179 
0 
1 667 
1 724 
1 553 
1 852 
0 
1 303 
1 127 
0 
0 
1 867 
1 654 
0 
0 
0 
1 851 
1 625 
0 
1 591 
1 134 
0 
0 
0 
1 266 
0 
2 149 590 
2 161 899 
0 
1 152 
0 
1 158 
1 354 
0 
1 196 
2 283 428 
1 343 
1 342 
3 259 293 428 
0 
0 
0 
0 
1 391 
2 304 631 
2 392 722 
0 
0 
2 338 368 
0 
0 
0 
0 
0 
0 
1 258 
4 156 405 681 699 
2 531 726 
1 183 
0 
0 
0 
2 354 417 
0 
2 263 808 
0 
0 
0 
0 
1 411 
1 784 
0 
2 438 676 
2 881 939 
2 559 560 
1 505 
1 656 
3 223 644 923 
2 30 636 
0 
3 89 504 596 
1 578 
2 539 817 
2 805 898 
1 218 
1 349 
2 351 879 
3 48 430 732 
1 232 
0 
1 588 
0 
0 
1 653 
4 446 579 638 811 
1 904 
3 24 64 446 
1 506 
1 776 
1 362 
1 707 
2 0 513 
0 
3 108 179 869 
2 270 780 
1 375 
1 786 
2 67 888 
1 808 
1 501 
1 531 
2 368 694 
2 159 618 
0 
1 849 
1 580 
0 
0 
1 631 
0 
0 
0 
5 213 341 344 463 844 
0 
2 258 393 
1 821 
1 864 
1 507 
1 87 
2 200 220 
0 
2 183 699 
3 378 731 796 
1 910 
0 
2 96 287 
0 
2 305 582 
3 227 585 859 
1 756 
2 400 402 
0 
1 638 
2 476 842 
2 579 917 
0 
0 
0 
0 
1 565 
1 598 
0 
1 656 
1 478 
2 143 913 
0 
1 758 
1 428 
2 0 136 
0 
1 844 
0 
1 62 
0 
0 
1 4 
0 
1 154 
2 661 747 
0 
1 449 
1 219 
1 459 
2 562 585 
1 164 
0 
0 
1 41 
1 676 
1 652 
1 217 
1 113 
0 
1 194 
2 272 939 
0 
0 
1 226 
0 
3 220 647 838 
1 145 
0 
0 
0 
2 550 737 
3 415 538 894 
2 97 886 
1 539 
2 150 386 
2 281 381 
2 403 711 
1 433 
0 
0 
0 
1 812 
0 
2 170 407 
0 
0 
0 
0 
0 
0 
1 796 
0 
0 
0 
0 
0 
1 753 
1 25 
1 272 
5 635 673 811 872 896 
1 904 
5 363 416 611 637 883 
1 812 
0 
0 
1 693 
1 922 
0 
1 501 
2 388 503 
0 
1 273 
1 788 
1 929 
0 
0 
2 614 741 
1 53 
0 
0 
2 500 723 
0 
0 
3 154 310 633 
1 65 
0 
1 602 
0 
0 
3 281 380 794 
5 195 380 563 874 919 
1 60 
2 479 662 
4 560 649 840 934 
1 193 
1 455 
1 745 
1 713 
0 
4 3 154 282 719 
0 
0 
0 
0 
1 704 
1 689 
1 891 
0 
2 172 387 
2 400 450 
1 421 
0 
1 443 
0 
1 847 
3 161 444 479 
0 
0 
2 304 396 
0 
1 332 
1 325 
1 915 
2 191 794 
0 
2 689 730 
1 386 
0 
1 456 
0 
1 625 
3 91 640 804 
1 556 
0 
1 151 
1 253 
0 
0 
0 
0 
0 
2 130 531 
0 
2 168 233 
3 51 81 546 
2 55 180 
0 
0 
1 418 
0 
0 
0 
0 
0 
1 829 
3 323 600 782 
1 267 
2 918 926 
3 153 160 204 
1 675 
2 727 761 
2 350 424 
0 
2 271 553 
0 
2 39 529 
3 95 384 684 
1 531 
5 89 90 400 448 871 
0 
5 182 210 259 282 601 
1 141 
1 749 
0 
2 383 684 
0 
0 
1 495 
1 665 
2 563 661 
1 76 
0 
2 262 485 
3 152 399 855 
2 208 318 
1 270 
3 207 382 458 
3 133 694 733 
0 
2 197 906 
0 
2 474 649 
1 562 
1 783 
0 
2 289 648 
2 204 907 
1 308 
0 
1 251 
1 110 
0 
0 
1 529 
0 
1 629 
3 34 378 484 
0 
1 921 
0 
1 872 
2 362 685 
0 
1 59 
3 636 644 859 
1 681 
1 747 
0 
1 141 
3 575 595 694 
0 
0 
0 
2 297 535 
4 417 657 689 836 
0 
0 
1 176 
0 
2 362 437 
0 
2 7 74 
0 
0 
1 574 
0 
0 
2 406 862 
0 
0 
0 
2 506 874 
0 
1 567 
0 
0 
1 273 
2 103 123 
2 734 763 
3 168 569 913 
0 
1 251 
2 204 351 
1 550 
2 170 309 
0 
2 243 363 
1 630 
0 
0 
1 595 
2 286 438 
3 232 393 874 
1 657 
1 718 
0 
0 
1 500 
0 
0 
0 
1 546 
0 
1 117 
0 
1 566 
0 
3 474 686 917 
0 
2 105 642 
0 
1 151 
0 
2 526 831 
0 
0 
1 445 
0 
1 462 
0 
2 259 774 
1 630 
0 
1 718 
0 
0 
1 291 
0 
0 
0 
2 101 280 
0 
0 
0 
2 760 813 
0 
2 294 404 
0 
1 23 
0 
1 410 
0 
2 250 625 
2 231 663 
1 376 
0 
2 114 412 
0 
1 542 
0 
0 
1 113 
0 
0 
4 31 128 559 593 
1 267 
2 438 520 
1 244 
1 108 
0 
0 
0 
0 
0 
1 601 
1 389 
0 
2 842 880 
3 37 370 414 
0 
0 
2 400 529 
2 511 532 
2 45 774 
0 
1 901 
0 
2 303 388 
1 224 
1 898 
0 
1 431 
0 
0 
0 
0 
1 227 
0 
0 
2 169 624 
1 80 
1 753 
0 
1 283 
0 
1 78 
1 694 
2 29 89 
2 495 917 
0 
2 108 563 
0 
2 449 807 
0 
2 428 466 
1 848 
0 
2 584 872 
1 845 
1 420 
0 
1 322 
2 230 311 
0 
0 
2 180 653 
0 
0 
2 302 915 
2 444 684 
1 42 
2 58 138 
2 90 707 
0 
2 109 432 
0 
0 
1 317 
1 52 
1 409 
0 
2 200 638 
3 529 680 847 
0 
3 560 711 732 
0 
0 
0 
2 79 271 
1 392 
2 807 894 
1 379 
0 
1 531 
0 
0 
2 205 502 
1 76 
2 290 413 
2 77 121 
0 
2 75 576 
0 
1 245 
2 501 880 
1 927 
2 67 529 
0 
2 389 819 
2 42 333 
0 
2 22 815 
0 
0 
3 260 401 530 
0 
1 659 
2 666 910 
1 130 
0 
2 439 907 
0 
1 198 
2 460 719 
1 150 
2 592 858 
0 
3 450 747 838 
1 627 
2 192 560 
0 
1 678 
4 95 194 202 536 
3 260 275 383 
1 67 
0 
2 32 627 
2 67 895 
0 
1 543 
0 
0 
0 
0 
1 563 
1 305 
1 203 
1 52 
0 
4 111 211 379 490 
