990 506
0 
1 558 
0 
2 228 528 
0 
0 
0 
0 
2 206 602 
3 505 747 872 
3 43 250 679 
0 
1 622 
0 
2 678 878 
0 
1 309 
3 268 660 675 
0 
2 597 683 
1 752 
0 
0 
0 
2 202 341 
2 376 522 
1 39 
4 232 681 691 764 
0 
2 367 987 
0 
0 
1 255 
1 281 
0 
0 
1 271 
2 286 519 
1 718 
4 26 393 499 985 
0 
0 
1 316 
3 10 89 694 
0 
1 151 
0 
0 
0 
2 421 964 
2 677 985 
2 221 647 
1 900 
2 189 659 
2 72 331 
1 904 
0 
0 
0 
0 
1 560 
1 98 
1 363 
1 532 
1 287 
0 
0 
0 
1 779 
2 92 395 
0 
2 169 666 
3 54 216 326 
2 165 185 
5 217 223 338 445 813 
2 113 550 
0 
1 796 
0 
1 466 
0 
2 329 432 
0 
0 
0 
0 
2 550 822 
4 326 383 547 590 
1 221 
2 43 373 
0 
1 235 
1 69 
1 607 
1 863 
0 
3 292 728 751 
1 165 
3 61 334 747 
1 666 
3 555 569 603 
1 267 
0 
0 
0 
3 283 403 457 
0 
1 268 
1 439 
3 326 423 773 
1 730 
1 736 
1 148 
1 75 
2 434 847 
1 505 
1 195 
2 386 496 
1 653 
0 
0 
1 753 
2 217 909 
2 632 648 
0 
1 917 
0 
1 317 
0 
0 
1 277 
0 
2 389 954 
0 
0 
0 
0 
1 634 
0 
2 285 919 
0 
1 691 
0 
0 
1 430 
0 
0 
0 
2 112 430 
2 852 869 
3 288 850 897 
1 45 
1 857 
3 316 413 972 
1 516 
1 417 
0 
1 407 
3 180 280 931 
1 370 
1 639 
0 
2 290 510 
1 914 
1 369 
2 73 97 
0 
0 
1 570 
1 71 
1 449 
1 832 
0 
0 
1 772 
0 
0 
1 653 
0 
0 
2 158 381 
1 901 
2 535 600 
0 
1 455 
2 73 927 
2 279 799 
0 
1 241 
1 53 
4 234 419 582 816 
3 642 828 837 
2 384 838 
2 408 634 
0 
1 116 
1 801 
1 570 
0 
0 
1 590 
0 
1 24 
1 959 
0 
0 
2 8 609 
0 
2 859 889 
1 539 
0 
1 772 
1 899 
1 559 
0 
0 
1 72 
3 74 122 313 
0 
0 
0 
2 51 88 
0 
1 74 
1 929 
3 320 612 753 
0 
0 
2 3 663 
3 528 538 854 
0 
0 
2 27 595 
0 
2 190 818 
2 91 960 
1 765 
0 
0 
1 791 
0 
2 188 482 
1 524 
2 551 623 
1 727 
2 345 975 
1 538 
0 
2 249 705 
2 248 938 
2 10 281 
0 
2 395 674 
0 
0 
3 32 313 603 
0 
1 861 
2 739 851 
1 955 
0 
1 786 
2 647 889 
3 611 799 861 
3 298 300 608 
0 
2 398 724 
2 101 684 
2 17 107 
2 776 943 
1 842 
4 36 335 591 939 
1 693 
1 285 
0 
2 548 733 
1 820 
4 130 435 646 901 
1 580 
1 186 
1 158 
3 33 250 302 
2 714 729 
1 105 
1 661 
2 139 273 
4 37 461 910 943 
1 64 
1 150 
0 
2 162 430 
0 
4 96 560 776 933 
0 
1 837 
0 
1 336 
0 
2 264 946 
1 948 
1 264 
0 
2 281 443 
0 
1 602 
1 508 
0 
0 
0 
1 16 
0 
1 695 
1 860 
2 217 255 
1 659 
0 
2 42 153 
1 127 
0 
3 378 830 969 
1 225 
1 386 
0 
0 
0 
0 
3 72 87 109 
0 
0 
1 81 
0 
3 54 666 685 
0 
0 
1 98 
2 271 681 
1 296 
0 
1 74 
0 
1 684 
2 24 985 
0 
1 928 
2 449 735 
2 245 658 
0 
1 707 
1 437 
1 819 
0 
0 
1 822 
0 
0 
3 687 712 786 
2 826 867 
0 
1 874 
2 544 603 
2 454 587 
0 
1 665 
1 62 
3 443 738 802 
1 500 
0 
1 29 
1 572 
3 164 548 856 
1 159 
1 984 
0 
2 89 586 
0 
4 411 583 659 721 
1 25 
2 795 985 
2 319 595 
1 531 
0 
1 180 
1 610 
2 87 519 
1 192 
2 427 486 
2 117 321 
0 
1 868 
1 132 
1 665 
1 672 
1 545 
1 39 
0 
2 69 252 
1 409 
0 
2 266 703 
2 446 815 
0 
0 
1 954 
2 105 867 
0 
0 
0 
1 157 
2 193 669 
2 396 509 
0 
1 375 
0 
2 153 954 
0 
1 751 
1 693 
1 155 
1 781 
2 190 423 
0 
1 49 
1 465 
2 109 419 
1 620 
1 802 
0 
1 385 
1 818 
1 539 
4 144 148 290 862 
0 
3 81 714 757 
0 
1 114 
1 277 
0 
2 348 718 
0 
4 108 818 834 948 
0 
0 
0 
2 302 364 
1 561 
1 74 
1 399 
0 
0 
3 170 344 803 
0 
1 805 
1 959 
0 
2 360 758 
1 184 
0 
2 105 988 
0 
0 
1 961 
1 286 
0 
0 
0 
1 422 
2 79 550 
0 
0 
0 
0 
0 
0 
0 
0 
0 
0 
0 
0 
2 621 912 
1 968 
0 
1 241 
0 
1 841 
2 615 794 
3 385 786 789 
2 505 924 
0 
0 
0 
1 533 
1 963 
1 849 
1 796 
2 785 851 
2 117 548 
0 
2 699 737 
3 39 658 725 
1 365 
0 
0 
0 
1 922 
3 9 115 487 
0 
0 
1 305 
1 409 
1 162 
0 
0 
0 
0 
1 887 
1 154 
0 
0 
3 37 383 595 
1 987 
0 
1 25 
0 
1 242 
0 
0 
1 628 
2 3 229 
0 
1 757 
3 379 654 761 
1 63 
2 491 728 
0 
3 182 701 966 
1 776 
0 
2 229 246 
2 209 429 
0 
0 
2 620 708 
2 588 879 
1 359 
2 392 968 
0 
2 87 596 
3 275 369 496 
0 
3 75 86 466 
1 243 
0 
0 
0 
1 100 
0 
2 664 885 
1 1 
1 213 
4 60 292 920 949 
2 444 740 
2 673 893 
0 
0 
0 
1 796 
0 
0 
2 100 940 
2 168 197 
0 
2 368 713 
1 713 
1 972 
2 643 801 
0 
0 
1 812 
0 
1 278 
0 
1 190 
1 375 
0 
2 644 838 
1 373 
2 360 821 
1 543 
0 
2 87 200 
1 271 
0 
0 
1 641 
3 232 378 519 
1 547 
1 19 
0 
0 
1 182 
1 881 
3 8 304 779 
4 100 255 359 841 
0 
0 
0 
1 93 
1 264 
1 206 
2 382 693 
2 263 797 
1 225 
0 
3 637 830 867 
1 485 
2 670 684 
1 977 
0 
0 
4 424 542 790 803 
1 479 
1 12 
1 243 
0 
0 
2 686 877 
0 
2 527 980 
2 664 798 
0 
1 685 
1 123 
1 968 
2 137 193 
1 928 
1 938 
1 614 
1 980 
3 160 900 956 
0 
1 594 
1 191 
1 575 
2 585 766 
0 
3 277 734 947 
2 51 262 
1 123 
0 
0 
1 851 
0 
3 118 177 976 
1 531 
0 
0 
0 
2 345 499 
3 53 314 375 
1 17 
1 284 
1 884 
2 228 866 
2 557 629 
2 362 390 
3 71 99 331 
2 704 714 
0 
2 408 709 
1 616 
0 
1 391 
1 562 
3 252 773 957 
1 17 
1 728 
1 50 
1 14 
1 10 
0 
2 27 335 
0 
1 19 
3 267 340 616 
2 331 631 
1 626 
1 355 
0 
0 
0 
2 27 141 
1 895 
3 272 416 610 
1 43 
2 311 969 
0 
0 
2 728 784 
1 498 
0 
1 535 
0 
1 398 
1 667 
1 248 
0 
2 347 817 
1 542 
1 669 
0 
0 
1 355 
2 572 573 
3 282 432 667 
0 
1 886 
1 844 
3 38 437 862 
0 
1 813 
1 375 
0 
0 
1 266 
1 499 
0 
1 244 
4 96 533 676 698 
1 282 
1 110 
0 
0 
1 275 
1 646 
1 344 
1 111 
1 498 
1 364 
1 258 
2 561 780 
0 
1 977 
0 
0 
0 
0 
3 9 98 908 
1 765 
0 
1 804 
2 96 415 
1 20 
2 121 225 
0 
1 816 
0 
2 432 530 
1 454 
0 
0 
1 531 
0 
0 
1 27 
3 236 748 879 
1 644 
0 
0 
0 
0 
0 
3 174 211 773 
3 109 674 772 
0 
0 
3 269 292 536 
0 
0 
2 68 602 
1 740 
1 418 
1 963 
1 972 
1 698 
2 495 943 
3 261 355 486 
0 
1 926 
2 486 790 
2 620 789 
1 239 
0 
0 
2 485 872 
3 377 807 809 
3 77 494 566 
2 611 923 
1 629 
2 186 263 
0 
3 196 575 835 
2 364 425 
2 449 620 
1 750 
1 451 
1 840 
1 795 
0 
1 795 
0 
0 
1 578 
2 74 720 
0 
1 399 
2 190 755 
2 707 980 
4 234 428 439 935 
2 349 855 
1 276 
3 587 903 934 
3 86 352 894 
0 
1 987 
1 984 
2 356 829 
0 
1 191 
1 826 
2 319 614 
1 972 
1 171 
1 928 
1 439 
1 801 
0 
2 191 294 
2 192 585 
0 
1 806 
2 484 603 
2 270 935 
0 
1 717 
0 
0 
1 114 
0 
1 493 
1 150 
3 258 495 651 
1 149 
2 880 925 
1 229 
1 819 
1 369 
1 152 
0 
1 208 
1 312 
2 257 263 
2 430 718 
1 94 
0 
0 
1 663 
3 356 403 614 
1 388 
1 149 
0 
0 
2 9 794 
0 
1 358 
0 
0 
1 626 
1 14 
2 543 765 
1 853 
1 601 
0 
0 
1 662 
2 557 925 
1 716 
1 515 
0 
2 208 262 
0 
0 
0 
1 562 
1 822 
1 692 
0 
1 150 
0 
1 212 
3 52 639 968 
2 181 277 
0 
1 821 
1 55 
0 
0 
0 
1 747 
1 122 
1 286 
0 
1 479 
0 
1 163 
0 
0 
3 125 954 971 
0 
1 139 
1 560 
0 
1 504 
1 797 
1 487 
2 853 885 
1 788 
1 185 
3 343 635 833 
1 224 
0 
1 158 
0 
1 292 
1 821 
2 818 842 
0 
0 
2 249 636 
1 271 
1 569 
0 
0 
3 269 286 785 
0 
0 
1 298 
1 646 
2 299 439 
1 560 
0 
0 
0 
0 
4 132 402 413 917 
1 259 
1 639 
1 674 
0 
2 203 452 
1 235 
1 460 
0 
2 492 782 
1 49 
1 971 
1 535 
0 
4 480 545 633 900 
2 319 695 
0 
2 917 965 
4 153 574 783 831 
0 
0 
1 245 
1 653 
2 617 742 
0 
0 
3 628 638 817 
0 
0 
0 
2 371 825 
4 39 50 341 377 
0 
3 29 520 824 
1 457 
0 
990 466
0 
1 185 
0 
3 393 577 699 
0 
0 
2 47 919 
0 
0 
2 335 839 
0 
4 426 542 712 804 
1 521 
1 985 
1 927 
3 498 656 681 
0 
0 
2 173 317 
2 297 777 
0 
0 
1 309 
1 282 
1 525 
0 
1 555 
1 553 
1 816 
0 
2 274 966 
1 706 
0 
2 330 872 
0 
2 74 342 
1 683 
1 315 
2 665 962 
2 205 324 
1 718 
3 60 106 596 
3 55 448 983 
1 418 
3 108 669 850 
0 
1 135 
1 6 
0 
0 
0 
2 130 833 
0 
0 
1 938 
1 42 
0 
1 100 
2 162 774 
1 119 
1 41 
1 262 
2 504 625 
1 880 
2 526 974 
1 723 
1 602 
1 818 
0 
1 742 
2 217 618 
0 
0 
2 239 776 
2 35 709 
1 763 
1 573 
0 
1 503 
0 
1 258 
0 
2 138 525 
1 579 
3 180 855 894 
1 247 
0 
0 
1 492 
0 
1 651 
0 
1 707 
0 
2 346 379 
2 625 651 
1 960 
1 558 
1 156 
0 
1 57 
1 734 
0 
1 188 
1 748 
0 
2 41 326 
1 140 
4 44 583 850 955 
1 170 
3 281 431 439 
0 
0 
2 673 888 
0 
2 878 927 
1 632 
0 
0 
1 59 
2 754 764 
0 
1 257 
1 592 
1 868 
0 
1 957 
0 
1 200 
2 391 451 
2 51 547 
0 
1 957 
1 774 
0 
3 46 170 253 
0 
1 821 
3 82 648 987 
0 
2 107 567 
3 161 937 968 
1 777 
0 
2 176 270 
1 274 
0 
0 
2 165 375 
1 882 
0 
0 
0 
0 
1 876 
0 
2 98 435 
0 
2 525 921 
0 
1 300 
2 141 859 
1 58 
1 930 
0 
2 148 239 
0 
2 530 762 
3 360 707 878 
1 422 
2 109 135 
1 531 
0 
3 18 259 707 
1 414 
2 277 696 
1 144 
1 731 
2 511 689 
0 
2 84 479 
0 
2 515 698 
0 
1 437 
1 1 
0 
1 200 
1 103 
2 755 868 
1 530 
0 
1 515 
1 743 
0 
0 
1 258 
0 
0 
0 
2 128 187 
1 248 
0 
1 766 
0 
1 39 
0 
2 377 519 
1 749 
1 805 
0 
1 694 
0 
1 524 
0 
0 
1 856 
3 70 269 906 
0 
1 541 
1 477 
3 562 608 659 
1 559 
0 
0 
2 257 593 
2 691 966 
1 778 
0 
1 818 
0 
0 
0 
1 337 
0 
0 
0 
0 
0 
2 73 165 
2 819 958 
1 581 
2 520 574 
0 
2 568 761 
0 
0 
1 85 
1 201 
1 644 
2 697 754 
1 792 
1 734 
2 135 405 
0 
2 260 472 
1 282 
3 122 225 974 
2 80 196 
2 173 280 
2 255 574 
3 527 614 958 
1 61 
0 
2 662 689 
0 
0 
0 
0 
1 217 
1 144 
2 754 764 
1 451 
1 944 
2 30 145 
2 374 727 
1 441 
3 175 507 912 
0 
3 446 786 857 
2 259 392 
2 110 308 
2 23 256 
3 832 897 975 
0 
0 
1 881 
0 
2 550 664 
2 715 763 
0 
2 425 577 
1 738 
0 
0 
1 586 
1 348 
2 19 835 
1 916 
0 
1 160 
0 
0 
2 381 483 
1 599 
1 934 
0 
3 432 635 659 
3 281 385 686 
2 22 477 
1 815 
0 
1 906 
0 
0 
1 37 
0 
1 18 
0 
1 534 
0 
0 
0 
1 650 
2 39 620 
0 
2 106 481 
1 399 
0 
1 478 
2 33 894 
0 
0 
0 
0 
2 9 720 
0 
2 233 464 
0 
2 365 587 
0 
1 888 
1 35 
1 950 
0 
1 377 
1 94 
0 
4 296 558 669 708 
0 
2 552 846 
0 
0 
0 
0 
0 
1 374 
0 
0 
0 
1 168 
0 
0 
1 519 
0 
2 339 528 
0 
1 947 
2 628 804 
0 
0 
0 
0 
0 
2 275 356 
2 148 629 
0 
2 207 345 
0 
1 94 
1 428 
1 303 
1 563 
0 
3 659 826 939 
1 308 
4 537 725 820 859 
1 806 
0 
1 629 
1 583 
1 129 
1 280 
1 3 
0 
1 511 
1 889 
1 589 
1 578 
1 327 
0 
0 
0 
0 
1 790 
1 253 
1 552 
0 
0 
0 
0 
1 632 
0 
2 451 538 
1 174 
1 959 
1 921 
0 
1 43 
0 
0 
2 572 609 
3 169 433 908 
1 896 
0 
1 291 
3 11 494 624 
1 809 
1 380 
2 684 751 
1 473 
1 110 
2 307 873 
1 422 
2 919 979 
2 156 623 
0 
1 184 
1 871 
1 110 
2 518 815 
3 276 881 945 
1 633 
0 
0 
0 
2 279 887 
1 804 
1 42 
1 864 
1 563 
4 129 272 413 615 
0 
2 953 962 
0 
0 
0 
0 
0 
0 
0 
0 
1 751 
0 
2 337 986 
0 
0 
0 
0 
1 879 
1 805 
0 
1 255 
1 430 
0 
0 
1 605 
2 220 309 
1 329 
1 180 
0 
1 326 
0 
3 303 781 942 
2 907 963 
0 
1 858 
0 
0 
1 827 
0 
0 
1 88 
1 563 
2 426 854 
0 
0 
0 
2 15 942 
2 628 775 
1 886 
0 
0 
1 78 
2 62 895 
0 
0 
1 277 
0 
0 
0 
3 178 395 963 
0 
0 
0 
2 182 192 
0 
0 
2 440 693 
2 207 363 
2 242 880 
3 12 635 985 
1 909 
0 
1 213 
5 24 82 158 571 588 
1 64 
1 261 
2 365 642 
1 544 
2 167 190 
1 171 
0 
1 843 
2 319 864 
0 
0 
1 386 
1 413 
0 
2 722 982 
2 219 598 
1 11 
0 
1 529 
0 
0 
1 130 
0 
0 
1 288 
0 
3 350 406 862 
1 27 
0 
1 26 
0 
0 
3 97 348 975 
1 222 
0 
1 606 
3 221 584 830 
4 382 450 493 790 
0 
0 
0 
1 140 
1 244 
0 
1 789 
1 525 
1 421 
1 76 
2 242 260 
0 
0 
2 3 291 
2 398 604 
1 83 
0 
2 241 714 
0 
2 108 390 
1 562 
1 901 
1 295 
3 339 662 820 
2 525 855 
1 397 
1 737 
0 
1 123 
1 225 
0 
1 913 
1 41 
1 958 
1 541 
2 304 654 
0 
1 984 
3 66 639 976 
1 823 
1 578 
1 476 
1 561 
0 
1 221 
1 421 
0 
0 
1 796 
0 
1 261 
1 451 
0 
0 
1 70 
0 
1 324 
1 935 
1 662 
2 435 759 
2 426 987 
3 62 95 786 
0 
0 
2 368 499 
2 375 389 
0 
0 
2 116 411 
2 442 744 
1 872 
2 307 521 
0 
1 639 
1 821 
2 602 637 
0 
0 
2 528 873 
0 
1 249 
1 827 
1 711 
1 782 
1 138 
0 
3 323 963 978 
2 90 95 
0 
1 801 
1 599 
0 
1 15 
0 
1 868 
3 221 307 384 
0 
2 665 671 
4 264 587 622 706 
0 
1 288 
2 38 661 
0 
0 
1 822 
3 44 348 697 
1 708 
1 661 
0 
1 113 
0 
0 
0 
0 
0 
0 
0 
1 15 
0 
1 36 
1 429 
1 828 
1 308 
0 
0 
2 178 264 
0 
1 226 
0 
2 518 871 
2 211 983 
0 
3 175 727 862 
3 250 669 727 
1 182 
1 3 
0 
0 
2 736 794 
0 
0 
1 811 
2 31 662 
5 92 168 173 952 954 
2 348 670 
1 74 
0 
2 646 863 
1 11 
0 
1 581 
1 289 
0 
0 
2 40 903 
0 
2 335 734 
0 
1 540 
1 65 
0 
2 386 967 
0 
4 275 696 697 812 
0 
0 
0 
1 177 
0 
0 
4 101 252 720 899 
1 941 
1 702 
1 590 
1 292 
0 
0 
0 
1 69 
2 193 959 
1 633 
0 
0 
1 982 
1 104 
1 208 
0 
3 429 462 788 
0 
0 
3 120 250 271 
1 189 
0 
0 
0 
1 623 
0 
1 244 
1 167 
3 75 289 799 
2 120 271 
1 885 
1 203 
0 
0 
0 
1 908 
0 
0 
0 
2 58 133 
2 499 901 
2 73 852 
2 19 142 
1 227 
0 
0 
1 483 
2 647 931 
0 
0 
0 
2 279 625 
0 
1 751 
1 570 
2 404 563 
0 
1 251 
0 
1 702 
1 987 
1 612 
0 
0 
1 763 
0 
1 653 
0 
1 971 
3 11 368 447 
2 209 470 
1 387 
1 949 
0 
2 427 951 
0 
1 705 
2 727 906 
1 828 
0 
3 310 440 825 
1 28 
0 
2 67 229 
1 240 
2 386 587 
3 137 638 965 
1 668 
2 603 985 
0 
1 815 
1 384 
3 489 645 893 
2 685 813 
0 
1 562 
0 
1 283 
1 51 
0 
1 297 
0 
0 
0 
1 9 
0 
0 
1 887 
1 533 
0 
0 
2 350 936 
0 
1 913 
0 
2 44 108 
2 865 881 
1 776 
0 
1 494 
2 84 588 
1 216 
1 279 
1 486 
2 161 386 
0 
0 
2 552 696 
1 711 
2 449 534 
1 851 
1 945 
0 
3 124 189 658 
0 
0 
2 438 693 
2 33 634 
2 432 642 
0 
0 
1 154 
0 
2 115 168 
1 469 
2 63 520 
3 286 441 851 
1 149 
0 
0 
1 765 
1 500 
3 446 842 988 
2 113 341 
1 396 
0 
0 
0 
1 827 
2 84 330 
1 504 
1 423 
1 283 
1 930 
1 734 
0 
2 585 775 
0 
1 718 
0 
0 
3 217 312 812 
1 484 
2 422 770 
1 522 
0 
0 
1 277 
2 595 848 
0 
0 
1 298 
0 
0 
2 6 434 
1 964 
2 158 416 
0 
0 
0 
0 
0 
2 14 115 
0 
0 
2 163 898 
1 782 
0 
0 
1 305 
1 621 
1 846 
1 141 
1 54 
1 384 
0 
1 735 
2 483 498 
0 
1 273 
2 441 866 
0 
1 367 
0 
1 807 
1 343 
1 809 
1 707 
1 453 
2 707 966 
1 108 
0 
2 126 132 
3 240 261 597 
2 415 743 
1 96 
0 
2 38 453 
3 484 511 650 
1 920 
1 821 
3 30 226 954 
1 725 
1 141 
0 
0 
1 803 
0 
0 
2 64 257 
2 283 558 
1 602 
0 
1 650 
1 434 
0 
0 
2 540 747 
2 42 694 
1 601 
3 13 521 823 
1 464 
3 138 624 795 
1 887 
0 
