100 490
11 1 16 19 36 59 73 75 81 84 85 93 
7 0 37 51 60 64 65 68 
7 33 35 40 47 51 62 81 
8 12 24 27 56 68 73 84 92 
14 10 12 15 42 43 44 61 62 83 89 91 92 93 95 
5 40 55 77 78 91 
8 15 23 27 28 49 68 77 92 
11 36 38 56 64 66 74 81 86 90 93 94 
7 27 28 54 62 64 76 88 
10 12 26 32 36 40 47 54 65 69 92 
7 4 16 37 52 54 73 79 
8 17 21 27 44 61 71 84 99 
11 3 4 9 13 15 30 34 69 80 87 96 
10 12 18 19 25 44 52 72 80 89 99 
6 19 43 57 85 87 96 
8 4 6 12 34 36 41 75 92 
11 0 10 19 38 46 57 72 84 93 95 99 
10 11 28 35 39 42 49 64 75 80 90 
8 13 32 43 49 58 67 94 96 
10 0 13 14 16 20 22 33 42 55 87 
10 19 23 28 35 48 56 59 69 72 91 
4 11 49 57 86 
5 19 35 41 85 90 
11 6 20 65 67 69 82 83 95 96 98 99 
12 3 27 44 59 60 65 73 82 83 88 91 93 
11 13 27 33 49 50 54 59 62 72 87 89 
4 9 29 34 43 
16 3 6 8 11 24 25 34 50 72 74 75 84 91 95 96 97 
11 6 8 17 20 31 35 46 52 73 81 90 
5 26 69 71 89 93 
5 12 56 66 77 90 
10 28 32 49 53 59 64 68 81 89 97 
10 9 18 31 48 67 69 75 82 85 92 
10 2 19 25 35 59 70 81 86 95 97 
8 12 15 26 27 42 62 66 74 
13 2 17 20 22 28 33 38 41 42 71 72 85 98 
17 0 7 9 15 38 41 45 55 56 58 68 79 81 83 86 87 89 
8 1 10 45 54 64 72 78 87 
8 7 16 35 36 60 62 85 86 
8 17 70 80 82 89 90 92 99 
12 2 5 9 45 58 59 69 85 87 88 90 97 
10 15 22 35 36 42 43 54 64 66 78 
16 4 17 19 34 35 41 45 49 56 60 63 64 65 75 84 87 
13 4 14 18 26 41 52 67 69 75 77 88 92 93 
12 4 11 13 24 46 49 67 73 79 83 89 90 
9 36 37 40 42 48 78 80 83 84 
12 16 28 44 58 61 66 71 74 82 86 88 95 
6 2 9 48 54 66 79 
12 20 32 45 47 51 81 85 88 89 97 98 99 
16 6 17 18 21 25 31 42 44 54 60 61 67 70 89 92 96 
5 25 27 58 62 75 
8 1 2 48 59 60 87 89 90 
7 10 13 28 43 62 69 95 
6 31 75 78 79 88 93 
11 8 9 10 25 37 41 47 49 56 58 74 
11 5 19 36 62 65 72 73 77 85 91 92 
12 3 7 20 30 36 42 54 59 65 71 89 98 
5 14 16 21 70 91 
9 18 36 40 46 50 54 81 88 89 
11 0 20 24 25 31 33 40 51 56 73 87 
10 1 24 38 42 49 51 64 72 74 96 
5 4 11 46 49 80 
14 2 4 8 25 34 38 50 52 55 67 72 77 82 97 
3 42 82 92 
13 1 7 8 17 31 37 41 42 60 69 79 93 94 
13 1 9 23 24 42 55 56 78 80 81 83 87 97 
11 7 30 34 41 46 47 77 82 83 93 99 
11 18 23 32 43 44 49 62 69 70 75 77 
10 1 3 6 31 36 78 80 82 89 90 
11 9 12 20 23 29 32 40 43 52 64 67 
9 33 39 49 57 67 83 87 91 99 
7 11 29 35 46 56 77 82 
15 13 16 20 25 27 35 37 55 60 62 75 83 87 91 99 
11 0 3 10 24 28 44 55 59 79 87 99 
9 7 27 34 46 54 60 76 79 90 
11 0 15 17 27 32 42 43 50 53 67 72 
5 8 74 77 80 94 
11 5 6 30 43 55 62 66 67 71 76 79 
8 5 37 41 45 53 65 68 80 
13 10 36 44 47 53 64 73 74 77 82 83 93 95 
12 12 13 17 39 45 61 65 68 76 78 84 93 
13 0 2 7 28 31 33 36 48 58 65 82 89 93 
12 23 24 32 39 46 62 63 66 68 71 79 81 
12 4 23 24 36 44 45 65 66 70 72 79 92 
10 0 3 11 16 27 42 45 80 94 96 
9 0 14 22 32 35 38 40 48 55 
7 7 21 33 36 38 46 96 
17 12 14 19 25 36 37 40 42 51 59 65 70 72 73 88 94 96 
10 8 24 40 43 46 48 53 58 87 91 
15 4 13 25 29 31 36 39 44 48 49 51 56 58 68 81 
11 7 17 22 28 30 39 40 44 51 68 74 
11 4 5 20 24 27 55 57 70 72 88 96 
12 3 4 6 9 15 32 39 43 49 55 63 83 
15 0 4 7 16 24 29 43 53 64 66 79 80 81 95 96 
6 7 18 64 76 84 87 
9 4 16 23 27 33 46 52 79 93 
12 12 14 18 23 27 49 60 84 86 87 91 93 
7 27 31 33 40 48 62 65 
4 23 35 48 56 
10 11 13 16 23 39 48 66 70 72 73 
100 503
9 7 17 19 35 50 54 63 67 85 
9 7 24 29 33 47 62 71 74 81 
9 10 18 35 37 39 44 46 64 73 
8 14 36 50 54 56 58 74 83 
9 10 17 25 37 47 51 63 68 73 
12 8 12 21 22 36 39 47 48 56 65 86 91 
11 13 14 19 27 33 34 61 62 65 74 83 
12 0 1 8 12 27 31 47 64 72 80 85 87 
9 5 7 16 21 25 30 39 46 91 
12 12 19 26 32 33 41 51 66 68 69 72 96 
11 2 4 21 26 32 37 42 67 68 89 97 
14 13 23 37 48 50 57 58 73 75 87 89 91 93 99 
15 5 7 9 19 24 32 35 41 48 49 56 68 75 88 97 
13 6 11 24 38 42 48 58 67 68 70 73 81 99 
15 3 6 21 28 33 39 42 45 46 50 55 63 82 92 99 
6 16 45 63 78 88 90 
12 8 15 27 32 40 43 51 52 56 65 75 78 
8 0 4 29 39 43 62 71 84 
5 2 48 63 69 73 
7 0 6 9 12 70 97 99 
7 26 31 33 42 51 53 94 
17 5 8 10 14 25 27 31 42 46 48 53 62 82 87 90 92 93 
10 5 30 63 64 68 70 78 85 96 99 
7 11 24 35 58 59 60 96 
9 1 12 13 23 27 45 60 65 98 
16 4 8 21 38 40 42 48 53 54 59 65 77 84 92 95 99 
14 9 10 20 31 33 43 60 66 70 71 83 88 89 91 
9 6 7 16 21 24 37 41 59 92 
6 14 29 46 69 72 85 
11 1 17 28 34 39 60 62 71 80 94 95 
7 8 22 31 34 40 60 93 
11 7 20 21 26 30 68 70 71 95 96 99 
12 9 10 12 16 35 43 55 75 77 80 86 92 
14 1 6 9 14 20 26 38 42 45 49 51 55 92 94 
8 6 29 30 39 46 47 51 75 
10 0 2 12 23 32 45 80 85 93 95 
8 3 5 41 44 47 67 71 96 
7 2 4 10 11 27 50 81 
7 13 25 33 39 40 58 76 
12 2 5 8 14 17 29 34 38 46 61 81 88 
9 16 25 30 38 49 50 56 93 97 
7 9 12 27 36 46 68 83 
13 10 13 14 20 21 25 33 45 50 54 57 60 81 
6 16 17 26 32 49 96 
9 2 36 63 68 76 77 91 94 97 
10 14 15 24 33 35 42 75 76 79 99 
12 2 8 14 21 28 34 39 41 47 59 81 83 
12 1 4 5 7 34 36 46 48 57 60 65 74 
10 5 11 12 13 18 21 25 47 80 89 
12 12 33 40 43 50 64 69 73 75 76 82 84 
17 0 3 11 14 37 40 42 49 55 58 60 64 65 69 79 82 90 
13 4 9 16 20 33 34 59 62 65 81 96 97 98 
3 16 92 93 
9 20 21 25 59 69 78 79 81 98 
13 0 3 25 42 57 58 61 64 67 75 85 88 96 
12 14 32 33 50 63 68 69 70 71 84 85 87 
7 3 5 12 16 40 61 98 
7 11 42 47 54 61 63 85 
10 3 11 13 23 38 50 54 64 84 86 
10 23 25 27 46 51 53 63 67 71 99 
14 23 24 26 29 30 42 47 50 65 69 72 78 92 97 
7 6 39 54 56 57 64 72 
10 1 6 17 21 29 51 67 69 72 82 
13 0 4 14 15 18 22 44 55 57 59 73 90 91 
14 2 7 22 49 50 54 58 61 68 74 78 79 81 97 
11 5 6 16 24 25 47 50 51 60 88 99 
5 9 26 69 82 87 
9 0 10 13 36 54 59 62 89 95 
13 4 9 10 12 13 22 31 41 44 55 64 70 91 
11 9 18 28 49 50 53 55 60 62 66 73 
10 13 19 22 26 31 55 68 74 83 92 
14 1 17 26 29 31 36 55 59 72 73 91 92 95 96 
12 7 9 28 60 61 62 71 74 82 83 89 98 
13 2 4 11 13 18 49 63 69 71 82 85 88 99 
9 1 3 6 47 64 70 72 85 95 
11 11 12 16 32 34 45 49 54 76 88 94 
7 38 44 45 49 75 78 94 
5 25 32 44 88 92 
8 15 16 22 53 60 64 76 81 
7 45 50 53 64 90 92 97 
8 7 29 32 35 48 81 97 98 
14 1 13 37 39 42 46 51 53 64 78 80 83 96 98 
9 14 21 49 50 62 66 72 73 87 
13 3 6 26 41 46 70 72 81 86 87 90 95 97 
6 17 25 49 55 58 98 
13 0 7 22 28 35 54 55 57 73 74 90 91 98 
6 5 32 58 83 89 90 
8 7 11 21 55 66 82 83 96 
9 12 15 26 39 54 65 73 75 77 
9 10 11 26 48 67 72 86 96 98 
9 15 21 50 63 79 83 85 86 92 
9 5 8 11 26 44 63 68 71 85 
13 14 21 25 27 32 33 52 60 70 71 77 79 90 
7 11 21 30 35 40 52 94 
7 20 29 33 44 75 76 93 
8 25 29 31 35 67 71 74 83 
12 9 22 23 31 36 43 51 54 71 81 87 89 
11 10 12 19 40 44 51 60 64 79 80 83 
11 24 51 53 56 72 80 81 84 85 89 99 
12 11 13 14 19 22 25 31 45 59 65 73 98 
