170 799
14 1 16 19 36 73 75 84 85 93 135 149 158 163 166 
7 0 60 67 74 89 108 150 
8 24 61 93 94 112 134 144 146 
6 57 99 100 140 149 164 
11 55 65 73 80 89 92 117 118 152 154 166 
5 14 48 81 85 142 
8 21 51 57 101 114 129 130 132 
7 42 51 59 66 130 140 169 
2 61 141 
7 44 56 65 103 118 134 167 
7 25 43 72 78 89 98 143 
8 12 33 46 49 68 104 112 141 
10 11 16 60 65 118 120 134 146 150 153 
12 14 29 58 71 77 93 94 98 106 131 146 160 
7 5 13 68 84 131 140 151 
6 24 41 90 92 114 156 
9 0 12 54 58 73 102 147 157 164 
6 21 45 81 93 117 125 
13 35 36 49 65 68 72 82 85 95 114 153 161 167 
10 0 26 62 86 130 140 142 152 159 164 
16 29 39 55 57 58 67 70 71 82 92 94 130 141 149 150 169 
12 6 17 45 60 70 81 85 97 115 121 127 150 
11 33 35 38 39 66 74 82 108 114 139 162 
13 46 50 53 54 63 64 75 76 82 104 107 122 126 
11 2 15 26 54 56 83 135 138 139 148 161 
6 10 35 90 107 137 146 
5 19 24 69 139 141 
5 72 128 140 150 165 
15 44 45 47 51 61 80 90 98 99 104 106 138 140 149 150 
9 13 20 66 84 89 121 133 139 161 
3 73 87 168 
8 37 48 80 99 126 130 138 144 
8 51 52 77 87 89 120 137 155 
9 11 22 56 65 79 94 113 164 166 
5 40 126 140 144 148 
12 18 22 25 39 61 76 98 102 119 124 153 166 
12 0 18 48 77 98 103 118 119 124 132 139 167 
10 31 38 47 56 73 77 92 96 112 129 
12 22 37 41 55 64 71 127 134 147 148 156 166 
10 20 22 35 54 95 106 111 116 142 163 
14 34 42 46 81 83 106 120 122 124 132 139 144 161 168 
7 15 38 60 120 146 148 159 
12 7 40 50 57 69 78 81 82 86 91 99 165 
6 10 72 84 142 152 155 
5 9 28 73 96 118 
7 17 21 28 54 60 64 168 
13 11 23 40 53 58 60 69 78 136 147 151 153 167 
10 28 37 90 123 124 128 130 138 145 160 
8 5 31 36 50 74 75 150 155 
13 11 18 84 86 98 103 109 121 128 136 139 143 148 
11 23 42 48 58 64 81 86 87 107 111 162 
11 6 7 28 32 52 69 95 108 127 132 164 
5 32 51 70 71 85 
13 23 46 65 68 93 96 107 139 141 144 150 156 168 
12 16 23 24 39 45 57 64 66 70 107 109 126 
8 4 20 38 110 115 140 160 164 
8 9 24 33 37 76 123 143 161 
9 3 6 20 42 54 97 112 132 159 
9 13 16 20 46 50 92 96 103 168 
4 7 64 85 156 
14 1 12 21 41 45 46 69 74 97 100 103 135 139 160 
10 2 8 28 35 64 86 88 114 117 131 
11 19 81 101 115 126 127 135 155 164 165 169 
6 23 76 84 101 123 138 
19 23 38 45 50 54 59 61 76 89 99 108 109 111 132 136 139 142 160 163 
9 4 9 12 18 33 53 86 100 119 
6 7 22 29 54 141 149 
8 1 20 80 84 87 93 117 162 
9 11 14 18 53 98 115 138 139 141 
13 26 42 46 51 60 82 93 96 109 114 148 154 160 
9 20 21 52 54 82 124 133 142 169 
10 13 20 38 52 76 89 96 118 153 158 
7 10 18 27 43 86 118 122 
15 0 4 16 30 37 44 75 95 108 116 131 140 142 158 164 
12 1 22 48 60 77 81 82 100 123 126 149 169 
6 0 23 48 73 134 141 
13 23 35 56 63 64 71 94 98 105 138 143 162 167 
11 13 32 36 37 74 84 114 125 154 165 166 
6 10 42 46 103 136 140 
6 33 95 110 111 115 153 
10 4 28 31 67 101 110 117 125 126 167 
10 5 17 21 40 42 50 62 74 121 157 
14 18 20 22 23 42 69 70 74 85 112 114 141 147 164 
7 24 40 103 111 148 151 155 
11 0 14 29 43 49 63 67 77 116 121 153 
8 0 5 18 21 52 59 82 165 
11 19 42 49 50 61 65 72 103 155 159 161 
9 30 32 50 67 95 104 117 140 156 
1 61 
16 1 4 10 29 32 64 71 99 103 108 118 129 138 139 148 168 
13 15 25 28 47 95 102 125 129 138 145 155 157 161 
2 42 135 
9 4 15 20 37 58 136 156 158 164 
11 0 2 13 17 53 67 69 120 122 148 151 
9 2 13 20 33 76 121 129 158 161 
10 18 39 51 73 79 87 90 104 139 160 
9 37 44 53 58 69 71 97 144 151 
8 21 57 60 96 99 129 139 161 
9 10 13 28 35 36 49 68 76 102 
12 3 28 31 42 64 89 97 128 129 142 155 165 
7 3 60 65 74 102 123 126 
9 6 62 63 80 134 135 147 164 166 
10 16 35 90 98 100 105 111 156 159 167 
15 9 36 49 58 60 78 83 86 89 109 126 145 146 153 158 
8 11 23 28 87 95 121 124 163 
5 76 102 106 119 133 
8 13 28 39 40 105 116 129 162 
7 23 25 50 53 54 153 155 
11 1 22 51 64 73 89 111 118 119 164 165 
7 49 54 64 69 103 123 166 
8 55 79 80 112 125 144 151 166 
12 39 50 64 79 83 102 108 131 135 151 160 168 
10 2 11 37 57 82 110 117 119 133 149 
4 33 134 147 152 
13 6 15 18 22 61 69 77 82 124 125 154 155 160 
11 21 55 62 68 79 118 123 134 137 155 163 
9 39 73 84 106 117 127 155 158 165 
11 4 17 61 67 80 87 112 116 137 141 144 
13 4 9 12 36 44 71 72 89 108 115 126 133 158 
10 35 36 65 105 108 112 125 127 135 148 
8 12 32 40 41 93 125 131 135 
9 21 29 49 81 84 94 104 136 168 
5 23 40 72 93 164 
10 47 56 63 74 100 109 115 140 157 162 
8 35 36 40 47 70 104 114 163 
12 17 77 80 90 110 114 119 120 126 143 152 169 
17 23 31 34 54 62 74 80 100 103 118 125 128 131 151 152 155 157 
9 21 38 51 62 116 119 131 155 168 
8 27 47 49 99 126 134 148 155 
11 6 37 89 90 94 97 99 106 144 149 151 
9 6 7 19 20 31 47 140 143 145 
9 13 14 61 73 111 120 126 127 154 
6 6 36 40 51 57 64 
5 29 70 105 112 118 
12 2 9 12 38 75 101 113 115 128 135 165 167 
14 0 24 60 62 91 101 111 119 120 134 147 152 155 159 
8 46 49 64 78 92 121 140 159 
9 25 32 115 117 138 147 153 154 168 
11 24 28 31 47 63 68 76 89 90 137 144 
15 22 24 26 29 36 40 49 53 60 64 68 89 95 97 168 
17 3 7 14 19 27 28 34 55 73 78 87 123 130 136 146 157 159 
11 8 11 20 26 53 66 68 75 82 117 152 
8 5 19 39 43 64 70 73 99 
6 10 49 56 76 125 130 
12 2 31 34 40 53 96 110 117 129 138 148 149 
4 47 90 103 130 
7 2 12 13 25 41 103 140 
8 16 38 46 82 101 113 135 137 
15 24 34 38 41 49 69 83 89 93 119 128 144 149 163 165 
12 0 3 20 28 66 74 112 129 144 148 153 169 
8 1 12 20 21 27 28 48 53 
10 14 46 83 93 96 110 111 126 129 168 
8 4 19 43 113 125 126 135 141 
11 12 18 35 46 71 79 84 103 107 137 149 
7 4 69 77 114 131 137 155 
17 32 43 48 62 83 86 90 99 107 114 115 116 126 127 128 135 154 
8 15 38 53 59 87 92 102 167 
6 16 81 90 123 126 140 
9 0 71 73 92 94 103 116 118 166 
8 19 41 57 86 102 135 136 140 
10 13 47 55 60 64 69 95 111 114 162 
9 18 24 29 40 56 86 90 94 97 
7 22 50 67 76 106 123 160 
7 0 39 64 104 115 124 148 
13 3 16 19 33 51 55 62 73 82 92 101 108 122 
10 27 42 62 77 85 99 108 116 134 148 
10 0 4 33 35 38 77 101 109 110 158 
9 9 18 36 46 76 80 102 134 156 
12 30 40 45 53 58 89 111 121 127 137 139 151 
7 7 20 62 70 74 125 149 
170 875
11 36 57 72 73 76 82 110 113 129 161 168 
11 35 36 49 71 88 107 109 115 118 160 167 
7 12 22 98 121 132 164 168 
11 60 70 84 123 124 125 141 146 148 160 162 
11 10 25 28 31 42 60 85 97 119 139 165 
14 7 69 78 79 87 89 103 113 128 130 139 157 158 161 
12 11 32 45 56 60 83 102 137 155 159 161 162 
6 5 51 55 81 88 98 
8 17 34 57 69 80 81 121 160 
17 15 30 35 37 46 59 73 82 87 90 95 114 123 124 126 138 164 
12 4 18 23 47 51 57 89 99 118 138 151 162 
8 6 34 77 97 98 147 158 162 
12 2 38 51 61 111 116 121 132 144 147 154 164 
6 18 20 43 57 87 98 
10 23 39 65 66 79 103 107 118 122 156 
11 9 24 40 49 53 62 87 91 101 113 133 
11 33 63 74 88 104 125 138 143 148 151 164 
15 8 19 28 53 62 66 85 90 93 132 143 147 149 156 164 
9 10 13 43 45 87 95 106 114 139 
10 17 26 29 54 91 93 101 125 159 164 
10 13 21 22 78 83 113 125 135 163 166 
3 20 116 159 
9 2 20 52 58 63 83 84 106 139 
12 10 14 28 29 33 50 69 89 94 106 134 147 
15 15 53 62 63 66 74 80 112 115 117 119 133 140 141 166 
14 4 26 33 34 35 45 74 82 86 114 122 136 144 158 
13 19 25 48 53 55 60 70 76 79 100 120 149 152 
10 29 34 35 46 71 83 99 102 118 160 
11 4 17 23 54 78 103 110 116 135 157 161 
7 19 23 27 89 91 125 151 
5 9 32 56 66 151 
5 4 48 94 138 146 
8 6 30 55 68 93 108 117 149 
14 16 23 25 61 80 89 91 92 111 116 117 120 145 163 
15 8 11 25 27 58 74 79 87 110 114 122 124 151 161 162 
12 1 9 25 27 37 48 55 58 82 107 119 136 
14 0 1 46 60 65 67 75 86 87 121 130 131 145 150 
6 9 35 53 77 126 169 
13 12 60 62 84 90 93 96 108 123 142 151 154 162 
7 14 67 73 124 156 165 169 
10 15 62 69 92 107 132 133 144 152 160 
8 55 57 88 111 128 137 143 160 
10 4 48 54 77 78 93 122 131 154 164 
9 13 18 46 66 69 91 143 146 155 
13 45 57 67 68 96 117 124 125 127 132 135 159 168 
9 6 18 25 44 92 96 107 129 142 
12 9 27 36 43 53 55 57 80 88 126 149 156 
11 10 51 76 94 97 103 112 137 145 155 162 
12 26 31 35 42 70 71 89 102 123 130 137 138 
8 1 15 87 121 122 133 138 140 
8 23 87 93 102 121 124 134 161 
14 7 10 12 47 63 64 68 83 101 123 129 132 136 167 
5 22 114 135 141 159 
12 15 17 24 26 37 46 80 94 133 137 156 159 
7 19 28 42 108 127 132 164 
18 7 26 32 35 41 46 69 101 120 121 125 127 136 139 144 149 152 159 
9 6 30 60 69 71 81 110 144 159 
16 0 8 10 13 41 44 46 58 63 92 98 108 116 117 145 148 
10 22 34 35 57 79 86 105 118 141 148 
9 9 68 69 80 106 134 150 152 158 
17 3 4 6 26 36 38 56 68 81 89 123 124 131 135 139 148 165 
13 12 33 65 70 93 98 99 102 125 131 157 166 168 
15 15 17 24 38 40 65 66 67 120 122 133 138 146 157 168 
12 16 22 24 51 57 66 70 79 115 127 147 156 
6 51 80 116 153 155 167 
8 14 36 61 62 67 92 117 146 
13 14 17 24 30 43 62 63 81 89 99 105 120 150 
9 36 39 44 62 65 74 86 110 167 
10 32 44 51 59 60 78 117 124 149 162 
12 5 8 23 40 43 55 56 59 90 132 142 157 
13 3 26 48 61 63 80 82 100 111 119 127 135 151 
8 1 27 48 56 104 123 124 165 
3 0 78 111 
11 0 9 39 83 85 104 130 134 146 158 161 
11 16 24 25 34 67 85 100 101 102 130 133 
7 36 92 107 136 142 146 154 
6 0 26 47 97 130 166 
6 11 37 42 84 94 165 
12 5 20 28 42 68 72 88 89 96 100 124 134 
12 5 14 26 34 58 63 83 92 103 105 125 140 
13 8 24 33 46 53 59 64 70 81 83 88 108 144 
7 7 8 56 60 66 80 162 
9 0 9 25 35 70 87 123 131 168 
12 6 20 22 27 51 73 79 80 85 95 119 164 
7 3 22 38 77 94 141 167 
8 4 17 73 74 83 106 140 154 
11 25 36 58 67 92 99 102 107 109 127 130 
15 5 9 13 15 18 34 36 49 50 82 111 115 129 139 142 
8 1 7 16 41 46 78 80 112 
11 5 10 23 29 33 48 60 66 78 94 112 
6 9 17 38 69 92 164 
11 15 19 29 33 43 97 101 105 119 156 163 
14 33 40 45 57 65 75 79 86 90 95 97 104 149 164 
13 17 19 32 38 42 50 61 97 109 122 133 150 157 
10 23 31 47 53 77 84 89 156 157 165 
10 9 18 83 92 106 125 137 145 152 163 
9 38 44 45 78 109 117 139 149 150 
10 4 11 47 76 91 92 93 99 102 160 
7 2 7 11 13 57 61 106 
10 10 27 61 66 86 97 115 116 125 131 
9 26 70 74 78 111 112 140 148 155 
9 15 19 51 55 74 91 103 126 168 
14 6 27 48 50 61 74 86 97 122 128 137 139 159 164 
12 5 14 28 47 79 101 112 127 128 130 137 138 
5 16 71 73 92 132 
7 58 66 79 91 114 138 140 
9 18 22 23 59 85 95 98 134 148 
10 1 14 35 40 45 75 86 130 133 166 
7 32 38 54 57 80 118 127 
5 1 86 93 96 143 
9 0 28 34 56 67 118 120 131 166 
11 12 33 41 70 72 87 100 153 154 159 163 
11 24 47 88 89 100 103 115 123 156 158 160 
7 0 5 15 20 115 141 156 
10 9 18 25 34 52 105 116 139 148 154 
11 1 24 63 87 99 112 113 130 143 144 164 
13 12 21 28 33 57 64 99 114 117 127 141 163 167 
12 24 32 33 44 57 65 68 96 116 128 137 158 
7 1 10 14 27 58 108 110 
9 4 24 35 70 83 91 120 130 136 
13 26 33 55 62 66 110 119 123 124 132 139 147 153 
11 2 8 12 36 49 50 55 132 138 160 163 
9 14 25 34 42 49 62 93 102 169 
16 3 9 38 48 51 60 71 82 112 120 124 135 152 155 161 168 
15 3 9 34 39 44 50 60 68 71 78 120 123 140 152 154 
12 3 16 19 20 29 44 55 61 79 95 99 161 
7 9 37 46 101 134 163 169 
12 44 54 55 63 70 86 103 108 116 130 139 163 
10 5 41 102 103 117 138 140 151 160 165 
5 0 45 51 87 166 
16 5 36 48 73 74 76 86 103 107 115 119 127 153 159 160 168 
8 36 42 60 61 82 99 110 154 
13 2 12 17 40 44 51 54 69 104 120 121 141 149 
10 15 24 40 49 53 62 74 93 107 149 
12 23 50 59 73 78 106 126 138 147 154 162 167 
10 20 28 44 52 60 70 123 140 145 163 
9 25 35 51 55 75 119 146 158 161 
9 6 41 47 48 53 95 102 103 117 
16 9 10 16 31 48 49 62 103 105 121 128 134 140 158 168 169 
12 4 5 18 22 55 60 87 96 102 114 120 127 
12 24 49 79 85 100 105 124 128 135 138 152 154 
9 3 24 52 58 84 113 116 132 148 
5 38 45 69 75 87 
9 16 17 41 43 109 115 153 162 168 
8 12 25 40 55 56 80 115 155 
9 33 36 47 57 95 135 154 160 169 
11 3 31 43 62 65 73 75 136 147 161 167 
10 11 12 17 23 63 120 134 146 152 155 
11 3 16 57 58 60 100 106 114 141 157 169 
11 17 26 32 46 55 68 92 96 132 133 166 
5 36 59 66 93 96 
10 10 16 29 30 34 38 70 128 159 168 
10 26 40 55 59 95 123 124 140 147 160 
7 64 111 120 130 143 162 164 
13 12 38 42 75 85 111 114 124 131 134 140 145 166 
8 6 43 47 64 100 123 144 147 
10 14 17 39 46 53 63 91 94 112 113 
9 5 28 61 62 69 93 94 148 164 
11 5 11 25 59 73 112 117 136 138 162 166 
12 6 19 21 44 52 53 55 56 102 111 130 151 
16 1 3 8 27 40 41 97 112 121 128 130 145 152 161 163 167 
13 0 5 6 28 34 50 73 123 125 136 146 160 168 
13 3 6 10 11 34 38 47 68 81 134 143 153 158 
11 20 33 91 95 111 116 121 126 127 135 160 
16 2 9 12 16 17 19 42 54 83 90 92 102 115 153 157 167 
7 4 39 60 71 77 94 128 
11 20 24 61 76 107 110 129 149 154 158 167 
11 1 51 64 67 84 116 134 146 160 164 166 
13 0 2 44 61 62 82 101 123 130 138 143 151 161 
7 37 39 122 126 138 145 148 
