130 619
11 1 16 19 36 59 73 75 81 84 85 93 
10 0 7 21 30 35 38 100 107 114 129 
5 21 48 63 104 128 
10 15 47 48 49 66 67 88 94 98 100 
5 29 52 94 95 116 
9 11 20 35 91 101 109 116 125 128 
11 30 31 57 65 67 79 91 105 119 125 129 
8 1 11 18 25 36 40 97 112 
9 18 48 54 88 98 111 126 127 129 
9 28 63 74 81 90 98 99 105 124 
6 41 50 60 65 89 103 
6 5 7 24 46 87 104 
12 16 24 35 50 62 71 73 88 95 99 109 124 
10 19 24 57 68 74 83 92 121 125 127 
6 23 32 45 77 104 125 
7 3 24 27 46 82 90 119 
6 0 12 32 38 82 87 
12 26 28 30 44 56 57 60 63 80 95 96 124 
13 7 8 26 32 48 49 53 61 71 86 101 106 115 
6 0 13 68 84 109 129 
9 5 21 22 31 42 48 69 77 86 
9 1 2 20 27 29 51 83 93 127 
8 20 37 41 52 56 77 85 103 
9 14 24 34 41 50 74 96 110 122 
11 11 12 13 15 23 41 49 77 110 111 124 
11 7 36 39 43 53 56 66 79 81 85 124 
7 17 18 29 35 44 80 104 
16 15 21 46 56 58 65 68 75 80 93 94 104 120 122 123 125 
14 9 17 31 34 35 46 56 58 70 94 105 112 113 114 
14 4 21 26 33 57 72 74 80 82 93 97 106 109 127 
14 1 6 17 34 40 50 51 63 93 95 98 99 126 129 
13 6 20 28 36 41 44 52 65 70 76 88 101 124 
15 14 16 18 57 61 64 65 74 75 80 86 87 93 115 118 
7 29 37 41 54 86 114 116 
12 23 28 30 41 48 74 100 103 104 113 126 128 
12 1 5 12 26 28 50 82 85 93 105 122 128 
7 0 7 25 31 59 68 82 
8 22 33 42 50 74 88 112 114 
5 1 16 91 96 121 
12 25 52 62 74 84 98 99 117 119 120 122 126 
12 7 30 47 65 66 76 84 85 90 92 124 126 
12 10 22 23 24 31 33 34 47 48 104 122 127 
10 20 37 60 72 76 84 90 98 110 112 
6 25 74 77 91 98 120 
10 17 26 31 57 68 78 87 94 101 105 
9 14 53 70 72 99 103 109 111 117 
9 11 15 27 28 78 79 104 114 116 
8 3 40 41 50 65 69 82 100 
13 2 3 8 18 20 34 41 56 61 65 79 94 113 
8 3 18 24 67 84 86 88 95 
12 10 12 23 30 35 37 47 80 102 116 120 124 
6 21 30 62 71 93 108 
11 4 22 31 39 53 57 74 79 108 121 122 
10 18 25 45 52 60 63 72 89 110 115 
11 8 33 55 56 61 69 76 104 107 116 125 
7 54 68 72 87 91 107 124 
12 17 22 25 27 28 48 54 67 94 108 117 124 
12 6 13 17 29 32 44 52 97 108 115 128 129 
7 27 28 66 76 93 94 121 
9 0 36 65 70 76 81 86 111 112 
9 10 17 42 53 64 72 76 111 113 
15 18 32 48 54 68 82 84 86 88 94 101 106 114 117 123 
5 12 39 51 63 83 
13 2 9 17 30 53 62 73 77 83 93 103 105 116 
13 32 60 69 76 83 88 94 97 100 101 105 110 118 
12 6 10 27 31 32 40 47 48 59 73 83 120 
8 3 25 40 58 75 90 102 127 
8 3 6 49 56 85 98 108 111 
10 13 19 27 36 44 55 61 93 116 125 
6 20 47 54 64 78 123 
7 28 31 45 59 79 85 89 
3 12 18 51 
13 29 42 45 53 55 60 78 86 91 93 102 111 113 
7 0 12 63 65 113 124 128 
16 9 13 23 29 32 34 37 39 43 52 75 80 89 117 119 120 
11 0 27 32 66 74 80 113 114 118 120 128 
12 31 40 42 54 58 59 60 64 82 93 97 108 
10 14 20 22 24 43 63 79 80 81 123 
6 44 46 69 72 105 110 
13 6 25 46 48 52 70 77 93 109 111 122 123 128 
16 17 26 27 29 32 50 74 75 77 85 97 104 112 115 119 124 
9 0 9 25 59 77 105 111 116 128 
13 15 16 29 35 36 47 61 76 86 87 107 111 129 
8 13 21 62 63 64 65 116 124 
10 0 19 39 40 42 49 61 96 119 122 
11 0 22 25 35 40 67 70 80 91 110 115 
13 18 20 32 33 49 59 61 72 82 93 104 127 128 
8 11 16 32 44 55 82 94 100 
9 3 8 12 31 37 49 61 64 112 
6 10 53 70 74 115 118 
9 9 15 40 42 66 104 107 110 118 
12 5 6 38 43 55 72 85 112 114 117 123 129 
7 13 40 104 108 115 117 121 
17 0 21 27 29 30 32 35 51 58 63 68 72 76 79 86 122 124 
13 3 4 27 28 44 48 56 58 61 64 87 106 111 
5 4 12 17 30 49 
4 17 23 38 84 
8 7 29 57 64 76 80 105 110 
11 3 8 9 30 39 42 43 67 104 124 128 
6 9 12 30 39 45 123 
7 1 3 34 47 64 87 110 
7 5 18 31 44 61 64 113 
6 50 66 72 105 106 124 
6 10 22 34 45 63 116 
15 2 11 14 26 27 34 41 46 54 80 86 90 92 98 121 
12 6 9 28 35 44 63 64 78 81 97 102 112 
6 18 29 61 94 102 109 
6 1 54 55 82 90 114 
7 51 52 56 57 67 76 92 
10 5 12 19 29 45 79 106 117 121 128 
10 23 24 42 53 64 78 85 90 97 100 
12 8 24 45 59 60 67 72 79 81 82 94 113 
9 7 28 37 42 59 80 88 91 105 
11 28 34 48 60 72 73 75 101 111 123 129 
9 1 28 33 37 46 61 75 91 107 
9 18 32 53 57 80 85 89 92 121 
11 4 5 33 46 50 54 63 68 81 83 103 
9 39 45 56 61 74 91 92 109 120 
5 32 64 75 89 90 
6 6 15 39 74 80 84 
8 27 39 43 50 65 74 75 117 
9 13 38 52 58 92 104 109 115 129 
9 23 27 35 39 41 52 79 84 93 
8 27 61 69 77 79 91 99 113 
16 9 12 17 24 25 31 40 50 55 56 73 80 83 93 98 102 
8 5 6 13 14 27 54 68 129 
5 8 30 34 39 40 
8 8 13 21 29 41 66 86 129 
12 2 5 34 35 57 73 75 79 81 86 98 109 
12 1 6 8 19 30 57 82 91 113 121 125 127 
130 652
11 22 25 28 60 61 64 84 85 97 119 121 
7 19 22 27 36 93 113 127 
17 9 11 12 18 20 40 43 45 49 50 54 64 67 75 92 114 129 
11 46 59 69 78 79 81 102 103 106 109 112 
8 5 8 32 35 49 68 110 112 
11 4 50 52 69 73 77 105 110 114 117 123 
7 14 24 66 69 106 123 124 
9 14 24 25 27 68 79 82 95 100 
11 4 13 19 25 46 58 88 97 106 114 115 
14 2 13 14 18 31 32 38 60 63 95 100 112 118 125 
8 38 42 83 88 91 108 111 124 
17 2 14 29 30 33 38 40 56 62 63 70 74 75 93 114 116 119 
5 2 25 45 104 111 
14 8 9 41 45 52 57 59 85 90 92 109 114 118 123 
13 6 7 9 11 21 38 49 66 78 89 90 115 118 
8 34 37 41 74 86 101 102 106 
6 31 68 77 84 92 93 
6 22 27 64 87 100 115 
10 2 9 31 33 60 66 83 98 108 116 
8 1 8 43 46 50 96 101 121 
5 2 24 87 99 120 
8 14 33 85 89 91 107 116 129 
10 0 1 17 44 45 61 65 87 118 125 
13 59 63 68 70 72 78 89 93 98 99 104 108 128 
16 6 7 20 29 36 37 59 63 72 73 79 89 91 95 112 118 
8 0 7 8 12 43 105 110 121 
9 32 38 40 46 78 80 106 109 121 
10 1 7 17 32 36 52 60 89 92 109 
7 0 40 43 64 74 121 128 
7 11 24 48 78 88 110 122 
3 11 119 120 
10 9 16 18 35 48 58 64 85 87 88 
15 4 9 26 27 64 67 68 80 86 94 97 99 101 105 111 
15 11 18 21 39 60 63 71 78 79 96 114 115 116 123 128 
10 15 39 61 64 89 103 110 112 123 127 
10 4 31 41 43 63 76 89 98 102 111 
11 1 24 27 42 69 77 95 97 114 121 122 
6 15 24 54 75 76 94 
12 9 10 11 14 26 46 51 64 83 90 105 128 
10 33 34 42 58 67 75 81 83 97 113 
13 2 11 26 28 59 63 65 78 80 83 110 111 117 
17 13 15 35 52 53 58 70 75 77 86 89 104 105 107 115 122 129 
11 10 36 39 45 73 76 78 83 107 111 114 
13 2 19 25 28 35 48 61 68 72 93 110 112 120 
7 22 48 74 80 84 90 127 
8 2 12 13 22 42 49 81 124 
8 3 8 19 26 38 63 80 85 
11 49 56 68 73 82 99 101 104 124 125 128 
13 29 31 43 44 49 59 62 65 89 102 109 123 128 
14 2 4 14 45 47 48 50 79 84 86 106 114 117 119 
6 2 5 19 49 87 112 
5 38 98 108 122 128 
14 5 13 27 41 53 67 72 75 79 82 93 97 112 123 
8 41 52 56 62 63 77 84 87 
9 2 37 63 70 81 82 83 96 104 
3 104 105 106 
6 11 47 53 87 122 124 
10 13 64 66 74 90 101 109 119 124 126 
6 8 31 39 41 90 129 
8 3 13 23 24 40 48 81 96 
10 0 9 18 27 33 67 74 92 106 127 
10 0 22 34 43 74 75 78 84 112 115 
7 11 48 53 64 93 96 103 
17 9 11 23 24 33 35 40 46 53 54 64 72 73 86 108 116 125 
16 0 2 17 28 31 32 34 38 57 62 63 79 81 85 87 90 
8 22 40 48 68 75 87 97 126 
5 6 14 18 57 110 
11 2 32 39 52 60 71 82 94 114 118 120 
12 4 7 16 23 32 43 47 65 81 108 115 125 
8 3 5 6 36 79 118 119 120 
12 11 23 41 54 77 82 84 96 98 111 126 129 
7 33 67 74 85 103 113 128 
9 23 24 43 52 63 83 98 105 125 
7 5 24 42 47 63 95 101 
13 11 15 28 44 57 60 61 71 108 117 118 126 128 
15 2 11 37 39 41 52 61 65 82 88 98 113 114 115 124 
9 35 37 42 89 90 93 106 119 127 
10 5 16 36 41 53 70 88 99 103 126 
11 3 14 23 26 29 33 40 42 61 94 129 
13 3 7 24 33 49 52 64 69 85 97 101 103 104 
8 26 32 40 44 46 89 106 110 
11 3 39 45 54 59 64 68 88 95 105 113 
7 7 47 52 54 67 70 75 
11 10 18 38 39 40 42 54 72 92 109 124 
11 0 16 44 49 53 61 70 87 99 110 111 
9 0 13 21 31 46 64 71 79 107 
7 15 32 41 49 63 103 118 
16 17 20 22 31 50 53 56 64 65 84 91 96 98 107 112 120 
12 8 10 29 31 75 77 81 93 102 107 110 115 
17 14 21 23 24 27 34 35 41 48 76 80 94 103 104 106 113 118 
13 13 14 38 44 57 58 64 76 100 105 115 118 123 
10 10 21 24 87 101 109 113 116 117 119 
10 2 13 16 27 60 83 114 118 124 129 
11 1 11 16 23 43 52 62 76 88 107 127 
8 32 37 67 78 89 101 105 116 
8 7 9 24 36 73 81 112 118 
9 19 33 54 59 62 70 87 121 122 
10 0 8 32 36 39 52 65 79 110 111 
9 18 23 35 51 70 72 75 87 129 
8 20 23 32 47 77 84 110 114 
5 7 9 17 90 118 
11 15 19 32 47 57 73 79 91 94 103 113 
6 3 15 35 48 88 108 
13 3 34 62 71 77 79 86 89 101 110 113 115 120 
12 12 23 41 47 54 55 79 89 106 118 121 128 
13 5 25 32 38 41 55 72 81 90 94 114 124 126 
13 3 6 8 15 26 49 55 60 76 80 89 104 126 
9 21 41 42 85 87 88 93 116 118 
9 10 18 23 51 63 68 74 102 127 
9 3 13 26 27 48 57 83 91 118 
14 4 5 25 29 34 40 43 66 80 84 88 97 99 103 
9 10 12 32 35 40 42 70 84 97 
11 3 4 9 24 34 43 50 52 61 87 95 
10 1 39 71 75 81 89 91 101 103 128 
15 2 5 8 11 13 33 36 42 49 67 75 92 99 105 129 
11 8 14 17 33 41 61 68 75 88 90 103 
10 11 18 21 33 63 91 94 107 128 129 
5 5 40 49 74 91 
18 9 13 14 22 24 67 69 74 86 89 90 92 95 100 104 107 109 119 
9 0 11 30 49 57 69 76 91 118 
9 20 30 43 67 69 87 103 124 128 
9 0 19 25 26 28 36 96 104 123 
8 29 36 41 51 56 96 124 128 
9 5 6 13 33 34 48 52 90 121 
12 6 10 45 47 56 57 75 83 92 105 120 122 
6 9 22 47 63 68 72 
7 57 65 70 74 77 105 106 
7 1 34 44 60 76 93 108 
14 23 28 33 38 47 48 51 71 74 104 113 116 120 122 
10 2 21 41 58 70 78 92 98 114 116 
