150 711
12 1 16 19 36 73 75 81 84 85 93 135 149 
9 0 10 15 18 80 87 94 109 128 
6 23 64 101 133 134 135 
7 6 7 28 38 40 94 117 
8 14 15 36 55 64 79 135 145 
12 9 16 25 28 53 54 88 90 102 114 142 148 
8 3 13 20 38 42 99 114 141 
9 3 29 35 79 92 107 108 110 129 
11 23 34 41 50 58 59 65 84 120 129 139 
3 5 28 81 
10 1 22 51 59 70 85 97 106 130 144 
9 21 37 70 87 96 105 134 138 140 
7 14 23 68 95 116 129 132 
7 6 15 51 59 88 114 120 
13 4 12 29 34 85 87 89 103 115 116 119 122 139 
14 1 4 13 20 49 62 68 84 85 89 97 107 122 137 
6 0 5 18 81 97 144 
7 21 32 59 76 125 127 149 
8 1 16 50 60 111 115 126 130 
8 0 29 74 84 91 100 124 146 
8 6 15 31 43 67 75 136 137 
16 11 17 22 38 41 45 55 58 68 81 83 87 126 134 140 149 
8 10 21 58 82 126 136 138 148 
18 2 8 12 29 34 47 48 58 74 76 77 86 89 90 101 111 113 149 
12 35 43 44 63 87 102 110 112 123 127 136 139 
14 5 33 39 45 55 56 68 98 100 103 104 131 139 147 
9 50 56 68 81 104 134 138 141 142 
10 29 30 41 42 48 70 73 88 92 137 
10 3 5 9 44 46 73 125 128 129 138 
10 7 14 19 23 27 31 49 84 104 121 
5 27 32 41 55 107 
6 20 29 59 61 129 134 
13 17 30 42 73 85 95 110 128 130 131 133 137 147 
11 25 50 60 68 69 74 76 108 110 119 120 
9 8 14 23 61 79 84 116 128 134 
9 7 24 40 42 90 93 107 114 136 
8 0 4 75 82 93 125 142 144 
9 11 59 63 69 71 77 121 122 147 
9 3 6 21 46 48 64 79 96 114 
8 25 41 50 64 79 98 132 149 
5 3 35 42 51 137 
14 8 21 27 30 39 43 47 51 67 76 98 113 135 139 
13 6 27 32 35 40 49 54 83 96 97 111 123 140 
14 20 24 41 55 60 75 76 81 89 96 124 127 136 145 
8 24 28 57 61 76 80 96 113 
8 21 25 52 66 75 82 138 145 
12 28 38 55 56 64 74 91 92 119 133 144 149 
9 23 41 52 78 99 107 111 146 148 
14 23 27 38 70 84 86 88 96 103 108 116 119 125 132 
8 15 29 42 52 112 118 138 140 
19 8 18 26 33 39 52 70 77 84 89 95 98 101 102 106 111 119 138 148 
8 10 13 40 41 87 105 120 132 
10 45 47 49 50 60 80 93 103 106 149 
4 5 76 98 143 
5 5 42 63 69 73 
12 4 21 25 30 43 46 83 91 96 98 107 116 
12 25 26 46 81 92 96 98 103 112 140 142 143 
11 44 65 98 99 103 105 113 120 131 135 146 
7 8 21 22 23 78 79 80 
14 8 10 13 17 31 37 65 70 119 121 132 133 138 144 
13 18 33 43 52 67 74 82 85 89 94 123 129 146 
9 31 34 44 63 64 84 88 139 147 
6 15 77 103 116 135 140 
9 24 37 54 61 86 109 110 118 124 
9 2 4 38 39 46 61 92 135 138 
12 8 57 59 79 82 85 93 125 127 130 136 142 
10 45 71 75 82 84 88 125 127 144 149 
3 20 41 60 
11 12 15 21 25 26 33 79 84 109 129 133 
6 33 37 54 78 125 145 
9 10 11 27 48 50 59 84 132 147 
4 37 66 89 116 
3 83 87 94 
8 0 27 28 32 54 83 89 110 
8 19 23 33 46 60 106 128 133 
13 0 20 36 43 45 66 82 85 88 120 121 124 145 
13 17 23 33 41 43 44 53 84 106 108 134 137 142 
6 23 37 50 62 79 136 
13 47 58 69 85 99 110 111 117 119 139 142 148 149 
15 4 7 34 38 39 58 65 68 77 83 93 96 104 121 143 
7 1 44 52 58 89 132 145 
16 0 9 16 21 26 43 56 87 96 97 99 120 124 127 130 148 
12 22 36 45 60 65 66 75 84 108 111 125 144 
7 21 42 55 72 73 79 122 
18 0 8 15 19 29 34 48 50 61 66 68 70 76 82 121 138 142 146 
14 0 10 14 15 32 60 65 75 78 115 119 122 128 142 
5 23 48 63 89 134 
11 1 11 14 21 24 51 72 81 109 126 149 
12 5 13 27 48 61 66 75 89 91 132 143 146 
15 14 15 23 43 50 60 71 73 80 86 88 99 104 138 144 
5 5 23 35 91 112 
11 19 46 55 88 90 96 105 114 141 142 146 
8 7 27 46 56 64 102 109 131 
10 0 35 36 52 65 79 110 115 133 140 
6 1 3 60 72 117 121 
8 12 32 50 113 116 133 136 149 
17 11 38 42 43 44 48 55 56 79 81 91 104 119 123 128 130 146 
10 10 15 16 42 81 100 108 112 113 131 
12 25 39 41 50 53 55 56 57 103 106 129 149 
6 6 47 57 78 81 89 
5 19 25 97 109 116 
7 2 23 50 114 118 125 130 
9 5 24 50 92 111 116 135 140 149 
10 14 25 48 52 56 57 62 98 133 144 
9 25 26 29 79 89 96 128 139 140 
5 11 51 57 91 124 
8 10 50 52 74 76 98 114 118 
10 7 15 30 35 47 55 121 136 137 141 
7 7 33 48 76 82 97 138 
8 1 63 68 87 92 100 135 144 
11 7 24 32 33 63 73 78 93 112 120 121 
10 18 23 42 47 50 78 82 102 124 129 
7 24 49 56 90 97 110 129 
8 23 41 44 57 95 97 129 144 
10 5 6 13 35 38 91 101 106 136 138 
6 14 18 85 93 131 137 
12 12 14 34 48 55 62 71 95 100 102 121 146 
4 3 78 94 122 
7 49 63 101 106 128 131 135 
9 14 33 46 48 50 59 78 85 96 
11 8 13 33 51 57 75 81 110 122 127 147 
11 29 37 59 75 79 84 94 107 110 116 131 
7 14 15 37 83 85 117 120 
4 24 42 60 96 
8 19 43 63 75 81 105 111 149 
10 17 28 36 48 65 66 69 82 101 146 
4 18 21 22 87 
7 17 24 43 65 66 81 120 
12 1 28 32 34 74 85 96 104 118 132 136 138 
13 7 8 12 28 31 60 68 98 111 112 113 134 143 
8 10 18 32 65 81 96 101 137 
10 25 32 57 92 97 115 118 121 141 142 
10 12 39 48 51 59 70 80 88 128 141 
9 2 32 46 59 68 74 93 95 103 
9 2 11 21 26 31 34 76 86 129 
10 0 2 4 41 57 62 64 102 109 118 
12 20 22 24 35 43 65 77 95 107 114 128 140 
9 15 20 27 32 40 76 107 115 130 
14 11 22 26 28 45 49 50 59 64 84 89 108 114 128 
8 8 14 24 25 41 61 78 104 
12 11 21 42 49 56 62 93 102 104 136 145 149 
8 6 26 91 107 131 132 146 148 
12 5 26 36 56 65 76 78 84 85 91 131 149 
5 53 56 79 88 129 
12 10 16 36 46 59 66 82 89 103 109 113 149 
7 4 43 45 69 75 80 140 
11 19 47 57 60 84 88 91 96 116 125 141 
7 25 32 37 61 70 120 149 
8 5 22 47 50 78 81 141 149 
19 0 17 21 23 39 46 52 66 78 87 95 98 102 124 140 142 144 147 148 
150 762
13 9 29 35 42 43 65 69 78 85 95 97 101 118 
8 5 67 83 103 105 111 143 145 
8 24 27 39 72 80 109 112 129 
6 18 39 49 96 103 123 
6 8 18 40 52 148 149 
11 1 18 31 41 47 68 70 71 144 147 148 
14 17 23 31 34 36 42 48 93 96 104 112 129 148 149 
10 14 19 47 50 89 96 98 109 121 123 
8 4 28 41 74 109 127 129 146 
10 0 13 14 38 59 60 78 121 126 139 
12 19 26 41 64 68 84 93 101 107 109 123 139 
13 36 40 42 55 60 87 88 94 117 118 123 135 140 
16 14 17 32 33 35 43 50 57 60 88 91 98 122 126 129 149 
11 9 26 33 58 75 77 85 98 124 130 134 
8 7 9 12 42 48 80 123 145 
9 28 33 79 86 103 112 129 131 134 
15 21 22 25 27 40 43 67 80 87 101 106 108 137 142 144 
6 6 12 40 43 45 92 
13 3 4 5 50 80 82 96 101 104 108 111 122 141 
13 7 10 22 31 37 38 52 59 113 120 131 133 146 
3 25 99 100 
11 16 27 62 64 76 78 86 102 131 136 138 
6 16 19 46 85 107 122 
9 6 43 75 96 111 112 115 121 149 
9 2 27 43 72 75 82 117 118 131 
12 16 20 29 46 65 67 73 76 118 125 137 147 
6 10 13 53 100 123 134 
11 2 16 21 24 44 48 50 72 106 116 130 
15 8 15 48 49 50 66 71 73 85 87 100 115 118 121 132 
9 0 25 30 55 67 89 109 135 141 
12 29 84 93 94 102 104 112 118 128 143 144 145 
13 5 6 19 36 54 55 58 71 92 105 116 120 143 
8 12 45 80 86 98 102 104 105 
9 12 13 15 40 44 70 77 87 95 
7 6 52 69 92 104 115 116 
10 0 12 42 81 96 111 116 118 127 140 
16 6 11 31 41 50 55 58 63 82 91 92 94 101 106 132 145 
11 19 38 62 66 70 72 104 108 114 119 133 
8 9 19 37 42 55 66 96 139 
8 2 3 49 50 99 110 114 147 
13 4 11 16 17 33 51 61 111 116 121 132 144 147 
13 5 8 10 36 46 56 66 68 91 103 105 135 146 
8 0 6 11 14 35 38 119 135 
14 0 12 16 17 23 24 55 56 69 93 97 108 112 146 
10 27 33 63 79 88 92 101 126 130 140 
5 17 32 48 68 121 
13 22 25 41 48 59 73 89 110 123 128 133 136 149 
10 5 7 54 63 88 97 101 120 125 128 
15 6 14 27 28 45 46 66 77 81 83 90 98 128 130 132 
8 3 28 39 72 80 91 99 124 
13 7 12 18 27 28 36 39 62 65 90 127 129 137 
6 40 63 97 102 108 109 
10 4 19 34 56 68 73 103 115 125 148 
3 26 57 60 
6 31 47 63 96 106 146 
13 11 29 31 36 38 43 58 63 83 84 106 139 141 
10 41 43 52 81 82 86 103 122 142 147 
6 12 53 67 95 98 108 
16 13 31 36 55 68 77 78 81 87 89 95 127 130 132 134 148 
12 9 19 46 65 66 91 95 102 103 104 114 143 
13 9 11 12 53 62 66 78 94 97 102 116 124 138 
9 40 83 88 90 95 105 111 114 135 
11 21 37 50 60 68 97 100 119 124 125 136 
11 36 44 47 51 54 55 75 87 103 106 122 
6 10 21 79 114 126 138 
11 0 25 50 59 75 79 86 92 111 133 137 
9 28 37 38 41 48 59 60 122 124 
9 1 16 25 29 57 76 102 122 146 
8 5 10 41 45 52 58 62 75 
5 0 34 43 80 115 
6 5 33 37 82 126 134 
6 5 28 31 102 115 140 
8 2 24 27 37 49 78 87 119 
12 25 28 46 52 91 110 119 121 122 141 146 147 
6 8 75 84 100 118 148 
16 13 23 24 63 65 68 74 85 90 95 102 103 126 130 138 140 
10 21 25 67 94 104 105 114 125 132 135 
9 13 33 48 58 87 105 112 124 141 
11 0 9 21 58 60 72 113 127 132 134 142 
12 15 44 64 65 83 84 104 118 127 128 142 147 
9 2 14 16 18 32 49 69 113 137 
5 35 48 56 58 118 
11 18 24 36 56 70 94 116 118 140 146 149 
12 1 48 55 61 79 86 96 98 113 132 141 144 
8 10 30 55 74 79 87 122 128 
7 0 13 22 28 75 115 147 
13 15 21 32 56 65 83 93 97 105 108 119 126 149 
15 11 16 28 33 58 63 72 77 84 89 102 127 128 139 147 
10 11 12 44 47 61 94 117 119 143 144 
10 7 29 46 58 87 90 113 130 139 145 
11 48 50 61 75 89 103 118 124 132 147 148 
9 12 36 41 49 59 73 105 134 143 
13 17 31 34 36 44 65 109 119 127 141 145 147 149 
7 6 10 30 43 86 94 116 
12 11 30 36 60 76 82 88 93 113 116 125 140 
12 0 33 57 58 59 61 75 98 108 109 115 137 
16 3 6 7 18 23 35 38 54 83 105 112 113 115 120 123 147 
8 0 43 47 51 60 62 86 104 
12 7 12 13 32 48 57 83 95 101 105 116 138 
8 20 39 49 101 110 135 137 139 
7 20 26 28 62 74 113 121 
12 0 10 16 18 36 44 47 98 99 111 134 141 
12 21 30 32 51 59 60 67 71 75 87 111 136 
15 1 3 15 41 52 56 59 63 75 90 108 111 117 119 126 
14 6 18 30 32 34 37 59 76 79 97 106 114 124 131 
15 1 31 32 41 61 76 77 86 91 96 98 116 117 135 148 
12 16 27 36 54 55 63 104 126 132 133 140 141 
2 10 22 
11 16 18 37 43 51 57 86 95 103 127 145 
14 2 7 8 10 29 51 92 95 121 122 133 138 139 140 
4 39 46 73 99 
13 1 18 23 35 40 61 65 101 102 103 129 135 144 
11 2 6 15 23 30 43 77 96 126 129 139 
9 19 78 80 83 89 94 96 100 130 
11 37 39 59 61 64 76 104 115 116 120 135 
13 23 28 34 52 69 71 85 95 96 114 119 141 147 
15 27 31 34 35 40 60 82 93 94 98 105 114 117 121 130 
7 11 24 88 103 105 116 120 
12 0 11 24 25 28 30 35 74 79 81 82 90 
12 37 42 62 72 73 86 88 92 103 115 123 144 
8 19 31 47 96 114 117 121 139 
12 7 9 23 28 40 45 73 100 109 116 120 148 
11 12 18 22 56 63 66 67 73 84 109 135 
10 3 7 10 11 14 26 46 96 119 148 
11 13 49 60 62 66 77 90 104 127 146 149 
7 25 47 52 62 76 94 129 
10 9 12 44 64 70 75 86 103 106 112 
11 8 35 50 58 78 79 87 92 108 124 144 
9 30 46 47 48 79 84 87 142 147 
9 2 6 8 12 15 50 111 112 125 
10 13 27 44 48 58 75 89 113 116 140 
6 15 19 21 24 104 141 
10 28 36 40 48 58 76 78 83 90 106 
7 19 37 46 65 106 109 140 
11 13 15 26 58 70 78 91 101 144 145 149 
14 11 29 41 42 61 76 99 105 111 114 122 137 146 149 
7 21 46 62 102 141 146 149 
9 16 25 50 65 80 95 99 135 144 
7 21 60 64 75 98 109 147 
12 9 10 38 55 87 89 99 109 112 120 146 148 
12 11 35 44 71 75 82 94 106 109 130 133 149 
13 18 29 55 73 77 83 92 101 106 115 131 136 147 
5 16 56 78 79 128 
6 1 30 31 59 88 91 
11 5 16 30 40 83 88 111 119 127 134 137 
9 1 14 30 36 89 92 108 134 148 
12 8 19 41 43 54 67 73 82 124 135 136 139 
16 5 25 39 40 56 73 79 85 87 90 92 96 115 128 138 141 
12 4 5 6 52 58 74 90 105 121 123 139 145 
13 4 6 12 23 46 82 86 92 124 134 135 136 140 
