110 533
11 1 16 19 36 59 73 75 81 84 85 93 
7 0 27 41 50 54 55 58 
9 13 20 27 31 42 61 88 100 103 
10 26 38 43 62 75 77 80 107 108 109 
9 21 22 43 49 52 53 55 94 109 
8 27 28 41 58 66 70 71 92 
7 8 17 32 88 96 98 106 
11 11 16 20 23 48 49 75 83 85 97 109 
11 6 22 36 42 46 50 57 64 75 79 102 
7 15 36 51 53 78 104 108 
10 15 32 49 59 72 87 88 90 105 109 
9 7 46 57 64 73 81 82 88 107 
7 18 46 55 65 70 94 108 
5 2 40 51 73 75 
7 19 36 46 65 73 84 99 
13 9 10 17 26 28 43 50 54 57 64 79 90 95 
10 0 7 35 46 52 61 70 99 103 105 
9 6 15 24 33 46 78 93 98 105 
7 12 27 35 48 51 70 106 
6 0 14 24 53 79 85 
7 2 7 40 45 96 98 100 
14 4 26 38 39 41 42 45 62 77 78 83 101 106 109 
12 4 8 32 38 54 55 59 64 67 77 92 107 
4 7 26 35 98 
13 17 19 29 51 54 63 74 75 76 81 85 96 102 
5 39 47 56 105 107 
8 3 15 21 23 46 78 88 99 
12 1 2 5 18 40 57 61 67 72 76 97 105 
10 5 15 42 61 63 69 76 79 86 95 
7 24 39 61 75 77 87 107 
7 32 40 68 71 72 101 102 
13 2 37 53 56 60 70 71 73 83 96 98 101 102 
10 6 10 22 30 45 54 64 72 78 87 
4 17 45 47 71 
11 40 50 52 59 60 62 69 74 87 88 98 
14 16 18 23 40 42 43 45 52 55 56 67 77 79 91 
12 0 8 9 14 42 53 60 61 62 81 84 105 
11 31 48 50 56 58 69 73 82 85 103 109 
12 3 21 22 44 48 54 55 67 97 99 102 103 
13 21 25 29 60 63 68 73 76 84 90 97 102 108 
9 13 20 27 30 34 35 51 64 87 
15 1 5 21 49 53 56 57 66 67 72 78 79 85 88 107 
13 2 8 21 28 35 36 43 47 58 62 75 107 108 
10 3 4 15 35 42 69 71 72 91 98 
7 38 59 85 88 89 98 103 
12 20 21 32 33 35 47 49 65 97 100 107 108 
13 8 11 12 14 16 17 26 57 63 64 74 80 104 
7 25 33 42 45 51 65 86 
9 7 18 37 38 56 63 64 88 102 
7 4 7 10 41 45 66 68 
10 1 8 15 34 37 53 77 82 87 107 
10 9 13 18 24 40 47 70 80 92 102 
12 4 16 34 35 59 60 78 80 81 83 87 97 
16 4 9 19 31 36 41 50 54 59 60 70 76 78 79 84 86 
11 1 15 22 24 32 38 53 63 65 74 75 
10 1 4 12 22 35 38 77 89 95 100 
12 25 31 35 37 41 48 67 79 83 91 97 105 
9 8 11 15 27 41 46 65 67 81 
8 1 5 37 42 64 67 81 88 
11 0 10 22 34 44 52 53 60 82 93 103 
11 31 34 36 39 52 53 59 63 70 77 81 
9 2 16 27 28 29 36 65 82 84 
10 3 21 34 36 42 64 68 74 76 82 
11 24 28 39 46 48 54 60 68 80 81 106 
15 8 11 15 22 32 40 46 48 58 62 71 73 89 104 108 
9 12 14 45 47 54 57 61 77 95 
7 5 41 49 72 89 94 98 
12 22 27 35 38 41 56 57 58 70 85 97 104 
6 30 39 49 62 63 97 
9 28 34 37 43 74 76 78 85 103 
9 5 12 16 18 31 51 53 60 67 
9 5 30 31 33 43 64 72 94 108 
12 10 27 30 32 41 43 66 71 75 79 95 104 
10 0 11 13 14 31 37 39 64 90 105 
9 24 34 46 54 62 69 82 92 96 
12 0 3 7 8 13 24 29 42 54 72 79 84 
11 24 27 28 39 53 62 69 80 93 94 108 
13 3 21 22 29 35 50 55 60 65 79 87 88 105 
11 9 17 21 26 32 41 52 53 69 95 100 
16 8 15 19 28 35 41 53 56 72 75 77 85 86 91 99 106 
8 3 46 51 52 63 76 105 108 
11 0 11 24 36 52 57 58 60 63 89 98 
10 11 37 50 59 61 62 74 88 92 107 
7 7 21 31 52 56 85 101 
10 0 14 36 39 53 61 75 93 101 109 
12 0 7 19 24 37 41 44 67 69 79 83 90 
7 28 47 53 79 89 98 103 
10 10 29 32 34 40 50 52 77 90 97 
12 2 6 10 11 26 34 41 44 48 58 77 82 
7 44 55 64 66 81 86 101 
9 10 15 39 73 85 87 93 100 107 
7 35 43 56 79 95 96 104 
6 5 22 51 74 82 97 
9 0 17 59 76 84 90 98 99 102 
5 4 12 66 71 76 
8 15 28 55 65 72 78 91 97 
9 6 20 24 31 74 91 98 103 109 
14 7 27 38 39 45 52 56 67 68 87 92 95 102 107 
13 6 17 20 23 31 34 43 44 66 81 86 93 96 
6 14 16 26 38 79 93 
8 2 20 45 55 78 90 102 103 
6 21 30 31 83 84 89 
12 8 24 30 31 38 39 48 51 93 97 100 109 
10 2 16 37 38 44 59 69 86 96 100 
7 9 46 64 67 72 91 106 
11 10 16 17 25 27 36 56 73 77 80 106 
7 6 18 21 63 79 104 105 
12 3 11 22 25 29 41 42 45 50 82 90 97 
10 3 9 12 39 42 45 64 71 76 80 
9 3 4 7 10 21 37 84 96 102 
110 535
17 15 26 28 35 36 51 53 65 67 69 71 77 84 89 97 100 106 
12 5 6 13 25 32 45 54 67 81 85 91 101 
15 4 6 17 35 42 49 54 60 63 66 67 71 76 84 103 
7 7 14 44 62 77 89 109 
12 2 9 17 20 28 29 33 42 52 55 88 98 
8 1 17 26 39 84 99 105 109 
3 1 2 83 
10 3 8 16 21 23 32 41 43 95 99 
13 7 9 13 15 20 29 54 57 59 60 74 107 108 
13 4 8 12 14 22 29 40 43 44 55 78 79 80 
5 17 23 56 61 94 
15 12 14 25 26 31 37 49 56 64 67 71 76 78 88 105 
12 9 11 14 18 19 31 36 37 39 57 61 79 
10 1 8 16 24 41 64 67 80 99 104 
13 3 9 11 12 30 32 41 64 65 70 73 79 99 
7 0 8 38 81 84 108 109 
16 7 13 19 22 30 62 64 67 73 79 91 95 98 102 104 108 
10 2 4 5 10 53 55 72 73 77 101 
7 12 79 84 94 103 106 109 
6 12 16 39 43 68 84 
7 4 8 26 45 46 64 82 
8 7 24 39 59 66 86 87 93 
7 9 16 43 47 54 76 91 
8 7 10 24 33 36 39 60 84 
11 13 21 23 46 68 73 81 82 96 99 102 
9 1 11 50 51 54 74 75 87 109 
10 0 5 11 20 28 45 54 57 62 71 
9 46 66 80 85 89 91 92 98 100 
14 0 4 26 39 42 44 48 49 53 63 66 74 91 94 
10 4 8 9 33 48 49 50 91 92 104 
15 14 16 35 44 45 47 68 69 72 75 78 86 96 99 107 
9 11 12 40 45 48 61 62 64 81 
7 1 7 14 41 46 48 90 
13 4 23 29 34 36 53 57 61 89 94 98 101 107 
7 33 46 56 64 96 98 101 
10 0 2 30 64 81 82 94 104 105 107 
10 0 12 23 33 50 75 86 89 102 107 
6 11 12 69 75 81 102 
7 15 43 73 82 91 99 100 
17 5 12 19 21 23 28 48 49 52 53 58 66 67 73 92 95 98 
8 9 31 51 61 66 78 84 91 
11 7 13 14 32 55 59 69 98 100 105 108 
14 2 4 28 57 58 61 74 76 82 97 98 101 106 108 
12 7 9 19 22 38 58 64 65 72 76 77 95 
9 3 9 28 30 51 53 56 79 99 
9 1 20 26 30 31 86 94 99 101 
10 20 24 27 32 34 84 88 95 100 102 
11 22 30 66 69 71 73 90 95 99 102 104 
12 28 29 31 32 39 56 70 73 84 101 104 106 
11 2 11 28 29 39 53 64 65 90 93 96 
7 25 29 36 64 67 71 104 
10 0 25 40 44 58 59 70 73 74 78 
5 4 39 59 96 105 
12 0 17 28 33 39 44 49 56 64 65 78 106 
10 1 2 8 22 25 26 56 93 100 105 
7 4 9 17 41 62 75 90 
11 10 11 34 44 48 53 54 64 66 93 99 
10 8 12 26 33 42 64 79 80 89 97 
7 39 42 43 51 83 86 90 
7 8 21 41 51 52 86 91 
5 2 8 23 62 74 
8 10 12 31 33 40 42 89 101 
10 3 16 26 31 55 60 75 79 91 96 
5 2 28 102 106 108 
17 11 13 14 16 20 31 34 35 43 49 50 53 56 57 79 88 101 
9 0 14 43 49 53 79 80 96 100 
10 2 21 27 28 39 40 47 56 79 105 
11 0 1 2 11 13 16 39 50 68 75 96 
12 19 24 30 67 74 78 83 85 87 93 104 108 
13 0 30 37 41 47 73 74 76 79 83 100 103 109 
7 14 48 51 77 78 100 104 
14 0 2 11 26 47 50 73 75 76 82 92 94 98 109 
5 17 30 43 78 84 
12 14 16 17 24 38 39 47 48 51 69 71 77 
10 8 25 28 42 51 60 68 69 104 109 
12 25 30 36 37 55 62 67 71 86 100 106 108 
9 2 11 22 42 43 69 71 81 84 
9 0 3 17 43 70 73 81 83 109 
12 9 11 30 40 51 53 68 70 72 81 93 106 
15 9 12 14 16 18 44 57 62 64 65 66 69 80 96 104 
8 9 13 27 57 65 79 104 107 
10 1 15 24 31 35 37 76 77 78 96 
8 20 24 35 38 42 71 101 104 
7 6 58 68 69 77 99 109 
12 0 2 5 15 18 19 23 40 46 48 72 76 
4 1 27 68 107 
8 21 30 36 45 58 59 75 91 
5 21 25 68 89 105 
7 4 11 46 64 95 98 108 
8 0 3 27 33 36 57 61 87 
8 32 47 49 55 58 91 101 103 
12 1 16 22 27 28 29 38 40 59 62 86 90 
6 27 29 39 71 103 109 
6 21 49 54 56 68 78 
7 10 18 28 33 35 45 71 
7 7 16 39 43 46 47 88 
12 24 30 34 49 52 62 65 67 79 81 106 107 
4 0 42 57 108 
10 4 16 27 33 34 39 41 42 71 88 
14 5 7 13 14 24 30 38 44 45 47 56 83 100 101 
13 0 27 38 41 46 54 65 69 70 75 99 101 107 
13 1 17 33 34 42 45 48 61 64 82 90 99 100 
7 16 24 36 37 46 47 63 
7 2 18 69 90 92 107 109 
14 13 16 29 35 47 48 50 68 70 74 79 80 82 105 
9 5 11 35 41 52 54 66 87 104 
9 0 18 42 48 53 63 75 78 96 
10 8 30 33 35 36 80 85 96 100 103 
10 8 15 16 41 42 63 68 75 88 97 
12 3 5 15 18 25 69 71 74 77 83 92 103 
