200 963
14 1 16 19 36 73 75 84 85 93 135 149 158 163 166 
9 0 30 37 44 59 78 120 161 198 
7 33 34 52 74 84 86 163 
9 9 50 59 130 140 148 155 167 193 
6 32 34 46 92 125 129 
7 34 64 70 114 127 142 143 
6 24 33 41 48 122 151 
4 12 155 167 176 
6 87 104 151 157 168 177 
8 3 32 59 80 93 96 159 188 
7 80 133 135 149 161 168 185 
10 12 41 54 60 76 77 89 114 129 143 
10 7 11 19 82 91 102 129 146 195 197 
5 33 75 126 130 174 
9 34 44 51 60 84 120 132 156 164 
12 41 42 55 71 74 78 88 91 101 120 167 182 
15 0 35 59 103 113 115 125 132 137 151 161 180 189 192 193 
11 22 32 34 89 90 109 148 158 169 173 185 
12 22 28 34 57 87 92 93 120 128 136 162 193 
14 0 12 66 70 73 83 84 95 96 102 124 127 146 191 
9 40 42 69 121 124 125 134 147 165 
5 42 59 89 98 164 
6 17 18 57 59 132 188 
14 24 34 49 70 72 76 86 105 115 123 124 129 163 175 
7 6 23 56 74 79 111 151 
6 28 42 123 130 141 173 
11 46 50 58 64 108 109 134 144 146 177 194 
8 40 77 86 100 115 134 185 187 
9 18 25 111 125 129 133 158 180 195 
9 47 51 68 73 102 130 159 180 185 
9 1 37 45 52 80 92 101 118 122 
10 49 63 72 79 135 142 155 156 174 192 
10 4 9 17 77 82 87 113 134 181 183 
10 2 6 13 40 54 58 66 102 122 182 
18 2 4 5 14 17 18 23 56 74 81 93 102 105 106 110 115 123 189 
7 16 58 70 128 138 141 184 
5 0 44 66 132 136 
10 1 30 78 86 91 93 102 111 169 180 
10 39 84 117 122 124 132 139 154 165 189 
9 38 105 110 159 161 173 178 184 196 
14 20 27 33 44 52 55 59 64 93 99 122 142 146 197 
11 6 11 15 47 90 122 127 159 182 183 197 
9 15 20 21 25 136 139 164 167 178 
10 54 59 65 71 83 94 96 100 137 139 
10 1 14 36 40 99 104 129 149 153 178 
7 30 71 91 109 157 172 192 
7 4 26 110 114 121 186 192 
9 29 41 61 132 154 159 182 185 188 
9 6 69 73 94 106 128 130 156 173 
12 23 31 100 114 125 134 154 163 164 168 181 189 
13 3 26 57 79 94 137 150 160 169 170 172 193 197 
8 14 29 52 55 73 103 117 136 
10 2 30 40 51 114 122 155 159 162 168 
4 91 168 169 171 
10 11 33 43 67 81 94 99 133 145 166 
12 15 40 51 64 73 82 109 114 134 156 191 196 
7 24 34 78 110 114 163 196 
14 18 22 50 62 77 86 88 110 118 122 123 141 164 167 
8 26 33 35 69 135 181 185 192 
16 1 3 9 16 21 22 40 43 85 90 109 114 123 153 164 193 
6 11 14 65 94 127 191 
6 47 96 133 149 158 199 
6 57 104 140 155 182 184 
8 31 75 81 98 123 131 171 175 
5 5 26 40 55 86 
8 43 60 85 106 158 164 180 189 
5 19 33 36 69 108 
13 54 80 84 89 99 110 119 120 129 149 155 185 198 
5 29 74 86 90 142 
11 20 48 58 66 90 110 112 150 152 178 181 
9 5 19 23 35 97 105 137 154 189 
8 15 43 45 82 92 139 146 166 
5 23 31 79 101 113 
12 0 19 29 48 51 55 83 84 120 126 147 150 
13 2 15 24 34 68 101 102 114 131 133 139 145 193 
11 0 13 63 77 102 121 122 129 134 162 165 
6 11 23 81 88 101 115 
9 11 27 32 57 75 138 140 157 164 
10 1 15 37 56 90 108 151 156 188 195 
12 24 31 50 72 90 113 117 142 156 158 172 188 
10 9 10 30 67 110 123 128 185 186 191 
13 34 54 63 76 85 90 101 122 130 137 147 175 185 
13 12 32 55 71 92 96 99 132 139 164 181 183 191 
6 19 43 73 88 124 173 
11 0 2 14 19 38 67 73 90 133 155 177 
14 0 59 65 81 116 133 142 159 161 164 184 185 188 190 
15 2 23 27 37 57 64 68 93 117 130 151 158 187 192 194 
6 8 18 32 110 115 162 
11 15 57 76 83 140 170 172 186 191 194 198 
12 11 17 21 67 102 121 132 141 147 148 162 169 
12 17 41 59 68 69 78 79 81 84 121 132 134 
6 12 15 37 45 53 121 
10 4 18 30 71 82 105 119 129 145 181 
11 0 9 18 34 37 40 86 110 149 171 186 
8 43 48 50 54 60 181 196 197 
8 19 96 102 130 133 149 181 188 
12 9 19 43 61 82 95 120 121 156 173 192 194 
5 70 98 101 150 162 
6 21 63 97 147 170 181 
10 40 44 54 67 82 113 117 175 185 199 
9 27 43 49 139 141 157 162 176 178 
14 15 30 72 74 76 81 97 108 111 114 125 143 168 180 
13 12 19 29 33 34 37 74 75 89 95 125 151 157 
11 16 51 123 132 133 141 143 157 167 184 193 
8 8 44 62 117 120 133 154 167 
12 23 34 39 70 92 111 130 165 183 187 189 190 
8 34 48 65 148 152 178 185 195 
0 
9 26 66 78 101 109 132 144 155 196 
11 17 26 45 55 59 108 145 175 180 182 191 
20 34 39 46 56 57 67 69 80 87 93 115 129 138 143 146 151 179 180 182 194 
9 24 28 37 101 105 132 150 178 184 
5 69 139 158 178 191 
8 16 32 72 79 99 116 146 189 
15 5 11 46 49 52 55 56 59 74 101 124 125 174 185 189 
10 16 23 27 34 76 87 110 138 151 161 
11 85 113 128 133 149 161 164 171 181 191 193 
9 38 51 79 86 99 104 148 178 189 
3 30 57 188 
7 67 92 124 150 151 164 192 
12 1 14 15 18 67 73 96 104 124 128 162 184 
15 20 46 75 89 90 91 96 122 131 135 144 169 173 183 195 
13 6 30 33 38 40 41 52 57 75 81 121 138 191 
12 23 25 34 57 59 63 80 103 145 156 170 186 
16 19 20 23 38 83 114 119 120 132 145 150 155 158 171 178 187 
13 4 16 20 28 49 101 102 114 138 147 151 175 178 
6 13 73 144 159 161 176 
9 5 19 41 60 134 136 178 186 197 
8 18 35 48 80 116 120 134 199 
12 4 11 12 23 28 44 67 75 92 110 191 193 
13 3 13 25 29 48 81 86 95 105 132 156 190 195 
6 63 74 121 134 190 195 
17 14 16 22 36 38 47 82 89 90 103 108 111 124 130 158 170 180 
12 10 28 54 61 74 84 85 95 103 104 116 142 
12 20 26 27 32 49 55 75 90 127 128 131 178 
6 0 10 31 58 121 197 
10 18 36 42 51 127 140 145 165 166 188 
9 16 43 50 70 81 159 194 195 199 
9 35 77 110 115 122 125 174 194 199 
10 38 42 43 71 74 82 100 112 179 192 
9 3 62 77 88 136 184 193 194 197 
10 25 35 57 89 100 103 147 188 190 192 
15 5 31 40 68 79 85 133 149 156 157 182 186 193 194 195 
9 5 11 101 103 110 149 178 186 190 
7 26 108 121 126 163 171 193 
11 54 74 92 109 123 124 136 153 186 191 193 
11 12 19 26 40 71 110 113 155 161 164 185 
9 20 73 81 89 98 125 141 182 185 
9 3 17 89 106 117 158 159 170 195 
14 0 10 44 61 67 93 95 116 142 143 157 173 176 192 
8 50 69 73 97 111 119 124 185 
13 6 8 16 24 78 86 102 110 115 119 125 172 196 
4 69 106 181 187 
6 44 59 145 160 182 186 
5 38 47 49 70 104 
12 3 7 31 52 62 67 84 108 124 146 165 167 
12 14 31 48 55 78 79 96 123 130 142 158 184 
10 8 45 77 100 102 103 142 149 162 186 
12 0 17 28 61 65 79 86 112 124 132 148 156 
10 9 29 39 41 47 52 85 126 137 148 
4 50 153 161 196 
10 1 10 16 39 85 115 116 126 146 160 
10 18 52 75 87 89 97 100 120 157 167 
8 0 2 23 49 56 144 175 183 
14 14 21 42 49 57 59 65 77 82 85 116 119 146 194 
8 20 38 75 105 136 155 173 198 
6 0 54 71 136 180 189 
10 3 7 15 42 57 103 104 155 162 189 
6 8 10 49 52 53 101 
7 17 37 50 53 89 121 176 
9 50 88 98 123 132 148 175 177 197 
8 53 63 93 116 124 144 174 175 
7 45 50 79 88 151 176 194 
10 17 25 39 48 83 96 121 149 165 198 
6 13 31 114 138 171 189 
10 23 63 81 99 109 125 163 170 171 178 
10 7 100 126 149 169 172 178 182 190 192 
5 8 26 84 170 197 
19 39 42 44 69 100 106 111 112 117 124 125 127 134 143 175 176 186 187 196 
5 110 139 187 194 197 
10 16 28 29 37 65 101 109 110 132 166 
12 32 49 58 69 82 92 94 95 98 116 152 184 
12 15 33 41 47 62 109 110 142 147 153 176 192 
7 32 41 82 105 121 163 188 
11 35 39 62 85 103 111 120 140 156 181 190 
16 10 17 27 29 47 58 67 80 81 85 99 106 114 146 147 150 
12 46 80 88 93 123 127 142 143 145 153 157 178 
8 27 86 105 124 152 178 179 194 
11 9 22 47 78 79 85 95 118 136 141 183 
13 16 34 38 49 65 70 105 113 114 117 166 167 174 
9 85 105 130 131 141 143 176 184 193 
14 19 55 60 80 82 88 109 112 116 122 129 145 196 197 
13 16 31 45 46 58 86 96 119 139 141 149 176 182 
14 3 16 18 50 59 74 103 116 129 140 142 144 145 190 
13 26 86 88 96 110 137 138 140 142 164 172 179 187 
10 12 28 78 106 121 130 131 137 142 148 
9 39 55 56 94 108 151 160 178 191 
12 12 40 41 50 94 127 135 140 170 177 179 191 
5 1 67 88 165 173 
5 61 99 128 137 138 
200 1043
9 4 13 14 28 33 68 92 141 184 
13 8 10 32 38 41 44 56 71 90 99 102 110 145 
12 5 37 46 72 102 117 142 143 154 162 193 195 
9 30 53 79 85 123 146 147 162 191 
14 0 5 28 38 46 66 91 143 146 155 170 182 192 193 
12 2 4 27 55 56 58 66 147 151 162 184 197 
8 38 40 42 65 73 134 158 183 
13 12 18 27 52 60 70 77 106 125 138 159 173 174 
9 1 86 87 98 103 105 171 177 186 
9 15 55 76 80 113 135 141 144 179 
6 1 54 81 99 136 150 
6 24 27 91 110 147 166 
19 7 30 31 37 46 49 54 59 62 69 83 92 94 104 133 167 182 193 198 
8 0 47 57 66 94 139 146 178 
13 0 16 23 53 54 65 91 119 137 143 162 175 183 
13 9 34 41 45 58 75 88 116 120 143 149 190 191 
14 14 62 64 75 80 88 99 110 114 118 127 163 175 195 
7 22 51 87 124 126 167 192 
9 7 40 78 96 102 117 147 173 185 
5 98 137 144 169 182 
9 31 120 122 140 151 159 167 175 191 
6 64 83 84 125 135 168 
12 17 59 80 106 110 122 134 137 156 171 172 173 
8 14 25 28 81 125 131 135 179 
10 11 37 73 83 93 164 178 179 186 190 
12 23 40 50 89 98 109 111 131 146 176 178 183 
3 30 66 184 
11 5 7 11 48 56 93 96 106 130 175 190 
11 0 4 23 66 92 115 149 163 184 191 199 
8 31 49 52 115 119 133 143 197 
6 3 12 26 90 108 167 
12 12 20 29 71 82 90 104 141 148 157 159 166 
8 1 44 59 68 80 93 121 128 
14 0 36 45 60 79 91 99 106 117 136 144 166 176 198 
5 15 36 94 111 191 
9 36 42 91 92 120 128 135 151 174 
16 33 34 35 53 74 80 89 91 111 116 130 145 146 148 155 156 
9 2 12 24 53 99 123 125 182 196 
8 1 4 6 79 82 115 128 137 
9 53 87 89 135 180 181 186 190 199 
13 6 18 25 81 83 85 96 122 137 152 175 184 190 
12 1 15 62 75 76 102 112 126 148 165 174 195 
10 6 35 101 111 117 153 162 169 177 183 
8 54 82 138 139 150 167 176 183 
9 1 32 45 59 110 155 164 173 197 
14 15 33 44 59 61 72 81 86 127 153 159 160 168 192 
14 2 4 12 63 71 107 131 140 147 155 160 167 172 190 
10 13 54 66 69 111 129 139 140 182 184 
11 27 55 113 128 140 163 169 178 179 193 199 
10 12 29 56 82 94 141 150 159 177 179 
14 25 84 93 97 111 113 117 126 143 150 164 182 191 194 
10 17 59 105 121 124 128 129 130 175 180 
9 7 29 55 78 94 113 119 140 151 
10 3 14 36 37 39 69 73 74 85 155 
12 10 12 14 43 47 65 88 94 96 139 144 170 
13 5 9 48 52 65 97 112 153 159 162 167 175 192 
10 1 5 27 49 78 81 113 127 163 192 
9 13 68 70 74 97 102 126 143 149 
11 5 15 74 75 78 108 129 134 165 184 188 
12 12 22 32 44 45 51 95 109 152 160 172 178 
10 7 33 65 82 101 108 123 163 191 194 
11 45 86 96 120 133 138 147 154 176 178 199 
10 12 16 41 67 70 83 90 121 139 198 
7 46 66 141 142 148 174 184 
10 16 21 81 85 118 156 176 177 178 193 
10 6 14 54 55 60 93 98 110 146 148 
12 4 5 13 26 28 47 63 76 99 103 132 163 
12 62 78 85 115 120 122 129 130 149 160 162 194 
9 0 32 57 75 82 98 108 120 122 
10 12 47 53 78 87 126 141 174 190 196 
9 7 57 62 87 99 132 154 157 175 
8 1 31 46 74 82 104 117 131 
12 2 45 76 84 88 122 126 132 153 169 190 197 
8 6 24 53 74 75 158 191 197 
13 36 53 57 58 71 73 79 84 124 132 136 140 147 
12 15 16 41 58 68 73 83 140 147 156 178 183 
11 9 41 66 72 82 93 105 142 152 184 190 
7 7 104 161 163 168 186 194 
10 18 52 56 58 67 69 88 105 126 151 
8 3 33 38 74 90 154 167 193 
14 9 16 22 32 36 85 115 121 133 154 167 176 183 191 
10 10 23 40 45 56 64 88 131 141 151 
17 31 38 43 49 60 68 71 76 86 91 100 105 112 118 157 184 195 
10 12 21 24 40 62 75 93 116 178 195 
11 21 50 72 74 88 132 138 143 169 175 186 
17 3 40 53 64 67 80 93 94 102 120 122 131 162 187 190 193 194 
8 8 45 61 82 96 155 166 198 
11 8 17 39 69 70 88 92 107 150 164 189 
13 15 16 54 72 78 81 84 87 105 110 115 173 195 
8 25 36 39 92 101 122 139 162 
13 1 30 31 62 79 104 121 130 138 139 140 148 165 
11 4 11 14 33 35 36 82 164 169 188 195 
10 0 12 28 35 87 89 117 155 160 182 
15 24 27 32 50 65 76 83 85 96 113 130 134 139 165 178 
12 12 13 34 49 52 54 85 112 136 138 175 199 
5 59 97 115 137 181 
13 18 27 40 54 61 86 93 103 114 154 161 188 199 
9 50 55 57 95 106 114 136 160 179 
7 8 19 25 65 68 128 134 
9 1 10 16 33 37 66 70 143 155 
6 82 151 152 156 179 182 
8 42 60 89 104 117 137 189 196 
8 1 2 18 41 57 85 106 159 
10 8 66 96 108 125 141 142 156 182 192 
11 12 31 71 77 90 101 116 129 149 164 167 
12 8 51 76 78 82 88 120 130 140 190 196 198 
12 7 22 27 33 97 102 115 116 153 154 165 168 
3 46 87 196 
13 30 58 60 68 103 113 126 128 148 156 159 191 197 
8 25 59 112 123 127 156 184 193 
9 1 11 16 22 44 65 88 120 162 
10 25 34 36 42 47 50 140 173 176 195 
8 41 55 82 94 109 125 132 176 
15 9 48 50 52 56 93 108 123 130 138 141 157 170 185 192 
7 16 96 97 156 161 169 186 
12 28 29 38 67 80 88 95 106 127 185 188 198 
13 15 36 83 104 106 119 121 131 147 150 155 164 171 
11 2 18 33 42 50 71 92 101 135 175 199 
7 16 64 82 121 128 158 190 
11 14 29 52 116 149 170 176 184 190 191 195 
16 15 20 35 61 67 68 85 105 110 139 140 142 176 179 194 197 
9 32 51 62 80 90 116 118 154 168 
10 20 22 40 67 68 72 85 89 176 191 
10 3 37 60 109 113 126 129 132 181 192 
7 17 51 74 139 146 163 195 
16 7 21 23 37 103 112 131 137 146 157 158 168 169 182 191 197 
16 17 41 50 57 69 72 78 108 123 127 128 131 138 145 177 184 
10 16 45 56 109 115 126 134 138 171 185 
15 32 35 38 48 51 98 108 118 126 136 166 167 171 176 187 
10 47 51 58 67 104 123 144 152 156 157 
10 27 36 51 67 90 93 105 113 174 192 
11 23 25 46 71 81 85 116 125 126 144 196 
8 66 70 72 74 84 112 123 198 
8 12 29 61 80 159 175 187 192 
9 6 22 58 93 98 127 148 179 190 
8 9 21 23 35 39 117 138 193 
11 10 33 74 94 97 128 144 146 168 178 199 
9 14 19 22 38 40 95 101 125 154 
12 7 43 61 84 90 94 113 126 127 135 141 152 
13 13 43 47 54 62 89 90 93 120 124 165 181 189 
12 20 46 47 48 52 74 75 90 105 111 120 176 
15 0 9 31 49 63 69 81 103 113 138 143 160 172 179 195 
7 2 63 76 103 120 178 179 
14 2 4 14 15 29 50 57 84 99 141 163 173 177 178 
9 9 19 33 54 129 131 136 148 195 
7 1 36 126 149 155 161 171 
13 3 4 13 25 36 65 124 125 136 154 158 177 184 
10 3 5 11 18 46 61 74 75 116 165 
11 31 36 41 63 65 90 108 134 144 177 199 
8 15 28 57 67 104 119 145 184 
9 10 43 49 50 87 116 151 163 180 
12 5 20 35 52 78 81 100 150 179 180 190 197 
9 40 59 76 100 129 138 173 183 189 
7 42 45 55 72 106 163 196 
16 2 61 70 79 80 96 106 121 137 146 168 169 174 187 192 195 
12 4 36 44 46 53 86 92 99 116 145 178 190 
11 22 36 64 75 100 103 108 109 114 129 192 
7 31 70 82 113 125 129 167 
7 6 73 118 125 146 160 168 
12 7 20 31 45 49 55 102 108 133 162 163 182 
14 45 46 59 67 92 97 141 158 162 171 174 175 177 190 
4 77 96 114 145 
14 2 3 5 14 42 55 67 85 89 110 159 160 168 195 
14 16 28 48 56 60 66 77 124 143 150 153 159 164 189 
10 24 44 50 87 91 104 116 163 174 193 
9 41 58 90 93 106 139 147 169 177 
6 11 31 33 86 128 173 
13 12 17 20 30 43 46 55 79 80 104 128 157 197 
11 21 45 77 106 121 125 136 154 158 162 183 
12 19 42 48 72 84 91 114 125 154 165 178 187 
6 4 54 113 119 173 193 
10 8 22 116 127 128 145 160 174 189 198 
5 22 46 59 141 174 
13 7 18 22 44 88 111 143 152 166 170 189 191 193 
14 7 35 41 63 69 130 154 160 164 171 172 176 180 193 
13 14 16 20 27 40 51 55 70 84 94 117 133 160 
16 25 33 43 61 64 80 111 112 119 120 122 128 140 174 185 193 
14 8 42 49 64 126 143 146 148 160 165 180 188 192 197 
18 13 24 25 48 59 61 64 75 83 93 136 142 143 155 169 180 182 192 
12 9 23 24 48 49 97 100 120 134 141 142 151 
8 39 51 150 151 174 177 178 189 
4 39 95 123 139 
13 4 12 19 37 47 50 92 100 103 125 159 178 189 
9 6 14 25 42 43 75 80 152 168 
16 0 5 26 28 40 47 58 63 76 82 109 119 126 146 149 187 
5 18 113 115 127 176 
7 8 24 39 77 84 114 189 
6 85 128 133 154 169 184 
5 58 91 96 115 177 
10 87 101 139 152 163 171 173 180 182 186 
17 15 24 27 39 40 46 69 72 76 85 105 118 119 134 151 155 160 
15 3 15 20 28 34 50 60 73 80 108 119 122 125 173 196 
14 4 17 45 55 56 103 113 123 130 133 154 156 177 178 
14 2 4 12 48 64 79 85 109 135 164 170 173 174 176 
6 50 60 67 77 85 120 
15 2 16 41 82 83 88 91 111 119 124 141 144 154 162 196 
9 37 69 101 105 107 131 153 191 195 
11 5 29 44 72 73 108 120 125 151 167 177 
8 12 33 62 86 105 115 132 171 
9 28 39 48 61 94 96 117 136 148 
