270 1365
14 16 19 36 73 75 84 85 93 135 149 163 228 235 242 
8 50 128 160 161 179 201 211 213 
8 23 106 186 196 204 211 223 249 
7 19 31 77 110 114 213 243 
9 28 41 56 57 131 140 148 229 258 
3 47 202 211 
10 50 114 120 131 140 185 212 233 246 249 
5 50 79 160 215 265 
9 19 48 83 84 96 121 136 150 213 
8 16 25 36 63 129 153 195 246 
8 35 80 106 130 166 178 202 210 
14 13 14 27 43 46 50 60 63 73 92 139 154 190 214 
18 13 30 35 49 59 78 87 90 112 114 169 170 189 228 238 249 253 265 
15 11 12 27 33 62 92 97 133 141 167 198 251 255 258 269 
12 11 26 32 54 76 149 151 178 230 233 234 256 
8 20 75 92 122 131 197 267 269 
14 0 9 89 145 157 167 182 203 205 209 219 248 257 262 
5 44 56 130 167 258 
9 109 120 152 198 202 210 216 260 261 
9 0 3 8 46 48 79 160 189 259 
11 15 107 121 125 129 154 176 191 217 234 239 
11 48 98 103 124 132 139 167 179 188 205 209 
11 57 80 87 143 150 163 164 200 252 257 262 
10 2 42 63 110 112 149 153 161 197 217 
11 71 89 108 117 121 125 130 138 204 237 249 
4 9 63 76 142 
6 14 110 128 186 217 262 
12 11 13 53 58 60 75 90 101 201 255 257 269 
11 4 33 69 73 78 107 113 160 211 219 262 
7 59 91 114 129 225 228 253 
13 12 60 65 71 77 89 100 102 106 143 145 260 265 
9 3 52 76 101 148 168 186 234 269 
6 14 103 107 179 185 206 
12 13 28 41 63 68 91 97 133 154 166 188 233 
11 75 89 109 129 138 156 164 181 203 218 261 
12 10 12 50 59 62 83 87 90 93 111 155 174 
5 0 9 107 120 189 
10 78 105 110 144 156 177 219 237 264 269 
5 80 115 145 230 263 
7 41 56 97 102 120 189 255 
12 72 76 83 116 121 140 145 154 184 195 235 264 
8 4 33 39 69 133 213 229 238 
12 23 52 94 130 145 172 174 201 207 224 249 257 
5 11 71 75 121 254 
5 17 50 108 133 146 
12 65 69 74 84 95 104 105 114 134 170 190 258 
9 11 19 113 133 135 173 175 201 249 
9 5 67 84 119 150 197 204 224 264 
10 8 19 21 65 77 174 210 216 237 240 
9 12 97 126 128 188 196 221 241 253 
11 1 6 7 11 35 44 62 65 104 111 124 
8 84 138 156 199 204 236 243 258 
15 31 42 64 68 93 107 109 123 139 180 193 198 255 256 261 
11 27 57 62 73 94 147 157 181 185 221 228 
8 14 55 57 65 78 163 195 260 
13 54 68 121 138 147 166 169 189 193 195 211 235 269 
8 4 17 39 92 97 127 179 268 
15 4 22 53 54 86 102 110 128 147 167 174 188 256 267 269 
4 27 153 258 268 
9 12 29 35 74 110 145 184 206 221 
13 11 27 30 127 128 131 137 165 168 184 223 258 259 
5 103 122 130 133 194 
9 13 35 50 53 96 107 143 201 225 
17 9 11 23 25 33 76 81 95 97 125 128 131 142 160 185 197 239 
14 52 66 128 137 148 162 172 189 198 217 220 233 254 267 
15 30 45 48 50 54 101 120 155 173 179 180 231 235 261 268 
6 64 75 172 207 218 259 
14 47 126 131 133 142 155 169 178 183 186 219 220 234 260 
9 33 52 55 105 111 153 172 192 205 
10 28 41 45 109 159 170 174 207 220 230 
8 81 86 114 117 124 183 213 224 
10 24 30 43 106 148 190 201 205 239 261 
10 40 80 93 102 127 131 153 173 226 256 
11 0 11 28 53 145 148 161 177 202 215 239 
8 45 59 101 118 148 150 192 200 
10 0 15 27 34 43 66 90 162 220 225 
10 14 25 31 40 63 95 100 130 142 152 
9 3 30 48 89 172 183 203 204 226 
12 12 28 37 54 103 104 108 144 164 169 209 222 
17 7 19 83 92 96 145 147 163 170 171 196 200 207 208 209 248 260 
13 10 22 38 72 99 107 129 143 176 181 183 198 228 
10 63 70 89 92 116 128 153 165 181 184 
8 90 146 152 171 193 197 265 267 
7 8 35 40 79 115 141 185 
9 0 8 45 47 51 95 130 176 220 
8 0 128 143 152 184 232 260 262 
9 57 70 104 151 181 197 210 233 237 
14 12 22 35 92 102 103 112 123 130 133 157 182 194 254 
8 102 113 114 148 157 172 177 236 
19 16 24 30 34 77 81 105 148 170 172 194 200 203 206 218 233 252 261 264 
9 12 27 35 75 82 93 185 226 252 
10 29 33 104 119 144 145 195 197 228 251 
13 11 13 15 56 79 81 87 100 106 167 212 254 262 
12 0 35 52 72 90 106 131 186 195 222 232 261 
10 42 53 114 115 125 206 210 221 243 256 
11 45 63 76 84 116 118 120 143 151 212 236 
10 8 62 79 109 149 157 167 222 235 256 
11 13 33 39 49 56 63 98 202 203 214 221 
8 21 97 116 122 150 211 215 248 
6 80 100 106 109 208 253 
7 30 76 92 99 121 135 200 
15 27 31 65 74 115 152 171 223 229 238 241 246 251 254 261 
14 30 39 57 72 87 88 129 158 192 207 218 223 258 268 
12 21 32 61 78 87 111 139 184 191 223 246 253 
13 45 50 78 86 91 118 119 130 184 202 208 240 248 
9 37 45 68 89 126 143 173 228 234 
16 2 10 30 71 92 93 99 113 167 169 180 193 204 215 219 268 
11 20 28 32 36 52 62 80 118 147 212 251 
7 24 44 78 131 156 223 262 
7 18 34 52 69 96 99 158 
9 3 23 26 37 57 59 143 150 175 
11 35 50 68 103 149 167 178 186 202 218 269 
6 12 23 87 131 132 183 
10 28 46 88 106 179 191 203 225 241 242 
13 3 6 12 29 45 70 88 94 115 118 215 221 225 
6 38 83 94 101 114 184 
11 40 81 95 98 122 137 172 221 230 241 263 
8 24 70 126 156 158 163 183 219 
8 74 95 104 107 114 222 230 267 
9 47 91 104 120 130 154 199 214 261 
16 6 18 36 39 65 95 119 138 161 195 230 237 245 247 265 268 
12 8 20 24 40 43 55 100 183 187 201 211 265 
6 15 61 98 116 180 198 
7 52 87 194 216 253 260 269 
11 21 50 70 126 133 178 202 214 227 255 262 
11 20 24 63 94 192 201 216 235 247 255 262 
9 49 67 105 117 124 130 189 211 214 
8 56 60 72 130 147 227 236 242 
14 1 26 49 57 60 63 64 81 85 150 151 187 210 233 
17 9 20 29 34 80 102 135 156 162 171 193 198 212 228 230 237 238 
15 10 17 24 42 61 76 84 87 104 119 126 127 158 228 230 
16 4 6 15 60 63 67 72 93 108 112 149 163 210 243 256 265 
4 21 112 204 240 
13 13 33 41 44 46 61 67 87 124 196 214 255 257 
6 45 161 176 191 214 223 
11 0 46 100 129 138 139 165 175 189 228 237 
5 8 188 198 204 264 
7 60 64 116 138 165 193 249 
10 24 34 51 55 120 135 137 147 194 245 
13 11 21 52 103 135 160 169 178 218 220 231 240 245 
7 4 6 40 157 183 189 246 
12 13 83 162 186 195 202 210 215 222 227 245 261 
12 25 63 67 76 146 149 191 209 219 220 262 264 
12 22 30 62 80 85 95 105 110 160 218 245 268 
9 37 78 91 158 159 179 186 212 224 
18 16 30 38 40 42 59 73 79 91 147 156 165 183 239 248 252 266 268 
9 44 82 142 149 175 182 223 226 239 
17 53 55 57 79 107 127 138 145 163 179 182 186 187 188 233 238 260 
13 4 31 64 71 73 74 88 89 162 178 197 203 224 
11 0 14 23 96 111 131 142 146 183 184 265 
9 8 22 47 74 98 110 128 230 232 
6 14 86 95 128 162 188 
13 18 76 82 85 101 157 198 204 207 212 220 237 269 
9 9 23 58 68 72 81 185 199 264 
11 11 20 33 40 119 167 173 196 225 242 248 
7 35 65 67 200 204 234 260 
11 34 37 51 108 117 129 145 178 201 248 262 
11 16 53 87 88 96 140 152 193 201 245 262 
10 102 109 117 130 144 170 177 192 232 260 
7 69 144 183 193 217 230 251 
14 1 7 19 28 63 139 143 164 166 187 192 195 246 264 
6 1 23 73 120 134 219 
10 64 75 129 141 148 151 187 188 230 262 
11 0 22 54 79 117 131 147 231 251 253 268 
7 22 34 78 160 197 202 214 
7 60 81 135 137 145 209 232 
6 10 33 55 160 193 240 
19 13 16 17 21 57 92 96 106 111 154 175 180 182 189 209 220 222 254 266 
5 31 60 188 210 212 
9 12 55 67 78 106 139 207 246 261 
9 12 45 69 79 89 158 211 237 249 
9 79 82 101 129 184 209 227 254 262 
11 42 64 66 68 77 88 89 116 187 200 214 
10 46 65 72 105 154 198 202 236 246 267 
8 35 42 48 57 69 188 209 216 
9 46 110 135 146 167 209 242 255 260 
9 20 80 84 134 207 215 219 223 230 
7 37 73 88 158 198 255 262 
13 10 14 67 111 124 139 148 156 180 202 207 229 252 
11 1 21 32 56 65 113 144 147 199 209 247 
10 52 65 106 122 167 178 194 251 253 258 
9 34 53 80 81 86 196 211 228 249 
6 16 87 146 147 167 246 
13 67 70 77 80 112 117 121 140 145 149 159 224 263 
14 40 59 60 81 85 103 104 115 149 171 189 219 237 258 
13 6 32 53 63 83 90 153 187 196 203 211 226 269 
12 2 26 31 67 93 111 141 144 147 196 206 263 
10 121 128 147 160 162 172 185 190 202 208 
14 21 33 49 57 136 147 151 162 168 174 193 204 218 241 
13 12 19 36 39 55 64 126 135 140 167 184 240 248 
8 11 45 71 187 213 219 250 256 
9 20 103 113 134 142 210 237 239 248 
12 68 74 102 125 158 160 202 227 230 233 234 249 
12 52 55 82 106 129 137 157 159 166 188 232 243 
9 61 87 89 123 138 180 202 221 264 
12 9 40 54 55 91 93 120 141 160 204 256 261 
9 2 49 79 133 154 181 185 186 251 
14 15 23 47 63 82 86 91 148 164 201 208 217 238 255 
12 13 18 52 64 80 122 129 136 152 173 177 258 
10 51 119 153 179 205 222 223 224 232 249 
7 22 74 79 89 100 155 172 
14 1 27 42 46 62 71 121 125 156 157 197 224 243 250 
17 5 10 18 73 97 104 111 124 141 164 173 178 187 192 194 212 250 
11 16 34 77 89 97 113 148 185 231 248 269 
15 2 24 47 51 77 106 132 136 152 155 188 195 209 235 248 
6 16 21 68 71 199 223 
8 32 59 89 94 186 223 249 267 
9 42 66 69 79 102 152 169 176 178 
8 79 99 104 187 197 210 235 246 
13 16 21 78 79 142 165 167 171 174 175 179 204 226 
14 10 18 48 86 94 128 131 141 168 191 208 212 229 251 
12 1 2 5 28 55 98 121 126 170 181 185 236 
11 6 92 95 107 129 144 152 168 202 210 235 
6 1 3 8 41 70 190 
10 11 97 119 124 126 133 134 164 172 233 
7 7 73 98 106 114 141 176 
10 18 48 123 125 174 233 234 238 261 264 
8 20 23 26 64 159 197 232 245 
9 34 66 89 102 111 139 143 188 266 
13 16 28 37 67 106 117 142 161 176 184 190 223 230 
9 64 67 69 75 84 139 142 152 167 
11 49 53 59 94 97 114 116 194 231 248 264 
10 78 93 96 118 141 167 199 232 258 268 
14 2 60 101 102 103 108 134 146 176 199 205 206 219 241 
11 42 47 70 144 148 183 199 201 229 244 247 
6 29 62 75 113 114 154 
6 72 77 90 146 185 209 
8 124 127 141 171 192 235 241 243 
14 0 12 29 53 80 91 105 129 130 135 181 250 251 265 
6 4 41 101 178 210 224 
14 14 38 69 116 118 120 129 130 150 159 162 176 192 219 
6 65 139 163 203 221 268 
11 85 93 150 158 165 193 199 217 222 239 254 
14 6 14 33 64 86 89 128 147 192 214 216 238 246 249 
12 14 20 31 67 105 155 192 216 246 252 257 268 
11 0 40 55 65 96 125 204 208 212 227 238 
7 51 88 95 127 173 211 262 
13 24 37 48 86 120 129 135 152 170 184 191 239 255 
10 12 41 101 129 147 197 216 233 235 266 
9 20 63 71 73 145 146 191 232 237 
6 48 104 132 139 166 189 
8 49 101 113 116 188 223 227 245 
7 0 113 127 154 175 251 254 
9 3 51 94 131 193 201 227 247 264 
2 224 246 
8 120 138 139 141 143 157 217 241 
13 6 9 101 103 140 160 169 173 182 208 233 234 244 
8 120 125 179 224 243 254 261 269 
14 16 79 98 104 145 154 156 189 191 203 204 221 251 267 
14 2 6 12 24 42 46 137 170 181 192 199 206 233 260 
6 190 201 202 228 256 263 
12 13 91 101 107 159 163 180 196 210 228 242 248 
6 22 89 90 145 178 234 
10 12 29 49 99 103 123 163 180 261 266 
10 43 64 87 92 101 167 171 232 242 247 
12 13 27 39 52 124 125 133 175 177 197 237 262 
10 14 52 57 72 94 96 131 190 195 250 
7 16 22 27 42 133 234 262 
12 4 13 17 45 51 58 60 102 180 184 198 222 
3 19 60 66 
12 18 30 54 67 79 85 123 147 155 158 175 249 
15 18 34 52 65 71 89 93 101 119 141 169 195 216 247 253 
18 16 22 26 28 85 92 108 124 125 142 156 157 162 171 177 236 255 257 
6 38 116 183 186 250 269 
13 37 40 47 89 136 142 153 160 194 216 221 243 267 
9 7 12 30 82 120 121 131 149 228 
5 145 167 218 238 253 
9 15 57 64 82 118 173 206 248 264 
12 56 58 65 102 106 120 143 145 163 222 231 234 
14 13 15 27 31 37 55 57 111 123 152 185 203 247 263 
270 1367
11 2 4 14 30 33 47 54 100 167 174 236 
12 7 34 42 48 76 113 116 131 134 169 183 268 
18 0 16 30 33 93 115 122 171 196 207 208 218 219 241 247 250 251 254 
12 34 41 100 114 136 167 171 176 187 214 222 226 
7 0 66 86 207 234 250 267 
8 24 55 78 133 147 181 202 267 
9 15 88 104 158 183 200 212 219 235 
13 1 13 54 64 68 69 94 149 155 171 207 211 230 
6 9 129 145 232 239 262 
15 8 12 38 71 88 89 94 107 112 115 142 199 216 250 258 
13 34 53 81 84 87 153 180 185 210 230 249 259 267 
13 38 94 136 145 160 180 189 204 213 216 257 261 269 
13 9 16 29 76 85 97 102 108 118 154 189 218 247 
10 7 48 70 102 144 159 205 206 237 259 
11 0 26 37 59 91 94 131 135 190 197 234 
13 6 82 104 113 126 136 159 200 201 212 242 252 258 
9 2 12 22 78 92 106 109 124 216 
7 60 62 114 118 204 220 257 
7 47 56 75 78 97 101 114 
6 30 97 101 116 145 159 
15 52 56 68 80 83 86 96 99 114 117 168 200 246 255 268 
9 68 92 102 117 125 208 241 257 261 
5 16 40 63 97 156 
2 90 141 
10 5 40 55 83 98 107 113 132 142 246 
12 57 65 83 137 170 172 181 202 213 244 259 268 
9 14 48 53 56 138 140 165 226 265 
11 62 112 122 137 155 175 197 198 210 255 269 
6 54 75 100 126 168 251 
12 12 91 94 117 128 150 163 177 185 245 254 267 
11 0 2 19 48 51 67 94 145 154 210 250 
6 85 98 164 183 194 224 
15 43 62 75 76 97 114 153 157 165 167 175 191 223 229 261 
12 0 2 63 77 87 107 148 176 179 202 223 235 
10 1 3 10 39 97 118 144 154 195 262 
8 59 64 85 142 163 173 252 255 
13 46 58 81 122 131 147 160 189 212 219 241 259 260 
8 14 62 113 137 150 215 233 234 
7 9 11 60 93 122 225 242 
13 34 40 43 68 71 103 165 171 182 232 235 241 244 
18 22 24 39 46 63 64 68 77 132 139 158 161 165 167 170 212 235 251 
9 3 47 127 145 147 177 196 206 258 
7 1 68 98 125 152 202 266 
7 32 39 126 151 182 192 214 
8 107 117 130 163 172 177 207 214 
6 83 85 135 202 210 224 
10 36 40 97 108 120 150 153 176 247 256 
11 0 18 41 55 69 133 141 155 177 178 227 
13 1 13 26 30 56 67 78 99 120 158 159 236 238 
10 101 108 122 151 166 208 209 214 257 258 
7 87 113 129 187 204 226 263 
12 30 103 113 143 154 161 168 172 193 239 257 261 
13 20 56 72 75 77 84 101 112 120 127 206 212 227 
7 10 26 73 102 152 249 265 
11 0 7 28 64 85 98 104 151 163 208 268 
11 5 24 47 99 153 162 186 203 223 225 238 
14 18 20 26 48 52 70 119 145 160 170 208 224 249 261 
8 25 80 83 137 141 174 188 240 
11 36 62 67 76 100 112 128 131 210 216 262 
6 14 35 114 131 143 166 
9 17 38 90 114 123 181 199 223 257 
6 65 87 94 129 219 229 
16 17 27 32 37 58 98 117 127 155 157 158 171 245 253 255 258 
10 22 33 40 96 98 140 160 183 217 222 
13 7 35 40 54 91 116 149 171 186 205 226 228 253 
8 25 61 69 109 127 140 180 203 
8 4 92 99 111 157 189 201 245 
14 30 48 58 69 74 83 90 143 150 152 165 167 215 225 
10 7 20 21 39 40 42 88 163 188 266 
16 7 47 65 67 87 105 107 117 120 133 136 138 221 223 231 245 
13 13 56 122 172 179 186 191 196 237 239 255 256 257 
15 9 39 109 167 171 179 189 195 198 205 206 223 234 237 258 
10 52 78 85 113 116 125 219 234 247 250 
10 53 81 115 137 149 170 179 193 218 254 
7 67 88 137 159 167 192 269 
14 18 28 32 52 140 141 171 176 217 222 226 239 249 258 
12 1 12 32 58 77 98 113 141 170 188 194 195 
9 33 40 52 76 97 134 151 196 260 
11 5 16 18 48 72 123 160 180 192 212 241 
4 89 118 161 194 
7 20 57 101 103 114 210 236 
12 10 36 73 84 109 164 176 187 191 224 235 261 
9 15 120 126 127 161 196 204 222 260 
13 20 24 25 45 57 67 121 156 176 189 196 229 246 
10 10 52 81 104 129 158 174 208 232 236 
13 12 31 35 45 54 72 89 107 132 258 261 262 266 
8 4 20 153 181 184 221 243 247 
11 10 33 50 61 69 116 133 140 168 176 249 
10 6 9 68 74 89 114 138 186 196 238 
14 9 79 85 88 121 129 133 139 172 178 194 208 212 220 
10 23 60 67 95 112 155 187 210 227 255 
9 14 29 64 99 111 165 171 179 196 
8 16 21 66 109 121 128 205 263 
7 2 38 105 159 188 217 236 
14 7 9 11 14 29 30 61 123 135 153 173 218 223 260 
4 90 98 238 249 
11 20 63 115 131 182 198 205 216 234 238 245 
12 12 18 19 22 32 34 46 77 138 184 185 267 
13 24 31 42 54 62 63 76 95 193 212 223 241 246 
12 20 48 55 66 91 101 182 211 221 242 248 266 
10 0 3 28 58 129 155 172 175 184 234 
11 18 19 49 52 80 99 206 208 245 250 265 
9 12 13 21 53 105 140 177 229 250 
8 39 51 80 118 170 209 251 265 
9 6 15 54 84 142 208 216 235 242 
10 69 93 102 131 149 183 207 219 221 252 
4 16 166 186 231 
10 9 24 33 44 69 85 179 182 211 240 
11 12 46 49 114 123 174 200 227 231 239 246 
10 16 65 71 81 92 120 131 204 219 267 
7 144 178 185 192 200 240 268 
14 66 91 139 147 156 157 164 175 178 203 210 228 260 268 
8 9 27 52 58 90 128 152 198 
13 1 15 24 37 50 51 72 76 114 134 195 219 229 
19 3 17 18 20 32 59 60 80 88 108 113 130 136 145 178 201 221 224 241 
11 2 9 73 96 119 133 140 162 204 206 233 
8 1 19 64 72 87 124 178 236 
12 20 21 29 44 62 69 124 134 180 209 218 236 
10 12 17 34 79 103 124 154 174 244 247 
6 56 115 179 195 203 219 
11 46 48 52 69 82 109 208 210 230 261 262 
9 83 89 92 124 131 151 152 155 170 
9 2 27 36 38 49 70 126 217 241 
6 60 78 94 108 189 240 
11 16 116 117 118 121 142 153 163 235 256 266 
10 21 42 72 126 153 163 205 207 210 262 
10 15 28 43 82 122 125 133 190 201 240 
10 41 52 62 65 82 147 212 219 220 229 
13 29 58 92 112 169 183 188 220 222 224 225 240 254 
11 8 50 61 84 89 100 169 180 232 249 266 
8 44 114 167 211 234 236 239 249 
11 1 14 36 58 59 96 105 109 121 137 215 
10 24 40 85 188 192 203 213 214 221 235 
13 5 47 69 87 89 115 126 183 193 219 234 244 251 
11 1 77 113 117 135 149 153 155 181 207 213 
12 14 45 94 134 139 154 193 199 216 254 255 256 
11 3 11 15 69 114 137 151 154 183 197 256 
14 25 27 37 57 73 74 131 136 142 181 186 220 248 267 
11 26 69 88 97 175 187 208 210 248 252 265 
8 40 89 111 135 152 175 234 264 
12 26 63 65 75 87 102 115 153 169 196 209 264 
9 23 47 57 75 76 163 178 250 254 
14 9 24 35 104 124 137 172 191 212 213 237 251 261 269 
7 51 59 67 175 180 191 242 
9 13 34 110 151 176 183 187 241 255 
12 8 11 19 30 41 56 114 155 165 166 229 242 
3 149 201 265 
9 5 36 41 111 127 202 219 228 254 
4 33 185 244 261 
12 7 64 73 105 134 146 159 162 164 190 193 242 
8 29 37 46 67 202 210 252 265 
13 43 49 54 77 121 136 144 169 224 226 241 252 255 
10 42 53 67 112 121 139 178 188 249 257 
18 10 32 46 55 86 94 124 125 134 140 166 176 178 182 183 224 240 244 
10 12 30 34 51 118 135 136 170 176 191 
10 7 27 47 62 90 100 121 134 145 179 
7 22 83 111 188 208 237 262 
10 32 62 66 111 164 165 166 180 246 265 
8 6 40 48 62 84 215 229 243 
12 13 15 19 48 74 93 149 165 171 243 259 268 
9 11 36 56 63 78 164 228 242 250 
10 40 51 79 82 162 165 185 205 224 248 
12 55 115 149 161 165 183 201 231 238 241 258 264 
11 29 35 44 54 68 124 125 141 167 218 247 
8 31 81 111 149 157 160 167 230 
13 26 32 39 40 67 91 145 157 159 161 162 186 200 
7 49 59 106 145 153 157 177 
16 0 3 32 40 67 71 74 130 163 164 214 215 226 227 231 250 
8 20 28 51 87 194 207 254 255 
6 1 128 129 140 151 253 
13 25 40 56 73 76 103 121 154 172 208 222 227 260 
17 2 3 7 39 62 64 71 75 91 159 197 209 225 226 227 230 236 
11 25 44 51 70 89 100 142 170 201 218 253 
5 35 94 187 202 215 
11 0 57 84 108 118 189 204 236 262 264 267 
10 27 32 100 111 138 139 143 182 199 248 
14 3 33 46 75 81 83 87 144 153 154 226 231 264 266 
9 29 41 44 47 102 166 193 210 217 
11 47 89 110 111 114 116 141 152 153 195 238 
13 33 70 71 73 91 107 119 155 180 196 210 212 217 
11 10 11 65 78 117 129 143 157 179 219 237 
7 5 25 60 86 134 137 218 
8 39 43 96 99 107 153 175 250 
15 1 6 31 63 105 128 133 136 144 153 162 198 215 219 263 
6 86 97 100 192 228 240 
8 10 29 97 110 148 161 226 231 
12 55 64 70 88 106 137 165 192 198 204 241 265 
10 3 50 81 90 138 144 173 204 233 263 
11 57 68 76 93 128 132 152 156 208 234 257 
10 11 12 36 66 71 83 123 174 220 232 
6 14 126 149 192 202 205 
8 32 70 81 142 143 154 231 245 
9 43 74 78 110 132 184 186 190 244 
11 51 73 98 133 135 149 177 224 239 257 261 
7 31 76 79 89 168 205 212 
6 34 71 76 113 119 178 
13 2 41 70 77 82 83 88 91 140 179 215 231 237 
6 14 27 136 171 234 263 
12 27 71 96 112 183 186 203 216 225 238 250 259 
7 9 60 135 175 201 253 265 
9 6 15 20 108 110 165 215 249 250 
10 15 66 114 126 146 162 172 199 220 237 
13 5 25 33 42 45 147 150 173 190 222 239 240 261 
10 55 65 111 119 132 198 206 220 255 256 
11 11 17 50 82 109 115 174 186 187 250 256 
11 13 64 71 92 96 125 161 190 194 239 251 
8 13 41 52 71 101 115 203 239 
9 2 4 7 44 105 125 134 168 252 
17 2 21 49 54 56 84 89 101 104 120 138 156 170 188 211 239 242 
5 49 103 117 140 171 
15 10 27 30 45 58 80 90 111 120 125 138 150 177 179 215 
7 7 99 107 130 208 216 253 
13 6 15 36 40 52 78 89 98 127 142 179 194 234 
9 11 25 132 134 142 227 236 250 261 
7 3 43 44 49 132 167 252 
13 37 67 131 158 167 173 183 196 200 210 221 233 267 
10 9 11 16 58 96 104 135 198 211 231 
8 63 75 93 122 177 179 222 237 
9 2 12 73 94 117 163 172 181 232 
14 2 6 36 61 72 105 109 113 119 127 133 147 180 183 
10 17 89 127 128 137 189 201 203 232 242 
8 69 86 99 105 114 132 215 252 
9 3 63 75 82 128 170 202 217 262 
9 32 33 55 60 69 71 94 98 235 
13 31 45 56 81 114 128 151 153 161 193 229 240 256 
10 38 55 67 128 171 198 229 234 246 252 
11 3 26 50 64 75 151 167 171 176 185 241 
11 47 52 90 108 167 170 171 213 252 258 269 
6 64 111 147 160 184 253 
10 32 61 83 102 113 127 145 158 224 225 
7 7 10 120 164 171 235 250 
11 69 106 108 162 167 176 185 191 196 216 258 
8 8 39 84 129 189 218 220 241 
5 37 115 187 215 243 
14 4 14 37 71 72 96 100 130 133 139 188 197 212 225 
11 6 33 39 40 81 104 124 132 223 230 242 
15 0 48 80 84 93 116 117 130 171 174 213 243 244 254 259 
10 13 70 71 142 156 180 196 201 217 260 
10 48 55 88 95 96 162 178 198 243 250 
11 8 51 70 75 108 130 193 202 205 206 208 
11 57 107 110 123 126 128 153 184 202 224 268 
17 2 21 36 39 78 98 114 122 144 151 162 186 226 232 252 259 263 
11 15 38 99 104 143 145 149 160 208 220 235 
6 86 158 159 233 236 238 
9 25 39 118 133 148 153 192 236 256 
8 29 62 66 69 96 101 191 262 
7 20 24 83 98 108 157 225 
7 2 12 46 72 86 118 163 
6 99 137 138 161 175 257 
12 10 53 56 75 87 95 129 130 152 200 254 257 
17 2 4 9 30 72 101 102 141 160 167 182 198 200 204 213 230 238 
11 2 28 40 103 133 142 205 253 264 267 269 
13 15 35 105 138 150 151 207 214 221 225 227 241 267 
8 62 64 169 172 199 211 228 251 
10 2 29 73 128 135 141 147 168 236 249 
11 20 27 35 62 70 90 135 144 151 168 203 
10 46 70 124 135 136 203 204 224 244 259 
14 11 17 21 49 51 60 70 152 188 193 248 249 259 261 
11 9 15 41 49 62 71 75 85 162 227 231 
10 10 13 25 36 159 198 236 241 256 257 
7 36 77 82 94 111 170 237 
14 11 21 32 51 56 81 85 120 142 148 193 202 213 257 
10 8 34 58 85 120 125 156 174 222 245 
6 50 92 183 187 197 241 
7 139 140 162 174 176 251 269 
10 26 53 101 103 138 146 150 157 186 199 
7 42 68 85 99 124 129 176 
11 4 5 10 29 97 109 137 174 215 251 252 
8 1 20 25 54 110 111 159 240 
7 11 27 74 142 227 251 264 
