250 1251
16 1 16 19 36 73 75 84 85 93 135 149 158 163 228 235 242 
9 0 70 148 180 181 199 221 231 233 
5 63 146 226 236 244 
8 5 17 43 79 91 137 170 174 
9 28 58 108 121 136 137 211 220 228 
4 3 65 94 147 
6 47 59 68 170 234 240 
9 9 18 63 90 111 124 127 190 219 
9 59 114 164 179 208 221 227 243 244 
10 7 16 41 56 70 133 196 205 216 243 
5 70 94 136 187 235 
10 42 68 92 128 140 164 172 233 234 247 
11 26 29 33 43 46 56 75 122 137 173 197 
16 17 34 39 53 63 82 91 94 106 116 118 173 174 193 232 242 
13 18 22 34 52 58 64 87 117 122 158 166 192 223 
12 42 46 49 60 72 78 100 103 122 195 197 224 
12 0 9 43 46 47 56 69 87 142 159 189 198 
8 3 13 32 102 104 177 233 245 
15 7 14 24 39 60 62 66 76 105 114 119 153 165 239 244 
4 0 46 137 239 
12 21 53 99 103 111 117 161 162 187 197 199 230 
6 20 74 83 112 182 184 
12 14 52 66 70 74 99 121 136 162 179 184 241 
10 65 70 91 99 106 134 146 155 172 176 
12 18 46 60 69 76 132 139 152 153 189 241 246 
11 27 53 74 121 123 146 160 164 172 208 228 
11 12 65 104 122 141 150 154 158 163 171 237 
6 25 48 60 118 131 197 
4 4 185 187 205 
11 12 43 74 119 152 157 159 167 174 189 200 
11 81 86 135 137 149 154 190 194 199 228 234 
6 63 114 122 165 202 234 
11 17 40 55 151 154 179 182 225 230 236 242 
10 12 38 49 51 55 92 94 209 214 239 
10 13 14 48 73 120 140 158 206 221 241 
5 98 102 174 180 201 
11 0 59 81 86 109 115 151 172 184 206 234 
10 39 116 130 150 170 179 197 205 222 244 
14 33 48 91 114 123 124 126 147 151 154 157 175 219 238 
5 13 18 37 194 207 
5 32 67 188 215 220 
11 9 46 58 79 121 130 139 166 171 213 248 
9 11 15 71 107 156 189 197 212 221 
10 3 12 16 29 47 52 70 96 139 205 
13 46 50 57 90 95 114 119 128 158 169 198 209 238 
5 67 131 211 227 236 
16 12 15 16 19 24 41 44 74 116 152 167 194 196 223 229 246 
8 6 16 43 69 77 117 121 167 
9 27 34 38 99 120 178 194 203 216 
12 15 33 159 163 168 178 189 198 199 208 228 234 
5 44 65 85 153 231 
10 33 53 55 93 95 121 124 169 209 226 
11 14 22 43 64 95 142 149 169 209 231 243 
9 13 20 25 51 144 180 186 207 210 
10 92 121 123 129 183 191 216 235 236 248 
9 32 33 51 82 85 124 131 144 158 
8 9 12 16 129 183 201 244 249 
11 44 89 96 111 134 138 163 177 179 193 209 
16 4 14 41 59 72 77 134 135 140 152 157 168 189 197 214 242 
13 6 8 36 58 62 86 90 126 133 175 177 185 198 
8 15 18 24 27 94 126 191 213 
13 78 95 104 121 123 126 146 150 152 168 192 205 226 
6 18 59 75 80 110 162 
18 2 7 13 31 65 95 111 116 119 123 137 156 167 176 182 183 197 204 
6 14 52 80 91 93 188 
12 5 23 26 50 63 95 109 119 135 171 206 245 
8 18 22 84 99 214 215 218 224 
12 40 45 70 73 89 128 163 164 216 235 243 246 
7 6 11 114 126 212 235 246 
9 16 24 47 102 160 170 184 241 246 
17 1 9 10 22 23 43 67 81 83 111 114 117 128 146 171 183 225 
12 42 79 141 150 161 175 185 202 211 230 233 246 
10 15 58 90 103 141 160 195 213 219 220 
9 0 34 67 95 99 125 132 142 239 
13 21 22 25 29 46 99 110 151 220 225 227 236 249 
13 0 12 62 89 98 103 106 139 140 154 180 226 232 
7 18 24 101 120 140 153 164 
9 47 58 85 135 146 150 183 196 206 
11 15 61 85 90 118 121 128 138 187 217 228 
8 3 41 71 138 180 222 233 237 
11 62 64 102 124 140 153 162 187 191 213 233 
10 30 36 70 118 148 159 189 233 236 249 
10 13 55 98 123 132 136 160 217 219 234 
7 21 70 98 100 142 150 234 
7 0 66 131 133 141 199 204 
10 0 50 55 77 78 103 108 138 150 160 
8 30 36 59 126 209 220 240 241 
9 14 16 101 169 170 174 210 230 235 
9 114 127 178 187 188 191 199 240 242 
15 57 67 75 98 105 106 131 135 142 143 144 183 195 223 231 
14 7 44 59 72 78 94 108 141 146 148 163 193 242 245 
12 3 13 23 38 64 111 112 123 148 160 176 179 
9 11 33 54 115 171 177 196 218 222 
8 0 51 64 134 136 170 196 240 
8 5 10 13 33 60 90 180 215 
10 44 51 52 61 63 65 73 107 151 243 
9 43 57 105 114 146 194 222 224 249 
6 144 174 190 203 226 230 
16 35 75 82 83 89 116 126 127 136 147 154 157 181 206 218 235 
15 20 22 23 48 66 73 74 128 157 168 169 203 212 227 232 
5 15 83 142 191 234 
14 76 87 108 110 132 138 141 144 156 171 190 199 202 210 
7 17 35 69 80 155 196 222 
12 15 20 72 75 85 106 121 146 147 197 199 230 
9 17 26 61 108 134 140 201 202 246 
8 18 89 96 134 144 152 172 197 
13 13 23 75 89 103 109 118 145 155 184 212 213 223 
9 42 95 162 166 177 199 212 246 248 
10 4 85 90 101 104 109 132 140 201 225 
11 36 65 106 108 131 146 171 179 189 196 244 
7 62 74 101 118 139 153 154 
13 7 20 57 63 70 91 119 120 131 138 204 210 238 
8 21 91 162 166 199 221 227 230 
4 129 193 220 238 
12 8 18 31 38 44 68 70 88 96 140 154 219 
5 36 92 168 205 224 
16 13 37 46 63 98 143 149 158 161 166 171 174 181 204 216 245 
11 14 20 47 70 147 162 173 178 213 223 232 
12 13 27 78 81 106 110 129 174 181 213 236 243 
12 18 29 44 63 65 111 143 144 155 209 227 233 
10 34 48 76 111 136 144 186 190 203 233 
14 4 22 25 41 47 51 54 61 78 103 160 166 207 208 
15 12 14 15 26 31 135 137 148 153 161 172 183 187 236 248 
9 25 38 54 61 63 82 91 151 216 
8 7 38 51 55 80 130 171 196 
4 73 139 178 234 
7 38 59 60 61 68 86 98 
7 7 88 98 133 140 165 178 
12 11 44 67 70 78 99 176 194 205 213 229 245 
9 54 56 113 118 176 195 196 237 247 
3 37 41 124 
15 27 45 55 84 89 109 111 158 162 174 186 208 223 224 225 
10 24 73 82 101 108 136 139 236 242 246 
5 9 59 84 127 243 
9 23 57 58 93 104 105 138 219 234 
13 0 30 58 65 77 89 122 155 165 204 213 224 246 
14 4 10 22 82 93 98 120 132 148 178 180 185 205 241 
7 3 4 12 19 30 63 122 
12 57 78 79 85 101 111 134 172 180 217 220 230 
10 24 41 43 75 110 125 132 144 189 204 
14 11 34 58 75 76 80 104 108 114 127 142 168 191 225 
12 26 71 72 84 90 101 152 159 167 169 187 190 
12 16 52 73 83 89 100 140 146 150 164 174 228 
5 89 116 119 184 202 
10 53 55 89 97 101 105 119 120 139 239 
7 106 157 194 201 210 212 219 
17 2 23 25 61 70 77 90 96 103 109 142 161 185 197 210 238 245 
8 5 38 98 103 117 217 226 241 
11 1 81 90 91 122 136 159 171 179 186 197 
8 0 30 52 116 156 178 181 239 
11 26 37 61 71 77 83 85 142 157 237 246 
10 32 36 38 74 95 123 154 203 204 240 
10 24 29 46 58 61 105 141 166 189 231 
17 18 24 50 76 80 110 122 156 162 171 193 198 212 228 230 237 238 
10 26 30 32 38 75 98 110 114 151 202 
8 23 102 106 119 135 178 180 237 
8 42 63 101 149 153 158 205 238 
10 29 38 58 98 99 145 150 159 168 244 
11 0 14 26 34 44 55 116 131 156 189 235 
10 16 29 49 81 141 148 157 190 191 209 
12 25 69 72 82 85 91 121 161 163 202 217 232 
11 20 71 116 122 146 160 167 176 212 225 226 
14 20 22 62 80 107 112 117 131 153 165 175 189 228 237 
9 0 26 49 57 67 90 160 235 245 
10 8 11 25 67 76 142 166 218 226 232 
7 18 31 127 135 162 175 203 
11 14 41 107 112 116 121 152 164 176 177 205 
8 29 46 47 63 141 161 170 221 
12 49 58 61 99 115 140 157 185 194 203 243 245 
10 44 51 52 87 99 141 176 185 190 231 
11 3 6 37 69 87 93 167 178 184 217 241 
15 26 41 65 70 92 101 109 116 124 148 153 207 231 240 247 
15 11 23 25 36 105 122 138 178 183 190 195 213 229 241 244 
7 12 13 117 210 228 238 239 
13 3 13 29 35 87 97 116 118 131 142 206 208 230 
7 38 59 71 162 165 214 241 
13 23 63 91 128 129 161 166 169 191 206 207 227 234 
9 17 57 59 92 107 166 188 200 247 
15 48 49 88 117 125 127 136 149 155 170 172 185 194 212 214 
14 8 22 32 37 57 91 109 148 198 207 211 225 227 231 
13 1 35 53 75 79 94 136 138 155 188 195 236 239 
9 1 98 116 118 149 184 230 246 249 
8 21 32 63 186 187 188 233 238 
11 54 56 63 70 77 89 122 172 194 217 233 
11 21 22 36 69 106 143 170 181 187 193 214 
10 28 59 71 136 146 168 169 178 229 230 
6 53 120 131 148 182 248 
10 10 20 28 78 80 88 122 141 182 184 
8 40 64 88 177 180 182 209 211 
14 16 24 29 42 49 58 81 109 139 152 158 162 199 225 
9 7 30 97 101 120 141 159 169 172 
13 54 60 80 88 100 140 159 176 194 235 241 244 249 
5 14 61 200 217 249 
8 13 57 90 113 153 184 225 239 
13 30 39 46 48 96 128 145 168 178 183 191 220 249 
10 15 72 89 129 172 180 213 215 219 242 
12 9 46 77 92 93 102 109 124 129 218 235 241 
12 12 15 20 27 37 42 58 63 103 105 146 148 
9 16 44 49 59 153 179 204 208 238 
13 1 20 30 49 84 88 101 103 107 112 189 214 245 
4 29 177 192 219 
7 35 56 104 108 145 218 232 
9 31 71 101 104 143 154 160 228 236 
8 48 97 99 120 151 165 168 234 
12 63 84 111 116 135 139 151 198 206 225 232 247 
11 9 28 37 43 61 115 128 136 156 166 243 
9 34 36 65 77 98 174 176 204 228 
8 39 53 121 171 176 179 219 229 
10 8 25 49 121 131 174 198 212 225 246 
11 33 44 51 52 57 86 119 159 188 228 230 
10 53 87 101 111 145 146 173 212 217 220 
6 4 45 71 179 188 233 
12 42 68 99 106 107 145 153 161 178 208 210 214 
12 41 60 72 80 106 117 118 128 135 172 195 241 
8 33 58 66 175 178 184 199 212 
6 40 66 94 195 247 248 
6 9 48 54 67 116 123 
10 78 82 138 147 160 170 183 192 210 225 
8 66 92 98 164 196 201 226 230 
10 7 38 72 82 114 134 145 195 200 207 
10 4 40 72 74 86 113 138 194 210 242 
8 1 8 34 42 112 167 234 236 
6 37 79 92 96 102 224 
9 14 46 89 106 117 131 232 237 249 
7 15 66 96 115 131 135 222 
14 32 70 74 108 131 140 161 179 189 193 204 208 217 238 
9 2 51 61 75 97 147 161 164 218 
8 8 45 74 99 112 119 176 179 
14 0 4 25 30 49 78 142 153 162 173 202 206 209 233 
6 46 128 172 185 207 236 
14 20 32 71 87 97 103 112 138 153 174 181 185 209 218 
8 1 50 52 89 152 169 171 179 
10 13 75 99 117 160 164 201 204 223 246 
13 1 11 17 71 79 80 81 119 120 182 183 211 228 
14 6 11 30 31 36 49 82 83 100 125 134 176 203 221 
12 0 10 54 67 68 87 98 158 163 191 196 248 
13 2 32 45 54 74 81 118 122 132 180 202 221 229 
8 26 79 129 150 153 155 162 223 
12 38 44 111 113 146 153 156 173 182 198 225 249 
11 18 19 33 73 144 149 173 180 193 244 246 
7 6 86 88 93 151 171 244 
13 22 24 34 69 86 136 147 170 172 175 191 196 213 
10 0 13 32 58 88 90 132 195 220 249 
9 8 9 52 67 95 118 133 168 205 
12 2 8 18 37 56 109 157 172 191 239 240 249 
10 17 65 90 116 128 146 163 168 199 247 
15 24 46 67 68 69 71 104 107 132 135 150 181 208 232 239 
7 11 129 171 177 204 215 245 
7 41 54 107 122 186 215 235 
12 56 74 81 96 181 191 192 194 223 238 242 244 
250 1269
9 24 36 59 69 81 83 178 217 232 
12 17 33 59 71 104 129 147 174 182 204 217 231 
9 64 68 102 112 133 149 170 177 180 
11 18 51 64 69 109 117 121 125 132 192 249 
10 11 20 42 47 69 92 129 139 177 213 
9 26 28 33 59 74 91 112 137 196 
13 17 56 67 97 115 136 149 158 165 173 188 231 241 
9 9 66 75 87 93 159 170 184 207 
12 45 53 97 103 134 140 172 173 199 201 210 241 
12 7 26 29 32 33 48 107 118 152 171 214 228 
9 14 41 46 109 131 138 147 168 185 
12 4 21 38 55 56 57 65 82 194 213 220 249 
11 50 55 77 97 114 135 140 166 179 218 244 
7 45 71 89 155 180 191 231 
7 10 41 50 58 80 123 179 
8 54 161 162 166 189 192 212 225 
8 64 71 78 131 176 193 209 224 
12 1 6 18 28 47 80 95 98 155 215 221 223 
12 3 17 40 41 55 175 183 196 198 218 226 229 
10 31 37 42 53 57 114 123 139 181 247 
14 4 51 54 73 90 97 174 181 189 192 208 221 236 243 
15 11 64 69 77 94 119 177 180 194 196 206 222 225 239 246 
7 65 105 132 139 169 201 240 
10 41 49 55 83 120 123 138 141 176 190 
11 0 50 65 76 79 82 142 164 171 220 245 
14 32 33 43 44 66 72 75 76 79 125 132 191 205 227 
12 5 9 34 35 39 44 55 82 90 94 199 219 
6 118 145 161 178 199 230 
9 5 17 32 87 101 135 156 221 232 
10 9 85 101 109 155 180 197 209 216 232 
11 53 94 104 108 109 134 189 195 201 211 247 
8 19 33 52 92 155 177 212 228 
16 9 25 28 87 98 105 128 138 164 197 214 215 220 233 238 241 
13 1 5 9 25 31 52 64 109 126 160 168 203 222 
13 26 35 38 41 54 107 134 139 164 184 203 213 221 
12 26 34 36 92 134 143 158 178 187 202 211 214 
17 0 35 42 46 54 58 71 118 127 135 139 144 148 150 160 196 231 
8 19 48 77 134 156 188 230 245 
11 11 34 80 81 112 134 156 167 189 221 224 
8 26 51 55 110 117 154 167 246 
15 18 47 69 78 91 101 115 124 165 166 177 207 217 223 240 
12 10 14 18 23 34 88 102 116 119 134 168 226 
8 4 19 36 115 117 169 171 173 
12 25 53 69 106 147 156 175 178 197 201 214 231 
6 25 26 60 175 242 246 
10 8 13 57 65 86 100 154 218 242 246 
14 10 36 55 67 70 73 83 86 101 104 155 187 233 242 
10 4 17 40 53 101 125 135 150 158 241 
11 9 37 73 89 93 119 142 176 190 230 235 
3 23 197 215 
7 12 14 24 67 205 211 226 
10 3 20 39 56 71 80 86 105 115 219 
12 31 33 77 85 103 157 172 190 192 201 222 233 
14 8 19 30 43 47 68 83 92 115 120 123 205 207 232 
9 15 20 34 36 98 137 176 226 236 
18 11 12 18 23 26 39 46 57 75 95 117 118 130 145 175 189 215 236 
7 6 11 51 68 94 136 219 
12 11 19 45 55 107 110 133 144 166 179 193 201 
12 14 36 70 79 88 92 112 115 131 158 209 218 
7 0 1 5 84 124 197 210 
10 44 87 95 106 117 147 203 222 235 236 
12 69 73 86 125 129 137 139 147 163 195 201 233 
9 84 98 108 128 169 197 200 223 244 
6 70 109 167 188 214 224 
10 2 3 16 21 33 80 147 178 183 204 
12 11 22 24 45 77 98 108 187 190 214 226 249 
12 7 25 107 116 132 145 174 197 204 226 244 245 
7 6 46 50 97 148 172 185 
9 2 53 56 69 87 88 145 178 207 
15 0 3 4 21 40 43 61 68 130 147 175 178 203 206 238 
13 46 58 63 121 127 138 188 191 197 200 231 248 249 
16 1 13 16 36 51 75 84 139 146 165 168 172 174 177 219 242 
7 25 81 105 185 203 205 235 
10 20 46 48 61 78 88 140 177 207 234 
5 5 86 136 149 200 
10 7 25 55 71 112 137 168 178 200 235 
9 24 25 145 155 168 201 210 215 245 
10 12 21 37 52 65 80 106 173 175 225 
7 16 40 73 121 129 143 239 
11 24 25 58 80 92 122 125 148 219 228 249 
13 14 17 38 51 64 77 79 94 158 166 180 202 203 
12 0 38 72 84 134 135 145 156 177 198 236 237 
7 11 24 26 147 149 232 239 
14 0 23 46 53 87 116 131 173 174 179 207 221 222 223 
11 59 62 71 81 106 132 148 199 206 223 245 
10 29 52 118 176 186 216 227 234 241 245 
18 45 46 51 61 74 92 103 149 167 171 183 199 202 204 211 228 239 247 
10 7 28 32 60 68 83 92 171 177 192 
7 41 58 68 73 93 122 172 
10 13 48 109 125 139 160 173 179 226 238 
6 20 26 124 184 209 229 
12 5 40 98 109 125 134 158 175 195 197 210 211 
14 4 31 35 53 58 79 86 87 98 147 173 188 198 236 
10 7 48 88 96 121 133 164 167 221 225 
13 21 26 30 56 80 103 113 117 169 202 207 216 240 
10 17 55 60 98 114 117 196 202 214 248 
5 93 157 174 186 209 
8 6 8 12 20 67 190 214 223 
14 17 32 54 62 65 91 92 95 130 148 172 206 222 244 
4 101 136 226 236 
9 45 163 182 192 203 220 222 223 236 
12 28 29 40 46 47 99 162 170 172 175 219 221 
7 2 41 116 136 159 193 198 
10 8 52 86 94 126 151 184 206 221 240 
10 1 30 46 116 118 143 163 203 221 234 
7 22 32 51 72 130 153 245 
9 43 60 77 84 109 121 167 199 211 
14 9 34 57 66 113 139 144 153 160 213 220 222 235 237 
6 30 62 65 144 154 218 
11 3 10 29 30 33 63 89 91 106 153 178 
12 39 57 117 138 142 156 158 168 171 184 187 189 
7 134 136 144 158 202 231 234 
16 2 5 38 58 75 147 154 161 166 171 207 212 214 230 231 232 
11 94 107 146 204 208 216 226 232 235 242 243 
12 12 19 95 125 136 139 160 177 184 212 215 224 
11 6 40 42 51 53 58 184 199 212 215 242 
12 41 66 83 102 104 143 165 177 198 207 221 246 
11 3 39 42 55 60 94 95 110 150 179 228 
10 9 27 36 55 85 104 119 127 152 229 
12 21 41 48 118 121 164 165 195 200 221 241 246 
11 23 53 121 130 134 144 153 165 186 201 229 
14 3 70 78 93 106 119 120 130 148 154 155 165 199 249 
5 79 88 159 176 221 
6 14 19 23 53 159 213 
9 40 59 90 125 145 157 177 206 244 
12 3 25 47 61 79 89 91 114 124 149 192 225 
5 33 103 198 200 211 
6 36 70 118 185 211 247 
8 32 62 151 206 212 218 229 233 
11 1 4 61 78 142 146 157 183 229 235 236 
10 55 69 98 105 120 121 151 186 194 212 
10 10 16 58 83 132 179 208 214 234 247 
10 3 22 25 66 84 131 137 170 187 230 
10 2 57 93 139 168 184 218 219 242 246 
14 8 30 34 35 37 38 41 81 91 111 120 168 186 211 
9 12 28 36 47 81 223 226 227 231 
11 6 56 74 99 102 111 114 188 195 216 219 
12 5 54 61 75 132 144 166 170 189 221 238 245 
9 10 23 32 70 110 162 170 179 243 
14 4 19 22 34 36 61 71 89 107 114 133 154 179 203 
6 8 12 73 142 152 194 
11 23 149 157 161 167 200 206 222 236 240 248 
7 24 48 110 129 140 195 212 
9 35 78 104 116 149 181 204 221 249 
12 36 57 107 108 111 120 137 166 178 232 238 246 
9 27 55 66 68 76 81 124 159 249 
6 71 113 129 158 165 242 
13 1 10 43 60 61 64 69 82 92 112 195 198 216 
13 36 67 79 84 98 121 153 169 194 198 227 228 246 
13 2 6 74 82 86 125 141 143 166 181 208 220 238 
7 36 47 117 159 204 209 246 
4 103 128 130 160 
5 9 118 140 203 214 
10 105 107 109 120 148 157 173 224 240 247 
10 39 45 108 112 121 139 163 181 185 192 
10 13 17 29 31 46 76 121 163 209 210 
7 28 37 38 43 81 110 199 
11 52 96 124 129 141 153 187 204 223 230 234 
12 6 35 47 58 80 91 110 111 146 161 166 191 
12 7 102 122 123 145 150 164 182 211 221 242 248 
9 33 36 89 107 114 151 177 209 235 
9 15 27 112 141 158 164 167 176 226 
3 15 101 138 
9 61 100 104 154 155 193 195 232 237 
11 24 32 34 93 119 159 161 167 174 209 246 
11 6 40 71 116 119 120 121 146 183 214 235 
12 12 15 40 57 80 112 137 144 149 158 186 238 
11 38 39 63 86 93 106 141 161 164 195 237 
11 10 33 41 71 75 76 110 133 134 170 212 
9 22 42 62 94 148 198 206 225 232 
9 2 7 101 132 137 138 168 206 224 
12 9 24 42 86 87 110 112 180 204 216 218 249 
8 8 52 67 71 88 98 101 249 
10 6 8 42 77 83 89 92 153 193 238 
7 1 20 66 71 83 96 164 
11 18 43 44 55 69 77 91 101 199 202 231 
10 16 23 48 54 85 122 161 187 222 231 
15 2 4 21 31 40 71 73 81 87 114 116 124 160 210 236 
15 0 27 35 43 64 68 69 75 109 144 192 196 204 211 245 
10 12 14 57 83 89 117 131 138 139 186 
8 2 13 21 29 80 171 190 205 
7 19 20 143 149 154 185 221 
7 1 100 159 188 195 202 210 
9 18 64 86 129 165 184 212 241 249 
17 7 34 90 103 110 114 115 133 183 193 194 201 212 215 240 243 247 
9 10 67 72 127 154 181 201 233 241 
10 85 96 120 130 134 166 179 195 213 219 
9 35 46 65 110 132 157 176 203 217 
9 6 37 63 70 92 136 182 214 234 
8 15 20 30 38 55 110 137 235 
8 23 48 52 65 97 180 200 210 
7 13 25 70 158 208 214 223 
13 3 15 20 52 87 100 125 154 178 199 222 242 245 
8 16 57 102 163 173 184 206 238 
9 11 21 130 140 148 184 197 204 226 
14 30 61 91 119 136 142 147 163 167 182 186 214 216 243 
7 5 18 21 36 95 178 234 
11 29 32 43 49 59 62 66 70 91 194 236 
10 18 81 92 102 116 126 147 148 169 243 
13 8 26 27 84 86 106 115 121 156 175 192 233 243 
9 62 70 74 75 119 126 141 190 240 
14 8 22 30 43 52 57 61 76 120 184 185 221 230 248 
9 35 80 86 94 95 111 175 182 240 
13 33 34 60 69 72 80 100 104 139 152 187 224 244 
11 1 64 66 86 113 143 150 157 171 178 194 
7 25 50 53 72 180 225 228 
12 21 69 84 98 103 124 128 141 169 170 193 219 
12 7 40 53 68 73 83 94 112 116 225 241 249 
6 20 113 131 149 191 224 
9 16 29 58 90 96 150 155 160 164 
8 8 59 76 91 155 177 182 190 
13 30 35 50 86 91 106 126 127 134 159 178 245 247 
12 15 31 112 114 115 128 130 142 168 183 184 230 
10 4 11 34 107 123 186 225 226 236 243 
19 9 32 35 43 63 65 95 97 112 131 152 165 188 191 195 228 229 232 247 
9 17 32 49 55 76 114 115 184 237 
8 29 85 94 113 136 147 171 195 
4 0 1 40 187 
9 12 18 45 58 108 128 133 171 220 
11 26 51 56 71 79 101 133 136 186 206 236 
8 11 24 32 100 107 149 218 248 
20 17 20 28 34 38 83 93 101 103 104 116 119 122 137 143 159 181 201 224 248 
12 21 33 52 60 83 98 100 107 141 176 192 241 
10 17 40 62 83 84 97 100 135 157 191 
9 16 38 63 114 153 170 203 208 221 
10 15 21 77 93 125 169 205 207 213 240 
13 18 41 50 54 65 66 89 99 113 135 161 194 213 
5 25 85 135 148 246 
8 9 31 79 86 117 148 205 214 
7 18 90 118 120 128 129 214 
10 27 37 48 112 132 157 201 212 233 244 
12 1 6 13 36 43 70 111 112 135 175 176 236 
11 0 28 29 53 82 112 113 144 163 169 214 
8 32 46 52 61 128 185 199 230 
8 73 85 104 111 131 157 188 196 
11 48 60 72 75 107 113 129 160 165 189 246 
15 20 54 55 60 81 92 99 100 129 141 177 197 213 219 231 
6 81 107 163 167 215 242 
11 32 69 89 137 144 149 166 173 193 241 245 
4 21 78 82 86 
10 22 40 94 103 141 153 184 200 202 225 
12 6 8 32 47 85 119 183 185 207 222 238 245 
12 44 45 46 71 113 115 133 146 159 192 237 248 
8 20 113 138 184 195 198 199 213 
7 12 62 66 98 124 203 230 
13 24 37 66 76 84 85 105 137 178 192 211 238 241 
13 21 39 44 45 116 119 133 144 148 150 164 227 235 
9 19 30 86 127 131 153 184 211 214 
8 70 95 141 159 201 220 221 242 
12 3 11 65 70 79 121 143 145 171 172 183 207 
