330 1688
12 16 19 36 73 75 84 85 93 135 163 228 235 
6 100 101 119 153 230 313 
9 66 76 84 103 129 165 177 223 256 
9 63 113 126 141 142 216 225 233 314 
4 18 71 226 235 
10 13 77 83 94 148 175 196 209 212 275 
8 62 167 211 246 247 259 299 313 
6 54 126 137 164 230 254 
11 26 74 119 145 169 217 241 249 310 311 324 
15 20 23 27 37 40 50 116 131 247 264 269 283 293 312 321 
14 27 29 85 143 153 164 168 180 198 204 233 263 268 304 
10 20 51 104 108 111 122 134 140 162 286 
11 24 25 47 65 120 137 167 176 242 312 314 
13 5 71 127 139 149 164 185 201 230 239 244 278 290 
3 279 290 322 
11 54 58 66 72 116 117 152 154 185 266 295 
10 0 149 163 167 171 196 218 259 276 281 
11 26 76 110 117 157 166 183 187 282 305 312 
11 4 57 77 78 171 176 202 270 309 313 321 
11 0 47 67 166 184 203 212 216 225 233 299 
5 9 11 23 106 172 
9 75 93 151 182 227 260 265 267 282 
9 155 157 169 174 210 214 219 254 301 
10 9 20 46 97 134 166 189 204 303 328 
11 12 69 80 98 109 111 152 154 274 299 323 
8 12 44 91 111 129 177 283 287 
12 8 17 56 62 83 154 181 204 210 246 267 301 
12 9 10 44 121 135 155 175 202 210 227 264 307 
10 29 38 41 66 69 72 90 134 153 319 
9 10 28 32 101 222 249 254 288 321 
7 64 82 114 156 191 221 306 
10 41 49 105 110 128 197 263 309 313 320 
10 29 56 61 85 94 124 135 175 204 237 
8 85 101 110 193 273 300 306 323 
5 53 101 105 284 305 
11 69 94 107 250 254 259 280 289 290 299 319 
9 0 62 82 150 248 250 288 290 316 
9 9 72 112 129 164 195 249 269 309 
10 28 40 52 149 185 191 212 215 292 323 
7 126 146 158 186 189 228 235 
7 9 38 137 191 209 257 296 
17 28 31 46 50 75 89 91 105 121 175 180 237 238 243 255 260 292 
12 58 68 92 96 132 139 181 183 191 204 289 321 
11 100 122 175 192 220 223 243 249 265 289 323 
9 25 27 109 161 250 280 296 304 322 
5 57 98 166 179 274 
9 23 41 96 122 158 193 232 254 269 
11 12 19 102 103 106 112 140 159 233 313 316 
2 252 310 
12 31 54 111 116 130 132 160 177 195 232 274 306 
13 9 41 98 109 123 133 150 159 178 181 228 285 320 
10 11 66 67 118 122 148 155 262 297 308 
16 38 72 141 148 157 170 184 193 198 201 234 235 249 275 321 327 
8 34 93 112 132 145 299 310 314 
11 7 15 49 85 95 145 150 188 247 277 288 
10 94 136 178 189 227 249 265 287 312 316 
11 26 32 65 85 138 168 256 269 285 310 323 
7 18 45 75 132 149 181 231 
10 15 42 116 174 179 242 247 277 289 299 
5 158 241 252 272 273 
8 94 95 99 135 155 200 277 328 
14 32 76 84 109 113 120 121 122 161 173 209 278 285 300 
13 6 26 36 63 112 115 139 151 176 188 204 207 300 
11 3 62 90 96 115 137 141 209 211 245 315 
4 30 145 180 270 
7 12 56 98 113 230 232 304 
18 2 15 28 51 71 87 100 123 164 174 175 184 195 202 205 229 254 326 
10 19 51 104 105 139 148 163 227 276 319 
14 42 80 82 104 110 113 116 128 143 162 171 174 182 315 
11 24 28 35 81 111 126 151 235 258 284 290 
8 92 137 187 207 232 287 296 323 
13 4 13 66 104 132 133 224 228 239 261 274 308 310 
11 15 28 37 52 78 86 147 171 257 265 275 
8 0 74 87 122 226 238 311 317 
9 8 73 151 155 188 210 216 219 318 
9 0 21 41 57 109 146 160 225 308 
14 2 17 61 92 163 178 181 191 194 201 265 299 314 325 
11 5 18 78 132 160 205 212 267 304 305 316 
8 18 72 77 119 137 143 225 327 
9 83 125 179 181 192 205 216 280 321 
7 24 68 137 176 217 242 309 
5 69 100 156 300 307 
9 30 36 68 85 217 235 254 270 286 
8 5 26 79 91 110 111 162 326 
11 0 2 61 93 115 131 132 160 163 260 266 
12 0 10 32 33 54 56 82 139 230 245 280 329 
8 72 95 106 128 173 175 180 200 
7 66 73 148 206 230 275 290 
10 145 179 214 221 229 231 249 252 315 319 
4 41 157 219 237 
10 28 63 140 199 206 215 217 224 293 305 
13 25 41 83 108 115 189 198 232 244 252 259 270 329 
10 42 70 76 114 117 175 192 272 281 287 
18 0 21 53 84 100 101 137 160 183 225 246 261 283 288 302 318 320 328 
8 5 32 35 55 60 152 224 295 
9 54 60 86 108 141 154 163 239 275 
11 42 46 63 134 152 195 234 249 264 287 296 
10 23 113 114 140 150 203 212 296 306 312 
9 24 45 50 65 141 147 202 258 287 
10 60 104 209 218 258 260 271 280 285 326 
14 1 43 66 81 93 123 186 230 254 283 290 295 313 329 
13 1 29 33 34 93 113 116 176 186 187 231 253 311 
11 47 111 134 150 170 177 203 215 271 280 298 
16 2 47 128 141 155 157 161 187 194 238 251 313 316 320 321 322 
13 11 67 68 71 99 142 147 169 192 208 227 233 254 
7 31 34 41 67 109 191 277 
11 20 47 86 128 214 255 261 264 269 277 294 
7 35 150 215 233 291 308 314 
8 11 91 95 159 163 250 273 320 
14 24 44 50 61 75 105 114 157 165 209 226 245 252 307 
14 17 31 33 68 83 116 149 159 239 241 262 267 270 321 
12 11 24 25 49 69 83 102 121 184 259 260 302 
11 37 47 53 62 117 192 214 229 263 268 280 
9 3 61 65 68 97 101 186 250 297 
12 30 92 97 109 119 124 126 153 166 198 210 233 
10 62 63 84 91 138 177 192 241 267 279 
14 9 15 49 58 68 101 110 124 142 199 212 226 306 310 
10 15 17 92 112 142 163 179 207 294 327 
6 51 174 182 257 314 321 
13 1 8 78 114 120 142 147 169 192 229 239 277 313 
9 12 61 119 161 168 194 209 226 247 
12 27 41 61 111 123 187 226 237 285 306 319 328 
14 11 43 46 51 61 73 128 151 194 214 271 280 292 298 
8 50 66 100 121 158 183 206 293 
16 32 114 116 132 138 169 175 207 234 236 276 301 304 307 308 323 
5 79 178 189 223 299 
13 3 7 39 69 114 148 153 216 238 245 254 275 292 
7 13 164 198 199 200 208 225 
13 31 68 86 103 106 122 136 155 229 276 293 314 319 
9 2 25 37 145 158 197 260 286 304 
5 49 171 196 292 309 
5 9 84 133 176 232 
15 42 49 53 57 71 77 84 124 144 251 252 256 279 302 315 
8 50 71 131 191 198 205 303 320 
11 11 23 28 96 102 141 156 192 211 259 262 
9 0 27 32 60 185 191 241 242 256 
11 55 128 183 191 206 226 234 269 275 280 291 
14 7 12 40 63 70 78 80 93 169 185 227 293 326 329 
12 56 115 124 157 174 181 265 273 276 292 305 327 
13 13 42 62 67 85 186 216 241 299 302 316 318 328 
9 11 47 90 97 155 158 172 179 225 
13 3 52 63 95 98 103 134 173 212 247 253 318 321 
11 3 104 116 117 119 149 152 187 286 301 318 
12 10 68 78 192 214 221 270 295 306 307 317 318 
10 132 155 161 164 168 214 221 280 294 316 
13 8 53 54 64 88 129 163 167 172 183 210 222 327 
5 39 75 164 285 312 
9 72 98 104 119 163 215 238 293 307 
10 5 51 52 67 87 126 160 181 246 257 
13 13 16 38 57 110 142 150 166 220 262 274 281 297 
13 36 50 54 97 102 107 149 158 214 239 294 300 316 
9 21 62 69 74 122 174 178 197 237 
10 15 24 94 96 142 180 283 290 313 323 
14 1 10 28 114 126 173 206 223 224 229 242 247 250 277 
13 15 24 26 95 159 176 210 218 253 272 300 303 306 
15 22 27 51 60 74 103 128 140 144 198 225 230 275 304 312 
8 30 81 134 224 266 275 290 310 
20 17 22 52 89 103 109 138 162 171 174 215 219 227 231 244 291 300 312 317 323 
11 39 46 59 123 129 140 150 162 198 233 291 
8 47 50 108 110 154 200 232 289 
15 49 75 77 84 93 148 166 167 198 220 242 253 275 307 310 
9 44 61 103 120 144 179 183 238 245 
10 11 68 83 157 158 239 248 261 271 294 
19 0 16 67 76 84 95 108 117 145 147 169 170 181 211 227 244 300 314 328 
11 7 10 13 37 66 127 144 146 166 181 273 
6 2 109 205 207 259 263 
12 17 19 23 45 114 149 160 164 186 239 280 289 
7 6 12 16 145 160 168 185 
11 10 56 120 144 167 190 257 261 276 305 319 
11 8 22 104 119 124 137 163 301 305 317 329 
11 52 102 163 173 176 186 189 204 207 258 290 
11 16 18 68 72 130 157 187 200 272 282 297 
8 20 140 145 231 264 280 284 310 
7 61 86 141 153 170 211 270 
9 22 58 66 68 118 138 151 157 295 
10 5 27 32 41 43 66 86 92 124 192 
15 12 18 62 80 101 131 154 170 183 198 241 250 256 275 285 
9 2 25 49 102 115 237 292 300 318 
9 50 55 76 125 151 256 265 297 328 
12 45 58 79 88 117 140 161 193 202 225 230 317 
7 10 41 64 86 152 193 293 
16 26 42 50 57 76 79 138 148 163 164 234 244 259 277 297 320 
7 21 68 118 185 230 244 270 
11 17 42 93 123 136 145 161 176 196 238 321 
10 19 52 66 111 256 259 282 293 315 328 
13 13 15 38 135 137 167 182 206 266 275 288 311 327 
10 39 100 101 113 139 166 170 211 271 327 
10 17 70 101 103 121 142 171 225 298 311 
6 54 62 74 236 266 296 
13 23 39 55 91 125 170 212 231 244 245 266 283 322 
9 168 195 197 205 221 253 259 291 329 
15 30 38 40 42 76 105 133 135 136 205 215 235 276 304 307 
15 43 79 92 104 112 115 119 134 143 175 193 214 226 265 323 
10 33 46 52 179 180 192 208 234 244 285 
7 76 103 120 122 217 248 274 
10 37 49 66 96 190 197 218 228 307 310 
10 5 16 130 183 201 213 236 286 302 315 
11 31 129 151 190 195 212 235 242 264 283 317 
13 10 52 91 114 127 133 155 158 160 176 237 261 274 
7 90 116 127 209 228 285 318 
6 60 86 127 159 171 218 
10 13 52 76 196 210 238 241 266 269 301 
10 18 27 66 98 179 236 253 303 306 315 
9 19 97 102 220 237 238 251 306 313 
16 10 23 26 32 42 62 170 207 210 214 216 219 261 284 300 324 
8 66 77 79 133 165 190 191 298 
10 87 90 123 136 153 185 207 226 288 325 
10 62 70 117 124 165 170 204 206 260 287 
5 104 127 193 216 280 
11 5 40 61 63 99 109 120 199 246 302 312 
10 22 26 27 74 114 145 154 201 204 215 
13 6 63 134 163 173 186 215 225 238 271 280 285 322 
11 5 19 38 77 97 116 141 189 197 298 300 
5 196 234 301 309 323 
12 22 88 106 112 122 143 144 150 192 204 315 327 
12 38 90 102 107 147 157 191 210 211 243 246 269 
10 3 19 74 79 126 139 204 208 257 271 
11 8 80 82 90 194 223 231 245 267 268 317 
8 16 99 154 195 200 256 267 299 
8 22 74 89 157 204 248 249 328 
7 43 149 160 203 302 309 323 
9 30 88 143 144 190 259 301 302 307 
5 29 145 243 244 318 
8 2 43 125 153 217 228 286 325 
7 71 90 94 153 156 257 315 
17 3 19 75 78 93 127 140 155 179 187 211 251 262 269 276 280 301 
14 4 73 109 116 120 121 136 192 206 266 278 294 297 323 
11 21 27 55 67 104 137 157 163 240 247 326 
9 0 39 50 71 195 199 223 246 308 
8 66 88 112 119 128 153 237 287 
12 1 7 13 65 85 87 100 155 179 182 301 315 
9 57 88 101 157 172 189 217 257 304 
9 46 49 65 70 91 131 159 264 324 
10 3 10 19 47 104 107 114 158 273 327 
13 52 96 124 136 181 193 213 241 265 282 302 304 317 
8 0 4 39 52 69 82 191 197 
9 124 188 196 202 250 265 275 313 329 
13 32 41 89 121 151 177 198 203 229 262 274 305 308 
14 41 73 103 126 147 161 183 201 203 211 271 275 308 322 
9 13 71 95 110 119 150 162 166 284 
6 227 242 266 278 294 297 
10 8 59 110 115 135 139 176 201 234 288 
9 12 58 80 135 153 160 197 240 315 
6 41 43 215 222 258 281 
10 13 91 157 163 181 182 189 193 222 329 
9 63 85 109 126 161 189 217 269 278 
11 6 26 93 148 209 215 228 253 271 295 329 
12 6 9 54 58 120 141 153 227 263 285 292 327 
4 36 162 194 219 
11 8 29 37 43 52 55 88 96 219 256 266 
14 35 36 44 108 113 153 176 236 263 282 292 320 322 323 
4 103 132 203 225 
12 48 59 88 91 109 132 255 263 265 268 312 314 
10 101 141 154 160 190 202 246 280 300 323 
11 7 22 29 35 46 66 82 100 104 126 287 
4 41 106 252 312 
11 2 56 132 135 176 178 184 218 249 272 294 
12 40 72 118 148 168 216 224 231 277 279 304 324 
8 69 98 99 170 243 293 311 324 
13 6 16 35 91 111 134 165 181 184 190 221 294 317 
7 21 41 84 99 111 129 207 
10 71 93 106 162 168 198 204 272 279 291 
9 51 110 134 149 225 237 270 302 314 
10 10 31 112 165 247 250 252 292 318 323 
10 9 27 96 106 172 197 232 267 274 327 
15 21 43 55 72 76 138 178 192 234 236 252 270 272 285 287 
11 15 84 156 185 188 189 201 226 240 249 282 
9 21 26 77 110 115 217 218 264 284 
5 10 112 217 252 323 
10 9 37 46 56 106 136 201 215 225 245 
13 18 64 82 91 110 143 173 182 262 265 282 303 321 
13 99 102 122 162 186 211 216 238 246 275 278 291 296 
8 59 92 154 171 256 261 265 324 
7 33 59 108 138 164 233 290 
10 24 45 49 71 149 194 198 237 264 311 
19 5 52 72 87 95 126 136 155 156 160 176 185 236 238 271 307 314 321 326 
11 16 67 124 128 138 168 191 225 278 319 321 
11 54 58 60 105 106 119 153 181 257 285 287 
8 13 61 226 240 245 271 276 286 
10 14 115 132 257 261 294 298 316 322 325 
21 35 44 79 85 99 102 112 122 136 144 166 172 208 211 225 253 283 284 301 312 315 
7 16 92 149 243 288 305 312 
11 17 21 171 184 234 250 266 270 293 296 305 
8 9 25 93 100 152 189 197 280 
9 34 69 172 204 239 267 280 308 323 
16 50 56 61 99 121 146 176 193 199 211 247 265 277 292 295 322 
8 11 82 129 142 196 223 278 313 
14 25 55 70 92 96 98 207 229 254 265 277 293 305 326 
10 29 36 54 93 185 206 241 281 294 308 
7 35 42 43 58 159 166 293 
11 13 14 35 36 69 87 100 152 156 170 273 
7 107 136 157 158 190 261 271 
14 38 41 122 126 130 138 177 247 250 263 285 293 315 323 
13 9 90 123 128 137 147 180 184 258 282 287 289 292 
11 106 117 144 150 162 226 240 256 259 279 288 
7 15 94 100 143 174 246 285 
8 40 44 70 96 97 188 271 282 
9 51 113 149 171 178 181 226 240 321 
8 102 122 187 205 212 279 320 325 
10 6 19 24 35 53 58 76 125 139 218 
15 33 61 62 81 150 154 157 163 177 204 212 253 307 312 316 
13 22 26 124 142 169 201 213 221 225 230 280 311 320 
12 93 111 132 139 196 209 220 221 234 262 305 326 
5 23 133 154 202 270 
11 10 44 65 77 124 129 155 191 231 234 257 
13 17 34 77 90 138 168 169 237 281 282 287 302 323 
13 30 33 49 97 116 121 143 154 202 203 318 324 325 
12 27 81 109 124 143 147 160 191 195 221 275 300 
10 51 71 75 107 124 228 237 238 284 288 
7 18 31 37 80 130 213 220 
10 8 48 53 56 71 116 156 160 172 195 
8 8 73 101 185 187 258 274 301 
14 9 12 17 55 97 146 155 157 209 252 255 280 281 300 
12 1 6 18 31 47 100 103 119 152 203 236 286 
12 3 12 53 76 107 118 128 163 252 262 275 325 
13 63 68 88 132 184 196 202 214 224 230 242 280 292 
10 36 47 55 77 103 139 144 150 279 300 
9 73 143 157 169 179 197 217 234 259 
11 74 93 139 141 142 143 177 199 222 263 306 
8 28 35 67 88 121 128 168 276 
10 31 50 93 103 108 133 181 250 298 301 
15 9 18 29 42 52 79 103 110 118 141 183 270 275 276 297 
9 14 44 103 189 211 238 250 279 285 
20 24 33 38 43 56 70 124 152 157 192 213 220 226 250 253 263 268 284 292 305 
7 8 204 232 257 258 272 306 
7 76 206 223 279 298 306 314 
8 66 83 99 137 227 275 287 302 
11 52 78 117 138 145 185 186 214 233 247 264 
10 23 60 93 121 139 163 178 184 219 329 
10 85 91 100 137 169 190 236 244 246 328 
330 1668
8 54 91 111 123 143 172 239 315 
6 83 85 96 192 254 279 
12 7 19 34 67 78 104 157 191 226 234 252 290 
11 11 46 66 79 119 179 204 233 249 283 307 
8 23 66 192 195 196 200 270 298 
11 14 36 91 108 115 143 151 224 245 270 294 
11 19 134 142 146 152 185 191 221 225 287 304 
10 2 25 57 80 125 147 159 213 219 244 
6 13 109 167 185 268 297 
8 58 70 88 108 153 158 195 207 
12 28 39 78 94 145 161 179 201 208 273 319 320 
4 3 84 229 259 
9 23 83 89 139 165 182 185 194 244 
12 8 68 70 107 112 127 134 169 206 258 279 313 
10 5 50 89 131 145 187 253 261 280 287 
9 26 78 102 114 116 147 224 244 289 
11 86 89 118 147 182 242 268 295 299 307 314 
9 36 47 120 135 183 219 253 260 267 
14 61 69 78 79 86 97 100 125 132 150 182 190 231 277 
14 2 6 39 59 120 154 210 216 225 258 281 301 304 321 
7 44 65 87 129 131 158 202 
9 56 131 140 158 197 227 247 317 320 
9 95 111 119 135 273 275 295 326 327 
10 4 12 31 38 58 59 77 180 271 295 
6 182 193 203 275 306 310 
11 7 33 43 85 87 90 156 213 224 263 312 
13 15 74 81 82 172 186 191 223 225 228 243 257 312 
8 73 90 147 214 216 219 229 255 
7 10 32 142 146 273 309 324 
15 34 41 60 78 80 106 132 138 198 252 275 313 314 315 329 
9 44 76 90 149 206 211 245 273 292 
12 23 33 45 106 110 140 222 252 270 286 313 326 
9 28 84 111 126 198 202 247 287 288 
15 25 31 40 48 80 85 96 147 181 213 271 285 309 319 320 
7 2 29 101 183 247 306 323 
8 38 116 175 192 213 215 241 293 
12 5 17 87 129 142 164 219 221 236 247 290 300 
12 69 77 102 112 114 119 160 176 180 221 227 242 
9 23 35 175 195 224 249 263 264 265 
10 10 19 55 74 135 149 163 201 273 289 
13 33 78 92 100 120 123 143 206 230 266 296 306 329 
8 29 50 101 130 155 218 278 292 
5 236 237 260 305 318 
9 25 79 80 178 196 232 246 251 284 
12 20 30 46 63 64 67 73 135 187 232 245 329 
12 31 77 103 105 108 117 134 183 254 259 294 313 
10 3 44 47 54 166 198 214 228 230 235 
8 17 46 62 131 250 284 301 305 
10 33 68 82 118 200 205 249 255 261 322 
10 63 92 122 148 174 197 240 252 291 304 
8 14 41 129 143 219 290 308 312 
5 53 60 210 226 301 
11 77 86 99 111 120 132 184 196 215 250 288 
11 51 81 98 99 131 145 180 181 240 293 305 
6 0 46 81 156 204 299 
9 39 84 121 159 208 231 242 288 311 
7 21 84 144 159 205 304 314 
8 7 157 215 226 264 276 282 314 
9 9 23 96 113 138 199 214 260 318 
13 19 23 116 150 151 166 199 213 220 297 309 316 320 
10 29 51 152 213 230 233 266 277 280 297 
13 18 79 91 93 157 200 232 238 241 253 265 313 314 
6 47 67 72 174 225 245 
10 44 49 107 134 135 138 177 183 219 312 
3 44 266 320 
9 20 107 118 162 166 173 217 243 272 
14 3 4 67 68 83 102 130 133 203 227 258 274 291 309 
8 2 44 62 66 102 217 239 324 
12 13 48 66 125 144 159 165 191 223 289 299 303 
17 18 37 88 92 117 127 135 138 159 170 184 191 205 220 239 250 280 
11 9 13 139 199 203 210 244 260 262 273 282 
10 82 96 131 151 164 207 222 236 294 324 
12 62 95 98 106 122 131 160 215 257 273 301 304 
14 27 44 75 77 87 102 139 150 182 191 205 236 245 321 
10 26 39 89 137 145 219 220 229 232 290 
9 73 80 85 131 145 166 230 293 318 
9 30 107 135 138 153 222 225 276 277 
14 23 37 45 52 73 88 112 113 151 171 224 241 247 287 
13 2 10 15 18 29 40 97 117 121 195 199 224 229 
12 3 18 43 61 94 131 155 228 230 238 265 283 
14 7 29 33 43 75 85 102 119 179 195 246 307 313 327 
9 26 53 54 143 151 158 208 240 302 
11 26 48 71 128 200 206 220 243 248 252 282 
7 1 12 66 156 214 226 245 
12 11 32 55 56 110 194 206 214 216 291 296 313 
10 1 25 33 75 80 114 122 131 139 193 
13 16 18 52 118 201 202 210 218 221 234 272 282 284 
12 20 25 36 73 88 105 122 173 198 202 276 321 
17 9 69 77 87 112 117 121 132 181 189 199 248 289 297 301 317 327 
11 12 14 16 74 116 131 157 190 196 230 247 
11 25 27 30 132 136 165 179 211 282 291 293 
8 0 5 61 105 136 223 263 265 
10 40 49 69 136 161 174 201 256 265 297 
7 61 161 198 228 243 258 282 
7 10 79 164 213 222 296 313 
8 22 72 143 240 288 290 307 326 
9 1 33 58 71 130 141 194 217 269 
12 18 78 99 113 128 135 152 239 291 293 299 323 
9 53 72 120 141 197 220 262 266 271 
10 52 53 97 115 160 254 262 291 325 327 
14 18 40 124 127 143 144 152 173 196 259 267 311 324 327 
14 34 41 126 163 165 223 251 273 276 280 294 298 323 325 
14 15 37 66 67 73 80 105 128 137 140 193 247 289 326 
8 45 136 160 177 192 214 246 264 
6 2 183 207 232 269 305 
11 45 87 91 102 136 141 184 222 256 301 310 
8 29 31 72 117 141 180 190 237 
12 13 63 65 76 178 230 254 259 267 274 291 313 
9 5 9 45 132 136 141 173 289 312 
10 8 121 145 177 209 277 310 322 323 325 
7 31 84 188 221 286 306 311 
7 0 22 32 52 136 280 291 
12 13 37 77 88 132 202 219 234 248 281 288 327 
7 58 77 97 151 158 219 266 
10 15 37 85 122 145 156 162 170 273 276 
9 5 99 123 130 164 175 194 279 288 
12 15 35 59 89 129 133 191 230 245 290 306 329 
14 45 69 78 88 106 126 135 140 155 196 217 247 256 288 
8 16 48 65 86 131 203 236 312 
7 3 22 37 80 200 215 248 
9 17 19 40 52 98 194 224 255 261 
6 55 78 88 109 230 270 
10 49 72 85 87 114 174 191 217 258 314 
9 0 40 115 182 228 236 294 296 327 
8 100 133 160 200 207 242 253 289 
5 7 18 68 135 318 
9 32 101 117 159 168 183 208 311 325 
11 13 69 100 133 192 222 229 258 282 293 324 
16 82 97 102 129 158 188 190 202 209 223 230 245 262 264 288 304 
9 20 36 50 116 128 205 222 271 273 
15 41 66 96 115 137 191 193 194 220 227 242 257 269 270 318 
17 14 20 21 47 53 71 72 75 79 85 89 118 179 183 291 311 320 
17 18 29 52 88 90 108 112 144 177 190 218 221 244 250 256 306 324 
9 66 116 124 127 214 243 260 301 317 
9 6 13 45 63 248 266 270 274 280 
16 17 22 39 44 63 69 76 97 117 125 144 191 229 298 318 320 
14 90 91 92 103 105 108 111 138 157 184 192 263 277 322 
10 74 102 130 169 178 226 245 275 294 313 
15 29 58 63 69 76 136 139 201 208 244 266 299 310 322 324 
12 12 70 73 85 138 168 175 177 193 283 299 316 
10 21 31 102 117 145 173 176 225 259 273 
11 96 98 105 106 108 142 151 159 178 229 308 
7 6 28 36 141 145 215 226 
8 0 5 40 50 81 95 100 202 
10 56 68 100 132 135 182 244 247 281 287 
15 10 14 53 74 75 109 114 140 142 166 201 203 233 244 329 
6 6 28 182 189 243 298 
9 7 15 16 27 33 191 247 258 259 
5 49 167 223 233 239 
7 30 39 192 202 207 302 312 
6 18 59 73 183 234 272 
12 5 59 71 77 81 113 141 218 275 277 304 323 
7 6 60 97 100 175 228 284 
7 9 76 163 199 211 283 284 
8 19 160 170 184 198 214 222 248 
11 41 79 117 168 173 187 193 235 240 288 309 
7 25 54 83 114 183 238 249 
11 2 57 61 89 136 218 253 267 297 304 314 
9 9 20 21 81 113 128 206 207 269 
11 7 55 56 68 69 126 141 216 265 269 302 
12 37 72 99 103 124 154 172 186 195 204 249 322 
8 10 92 93 168 172 185 236 258 
5 65 114 186 215 238 
10 39 101 153 186 204 229 231 285 303 328 
5 36 71 94 115 302 
10 12 68 90 101 175 213 225 228 277 326 
12 46 59 65 75 145 171 190 232 277 278 284 293 
10 8 148 179 247 252 254 279 307 318 322 
6 126 139 155 161 228 276 
8 13 137 186 210 215 216 241 242 
9 69 114 154 196 248 260 277 310 323 
7 77 166 186 213 292 300 316 
11 0 26 160 161 210 227 243 247 286 292 307 
10 65 87 100 108 140 155 195 234 248 274 
9 49 62 92 122 180 185 251 324 327 
11 35 38 115 139 152 165 197 241 269 272 277 
7 37 140 233 303 314 316 322 
10 63 103 109 132 139 200 205 239 297 323 
5 43 107 137 141 280 
11 3 10 80 90 131 167 182 209 217 255 301 
14 23 37 53 106 174 182 198 214 218 232 252 274 324 327 
7 33 53 88 186 199 212 219 
19 12 16 18 24 73 123 144 146 179 180 193 194 207 233 275 276 293 321 324 
13 17 34 45 63 104 126 131 150 156 225 251 270 282 
9 52 69 105 136 154 186 201 266 282 
10 6 8 12 161 174 217 224 226 269 325 
12 26 160 162 163 169 171 181 184 191 194 204 224 
7 14 44 155 222 232 251 279 
4 110 128 276 326 
4 88 146 215 217 
13 18 89 106 128 132 166 199 240 242 284 288 308 310 
19 2 6 26 68 69 73 116 122 130 135 147 186 218 219 261 272 276 284 286 
12 1 4 35 103 127 136 149 198 221 276 286 300 
10 24 85 102 130 139 155 182 272 277 317 
13 12 84 96 115 120 130 182 186 205 242 251 261 266 
10 4 9 38 78 80 160 173 225 270 302 
13 4 43 52 89 100 117 170 213 217 238 259 278 307 
7 21 49 98 175 229 271 307 
11 29 32 46 87 93 154 180 192 244 252 288 
12 58 59 70 78 88 153 181 190 207 229 301 323 
13 4 48 61 82 119 124 177 204 253 273 278 300 329 
11 10 39 86 92 138 145 184 216 248 259 305 
13 20 32 86 87 112 128 143 149 242 249 267 286 303 
8 24 66 70 118 145 280 292 309 
11 3 54 160 163 186 200 229 242 258 266 287 
8 48 56 69 73 129 177 194 318 
10 13 30 40 82 84 158 246 281 309 312 
14 9 71 104 124 149 158 182 199 210 231 244 263 297 314 
12 10 55 81 126 138 214 217 244 257 260 324 326 
7 109 128 179 215 282 293 329 
8 19 51 70 86 169 172 207 258 
6 30 90 153 285 304 328 
4 181 250 268 309 
17 7 25 33 35 59 60 94 165 171 196 227 242 275 279 290 318 321 
14 27 46 58 83 84 103 133 154 180 208 237 249 299 323 
14 35 52 57 72 119 142 162 169 189 209 225 279 296 328 
8 19 27 84 159 169 201 280 307 
15 65 67 96 117 122 179 185 189 196 208 227 256 263 292 317 
11 41 86 132 151 157 180 191 233 249 263 291 
15 7 17 27 36 50 63 74 112 113 181 191 247 280 296 320 
9 59 69 74 82 98 130 264 293 319 
9 6 36 37 86 110 132 192 225 241 
13 31 71 76 94 105 127 129 154 187 263 276 286 295 
12 26 68 91 101 128 148 238 262 285 305 314 327 
10 5 15 25 38 77 78 120 185 186 249 
18 6 19 26 62 76 140 165 183 195 215 221 229 247 248 268 275 284 290 
13 2 51 57 83 137 142 185 227 242 252 262 291 315 
11 21 37 66 130 172 213 217 226 238 243 317 
14 26 46 79 93 123 152 165 168 239 248 272 293 302 318 
20 11 27 74 78 127 135 141 163 197 199 204 225 246 249 258 283 294 322 325 329 
12 40 46 60 75 79 89 107 116 121 128 303 326 
4 18 55 163 207 
15 43 44 61 74 104 166 180 187 239 242 251 269 291 296 311 
10 3 60 145 148 176 182 218 281 301 305 
8 2 86 112 150 173 252 259 315 
5 46 155 274 282 313 
8 36 42 71 73 118 123 161 247 
10 42 106 214 239 242 252 287 294 307 325 
10 61 79 156 162 196 223 227 289 296 324 
11 0 67 69 97 148 177 228 232 237 255 282 
7 49 53 81 95 155 190 241 
9 35 61 77 169 175 221 240 264 306 
17 16 37 55 124 130 169 190 194 202 204 213 226 232 237 264 276 322 
11 26 65 82 93 133 146 172 227 251 267 275 
14 7 12 15 70 132 138 144 145 198 207 208 260 274 325 
13 5 30 44 62 73 83 116 128 137 247 264 293 325 
6 43 80 103 206 229 314 
21 21 32 34 36 77 89 102 117 144 147 167 172 219 225 236 245 251 268 276 309 327 
13 82 88 112 119 134 154 170 173 201 225 228 295 310 
12 3 38 48 156 160 202 214 218 224 229 300 311 
7 47 52 69 132 212 268 301 
11 43 101 174 183 187 194 232 243 247 258 315 
14 2 29 31 49 82 167 180 198 226 234 237 291 319 326 
9 14 17 61 124 157 200 273 283 300 
6 1 45 99 107 167 326 
6 27 48 120 179 239 266 
6 92 105 117 132 217 266 
6 26 72 130 208 308 320 
15 13 19 66 93 122 127 147 161 204 210 229 251 275 276 320 
10 11 45 100 107 140 147 196 201 234 315 
10 17 42 58 70 133 170 208 244 321 325 
8 14 48 120 191 194 283 303 308 
6 70 98 99 128 223 226 
9 25 38 91 136 207 217 218 222 294 
9 38 57 103 128 220 241 242 245 275 
9 38 61 79 91 92 159 293 306 323 
12 40 60 64 98 113 134 138 184 194 204 255 256 
10 17 100 107 157 202 243 276 288 300 315 
7 8 16 212 225 247 250 303 
10 96 104 130 158 159 175 185 232 280 284 
8 4 5 31 121 130 134 183 195 
7 23 33 98 129 197 275 318 
9 65 86 150 175 191 193 228 279 326 
15 10 22 28 30 39 70 72 101 114 129 140 200 253 280 314 
10 66 107 134 173 180 235 244 284 301 316 
13 22 24 29 137 151 182 213 225 243 258 264 271 311 
15 57 76 87 101 114 168 182 188 191 192 222 242 247 258 267 
12 18 60 76 109 136 151 165 166 170 175 193 281 
4 41 166 196 200 
8 1 13 115 167 187 213 215 272 
17 14 60 69 101 111 134 178 203 216 219 269 273 281 284 289 307 314 
11 19 112 144 206 233 277 280 292 297 299 312 
14 57 70 82 86 90 93 127 183 184 209 235 239 310 329 
9 3 79 139 153 229 253 261 298 328 
14 43 47 86 152 153 166 190 191 225 269 274 280 318 327 
6 33 163 211 223 292 298 
7 31 110 172 191 192 202 222 
7 6 14 32 77 144 204 237 
13 32 52 55 95 112 115 117 128 155 190 198 267 319 
10 15 39 68 88 102 108 124 238 280 304 
9 2 36 50 74 95 116 213 225 291 
14 49 66 84 90 97 99 107 111 131 218 226 232 252 290 
9 30 41 171 172 203 217 281 285 305 
14 35 53 75 90 97 127 166 182 209 220 228 245 265 294 
10 5 45 71 101 123 137 229 237 263 293 
6 16 22 23 222 248 329 
9 40 84 94 123 215 219 232 238 314 
10 8 59 60 88 92 157 177 207 281 312 
8 4 101 135 146 283 285 310 312 
8 16 54 68 97 138 139 214 281 
7 36 171 192 200 249 253 267 
13 19 47 51 72 88 105 133 179 199 233 250 274 327 
6 81 149 159 164 195 228 
7 68 163 176 202 230 261 268 
11 6 19 49 56 72 128 151 157 211 289 310 
9 42 47 53 104 201 223 233 292 313 
8 24 34 40 110 116 132 241 265 
12 3 16 80 95 167 172 196 197 216 237 280 321 
5 50 141 190 257 261 
10 28 33 59 66 155 203 206 212 247 317 
10 24 105 109 138 170 190 248 282 298 304 
9 55 100 110 126 131 232 249 275 317 
12 25 26 50 63 108 118 149 206 281 297 298 314 
12 13 29 31 45 61 80 84 94 107 137 235 305 
17 16 29 56 57 61 122 157 176 207 223 246 273 280 296 312 316 323 
7 0 29 226 234 251 259 267 
6 59 139 171 176 274 314 
8 21 88 133 193 217 227 309 311 
12 42 58 75 125 130 135 167 205 213 228 271 284 
5 10 33 220 252 288 
10 10 21 33 59 64 131 135 219 257 258 
8 19 73 87 182 213 260 307 322 
10 48 109 136 138 160 167 176 229 242 321 
13 34 97 101 109 151 170 177 199 214 265 314 326 328 
12 28 67 71 100 127 132 138 174 180 182 208 238 
10 99 101 109 126 185 229 237 244 245 260 
12 22 31 95 102 165 188 208 230 252 254 272 323 
13 22 80 88 99 100 112 123 174 180 223 247 284 301 
5 163 211 215 283 323 
10 29 40 44 116 145 200 209 229 282 295 
