390 1924
11 17 59 85 113 116 158 188 263 317 356 358 
13 10 19 29 81 120 176 254 255 277 294 329 376 377 
9 4 9 118 140 194 233 240 315 352 
19 7 25 31 45 46 64 99 132 135 144 180 194 218 234 269 329 352 356 370 
6 2 119 226 285 293 302 
8 9 51 66 228 234 324 333 335 
11 15 87 107 151 156 169 214 263 271 281 328 
6 3 11 17 125 169 222 
12 26 64 69 89 103 123 151 161 197 215 351 364 
5 2 5 210 308 346 
11 1 37 43 61 104 178 190 266 286 318 327 
16 7 31 64 68 90 109 168 197 203 248 254 259 271 313 329 352 
10 32 96 164 228 234 270 274 280 341 388 
11 42 93 201 206 280 293 310 334 344 353 385 
13 24 45 103 116 121 125 150 224 235 326 328 343 371 
10 6 47 63 102 105 130 143 213 245 298 
11 19 49 58 112 117 149 167 181 273 288 349 
19 0 7 25 37 55 60 91 101 110 160 193 202 207 251 257 266 270 327 354 
13 89 136 148 173 186 230 285 293 341 367 368 380 384 
9 1 16 68 128 194 203 213 225 389 
3 56 281 385 
9 84 161 194 213 296 313 324 327 362 
2 41 44 
8 49 69 97 145 165 213 244 312 
6 14 95 174 208 361 384 
9 3 17 37 129 159 300 301 335 344 
12 8 84 111 135 151 183 195 227 268 294 342 359 
9 57 109 144 177 192 251 255 328 358 
10 60 133 137 156 194 195 232 273 311 329 
14 1 49 85 87 92 111 156 194 207 257 280 325 369 375 
7 45 50 150 220 242 278 335 
13 3 11 64 91 158 161 248 265 272 296 309 371 375 
15 12 74 90 96 106 138 202 204 250 260 270 308 335 366 371 
6 67 96 303 330 371 373 
6 46 246 283 359 364 376 
9 62 71 112 124 136 175 223 244 298 
10 49 59 107 150 156 160 175 266 294 297 
10 10 17 25 124 126 138 154 157 197 234 
13 74 76 92 124 134 199 241 303 312 319 338 358 363 
7 71 77 180 197 244 306 366 
14 54 102 104 113 152 178 193 217 227 236 268 286 306 367 
8 22 82 114 294 305 307 312 383 
9 13 104 187 223 289 300 309 312 354 
12 10 74 228 245 257 274 286 304 329 338 342 381 
9 22 55 118 129 188 211 228 261 310 
16 3 14 30 67 93 108 146 158 164 180 268 298 310 340 368 371 
5 3 34 195 232 360 
5 15 125 148 249 366 
9 51 80 107 112 235 245 302 303 360 
15 16 23 29 36 61 81 115 190 194 221 274 302 323 368 388 
7 30 77 187 297 298 319 348 
13 5 48 61 81 97 98 103 124 145 177 218 219 373 
8 61 80 100 225 241 289 297 357 
5 152 179 202 256 380 
7 40 96 109 148 206 231 380 
15 17 44 61 121 132 149 155 209 247 253 286 300 319 336 342 
12 20 59 116 164 218 242 266 287 326 358 360 382 
11 27 116 131 132 198 211 287 293 302 307 337 
10 16 114 174 178 267 279 336 348 368 386 
18 0 36 56 61 68 72 73 82 153 158 188 213 215 222 283 331 345 368 
9 17 28 72 125 175 184 266 320 365 
10 10 49 51 52 55 59 79 273 292 314 
6 35 65 108 277 329 363 
8 15 157 211 227 284 291 292 364 
8 3 8 11 31 68 112 186 364 
6 62 74 168 212 263 367 
10 5 139 149 157 166 175 202 289 296 378 
9 33 45 115 179 185 206 218 231 359 
12 11 19 59 64 119 169 171 182 245 269 301 305 
7 8 23 110 163 192 251 343 
6 86 98 132 175 218 305 
13 35 39 76 165 239 244 253 263 267 270 328 366 373 
8 59 60 154 155 175 327 363 382 
10 59 94 97 126 132 203 233 301 328 345 
14 32 38 43 65 155 174 191 221 237 241 292 354 370 383 
10 109 138 173 203 243 257 278 329 353 354 
14 38 71 109 120 131 223 227 242 268 275 280 287 346 386 
11 39 50 85 105 125 138 164 246 250 298 351 
6 183 200 252 285 355 364 
10 61 118 177 242 254 287 309 330 367 377 
9 48 52 185 200 225 263 344 376 389 
9 1 49 51 123 139 142 218 229 334 
12 41 59 85 119 139 184 219 255 257 275 334 352 
10 84 98 114 118 204 220 248 283 341 361 
11 21 26 83 115 121 157 176 230 250 317 382 
16 0 29 77 82 109 112 122 158 162 174 197 218 247 290 314 377 
4 70 162 255 343 
9 6 29 104 172 180 188 202 312 379 
9 115 155 221 248 274 287 328 339 381 
9 8 18 123 137 177 195 225 276 309 
10 11 32 95 142 182 195 244 253 263 377 
6 17 31 128 203 258 330 
13 29 38 115 137 257 266 271 272 275 293 322 359 366 
11 13 45 141 183 236 250 260 271 313 339 369 
11 73 122 156 199 201 291 318 344 359 370 381 
14 24 90 100 112 116 186 210 246 250 280 282 305 306 329 
14 12 32 33 54 119 132 144 198 210 324 333 336 365 371 
13 23 51 73 99 145 175 183 253 277 300 350 367 386 
11 51 70 83 111 181 230 294 300 324 344 359 
6 3 97 156 165 219 258 
8 52 95 132 133 156 167 172 377 
12 17 145 157 211 227 242 264 289 322 325 368 388 
13 15 40 132 146 147 159 222 248 291 307 340 354 381 
8 8 14 51 118 281 323 325 342 
15 10 40 42 87 140 151 174 179 182 188 203 252 369 377 389 
6 15 77 120 129 250 292 
4 32 139 255 311 
10 6 36 48 135 159 181 185 273 338 339 
7 45 62 186 215 246 291 314 
11 11 27 54 75 76 85 197 228 246 288 376 
13 17 69 125 128 138 189 209 236 287 288 326 330 336 
8 26 29 98 138 157 163 167 342 
13 16 35 48 64 85 95 172 213 215 332 352 375 386 
13 0 40 115 156 179 190 228 282 325 336 343 380 386 
8 41 58 83 174 268 330 345 369 
15 49 67 84 88 92 113 134 154 182 183 198 255 279 319 369 
12 0 14 56 57 95 193 239 256 299 321 333 376 
10 16 130 141 222 228 244 259 328 336 364 
12 2 44 79 83 103 130 211 247 322 353 372 380 
7 4 68 82 96 216 224 232 
11 1 76 105 138 216 222 234 297 362 385 387 
11 14 55 84 159 167 175 184 217 226 308 316 
9 85 94 124 179 208 230 305 329 378 
10 8 81 89 174 199 260 301 318 362 368 
10 35 37 38 51 122 151 247 332 369 377 
13 7 14 47 60 77 110 140 153 169 187 258 260 337 
7 37 73 129 135 218 357 379 
9 131 140 164 186 193 237 281 314 387 
11 19 91 110 173 205 217 226 266 339 364 367 
8 25 44 105 126 171 209 231 369 
10 15 117 118 168 177 283 305 320 362 365 
5 57 76 127 144 325 
14 3 55 57 70 73 96 100 102 156 179 286 320 355 372 
7 28 100 172 179 311 325 358 
9 38 115 140 151 252 256 257 327 348 
8 3 26 107 126 155 236 254 288 
8 18 35 138 161 163 228 306 342 
10 28 89 92 158 179 236 305 309 353 376 
12 32 37 75 77 110 111 120 136 160 175 351 360 
9 66 81 82 106 154 204 218 316 376 
12 2 104 125 127 134 177 264 318 351 358 379 382 
10 93 117 153 159 162 196 239 252 265 376 
3 81 90 213 
8 15 155 164 200 205 228 270 314 
10 3 27 96 131 187 197 275 323 330 335 
10 23 51 97 101 161 210 221 286 289 355 
6 45 102 174 216 257 389 
13 102 155 196 202 203 209 232 237 240 358 366 378 383 
11 18 47 54 189 191 202 237 300 303 326 351 
14 16 55 66 151 167 179 193 209 218 261 287 328 334 372 
11 14 30 36 155 200 267 289 312 329 337 385 
14 6 8 26 104 124 134 149 201 257 262 279 330 368 375 
6 40 53 309 316 343 375 
14 59 125 141 154 177 199 225 234 260 283 301 362 366 381 
9 37 72 115 139 153 255 312 334 357 
14 55 72 74 88 135 143 147 150 199 219 263 303 358 364 
14 6 28 29 36 94 99 100 113 132 200 248 290 355 368 
8 37 63 66 84 101 111 366 381 
11 0 31 45 59 85 137 183 220 266 313 362 
10 25 102 107 121 141 169 213 311 351 370 
11 17 36 138 206 210 232 233 301 313 334 361 
7 8 21 31 136 145 335 354 
9 85 86 141 202 250 305 306 378 380 
10 69 111 136 190 214 222 297 308 345 383 
13 12 45 56 77 127 143 219 287 325 349 350 361 379 
8 23 71 99 168 214 253 296 304 
7 66 253 272 291 352 363 383 
9 16 100 111 121 149 316 317 333 359 
9 11 65 130 165 239 261 308 341 353 
10 6 7 68 125 159 216 227 335 367 376 
9 200 239 285 308 314 315 329 366 379 
6 68 129 315 336 348 353 
10 87 100 112 133 192 217 271 347 364 389 
7 18 75 128 175 240 264 288 
14 24 58 74 85 104 114 123 146 180 194 210 252 318 345 
19 35 36 60 66 70 72 97 121 138 173 239 258 273 294 315 347 372 385 386 
9 1 84 180 214 241 255 263 323 324 
10 27 51 79 89 130 140 153 302 381 389 
7 10 40 58 293 322 351 384 
10 53 67 104 113 122 132 133 137 149 204 
12 3 39 45 87 174 176 200 219 311 316 336 346 
13 16 98 107 194 206 228 240 245 278 294 295 346 388 
5 68 90 104 115 235 
9 26 78 93 97 115 158 202 274 340 
7 60 82 121 247 267 308 389 
8 67 80 107 198 205 213 215 216 
11 18 64 95 108 127 224 268 299 346 374 377 
10 42 50 125 144 200 202 203 210 277 321 
8 0 44 59 87 104 215 301 344 
7 110 148 196 241 284 314 349 
8 10 49 113 163 241 301 315 323 
8 74 148 211 255 267 303 304 331 
11 27 69 172 213 266 313 322 327 328 370 382 
10 17 40 116 127 149 220 241 302 311 338 
15 2 3 19 21 28 29 49 174 181 242 288 295 300 342 371 
9 26 28 46 89 90 238 278 295 301 
4 141 147 189 261 
12 8 11 37 39 85 109 144 199 220 229 250 273 
11 57 96 115 185 212 230 235 267 377 378 385 
9 38 94 123 153 155 197 203 270 339 
13 78 80 143 150 156 170 180 187 267 328 362 386 388 
7 13 94 151 262 306 332 364 
16 17 32 53 66 87 147 148 162 183 187 228 233 251 261 308 337 
12 11 19 73 75 91 104 147 187 199 306 321 347 
9 32 83 139 179 219 274 290 335 364 
7 128 143 185 304 308 346 387 
6 13 54 67 160 181 356 
4 17 29 217 389 
4 24 122 242 321 
7 55 110 129 147 149 248 296 
8 9 95 96 145 160 174 187 222 
9 44 57 63 101 118 191 217 247 337 
6 65 198 220 245 293 318 
16 15 19 21 23 59 112 142 159 185 192 233 246 252 257 260 363 
8 6 163 165 176 270 297 310 314 
9 8 59 108 112 185 188 229 268 339 
12 119 120 146 169 185 226 238 251 261 297 334 389 
11 40 121 128 172 207 211 226 265 297 318 361 
15 3 51 56 67 70 81 85 126 139 149 226 249 257 349 366 
10 51 82 99 155 164 180 204 244 288 307 
11 30 83 158 193 197 212 242 266 359 361 383 
9 49 74 88 145 226 266 300 306 308 
15 7 59 102 117 120 163 210 236 240 265 272 277 286 311 359 
5 35 42 76 284 319 
11 14 119 186 266 267 292 294 297 300 368 377 
7 19 52 80 89 153 306 340 
10 4 121 128 216 217 218 221 256 313 345 
15 26 40 63 76 101 169 239 245 314 317 324 338 355 357 358 
14 5 12 43 44 109 113 117 136 143 181 202 233 250 291 
5 81 197 215 266 340 
9 18 84 98 122 198 233 302 364 377 
7 54 67 129 301 312 316 364 
11 28 46 119 147 160 277 285 310 340 354 369 
11 2 73 160 202 213 228 230 256 280 387 389 
11 3 5 12 37 120 153 249 308 364 371 377 
8 14 48 182 198 281 297 307 320 
16 40 93 110 135 137 222 242 244 275 291 319 322 349 357 368 374 
7 74 127 147 148 338 364 376 
9 195 216 257 273 293 298 304 319 351 
9 71 116 141 168 170 175 227 334 353 
9 2 147 173 181 222 282 338 345 365 
8 38 52 74 176 189 190 193 269 
14 30 56 76 79 101 194 208 220 236 269 303 340 345 349 
2 75 256 
14 23 35 39 71 90 117 219 236 299 331 351 352 364 365 
11 15 43 48 68 181 212 227 264 285 334 348 
10 34 77 95 108 109 213 279 327 343 349 
10 55 85 118 124 184 211 259 268 286 296 
11 11 31 83 88 102 156 209 267 283 374 379 
7 47 218 234 292 293 347 348 
11 32 77 84 93 95 105 162 197 228 309 371 
6 17 27 69 202 216 282 
6 78 104 134 141 174 213 
10 55 71 90 97 165 166 261 263 349 388 
7 1 11 79 135 360 375 384 
11 1 27 82 86 106 115 154 176 191 331 336 
8 53 116 134 226 233 243 343 377 
17 17 29 43 75 82 92 134 146 151 213 218 238 287 305 315 323 352 
6 91 99 125 175 298 321 
8 11 117 247 314 353 354 382 385 
7 32 93 123 125 153 213 347 
8 44 149 168 196 202 216 253 285 
5 151 201 267 285 372 
12 0 6 65 71 80 90 155 176 253 288 384 389 
6 101 140 173 245 372 380 
10 31 141 217 222 270 326 341 345 380 386 
17 10 17 36 56 60 92 128 158 192 220 221 224 229 274 301 340 357 
15 58 71 150 184 191 198 200 224 248 262 272 290 333 362 376 
13 26 40 45 76 114 186 215 247 284 296 324 327 379 
6 3 68 241 242 303 345 
11 12 17 32 71 143 199 214 265 271 330 333 
7 6 11 92 93 172 270 359 
8 31 92 166 222 267 300 327 373 
11 16 28 61 107 175 197 238 292 297 298 353 
8 12 43 49 88 183 204 266 355 
10 76 82 92 144 236 292 309 324 347 371 
4 89 292 308 387 
9 1 62 97 187 222 232 294 304 321 
4 30 75 181 195 
5 58 115 151 246 371 
11 12 13 29 76 95 233 309 317 319 321 350 
8 6 20 103 127 235 289 324 363 
5 95 113 240 251 332 
11 34 59 83 130 153 248 309 326 330 347 375 
8 63 189 223 268 311 318 364 374 
12 4 18 78 170 232 245 261 262 308 329 382 389 
10 10 40 43 55 132 145 222 247 314 364 
14 56 57 76 79 88 110 149 164 257 302 312 365 382 385 
9 16 109 110 135 173 194 219 263 320 
8 42 52 66 101 145 150 281 363 
9 85 156 204 267 304 348 351 353 377 
9 63 94 102 108 166 228 236 338 370 
13 61 63 74 105 224 249 273 275 276 309 343 350 363 
15 4 13 18 57 92 178 212 238 249 301 310 347 357 360 373 
11 1 26 36 41 98 175 181 224 277 333 352 
6 181 194 195 340 343 364 
9 21 31 66 165 209 247 268 331 354 
13 36 50 52 120 163 214 216 217 224 235 273 302 327 
8 15 35 45 50 77 238 258 273 
5 116 186 244 383 388 
14 25 42 55 97 98 148 194 221 224 272 318 342 380 381 
14 25 68 73 123 153 160 188 190 195 231 266 293 332 368 
11 4 48 49 57 177 193 230 287 297 315 350 
11 33 38 48 148 155 191 242 269 306 330 357 
7 43 165 191 205 238 277 290 
11 41 68 70 95 122 130 137 162 257 338 359 
12 39 40 95 136 162 201 203 221 225 303 309 358 
10 41 57 102 219 235 337 343 347 379 385 
17 9 32 121 163 168 170 184 202 205 221 234 276 285 311 328 362 379 
14 31 42 79 89 137 152 250 275 280 283 292 306 343 353 
7 13 44 45 214 232 293 322 
10 28 106 133 159 180 193 222 284 308 363 
13 23 38 41 42 87 150 154 231 287 334 362 365 379 
8 11 21 93 158 160 192 226 378 
13 61 85 108 127 143 170 189 214 227 259 286 322 361 
9 2 170 171 175 190 257 302 324 330 
7 121 139 152 167 180 231 366 
9 0 84 167 227 280 320 331 366 382 
14 10 94 123 140 174 212 217 284 300 332 356 362 379 385 
14 38 50 55 115 223 236 238 280 333 338 342 352 357 362 
9 60 130 132 235 288 317 343 345 356 
8 116 187 203 208 258 277 280 335 
10 92 101 118 178 192 236 310 314 356 362 
7 49 103 144 176 190 257 388 
11 5 21 96 98 176 227 268 275 281 315 342 
9 29 101 103 113 131 133 164 363 370 
9 14 56 110 148 265 283 347 357 387 
13 10 17 21 72 134 192 246 268 272 297 340 353 356 
14 6 14 27 71 73 88 117 149 192 200 308 365 373 377 
13 1 3 11 28 43 62 75 95 122 150 170 285 363 
11 33 79 91 110 114 144 151 270 283 303 315 
6 59 191 244 255 296 317 
6 112 124 201 282 301 318 
9 5 96 116 167 267 270 294 319 353 
10 13 81 82 149 154 160 216 239 245 312 
9 5 25 30 32 144 161 169 204 321 
10 55 58 96 110 113 117 171 180 255 375 
11 57 125 150 202 211 307 342 360 367 372 374 
10 38 43 107 193 227 237 240 291 305 319 
6 88 93 107 128 199 215 
10 45 102 183 225 229 232 242 266 295 327 
5 12 18 83 168 265 
12 26 43 55 103 111 136 194 300 319 324 337 351 
13 14 69 86 113 152 246 256 292 295 307 309 320 350 
8 13 25 80 94 98 188 346 383 
12 59 73 114 163 174 226 240 242 265 269 320 368 
8 9 76 180 181 186 205 344 349 
12 172 175 203 249 260 275 283 293 307 326 366 372 
9 50 58 134 171 245 249 290 372 383 
10 16 164 189 218 236 242 246 253 346 366 
6 97 164 280 292 302 343 
13 8 77 138 140 148 159 178 238 244 290 342 361 365 
10 2 3 11 82 112 166 244 257 294 319 
13 13 75 118 137 168 171 239 259 273 290 309 327 333 
9 17 42 74 75 102 161 232 259 296 
7 78 132 145 156 227 274 364 
7 0 3 206 318 320 322 327 
10 52 126 154 227 236 266 293 303 319 326 
11 0 27 38 56 133 140 147 155 227 306 363 
13 26 34 67 92 94 98 167 220 222 271 305 366 370 
9 46 48 56 138 254 293 337 363 381 
8 24 83 160 164 217 220 314 351 
13 21 120 123 130 153 158 200 267 308 312 318 319 322 
13 38 62 72 166 213 281 289 292 311 325 329 358 360 
21 8 34 63 64 78 117 128 155 172 201 204 230 231 234 237 244 284 286 295 355 374 
9 60 96 130 240 244 287 312 328 351 
16 32 39 47 71 92 147 153 157 170 218 316 317 347 349 359 387 
10 18 40 65 79 97 128 169 337 386 387 
13 18 45 49 58 59 101 123 151 156 224 236 301 345 
8 29 93 104 114 115 124 129 232 
8 3 74 94 159 192 291 325 359 
11 14 31 32 33 45 96 194 234 250 275 279 
10 118 132 149 175 262 264 337 347 348 388 
6 33 51 71 272 293 328 
6 186 236 248 284 337 364 
8 29 31 112 151 152 254 283 336 
11 1 34 80 109 116 137 139 141 169 237 267 
15 1 79 85 90 100 104 124 186 198 224 230 234 256 290 328 
6 66 122 147 162 198 313 
11 87 126 140 164 170 248 268 307 308 312 318 
9 18 53 54 113 118 162 264 265 300 
9 43 88 94 102 153 157 177 300 360 
9 56 72 84 140 192 259 285 287 317 
9 41 74 147 163 166 220 299 344 348 
5 18 24 178 254 263 
10 13 20 120 150 175 198 259 287 307 318 
9 58 76 97 112 113 175 200 265 367 
8 120 127 205 233 276 326 366 367 
9 12 49 101 181 200 253 299 323 372 
12 19 80 104 146 172 177 184 207 216 233 263 285 
390 1981
15 6 37 88 153 210 212 235 247 289 300 306 321 347 369 389 
9 116 122 130 227 327 359 368 369 389 
6 74 85 260 270 313 337 
10 14 52 63 67 147 160 197 245 305 388 
11 35 43 62 87 113 266 304 305 315 351 387 
12 39 40 62 77 82 105 111 220 237 288 296 365 
7 0 74 104 209 225 303 329 
10 18 30 45 134 198 233 334 336 350 352 
11 76 101 109 111 140 155 161 188 250 365 377 
5 15 33 155 296 383 
13 69 75 143 185 241 245 270 275 283 311 314 333 355 
7 62 218 222 297 299 321 338 
8 93 132 158 164 187 260 264 275 
7 63 70 79 93 100 163 283 
11 3 30 65 72 115 134 138 196 246 265 298 
12 9 19 32 96 136 140 234 238 272 299 332 380 
13 36 77 128 176 180 191 214 287 310 354 356 368 377 
10 54 139 147 168 173 219 246 247 250 297 
10 7 34 43 60 150 239 241 272 346 350 
14 15 68 83 127 136 156 193 254 304 308 344 346 373 379 
6 135 154 180 343 344 388 
8 37 75 141 151 183 202 277 379 
8 103 120 153 159 186 243 303 344 
5 27 28 156 196 278 
15 44 52 69 80 83 86 124 138 152 155 220 248 249 268 310 
18 29 38 64 90 147 166 184 196 238 246 269 275 294 297 300 321 324 366 
12 27 133 164 199 223 248 254 263 290 292 319 358 
10 23 26 62 90 171 182 187 209 223 237 
7 23 47 73 90 117 354 388 
12 25 167 184 188 228 246 259 265 304 319 344 385 
7 7 14 94 185 199 276 385 
8 76 82 135 225 271 316 325 341 
11 15 90 128 136 157 165 194 247 249 303 371 
14 9 53 100 109 122 139 186 246 253 255 274 293 336 389 
10 18 78 93 101 105 114 152 190 292 328 
10 4 38 62 98 117 127 134 343 371 375 
8 16 54 80 114 154 200 233 385 
7 0 21 57 194 196 238 300 
9 25 35 41 56 186 254 269 335 365 
14 5 62 102 123 151 159 175 184 208 221 247 336 342 352 
2 5 301 
8 38 72 190 208 259 284 326 389 
11 65 103 123 130 158 203 205 290 301 303 308 
9 4 18 168 235 241 266 268 287 332 
9 24 45 48 92 109 126 135 147 260 
6 7 44 156 316 329 333 
7 83 101 139 182 282 350 383 
15 28 128 139 180 181 188 207 234 270 292 293 300 333 344 356 
11 44 57 86 121 131 192 213 226 243 315 382 
7 154 205 257 295 313 331 363 
16 53 54 65 121 125 146 178 252 253 262 263 266 279 299 307 344 
9 116 155 175 184 215 253 288 310 330 
9 3 24 105 113 129 200 290 341 351 
11 33 50 91 104 181 208 213 252 316 349 371 
13 17 36 50 82 141 149 156 264 318 339 353 379 387 
10 107 145 173 199 203 311 316 332 375 376 
11 38 121 124 206 227 255 271 305 312 318 327 
16 37 48 82 103 123 157 177 203 295 298 326 329 346 355 362 366 
6 81 109 172 210 263 300 
3 171 245 343 
8 18 69 82 88 162 176 286 292 
7 72 77 103 140 231 249 291 
10 4 5 11 27 35 39 132 169 250 267 
16 3 13 118 132 142 151 176 178 199 208 268 274 320 348 351 363 
11 25 121 130 154 156 207 222 242 249 284 297 
11 14 42 50 77 170 199 204 213 266 275 363 
8 86 113 147 164 181 278 299 307 
7 3 68 96 187 232 281 338 
10 19 67 93 142 272 284 310 336 341 346 
5 10 24 60 193 322 
8 13 100 111 183 228 248 332 383 
9 124 129 134 135 173 241 258 364 376 
9 14 41 61 158 195 204 246 378 379 
6 28 95 103 234 244 321 
15 2 6 87 142 160 205 257 289 302 333 335 345 346 350 365 
9 10 21 184 188 189 201 318 348 353 
11 8 31 83 147 165 174 212 223 258 297 339 
11 5 16 61 65 107 132 225 261 263 271 354 
12 34 120 145 204 215 220 240 291 329 338 345 378 
13 13 85 96 106 118 129 208 226 230 243 263 318 387 
8 24 36 81 235 242 288 304 343 
15 58 80 82 163 177 219 246 257 258 259 286 304 312 320 337 
15 5 31 54 57 60 81 95 125 132 168 207 232 279 350 381 
17 19 24 46 76 115 148 176 179 203 229 269 288 295 306 335 370 387 
11 110 134 208 220 225 253 256 277 285 337 350 
12 2 79 153 157 215 255 258 259 326 364 374 387 
10 24 48 66 155 182 190 226 262 328 373 
9 4 74 140 151 162 167 203 213 322 
11 0 60 162 171 199 328 337 355 365 368 370 
7 122 153 202 232 271 330 332 
11 25 27 28 32 144 160 208 236 239 257 365 
14 53 117 143 150 185 186 187 268 319 321 344 373 384 385 
10 44 113 165 192 207 246 251 294 296 311 
14 12 13 34 68 98 134 146 225 291 315 325 333 344 377 
10 30 103 121 122 188 191 218 264 340 345 
10 73 82 99 130 140 152 198 203 262 369 
11 15 67 79 123 136 207 212 216 231 236 285 
10 168 245 247 258 271 284 329 330 349 378 
15 35 93 142 157 178 183 220 244 250 284 312 327 340 343 367 
7 95 151 201 282 343 377 386 
12 13 33 70 228 252 276 299 308 310 312 376 380 
11 8 34 46 138 143 158 162 198 220 245 272 
8 39 126 200 241 267 271 357 375 
12 22 42 57 61 73 94 108 118 153 179 239 329 
8 6 53 183 215 225 244 261 306 
11 5 34 52 114 146 156 173 183 219 275 277 
5 79 147 219 318 348 
8 55 77 114 148 236 275 333 369 
7 103 154 177 201 213 219 354 
10 8 33 44 58 148 260 317 331 340 364 
7 84 178 265 269 299 329 337 
10 5 8 70 173 182 188 238 322 324 345 
8 153 157 159 184 222 267 279 322 
10 4 52 66 92 135 139 212 221 236 249 
11 34 36 105 107 133 141 192 206 214 295 317 
7 14 83 123 162 212 261 288 
10 1 51 117 138 172 287 311 316 325 340 
14 28 35 91 116 129 241 256 271 272 283 287 313 355 367 
15 63 79 103 127 135 158 161 201 207 208 217 287 320 348 351 
9 130 218 245 251 268 297 320 366 386 
7 22 78 129 155 234 326 365 
13 48 50 56 64 94 172 188 193 215 216 259 269 320 
8 1 33 89 94 132 166 186 307 
11 39 42 57 96 115 168 187 239 260 281 289 
16 24 56 71 129 157 160 162 189 274 284 300 302 305 344 349 368 
7 50 82 210 328 331 374 379 
7 44 102 160 242 243 318 342 
11 19 35 118 146 213 311 353 357 366 376 381 
8 16 32 47 177 193 217 297 344 
14 52 71 79 117 120 124 209 216 272 308 326 334 341 374 
12 1 42 64 95 119 131 178 250 278 281 385 389 
12 48 130 142 150 163 206 218 244 290 297 312 380 
13 12 62 63 77 82 122 182 187 332 345 350 362 381 
7 26 114 147 151 164 366 385 
10 7 14 35 71 84 93 263 285 321 384 
16 20 31 44 71 113 118 152 153 200 218 270 286 290 295 301 360 
10 15 19 32 96 158 236 251 257 346 351 
8 155 207 214 296 305 311 322 333 
8 14 24 101 116 194 279 289 373 
10 17 33 46 47 113 148 185 254 280 287 
10 8 15 61 87 95 231 261 286 345 374 
11 21 54 114 148 162 206 237 238 292 298 299 
12 63 68 74 98 131 162 210 262 298 325 349 354 
9 10 91 101 150 253 279 282 298 386 
8 90 186 211 228 281 285 322 323 
6 55 78 161 197 276 330 
10 50 93 105 127 212 224 234 244 257 376 
13 3 17 25 44 66 76 106 133 150 175 235 350 364 
12 83 107 109 139 141 210 295 312 319 331 332 345 
8 54 231 240 256 295 350 354 366 
12 18 91 131 143 147 159 254 259 294 309 313 315 
12 21 39 63 87 99 133 201 249 253 274 282 351 
11 24 34 95 135 225 237 252 253 256 288 367 
17 0 22 85 89 103 112 135 178 196 230 232 268 318 334 360 384 386 
10 20 36 49 64 108 169 202 330 356 378 
11 8 9 24 51 86 120 137 182 201 357 389 
15 19 23 45 54 64 105 164 249 273 330 331 339 343 381 388 
8 32 57 85 98 112 124 305 320 
14 12 42 72 101 118 136 168 170 203 248 265 350 356 371 
6 22 39 112 150 256 334 
12 3 74 90 124 126 161 231 263 265 273 292 381 
11 8 118 145 160 175 206 233 289 325 330 340 
11 60 87 88 101 115 124 141 142 198 203 229 
7 13 81 131 216 262 304 388 
7 12 26 66 133 156 280 287 
7 32 76 92 205 261 269 353 
8 25 122 190 228 257 269 286 294 
7 29 87 169 191 216 304 349 
14 17 43 82 97 123 158 178 182 191 219 222 253 353 355 
11 62 154 167 180 223 282 288 315 352 361 377 
6 65 158 200 242 244 302 
7 27 59 88 182 355 380 385 
11 58 116 121 196 226 241 252 297 347 352 354 
14 17 55 71 105 111 184 219 226 233 235 272 318 326 374 
8 76 191 227 230 250 285 357 368 
11 39 51 147 161 179 220 254 337 348 360 387 
10 16 60 63 83 184 185 255 296 311 330 
7 57 81 108 128 235 309 327 
10 50 63 98 110 130 153 168 204 222 225 
6 83 103 175 292 326 376 
8 16 20 47 169 233 257 320 324 
9 47 53 66 215 242 313 344 354 379 
12 27 46 86 111 132 155 168 171 217 299 316 348 
14 21 70 98 104 105 210 217 218 254 269 291 292 333 385 
19 25 29 39 51 75 112 173 176 219 238 270 274 279 291 311 327 331 371 381 
7 10 30 91 139 176 255 388 
11 22 33 38 91 122 144 233 239 260 271 383 
11 12 27 67 91 123 132 201 280 302 375 384 
13 8 29 47 75 94 111 121 202 205 208 231 260 272 
6 75 124 196 198 290 291 
12 34 41 86 166 230 245 269 324 354 364 365 375 
13 16 94 167 168 174 225 316 344 346 347 357 360 385 
7 48 92 114 227 243 296 336 
8 19 69 121 128 235 264 302 343 
12 32 37 138 226 228 250 267 306 317 336 340 386 
5 72 199 218 290 319 
9 14 23 25 37 153 172 189 237 306 
6 3 145 219 243 261 364 
10 7 95 101 162 189 240 250 261 266 335 
9 26 30 55 63 65 88 195 220 246 
9 36 52 102 135 170 214 324 350 380 
9 75 99 108 118 151 155 187 309 330 
10 21 89 154 188 258 267 277 346 352 388 
12 42 55 57 83 87 95 158 162 265 274 362 376 
6 65 72 78 178 221 307 
7 42 49 74 165 188 229 378 
6 56 114 131 141 161 241 
13 47 64 82 92 96 118 137 253 276 287 305 354 378 
14 39 41 53 63 79 84 90 118 188 230 310 339 343 352 
6 6 27 129 258 313 321 
7 0 58 125 142 148 183 241 
6 144 300 336 350 369 373 
14 0 76 96 113 115 146 237 283 285 300 304 322 333 379 
10 48 53 65 87 108 127 289 311 316 378 
12 16 114 137 200 220 222 243 322 338 347 370 389 
10 51 78 85 104 121 181 221 228 344 348 
8 96 121 129 163 167 219 281 309 
14 118 128 182 183 218 253 279 286 307 309 310 311 344 365 
12 11 94 119 131 135 183 195 217 232 329 330 371 
14 17 81 105 106 108 168 173 184 197 216 244 253 286 379 
12 5 24 78 84 98 101 175 199 214 222 261 387 
8 39 113 204 215 229 295 311 319 
12 11 64 112 168 178 214 220 267 272 290 295 298 
9 26 27 76 169 255 256 298 312 335 
7 146 251 289 293 318 340 363 
18 6 31 77 84 93 104 152 178 191 242 254 266 287 324 329 341 369 378 
9 48 79 86 172 173 194 331 339 363 
7 1 56 174 192 240 265 270 
11 29 70 100 144 166 194 215 263 300 340 351 
17 83 162 205 221 244 257 269 276 286 297 302 304 307 324 326 366 373 
7 79 153 174 190 208 276 376 
9 61 96 140 149 160 188 270 299 358 
10 67 82 89 153 218 249 251 285 328 379 
11 7 36 161 173 180 186 268 269 284 305 348 
8 15 47 73 120 146 257 362 387 
12 0 43 80 147 173 177 193 254 307 329 362 370 
10 90 96 107 113 136 299 307 363 368 385 
10 5 27 141 152 196 212 277 304 340 355 
6 15 25 37 111 141 184 
7 18 90 103 123 186 289 387 
7 78 149 198 227 314 361 370 
13 10 18 43 71 102 117 172 206 210 253 263 336 363 
8 64 80 126 170 181 225 284 305 
11 22 48 79 126 192 197 214 312 336 350 363 
10 73 98 104 131 146 170 219 229 253 298 
9 3 10 59 97 101 119 190 331 350 
9 14 17 25 29 33 72 81 92 199 
12 0 17 32 39 97 254 275 277 335 351 376 381 
11 24 26 70 158 286 302 320 342 349 377 380 
13 24 32 61 64 113 151 156 232 293 311 328 329 365 
10 8 17 62 98 130 174 194 198 273 340 
9 92 119 136 224 232 289 292 312 382 
9 50 53 100 152 172 277 303 334 378 
15 33 50 51 84 143 151 152 168 207 217 219 241 244 332 341 
13 19 26 38 139 150 175 183 225 235 247 263 342 373 
13 33 56 85 176 185 223 264 270 286 318 331 359 376 
11 84 117 149 152 159 223 288 302 334 369 373 
14 49 74 81 90 136 146 166 180 229 234 317 339 368 386 
9 71 76 81 85 97 202 209 285 315 
9 29 41 81 85 121 150 326 351 355 
8 2 12 44 109 123 186 188 365 
11 77 104 115 140 165 197 198 220 272 282 320 
7 50 86 95 142 163 266 279 
13 26 50 58 77 79 134 160 228 241 254 318 346 384 
12 12 54 94 193 255 268 269 270 277 307 365 372 
12 14 29 110 158 160 203 227 271 284 299 302 354 
10 4 43 50 65 198 225 262 300 337 351 
11 62 102 112 194 202 222 277 316 323 364 382 
9 24 43 63 91 119 153 233 264 342 
18 25 38 83 110 121 165 166 183 190 229 233 264 283 316 321 329 348 366 
11 2 10 47 135 184 227 231 255 264 325 385 
13 31 56 77 89 97 102 117 186 265 305 356 374 381 
13 15 18 68 101 117 129 173 188 222 261 284 294 330 
6 156 160 250 304 339 383 
8 33 63 124 151 184 203 300 373 
8 10 12 25 65 105 107 247 349 
8 30 100 145 207 229 230 325 374 
10 21 84 105 202 237 247 252 264 267 303 
5 23 66 130 280 336 
13 50 82 112 138 143 184 217 262 328 346 375 381 387 
5 139 164 187 278 295 
5 67 123 130 144 216 
8 46 99 143 151 169 261 329 373 
8 10 13 117 212 269 306 307 348 
14 41 64 68 97 98 124 233 242 265 272 319 336 365 378 
12 84 96 134 144 174 212 232 258 322 367 371 383 
13 60 81 135 140 166 217 219 229 248 255 300 325 376 
10 16 43 116 117 118 139 164 207 225 354 
14 5 51 80 83 115 152 169 256 303 330 363 373 380 388 
12 0 74 123 138 161 213 224 239 251 338 353 370 
12 26 42 52 131 135 189 195 222 300 301 329 332 
8 61 78 93 183 184 189 330 337 
12 26 34 47 60 141 160 179 183 251 294 327 353 
7 33 47 224 249 303 369 385 
12 25 92 150 166 272 292 296 304 331 345 370 387 
12 49 57 83 114 135 148 149 221 222 280 327 342 
11 5 9 92 137 176 192 294 331 332 358 375 
13 11 17 25 64 76 119 128 131 172 229 299 312 367 
11 14 57 141 142 143 222 223 244 316 340 370 
16 11 15 50 66 100 110 141 182 231 236 265 297 312 338 346 359 
16 0 25 37 47 58 124 211 212 228 266 274 286 290 327 338 378 
4 40 42 135 290 
19 74 124 170 187 193 229 248 256 265 303 315 330 332 338 343 346 349 365 384 
12 6 22 32 42 252 277 288 293 302 344 351 389 
13 4 19 29 80 81 163 167 212 229 237 273 294 311 
13 3 4 56 124 137 157 207 233 242 271 335 363 366 
6 0 83 104 194 196 283 
16 50 66 122 204 217 229 235 236 264 283 320 327 334 339 344 345 
6 19 42 100 129 343 352 
5 150 177 201 216 217 
7 16 24 51 68 100 208 217 
15 10 55 92 116 127 137 176 184 213 217 221 249 304 336 366 
13 56 81 98 100 131 148 223 243 251 297 299 317 361 
7 2 49 117 150 181 209 360 
5 10 240 348 349 371 
9 4 48 93 150 169 258 302 342 379 
13 31 45 53 55 116 182 191 213 267 269 298 354 374 
6 109 114 194 257 312 327 
11 54 56 75 79 106 126 153 173 224 255 263 
10 26 29 91 148 195 221 284 373 382 383 
11 63 81 118 119 121 157 180 248 261 307 323 
10 0 11 25 73 91 134 209 269 347 372 
10 69 87 111 112 137 144 212 214 285 352 
3 144 267 320 
10 25 111 180 190 200 225 229 341 365 389 
8 31 93 116 142 161 270 276 286 
12 41 57 85 120 129 173 179 229 259 341 347 372 
11 1 56 98 177 184 292 295 300 307 317 352 
11 34 86 88 125 232 249 279 357 358 362 376 
16 6 45 57 78 97 103 110 218 225 235 249 269 282 290 349 375 
17 51 89 97 145 154 156 161 176 201 218 272 288 291 302 331 336 384 
14 49 109 125 148 156 184 226 245 255 294 296 330 335 383 
13 15 43 55 70 89 132 148 253 290 296 302 350 385 
11 10 45 47 74 93 107 137 183 212 354 379 
8 7 129 153 159 252 256 307 345 
10 38 74 83 198 223 247 305 331 341 355 
13 7 33 39 68 192 194 211 241 243 278 284 311 330 
9 2 81 84 88 110 175 266 291 357 
8 11 67 78 214 289 299 300 302 
8 54 76 156 208 226 257 273 307 
13 94 98 109 116 161 194 224 228 237 250 298 362 377 
9 31 52 68 129 225 253 324 326 335 
8 39 126 248 254 268 295 315 357 
11 20 35 59 80 98 99 156 193 208 302 308 
16 19 20 22 29 47 50 91 93 124 128 181 191 215 217 303 307 
13 74 78 94 111 132 140 148 294 307 334 355 379 389 
15 18 19 57 68 74 136 191 202 263 279 299 302 372 374 377 
7 0 172 191 214 321 326 366 
11 63 75 106 118 175 182 215 233 269 283 314 
11 53 97 124 142 167 248 275 302 314 329 358 
15 7 18 46 74 82 84 132 147 149 158 200 211 243 245 332 
14 4 52 63 118 136 151 228 247 259 266 303 360 370 378 
11 7 39 169 172 202 208 308 322 327 367 368 
7 54 75 127 165 168 289 292 
15 16 28 77 108 142 149 172 181 190 207 265 287 316 333 370 
10 10 57 88 117 168 171 237 259 335 345 
7 16 47 154 158 271 377 389 
8 102 127 155 174 191 328 337 342 
5 26 231 296 328 349 
4 1 255 299 382 
6 135 153 175 191 313 351 
3 169 240 312 
7 57 132 203 234 235 328 340 
10 49 63 65 224 226 236 241 243 288 305 
8 71 85 109 147 190 197 267 368 
16 5 8 38 74 88 90 120 190 217 249 260 264 284 302 324 378 
12 25 57 119 127 133 149 229 269 305 311 347 385 
7 98 117 152 285 297 352 375 
9 1 16 88 124 174 236 257 352 364 
8 0 1 95 107 211 225 256 293 
11 83 88 214 235 240 289 294 298 351 354 383 
9 32 35 53 158 184 218 285 314 373 
4 264 321 326 346 
15 19 86 91 138 211 229 254 256 274 282 288 319 371 382 385 
10 85 125 129 140 173 271 276 316 346 381 
10 35 55 102 187 190 279 296 329 367 388 
12 55 71 100 127 146 179 203 230 247 255 286 328 
10 8 16 93 99 169 248 340 346 356 379 
13 72 78 97 154 205 207 213 225 252 284 300 351 365 
13 19 21 54 72 125 181 212 219 232 315 333 345 377 
7 15 100 131 171 200 248 288 
10 82 127 132 156 160 184 247 271 279 374 
6 48 251 267 319 359 373 
9 9 46 70 186 273 285 319 331 370 
7 91 134 153 187 263 302 330 
15 29 30 36 91 130 133 171 183 191 236 270 293 332 366 373 
6 99 119 143 153 194 257 
11 4 54 79 83 85 175 220 234 239 279 294 
9 3 20 28 156 163 185 202 288 375 
11 0 1 33 41 130 155 214 303 324 345 356 
