340 1730
11 16 19 36 73 75 84 85 93 163 228 235 
6 90 91 109 143 220 303 
9 46 56 64 83 109 145 157 203 236 
10 33 83 96 111 112 186 195 203 284 313 
4 31 186 195 297 
10 27 33 44 98 125 146 159 162 225 335 
8 107 151 186 187 199 239 253 316 
7 56 67 94 160 184 277 325 
15 39 65 89 137 161 169 230 231 244 260 263 267 277 280 290 
11 26 157 174 179 193 203 222 231 256 258 314 
16 43 53 64 68 80 98 104 133 163 168 204 238 269 322 326 329 
10 12 24 30 52 176 231 232 254 272 327 
9 11 17 47 56 122 192 194 323 335 
9 19 34 55 71 100 109 114 148 160 
11 139 150 182 228 232 240 246 290 291 326 328 
7 35 116 145 312 326 330 334 
12 0 36 99 116 121 178 228 262 269 318 335 339 
9 12 112 135 142 198 218 219 312 317 
10 22 90 129 133 141 177 197 296 314 333 
10 0 13 22 26 35 43 109 142 225 291 
5 183 201 259 290 335 
11 50 55 57 72 252 254 266 271 307 311 316 
10 18 19 34 81 132 183 220 252 275 290 
9 73 98 144 155 173 184 186 227 229 
8 11 34 83 108 155 175 193 241 
11 33 37 109 115 136 207 234 257 263 299 320 
12 9 19 41 86 163 177 197 217 244 252 269 306 
11 5 37 60 69 72 97 100 103 121 165 184 
7 39 52 121 242 269 274 308 
8 31 73 91 123 165 200 230 315 
9 11 39 47 108 126 195 261 307 318 
11 4 29 43 48 72 81 111 122 162 191 224 
9 61 77 86 169 249 276 282 299 324 
8 3 5 25 66 70 249 270 328 
15 13 22 24 48 61 204 208 213 234 243 244 253 273 309 329 
8 15 19 93 191 193 231 259 307 
11 0 16 44 61 96 127 181 201 241 263 275 
10 25 27 70 106 112 133 136 213 244 337 
7 56 68 96 99 138 145 336 
13 8 28 30 90 108 156 195 233 237 262 276 292 308 
12 63 126 131 143 148 180 233 243 267 271 307 314 
10 26 58 60 68 81 166 198 263 285 338 
10 58 86 89 109 115 131 155 189 260 312 
12 10 19 31 105 135 151 159 177 196 237 305 318 
7 5 36 118 223 249 285 320 
9 65 87 102 217 218 221 227 255 274 
4 2 55 135 138 
12 12 30 63 121 145 202 207 221 223 251 286 323 
12 31 34 106 177 188 202 212 229 238 257 260 307 
9 74 109 133 134 185 189 215 222 329 
16 21 75 86 127 196 203 212 225 239 248 253 256 289 290 304 330 
6 88 94 136 155 175 188 
13 11 28 55 66 70 116 126 176 181 219 278 308 319 
9 10 113 155 197 208 246 268 284 335 
8 72 92 145 175 263 276 317 330 
8 13 21 46 52 70 144 176 226 
11 2 7 12 38 99 162 225 230 260 272 282 
9 21 129 212 223 243 244 334 335 339 
10 41 42 94 114 159 236 287 303 311 336 
12 60 67 68 69 108 120 156 225 232 247 277 329 
14 27 41 59 74 86 111 123 139 142 235 291 297 316 338 
9 32 34 36 64 132 134 168 238 333 
4 91 181 273 288 
11 40 47 129 131 203 249 262 285 326 336 337 
15 2 10 61 71 82 89 92 116 141 213 253 254 288 297 312 
17 8 45 102 151 194 216 218 240 246 249 252 264 279 298 307 310 318 
5 33 52 204 234 249 
10 7 59 86 109 135 141 202 247 297 317 
14 10 38 41 59 71 126 135 162 201 229 230 321 325 336 
10 27 59 88 101 135 137 162 170 231 255 
12 33 37 52 55 72 80 90 145 158 193 297 309 
11 13 64 68 114 120 209 213 246 268 274 277 
10 21 27 31 54 70 109 154 191 205 270 
13 0 23 29 87 124 195 210 213 223 226 233 297 331 
13 49 60 81 92 97 151 179 224 231 286 323 324 335 
8 0 50 125 143 149 231 333 339 
8 118 172 174 185 198 209 273 314 
7 32 117 156 197 222 289 328 
4 123 267 274 299 
8 171 189 208 224 240 291 310 311 
8 10 70 103 267 279 301 317 318 
9 22 31 41 74 88 91 188 194 311 
11 64 145 160 195 244 253 264 286 331 333 338 
5 2 3 24 102 292 
7 0 95 119 164 179 275 309 
11 0 90 97 105 107 125 128 191 195 273 335 
13 26 32 42 50 60 67 100 242 301 308 317 319 326 
9 45 73 143 155 203 277 286 320 332 
11 51 69 81 89 96 107 166 188 191 249 266 
14 8 42 64 88 96 105 111 160 161 197 220 243 306 321 
13 1 18 39 70 85 94 99 113 129 131 139 198 270 
10 1 29 62 81 93 140 173 186 195 271 
11 54 64 74 152 170 213 252 267 282 305 314 
12 0 35 91 117 118 144 154 207 216 300 310 316 
10 7 51 58 90 131 137 192 248 277 324 
10 84 185 194 234 236 247 256 261 302 328 
15 3 36 38 88 89 148 192 216 245 252 257 275 291 303 306 
12 27 74 85 124 134 135 179 201 259 286 309 325 
14 5 10 23 104 111 137 149 205 214 232 288 315 317 321 
16 16 38 56 90 107 114 158 171 236 240 241 242 287 292 314 337 
9 13 27 86 114 133 139 160 239 321 
4 69 169 243 329 
12 45 65 83 133 139 142 147 155 172 250 315 333 
8 27 80 155 172 178 244 248 335 
11 10 98 123 170 184 227 235 279 296 315 322 
12 43 85 89 143 171 204 214 294 296 317 322 325 
7 37 48 143 161 224 299 300 
11 6 85 88 99 142 217 239 254 288 293 305 
7 24 30 39 59 196 260 307 
17 1 2 13 19 25 42 49 67 72 114 119 121 148 161 193 205 228 
8 118 157 172 221 247 259 317 335 
11 3 31 60 89 98 164 177 191 271 275 319 
9 3 17 37 113 129 157 244 277 335 
11 53 90 112 117 249 256 265 287 292 314 337 
13 13 58 71 99 100 109 149 159 197 233 297 323 338 
7 25 42 131 152 236 300 339 
13 15 16 52 64 127 175 196 209 218 225 248 291 311 
10 77 93 113 146 155 167 173 239 264 287 
12 44 76 93 110 153 197 203 234 240 272 299 301 
11 84 109 121 146 149 152 153 168 227 238 272 
9 59 71 129 186 271 278 287 308 325 
12 16 27 28 47 109 119 181 215 216 217 225 242 
9 12 31 137 156 230 277 294 315 320 
10 29 60 78 104 130 143 182 245 271 289 
7 73 97 140 165 261 278 300 
5 5 75 85 129 185 
13 30 40 52 68 188 189 193 216 239 252 324 331 338 
9 36 50 116 224 241 257 272 308 327 
5 85 164 167 284 290 
15 18 57 63 90 112 120 125 130 131 145 265 273 288 308 316 
9 123 129 142 148 153 164 234 250 292 
16 40 42 63 90 94 115 129 150 183 186 205 222 229 313 321 324 
9 22 61 133 146 168 217 247 330 333 
15 10 18 37 49 100 102 132 141 143 153 169 172 186 193 239 
11 49 61 97 170 209 244 250 315 318 333 336 
11 17 43 46 67 68 69 97 167 266 281 298 
16 25 37 51 155 177 184 233 258 269 270 280 281 303 309 312 316 
14 8 69 94 98 122 160 167 226 240 262 293 297 302 313 
6 38 46 139 151 256 276 
11 14 60 90 100 102 138 197 224 257 309 332 
7 91 124 202 236 257 322 333 
10 18 64 67 133 208 224 278 320 332 339 
11 17 19 60 102 107 130 158 198 254 279 334 
13 1 40 75 87 105 106 123 133 144 160 196 200 219 
9 23 55 93 143 184 287 294 317 327 
19 2 15 38 47 54 70 82 129 159 192 209 210 215 228 233 236 263 320 337 
11 5 117 119 132 178 186 221 240 268 271 274 
7 102 148 175 180 225 254 262 
18 13 40 96 109 130 147 156 198 207 222 242 266 275 278 319 323 331 335 
13 75 98 114 119 158 205 214 226 231 237 247 283 318 
5 14 131 187 266 298 
13 6 43 65 74 138 167 213 214 245 267 289 300 322 
9 92 115 119 167 170 207 211 266 273 
9 118 119 130 133 248 257 270 280 303 
12 72 93 159 160 201 217 234 290 304 318 321 336 
11 23 24 42 51 53 87 102 103 117 136 244 
10 39 59 77 122 148 157 159 211 215 301 
10 2 9 110 112 156 172 213 222 263 280 
7 70 99 142 149 265 332 336 
10 5 43 58 114 145 154 156 171 200 214 
20 7 13 82 89 100 137 143 154 177 181 193 205 208 211 221 224 239 242 293 325 
9 8 89 106 109 202 215 287 297 312 
9 5 31 56 68 69 226 259 275 305 
5 0 10 26 186 245 
6 84 111 128 130 250 301 
7 27 29 124 271 286 329 338 
6 41 88 171 190 200 304 
11 117 128 135 137 151 152 187 195 213 302 311 
10 10 61 119 132 172 203 218 227 250 255 
6 8 32 101 133 197 297 
12 69 92 104 134 152 217 227 242 260 280 303 315 
7 79 99 105 159 166 192 232 
9 76 102 103 110 133 157 168 179 262 
12 23 91 117 176 179 202 213 235 248 270 330 339 
7 9 76 187 210 226 253 313 
9 24 51 54 116 147 205 245 318 331 
7 11 52 55 173 234 264 294 
18 18 26 43 48 111 136 160 188 207 220 221 242 259 298 310 312 320 336 
10 16 103 146 207 213 245 283 297 307 327 
13 9 74 84 97 172 173 208 236 239 262 283 295 334 
7 40 147 233 254 280 290 331 
8 36 52 62 121 160 240 271 297 
8 14 123 197 218 228 307 310 334 
9 20 22 131 190 213 263 279 292 321 
11 7 23 27 104 136 144 189 196 218 237 322 
8 49 76 95 125 192 205 270 289 
12 3 4 6 23 91 120 131 133 146 163 193 255 
10 6 150 167 174 223 251 254 279 282 314 
12 48 51 81 88 126 177 225 242 292 295 304 335 
15 42 49 79 126 184 202 203 216 271 278 297 300 304 306 309 
6 166 183 202 225 241 265 
9 31 35 72 85 88 111 215 266 328 
9 12 94 96 145 171 185 218 275 302 
11 9 24 35 70 109 126 133 160 186 206 270 
8 12 65 81 95 211 267 277 299 
14 3 4 30 39 73 82 85 91 167 273 283 296 329 338 
10 43 50 108 116 143 184 200 237 330 332 
14 18 26 53 77 89 114 118 139 169 182 240 307 315 329 
9 17 41 76 90 142 148 295 307 337 
5 6 200 223 324 338 
10 29 143 159 166 196 199 263 285 307 308 
9 20 36 68 97 154 219 269 280 312 
11 47 48 67 140 161 173 189 190 234 235 314 
12 2 3 9 50 63 87 118 168 189 261 268 326 
9 10 34 66 105 233 234 239 282 283 
12 72 98 109 131 149 160 175 185 223 239 297 336 
4 193 240 298 338 
14 25 47 93 148 152 177 178 217 224 231 235 256 324 336 
10 34 53 79 141 160 179 221 224 250 269 
9 71 76 116 134 145 225 246 308 337 
4 73 145 174 258 
7 152 156 160 194 243 257 297 
6 48 50 57 217 274 334 
15 34 37 64 71 73 92 151 157 167 173 178 183 253 307 316 
9 98 105 149 151 159 215 232 252 267 
11 49 121 145 156 161 191 214 263 278 288 326 
11 65 93 96 121 126 189 219 244 256 287 290 
14 26 45 107 121 132 154 170 207 212 222 226 259 273 325 
13 17 45 65 116 168 182 184 192 251 275 287 303 306 
6 17 52 143 201 216 265 
7 1 22 89 177 260 289 312 
8 45 47 110 146 160 177 208 327 
10 9 49 77 131 148 157 217 243 301 319 
12 44 47 57 73 187 199 205 227 261 277 299 306 
13 31 74 79 106 127 139 141 160 207 208 226 316 326 
14 5 19 50 56 59 116 121 147 188 190 209 288 307 317 
15 55 73 137 149 162 174 217 224 232 234 235 322 330 332 335 
11 23 45 104 119 168 170 223 267 269 311 331 
8 0 14 16 109 145 182 243 282 
7 23 48 68 131 271 304 326 
9 8 29 56 68 122 272 274 299 319 
13 8 9 11 35 69 74 75 149 207 251 269 282 322 
10 11 14 59 98 171 214 226 238 330 337 
12 39 40 73 114 136 145 180 204 243 289 321 333 
15 25 34 66 95 118 130 154 176 202 204 226 298 303 312 319 
12 0 60 104 173 202 207 226 268 275 277 290 292 
10 2 58 95 99 115 140 145 179 247 311 
6 39 43 149 184 196 309 
9 10 48 61 119 232 286 307 325 337 
14 6 50 100 107 117 126 133 160 179 204 205 240 253 258 
13 14 65 79 99 118 137 146 181 197 206 239 244 266 
11 24 36 99 127 190 244 294 301 308 313 318 
13 28 86 99 121 148 160 170 177 188 262 280 282 332 
16 34 40 57 89 101 211 222 228 233 294 298 316 322 325 332 333 
19 8 26 34 37 57 82 103 112 134 155 216 240 241 255 266 269 290 307 314 
9 96 123 151 163 175 178 248 251 260 
10 14 53 65 71 209 261 276 289 292 319 
13 59 67 95 110 132 149 236 261 283 295 316 325 339 
8 50 94 103 116 153 173 245 273 
11 32 33 44 63 65 66 88 113 297 319 327 
6 102 130 134 164 168 208 
6 47 187 218 231 245 318 
14 21 22 26 65 92 96 126 214 261 266 307 312 316 339 
11 6 34 50 64 82 174 213 239 262 274 295 
12 11 21 64 107 142 147 180 187 282 300 306 307 
5 45 69 168 186 244 
8 9 50 95 113 138 207 216 288 
9 25 48 96 127 139 140 153 211 315 
6 9 136 210 239 288 325 
11 20 35 97 110 162 177 217 265 277 297 326 
9 8 42 48 56 108 170 220 245 314 
9 30 95 124 203 223 246 247 252 312 
11 16 39 63 137 147 172 179 242 253 331 333 
11 8 25 36 41 54 145 157 183 200 215 268 
5 65 82 117 176 289 
8 113 129 158 190 219 259 277 302 
13 21 88 135 148 150 152 191 240 244 252 284 296 311 
12 8 40 78 80 92 151 194 214 227 272 283 309 
8 53 71 146 203 235 263 291 325 
13 10 16 26 28 136 201 208 227 231 244 290 298 316 
10 33 72 90 136 153 173 185 193 285 332 
14 21 40 91 111 120 123 146 165 181 189 229 299 319 332 
8 11 56 118 119 127 230 267 305 
11 34 62 76 85 129 152 195 217 248 299 324 
11 28 45 71 78 146 212 230 253 288 304 338 
12 22 36 84 96 111 148 162 192 218 235 298 339 
6 32 39 54 138 246 319 
13 7 8 59 71 87 94 112 122 194 223 235 259 265 
11 52 120 124 141 148 189 215 322 325 326 330 
6 65 80 104 142 183 187 
10 8 136 153 157 170 180 201 242 281 309 
5 135 136 280 291 313 
12 32 56 92 187 204 228 231 242 254 311 328 335 
9 149 178 179 195 204 247 267 307 315 
5 3 53 128 266 333 
7 41 44 63 200 270 300 325 
8 47 74 82 87 97 165 238 296 
10 58 99 113 117 120 144 161 216 218 292 
10 62 64 98 107 129 215 225 256 258 274 
13 50 77 123 151 185 220 233 246 264 306 314 318 324 
14 8 14 20 22 50 128 154 180 216 235 244 269 308 314 
10 14 19 60 79 96 116 268 281 296 300 
12 39 83 99 113 130 183 188 235 246 287 315 332 
4 107 137 160 329 
8 105 122 144 176 241 243 316 339 
5 179 188 198 247 253 
10 18 104 105 195 266 286 291 297 319 331 
18 4 60 64 67 70 73 114 137 161 169 178 181 189 205 211 249 259 296 
12 65 135 150 177 206 234 243 269 275 302 308 333 
10 25 32 78 106 118 194 223 230 271 273 
9 93 106 115 124 151 189 254 285 291 
8 80 86 118 156 164 222 241 306 
6 95 137 167 192 265 298 
9 1 58 96 136 153 170 218 234 329 
7 50 154 166 188 189 229 274 
7 43 92 107 162 272 318 336 
9 26 89 96 189 218 223 254 289 301 
19 21 30 35 40 48 65 108 178 182 197 198 200 213 225 238 244 252 254 283 
13 28 39 52 86 120 127 129 200 209 241 290 298 323 
11 34 70 84 97 136 139 189 237 267 280 322 
5 65 79 93 177 182 
10 21 58 79 81 116 167 227 236 266 282 
14 15 17 42 64 136 161 177 201 220 234 252 261 319 331 
7 3 131 137 174 241 281 323 
14 9 18 40 76 92 99 113 187 202 244 260 289 290 318 
12 29 98 102 104 122 134 170 197 257 283 292 339 
14 6 21 60 93 129 136 213 224 243 247 252 269 294 321 
11 17 54 67 80 86 98 105 110 144 225 336 
15 16 30 43 65 80 134 149 154 175 241 251 289 305 314 327 
13 52 86 111 148 222 230 234 246 249 271 276 296 312 
7 25 44 87 122 141 145 177 
9 68 89 98 100 131 154 183 233 316 
11 10 104 105 140 151 184 226 231 243 278 309 
7 12 47 74 114 148 308 313 
9 32 74 94 126 131 199 207 273 289 
14 7 68 97 105 120 160 217 238 243 247 258 268 278 285 
12 10 14 15 63 86 203 215 224 229 259 278 335 
8 11 127 144 178 221 249 318 334 
6 14 33 77 95 191 282 
10 10 34 49 59 101 165 195 197 293 303 
9 15 50 54 132 173 196 226 232 278 
11 73 82 126 148 175 180 227 262 296 312 335 
11 87 139 141 158 196 226 242 243 270 271 292 
14 18 61 75 82 102 132 134 140 233 243 262 284 298 338 
7 15 57 142 179 182 212 327 
17 5 12 16 20 53 57 74 85 103 110 112 148 188 226 282 326 331 
12 38 58 63 68 134 154 158 177 205 207 305 317 
9 37 63 99 113 145 198 209 232 238 
11 41 60 82 114 126 165 195 199 206 274 333 
11 16 57 75 115 141 173 247 252 275 294 315 
340 1743
9 35 51 69 91 98 163 209 210 292 
6 99 129 210 270 276 326 
12 15 32 35 44 94 234 236 273 278 293 300 335 
8 36 88 109 143 195 234 276 290 
9 63 71 90 97 150 202 226 238 271 
8 14 34 79 189 192 221 250 285 
13 12 38 65 69 77 84 118 129 202 217 265 301 335 
15 17 122 130 139 140 147 158 161 186 193 211 243 251 292 338 
9 79 99 160 194 250 256 265 298 321 
10 11 14 31 63 84 106 148 150 177 221 
9 54 129 138 156 195 225 245 315 318 
12 9 72 88 96 112 250 252 272 303 304 314 321 
7 6 14 15 33 136 227 251 
9 117 128 138 245 272 282 324 326 329 
11 5 9 12 70 127 138 177 226 291 298 299 
12 2 12 65 79 84 116 118 121 136 150 205 285 
8 19 86 91 101 127 205 315 319 
10 7 124 160 175 185 192 211 231 283 289 
11 28 82 105 143 145 159 173 205 219 278 335 
11 16 20 54 82 101 140 152 213 217 247 329 
9 19 74 101 114 169 211 283 287 332 
11 54 55 103 111 143 148 159 210 244 276 334 
7 31 55 65 66 142 224 288 
10 31 48 57 135 194 211 232 234 260 312 
10 84 126 139 161 216 218 233 244 287 297 
12 44 52 77 87 89 94 135 151 155 196 202 217 
9 128 148 177 202 216 217 218 298 317 
9 66 80 94 132 204 220 298 312 320 
13 18 29 32 52 115 139 175 205 215 238 247 298 327 
5 28 42 105 165 179 
8 101 102 125 170 183 230 231 329 
15 9 22 23 39 75 89 94 127 174 191 192 195 201 263 315 
12 2 28 53 66 150 182 208 210 213 222 239 288 
13 12 53 58 93 112 129 136 248 280 296 310 312 317 
4 5 121 190 309 
13 0 2 39 56 60 104 118 154 236 241 285 291 297 
12 3 55 76 105 135 161 187 210 253 265 304 317 
8 119 133 209 280 298 302 321 328 
6 6 177 193 268 321 330 
14 31 35 43 55 64 76 128 140 159 194 232 301 318 319 
8 52 66 101 102 161 214 226 277 
5 102 197 256 293 331 
9 29 83 106 117 163 186 232 292 307 
6 39 57 156 166 281 339 
12 2 25 55 93 105 111 143 196 213 238 299 314 
9 66 124 192 226 227 242 275 289 296 
9 80 92 99 204 265 282 285 329 332 
11 57 107 119 121 185 228 260 266 269 281 293 
8 23 50 51 71 76 178 229 249 
8 87 114 115 118 157 163 199 292 
5 48 222 276 327 338 
13 0 48 94 98 105 149 175 204 262 278 297 325 328 
10 25 28 40 111 135 166 182 199 217 272 
9 32 33 123 208 270 289 304 310 336 
18 10 19 21 83 149 159 163 208 212 237 247 255 258 279 290 304 311 325 
14 21 22 36 39 44 56 75 86 116 234 294 298 305 339 
14 35 55 72 74 85 94 152 166 201 221 234 277 292 306 
14 23 43 47 82 112 140 143 151 167 176 205 260 302 318 
14 33 65 68 95 97 107 122 159 170 202 211 225 256 265 
11 61 84 132 140 214 215 224 227 285 329 334 
8 35 101 115 136 200 263 288 330 
11 59 80 83 98 167 170 221 222 285 309 310 
8 71 144 161 167 207 268 288 292 
9 4 9 90 94 119 124 239 276 300 
11 39 98 100 108 135 153 204 221 238 298 314 
13 6 15 22 58 91 152 158 172 236 244 251 301 333 
13 22 27 32 40 45 122 195 267 273 287 310 315 319 
5 77 197 255 267 286 
9 58 125 209 221 229 231 306 311 328 
7 0 6 103 111 120 128 182 
14 14 81 164 165 173 181 184 197 235 245 247 293 310 327 
12 4 48 62 110 135 139 213 258 290 295 299 310 
14 11 56 92 100 110 159 200 208 212 228 238 267 282 308 
9 75 81 115 132 256 260 289 303 335 
8 20 56 141 150 152 202 233 320 
10 31 55 73 96 206 231 244 271 326 335 
9 36 39 48 204 241 271 286 301 325 
7 6 25 67 180 229 238 329 
6 132 229 277 279 296 315 
12 5 8 15 92 103 156 179 231 293 307 322 329 
11 27 46 61 87 174 226 228 234 258 286 307 
9 70 73 105 128 170 174 179 253 298 
14 18 19 57 135 143 172 206 208 234 253 254 262 283 306 
12 42 54 61 113 121 165 178 181 208 245 247 333 
17 6 9 15 24 59 100 103 107 121 125 152 159 182 191 194 247 301 
10 56 89 126 162 186 203 218 240 272 290 
7 16 55 181 205 230 267 303 
12 25 49 80 106 111 154 192 226 271 280 310 334 
5 3 11 122 132 179 
15 25 31 85 92 144 168 173 181 188 205 227 267 271 276 308 
7 4 63 175 198 227 251 283 
10 0 16 65 135 168 180 181 183 265 298 
10 46 72 79 89 116 136 141 184 328 339 
9 33 44 151 221 238 253 267 300 307 
13 2 25 27 31 51 56 63 101 141 148 209 256 327 
10 58 106 117 123 131 234 237 298 305 339 
9 11 75 107 126 211 220 274 278 336 
13 4 58 133 148 193 209 232 241 250 255 270 311 332 
9 0 51 61 64 121 162 216 288 321 
7 1 8 46 157 255 270 303 
7 64 72 84 219 249 280 286 
8 16 19 20 30 40 60 94 265 
8 30 40 41 139 156 182 223 279 
12 21 69 79 84 117 163 171 229 231 262 273 300 
7 35 105 112 147 158 194 244 
12 18 29 36 44 51 81 104 193 237 246 261 286 
12 9 42 87 95 156 170 180 239 269 276 305 329 
19 47 58 84 96 108 139 145 174 204 206 218 225 239 246 261 278 280 304 320 
7 64 107 190 207 256 258 321 
13 3 145 147 148 174 181 196 211 223 224 272 331 335 
9 71 72 214 234 243 264 297 310 338 
13 21 44 52 69 87 113 136 142 148 198 216 302 331 
11 11 33 57 104 121 162 178 304 326 330 336 
5 83 111 168 253 322 
11 20 49 117 119 130 149 176 184 255 269 314 
12 28 49 60 73 129 138 186 205 235 254 273 290 
15 15 55 92 129 136 172 194 227 238 250 252 286 293 295 311 
12 13 42 95 103 114 179 195 212 230 258 261 310 
11 6 15 35 49 123 137 194 203 211 230 281 
8 37 47 63 114 140 164 234 245 
2 69 188 
14 15 34 47 83 84 98 112 135 197 200 234 240 303 338 
10 7 58 66 88 123 153 164 249 285 292 
10 53 95 118 122 130 185 260 316 327 328 
7 17 45 63 202 258 268 274 
8 30 68 84 193 203 208 303 313 
6 24 85 96 150 201 239 
10 14 16 31 151 208 210 237 256 285 338 
9 13 26 39 69 81 183 238 274 286 
15 1 6 10 33 115 116 148 149 200 210 224 238 254 262 288 
11 7 114 123 173 178 192 198 240 245 293 314 
4 95 153 208 219 
13 27 59 73 78 88 153 188 202 232 239 249 312 313 
6 37 97 169 286 335 339 
6 167 206 220 229 238 283 
14 23 25 36 52 64 71 82 91 121 152 166 170 183 256 
12 12 15 33 60 92 111 116 148 177 200 314 332 
6 118 155 157 211 229 254 
8 10 13 14 115 192 229 282 331 
13 7 24 28 71 102 107 180 188 207 294 295 301 310 
14 7 19 39 57 59 119 159 227 232 234 259 287 298 302 
9 74 92 94 171 219 289 313 318 319 
7 22 111 147 148 261 313 325 
13 3 18 21 44 57 82 146 179 192 213 240 319 327 
9 62 89 199 216 232 236 275 281 296 
9 18 107 109 146 185 199 225 286 291 
9 143 145 164 237 240 264 308 336 339 
7 7 104 109 142 152 261 331 
18 9 21 26 94 97 109 111 129 136 142 151 153 159 189 194 228 286 312 
8 51 54 114 129 230 282 309 317 
15 4 9 15 32 74 126 166 212 242 258 274 278 292 312 334 
11 25 57 93 127 148 196 199 206 219 232 239 
16 19 56 65 74 84 135 147 173 174 187 213 255 256 273 301 304 
10 64 122 131 132 148 165 210 222 271 286 
8 35 87 166 182 261 268 270 313 
7 25 137 185 194 197 207 227 
9 10 43 79 102 106 184 194 213 241 
7 49 99 137 197 247 276 278 
9 7 65 104 218 259 261 307 327 329 
18 18 21 39 54 58 72 84 140 148 195 196 238 249 253 261 263 312 335 
5 8 17 211 221 235 
12 7 24 36 40 62 165 170 210 233 270 279 294 
7 85 98 112 210 255 287 335 
10 0 42 49 54 103 180 201 220 249 303 
9 70 119 122 146 170 206 274 282 318 
10 29 70 83 153 161 193 215 287 309 319 
14 43 52 56 135 150 154 195 215 220 242 271 286 318 329 
10 57 61 62 134 203 267 274 292 311 328 
7 89 91 113 260 272 289 334 
6 20 133 177 193 201 222 
13 30 58 61 81 106 135 161 164 208 259 294 322 325 
11 103 141 177 198 211 230 264 281 302 305 332 
10 65 82 116 178 181 245 247 256 323 334 
7 18 70 89 130 152 204 252 
10 31 80 81 107 109 152 232 275 314 332 
12 17 28 51 90 209 243 258 291 295 306 334 337 
7 57 114 205 217 267 291 307 
10 9 14 26 38 136 169 171 199 248 313 
12 48 83 112 130 172 179 211 240 247 276 301 328 
12 29 79 81 88 117 143 178 184 198 226 292 325 
10 77 91 106 139 163 182 206 259 288 314 
11 70 83 86 89 91 109 172 186 315 328 338 
14 32 52 69 84 102 154 180 190 239 263 286 306 315 328 
11 30 91 128 135 199 283 301 302 322 329 338 
12 70 92 114 156 179 189 229 244 254 264 293 317 
11 17 47 123 145 155 188 193 267 290 299 323 
16 7 42 85 115 181 191 200 216 244 247 256 281 292 320 323 327 
4 36 152 248 271 
12 89 120 132 139 185 228 231 240 258 280 285 300 
8 5 148 184 216 236 240 282 289 
8 34 108 182 196 249 257 288 315 
9 31 84 186 251 254 264 306 319 337 
13 5 17 31 45 87 130 138 143 245 252 280 301 328 
9 7 38 97 105 125 165 169 185 230 
14 8 23 39 84 104 116 118 148 155 156 196 238 283 295 
13 3 10 31 66 117 159 166 197 212 228 236 306 320 
12 25 44 109 151 159 190 194 228 234 251 280 312 
13 41 67 70 121 155 157 195 242 261 278 286 319 337 
8 90 111 130 171 179 245 260 330 
11 49 52 144 145 151 177 183 201 237 270 305 
11 60 72 121 129 136 186 223 276 304 311 334 
9 31 56 126 163 169 199 206 223 324 
9 4 6 25 26 58 74 124 132 274 
9 85 118 125 167 252 264 290 291 335 
8 27 46 51 64 76 107 173 265 
14 15 16 18 28 57 86 89 115 176 206 210 236 256 261 
11 75 82 107 134 151 164 180 201 205 247 293 
7 62 108 139 155 243 256 273 
15 32 53 54 72 82 83 125 127 131 170 220 232 244 259 308 
8 0 37 68 94 97 175 215 219 
15 0 1 21 32 36 127 129 153 161 162 205 241 259 306 316 
17 7 17 20 23 58 96 109 118 137 160 171 178 222 247 264 279 328 
6 54 72 117 150 195 276 
12 19 32 44 71 143 152 156 300 303 308 326 333 
10 40 59 110 234 239 241 254 299 318 333 
10 28 59 165 166 209 239 274 283 292 298 
7 24 26 98 111 144 186 189 
8 6 19 25 26 52 176 225 251 
7 24 26 85 107 158 219 244 
11 18 100 131 141 151 209 218 228 246 276 307 
7 27 96 134 163 166 208 290 
11 5 9 56 61 64 68 93 160 233 260 313 
11 32 50 61 153 169 211 233 270 284 317 324 
7 102 109 200 201 284 301 303 
8 22 59 109 129 230 281 316 339 
5 10 58 107 145 217 
10 4 14 40 45 80 87 179 307 318 327 
12 12 45 59 89 90 116 140 155 234 258 305 322 
11 47 72 80 148 188 195 196 219 276 281 306 
15 48 68 77 78 103 134 137 138 184 248 257 259 263 331 335 
10 30 86 117 118 149 171 193 224 243 299 
13 17 30 68 75 79 103 188 238 273 284 287 296 323 
15 23 39 42 97 132 140 144 151 174 208 271 281 310 317 327 
6 24 74 161 221 222 326 
19 2 3 23 55 56 80 82 95 110 119 121 140 196 214 227 276 278 303 309 
3 70 115 160 
9 2 35 65 144 189 195 205 305 338 
10 54 95 105 127 146 199 245 248 321 325 
17 4 28 44 64 72 77 93 116 128 129 134 159 194 231 271 282 338 
12 32 63 106 107 126 132 151 182 214 215 268 280 
15 85 121 130 143 146 178 188 189 252 256 279 286 306 314 319 
10 35 76 97 156 210 214 250 260 334 339 
7 45 150 166 197 269 289 307 
7 7 110 175 207 230 252 278 
13 21 24 65 75 104 184 186 208 218 250 283 290 323 
14 10 13 70 83 119 130 172 192 198 237 266 302 312 313 
4 105 107 219 314 
16 19 28 54 70 83 84 157 172 178 186 206 211 271 296 335 337 
8 33 177 187 229 237 280 295 320 
9 48 100 122 132 159 163 190 273 310 
10 5 8 11 97 116 241 244 278 281 296 
10 7 12 65 90 191 196 217 253 302 324 
9 11 116 173 192 203 240 243 297 311 
10 36 81 82 93 113 159 251 259 319 339 
8 82 115 129 137 184 191 214 327 
10 54 67 97 99 114 152 162 316 330 339 
21 8 41 58 73 94 108 127 135 152 172 186 205 207 240 262 284 289 294 302 327 329 
5 190 229 284 299 313 
12 54 71 80 108 117 124 150 175 188 227 319 330 
10 140 158 170 180 208 210 229 253 281 300 
11 23 47 57 73 123 168 198 221 241 305 335 
11 105 107 117 142 147 154 158 159 197 205 322 
7 51 82 103 129 256 275 293 
9 31 60 159 182 229 275 278 314 320 
9 110 146 171 184 191 203 211 275 325 
11 6 8 36 46 58 91 101 204 267 289 331 
3 47 245 324 
14 66 67 72 86 89 93 167 176 185 265 271 273 286 305 
10 38 62 124 154 239 279 302 307 315 332 
6 47 106 114 242 299 306 
10 1 53 97 99 154 161 199 222 286 298 
15 4 75 76 87 89 153 166 187 232 238 247 267 289 319 330 
6 11 13 52 85 109 168 
10 2 66 103 115 152 207 231 249 267 311 
11 96 124 128 150 164 167 202 215 314 325 327 
9 45 144 174 262 263 264 302 312 325 
18 1 3 21 50 63 89 106 157 178 200 212 219 228 234 286 296 320 330 
5 40 56 78 286 318 
16 2 18 51 96 107 150 157 197 234 243 250 263 308 314 319 332 
9 54 78 102 161 211 240 268 297 322 
10 33 37 87 100 107 188 192 196 239 248 
11 43 47 118 144 171 186 224 228 232 250 259 
10 13 46 72 138 149 164 189 238 293 331 
13 17 20 82 90 134 183 194 215 244 292 300 324 338 
6 222 223 231 256 257 321 
13 5 15 35 46 59 61 122 127 188 290 296 333 335 
19 67 76 80 100 105 116 128 133 145 148 153 166 182 197 240 267 270 276 277 
9 20 24 66 140 162 165 231 297 331 
8 22 32 60 62 98 129 180 190 
12 17 45 53 73 141 168 189 242 256 265 271 338 
10 3 54 71 85 115 185 203 220 244 285 
8 14 35 145 175 176 203 295 334 
13 0 7 42 49 56 62 122 150 167 179 186 215 283 
13 2 41 47 70 79 116 130 184 206 262 282 315 325 
6 55 139 161 170 256 296 
12 71 116 139 175 194 248 291 308 323 324 336 339 
11 33 45 78 144 231 247 250 276 285 294 334 
8 24 35 51 110 252 279 287 314 
15 8 14 26 27 28 37 55 64 81 91 95 140 215 270 307 
11 14 44 71 185 214 230 257 269 315 321 326 
8 2 63 93 103 188 213 259 283 
11 6 39 65 76 84 139 152 178 183 192 223 
14 37 57 111 140 171 183 245 251 256 268 275 305 315 322 
11 11 73 86 99 121 125 163 213 223 234 321 
10 11 36 53 54 107 112 152 200 323 324 
10 55 95 106 171 199 227 236 260 267 302 
13 56 68 82 175 182 191 195 210 228 240 269 310 321 
12 42 79 80 93 158 176 219 226 242 268 298 334 
7 72 89 146 208 213 278 295 
6 34 61 149 165 234 338 
14 33 53 61 66 70 71 87 110 117 139 232 249 306 336 
10 54 68 97 116 167 200 252 273 321 326 
11 23 27 33 132 148 150 159 196 245 275 334 
11 125 132 141 142 154 177 221 245 257 315 325 
15 11 44 64 114 130 136 174 180 240 246 263 274 278 297 330 
13 10 16 31 66 78 181 182 190 268 293 299 302 313 
4 123 210 224 255 
9 26 33 36 149 184 222 232 320 322 
9 10 39 57 141 164 166 214 226 277 
14 16 39 66 141 143 165 191 197 240 253 258 271 278 328 
9 27 74 107 186 195 248 263 276 317 
12 8 11 37 38 98 108 237 284 299 303 306 311 
9 79 113 170 183 227 261 279 302 317 
7 172 185 186 231 244 295 304 
8 13 201 222 251 266 283 295 304 
13 51 54 76 142 170 179 237 264 274 275 293 313 337 
8 1 13 75 112 213 233 299 311 
14 28 50 70 94 123 143 158 186 226 232 254 256 274 334 
13 37 51 68 92 123 167 178 181 182 192 211 319 334 
12 13 19 30 46 59 77 79 106 158 166 183 256 
9 38 60 112 198 255 258 271 276 314 
9 41 109 111 138 147 229 265 282 287 
9 20 46 97 136 171 174 268 278 335 
5 65 83 213 214 285 
15 21 59 87 150 168 172 175 200 241 291 296 307 312 327 328 
15 2 6 18 73 75 109 133 159 162 203 229 247 260 285 332 
6 53 96 112 146 295 310 
5 175 191 197 247 325 
12 7 50 110 121 127 181 183 236 238 283 289 309 
11 43 55 92 95 133 146 224 241 253 255 295 
