320 1613
12 16 19 36 73 75 84 85 93 135 163 228 235 
5 110 111 129 163 240 
11 6 86 96 104 123 149 185 197 243 276 280 
8 93 143 156 171 172 246 255 263 
5 29 58 111 266 275 
9 63 127 133 144 198 225 246 259 262 
9 2 12 122 177 227 271 306 307 319 
8 47 61 124 187 196 207 234 300 
7 13 106 154 199 225 249 297 
15 11 19 80 81 94 110 113 117 127 130 140 159 206 221 257 
17 28 45 50 64 74 93 102 127 129 185 243 253 264 268 280 298 304 
14 9 25 55 60 96 130 161 214 218 221 232 244 250 272 
10 6 89 144 145 167 185 240 257 287 296 
10 8 56 126 128 201 257 269 279 294 315 
7 26 55 64 69 103 115 189 
11 115 126 158 204 208 216 222 266 267 302 304 
5 0 32 113 142 309 
13 21 25 29 54 76 117 134 139 196 246 251 280 287 
10 26 35 52 56 151 174 181 237 257 258 
11 0 9 51 56 82 150 189 193 201 237 257 
10 57 75 94 103 107 116 124 190 223 306 
4 17 74 285 303 
7 64 95 140 173 178 180 195 
11 79 81 93 98 134 138 143 178 225 276 284 
8 32 69 101 124 139 238 263 309 
12 11 17 26 44 55 57 98 100 220 245 269 294 
10 14 18 25 48 68 86 134 240 244 316 
10 30 51 122 149 172 178 214 235 269 314 
12 10 100 114 134 154 181 189 206 243 286 309 318 
10 4 17 31 56 59 62 80 124 143 309 
7 27 33 102 223 250 255 289 
9 29 34 76 94 126 168 203 233 318 
9 16 24 64 72 128 133 151 220 286 
13 30 46 50 57 90 95 119 128 158 169 209 238 271 
6 31 130 146 155 238 318 
7 18 61 67 84 109 157 161 
7 0 57 78 136 161 174 317 
10 39 44 65 74 75 84 104 140 160 228 
10 45 47 85 87 113 161 201 218 253 284 
11 37 58 78 118 140 152 249 285 291 312 315 
7 113 144 237 257 269 297 300 
4 61 68 259 313 
12 54 102 141 179 183 208 222 224 238 254 308 313 
12 94 95 100 112 117 149 202 212 236 240 276 283 
10 25 37 50 52 60 73 158 190 255 277 
12 10 38 56 73 101 104 124 130 146 170 204 275 
10 33 54 143 173 189 197 215 234 261 275 
8 7 38 71 84 179 284 294 310 
10 26 75 110 149 171 186 301 302 305 311 
6 69 88 127 162 242 245 
6 10 33 44 193 251 275 
12 19 27 64 69 83 85 113 130 148 185 227 259 
15 18 44 63 74 88 98 115 124 143 146 193 250 285 309 310 
7 95 99 125 132 239 274 285 
18 17 42 46 61 130 137 146 159 173 182 187 190 223 224 238 264 310 316 
10 11 14 25 94 113 133 146 300 311 315 
13 13 18 19 29 45 98 108 158 163 201 260 290 301 
12 20 25 33 36 119 161 203 214 252 274 290 312 
10 4 39 76 80 102 122 175 205 293 306 
9 29 62 87 100 124 181 198 230 280 
8 11 44 105 177 235 240 303 308 
9 7 35 41 54 80 92 102 231 314 
12 29 59 68 88 89 179 180 184 220 240 285 298 
15 5 52 106 157 173 181 206 210 217 218 219 258 270 298 306 
18 10 14 22 32 51 120 125 127 142 172 221 224 248 260 285 297 313 316 
7 37 155 211 217 236 258 262 
6 77 79 113 183 278 313 
4 35 151 243 258 
11 26 41 62 124 126 198 228 244 257 280 284 
19 14 24 49 51 71 81 82 91 102 109 112 136 161 233 262 273 274 308 317 
11 83 147 196 239 261 263 285 291 294 297 309 
12 47 69 76 95 104 107 115 207 248 274 304 319 
7 32 97 181 204 230 236 297 
10 0 44 45 96 146 166 191 246 255 282 
16 10 21 37 52 76 104 105 196 200 211 233 246 280 282 307 315 
10 0 20 37 48 132 156 242 250 260 315 
11 17 31 58 71 74 85 120 224 236 309 315 
7 66 162 166 199 221 227 230 
7 36 39 88 133 170 184 249 
11 23 66 92 129 200 215 218 228 231 238 302 
14 9 29 58 61 97 112 123 128 173 182 210 255 262 317 
10 9 23 69 116 117 128 182 200 206 288 
11 19 69 153 159 201 255 257 268 281 292 303 
7 51 70 120 161 226 265 306 
8 0 35 37 47 96 163 202 258 
7 0 38 51 76 168 175 200 
12 2 26 99 117 128 136 152 168 219 238 239 290 
10 38 59 210 222 234 256 272 273 301 304 
7 49 52 62 78 170 176 293 
9 12 62 154 169 204 253 262 273 295 
5 33 111 113 118 138 
7 69 100 148 158 182 227 242 
14 61 79 111 145 180 187 195 197 215 218 281 285 299 309 
7 0 3 10 23 137 199 217 
13 9 20 31 43 55 134 193 200 209 211 218 287 299 
14 22 33 43 53 71 116 123 197 206 240 252 260 267 278 
12 2 11 73 84 114 136 139 197 214 294 303 309 
11 72 80 136 137 173 196 219 261 282 297 319 
12 23 25 52 56 103 117 133 135 143 202 272 274 
8 53 86 125 172 205 218 227 303 
10 25 28 43 59 91 120 212 230 273 312 
12 24 45 109 124 147 156 205 206 232 242 295 304 
12 10 30 42 58 61 69 171 181 187 247 253 308 
6 14 20 98 148 177 224 
14 2 37 45 71 74 114 123 163 165 176 185 190 231 257 
12 60 74 106 150 174 203 210 215 233 249 261 264 
12 8 63 105 111 121 122 166 188 246 273 296 312 
11 20 71 120 127 153 165 221 230 248 304 317 
13 56 120 122 126 152 159 203 216 278 281 285 286 287 
12 35 69 101 122 127 149 172 188 207 213 234 313 
5 1 9 48 186 272 
13 1 4 90 92 106 138 224 265 271 274 279 287 304 
7 43 69 80 175 240 258 316 
14 9 16 38 40 51 55 66 90 127 133 199 203 290 313 
11 28 96 104 155 169 212 220 264 281 300 307 
10 14 15 52 71 158 186 219 229 309 311 
9 20 81 95 129 134 137 188 206 269 
13 9 17 43 81 86 98 142 143 185 217 292 312 314 
7 39 90 128 162 167 179 301 
10 33 57 165 212 249 254 256 283 294 296 
11 64 76 83 100 107 108 129 141 164 188 283 
8 106 124 139 188 214 226 284 302 
12 6 27 58 106 108 109 162 175 189 269 273 317 
10 2 80 95 104 142 158 186 273 306 319 
15 7 20 24 29 45 52 59 68 101 121 169 177 252 309 316 
11 53 64 99 131 153 158 180 203 240 250 288 
12 13 15 31 68 108 131 188 195 221 236 253 274 
12 5 9 10 49 64 107 109 113 166 230 269 280 
15 13 32 33 80 81 86 118 137 158 171 180 187 210 253 273 
13 1 10 79 116 120 140 149 161 167 233 244 258 281 
12 9 11 34 45 51 54 179 223 229 260 266 298 
12 125 126 137 139 179 204 207 210 211 226 285 296 
7 53 75 143 162 219 271 276 
13 5 32 55 78 98 113 153 175 182 191 212 229 303 
13 17 23 26 28 94 116 152 153 154 162 179 291 310 
8 0 98 200 247 264 285 290 316 
10 36 69 86 96 97 146 185 248 274 292 
11 54 93 97 116 128 131 176 201 212 297 314 
6 23 90 111 155 198 254 
10 17 24 96 121 131 183 290 291 295 318 
10 9 22 37 39 129 162 175 247 254 261 
9 42 120 181 198 214 229 265 284 317 
8 16 64 117 123 155 158 275 281 
14 3 23 29 46 52 98 117 132 155 156 170 290 298 313 
11 5 12 40 158 166 201 207 212 223 293 309 
8 12 92 177 243 276 279 298 315 
14 34 45 52 54 55 73 136 149 233 241 244 260 273 295 
10 70 101 172 202 227 285 288 302 304 314 
8 51 91 103 159 162 176 183 229 
11 2 27 43 48 109 129 146 195 234 269 275 
7 19 105 171 174 189 192 227 
9 18 32 67 158 173 190 250 272 279 
16 39 86 108 134 161 186 197 198 208 209 231 237 240 244 290 297 
14 82 107 125 133 134 190 204 226 257 261 266 277 304 316 
6 8 28 89 134 256 276 
9 34 65 114 138 142 143 233 260 293 
9 3 75 101 143 182 205 260 274 308 
6 35 63 167 232 243 316 
18 15 33 44 56 91 115 123 125 128 142 144 151 171 225 267 279 286 302 
9 9 54 82 108 148 182 238 263 318 
7 37 165 181 217 221 240 280 
10 11 35 36 38 57 69 83 129 152 242 
17 49 77 118 122 132 134 140 148 188 195 218 228 254 287 304 305 310 
13 0 1 56 84 104 167 172 175 202 259 276 310 318 
7 120 198 217 245 248 251 317 
9 104 107 119 160 190 195 240 269 277 
11 73 77 106 127 144 209 251 260 275 295 319 
15 12 118 129 157 163 176 179 220 224 232 236 249 296 305 317 
9 31 85 86 171 177 187 223 258 316 
6 33 89 114 124 245 277 
11 45 78 88 143 185 231 232 263 285 307 318 
12 3 48 102 128 150 158 168 192 224 227 264 268 
9 3 27 64 99 109 147 163 176 183 
15 22 46 54 63 80 97 151 198 207 220 230 253 294 295 306 
11 18 36 105 150 191 207 224 280 294 308 311 
9 58 85 112 122 133 140 163 182 274 
10 88 104 137 148 167 172 227 229 281 285 
8 6 60 103 124 145 168 229 282 
7 22 23 27 182 191 232 249 
9 42 47 62 118 130 131 134 167 275 
10 22 62 92 125 128 203 207 222 251 265 
16 18 28 59 63 72 102 141 160 269 273 285 297 300 303 313 316 
13 54 80 81 91 133 156 159 175 178 194 197 248 280 
10 42 66 139 148 172 199 212 284 294 309 
6 62 78 265 298 314 318 
11 2 10 12 51 104 117 136 170 210 233 267 
6 48 110 115 123 152 193 
8 7 54 92 102 128 168 241 292 
8 106 109 116 120 121 126 162 305 
12 14 19 28 46 122 150 190 233 242 248 267 277 
11 20 44 54 104 151 153 165 189 252 307 315 
8 73 133 174 178 205 292 294 303 
8 150 171 208 239 254 263 286 291 
7 19 50 52 94 186 252 277 
2 182 252 
13 22 92 126 149 162 165 217 227 242 260 280 303 315 
8 7 17 70 74 97 237 251 277 
9 2 46 92 95 96 152 182 227 269 
11 5 59 68 138 141 152 164 173 231 311 314 
10 8 77 93 113 183 217 228 250 263 285 
12 74 79 81 85 94 135 226 235 248 271 287 314 
9 13 19 38 56 82 137 144 256 312 
7 43 84 98 147 163 235 308 
10 31 57 105 108 113 125 180 205 271 301 
11 15 45 72 89 131 153 216 272 291 304 305 
13 58 99 101 156 191 203 212 229 268 280 282 290 306 
12 9 28 63 81 95 101 116 225 231 263 301 315 
13 7 71 109 131 144 173 174 180 213 233 274 302 305 
8 15 42 152 192 217 238 250 289 
8 33 94 152 166 237 258 284 294 
9 63 80 87 105 128 131 185 226 293 
7 65 74 94 131 216 242 299 
13 43 100 114 119 133 137 144 183 205 213 223 302 305 
7 109 207 212 223 235 258 308 
12 11 27 57 96 121 141 219 232 261 284 291 313 
7 46 79 92 105 228 262 313 
7 15 108 204 211 234 247 312 
12 63 65 93 117 160 164 195 199 208 229 286 319 
9 11 38 63 79 92 94 99 162 247 
9 63 86 97 115 132 214 267 295 298 
9 25 32 62 114 167 173 224 227 259 
13 9 11 64 77 107 126 160 223 240 290 293 299 302 
8 15 42 87 180 236 253 254 267 
17 20 30 54 130 144 168 212 213 221 226 233 252 255 259 261 264 306 
13 42 54 64 76 103 111 167 171 174 220 234 250 274 
8 5 8 23 158 206 260 278 310 
9 83 121 131 153 200 210 223 236 298 
15 6 51 77 91 99 147 150 171 176 195 197 220 243 273 300 
9 0 37 68 79 162 199 215 236 286 
10 115 130 133 141 148 176 177 205 217 260 
9 59 72 77 100 107 127 173 257 313 
9 61 79 104 152 170 198 206 235 257 
10 11 101 157 167 170 178 214 288 298 311 
15 31 69 74 105 129 146 155 185 189 207 223 258 267 272 309 
9 7 46 87 109 149 216 224 317 319 
8 0 27 60 200 202 213 231 285 
12 43 65 72 76 126 167 222 226 228 269 277 291 
7 18 19 40 152 196 209 316 
13 24 33 34 42 54 79 86 159 208 247 277 280 303 
5 53 70 86 192 294 
15 1 12 26 43 60 62 95 112 125 152 160 165 221 245 259 
7 146 187 245 253 267 289 290 
10 49 75 91 101 161 189 195 211 262 312 
9 2 10 28 67 145 157 227 247 279 
8 11 26 68 129 146 152 263 264 
7 25 49 164 169 240 241 269 
9 3 5 17 73 74 106 279 286 300 
10 102 135 140 216 218 238 243 272 314 315 
11 64 71 107 136 164 182 189 200 249 292 293 
10 8 39 78 105 119 167 178 248 297 313 
10 11 30 52 75 125 151 199 208 224 302 
8 17 50 164 166 180 196 273 310 
8 57 95 124 190 193 194 223 301 
14 10 38 89 102 126 128 173 222 241 275 286 293 300 304 
8 42 119 138 140 162 192 222 260 
12 3 30 44 73 80 82 223 264 276 292 295 304 
7 87 119 154 201 258 277 284 
13 9 12 13 18 19 40 68 82 104 153 230 231 301 
13 18 63 65 67 84 112 129 168 209 213 233 256 261 
9 5 41 51 163 220 223 240 263 292 
14 56 64 75 95 130 146 155 156 166 195 225 229 254 283 
9 46 70 97 105 140 153 214 223 258 
9 5 65 69 80 89 215 242 281 295 
11 3 24 70 159 170 192 199 206 244 259 279 
10 10 54 105 114 135 171 223 244 255 271 
6 83 111 141 180 184 274 
5 4 15 130 153 281 
10 15 95 158 185 189 219 222 233 241 274 
7 10 82 171 205 277 286 310 
17 13 25 27 40 116 122 127 149 165 181 197 236 245 277 297 299 312 
1 63 
7 6 33 111 132 200 203 264 
11 11 87 98 110 151 204 233 247 288 303 313 
13 69 87 89 100 106 122 123 128 146 181 227 251 305 
17 53 57 69 71 98 111 126 136 156 175 207 224 265 267 276 301 313 
11 4 45 46 50 142 149 166 179 253 300 303 
11 2 23 43 132 145 154 163 255 274 314 318 
13 44 153 165 169 189 193 196 236 238 256 268 269 309 
5 66 95 108 225 282 
9 13 111 145 151 158 243 246 263 294 
14 2 10 17 59 68 74 127 160 174 182 195 205 238 302 
13 82 92 108 114 129 142 176 262 266 288 300 316 319 
6 73 74 97 177 205 278 
4 43 119 120 260 
11 23 38 47 68 121 141 183 209 214 256 290 
17 21 39 52 53 62 64 70 92 108 131 135 147 170 176 181 199 235 
10 28 32 108 158 192 217 228 246 253 268 
8 12 17 94 108 111 162 200 305 
7 81 125 147 232 272 281 303 
4 30 208 241 296 
12 56 57 86 113 135 139 143 152 205 221 241 284 
8 39 70 134 139 192 204 214 236 
8 82 117 136 187 191 248 255 259 
9 58 88 144 155 210 221 248 253 319 
14 13 25 47 70 96 119 173 174 183 191 209 239 279 318 
10 89 101 139 146 166 173 219 255 262 303 
6 12 106 119 131 167 289 
12 8 40 64 70 72 97 137 152 181 249 269 316 
11 10 62 63 130 143 145 184 219 226 232 313 
6 92 94 211 221 269 317 
10 7 40 55 114 181 227 246 253 275 281 
10 48 56 87 118 203 206 252 257 274 314 
12 15 48 79 121 147 158 207 212 221 250 280 313 
15 21 60 82 96 99 133 181 191 195 238 272 275 288 295 319 
14 10 15 71 87 101 107 111 147 153 162 204 253 255 311 
9 48 162 167 188 204 207 212 273 287 
10 6 20 58 63 83 123 173 205 223 319 
5 6 74 114 170 190 
8 42 60 69 102 156 174 202 213 
15 16 24 28 29 52 70 76 92 96 115 124 144 183 233 277 
9 47 52 54 134 162 163 225 251 268 
7 48 55 115 174 198 232 304 
9 39 57 100 106 117 201 216 242 269 
16 41 42 64 66 109 113 143 181 214 215 230 249 272 274 298 302 
11 27 61 117 137 147 184 198 200 247 276 301 
11 13 39 55 74 75 76 145 190 195 206 247 
13 26 54 64 112 124 135 153 157 168 181 237 281 297 
10 36 69 80 107 122 141 164 167 234 299 
10 28 31 34 139 159 163 170 184 276 294 
11 6 71 97 123 166 217 234 281 293 303 306 
320 1628
14 12 22 98 117 127 155 157 158 245 253 255 258 302 304 
9 28 48 71 110 209 242 264 298 319 
11 4 29 49 89 107 120 160 183 275 282 294 
14 24 56 68 112 138 143 152 159 212 219 221 234 236 294 
10 2 43 143 221 242 260 272 275 288 293 
12 64 86 162 212 219 226 231 236 277 279 295 297 
18 34 92 96 104 114 120 123 130 131 148 159 162 183 200 207 235 238 247 
12 29 44 57 60 87 121 143 155 176 185 199 224 
10 27 49 57 159 225 255 260 301 306 310 
9 23 32 44 65 137 155 161 162 310 
7 110 164 201 221 233 253 282 
5 41 117 213 215 226 
11 0 15 77 102 157 169 184 217 228 254 307 
11 35 70 78 96 134 181 216 236 249 256 289 
9 44 69 98 114 148 172 176 213 256 
11 12 78 81 82 86 156 184 224 246 301 318 
8 22 50 58 131 152 177 201 249 
12 62 70 74 80 113 119 149 153 215 232 275 307 
9 29 74 96 108 162 168 193 283 302 
6 79 137 155 209 238 267 
8 49 61 79 99 144 149 186 198 
11 40 51 90 106 157 173 191 209 213 220 285 
8 0 16 34 35 117 233 262 292 
10 9 77 137 143 193 219 236 239 248 298 
9 3 143 145 182 187 202 209 244 281 
8 39 60 94 146 185 227 241 283 
10 56 64 83 90 143 195 219 231 233 264 
8 8 49 69 114 224 227 256 285 
13 1 29 38 89 115 142 146 154 161 195 206 279 294 
18 2 7 18 28 52 88 122 129 136 241 249 258 259 266 277 280 305 312 
7 41 73 81 122 168 240 260 
14 33 67 123 129 138 171 194 214 217 234 266 280 287 309 
6 9 64 66 93 137 299 
10 31 59 88 97 115 154 184 204 274 277 
12 6 22 74 90 98 114 252 254 274 305 306 316 
10 13 22 39 59 60 63 78 181 272 296 
4 205 216 226 298 
12 47 51 78 88 130 132 135 187 201 258 269 308 
12 28 76 141 148 149 239 253 258 290 292 295 310 
13 25 35 44 99 110 162 179 196 236 303 305 308 318 
5 21 65 143 253 257 
13 11 30 106 142 157 167 174 193 211 213 239 265 271 
11 54 108 131 169 170 171 185 199 231 245 304 
11 4 85 90 124 152 171 210 222 283 287 317 
12 7 9 14 39 124 154 172 188 215 228 283 310 
12 51 123 127 172 191 212 213 261 269 301 306 317 
8 95 129 161 219 233 257 267 268 
7 37 72 154 218 277 294 303 
10 1 58 110 169 186 207 209 235 238 287 
14 2 8 20 27 104 146 159 181 236 238 253 264 307 317 
13 16 109 117 142 152 154 159 200 216 220 261 267 282 
7 21 37 45 238 258 287 312 
11 29 59 60 61 75 141 160 221 235 249 287 
9 93 109 187 201 209 229 232 252 315 
10 42 74 110 140 150 173 182 233 262 287 
3 86 146 160 
9 3 26 128 129 152 197 210 257 258 
13 7 8 94 112 148 162 167 200 247 264 265 268 274 
8 16 48 75 127 172 185 269 301 
16 33 35 52 67 69 72 81 98 147 218 223 256 258 277 294 301 
10 7 25 35 52 154 186 202 216 218 223 
8 20 52 74 143 262 296 313 317 
9 17 104 118 154 236 241 285 291 297 
10 35 102 123 152 182 208 234 257 300 312 
8 5 26 32 96 109 213 227 303 
8 9 40 120 138 142 161 168 318 
11 32 81 156 185 209 218 231 243 252 264 316 
11 31 59 76 95 130 168 237 254 255 287 301 
7 3 85 86 145 198 210 261 
8 14 27 59 86 106 134 229 288 
11 13 17 76 114 163 186 197 243 266 278 312 
6 1 124 139 185 284 294 
9 47 59 162 220 231 269 281 287 319 
7 30 126 143 168 229 244 290 
13 17 18 34 54 61 103 171 205 206 221 254 268 275 
11 52 58 108 120 127 131 202 232 293 310 313 
12 38 67 70 103 114 117 134 184 196 198 262 305 
12 12 23 95 101 104 116 128 176 177 197 202 304 
10 13 15 35 37 114 134 262 289 290 293 
6 19 20 92 98 134 227 
4 17 207 261 312 
14 15 30 59 66 85 129 133 140 184 210 239 297 298 313 
10 15 95 123 126 196 220 251 267 284 302 
4 26 121 236 258 
7 108 170 189 204 210 236 268 
19 43 68 81 100 110 114 159 163 188 198 206 209 230 241 255 262 276 291 310 
11 5 15 55 68 69 88 118 236 296 300 307 
12 7 109 125 127 138 147 205 219 232 254 274 287 
15 29 33 37 86 99 114 128 186 216 244 247 255 271 280 309 
12 2 28 134 176 192 220 223 250 252 262 277 314 
12 21 26 34 43 96 128 137 151 182 191 267 290 
9 110 118 192 193 202 205 263 307 312 
9 6 79 131 145 166 210 230 293 318 
10 32 53 134 162 165 180 249 252 303 304 
10 25 57 142 166 167 205 225 278 295 301 
12 46 67 77 82 117 178 198 202 276 280 305 310 
8 6 13 18 64 90 202 239 263 
10 33 114 116 124 151 169 220 237 254 314 
12 0 14 34 59 79 109 160 221 227 241 305 313 
8 20 39 88 100 150 182 244 317 
10 85 99 170 176 190 213 218 222 252 315 
5 77 154 212 224 243 
8 12 63 136 220 232 240 242 317 
9 74 76 106 123 168 176 185 193 247 
11 6 49 62 77 200 283 284 292 300 303 316 
10 140 150 152 198 215 232 248 283 308 312 
11 21 41 69 103 173 218 250 255 259 270 319 
12 2 115 125 174 215 223 227 243 246 253 282 297 
9 18 42 75 84 112 145 151 185 202 
13 50 53 64 87 98 116 120 149 163 195 266 275 277 
13 1 10 39 48 54 85 91 118 149 236 276 278 287 
7 178 185 203 216 243 298 307 
8 3 57 108 132 232 269 299 314 
6 17 123 147 264 279 313 
14 6 14 27 34 70 76 78 85 88 97 117 191 208 272 
10 28 33 107 165 213 215 232 251 288 299 
9 77 97 109 149 172 224 286 300 315 
14 0 11 22 50 76 95 114 120 137 224 276 278 284 308 
11 62 86 91 110 135 156 212 235 277 281 286 
5 17 160 205 299 307 
16 2 6 65 75 109 117 137 171 173 199 202 218 219 227 248 271 
10 7 83 136 144 188 201 204 231 268 270 
15 29 30 131 159 181 184 188 202 206 231 233 240 263 272 275 
12 6 31 45 63 82 103 113 132 186 228 265 301 
10 43 44 71 97 130 147 162 184 216 234 
7 87 107 184 208 233 270 306 
7 73 82 168 173 216 254 288 
12 0 45 58 75 87 141 150 180 204 243 253 300 
5 56 77 88 90 272 
16 29 31 46 56 81 134 158 163 171 178 195 217 257 261 266 298 
8 6 37 67 124 225 248 277 301 
13 6 16 42 75 92 122 145 177 245 278 290 291 293 
8 37 112 123 188 221 286 306 311 
3 81 168 312 
15 13 69 76 78 79 89 93 129 138 163 196 266 283 298 312 
9 37 118 161 168 207 221 247 254 315 
9 29 102 121 179 250 273 284 290 298 
11 9 19 23 32 90 117 120 219 222 283 290 
10 3 31 65 87 134 143 154 173 258 267 
8 71 141 145 203 242 257 302 318 
12 54 81 105 162 171 180 185 200 241 262 292 301 
8 38 52 127 139 155 209 281 314 
7 28 41 50 65 94 213 311 
12 3 4 7 23 24 26 40 61 73 138 150 183 
6 20 121 163 193 224 230 
8 24 68 92 108 131 139 233 273 
8 25 28 49 55 211 228 254 295 
8 59 87 113 124 179 253 299 307 
11 6 14 38 57 194 196 227 238 265 305 312 
10 17 20 38 109 110 116 177 188 224 274 
6 54 99 105 127 143 288 
8 90 97 108 164 173 188 213 316 
13 3 16 43 50 56 63 105 163 173 232 262 269 298 
12 17 156 167 198 204 233 263 265 277 284 298 305 
15 28 33 44 47 50 60 62 101 138 155 172 174 198 214 315 
10 0 7 9 19 141 154 168 217 219 282 
14 15 66 118 153 173 175 176 202 209 224 239 251 252 300 
7 0 12 21 41 197 201 309 
12 0 129 168 177 198 231 244 272 275 298 304 310 
10 3 6 8 49 50 85 122 200 218 304 
10 2 52 55 98 119 174 187 191 232 248 
12 9 28 46 65 135 165 216 234 238 242 248 306 
13 5 6 9 18 39 57 72 93 124 140 196 234 303 
15 70 85 109 129 134 144 152 167 169 180 199 226 234 305 319 
6 10 151 209 248 257 305 
9 93 115 161 170 200 219 238 255 317 
9 92 94 171 207 229 262 273 285 287 
12 41 57 94 153 163 169 176 178 194 284 300 317 
17 18 30 65 67 73 103 126 133 135 155 158 184 212 215 264 298 312 
11 12 42 48 97 163 167 219 228 236 255 306 
6 42 84 100 165 236 260 
11 31 42 43 74 120 129 140 166 182 193 205 
7 14 44 45 58 116 154 208 
12 21 54 106 120 126 138 151 152 156 227 289 292 
11 41 107 154 160 181 187 192 250 285 287 317 
5 156 184 269 305 312 
10 7 14 77 89 100 103 156 167 223 278 
10 16 77 131 149 158 211 267 278 279 292 
8 95 111 129 167 227 283 293 299 
6 39 136 147 292 302 307 
7 93 127 140 163 262 263 273 
8 13 35 49 122 174 185 236 274 
8 24 54 63 90 99 171 261 318 
8 2 6 143 184 211 230 259 312 
13 12 15 33 76 81 122 124 125 168 175 183 233 288 
15 7 25 42 58 66 71 103 108 111 140 181 190 202 274 275 
13 20 48 60 70 88 123 193 203 217 231 247 255 281 
11 24 37 53 160 174 243 248 262 268 310 315 
10 44 85 121 122 132 149 151 232 253 300 
3 84 225 236 
5 100 185 248 283 297 
10 21 45 90 114 160 199 206 216 279 280 
4 89 91 174 215 
12 18 23 41 91 103 144 171 186 206 255 259 292 
8 31 148 167 206 220 229 238 283 
9 26 28 109 129 232 246 250 263 314 
8 39 76 82 134 148 162 213 308 
6 56 70 77 157 215 238 
13 20 68 76 85 95 105 153 154 158 231 249 274 276 
9 7 42 120 163 191 210 222 228 253 
9 6 50 57 104 140 159 165 273 310 
10 10 16 37 53 121 157 230 242 245 294 
17 24 60 75 77 91 95 96 108 120 122 156 185 226 234 253 295 312 
8 111 139 186 224 225 231 240 288 
12 33 84 121 127 153 241 246 248 273 301 312 316 
9 36 74 87 91 94 119 171 269 317 
11 28 74 85 122 191 193 194 274 298 303 304 
7 6 48 80 135 166 217 218 
8 63 114 125 172 220 272 284 301 
15 1 19 21 24 48 53 66 85 141 156 164 224 237 258 285 
10 43 56 68 81 84 92 199 255 263 279 
11 41 146 177 183 222 239 255 259 298 304 319 
9 3 5 45 101 118 168 256 295 309 
14 11 14 21 41 45 64 100 115 142 151 196 229 290 295 
3 31 154 256 
13 11 17 44 105 107 115 168 192 197 225 228 252 296 
13 13 36 50 60 88 111 124 126 161 191 221 224 229 
10 12 31 129 155 186 207 236 306 317 319 
13 47 59 60 66 100 106 120 159 207 224 254 259 293 
13 3 5 23 26 46 87 120 137 155 165 169 251 277 
10 21 50 72 82 89 97 102 194 208 286 
13 3 4 10 52 74 98 132 135 216 240 267 275 313 
8 43 100 137 199 211 262 292 308 
10 59 60 89 107 176 228 232 246 266 288 
19 7 15 27 101 116 117 144 149 156 203 209 216 218 243 246 253 266 279 286 
8 8 94 130 189 203 215 313 314 
9 5 11 36 163 202 234 260 302 303 
14 25 27 64 79 98 107 120 148 173 178 228 256 259 306 
12 12 44 123 146 169 199 215 223 227 241 260 272 
10 53 69 73 166 194 213 216 231 246 311 
7 85 92 144 183 201 238 317 
15 5 26 42 66 72 121 122 158 186 198 203 229 236 238 281 
18 17 53 75 87 102 105 112 115 152 160 188 195 223 250 259 262 272 292 
10 10 22 26 46 54 122 125 145 153 184 
13 3 31 63 124 161 162 163 202 226 261 271 290 318 
5 6 48 52 118 301 
18 3 5 13 23 39 49 62 83 84 86 110 169 170 181 189 217 231 289 
6 67 97 209 257 286 288 
12 6 19 48 49 51 148 161 165 194 197 230 231 
10 23 38 41 81 96 156 211 248 289 291 
9 30 102 122 203 221 254 258 278 280 
15 25 29 62 85 98 140 204 228 248 249 291 302 306 314 316 
8 1 4 102 139 161 201 288 311 
11 66 70 101 107 111 127 187 224 290 300 314 
5 24 73 88 99 158 
7 0 42 131 201 273 278 318 
12 15 107 195 204 223 224 229 268 281 303 305 314 
8 6 57 88 103 135 186 252 257 
13 23 105 120 130 160 161 164 187 190 204 239 241 279 
9 13 16 29 52 93 198 241 254 286 
10 89 106 136 174 195 232 261 265 286 307 
6 82 115 156 219 258 287 
11 34 53 66 89 93 100 156 215 247 274 316 
13 0 10 38 40 49 107 127 147 188 199 202 224 286 
14 12 34 67 74 87 97 126 135 146 218 240 249 289 297 
14 0 8 67 85 88 106 165 169 186 193 210 211 269 318 
8 13 14 27 59 212 214 227 277 
12 40 46 56 63 129 139 164 237 247 287 309 319 
13 0 29 37 38 51 56 59 83 138 209 240 251 307 
11 29 106 183 193 211 218 227 232 267 272 294 
10 4 8 30 170 226 228 264 279 301 311 
10 45 50 68 80 129 182 234 250 264 310 
15 22 54 61 76 78 85 89 140 152 166 180 187 222 232 317 
10 91 96 122 153 180 195 210 268 286 305 
10 1 26 49 57 66 113 168 260 261 267 
7 41 57 123 148 153 250 316 
10 29 31 70 109 129 134 223 224 275 292 
13 19 46 50 82 90 138 177 221 259 264 285 298 314 
10 46 57 74 84 121 187 246 263 271 292 
9 37 45 58 72 112 152 175 205 255 
3 106 121 125 
6 41 88 120 234 268 300 
11 4 35 114 122 128 158 208 228 232 259 304 
8 136 145 166 180 200 204 245 293 
13 33 34 57 87 149 181 185 198 206 252 276 279 299 
13 2 4 17 74 109 122 158 185 221 266 276 289 308 
9 85 95 110 117 198 274 275 299 316 
14 5 29 33 47 59 89 109 118 130 153 219 256 295 298 
12 70 94 110 117 131 176 177 240 245 284 297 300 
10 5 28 113 177 191 210 224 248 260 274 
9 29 31 88 95 191 240 285 287 296 
7 24 72 118 141 186 231 246 
7 2 10 50 107 155 288 299 
13 18 25 43 44 104 105 134 137 178 190 194 292 299 
10 71 82 104 117 136 153 167 208 278 312 
8 21 27 62 166 174 209 267 280 
10 116 118 132 220 224 237 249 250 253 263 
15 31 43 48 51 52 54 67 72 87 110 166 174 251 257 280 
11 4 69 115 126 150 184 203 223 237 242 282 
9 13 78 173 236 239 254 275 297 316 
12 38 73 78 90 131 136 137 213 234 243 304 311 
5 62 85 131 239 241 
16 22 38 104 140 173 177 179 193 222 232 266 268 283 295 297 313 
8 4 75 78 92 131 178 218 273 
9 2 3 28 47 59 71 201 259 303 
10 5 38 94 146 202 212 213 277 292 313 
6 35 61 86 215 280 305 
10 5 62 81 107 190 254 278 289 292 316 
18 1 23 36 81 111 129 134 136 152 153 158 168 206 211 267 277 299 310 
12 32 112 115 119 147 178 274 276 282 283 298 318 
12 63 86 104 116 127 156 167 188 243 271 278 302 
15 8 15 45 58 59 67 94 123 130 140 204 208 235 260 315 
9 0 18 82 139 179 226 241 300 310 
10 39 47 64 93 104 162 206 226 246 294 
10 0 42 77 93 158 159 206 211 272 290 
15 29 34 39 76 95 98 148 153 163 164 175 246 263 296 315 
10 8 34 45 125 132 161 169 217 227 241 
12 12 17 49 86 91 111 119 147 179 250 258 314 
8 37 39 105 117 196 222 275 319 
5 31 88 157 212 257 
13 8 9 38 44 75 85 95 158 187 200 261 298 302 
6 132 142 229 242 260 290 
16 29 51 63 70 80 91 105 133 134 148 168 175 183 202 204 284 
9 61 75 81 98 113 221 225 292 295 
11 89 97 112 141 195 225 241 243 246 267 307 
8 53 100 116 135 154 187 301 305 
11 34 66 104 151 204 241 252 265 276 289 297 
14 43 45 49 61 99 102 165 167 174 205 217 230 262 319 
10 15 39 65 92 139 182 234 245 255 299 
9 1 72 106 163 211 217 257 308 317 
