360 1812
8 16 19 36 73 84 93 163 228 
6 70 71 89 123 200 283 
8 6 24 43 69 105 117 163 329 
10 23 36 51 52 126 135 143 224 253 306 
7 106 115 217 281 287 298 352 
7 25 46 59 62 125 235 340 
11 2 31 66 67 79 119 133 196 268 279 306 
8 20 44 137 185 230 256 328 352 
14 9 70 71 84 100 103 107 117 120 130 196 327 344 349 
19 8 13 23 42 51 76 78 134 192 202 213 217 229 247 253 282 312 317 353 
11 38 69 122 126 129 140 152 158 180 304 359 
8 12 34 107 124 154 163 299 301 
12 11 83 95 105 120 141 157 186 195 200 234 246 
10 9 204 215 247 293 297 305 311 355 356 
6 46 48 79 160 189 356 
12 26 30 34 59 122 139 144 251 285 292 341 358 
10 0 19 114 137 144 200 220 221 319 345 
13 71 110 114 122 158 178 277 295 314 323 327 336 344 
4 69 102 185 251 
11 0 16 122 140 198 229 274 307 312 314 329 
9 7 172 184 189 225 229 234 269 316 
9 29 80 117 149 172 187 286 311 357 
10 31 49 60 62 103 105 225 274 299 346 
10 3 9 30 48 96 202 206 278 284 305 
12 2 41 68 91 97 133 154 188 233 310 324 344 
15 5 30 57 65 82 119 162 185 194 197 222 225 246 290 309 
3 15 142 345 
9 40 79 112 154 172 204 246 281 311 
5 98 106 167 185 254 
12 21 36 47 80 85 109 118 148 159 199 228 261 
11 15 23 25 76 92 101 184 264 291 297 314 
9 6 22 59 63 242 263 321 346 359 
10 175 179 184 205 214 215 224 244 280 300 
9 42 140 142 180 208 256 296 313 348 
11 11 15 54 108 128 168 190 202 299 335 341 
11 38 41 118 149 242 262 274 302 305 344 351 
7 0 3 29 219 273 291 339 
13 56 94 98 123 137 153 169 223 286 291 303 308 340 
14 10 35 72 82 106 110 146 153 195 197 205 218 303 335 
9 80 155 172 200 203 223 229 245 269 
10 27 55 107 196 226 242 250 268 287 328 
8 24 35 78 91 186 291 317 353 
12 9 33 71 110 132 147 262 263 266 272 300 319 
4 2 77 157 160 
10 7 62 120 201 206 220 222 250 285 322 
10 82 153 164 178 188 205 214 233 283 340 
12 5 14 62 86 87 138 142 168 175 282 317 328 
15 29 126 133 142 155 169 178 183 186 219 220 260 306 312 354 
10 14 23 62 82 95 249 260 264 310 320 
8 22 60 65 103 162 192 203 283 
8 58 69 129 145 196 218 238 291 
10 3 9 101 114 155 168 192 266 298 348 
6 3 197 260 323 328 358 
7 64 74 203 286 297 317 318 
10 34 103 104 108 144 164 209 286 337 353 
14 40 57 82 86 93 94 95 134 182 251 258 273 303 355 
13 37 76 88 113 125 141 144 237 293 299 318 340 344 
8 25 55 110 112 146 216 311 346 
5 50 135 227 242 359 
17 5 15 31 61 133 179 192 215 256 266 267 276 287 294 297 321 346 
10 22 49 119 159 160 194 203 218 282 331 
15 59 76 98 100 122 128 131 134 146 161 180 189 192 200 359 
12 5 22 44 46 48 92 107 216 239 265 271 332 
9 31 81 131 151 176 231 240 334 335 
12 53 131 135 146 168 181 215 217 242 250 311 335 
9 25 49 127 135 145 200 213 248 352 
10 6 71 144 150 239 243 276 298 304 307 
7 6 114 159 196 210 275 358 
12 24 104 175 193 203 206 213 277 311 326 337 342 
10 2 10 18 50 179 186 241 278 279 344 
8 1 8 73 79 161 263 269 311 
14 1 8 17 42 66 77 79 90 103 114 178 219 284 323 
5 38 77 102 208 264 
9 0 70 122 129 154 286 304 339 355 
6 53 121 140 141 192 356 
8 84 106 122 123 151 154 251 257 
11 9 30 56 61 91 182 197 281 290 301 323 
8 43 71 72 86 88 93 113 303 
12 9 41 80 104 149 164 260 294 329 336 344 346 
11 6 14 27 70 71 84 87 154 232 294 312 
10 21 29 39 78 175 234 241 250 252 340 
11 63 110 184 193 227 239 247 254 265 346 349 
13 25 38 45 48 55 147 227 236 242 291 292 328 351 
9 12 161 176 198 217 233 235 243 302 
11 0 8 75 79 99 170 217 250 263 272 348 
8 29 202 220 263 302 317 332 355 
12 46 55 77 91 141 167 177 230 239 323 333 339 
8 46 79 127 133 188 244 273 320 
10 56 77 154 163 203 205 216 225 271 297 
14 1 90 134 158 187 194 199 217 233 245 248 308 318 319 
12 71 89 94 116 174 201 224 240 260 267 293 305 
14 24 41 76 86 102 120 176 203 205 209 235 242 286 299 
14 30 62 97 101 102 103 148 153 175 198 214 233 239 339 
6 0 55 77 155 241 315 
12 37 55 90 136 177 183 186 191 199 216 294 359 
8 12 48 55 113 171 188 264 351 
9 23 111 158 172 223 267 284 303 310 
13 24 92 103 131 164 174 254 256 277 282 285 336 354 
7 28 37 61 156 231 232 306 
8 84 121 143 158 192 197 209 331 
11 8 61 136 183 220 225 227 254 267 311 334 
8 30 51 92 195 249 298 324 336 
11 18 72 91 92 137 155 212 225 239 319 323 
14 8 22 49 54 71 92 97 111 132 148 176 263 296 354 
11 54 68 78 107 239 246 255 277 282 304 327 
11 2 12 22 110 120 158 194 284 299 316 337 
10 4 28 38 75 168 232 271 282 330 351 
15 8 11 40 62 104 112 121 128 151 194 214 271 280 292 298 
10 34 54 113 138 161 248 292 298 329 335 
12 29 117 144 146 186 211 214 217 233 292 303 337 
11 17 38 42 57 81 105 221 306 313 322 343 
9 96 103 112 186 220 222 230 247 359 
12 27 57 107 111 131 205 252 269 290 295 321 334 
9 56 77 95 108 127 216 234 300 325 
10 16 17 51 67 71 176 193 215 258 314 
6 4 286 287 314 337 350 
8 90 179 186 193 291 308 324 339 
10 2 8 21 109 133 152 200 203 320 326 
11 29 35 135 136 150 270 278 293 313 321 356 
10 6 25 60 122 127 138 208 224 266 332 
15 8 12 44 91 105 126 129 148 165 172 264 267 283 296 318 
15 74 99 107 129 159 242 245 259 261 271 287 290 304 311 357 
12 10 15 17 19 61 73 75 119 256 295 330 336 
11 1 37 75 165 168 183 186 221 320 335 352 
13 11 177 199 206 255 280 291 292 302 303 331 334 338 
13 5 56 150 157 216 230 252 283 287 292 303 330 342 
6 3 10 47 120 234 355 
9 65 87 113 119 150 183 235 258 327 
9 34 61 107 130 151 216 227 300 316 
13 10 50 73 120 121 140 182 194 201 217 257 313 338 
7 8 128 170 186 222 226 245 
11 61 63 64 97 112 177 280 287 310 320 346 
12 42 103 152 169 170 175 193 196 223 280 331 339 
14 6 24 47 59 87 117 148 167 195 198 201 267 294 344 
12 9 55 61 89 148 156 241 283 292 307 327 351 
19 3 58 64 65 118 136 139 180 184 192 196 209 256 265 277 282 288 298 334 
8 94 100 118 135 146 204 283 315 
14 7 16 37 102 150 196 197 228 250 272 283 305 337 340 
6 46 108 119 156 160 222 
12 15 135 163 172 185 195 218 259 260 301 317 334 
11 10 19 33 74 129 171 185 199 202 217 309 
8 12 56 74 86 189 241 245 331 
9 26 33 46 47 167 208 217 258 275 
6 3 99 225 292 296 354 
15 15 16 54 56 66 109 281 285 297 309 312 315 325 328 343 
7 50 65 183 215 270 283 355 
12 38 57 61 64 109 136 152 167 258 291 307 337 
4 42 82 182 241 
8 29 92 103 120 133 134 210 261 
9 21 35 78 195 210 253 262 268 297 
9 66 118 125 127 137 192 247 255 273 
10 63 75 107 128 154 226 241 250 273 278 
6 10 117 132 146 183 283 
12 37 38 45 92 166 176 191 229 252 264 309 349 
10 11 24 27 73 75 79 88 151 258 341 
12 39 47 51 93 102 217 220 243 254 276 289 311 
10 98 134 138 168 177 190 213 229 256 316 
7 12 43 125 170 210 283 296 
15 10 17 89 96 99 105 161 191 221 277 296 309 310 331 348 
14 29 60 67 121 187 199 201 209 225 257 263 295 333 357 
11 14 43 60 138 178 219 247 250 273 306 345 
10 61 70 83 108 158 205 226 252 262 303 
7 25 49 173 204 287 308 318 
13 0 2 11 88 139 201 204 228 240 263 313 329 342 
8 45 54 78 97 176 228 332 356 
6 120 123 175 240 259 316 
5 153 185 305 333 336 
13 28 86 133 142 146 169 172 204 266 283 333 336 345 
17 34 46 51 64 106 123 156 185 202 203 216 271 278 300 304 306 351 
7 37 47 132 167 200 224 322 
8 84 130 132 157 184 246 283 340 
5 95 140 179 229 293 
12 20 21 27 39 96 120 139 167 192 248 258 280 
8 162 212 222 235 268 277 282 319 
7 90 97 227 229 279 346 354 
12 32 46 68 80 92 132 165 291 303 333 336 359 
10 63 83 91 103 114 153 164 277 291 355 
11 86 94 124 131 156 195 217 218 267 317 328 
9 17 45 47 71 160 179 238 239 318 
12 32 59 69 116 171 178 221 228 286 328 329 334 
8 10 33 61 135 198 199 289 347 
6 64 208 245 303 343 354 
13 55 76 129 147 184 191 195 216 284 296 312 315 341 
11 47 94 100 123 127 145 152 184 270 291 353 
10 20 30 32 81 135 170 182 183 207 257 
13 7 18 25 28 139 140 166 168 196 210 250 297 354 
13 12 41 47 69 94 109 111 116 123 130 286 340 349 
7 21 89 159 201 218 238 253 
13 24 45 87 95 202 217 227 265 281 306 318 349 352 
9 14 20 61 141 236 240 273 287 339 
8 34 156 217 241 253 269 272 351 
7 94 153 158 182 297 326 349 
12 9 49 51 59 61 74 99 135 150 172 315 348 
11 68 81 114 116 132 240 258 282 316 332 354 
10 25 60 89 105 107 129 196 231 321 331 
14 12 38 101 133 139 149 177 182 243 262 272 300 302 303 
18 6 8 40 50 67 132 135 137 185 194 227 235 237 240 284 286 328 348 
8 25 38 52 76 99 137 209 347 
10 19 83 92 133 180 241 296 298 323 343 
11 29 89 94 124 140 159 180 223 254 294 317 
12 1 12 16 39 61 65 117 169 250 257 269 359 
13 44 90 129 133 159 163 187 271 276 285 292 345 352 
11 9 23 34 85 140 168 188 210 212 270 334 
11 39 49 53 60 68 88 91 117 168 278 356 
12 13 27 136 162 163 167 222 240 252 255 273 358 
11 32 38 45 88 91 112 161 226 302 352 359 
11 23 44 68 124 213 218 223 264 282 284 334 
14 184 240 244 262 268 271 278 279 296 307 310 331 348 355 
10 33 72 119 142 181 232 235 244 338 353 
15 54 91 99 135 159 197 216 219 246 280 302 314 335 344 358 
8 67 148 149 157 185 202 234 348 
3 109 222 230 
8 102 173 202 251 281 286 327 359 
12 9 65 68 156 206 222 234 255 327 345 351 352 
6 32 45 92 107 109 355 
7 13 32 59 64 114 145 320 
14 57 62 88 94 113 125 128 168 182 209 231 268 300 349 
16 4 9 64 83 84 89 109 129 140 142 155 177 188 190 274 350 
10 38 50 60 139 177 187 206 305 307 318 
7 36 47 71 160 209 274 336 
13 16 44 47 85 100 111 155 222 277 289 304 337 348 
9 16 110 123 158 179 236 289 323 358 
14 25 44 111 130 138 173 204 211 213 220 229 247 285 332 
10 37 39 96 132 199 206 231 251 264 304 
11 3 32 90 119 169 229 254 283 299 333 357 
9 20 22 25 88 100 102 143 159 264 
9 40 130 151 161 205 300 303 304 308 
12 58 81 82 100 128 174 188 196 246 274 314 336 
11 0 29 137 163 164 179 260 277 284 312 320 
14 9 19 20 39 153 156 171 174 222 224 263 284 309 333 
6 7 86 111 125 211 252 
12 63 98 194 216 223 239 247 251 257 290 296 326 
8 79 98 106 208 265 282 325 357 
9 24 45 83 89 92 109 254 321 333 
9 12 20 80 113 126 210 213 268 293 
9 5 83 91 127 173 196 208 259 355 
5 82 189 221 290 308 
4 56 196 269 298 
9 50 178 187 258 270 288 308 353 358 
11 62 66 81 86 92 102 104 178 231 275 287 
12 63 90 163 165 189 193 196 204 207 308 319 358 
13 69 80 93 134 141 147 151 190 198 256 307 323 341 
10 31 35 40 58 64 82 91 121 246 318 
6 66 83 155 195 248 331 
4 32 87 207 208 
9 39 89 121 130 141 181 247 277 358 
10 12 25 27 104 170 209 227 242 305 311 
13 9 13 81 111 150 160 222 231 245 249 275 292 295 
5 65 89 108 172 243 
8 48 101 247 273 275 312 332 339 
13 40 44 64 80 84 137 151 160 185 200 265 302 354 
10 15 18 55 75 212 223 231 267 301 353 
10 80 112 125 153 161 204 230 285 327 341 
7 3 9 149 187 190 343 351 
11 28 81 97 100 155 199 224 233 265 272 325 
9 104 124 150 204 213 273 297 309 342 
9 7 33 59 97 122 135 156 241 336 
7 75 129 159 184 200 231 279 
13 55 114 127 142 146 154 172 193 238 288 291 320 349 
5 121 139 165 235 284 
13 47 48 52 78 90 139 228 271 298 302 310 317 351 
6 29 121 148 264 337 352 
8 35 42 149 161 195 207 303 339 
11 31 42 70 84 85 103 159 163 229 277 291 
16 30 48 72 95 120 153 206 223 225 261 301 309 319 326 337 340 
11 62 81 135 188 232 250 254 271 278 296 336 
7 42 51 59 119 167 284 330 
9 59 90 96 100 120 133 177 251 330 
9 6 40 149 173 207 216 234 300 334 
11 20 39 70 112 190 200 237 300 306 315 348 
10 118 145 183 202 238 282 302 305 322 354 
14 62 88 106 107 121 168 201 207 260 265 287 309 351 353 
7 42 84 137 190 195 254 337 
10 36 55 87 150 151 160 189 204 249 255 
7 19 22 35 217 219 227 328 
8 67 142 239 247 249 319 328 346 
7 59 66 155 201 302 332 352 
14 17 68 97 104 135 158 173 176 220 228 245 263 340 343 
9 23 69 118 151 168 203 207 265 344 
8 6 69 174 207 257 280 288 304 
8 32 107 124 131 132 172 209 279 
13 4 27 76 144 188 212 285 287 307 338 339 349 356 
15 9 46 60 97 104 106 135 173 193 206 232 270 299 300 318 
15 1 45 49 120 125 134 136 137 145 152 157 167 170 224 345 
11 23 71 96 105 182 196 206 228 229 259 266 
10 15 44 97 144 201 222 252 281 287 311 
11 21 37 53 54 73 91 115 179 186 196 212 
14 4 40 59 115 121 125 131 162 189 239 271 281 285 358 
6 135 238 258 279 298 308 
5 155 180 220 221 345 
10 25 76 112 121 231 236 303 313 355 357 
16 30 36 37 41 50 82 116 124 146 175 176 183 258 263 292 358 
14 15 82 107 108 109 124 125 134 143 201 247 291 348 359 
7 13 56 90 118 171 234 332 
7 59 78 79 94 133 199 316 
8 17 112 122 159 247 317 324 325 
12 33 103 120 143 157 158 182 198 207 231 265 352 
14 13 30 53 59 88 144 149 185 191 255 304 309 341 346 
12 4 51 66 101 107 108 135 198 237 260 288 314 
9 11 22 34 56 91 105 224 282 309 
12 32 42 113 128 168 195 216 226 268 269 282 330 
6 11 76 139 251 264 329 
14 35 83 85 124 195 205 209 250 260 270 276 339 344 354 
16 37 38 55 77 96 109 124 125 161 175 181 195 226 262 290 324 
12 10 66 73 104 121 168 220 223 226 279 297 347 
9 13 23 35 90 137 166 218 246 270 
11 3 6 47 98 110 160 168 188 269 350 354 
8 19 66 134 146 207 218 241 281 
9 37 89 116 162 226 236 238 240 288 
12 25 140 144 153 158 229 255 264 271 297 299 328 
10 24 48 96 131 158 207 260 315 330 347 
13 13 21 27 57 64 68 70 100 121 155 246 285 338 
10 9 19 47 79 144 182 228 249 343 349 
6 33 110 118 129 163 290 
9 17 19 30 114 115 209 227 298 318 
9 93 136 144 182 192 269 310 328 351 
9 20 105 128 156 165 193 294 346 348 
12 9 41 46 53 85 139 177 199 260 295 320 334 
13 53 56 89 120 162 178 188 218 242 282 314 325 339 
9 16 42 89 102 173 240 264 275 358 
9 48 87 117 123 131 215 228 258 317 
8 31 59 112 118 194 233 338 343 
4 44 110 169 270 
11 17 52 71 76 86 102 198 221 241 332 351 
6 24 101 116 295 303 355 
7 113 144 232 254 295 318 333 
5 68 117 191 231 264 
10 8 17 104 127 134 212 213 252 329 333 
14 7 40 46 52 82 144 177 179 196 274 275 309 315 332 
8 2 19 78 108 163 179 301 327 
8 106 122 125 266 267 300 310 355 
9 60 99 124 132 141 158 194 207 243 
11 62 85 119 164 193 222 249 276 293 323 328 
11 86 159 166 167 175 224 229 233 325 327 338 
13 63 100 112 124 135 139 179 202 206 268 317 340 353 
7 34 38 63 64 108 123 209 
12 17 78 97 101 122 166 167 175 219 227 256 265 
12 54 68 105 109 115 137 146 220 261 264 272 339 
7 124 129 208 281 311 321 333 
14 36 73 86 92 116 132 189 249 262 281 302 318 337 340 
12 5 37 45 56 80 137 170 186 264 277 334 339 
7 15 34 154 182 241 252 297 
5 68 125 163 255 358 
9 110 144 181 198 253 277 312 321 346 
11 8 17 24 35 56 69 78 133 209 278 302 
8 16 26 160 167 201 213 283 289 
13 22 31 57 59 78 81 131 174 275 297 316 343 349 
4 180 197 304 310 
12 33 51 84 158 192 196 207 210 220 269 292 316 
13 8 81 153 186 188 191 216 258 281 312 346 356 357 
3 115 217 306 
13 35 82 95 106 134 168 190 213 253 260 271 315 323 
11 4 7 65 123 188 201 205 213 261 276 296 
9 9 41 54 183 208 238 251 271 334 
12 47 97 103 143 174 181 185 193 250 270 302 306 
13 13 55 73 85 126 145 176 207 214 235 290 324 330 
8 13 14 74 118 164 203 281 349 
7 21 121 159 224 232 290 349 
13 15 52 67 204 209 221 238 240 245 287 291 319 342 
11 10 31 58 61 94 111 175 200 205 212 292 
360 1856
14 1 9 41 46 57 108 142 174 232 246 270 280 281 357 
6 0 145 204 221 230 308 
9 27 48 50 76 215 270 292 347 349 
16 8 19 62 72 133 141 166 176 178 183 224 240 244 285 291 306 
8 175 195 224 249 263 264 265 345 
11 10 71 85 99 137 209 225 303 317 345 348 
11 15 78 102 138 168 178 201 210 261 290 315 
6 26 86 100 331 332 355 
11 3 49 62 109 110 208 226 262 276 281 314 
15 0 11 28 29 32 38 100 152 197 210 294 326 352 354 357 
10 5 17 34 83 154 159 213 230 237 349 
6 9 33 63 65 70 248 
10 20 54 71 133 169 251 256 300 306 312 
11 27 48 77 107 133 159 182 225 237 276 289 
8 48 62 138 209 227 231 250 257 
13 6 63 79 154 207 216 229 241 250 262 314 326 345 
11 37 75 144 161 162 194 208 243 244 303 356 
6 10 26 77 200 295 354 
8 50 88 137 171 217 240 286 346 
7 3 21 67 166 176 291 349 
12 12 21 59 71 77 109 162 179 204 265 280 326 
12 19 20 46 114 148 149 164 197 211 295 307 314 
9 82 143 160 163 210 227 277 291 355 
11 62 94 103 115 127 175 176 196 201 303 354 
8 39 167 194 195 198 237 243 279 
3 38 257 311 
15 7 17 29 40 84 88 95 139 165 194 252 268 287 315 318 
10 2 13 56 80 111 127 144 162 217 354 
10 9 108 170 189 204 210 236 334 344 348 
13 9 26 67 92 110 113 134 159 166 180 195 225 255 
14 44 104 108 115 149 165 167 178 187 245 259 294 314 327 
11 57 71 129 159 187 190 198 214 223 252 349 
15 9 38 66 69 96 108 123 160 171 203 212 226 257 266 342 
12 11 39 95 169 170 179 182 240 284 289 335 349 
11 10 45 109 172 197 239 267 270 285 354 357 
10 84 85 148 172 173 211 284 301 307 347 
8 85 105 109 183 187 212 217 332 
12 16 47 71 144 146 154 181 199 250 267 284 344 
13 9 25 32 39 90 151 157 171 235 243 250 300 332 
12 24 33 38 74 147 219 225 239 262 267 271 301 
6 26 102 160 172 191 301 
12 0 67 79 87 89 169 186 231 239 248 256 310 
10 161 244 245 253 261 264 277 315 325 327 
12 57 74 91 142 167 171 245 290 322 327 331 342 
15 30 76 84 94 143 184 192 196 212 222 251 266 292 325 331 
9 34 51 192 225 239 271 342 351 353 
7 0 21 90 121 208 248 358 
8 37 71 84 111 166 175 307 344 
10 2 13 14 63 78 93 117 234 283 292 
8 8 73 137 234 282 284 301 357 
10 2 18 59 135 187 249 263 278 285 302 
13 45 81 133 135 141 165 193 214 270 293 335 339 344 
8 111 156 250 258 287 321 323 349 
12 62 63 92 115 178 186 230 243 246 273 310 312 
14 12 93 115 118 122 136 140 167 174 197 206 209 262 316 
8 91 127 151 168 183 205 237 255 
10 27 96 120 145 182 218 273 278 321 359 
11 0 31 43 91 136 145 175 199 238 248 295 
10 157 233 238 246 253 270 292 332 336 341 
8 20 50 73 189 212 241 265 297 
10 98 131 143 144 146 228 261 326 346 351 
4 96 240 251 309 
15 3 8 14 23 53 82 99 114 128 161 168 207 247 254 315 
14 11 15 48 53 66 137 160 171 177 185 288 291 352 359 
8 98 109 128 213 222 276 280 338 
11 11 83 98 143 159 182 200 220 261 282 353 
6 32 63 114 186 219 295 
8 19 29 41 101 116 149 304 334 
2 74 297 
7 32 118 135 161 202 258 332 
13 11 89 97 155 157 188 199 226 266 273 308 319 355 
10 5 12 20 31 37 47 117 300 344 353 
10 3 81 106 209 223 233 292 322 329 358 
18 49 59 96 107 138 144 173 203 205 217 224 238 245 260 277 279 303 319 
13 39 43 68 135 152 201 203 266 320 322 323 349 356 
9 16 87 102 114 115 163 222 226 334 
13 2 44 80 101 134 147 175 178 201 207 213 263 281 
12 13 17 20 85 114 131 172 188 314 336 340 346 
9 6 48 123 208 297 299 310 329 356 
10 15 41 84 155 169 214 262 310 329 359 
13 27 76 99 118 135 197 204 240 262 295 306 318 320 
13 51 72 83 85 101 191 207 224 242 270 273 322 356 
10 22 62 93 150 159 167 186 237 316 340 
6 10 65 81 134 145 307 
9 26 35 44 47 79 197 262 296 302 
14 5 35 36 77 81 91 126 128 158 169 254 290 297 351 
6 7 133 208 264 275 276 
8 41 75 93 149 159 165 308 313 
7 18 26 137 147 197 248 286 
9 41 70 140 197 199 226 245 274 327 
10 38 46 114 169 205 217 289 290 341 351 
14 43 55 57 85 97 111 127 135 161 255 260 274 280 322 
7 29 53 108 129 176 231 242 
13 48 54 82 87 117 152 166 196 203 213 276 277 339 
10 23 44 191 240 244 277 316 330 339 348 
8 26 33 129 202 216 220 233 306 
11 32 56 61 73 138 167 190 304 322 347 349 
6 70 91 141 159 184 323 
8 60 64 65 99 152 201 250 258 
16 5 62 80 98 104 105 111 120 168 236 241 243 268 296 307 311 
10 7 9 119 167 237 261 266 267 292 293 
9 67 76 81 148 200 212 229 296 323 
11 6 40 75 145 153 237 253 257 296 302 317 
8 23 105 144 158 184 245 250 316 
10 30 99 134 137 161 205 233 236 241 350 
11 36 99 103 166 177 179 185 215 220 312 338 
6 72 193 245 272 280 318 
15 13 73 112 158 174 178 192 212 234 284 287 294 307 320 327 
14 0 28 30 32 92 197 198 211 237 279 280 297 325 328 
12 8 20 34 36 64 125 170 182 231 246 311 327 
11 8 29 157 164 166 209 265 274 277 287 307 
9 27 47 52 91 99 199 209 228 256 
6 107 147 197 226 228 349 
13 29 144 146 192 212 214 260 261 303 314 318 326 328 
13 21 62 66 75 77 90 132 155 210 220 234 342 347 
10 23 30 53 54 75 143 166 203 212 227 
8 67 122 202 223 244 263 292 346 
9 48 71 93 146 182 250 258 294 343 
12 54 69 80 124 196 218 228 277 297 302 324 353 
10 100 128 160 171 217 281 288 306 325 342 
9 56 99 206 218 235 293 309 317 338 
4 46 255 306 341 
15 54 116 132 135 155 176 189 208 242 259 280 283 310 323 326 
9 32 78 154 156 165 232 243 279 327 
5 118 237 280 319 337 
10 109 144 178 193 226 230 241 269 272 303 
6 85 132 172 226 275 340 
13 23 27 55 91 135 167 196 203 232 257 284 300 314 
10 62 64 85 119 177 210 226 303 332 358 
8 31 92 95 158 287 300 310 319 
8 139 163 186 228 255 339 357 358 
13 60 77 150 157 166 172 212 237 247 276 300 325 330 
13 114 122 126 177 200 209 233 263 279 307 310 344 355 
10 3 12 13 51 86 157 160 164 237 260 
16 29 76 83 104 143 146 155 173 195 200 215 281 301 305 347 354 
12 50 51 69 74 80 91 122 127 186 247 278 305 
10 54 57 166 169 221 234 252 307 314 342 
9 5 18 49 63 88 104 141 168 327 
11 6 14 73 96 148 193 205 251 266 282 290 
9 26 130 140 154 205 211 228 257 289 
11 54 89 139 142 161 178 186 219 237 286 301 
10 3 51 97 137 153 164 200 233 268 325 
9 0 43 140 161 196 219 229 246 347 
9 22 44 60 65 115 134 218 332 344 
14 16 27 37 60 73 103 113 125 155 156 200 265 340 344 
9 1 56 57 83 102 156 176 300 346 
11 37 60 113 117 134 215 228 245 323 335 347 
8 39 76 88 112 150 199 236 240 
12 21 35 101 138 180 198 245 255 289 314 331 346 
6 21 30 67 87 185 260 
15 82 131 147 201 204 209 227 234 260 265 267 280 325 344 359 
6 38 55 216 225 234 240 
8 9 74 93 98 205 231 320 345 
6 102 141 243 261 291 322 
7 10 15 37 123 139 219 307 
12 70 79 114 122 134 144 156 193 230 244 277 284 
12 52 123 144 145 155 157 174 176 218 269 304 327 
11 38 58 70 110 131 133 156 320 331 340 359 
10 85 103 107 129 182 229 246 311 316 341 
16 10 13 29 31 65 82 87 97 193 202 204 208 276 280 297 353 
14 22 32 40 63 119 133 201 236 247 250 259 286 341 351 
13 16 42 62 69 91 104 140 142 182 189 199 304 359 
6 16 20 27 164 189 195 
9 22 75 130 202 235 244 247 320 324 
11 21 110 133 141 162 176 187 243 273 285 356 
15 26 30 51 87 123 166 189 196 216 224 229 258 268 342 347 
17 3 19 29 47 93 105 110 115 131 136 165 181 201 219 260 286 353 
15 24 30 43 54 82 96 100 127 194 201 234 271 307 317 318 
10 6 55 62 99 137 221 270 295 334 336 
12 12 33 41 79 85 90 136 180 195 220 263 300 
8 28 33 109 171 186 231 280 302 
12 18 32 38 43 63 119 170 174 188 222 282 302 
16 34 35 40 77 126 131 188 261 275 290 312 317 322 330 355 357 
8 35 73 134 208 223 237 324 335 
9 0 54 107 156 171 181 200 284 314 
11 4 23 47 57 76 195 243 301 304 340 346 
13 3 19 23 92 122 145 156 164 193 243 259 281 323 
14 63 105 128 132 207 226 228 241 260 305 328 333 341 358 
13 3 6 30 53 76 107 125 140 214 221 270 282 341 
6 20 33 105 191 202 316 
12 29 148 169 205 216 218 257 280 304 314 338 348 
11 37 166 174 188 220 271 277 282 295 320 345 
10 13 33 56 65 109 117 158 161 313 351 
12 3 36 55 192 200 224 238 276 299 305 342 344 
5 44 97 103 236 270 
6 63 105 149 204 258 297 
17 41 53 66 82 130 135 140 170 198 208 224 280 295 296 308 311 349 
9 30 31 36 50 164 199 233 287 292 
12 70 77 171 172 181 214 224 231 266 303 304 357 
12 28 59 122 161 162 165 198 243 308 335 348 353 
8 31 96 219 226 236 266 325 327 
8 40 81 94 179 206 314 336 347 
10 44 45 107 113 183 215 255 296 328 335 
9 51 106 125 138 155 159 176 263 312 
9 16 24 26 167 224 268 339 357 358 
14 4 24 29 134 162 169 175 200 217 238 243 292 309 339 
15 23 44 93 118 127 142 165 241 250 303 313 322 334 336 342 
12 9 21 34 54 80 84 88 89 108 112 343 351 
11 24 31 108 148 186 189 203 238 246 251 345 
13 37 57 70 89 111 147 161 187 209 261 293 329 337 
16 17 65 101 132 134 141 144 174 183 195 257 270 298 299 301 334 
14 6 23 74 76 98 150 160 166 167 215 261 262 264 353 
15 69 95 116 159 163 179 209 233 243 251 264 273 287 329 351 
13 32 73 74 93 115 127 198 206 283 287 305 306 342 
10 1 20 28 80 150 159 185 238 276 345 
14 55 73 90 104 138 139 152 180 223 228 251 254 309 345 
6 54 120 191 203 219 357 
13 15 62 76 81 177 213 232 334 349 350 357 358 359 
12 8 16 46 78 86 122 159 173 186 216 237 316 
15 5 14 54 72 110 111 132 150 199 202 236 271 306 340 346 
7 6 9 22 28 114 128 215 
7 21 35 108 139 223 271 354 
11 32 36 44 59 101 107 113 115 131 254 293 
9 10 64 76 93 207 232 278 280 330 
11 31 51 79 113 178 188 236 263 309 353 356 
11 2 105 134 146 192 201 210 228 245 267 274 
10 15 95 151 165 180 208 230 250 299 314 
7 18 27 36 73 90 119 195 
14 56 118 120 143 156 180 229 253 264 268 324 343 352 354 
12 39 66 140 142 154 166 190 206 262 290 316 348 
9 65 95 105 114 169 181 242 271 339 
9 1 136 168 178 234 236 255 287 355 
6 44 64 75 171 234 235 
12 31 72 116 173 205 211 224 255 260 266 300 319 
12 3 4 73 81 165 183 186 188 194 223 283 323 
11 5 13 29 39 45 151 231 235 323 332 337 
15 8 32 70 75 89 112 125 126 128 177 190 300 326 331 332 
8 14 22 115 150 247 288 337 348 
13 60 111 112 118 130 139 146 177 205 215 271 275 295 
9 15 101 142 158 165 218 271 320 333 
9 1 10 53 125 155 216 242 300 337 
10 14 41 92 109 152 170 188 225 287 303 
8 0 123 127 207 213 273 279 349 
9 58 72 95 104 132 141 187 202 352 
13 48 49 107 114 136 150 151 167 221 222 235 275 348 
12 38 120 163 222 225 234 283 297 302 324 334 353 
13 28 99 104 147 160 184 190 209 214 221 287 353 359 
16 10 13 24 55 82 100 102 108 124 131 133 140 173 208 267 303 
11 57 58 73 183 195 198 204 256 269 289 290 
8 34 39 41 45 270 279 318 346 
12 3 18 33 61 80 94 147 151 250 299 301 326 
10 15 59 99 104 125 177 196 287 334 358 
7 81 92 122 220 230 256 337 
19 16 24 38 53 99 123 153 164 175 176 189 195 202 251 253 292 294 314 328 
12 3 16 42 94 116 155 163 256 275 311 331 351 
13 30 42 43 73 89 103 106 146 148 215 264 288 355 
10 0 53 58 109 142 158 198 254 260 325 
6 62 131 135 160 163 227 
10 11 41 46 57 88 255 264 272 333 335 
6 4 50 263 273 281 292 
17 14 15 37 38 52 98 103 117 160 196 216 240 261 273 276 339 354 
9 12 44 61 138 198 202 205 243 311 
7 26 31 136 253 265 269 278 
10 42 58 102 218 243 252 271 278 306 309 
7 62 85 205 212 246 301 322 
11 29 55 91 121 130 148 192 221 223 248 352 
9 12 41 111 238 242 244 278 292 296 
11 14 25 32 102 127 139 180 200 301 318 336 
8 52 69 98 117 165 185 307 347 
6 30 122 160 176 299 336 
12 73 91 113 133 149 150 166 177 223 246 269 294 
14 6 42 60 65 100 113 153 172 199 201 250 343 344 349 
13 8 15 39 54 79 80 84 201 219 266 271 315 324 
12 4 50 76 116 132 169 193 214 249 264 344 345 
11 4 42 86 201 202 218 245 248 263 293 320 
9 4 20 59 110 144 150 252 328 353 
15 32 44 70 74 100 138 188 190 223 262 273 293 333 345 347 
8 34 37 39 100 150 215 237 336 
9 26 99 141 165 194 218 299 305 341 
8 125 156 238 252 260 294 298 321 
14 0 2 34 51 58 81 168 178 184 200 239 280 294 330 
15 39 45 167 181 209 211 220 228 229 253 262 320 328 344 354 
5 106 125 248 317 335 
13 53 56 70 81 164 202 232 249 250 266 275 300 306 
8 89 91 110 215 299 307 339 346 
14 86 126 172 228 234 244 273 284 312 314 315 340 343 351 
11 8 13 64 86 93 131 159 183 204 250 354 
9 22 42 73 93 94 110 118 155 181 
10 50 56 135 213 252 253 256 298 312 337 
9 24 73 108 123 132 232 239 336 341 
17 0 20 64 91 106 108 122 124 150 159 170 180 186 213 270 310 348 
8 0 8 76 119 134 176 249 303 
7 49 65 138 171 178 181 353 
5 48 122 203 224 235 
12 33 35 37 49 107 127 155 174 275 307 329 337 
4 3 34 50 164 
6 18 88 140 160 166 296 
13 26 52 107 110 129 187 202 203 221 231 236 241 318 
6 63 119 227 245 308 314 
8 13 33 90 139 148 238 297 343 
11 6 43 85 90 138 172 219 238 311 348 358 
5 3 19 22 63 153 
12 2 44 48 58 72 100 116 187 195 243 249 256 
8 51 100 120 199 212 264 266 330 
10 9 30 107 117 243 260 269 270 301 317 
11 17 21 57 66 80 168 181 186 228 296 354 
10 84 99 101 102 186 192 256 286 295 336 
10 59 68 78 85 108 118 159 185 235 289 
4 200 269 278 304 
10 78 183 200 216 240 259 268 274 352 354 
14 12 38 71 127 129 131 145 169 223 226 230 273 322 342 
12 35 39 40 49 134 140 175 200 240 254 257 294 
7 50 84 102 118 170 171 235 
13 5 16 23 73 113 125 128 188 196 231 237 281 324 
10 67 96 156 161 175 180 188 298 326 338 
8 134 135 177 183 203 268 348 356 
10 3 12 80 95 119 121 203 209 253 273 
14 21 35 47 83 99 107 110 132 136 154 167 258 274 284 
8 1 70 87 186 189 288 327 343 
7 61 120 195 205 214 253 358 
9 41 53 78 79 122 129 132 280 329 
8 25 99 109 158 186 244 251 290 
8 12 53 105 172 193 275 278 338 
4 87 182 196 340 
18 8 15 21 30 77 113 127 136 148 174 180 191 216 243 275 288 348 358 
8 6 26 42 62 262 275 343 355 
11 54 82 94 103 158 179 208 219 328 336 345 
10 5 102 120 167 172 272 294 338 340 356 
9 26 80 106 113 167 239 257 287 340 
5 70 73 124 129 223 
10 74 80 107 152 157 163 181 229 264 271 
3 52 56 269 
14 43 72 74 81 91 96 153 172 196 254 300 331 336 342 
12 52 74 97 101 122 146 176 224 225 331 333 353 
7 118 163 173 218 235 262 303 
9 42 44 108 119 131 141 150 190 246 
9 9 15 20 60 113 122 226 240 304 
12 30 42 43 89 107 109 123 137 156 190 308 354 
10 108 113 177 192 243 265 271 316 348 357 
9 72 78 79 199 202 284 310 346 348 
8 94 131 172 213 270 293 338 357 
9 7 43 44 148 157 226 244 322 323 
9 7 36 38 58 69 128 143 225 226 
7 177 229 248 266 323 337 341 
9 28 67 75 168 196 200 207 235 241 
8 33 51 146 173 189 192 248 272 
14 58 77 168 191 196 257 259 267 279 296 316 322 346 359 
11 124 199 225 227 230 242 278 284 333 342 344 
8 64 105 120 180 304 312 317 330 
11 51 93 94 130 194 195 220 250 274 346 356 
11 77 82 126 144 157 175 209 275 313 317 318 
10 58 90 121 158 160 177 178 268 279 333 
14 32 43 45 114 119 136 165 183 196 203 300 322 337 347 
8 117 197 218 261 275 289 308 315 
14 28 37 47 51 71 132 143 144 150 183 261 263 271 337 
11 4 5 15 152 181 198 204 205 263 266 316 
13 18 60 77 116 145 148 175 209 239 274 329 336 339 
12 2 35 96 114 134 142 146 165 191 258 266 342 
14 5 28 94 180 189 219 227 234 280 290 305 314 328 329 
13 2 10 19 31 33 52 74 96 112 186 207 232 261 
3 104 207 355 
10 45 60 85 90 160 182 197 202 244 275 
6 9 63 218 233 255 299 
14 45 65 71 118 159 166 189 201 214 235 236 265 282 323 
14 9 17 23 27 34 134 211 218 250 271 276 295 299 327 
9 7 22 70 132 172 221 245 315 350 
10 16 74 78 81 164 214 305 317 339 359 
12 0 9 34 49 130 172 188 194 206 207 328 330 
11 46 72 128 130 177 194 207 241 290 309 314 
10 56 63 79 150 157 161 207 236 336 356 
