40 224
12 1 8 12 16 19 29 31 32 33 36 38 39 
11 0 8 11 13 19 21 23 27 35 36 37 
11 4 6 9 10 13 14 17 18 21 30 36 
10 7 8 14 16 18 23 24 26 32 38 
12 2 5 11 12 16 17 20 25 29 31 34 37 
10 4 6 9 11 14 17 26 28 29 32 
12 2 5 8 13 15 17 22 28 29 30 33 38 
11 3 11 12 14 18 19 21 26 31 35 38 
12 0 1 3 6 14 15 19 24 27 34 38 39 
10 2 5 11 12 13 15 18 31 34 38 
7 2 12 16 24 29 34 39 
14 1 4 5 7 9 12 15 20 21 22 33 34 35 38 
13 0 4 7 9 10 11 13 17 23 25 30 38 39 
11 1 2 6 9 12 14 16 23 31 32 35 
16 2 3 5 7 8 13 15 17 18 20 24 28 34 36 37 38 
9 6 8 9 11 14 16 17 26 39 
13 0 3 4 10 13 15 19 22 23 32 34 36 37 
12 2 4 5 6 12 14 15 19 23 25 28 33 
12 2 3 7 9 14 21 26 27 28 32 35 36 
13 0 1 7 8 16 17 20 27 28 29 31 32 37 
8 4 11 14 19 26 30 31 35 
11 1 2 7 11 18 23 27 34 35 36 39 
12 6 11 16 23 24 25 26 27 28 29 30 36 
12 1 3 12 13 16 17 21 22 25 29 32 33 
8 3 8 10 14 22 27 29 37 
7 4 12 17 22 23 34 39 
12 3 5 7 15 18 20 22 29 32 34 37 38 
12 1 8 18 19 21 22 24 28 29 32 33 38 
10 5 6 14 17 18 19 22 27 31 35 
15 0 4 5 6 10 19 22 23 24 26 27 33 35 36 38 
8 2 6 12 20 22 34 36 38 
11 0 4 7 9 13 19 20 28 33 34 38 
14 0 3 5 13 16 18 19 23 26 27 35 36 38 39 
10 0 6 11 17 23 27 29 31 36 39 
13 4 8 9 10 11 14 16 21 25 26 30 31 37 
10 1 7 11 13 18 20 21 28 29 32 
12 0 1 2 14 16 18 21 22 29 30 32 33 
8 1 4 14 16 19 24 26 34 
15 0 3 6 7 8 9 11 12 14 26 27 29 30 31 32 
9 0 8 10 12 15 21 25 32 33 
40 203
10 3 4 5 6 7 9 15 28 30 38 
9 2 4 12 14 16 21 26 32 36 
17 1 3 15 16 17 18 20 22 23 26 27 30 31 33 34 38 39 
11 0 2 9 12 14 19 20 22 24 31 32 
7 0 1 11 12 15 25 28 
13 0 11 12 13 14 17 23 24 27 29 31 33 35 
9 0 7 10 15 20 21 26 35 36 
10 0 6 12 13 15 19 23 24 25 32 
7 9 11 17 18 28 35 38 
12 0 3 8 13 15 20 21 22 34 36 37 39 
9 6 12 22 25 26 29 31 34 35 
10 4 5 8 12 14 16 23 30 35 36 
14 1 3 4 5 7 10 11 20 27 31 32 33 36 39 
11 5 7 9 18 19 24 25 27 29 31 32 
12 1 3 5 11 17 19 20 21 24 27 32 39 
14 0 2 4 6 7 9 17 18 20 23 26 31 34 36 
7 1 2 11 17 22 27 32 
9 2 5 8 14 15 16 19 24 34 
7 2 8 13 15 22 27 31 
11 3 7 13 14 17 28 29 35 36 37 38 
15 2 3 6 9 12 14 15 22 26 27 31 32 33 37 38 
11 1 6 9 14 26 27 29 31 33 38 39 
10 2 3 9 10 16 18 20 26 37 38 
7 2 5 7 11 15 32 39 
10 3 5 7 13 14 17 30 31 32 37 
7 4 7 10 13 27 28 37 
10 1 2 6 10 15 20 21 22 29 33 
15 2 5 12 13 14 16 18 20 21 25 28 31 34 38 39 
9 0 4 8 19 25 27 34 38 39 
6 5 10 13 19 21 26 
6 0 2 11 24 35 36 
14 2 3 5 10 12 13 15 18 20 21 24 27 33 39 
11 1 3 7 12 13 14 16 20 23 24 35 
10 2 5 12 20 21 26 31 35 36 37 
8 2 9 10 15 17 27 28 36 
9 5 6 8 10 11 19 30 32 33 
11 1 6 9 11 12 15 19 30 33 34 37 
9 9 19 20 22 24 25 33 36 38 
10 0 2 8 19 20 21 22 27 28 37 
9 2 9 12 14 21 23 27 28 31 
