430 2105
13 17 59 85 113 116 158 188 263 317 356 358 398 417 
12 41 80 136 214 215 237 254 289 336 337 351 356 
14 38 60 114 153 160 235 272 313 331 337 351 352 370 405 
12 12 15 24 60 74 98 114 149 232 236 250 384 
7 66 125 133 142 233 275 290 
10 28 34 124 133 135 198 270 290 352 397 
9 23 31 41 88 153 159 267 311 364 
10 127 165 170 190 204 224 252 262 298 316 
5 31 44 270 368 406 
11 56 62 80 123 197 209 285 305 337 346 428 
13 42 46 68 87 146 175 181 226 232 237 249 291 330 
10 33 101 165 171 207 211 217 278 325 406 
14 3 176 206 230 240 249 281 295 316 374 387 392 396 421 
11 79 90 181 183 226 276 292 331 334 359 372 
11 27 59 112 206 236 245 299 304 336 354 368 
19 3 46 61 122 170 182 200 205 236 246 255 305 338 347 352 396 402 411 415 
10 59 86 192 239 251 276 289 333 388 396 
11 0 32 58 59 71 75 129 189 264 274 286 
4 39 75 300 404 
10 61 138 171 190 273 290 301 304 339 388 
3 350 370 398 
5 38 106 137 205 353 
7 25 59 212 235 252 344 374 
10 6 109 110 144 153 256 283 307 355 399 
11 3 35 61 109 186 238 273 306 321 380 384 
12 22 53 83 146 219 223 242 280 318 359 397 415 
13 92 128 130 135 154 199 237 250 300 323 368 412 418 
9 14 45 50 150 220 242 278 335 422 
14 5 48 115 118 205 222 253 266 328 332 388 404 410 420 
12 52 116 118 164 174 184 222 249 280 285 337 366 
4 201 242 244 272 
13 6 8 74 111 192 204 253 294 306 318 357 405 426 
10 17 83 187 197 245 288 294 298 313 404 
9 11 36 39 220 232 248 251 291 328 
13 5 124 126 142 174 249 291 353 362 369 388 408 413 
8 24 77 186 203 250 312 372 409 
14 33 64 66 75 114 179 189 198 230 248 268 329 392 424 
4 223 225 230 369 
10 2 21 61 97 163 174 183 186 228 294 
17 18 33 75 87 104 116 134 159 168 172 211 230 293 304 363 386 403 
10 47 96 197 223 238 288 294 310 398 428 
8 1 6 52 82 110 113 280 317 
6 10 58 165 188 289 406 
9 46 75 107 230 240 298 355 396 416 
10 8 65 140 144 171 224 273 318 338 366 
13 27 92 202 203 224 253 304 324 341 346 367 388 420 
9 10 15 43 78 79 233 277 297 422 
9 40 56 104 112 172 303 330 353 407 
6 28 150 201 253 311 336 
12 105 120 191 208 214 268 306 312 359 378 395 401 
9 27 129 231 255 300 339 371 373 395 
10 98 99 165 178 254 260 269 274 304 412 
15 29 41 95 99 188 200 257 269 289 312 319 323 324 333 409 
12 25 63 88 90 97 158 206 220 243 276 329 388 
4 95 149 194 236 
4 56 175 218 387 
10 9 47 55 66 100 220 347 354 355 427 
4 84 128 380 414 
6 17 42 137 181 232 336 
15 0 14 16 17 22 61 71 79 88 124 211 218 300 359 429 
7 2 3 93 234 365 367 378 
13 15 19 24 38 59 73 97 129 133 258 311 340 399 
8 9 124 186 198 232 275 318 405 
12 53 128 217 291 296 305 315 319 322 380 418 425 
8 36 158 159 179 331 367 386 414 
9 44 82 88 159 189 257 284 301 426 
14 4 36 56 82 99 145 149 200 262 278 291 331 360 395 
10 103 117 138 189 214 282 293 304 396 415 
15 10 80 87 92 99 158 198 209 229 249 262 288 370 374 422 
5 115 258 275 327 360 
10 71 80 144 203 268 313 335 356 393 403 
12 17 59 70 162 177 202 240 321 366 408 424 427 
6 146 262 320 354 374 419 
10 61 98 134 136 213 231 269 283 299 389 
12 3 31 78 113 171 191 250 256 292 311 365 385 
18 17 18 36 39 43 98 163 194 197 207 243 247 259 282 303 332 375 399 
4 109 197 290 378 
9 35 89 157 165 173 187 297 364 401 
10 46 74 90 156 209 263 274 316 358 412 
11 13 46 59 80 110 161 194 279 366 379 428 
9 1 9 68 70 79 98 261 336 391 
10 115 197 219 339 348 353 354 357 375 404 
13 41 65 66 94 101 172 267 281 291 302 344 370 400 
14 25 32 102 136 179 271 298 324 339 350 361 374 386 390 
14 57 115 139 175 179 209 211 234 235 258 341 354 366 420 
12 0 88 202 211 214 243 249 269 315 345 353 423 
11 16 104 127 177 194 213 229 299 348 412 418 
8 10 39 68 100 135 222 285 324 
10 6 53 59 65 85 146 147 170 186 391 
15 77 107 119 173 189 204 226 251 284 287 330 350 381 395 396 
11 13 53 78 132 158 201 217 250 264 291 314 
9 139 181 183 200 283 322 331 346 395 
9 26 45 68 175 183 195 210 219 382 
2 60 176 
8 82 119 143 165 169 257 322 323 
6 52 54 117 177 222 245 
10 40 106 124 254 282 285 295 346 366 393 
9 38 53 61 112 113 151 161 241 270 
11 3 51 73 75 80 114 262 264 381 401 424 
15 51 52 66 68 105 110 151 174 185 277 320 331 338 375 381 
11 56 87 209 271 286 310 349 369 397 398 413 
8 11 82 166 206 256 353 399 416 
8 83 132 166 209 235 246 349 364 
10 67 107 115 143 180 261 297 372 403 422 
8 39 47 86 105 211 219 227 402 
15 49 99 104 156 162 174 237 302 325 327 367 375 383 392 425 
9 21 96 111 193 201 276 331 360 382 
9 43 89 103 135 159 208 270 356 397 
7 137 143 191 287 372 409 417 
12 23 24 76 124 137 153 171 242 244 321 376 382 
10 23 41 79 99 146 285 307 330 376 427 
9 31 106 153 186 259 306 338 359 399 
8 14 47 97 180 183 247 285 307 
12 0 41 74 97 129 187 196 302 339 381 384 421 
7 2 3 36 98 287 375 398 
10 28 69 81 84 103 191 225 260 277 333 
10 0 29 39 159 206 243 254 355 359 360 
8 67 95 118 139 200 281 299 333 
10 28 29 117 125 148 150 293 329 397 418 
8 89 94 165 234 238 305 340 355 
5 49 222 275 325 339 
5 129 189 326 413 420 
10 15 134 156 162 165 199 242 255 268 379 
6 9 157 345 390 395 418 
10 5 34 59 62 96 109 199 317 327 405 
10 4 118 149 156 161 231 291 356 359 425 
5 34 184 226 399 407 
13 7 86 146 152 159 187 190 308 316 328 333 382 393 
14 26 57 63 190 193 216 241 281 297 309 323 339 391 417 
13 17 50 61 113 121 158 202 224 269 336 381 398 406 
8 26 155 209 270 287 338 376 383 
9 256 263 290 322 337 360 382 408 417 
9 90 102 146 169 187 248 252 267 376 
10 4 5 61 137 159 182 258 322 362 417 
7 39 73 122 197 287 352 365 
7 5 26 87 107 316 349 386 
9 1 73 83 139 186 235 272 316 414 
14 21 58 108 109 133 162 181 246 250 272 341 353 374 401 
5 19 67 312 331 406 
12 84 91 117 136 164 219 220 292 294 330 354 362 
9 44 148 159 196 234 363 401 425 426 
5 149 167 180 226 265 
7 4 34 201 220 239 300 331 
10 94 103 108 200 201 217 243 344 366 413 
10 23 44 70 161 173 256 267 375 407 416 
8 66 175 214 260 290 304 341 354 
14 10 25 72 88 110 127 132 225 246 258 263 319 344 398 
8 88 192 209 234 236 301 325 349 
8 118 140 175 189 205 247 313 340 
16 3 54 66 125 141 168 187 202 223 244 276 301 314 322 397 405 
6 27 48 118 186 187 377 
8 97 99 178 186 330 359 392 422 
3 127 350 369 
18 2 6 23 109 111 185 190 210 220 276 288 310 322 327 360 376 377 428 
3 26 249 422 
5 130 220 286 398 418 
10 78 105 122 125 186 267 280 287 295 298 
11 77 123 237 312 359 387 390 415 417 418 425 
9 0 53 64 68 90 129 221 265 360 
16 6 39 64 65 107 116 127 133 140 176 219 271 316 359 389 424 
6 2 246 306 320 328 414 
10 79 97 125 144 190 202 238 239 345 398 
12 71 105 122 137 178 187 193 235 247 281 302 363 
7 38 75 232 278 285 361 422 
6 29 139 197 214 220 373 
13 7 11 42 51 77 94 119 122 239 260 269 290 313 
11 101 102 180 198 203 235 345 346 353 361 428 
3 141 235 413 
9 39 149 186 210 212 274 318 344 376 
6 94 132 190 200 247 276 
11 7 15 88 172 187 213 270 325 341 386 415 
9 11 19 44 74 109 281 285 323 364 
6 39 47 82 170 259 302 
5 77 89 144 252 331 
8 29 34 38 99 105 183 231 336 
8 10 55 84 92 145 148 255 285 
12 12 93 159 182 207 255 280 371 384 390 395 398 
7 71 86 95 249 331 358 375 
10 51 151 162 213 252 323 383 395 408 418 
11 36 64 83 84 204 241 296 305 344 376 397 
10 103 112 141 166 191 250 258 350 367 415 
8 10 13 58 91 137 211 230 334 
12 15 133 176 204 206 239 279 313 319 321 416 420 
11 13 38 91 92 112 174 206 220 245 293 384 
10 29 126 286 287 312 314 317 320 388 397 
6 99 153 246 280 359 416 
22 24 35 38 62 88 111 136 150 151 156 168 205 261 267 336 339 346 360 377 379 380 416 
12 32 77 113 127 132 149 150 162 170 191 232 367 
8 0 42 52 200 252 321 383 396 
13 17 36 65 67 89 121 148 238 249 253 371 379 404 
15 7 19 127 128 153 161 169 195 209 224 267 291 398 400 415 
13 49 74 108 115 180 187 236 292 299 305 363 379 402 
9 16 31 147 240 273 289 317 347 372 
11 106 128 162 278 290 322 358 363 369 384 416 
7 54 75 79 86 314 333 411 
6 92 190 233 240 260 312 
8 113 140 226 260 297 302 306 359 
15 9 32 40 75 76 81 134 164 315 347 367 368 380 381 424 
12 5 36 62 68 166 214 263 277 351 399 415 421 
9 26 122 124 243 252 270 280 392 408 
14 15 52 66 91 117 143 169 188 270 275 328 329 383 384 
9 30 48 90 106 142 143 256 318 367 
8 45 71 85 129 149 161 392 394 
9 35 45 70 166 254 293 400 415 424 
8 7 31 89 179 182 280 285 425 
10 15 21 28 148 186 235 277 295 313 419 
12 12 14 53 101 116 182 183 219 342 381 382 410 
4 11 75 176 348 
6 49 107 236 254 341 383 
13 9 68 78 84 100 102 130 147 190 259 264 372 380 
12 92 153 168 231 246 250 285 291 302 329 385 422 
14 11 39 59 84 85 104 181 222 265 308 337 349 377 380 
7 22 168 215 259 301 346 408 
7 73 86 170 178 336 394 421 
11 1 49 67 85 145 164 198 252 287 292 293 
9 1 212 251 302 319 334 357 381 415 
6 128 218 297 316 326 343 
5 11 63 90 143 402 
10 55 59 216 238 246 248 250 279 326 400 
13 25 81 92 104 139 159 206 266 349 366 370 387 415 
17 27 33 53 56 139 142 153 155 164 183 247 254 310 348 369 422 429 
7 158 249 299 339 349 419 422 
8 28 29 87 95 120 211 251 394 
9 25 37 40 149 228 275 277 360 428 
14 7 44 45 129 190 257 264 277 311 320 357 367 370 383 
9 37 115 146 234 253 335 338 359 419 
9 10 13 89 126 141 196 239 279 304 
6 104 339 344 363 387 426 
7 38 223 264 300 334 369 411 
5 68 86 235 262 412 
12 12 36 37 39 43 181 234 267 316 383 387 419 
12 50 73 125 174 210 234 251 285 302 346 356 404 
12 3 10 33 58 62 163 187 326 374 402 405 419 
7 4 46 195 298 317 356 399 
13 60 84 119 140 147 225 230 231 313 339 350 401 422 
22 2 22 84 102 136 162 166 167 205 229 252 258 275 281 299 304 308 318 323 378 380 391 
10 3 14 15 54 147 191 208 245 333 339 
11 1 10 26 105 157 239 258 343 350 390 400 
14 24 40 119 161 189 218 239 254 267 270 340 348 352 398 
9 16 142 161 165 182 226 237 238 428 
6 12 43 71 192 195 423 
8 97 128 179 254 272 279 284 286 
8 25 27 30 109 122 321 366 407 
12 53 75 85 116 143 199 258 311 370 376 417 428 
6 30 109 149 266 338 342 
8 14 32 95 183 236 299 394 427 
11 15 102 137 146 160 185 210 218 248 270 387 
10 75 112 148 162 169 220 265 286 287 383 
8 33 36 132 218 246 345 376 427 
14 10 12 29 34 68 85 154 177 189 221 312 369 371 394 
15 3 26 35 74 90 137 180 210 218 269 280 286 301 327 369 
10 16 33 89 215 222 231 306 312 320 417 
12 7 22 132 173 178 188 199 214 235 372 381 402 
8 28 31 45 48 189 225 298 309 
11 1 51 96 116 203 208 220 238 241 309 319 
11 15 50 122 175 176 275 313 324 328 408 421 
9 23 74 101 131 144 201 285 333 393 
9 52 65 94 224 336 344 363 388 414 
10 61 69 84 133 146 180 235 237 243 396 
14 75 111 172 209 212 264 265 275 311 347 384 406 421 426 
10 51 115 145 165 195 196 280 286 395 412 
6 80 103 186 295 303 372 
8 7 66 68 72 98 229 297 327 
8 0 78 131 146 198 282 360 386 
11 17 90 98 209 224 228 259 292 304 319 408 
7 141 158 211 247 259 308 343 
9 28 219 244 281 283 297 299 404 429 
15 6 82 132 144 156 186 190 230 238 275 306 321 327 354 416 
8 36 49 70 122 370 382 400 418 
7 51 52 73 85 129 165 250 
11 5 8 97 107 130 170 199 200 238 246 362 
6 83 100 159 291 356 362 
11 2 30 136 137 241 273 315 371 400 405 413 
10 19 24 44 192 272 285 288 307 329 414 
6 17 51 78 168 415 419 
14 4 62 69 120 200 223 235 255 259 267 340 342 364 381 
10 13 16 53 106 149 153 169 360 399 425 
12 46 99 115 198 205 223 224 279 302 375 379 390 
8 11 27 66 163 193 403 410 419 
8 79 182 218 226 241 277 290 353 
11 25 29 41 156 176 185 199 204 250 260 324 
13 12 82 117 128 162 171 235 266 298 333 383 402 406 
7 67 75 96 263 317 367 386 
6 23 73 91 266 368 381 
6 65 89 241 300 340 344 
19 9 29 87 96 110 112 163 171 175 204 210 231 256 273 294 298 332 359 392 
12 17 100 155 184 241 247 250 260 297 326 367 418 
12 89 108 114 130 134 156 184 214 247 324 328 362 
11 32 40 68 153 273 294 317 361 363 375 384 
10 1 16 42 52 192 293 378 386 407 412 
13 4 5 19 76 131 145 165 193 279 319 346 347 397 
14 10 33 34 63 66 82 90 125 190 210 271 367 376 393 
7 13 74 139 191 214 264 346 
12 39 67 118 183 203 214 289 299 301 332 406 410 
10 31 32 38 40 139 285 288 363 378 422 
9 12 96 156 205 261 297 317 354 415 
7 63 179 332 336 372 401 407 
12 46 77 103 128 196 216 262 266 286 295 400 419 
10 7 32 43 83 156 233 253 281 285 314 
14 14 73 86 117 191 221 235 245 266 293 347 348 392 409 
11 18 26 50 59 142 228 284 318 384 394 426 
9 19 65 147 149 212 250 293 317 392 
11 82 105 113 162 172 196 210 215 231 277 367 
8 47 75 261 332 349 382 388 415 
12 14 19 39 45 51 67 145 226 235 264 347 407 
9 9 15 63 119 179 191 324 373 374 
10 24 31 49 111 160 196 251 267 379 419 
5 23 110 112 273 379 
9 127 211 235 265 389 397 414 425 428 
8 128 253 254 311 349 363 377 380 
8 40 100 153 220 326 354 374 416 
11 6 48 61 74 224 243 259 309 381 390 416 
13 35 49 52 138 157 184 195 249 251 325 382 401 419 
17 2 32 70 148 165 182 205 234 255 315 357 365 388 394 413 416 419 
8 90 149 184 194 298 328 370 394 
7 63 85 197 272 313 386 417 
13 7 12 78 127 135 136 159 216 230 339 363 388 394 
14 0 41 124 184 192 233 282 288 295 301 318 320 347 386 
10 25 31 44 62 168 201 235 300 317 341 
13 52 63 146 182 215 254 264 290 340 351 356 378 392 
7 72 99 160 184 224 251 317 
10 24 71 109 182 188 242 267 360 386 403 
9 63 91 94 131 133 149 153 193 323 
8 26 52 94 128 171 178 235 322 
10 45 52 83 87 255 280 287 305 349 383 
7 11 105 120 147 170 312 418 
12 121 216 218 232 286 310 332 336 376 394 407 413 
9 69 105 124 153 250 262 267 365 390 
10 28 33 127 160 200 255 287 314 330 398 
8 36 53 118 200 210 273 389 403 
8 10 47 89 110 139 151 328 381 
11 2 13 64 66 91 99 106 138 142 173 177 
10 28 75 285 293 296 303 326 344 350 403 
10 16 52 115 117 127 194 236 256 281 397 
8 13 181 215 228 348 393 402 418 
3 27 70 225 
16 1 14 48 58 80 129 174 186 213 257 296 326 337 375 383 412 
10 1 2 9 29 131 211 336 349 402 404 
8 15 44 99 111 130 225 244 367 
15 19 50 81 83 113 120 128 186 221 227 234 236 316 345 383 
12 61 119 148 238 275 284 319 341 350 363 380 427 
12 45 84 137 145 170 208 318 340 399 406 408 427 
5 206 244 275 359 402 
5 216 237 265 413 428 
14 22 82 143 146 168 179 227 257 284 332 351 355 364 402 
7 85 123 161 166 248 339 356 
10 9 45 91 96 166 186 212 231 290 292 
11 15 56 192 197 259 290 299 304 317 393 417 
11 81 86 207 220 238 299 334 372 391 401 408 
11 100 102 135 147 211 219 221 303 309 324 337 
9 20 83 89 152 180 234 237 332 340 
7 1 2 198 319 344 380 412 
7 2 5 15 134 238 393 427 
10 21 34 47 81 85 101 137 166 279 391 
12 14 56 72 81 84 139 145 267 295 310 362 395 
6 23 43 56 116 119 344 
12 0 1 70 107 125 231 233 271 319 345 400 424 
5 31 81 215 224 313 
6 0 78 177 193 418 420 
15 13 25 49 59 111 116 125 151 157 159 185 196 225 285 342 
13 66 69 106 116 131 153 158 186 223 263 276 321 385 
6 83 163 166 288 409 424 
7 34 133 139 270 271 287 354 
13 39 140 162 191 193 227 257 288 294 309 316 340 421 
7 6 77 102 171 275 344 424 
6 60 74 134 313 327 375 
11 29 44 71 79 84 96 143 219 242 378 408 
14 45 60 64 105 180 187 197 201 224 282 286 291 302 338 
9 8 14 26 197 283 372 393 421 429 
12 34 37 100 152 193 220 228 249 250 385 394 418 
11 2 20 68 82 219 224 243 268 314 372 398 
6 50 176 189 249 272 429 
13 13 35 103 108 192 209 252 261 296 348 368 370 378 
3 50 164 305 
9 12 22 68 72 83 137 232 305 310 
11 75 81 99 105 114 144 177 277 288 336 365 
11 109 110 130 132 153 168 179 243 248 291 326 
5 150 153 186 211 309 
9 49 60 76 235 289 294 319 366 372 
8 79 122 186 189 191 277 306 307 
12 24 57 63 186 197 209 211 235 309 340 351 385 
13 89 98 99 113 129 197 206 215 252 275 283 311 330 
10 92 106 109 127 131 206 268 303 312 426 
13 105 130 178 188 200 208 224 230 247 281 324 336 339 
12 3 24 113 176 183 193 200 259 288 300 386 411 
6 74 210 360 369 380 409 
13 39 64 83 135 170 263 282 289 315 317 321 384 429 
8 12 55 157 219 227 230 246 410 
13 16 19 28 34 45 53 184 257 303 313 316 407 427 
5 73 159 308 329 394 
9 83 123 157 176 237 277 311 327 428 
7 80 88 128 235 348 353 392 
11 12 36 105 151 199 202 285 299 301 319 391 
13 70 96 127 256 291 334 347 352 368 404 415 417 422 
12 202 213 222 245 249 300 313 314 316 326 369 389 
10 49 50 66 89 91 123 176 178 260 354 
8 12 15 16 43 67 89 188 258 
11 5 25 100 107 118 149 179 184 290 308 333 
14 0 20 40 100 114 129 146 155 161 176 190 238 328 370 
10 23 61 75 101 111 126 198 233 276 341 
10 82 190 203 218 237 268 272 297 356 404 
9 49 77 98 137 140 234 296 312 348 
13 15 104 191 217 232 252 281 334 337 342 344 416 422 
8 39 70 103 278 321 329 332 421 
11 18 28 32 81 189 231 266 337 393 400 417 
7 2 31 62 124 149 232 272 
10 8 11 42 129 138 259 281 293 341 415 
9 47 126 144 242 289 296 304 326 388 
11 34 71 131 178 199 212 255 264 341 348 366 
8 35 52 108 299 361 385 410 413 
6 28 206 278 293 387 409 
5 15 194 228 384 420 
10 26 51 78 86 229 260 289 336 351 420 
11 34 100 121 143 167 272 313 326 343 409 421 
9 57 64 136 160 257 273 308 415 427 
17 15 25 67 157 170 180 190 198 203 215 219 274 295 303 393 406 414 
12 43 101 144 182 185 186 193 267 310 311 313 402 
12 0 108 128 131 133 157 243 251 315 347 393 404 
14 26 63 86 118 123 155 157 178 268 286 325 334 358 369 
12 72 205 221 225 230 232 274 278 297 306 312 313 
8 28 45 84 121 182 358 411 412 
10 12 113 198 213 255 259 363 368 403 413 
14 27 46 68 103 151 154 163 210 220 221 234 294 393 402 
2 85 240 
9 36 71 98 159 197 203 356 361 364 
8 63 105 125 140 157 204 276 308 
7 31 65 140 227 259 300 382 
10 56 71 110 245 248 340 341 352 388 414 
11 9 40 79 153 166 223 239 243 308 343 390 
6 59 220 266 368 371 386 
430 2246
5 6 246 406 419 423 
7 88 106 144 187 287 355 388 
16 59 100 101 108 127 154 190 212 213 220 253 264 318 347 382 392 
8 27 48 61 78 150 217 329 380 
18 7 45 63 81 142 143 154 210 214 235 267 341 342 352 355 368 388 396 
9 9 119 178 187 218 256 291 313 333 
10 0 22 30 46 117 207 258 268 344 357 
10 4 12 39 44 83 147 180 248 307 322 
13 9 63 84 98 124 186 224 252 278 282 390 395 411 
15 5 8 34 35 113 116 198 219 263 297 304 310 319 406 427 
10 108 200 203 231 234 251 260 267 271 345 
3 81 118 393 
8 7 74 129 142 148 222 236 352 
6 44 49 75 112 203 263 
11 16 53 134 151 328 342 352 361 386 388 409 
12 116 144 159 242 251 275 277 328 343 363 370 405 
8 14 109 202 231 236 298 307 395 
10 29 56 90 107 124 221 242 250 333 361 
5 41 86 135 192 268 
6 49 75 101 106 111 407 
7 95 106 178 223 243 327 378 
11 29 34 39 40 78 146 163 281 380 417 426 
7 6 61 194 226 234 365 375 
12 46 182 200 245 297 329 342 373 375 385 390 405 
10 133 137 138 150 267 297 302 345 409 427 
9 32 70 81 116 155 197 277 302 395 
12 28 30 121 223 282 293 298 318 369 407 416 423 
14 3 54 71 92 104 115 194 212 216 229 249 304 373 376 
10 26 129 136 182 198 237 284 365 379 421 
17 17 21 48 59 60 61 88 106 114 122 139 204 234 241 277 316 388 
15 6 26 60 91 131 164 192 245 285 304 311 322 351 386 403 
13 33 57 131 143 148 176 179 200 208 260 273 380 384 
14 25 45 85 88 89 156 194 204 217 288 315 323 359 395 
10 31 65 110 179 190 201 206 242 252 361 
10 9 21 107 144 273 282 300 310 313 315 
11 9 53 83 122 181 183 294 358 386 389 407 
10 122 172 198 205 241 242 323 376 399 428 
13 47 48 125 152 167 206 211 254 256 271 354 390 402 
14 90 156 180 190 198 209 242 263 281 282 348 351 378 424 
11 7 21 110 115 163 194 204 216 262 267 326 
10 21 44 91 104 175 180 184 199 204 428 
16 18 117 119 130 143 156 201 202 221 250 305 341 346 383 407 413 
8 88 103 116 119 217 267 348 409 
15 57 66 197 221 245 268 277 279 281 345 349 395 400 415 419 
10 7 13 40 70 92 117 144 285 400 426 
10 4 32 46 132 150 169 214 240 300 390 
11 6 23 45 146 178 188 207 269 361 393 420 
6 37 48 84 140 142 295 
11 3 29 37 47 85 115 163 197 285 324 382 
8 13 19 104 127 163 169 304 378 
9 111 168 182 191 215 308 395 399 429 
8 81 89 203 212 218 268 352 375 
11 83 87 89 114 152 197 209 252 345 418 427 
11 14 35 66 79 238 246 297 311 319 400 422 
8 27 127 166 216 265 292 394 415 
8 75 190 214 219 228 243 304 416 
20 17 73 74 85 89 115 157 169 200 208 231 234 274 280 281 290 360 393 421 424 
11 31 43 101 189 222 239 268 291 337 357 395 
9 103 195 234 309 330 352 353 396 406 
7 2 29 87 166 200 220 341 
13 29 30 99 118 170 191 212 220 325 353 356 358 385 
13 3 22 29 102 112 128 130 133 172 177 196 302 423 
7 99 148 230 231 306 330 396 
11 4 8 97 195 237 250 260 265 322 338 362 
9 77 124 256 312 348 366 374 381 414 
13 33 66 113 185 213 216 320 324 335 343 356 399 411 
10 43 53 65 74 120 127 142 210 274 419 
8 70 75 87 106 128 132 145 347 
10 138 160 196 259 281 282 329 415 419 424 
9 70 129 180 258 273 279 368 373 429 
10 25 44 67 69 122 129 211 237 248 360 
9 27 87 97 181 206 243 312 338 345 
6 181 211 236 324 346 360 
11 56 79 80 134 140 141 251 299 351 387 414 
11 12 56 66 88 130 233 259 262 278 366 411 
13 13 19 55 67 82 99 152 156 193 194 276 312 391 
9 92 217 229 239 249 262 381 397 422 
5 64 130 245 259 346 
14 3 21 80 104 116 117 130 256 281 320 375 379 391 423 
11 53 73 168 173 208 223 227 229 401 405 426 
11 73 78 85 154 265 277 292 293 296 328 407 
16 4 11 25 51 106 124 158 160 196 246 262 288 312 314 332 365 
4 75 146 194 251 
13 7 35 52 93 101 186 210 267 268 276 280 318 325 
10 8 47 129 144 223 225 258 320 405 411 
7 32 48 56 80 197 275 401 
11 18 90 100 119 208 261 288 344 380 385 395 
9 52 59 67 71 138 143 169 382 428 
8 1 29 32 42 74 213 330 337 
11 32 51 52 56 139 195 203 287 385 414 426 
10 17 38 86 104 112 209 231 256 344 389 
12 30 40 101 105 114 142 176 276 278 323 366 425 
11 27 44 76 94 121 158 183 225 269 327 425 
9 83 262 287 292 320 350 365 376 421 
14 92 136 141 143 189 224 231 238 240 277 323 331 379 411 
10 20 113 116 136 171 243 254 279 320 354 
10 104 115 127 154 164 165 235 276 291 427 
6 63 71 169 187 293 296 
6 8 242 276 326 392 416 
9 60 62 75 149 252 279 350 381 416 
12 2 86 214 231 263 331 338 339 375 390 412 413 
17 2 19 57 83 91 126 178 217 268 272 277 289 309 325 329 369 379 
7 61 130 263 311 317 338 349 
12 42 58 135 256 329 338 357 360 363 386 415 427 
9 27 40 49 78 90 96 228 320 321 
11 91 135 150 174 229 259 269 270 280 328 419 
16 1 19 20 29 67 81 124 127 137 140 165 204 220 273 313 408 
12 17 34 115 153 194 274 296 313 352 363 382 386 
8 2 10 111 118 137 209 238 349 
6 16 203 227 245 348 425 
7 33 39 117 122 191 266 292 
8 19 50 108 131 241 267 297 414 
11 13 61 90 118 233 242 252 321 327 363 426 
8 9 65 95 119 207 221 251 337 
6 29 52 91 128 277 323 
13 27 39 48 56 96 107 203 226 237 255 304 328 361 
14 9 15 25 42 78 95 128 157 161 170 256 311 319 418 
10 6 41 44 78 110 343 379 393 412 416 
15 11 60 108 112 146 192 194 209 213 231 242 288 374 396 401 
15 5 41 42 86 113 153 172 193 272 288 297 320 339 345 352 
7 66 159 163 207 269 378 413 
12 26 92 131 159 161 162 163 217 255 352 353 394 
10 29 35 36 70 110 130 139 172 265 316 
9 136 146 212 228 351 356 374 379 382 
14 8 17 64 81 106 200 201 243 257 280 361 399 403 428 
11 37 146 169 212 224 236 257 294 299 339 348 
8 101 161 169 193 232 257 262 416 
21 2 49 54 66 96 106 151 191 202 255 268 280 287 297 308 313 315 335 337 377 384 
8 61 67 114 116 245 297 326 385 
15 12 28 69 70 84 133 135 169 212 263 308 309 324 345 388 
14 41 61 74 77 78 102 122 153 258 283 357 379 412 420 
13 30 31 111 121 204 212 268 273 290 334 361 397 412 
3 45 67 350 
11 24 61 129 152 228 275 284 315 325 398 425 
7 14 73 198 372 396 410 423 
8 18 103 105 129 164 209 386 405 
11 28 94 95 123 301 322 324 382 398 423 428 
15 24 106 108 182 198 216 238 245 273 276 329 347 364 365 401 
8 24 68 87 157 224 311 314 334 
10 29 89 122 146 172 203 247 337 346 403 
12 47 73 106 224 249 255 271 316 344 361 406 420 
11 73 94 164 199 203 279 301 330 348 378 408 
8 4 12 47 66 91 262 287 291 
11 4 31 41 87 94 144 179 189 227 300 313 
17 1 15 34 44 84 143 221 259 268 270 277 307 365 372 395 408 423 
7 67 194 263 300 314 362 408 
16 21 46 82 118 123 125 139 166 184 265 326 359 364 372 391 409 
9 7 205 265 303 354 372 379 399 409 
8 12 31 62 164 254 289 333 365 
6 99 158 248 337 386 427 
8 3 24 45 105 236 292 394 412 
6 14 127 163 169 175 192 
11 37 52 75 133 164 247 248 365 382 411 424 
9 107 119 130 196 241 245 257 277 302 
15 2 4 80 96 158 235 268 278 285 293 343 358 375 404 405 
8 25 159 162 258 265 352 378 424 
13 32 38 41 75 217 233 239 247 274 288 313 364 379 
11 56 116 138 189 216 233 249 262 317 357 381 
10 81 92 149 154 172 198 206 276 287 427 
17 15 120 121 155 169 184 186 192 197 200 203 219 238 284 291 329 336 
11 68 81 175 203 206 332 339 344 349 350 429 
6 116 121 126 170 391 421 
8 121 155 182 226 301 364 365 387 
12 21 39 48 49 120 121 151 166 203 251 271 296 
13 30 96 135 141 148 152 218 227 228 237 329 354 401 
8 96 106 257 281 305 384 390 415 
14 54 59 146 163 194 260 261 265 312 338 353 358 406 415 
9 37 201 225 260 285 310 331 381 395 
5 50 79 241 396 411 
17 45 49 56 87 97 125 126 129 151 159 226 359 383 393 419 421 424 
10 60 116 161 196 269 348 358 366 392 393 
5 95 208 282 294 380 
12 36 61 119 122 139 158 244 278 308 320 388 396 
6 79 182 185 196 217 233 
6 105 214 260 331 365 416 
10 40 151 160 227 234 289 320 370 410 428 
8 31 91 180 204 253 266 366 418 
7 61 186 243 286 350 375 390 
14 5 20 46 101 182 193 206 209 242 243 277 335 342 415 
9 31 33 143 195 225 296 326 365 398 
20 7 38 40 69 176 198 256 257 269 297 340 346 360 374 386 387 408 409 414 417 
11 35 71 72 197 200 226 271 326 351 374 390 
19 23 28 50 137 162 173 178 215 218 229 244 306 309 327 343 367 396 397 399 
9 35 92 203 293 364 388 408 415 418 
13 40 146 159 208 220 280 286 290 335 350 394 409 419 
7 65 173 305 322 345 359 371 
11 8 83 159 177 254 304 328 365 379 386 401 
8 1 5 97 217 233 282 284 308 
4 46 249 251 290 
10 57 94 143 157 210 271 328 334 374 378 
10 2 33 38 55 208 225 230 334 381 390 
11 50 60 110 127 258 281 287 313 330 413 426 
8 18 30 118 151 159 298 320 411 
6 75 119 126 178 229 251 
17 22 27 32 39 75 82 107 118 145 166 306 334 335 337 397 409 421 
9 58 63 89 179 221 304 356 394 405 
10 61 68 81 153 170 173 255 354 362 373 
10 25 43 48 52 85 159 181 304 330 396 
20 9 28 36 38 134 137 158 180 242 243 248 271 274 278 338 340 353 359 367 392 
8 40 141 201 249 306 329 359 409 
10 10 23 31 56 59 124 159 181 311 367 
16 33 41 124 167 199 225 254 265 279 306 335 360 376 385 390 419 
10 16 41 127 222 318 327 336 366 380 422 
18 10 13 51 89 109 115 139 141 159 160 163 183 222 231 245 257 325 393 
10 29 32 39 40 106 131 176 208 258 395 
6 36 147 221 305 318 412 
10 33 37 71 158 160 178 221 223 291 332 
9 6 46 113 120 228 234 285 355 387 
14 31 56 79 86 171 184 190 204 234 330 341 354 369 372 
17 38 52 90 108 118 135 178 210 214 223 272 310 315 349 359 366 425 
6 4 66 83 189 209 398 
7 37 70 72 372 392 396 408 
11 2 27 51 60 123 125 129 131 218 239 328 
14 2 65 88 118 216 218 263 292 300 388 411 416 418 419 
8 4 45 55 100 174 209 352 424 
8 50 182 267 287 303 341 370 396 
12 27 39 54 65 137 157 213 250 346 393 398 424 
16 3 32 42 76 101 121 156 173 187 227 228 248 308 348 409 419 
13 5 51 164 182 212 213 249 257 263 294 347 400 412 
9 9 55 159 255 267 279 284 345 405 
12 2 59 60 106 184 302 303 336 339 364 402 417 
15 17 41 43 113 144 195 205 206 238 239 336 352 357 382 399 
9 12 57 202 203 271 313 345 399 407 
10 20 26 79 84 206 209 256 314 416 420 
8 8 94 125 138 140 299 358 375 
10 84 92 167 179 190 201 253 363 371 416 
7 22 115 162 169 181 273 289 
10 79 109 143 164 175 217 234 254 262 393 
12 55 104 123 133 164 207 217 275 328 347 361 370 
10 27 76 79 105 182 193 290 355 374 415 
6 62 190 286 291 309 404 
16 10 16 56 62 90 94 100 118 203 239 262 285 297 305 395 420 
10 126 235 306 308 332 371 384 390 391 410 
12 74 112 156 157 173 187 301 355 369 371 394 427 
13 10 22 29 56 58 175 207 208 227 285 390 423 425 
8 4 96 154 232 267 348 359 424 
9 12 16 72 125 150 345 368 407 415 
14 28 63 70 115 164 242 288 299 324 359 374 380 420 422 
11 53 94 108 137 159 221 350 367 373 399 410 
11 57 76 156 212 221 231 246 255 334 375 396 
6 45 94 357 358 368 380 
9 29 36 111 153 168 254 316 406 419 
16 15 17 33 36 38 98 112 118 178 198 237 259 284 297 377 386 
13 20 55 71 95 124 177 178 198 282 320 328 342 367 
6 172 182 288 356 359 426 
12 23 30 43 77 109 128 137 153 203 303 304 370 
7 0 53 81 239 335 337 353 
6 139 152 156 267 317 394 
9 7 70 149 152 198 217 274 312 420 
9 27 76 140 157 188 199 218 366 388 
9 17 41 63 216 298 304 311 354 403 
11 10 15 73 82 113 163 188 193 263 287 421 
10 8 33 52 99 112 278 292 312 328 337 
4 2 176 225 392 
10 37 95 148 186 201 227 241 366 387 402 
9 115 121 127 140 196 219 239 271 385 
16 5 37 64 78 90 103 116 180 223 259 278 298 324 331 341 428 
12 124 125 126 153 165 180 203 218 293 315 354 394 
10 6 69 84 130 155 191 204 349 405 426 
9 68 74 77 105 144 242 256 293 365 
8 10 31 63 166 167 174 274 357 
8 86 166 265 316 317 378 383 418 
15 39 74 76 81 93 126 142 157 227 231 295 324 373 379 399 
16 9 13 38 100 102 129 145 213 218 251 275 282 306 329 357 360 
10 2 265 281 282 310 316 327 348 404 426 
15 54 63 80 122 146 147 155 166 201 261 264 307 357 385 421 
9 110 176 290 329 343 367 378 387 411 
16 4 10 24 39 42 83 111 215 219 235 247 381 410 414 418 423 
14 6 18 43 51 57 83 101 127 131 144 154 327 329 373 
13 46 92 105 120 170 180 302 325 338 374 416 421 428 
6 105 144 372 412 418 422 
11 10 37 140 163 181 189 198 222 255 278 306 
5 101 119 209 368 385 
12 31 34 69 106 131 137 226 340 380 408 411 423 
12 56 66 107 156 198 248 260 284 287 347 349 391 
9 15 85 133 228 263 321 332 358 429 
9 75 83 91 96 98 137 158 350 387 
17 15 25 29 43 80 94 101 114 144 153 178 288 310 337 371 401 414 
13 8 74 91 154 172 198 252 256 271 286 354 361 362 
10 43 69 95 99 141 201 219 295 331 378 
8 56 83 105 124 127 184 291 301 
11 21 38 43 56 68 78 165 191 264 307 349 
14 8 26 34 38 68 171 187 243 263 264 314 361 368 388 
2 130 339 
11 28 133 159 187 219 242 274 293 301 343 424 
9 30 44 48 154 167 207 231 234 298 
5 177 184 230 278 393 
13 1 89 93 127 142 158 191 215 251 274 299 409 428 
14 32 81 86 118 119 156 237 244 277 298 334 349 388 419 
8 101 148 175 226 290 376 387 408 
10 56 131 184 188 229 266 289 296 300 320 
11 5 57 96 142 159 206 230 280 300 328 428 
9 54 80 93 110 150 213 252 312 377 
10 26 80 97 154 183 257 259 284 312 354 
6 35 125 171 218 330 372 
4 47 262 279 369 
11 80 97 107 163 179 290 298 308 341 353 385 
13 9 23 24 53 111 119 127 128 180 231 242 340 359 
10 16 26 192 250 256 285 288 296 303 409 
7 73 125 224 237 287 353 382 
10 34 45 143 145 213 290 291 380 388 421 
8 136 141 162 233 280 284 394 396 
8 24 25 61 153 220 269 327 418 
8 147 215 220 245 298 324 328 332 
12 9 27 30 49 55 115 186 195 197 245 250 347 
8 41 165 185 205 231 311 343 361 
13 62 182 194 199 201 232 263 271 309 375 382 389 418 
6 7 16 144 265 281 345 
11 50 127 129 172 187 217 232 296 367 395 398 
12 58 101 129 182 230 306 311 333 352 366 386 407 
10 9 34 167 209 264 277 346 357 390 411 
17 30 53 102 116 138 200 250 305 309 314 315 356 381 389 409 412 425 
11 64 71 75 81 166 248 252 292 293 362 379 
11 5 34 106 107 127 143 156 191 222 396 418 
7 81 138 145 223 282 311 320 
9 32 34 127 133 209 257 311 317 340 
7 29 122 140 241 261 264 412 
9 102 157 247 261 315 374 375 393 399 
6 2 26 83 202 205 362 
4 9 53 116 327 
20 65 78 84 93 95 104 119 172 175 192 243 290 314 321 361 362 366 378 379 420 
5 104 112 275 320 336 
6 7 30 63 136 185 376 
8 32 36 91 94 114 373 375 408 
13 48 65 72 129 136 237 256 262 303 370 392 396 416 
7 60 83 101 133 203 269 398 
10 39 98 128 146 179 181 331 340 357 364 
13 20 92 112 182 202 264 268 302 319 336 337 359 387 
15 14 15 80 105 115 186 189 212 228 243 252 291 303 376 421 
15 3 23 68 101 103 137 159 164 199 263 266 268 335 348 355 
14 58 62 88 141 191 197 208 294 338 347 364 387 424 426 
11 94 100 167 174 256 279 326 355 417 419 423 
9 81 160 206 232 275 303 383 401 424 
4 5 17 148 309 
10 131 138 189 190 194 239 288 342 360 385 
10 65 127 178 184 194 201 246 329 351 370 
6 159 202 220 221 321 327 
12 57 88 113 127 139 149 194 246 252 277 327 379 
12 63 71 100 102 103 166 198 269 330 342 371 395 
8 100 119 125 160 220 283 385 403 
11 180 198 273 297 315 326 341 357 387 398 400 
9 4 41 59 208 215 256 296 340 427 
8 4 14 23 178 243 334 338 415 
12 15 65 117 154 182 266 284 305 385 413 416 417 
7 6 86 90 140 160 347 357 
14 10 24 43 52 71 119 129 185 219 222 236 307 412 414 
7 41 72 77 139 180 216 310 
12 2 67 137 218 228 274 304 330 344 375 382 423 
14 38 42 64 109 125 141 170 217 235 264 329 376 411 414 
13 43 102 108 160 209 258 274 281 288 368 386 420 429 
10 93 99 132 160 177 184 238 276 382 421 
8 30 38 73 123 181 335 373 413 
15 4 12 14 51 58 107 119 121 155 214 221 309 368 401 417 
10 58 60 121 166 198 246 296 299 384 392 
13 37 95 147 164 196 208 250 257 278 293 361 375 395 
9 1 4 207 229 233 329 331 374 395 
10 60 65 123 195 244 311 361 389 392 428 
15 6 57 103 130 157 221 240 260 263 265 310 326 340 344 376 
10 35 60 154 166 170 224 240 275 375 407 
14 32 146 169 185 198 199 209 235 237 244 297 327 362 368 
9 56 70 72 103 180 201 263 334 398 
15 14 17 33 46 115 124 131 140 228 278 282 305 320 354 356 
9 63 145 196 278 312 318 320 359 389 
6 15 103 107 112 225 406 
9 137 146 156 162 183 220 326 330 395 
14 22 28 81 93 137 144 148 152 162 174 179 186 259 375 
14 64 74 91 170 176 202 209 249 254 309 320 406 410 414 
8 182 198 200 238 243 266 308 408 
10 4 69 236 240 272 282 349 352 359 425 
5 26 101 208 233 295 
9 15 175 215 228 245 324 335 374 412 
7 185 225 232 233 277 338 426 
8 134 144 146 147 208 211 270 294 
13 23 27 69 196 238 262 268 323 351 377 405 408 420 
14 64 118 123 180 181 189 229 237 269 317 355 370 402 425 
16 22 23 51 78 100 154 177 224 239 306 317 323 347 354 358 365 
10 27 36 93 201 289 322 328 348 357 405 
6 127 242 292 373 396 402 
11 20 38 49 120 141 155 189 261 266 279 320 
17 28 78 94 101 117 123 130 147 156 186 262 312 320 337 382 388 413 
10 3 21 31 86 171 202 237 240 273 300 
10 64 76 99 157 167 190 267 311 383 404 
14 2 48 87 107 123 136 152 221 299 306 347 350 379 393 
5 41 169 261 332 381 
5 31 127 165 232 353 
14 23 60 86 89 128 201 255 265 272 296 334 339 343 388 
15 14 30 35 103 107 135 149 180 186 242 309 349 394 396 410 
13 73 162 180 207 254 266 276 289 327 330 340 393 429 
14 1 4 14 29 129 172 183 213 249 282 288 300 379 385 
7 35 90 306 311 356 362 398 
13 8 23 37 45 100 165 177 181 190 201 232 234 310 
6 75 78 146 161 232 274 
10 2 98 170 198 211 253 324 353 356 416 
14 11 46 56 117 169 170 203 216 227 286 317 382 387 423 
10 54 121 150 184 195 233 247 257 301 386 
17 8 16 25 32 43 50 57 86 144 167 204 231 308 338 354 355 364 
18 4 58 62 118 134 168 172 182 197 211 215 239 301 313 324 377 386 425 
7 76 131 182 194 415 421 424 
10 133 136 179 210 216 308 325 340 360 389 
12 36 50 65 124 147 182 221 222 238 262 317 402 
6 43 44 53 218 340 413 
9 79 85 118 137 164 186 277 332 352 
8 37 220 254 374 377 399 403 410 
9 30 124 139 250 339 402 404 421 428 
5 154 230 264 381 403 
11 15 23 79 84 135 154 195 219 258 373 376 
10 0 9 58 140 166 241 363 366 423 428 
10 19 26 35 41 80 222 236 309 358 408 
13 106 141 144 145 180 183 211 273 289 323 367 373 407 
14 14 24 42 146 147 180 184 194 199 217 287 298 311 425 
8 134 175 232 238 267 366 386 402 
13 8 65 74 84 94 152 168 192 213 266 273 310 348 
12 100 117 130 131 150 205 218 270 311 316 345 370 
10 41 100 120 191 343 351 379 400 418 424 
10 64 73 89 111 180 267 277 345 348 366 
12 43 54 68 103 165 166 178 183 229 236 342 397 
14 26 55 98 99 117 126 174 213 223 225 269 324 343 392 
7 21 180 220 331 343 352 418 
14 52 116 176 183 213 261 267 270 302 306 313 413 417 423 
13 0 43 66 68 105 169 184 201 213 217 241 288 331 
10 46 130 140 223 231 237 248 320 349 373 
14 28 56 93 161 169 194 251 265 269 300 328 350 397 403 
5 53 76 202 237 270 
15 0 26 61 78 134 136 144 234 267 273 331 347 393 406 418 
14 38 56 68 152 155 169 214 216 235 284 330 332 397 413 
11 91 92 109 133 209 234 311 368 374 396 409 
11 21 44 79 89 112 191 244 258 264 330 371 
9 9 24 52 96 103 149 158 233 341 
13 36 40 87 124 136 175 256 269 287 291 356 403 406 
6 50 69 160 275 349 387 
