550 2759
13 17 59 85 113 158 188 263 317 356 398 417 469 508 
12 16 94 95 134 216 217 236 345 367 460 467 542 
11 97 130 201 246 260 284 300 335 418 422 436 
6 190 207 298 340 517 523 
10 77 142 234 296 341 390 398 408 455 520 
10 90 134 187 372 415 435 449 469 507 543 
3 18 167 529 
11 57 63 81 124 210 286 338 347 429 488 507 
14 25 54 105 111 116 128 170 330 398 462 468 504 508 514 
9 35 82 350 404 423 455 469 490 548 
12 22 56 130 141 232 277 327 385 410 423 493 525 
12 40 134 164 173 227 232 264 296 464 524 542 547 
14 41 51 60 143 152 157 201 207 220 277 304 410 469 494 
13 15 70 78 126 152 153 165 169 223 283 358 380 544 
5 45 270 374 441 518 
7 13 17 119 136 147 150 234 
9 1 72 92 120 168 236 267 335 483 
8 0 15 64 217 257 379 520 521 
11 6 24 136 163 235 279 320 346 394 471 523 
10 28 61 76 135 212 242 305 378 439 477 
14 27 45 125 163 168 187 232 283 333 356 445 451 480 485 
6 127 149 242 356 426 530 
17 10 34 47 113 169 185 191 201 299 345 355 365 403 430 461 466 518 
2 255 296 
12 18 38 119 131 221 245 284 332 353 407 511 521 
9 8 45 88 98 204 232 416 444 524 
10 192 194 210 242 359 430 437 456 476 481 
11 20 143 190 252 312 349 397 399 512 522 531 
10 19 42 60 80 141 204 236 427 429 434 
8 53 172 238 249 258 261 369 540 
14 62 80 105 114 118 157 176 239 250 309 332 382 431 532 
9 105 111 127 215 245 287 315 318 485 
6 240 263 364 481 507 536 
10 52 175 185 243 300 341 395 470 474 501 
14 22 39 88 133 181 291 401 402 423 452 503 523 540 545 
8 9 73 105 146 301 345 490 506 
6 109 240 267 290 468 519 
10 59 117 142 291 306 377 394 400 454 545 
11 24 53 70 76 285 354 425 427 449 530 531 
12 34 87 100 176 182 191 226 334 394 398 487 499 
17 11 47 59 102 109 113 114 123 199 229 256 263 324 386 409 442 495 
6 12 46 128 182 227 269 
7 28 75 118 287 339 373 493 
4 121 122 194 267 
7 48 142 186 237 436 446 499 
9 14 20 25 82 89 171 300 333 474 
10 41 104 115 178 234 238 363 416 445 504 
6 22 40 156 168 202 375 
9 44 52 126 131 140 154 215 358 379 
11 67 86 114 146 152 223 253 321 348 490 509 
12 77 128 190 206 219 288 323 393 407 428 479 504 
17 12 74 85 96 188 207 240 245 252 311 362 382 402 415 441 523 527 
8 33 48 131 274 291 343 376 455 
10 29 38 147 192 214 235 272 282 439 477 
8 8 63 108 169 245 361 419 518 
12 59 95 97 174 192 244 260 350 394 429 487 507 
12 10 73 115 134 188 371 374 384 420 424 436 480 
8 7 60 84 147 235 328 416 479 
8 64 196 263 300 340 406 459 513 
14 0 37 40 55 76 118 172 190 220 271 389 476 489 538 
10 12 28 57 68 231 306 361 433 515 537 
16 19 169 178 183 184 187 205 234 271 278 349 444 458 468 521 547 
10 30 90 172 307 334 360 386 410 422 520 
17 7 54 70 74 104 106 129 130 236 261 315 441 450 453 482 488 508 
15 17 58 69 107 201 224 274 291 310 326 396 445 509 515 539 
5 90 177 279 442 443 
13 204 260 342 357 379 404 437 440 483 503 534 548 549 
12 49 168 211 227 260 274 301 324 487 529 531 548 
10 60 150 189 198 213 262 379 387 399 423 
5 64 106 236 514 538 
11 13 38 63 81 85 173 238 239 427 472 495 
9 211 229 359 387 390 400 451 471 549 
5 16 73 121 201 405 
17 35 56 72 77 79 216 239 250 255 296 319 330 422 476 483 520 526 
7 51 63 285 368 412 493 533 
12 42 109 206 252 269 312 346 389 415 426 529 544 
11 19 38 59 148 176 294 330 405 436 455 463 
12 4 50 73 97 105 288 372 384 447 512 535 537 
15 13 106 114 122 131 164 173 255 263 338 393 422 444 519 543 
7 73 122 184 270 311 372 426 
11 28 30 175 183 210 223 239 257 330 462 468 
10 7 70 83 222 244 267 313 364 408 514 
9 9 45 94 126 147 187 288 390 412 
8 81 84 151 257 294 336 339 376 
7 57 83 310 344 379 396 452 
12 0 51 70 174 211 222 323 327 328 398 419 480 
10 49 98 116 150 253 276 278 421 457 525 
8 39 141 210 214 281 316 331 507 
7 25 34 99 149 261 321 545 
9 45 113 135 141 144 178 247 358 442 
10 5 62 65 171 216 221 330 448 458 536 
7 126 138 208 333 336 402 464 
8 16 222 284 312 315 433 441 507 
11 160 163 186 211 251 267 279 293 309 361 494 
10 1 82 151 196 213 221 269 323 401 490 
14 1 55 214 221 248 295 318 366 375 401 442 503 507 522 
8 51 178 235 280 356 420 460 515 
7 2 55 77 138 228 293 306 
9 25 86 100 133 216 263 312 393 491 
9 88 100 165 169 191 260 293 522 541 
11 39 98 99 167 270 271 343 381 413 488 536 
6 126 293 317 347 360 406 
7 40 221 240 351 507 523 549 
6 204 273 306 401 412 520 
12 46 63 107 159 198 274 288 325 492 513 525 530 
14 8 30 31 35 77 142 167 221 297 339 341 406 430 454 
14 63 69 78 118 132 256 391 425 446 467 499 524 537 545 
6 64 104 178 186 437 524 
5 54 227 289 524 543 
15 36 40 75 200 220 230 286 298 320 332 337 370 386 387 534 
5 268 340 406 518 538 
9 8 31 141 222 235 242 250 464 539 
7 149 177 207 215 282 326 421 
11 0 22 40 89 114 211 254 284 410 484 492 
13 30 40 49 78 113 143 236 395 442 451 457 511 545 
7 46 56 132 193 328 457 518 
10 8 86 125 142 148 301 431 452 461 505 
11 37 203 221 226 258 368 369 376 384 451 520 
11 30 42 59 106 267 301 325 327 389 433 491 
10 15 24 135 145 192 221 376 417 474 529 
8 16 161 190 314 318 356 397 549 
4 43 72 370 449 
6 43 78 79 129 455 485 
10 40 209 234 282 307 398 411 422 425 528 
8 7 185 212 318 357 428 513 523 
10 20 116 135 227 236 307 371 430 530 547 
11 13 48 82 91 101 172 216 235 339 458 491 
11 21 31 143 149 151 246 282 296 321 369 460 
12 8 41 50 187 212 214 220 288 297 390 424 503 
13 63 122 140 172 228 234 306 327 344 347 383 400 441 
11 2 10 63 157 231 283 352 414 427 509 520 
12 24 48 52 78 257 287 316 359 383 490 492 507 
12 106 115 205 212 218 276 315 390 439 467 497 522 
9 34 98 248 292 328 333 339 354 538 
10 1 5 11 56 201 257 264 284 336 517 
10 19 89 119 125 145 202 390 443 456 520 
12 15 18 156 170 244 308 366 375 393 403 515 531 
8 210 215 268 269 323 324 424 535 
6 91 97 376 378 464 503 
8 200 215 224 305 310 450 526 544 
6 48 129 153 282 405 473 
9 10 28 87 89 111 225 334 352 481 
12 4 37 44 105 116 175 283 291 361 376 432 459 
12 12 27 114 127 207 250 279 291 319 322 374 505 
8 89 162 306 364 391 437 472 478 
12 119 135 246 297 314 329 352 376 410 505 524 534 
8 35 49 148 419 474 476 478 507 
10 15 53 57 82 226 385 402 406 423 499 
13 76 116 146 154 192 213 266 273 351 391 401 474 510 
12 21 88 112 127 253 293 340 342 425 527 534 547 
15 15 68 86 182 191 238 241 254 309 328 410 413 434 494 517 
10 83 94 127 159 184 421 426 445 469 508 
7 12 13 49 186 220 498 519 
11 13 140 156 205 272 276 308 321 372 443 491 
11 48 148 215 263 291 294 308 383 402 441 484 
17 199 225 236 287 308 332 338 355 361 379 384 388 398 458 460 471 518 
12 47 136 153 213 219 330 415 462 472 502 530 533 
6 12 30 130 219 223 269 
6 0 282 319 326 331 333 
11 104 151 165 251 288 341 400 406 447 458 481 
8 93 164 168 309 404 437 441 463 
8 120 192 252 273 274 370 513 544 
10 144 208 273 330 332 355 420 426 467 509 
9 18 20 93 238 244 252 349 481 511 
8 11 78 160 198 209 384 394 524 
9 13 99 159 189 193 273 286 323 371 
7 215 241 394 433 443 479 515 
13 6 100 105 170 192 212 235 241 350 367 418 426 495 
11 16 20 47 67 160 206 236 357 435 461 532 
9 13 22 54 61 99 179 268 470 486 
13 8 136 167 212 237 245 276 291 297 386 513 531 549 
4 45 90 434 521 
15 29 59 62 126 129 209 215 283 325 381 415 423 451 473 495 
8 11 70 78 204 364 439 441 463 
9 55 85 237 276 302 331 404 408 419 
8 33 80 142 209 216 225 246 309 
10 30 39 76 178 263 282 286 394 413 541 
9 65 112 182 246 290 384 422 449 482 
18 46 61 89 96 107 176 188 229 280 328 332 366 439 462 506 508 520 529 
6 169 208 293 322 373 400 
7 216 306 395 397 428 502 506 
12 34 226 241 285 294 314 351 412 462 502 531 537 
9 39 41 150 177 295 314 340 503 504 
9 61 80 199 237 303 313 364 439 541 
7 61 79 151 267 407 467 508 
8 22 33 124 193 194 322 362 444 
16 44 93 107 152 212 220 237 248 251 254 292 320 323 416 436 478 
18 5 20 61 82 128 199 208 260 336 354 366 416 439 445 464 467 470 536 
12 0 51 56 178 199 336 371 395 420 426 464 530 
8 68 165 236 345 356 361 383 397 
7 3 27 50 59 120 223 293 
13 22 39 99 150 206 345 362 406 424 437 443 497 522 
11 26 53 55 119 148 161 167 206 274 365 379 
8 115 165 185 258 264 498 507 523 
10 26 43 185 274 312 320 349 378 431 433 
11 201 239 286 295 308 325 372 439 441 460 479 
7 58 94 266 281 293 302 340 
5 252 288 307 317 533 
6 68 104 164 214 392 425 
9 40 155 183 187 188 227 251 390 494 
6 109 139 237 382 450 531 
15 2 12 22 64 72 134 195 213 300 349 357 373 382 534 540 
2 47 135 
6 117 274 410 461 486 528 
11 25 28 66 103 173 307 334 407 494 505 512 
8 61 132 153 374 441 447 472 493 
9 50 75 168 191 192 256 300 317 343 
9 3 12 51 112 143 366 526 539 543 
8 91 162 179 187 295 313 394 494 
14 123 164 172 175 222 394 395 402 421 448 506 507 514 547 
13 7 26 80 87 137 219 273 302 408 429 442 459 531 
11 67 71 85 93 113 260 372 423 475 513 531 
18 19 124 128 132 167 170 186 273 274 285 345 398 472 473 483 486 499 519 
12 68 94 148 156 201 228 338 406 437 475 510 532 
11 53 87 95 128 198 217 329 337 353 424 514 
14 31 48 112 137 139 154 166 172 231 241 330 439 478 542 
12 1 73 90 98 126 175 180 242 369 384 492 546 
8 1 17 214 235 337 375 429 541 
9 132 231 274 356 438 459 503 537 544 
10 50 156 157 210 220 316 337 437 529 532 
15 12 59 109 128 152 186 219 231 234 251 260 267 271 345 499 
8 24 90 94 95 102 105 117 119 
12 81 85 92 111 209 254 309 322 328 402 416 532 
11 13 49 80 157 190 314 319 345 382 473 533 
6 64 139 376 413 494 511 
9 141 155 175 364 378 388 397 422 424 
15 39 117 147 181 271 286 369 378 402 404 455 470 490 497 532 
11 11 41 67 108 125 199 327 420 449 516 525 
9 97 129 213 338 365 399 416 433 530 
8 40 71 178 231 239 350 441 486 
4 109 273 349 540 
9 60 130 215 218 220 229 274 279 284 
9 10 11 20 25 360 371 443 488 508 
7 276 327 386 396 397 435 520 
11 4 15 46 61 123 129 220 323 422 459 510 
11 18 53 57 96 111 126 167 217 329 369 500 
14 1 16 28 63 69 114 125 155 168 189 410 428 473 525 
12 44 170 174 183 186 200 289 291 321 454 458 471 
12 29 46 70 150 163 277 307 312 355 419 484 495 
12 30 70 73 80 195 229 259 301 381 406 499 537 
7 32 36 51 102 491 496 516 
14 150 166 167 181 215 259 313 346 384 407 486 504 521 541 
8 19 21 26 111 216 289 515 522 
11 33 262 278 317 364 445 459 528 539 540 541 
12 55 81 136 163 281 289 297 314 379 409 452 491 
10 24 31 51 54 170 259 361 434 462 515 
14 2 127 145 175 177 252 271 278 289 318 422 513 541 544 
8 89 263 271 323 443 505 545 548 
11 95 133 186 315 353 363 376 447 474 482 518 
7 29 254 320 365 445 461 497 
7 30 73 111 143 317 458 495 
10 93 159 186 199 220 326 335 363 366 368 
14 27 51 75 161 163 197 246 272 331 333 444 508 536 539 
9 49 86 149 261 369 445 452 488 489 
12 113 150 186 222 249 275 328 351 380 391 469 511 
11 23 73 78 256 261 304 306 404 440 452 531 
13 40 106 206 255 304 338 346 357 390 429 430 496 499 
12 17 80 83 131 134 280 356 361 409 440 450 508 
9 29 117 193 281 448 519 524 528 548 
4 239 241 245 482 
19 2 55 66 67 99 187 211 220 270 283 296 309 355 374 403 458 494 499 536 
12 29 63 88 253 255 272 340 355 368 371 469 519 
7 68 243 313 374 408 417 548 
20 0 32 40 58 78 98 154 176 247 310 333 342 344 346 410 414 465 484 520 542 
4 11 134 193 450 
7 281 307 397 415 434 479 505 
6 148 196 282 372 511 543 
14 16 36 43 81 93 118 184 220 271 290 352 444 476 503 
6 110 137 169 324 326 479 
9 41 75 94 137 157 370 400 448 482 
6 14 79 100 260 291 330 
11 59 61 100 220 226 246 247 267 277 412 486 
10 53 153 252 261 321 378 392 401 425 518 
16 103 148 161 162 165 210 212 230 329 333 363 393 401 515 524 530 
15 52 64 67 104 161 192 194 203 212 218 231 305 412 501 528 
6 254 292 337 349 392 485 
9 86 132 153 170 174 233 309 322 540 
9 10 12 238 271 282 290 371 473 512 
10 61 86 243 246 291 340 367 469 490 524 
9 18 65 93 143 231 369 393 407 483 
11 96 178 257 356 357 398 440 483 491 514 517 
12 87 196 244 258 265 295 305 375 408 436 439 488 
15 53 112 123 127 140 158 176 266 277 342 359 388 457 477 515 
9 13 20 130 142 172 260 328 420 459 
12 2 24 92 113 134 231 290 312 313 356 366 417 
6 38 74 181 212 286 407 
14 7 109 165 176 195 226 285 290 363 384 392 497 525 530 
9 31 42 131 155 295 390 406 408 474 
11 50 77 82 104 128 159 197 319 440 483 532 
9 108 237 242 244 246 354 430 454 520 
11 36 177 267 277 284 286 426 468 481 491 496 
15 34 37 52 64 142 143 154 170 237 270 278 295 311 335 462 
7 133 186 275 429 455 462 495 
16 93 97 99 101 149 179 190 196 302 374 402 405 509 513 532 545 
7 76 83 154 181 333 345 417 
12 95 182 195 208 281 287 291 317 475 511 533 537 
7 4 11 23 73 127 260 297 
9 105 128 145 170 244 296 421 457 543 
7 3 109 339 425 429 440 499 
8 22 300 378 393 399 488 493 549 
12 2 33 45 58 201 206 299 352 359 441 467 478 
10 35 67 116 118 239 342 427 437 521 546 
6 174 196 210 293 336 431 
5 183 385 415 440 528 
8 12 255 256 305 395 449 455 456 
11 19 139 274 281 304 322 370 422 458 485 514 
13 37 60 97 103 129 144 180 255 416 442 445 461 549 
13 62 123 125 197 204 238 265 352 377 394 451 488 489 
9 136 153 154 155 195 330 366 445 499 
10 30 93 150 160 175 222 260 276 406 429 
7 64 84 139 263 325 350 410 
8 51 79 291 388 473 497 510 523 
12 27 75 92 98 194 238 284 412 437 476 531 547 
11 81 183 208 241 262 284 343 438 478 493 497 
11 120 145 181 182 223 244 436 440 461 469 538 
10 31 63 92 132 248 415 427 442 443 446 
10 87 131 219 324 371 389 423 425 511 527 
12 0 101 197 206 243 250 295 321 345 347 398 526 
6 31 95 120 124 246 400 
12 73 143 158 223 288 358 366 451 475 533 541 545 
9 18 109 186 194 249 354 361 510 525 
10 49 88 127 153 237 272 317 376 378 473 
8 143 179 185 222 276 305 337 545 
10 50 85 94 137 165 186 234 247 487 506 
9 40 67 137 268 316 370 423 542 547 
6 104 118 172 195 310 333 
7 64 112 158 251 268 439 485 
9 10 85 118 129 227 233 389 506 513 
12 57 85 115 133 150 178 222 254 283 434 490 498 
9 145 214 235 273 362 489 501 518 526 
14 8 73 76 80 90 156 162 215 270 308 404 426 451 539 
8 87 158 174 252 366 416 429 491 
11 24 30 109 155 162 178 376 421 464 523 529 
16 20 45 91 133 158 252 263 273 294 325 340 377 402 444 488 546 
5 39 62 141 204 429 
11 2 16 251 291 413 418 446 476 491 502 547 
13 83 91 134 187 188 302 384 389 437 472 479 488 525 
13 109 214 217 219 275 322 359 367 415 447 486 506 541 
10 7 78 155 213 228 256 402 438 479 513 
13 42 83 105 126 133 298 386 397 409 436 446 447 517 
12 3 58 110 149 182 196 261 278 333 349 364 500 
6 4 33 105 159 384 493 
5 66 149 263 282 301 
9 52 100 206 313 357 391 441 507 531 
5 84 129 263 389 519 
13 1 22 35 189 191 212 220 223 294 317 386 417 452 
11 18 75 241 256 263 376 393 425 493 500 501 
10 7 101 129 317 350 372 373 414 466 505 
9 49 355 359 364 376 396 412 416 456 
11 27 61 163 194 201 230 275 340 477 525 531 
9 9 55 167 229 310 347 353 364 476 
9 102 148 181 254 399 472 481 506 529 
6 130 141 145 267 300 307 
7 24 214 248 350 395 396 549 
12 38 133 187 289 320 378 433 463 473 474 484 532 
13 22 155 162 238 260 261 348 429 457 460 473 498 537 
14 0 20 21 96 120 189 218 257 280 284 360 413 453 548 
11 66 124 168 201 256 280 343 385 423 464 544 
11 13 48 89 319 392 431 442 461 465 518 537 
9 26 71 131 282 300 337 348 419 448 
6 62 101 232 356 370 544 
11 54 60 93 142 155 189 245 257 320 380 501 
8 51 185 191 329 391 402 407 476 
8 46 248 251 273 286 365 391 548 
13 32 81 144 173 183 225 243 340 348 350 473 499 529 
7 22 192 228 249 363 462 483 
14 95 136 178 187 207 251 284 308 319 331 415 503 509 545 
7 1 167 278 337 426 523 537 
6 74 117 251 261 386 472 
9 29 117 127 216 226 235 253 279 398 
7 109 121 161 269 305 324 360 
12 56 125 165 188 232 261 277 316 430 453 482 531 
12 5 77 79 153 195 211 266 347 378 491 524 533 
7 42 179 201 347 443 498 506 
8 14 56 143 205 260 262 293 430 
8 47 95 136 217 281 493 529 543 
17 52 83 117 119 138 142 145 224 248 321 332 346 348 434 501 519 530 
6 37 307 333 404 490 517 
12 19 138 194 225 226 272 299 321 354 372 527 543 
11 17 48 66 68 84 155 192 244 382 405 424 
5 13 254 361 384 432 
8 100 172 239 470 496 524 526 528 
6 30 51 200 201 223 379 
9 129 131 154 189 384 426 469 478 511 
14 56 77 117 155 164 177 216 241 286 336 341 380 383 439 
8 10 147 303 357 452 462 528 544 
13 40 62 109 170 233 339 345 368 504 509 527 532 535 
6 68 71 109 496 497 539 
8 155 225 282 311 415 496 534 538 
13 59 75 118 316 327 336 344 403 425 448 491 503 515 
12 4 71 82 128 132 135 199 256 287 414 419 468 
12 106 144 148 254 343 362 363 434 458 497 522 527 
6 198 272 275 286 358 524 
12 50 78 98 136 273 279 299 346 445 456 509 541 
17 18 37 39 55 164 166 176 208 209 307 396 407 412 414 434 436 483 
8 33 114 180 188 209 304 353 543 
9 64 84 233 348 353 394 419 478 528 
11 27 120 180 189 225 233 265 339 453 504 549 
16 0 4 8 39 85 123 155 212 280 317 369 399 414 435 478 542 
8 27 68 228 299 351 398 497 522 
9 37 71 129 159 179 269 318 469 502 
11 34 94 95 103 148 272 273 444 452 508 513 
14 34 51 91 147 154 209 222 226 293 333 338 362 454 505 
4 22 136 260 389 
10 9 66 160 174 226 255 330 377 449 547 
6 72 76 140 293 379 479 
14 58 101 105 110 147 159 191 213 239 287 309 433 506 533 
10 24 50 184 204 241 279 285 362 394 459 
9 4 81 174 210 262 281 287 492 530 
5 40 244 257 339 438 
12 10 12 62 113 145 150 203 236 263 310 521 540 
1 123 
11 74 82 103 181 271 274 312 348 394 454 535 
11 100 150 176 224 335 356 415 445 491 507 547 
11 130 263 347 390 394 398 419 447 503 521 538 
13 5 51 75 156 172 265 303 315 337 366 388 413 441 
14 25 46 57 186 187 222 228 306 331 348 422 509 512 532 
8 0 119 262 284 294 345 502 528 
5 2 167 335 428 472 
11 54 85 146 174 238 359 390 396 414 432 498 
10 56 96 162 188 227 283 479 504 510 526 
9 86 112 151 209 297 332 443 488 533 
13 2 62 73 78 123 177 225 234 246 305 416 452 487 
13 9 10 34 68 147 172 211 316 324 357 463 510 540 
7 56 128 137 191 214 225 379 
13 38 106 123 149 198 272 298 316 346 389 462 487 491 
13 21 75 79 151 162 167 188 290 330 367 383 507 542 
8 28 38 70 130 301 315 430 468 
5 50 124 180 236 418 
13 7 28 55 210 217 256 292 298 309 331 334 355 544 
15 22 26 105 125 256 289 371 374 427 434 436 443 473 531 538 
8 30 116 194 302 358 456 471 526 
4 142 380 419 529 
10 60 92 118 166 194 228 354 406 461 548 
11 28 150 171 245 265 328 376 391 394 430 532 
8 5 168 233 398 479 512 525 544 
12 2 44 56 76 186 281 314 339 394 430 449 527 
13 26 66 107 144 160 191 213 219 301 312 336 475 513 
9 218 313 338 409 471 478 498 508 544 
13 19 53 132 173 178 183 187 195 215 281 326 384 524 
11 66 255 257 280 288 298 303 314 450 494 526 
15 14 51 63 92 129 154 160 173 195 205 229 300 343 415 491 
10 40 65 89 95 114 210 306 315 358 474 
14 65 135 153 166 191 232 247 315 373 421 430 457 506 547 
9 25 61 78 185 252 267 333 401 530 
13 20 46 64 151 187 243 249 253 306 308 393 413 482 
10 44 106 315 335 339 481 499 528 534 540 
8 77 159 205 248 337 339 414 455 
6 90 209 258 269 359 389 
9 5 38 121 177 227 304 404 436 503 
6 63 139 200 257 264 440 
8 20 71 114 117 172 307 319 330 
12 34 84 116 244 253 255 345 385 401 422 456 517 
9 63 356 371 397 466 470 482 502 527 
6 37 105 237 289 402 412 
11 4 9 52 76 122 226 292 304 447 469 546 
10 26 135 304 348 393 431 452 486 496 503 
11 86 114 115 282 297 355 443 469 484 530 531 
11 61 90 126 155 159 237 250 260 305 391 468 
10 58 142 210 218 234 243 283 407 477 484 
7 1 96 127 155 195 355 508 
12 22 116 168 203 249 306 314 358 433 466 532 548 
16 8 80 156 178 181 245 291 292 365 385 425 467 475 502 516 541 
6 76 160 173 354 423 521 
10 11 91 111 138 187 188 332 357 518 545 
4 263 358 478 507 
7 22 347 453 461 479 519 543 
10 1 106 132 162 184 187 300 462 523 549 
9 8 36 61 80 290 390 427 458 476 
14 0 5 9 12 151 254 261 278 314 383 400 455 457 477 
7 33 169 187 226 381 453 538 
13 18 71 155 237 431 438 472 489 495 500 506 522 541 
11 70 144 156 205 212 336 351 368 418 471 517 
14 140 172 212 223 236 277 311 321 354 355 364 430 479 486 
11 33 45 119 146 148 248 287 354 442 519 547 
7 211 213 295 319 437 462 476 
15 26 59 73 146 267 312 335 350 362 468 475 536 541 546 547 
6 19 53 282 349 459 469 
13 144 146 186 215 300 313 383 396 398 438 465 483 492 
13 50 57 166 195 265 268 336 338 405 420 435 466 473 
3 20 56 85 
9 26 32 141 159 163 290 351 446 536 
10 63 177 248 259 269 371 445 453 497 541 
10 16 66 73 212 279 280 288 365 394 478 
10 113 154 238 263 354 457 459 485 548 549 
7 20 31 122 275 305 326 484 
11 169 203 212 229 241 271 337 456 473 489 526 
7 39 55 67 323 422 425 512 
11 7 63 100 232 253 281 299 307 333 336 421 
6 59 253 307 329 471 486 
9 9 35 49 94 131 226 278 328 377 
18 98 118 126 153 240 244 280 290 331 335 372 389 413 425 441 515 516 525 
6 104 113 131 216 408 478 
11 10 42 74 205 299 313 341 346 375 504 529 
10 12 93 150 199 204 208 224 260 440 521 
8 40 70 167 172 238 250 292 471 
8 240 256 290 381 387 388 456 534 
13 132 191 226 249 286 311 313 387 391 399 482 506 530 
7 152 193 328 355 373 419 438 
16 39 44 106 147 212 220 239 256 260 298 308 364 446 508 514 539 
5 235 340 346 471 532 
6 33 274 329 346 361 376 
11 156 180 181 335 400 417 453 462 503 504 508 
16 34 66 95 128 138 182 218 267 366 389 414 449 456 502 509 535 
12 8 46 50 182 241 386 397 420 493 502 505 510 
11 116 143 145 204 247 265 347 402 504 514 523 
14 35 178 180 209 323 327 337 351 373 406 443 471 497 528 
18 5 7 32 55 87 92 95 102 131 146 193 209 343 413 426 465 510 545 
15 0 8 63 151 178 184 232 252 257 401 438 460 499 502 529 
11 49 64 130 162 293 366 386 393 416 503 535 
9 148 213 234 311 320 420 423 504 507 
10 24 114 163 224 254 266 295 316 383 522 
7 27 77 204 277 416 435 487 
12 58 104 124 161 170 211 246 293 327 338 401 437 
10 8 69 81 209 214 280 305 499 505 521 
11 60 64 96 136 166 242 245 273 282 389 491 
4 227 240 462 491 
8 3 134 150 280 339 377 452 472 
12 14 22 54 110 115 155 248 272 329 358 464 546 
11 36 78 152 212 258 261 344 376 466 474 531 
12 4 17 62 73 103 117 130 135 178 233 263 289 
12 17 24 61 171 241 301 410 414 463 494 514 549 
10 27 95 99 132 191 242 391 399 471 511 
12 3 18 34 51 102 124 193 311 332 367 467 505 
14 11 25 106 107 108 145 164 258 273 278 372 381 392 439 
11 10 86 104 227 236 286 320 336 349 435 491 
10 73 139 207 317 329 381 420 431 440 486 
9 51 149 316 378 386 391 436 453 535 
14 123 203 243 258 274 303 381 385 396 417 446 506 538 548 
13 6 67 75 119 178 219 332 351 364 375 432 493 508 
16 21 38 104 125 156 188 228 273 286 376 408 444 457 497 537 540 
17 27 38 67 136 170 181 200 210 211 255 312 343 349 371 430 457 519 
15 30 168 213 219 222 226 288 293 354 386 416 434 461 500 536 
9 74 156 197 223 295 319 372 406 421 
8 66 109 145 149 201 388 446 496 
7 77 137 386 412 503 509 527 
9 32 90 100 187 252 260 476 481 532 
12 60 77 106 181 218 239 295 355 358 367 530 539 
10 59 69 110 133 314 388 414 430 470 528 
9 64 111 207 243 252 330 387 499 537 
10 29 34 201 230 243 276 410 423 446 530 
14 99 176 183 217 241 243 246 319 337 393 462 471 476 482 
7 1 11 215 263 324 398 426 
10 5 78 108 207 266 297 375 378 395 466 
12 13 75 139 161 218 246 357 360 385 429 435 438 
12 34 37 88 106 114 247 293 319 322 366 464 507 
6 216 301 333 455 476 518 
13 11 61 125 149 209 312 324 335 404 413 443 474 476 
12 9 66 67 247 258 262 356 363 433 461 484 528 
12 66 71 102 120 170 299 306 353 397 467 484 521 
550 2807
10 3 13 21 195 207 293 414 448 478 490 
11 10 18 63 74 95 111 347 393 464 498 549 
10 74 129 160 250 268 273 297 346 359 531 
14 0 85 174 189 232 243 256 259 292 293 327 392 465 525 
16 51 81 120 261 273 344 364 378 390 412 413 418 421 449 452 478 
15 34 59 82 98 170 173 184 199 264 298 322 352 354 404 494 
16 22 66 76 111 123 183 189 193 238 297 312 322 452 492 506 518 
6 102 176 213 372 374 398 
8 41 240 301 364 404 408 494 499 
10 63 110 119 225 248 254 280 297 393 524 
8 1 76 130 442 470 471 473 533 
6 19 188 226 237 320 438 
16 64 90 156 233 234 239 262 265 331 344 350 358 383 422 470 527 
12 0 14 225 281 367 407 421 448 502 518 527 532 
13 13 56 152 170 200 256 282 291 305 317 453 493 543 
7 196 280 293 419 421 489 530 
11 115 121 172 242 274 342 449 462 477 480 542 
8 19 68 106 111 145 155 221 413 
13 1 74 94 98 110 158 247 351 353 427 435 523 546 
10 11 17 21 23 24 244 321 337 404 497 
14 64 111 116 142 158 178 238 278 339 349 404 435 488 541 
15 0 19 25 78 107 168 228 334 335 371 396 434 449 478 479 
12 6 65 95 112 191 233 265 327 382 440 542 546 
7 19 163 180 372 380 425 485 
7 19 123 143 151 282 365 451 
9 21 56 140 251 256 402 425 448 468 
16 35 60 72 143 145 169 208 227 228 247 388 402 404 427 460 513 
10 96 129 167 248 259 324 438 461 500 527 
14 52 63 88 123 138 144 305 322 354 365 391 400 479 520 
11 171 172 182 194 256 318 408 421 448 473 486 
9 56 176 184 198 223 329 397 400 529 
6 77 225 227 243 339 389 
8 156 304 393 399 406 449 498 536 
7 44 178 212 226 246 271 502 
10 5 157 215 376 395 415 441 448 458 545 
9 26 90 129 169 295 351 372 409 481 
12 46 129 205 256 257 318 323 402 431 486 506 548 
14 43 67 90 118 191 207 208 330 352 397 447 475 511 543 
9 85 120 129 285 314 318 392 394 438 
10 40 53 89 131 136 143 292 296 310 338 
14 39 48 65 176 216 244 259 275 338 340 382 466 477 503 
12 8 66 140 177 252 343 356 379 447 454 455 538 
6 67 176 340 382 494 548 
7 37 62 159 266 308 389 407 
10 33 140 188 298 317 328 364 418 449 546 
6 53 74 101 105 125 392 
8 36 178 220 351 413 456 468 500 
6 85 104 179 285 359 388 
7 40 55 307 339 343 347 487 
8 107 125 196 262 269 305 354 497 
19 62 84 103 117 137 158 216 227 260 281 302 303 369 377 397 400 413 467 484 
5 4 119 141 269 292 
10 28 55 73 79 228 371 376 388 389 430 
13 39 45 105 208 210 243 310 336 442 478 487 504 511 
12 90 91 113 141 231 276 303 310 418 441 480 507 
13 48 52 75 77 81 138 156 179 288 306 331 391 410 
14 14 25 30 111 165 194 218 298 316 343 359 389 400 402 
10 100 156 184 188 203 213 354 480 487 528 
15 71 106 109 161 195 204 236 275 305 345 377 426 469 477 535 
12 5 65 118 139 178 206 209 245 335 367 398 497 
7 26 134 217 409 413 417 473 
10 169 241 305 333 336 348 385 495 538 544 
12 43 50 138 144 169 236 257 293 472 474 488 513 
9 1 9 28 113 288 414 420 462 502 
12 12 20 89 106 113 180 185 187 245 308 314 378 
9 22 40 59 78 79 169 250 268 425 
12 6 41 106 182 221 253 306 309 395 438 458 533 
12 37 42 91 134 163 172 176 230 238 296 323 424 
13 17 187 189 199 249 268 305 343 355 431 446 508 529 
8 95 144 202 258 292 357 382 512 
12 84 114 137 170 184 206 222 231 243 296 481 512 
9 58 77 92 168 182 241 292 322 377 
6 26 142 236 287 338 502 
8 52 117 160 186 471 493 509 539 
12 1 2 18 45 162 177 425 428 434 446 483 534 
9 55 81 206 288 406 449 480 527 547 
10 6 10 95 99 151 215 262 372 493 494 
9 31 55 71 106 145 293 355 410 536 
12 21 65 132 155 301 337 357 362 374 378 457 491 
13 52 65 112 150 169 320 332 336 418 457 462 518 522 
7 110 165 183 251 341 388 415 
12 4 55 75 99 131 228 361 373 379 438 439 533 
11 5 169 181 182 346 392 434 460 467 488 490 
10 119 120 132 209 248 262 327 329 453 546 
10 50 70 140 147 190 248 277 313 334 411 
18 3 38 47 86 90 153 160 202 239 302 303 331 334 340 452 467 490 498 
10 85 178 185 190 328 358 391 473 498 504 
7 127 128 134 200 340 400 426 
8 28 129 155 313 403 446 459 480 
11 39 64 107 157 183 221 255 275 290 416 527 
12 12 35 37 54 85 105 143 240 400 489 521 547 
8 54 67 151 234 254 311 327 503 
3 71 265 440 
7 95 120 150 238 267 455 542 
8 18 152 183 228 305 468 493 531 
14 1 22 69 76 93 171 247 298 345 350 354 395 521 544 
9 27 97 116 157 167 176 187 251 460 
18 96 132 143 152 162 186 202 215 274 287 288 321 373 385 475 477 494 515 
12 5 18 124 220 235 295 397 427 429 479 484 545 
10 76 81 152 227 374 459 467 477 478 501 
9 57 178 259 271 317 412 450 480 513 
6 45 299 386 394 510 547 
11 7 131 171 243 329 330 360 412 425 436 474 
6 50 134 445 446 495 545 
5 47 171 348 459 547 
11 45 53 90 123 151 154 335 343 349 476 545 
12 17 58 64 66 77 134 221 256 321 366 473 525 
6 21 49 89 230 248 357 
4 131 137 379 441 
6 58 169 234 380 453 468 
10 9 18 80 149 223 256 290 332 484 493 
19 1 6 17 20 56 120 156 190 222 272 372 376 379 437 461 463 472 502 522 
7 22 79 208 378 478 492 538 
12 54 63 64 250 270 310 311 321 354 385 521 547 
10 70 142 192 238 293 303 383 406 433 532 
9 16 135 224 244 292 326 376 420 492 
6 20 96 303 373 388 433 
12 50 73 133 195 205 249 316 348 387 430 487 541 
7 37 59 154 232 347 463 499 
11 9 51 83 121 181 275 284 381 454 496 549 
13 4 38 83 93 111 149 179 199 279 282 316 321 369 
8 16 119 157 219 225 350 358 514 
9 130 236 297 299 331 358 516 529 530 
14 6 24 28 105 166 170 172 179 405 426 427 428 535 541 
10 98 191 192 199 245 248 284 347 468 508 
6 45 49 241 262 299 356 
4 161 198 402 414 
7 87 188 265 364 370 458 503 
16 87 170 180 218 224 236 245 327 376 378 379 421 424 441 520 533 
14 2 27 35 36 38 88 155 197 286 304 410 427 513 549 
9 10 122 192 263 286 318 374 470 500 
14 39 81 102 108 177 188 192 256 282 364 489 523 547 548 
10 78 83 97 300 354 402 448 460 473 538 
12 117 170 206 214 314 334 359 372 455 474 505 543 
9 60 67 87 103 106 369 417 418 537 
8 115 175 179 230 322 417 498 549 
6 39 178 187 278 363 447 
9 50 70 108 166 320 430 460 512 546 
8 28 55 62 307 320 349 351 433 
9 59 145 277 306 402 422 456 479 529 
15 25 41 44 84 157 179 231 236 301 316 353 371 484 493 533 
10 51 54 185 189 235 284 297 305 442 515 
10 20 72 114 241 284 289 298 299 340 539 
15 24 26 39 90 97 199 213 273 276 292 306 347 383 410 492 
11 28 62 69 192 226 331 338 364 377 446 528 
14 17 26 77 139 163 184 218 225 283 423 451 454 544 545 
8 217 231 311 331 364 469 508 546 
7 84 227 248 253 348 352 497 
7 205 212 224 263 412 452 526 
10 110 120 190 246 350 382 422 441 503 507 
8 79 93 167 245 329 332 366 542 
10 24 76 91 105 203 225 238 266 381 477 
12 14 94 97 99 177 195 208 263 267 350 427 520 
10 85 168 193 203 274 307 314 315 338 409 
7 105 118 199 313 342 379 526 
10 17 78 88 129 192 211 294 441 545 548 
13 12 32 55 57 111 214 248 327 351 374 453 468 483 
13 34 89 96 121 140 255 257 273 297 437 452 495 547 
13 18 20 50 195 244 260 277 326 405 444 456 485 529 
7 43 178 230 239 275 388 391 
9 2 73 85 164 363 457 470 474 493 
8 58 126 177 255 318 364 397 414 
9 74 97 211 246 264 289 413 444 537 
8 23 67 145 192 216 349 388 460 
5 160 166 204 260 297 
9 56 80 222 239 278 291 405 516 529 
10 123 137 164 222 294 385 398 420 459 523 
14 27 96 150 264 266 305 338 366 367 369 408 449 492 508 
8 21 71 153 210 359 362 457 482 
13 26 35 61 62 65 79 82 109 198 274 378 449 491 
11 5 14 70 123 128 133 180 231 254 321 390 
9 29 95 102 104 174 313 336 482 519 
11 16 29 67 123 207 281 363 384 397 426 518 
8 5 201 202 218 259 275 348 349 
8 3 171 233 284 351 387 445 447 
7 135 216 338 365 490 506 530 
17 7 30 40 42 67 96 183 203 207 216 265 278 299 329 352 498 516 
14 41 74 131 152 161 181 208 229 362 397 403 409 416 536 
15 20 33 46 59 86 100 136 159 191 223 247 270 295 485 503 
15 47 55 120 123 135 140 189 244 249 309 333 397 469 484 499 
12 23 64 128 170 246 284 335 367 452 476 492 496 
9 82 119 177 216 276 350 352 438 493 
11 29 66 71 82 190 208 383 454 495 498 543 
10 6 80 89 94 176 272 297 499 532 535 
12 5 30 57 70 145 261 284 316 383 491 493 505 
6 64 86 141 285 298 375 
9 73 97 225 234 242 256 445 464 491 
12 64 68 96 136 207 275 290 297 329 334 412 471 
10 11 44 57 127 131 215 287 382 439 492 
10 3 6 68 141 179 317 331 453 458 506 
14 84 86 111 149 182 237 238 246 322 325 348 423 432 473 
16 22 37 124 178 200 226 248 272 298 323 401 402 497 510 522 523 
12 114 124 130 131 144 155 163 228 352 372 374 474 
8 6 153 230 292 345 400 509 524 
11 29 56 228 281 338 367 387 410 452 520 524 
9 0 58 117 152 158 350 355 438 475 
11 15 49 209 225 293 321 359 420 444 461 496 
15 129 264 270 338 378 412 423 445 447 457 475 478 502 503 506 
6 30 126 169 467 495 498 
9 5 68 120 124 143 154 249 392 435 
10 14 87 191 279 280 307 310 386 414 447 
17 173 215 247 254 279 295 297 334 355 399 406 419 432 434 437 541 547 
6 69 85 97 173 226 521 
12 57 151 153 176 283 317 322 333 371 431 446 518 
5 58 164 222 349 548 
8 36 117 148 243 245 382 404 451 
11 59 70 75 133 208 284 298 314 415 512 519 
10 0 37 172 176 187 254 295 353 412 475 
12 26 37 53 112 152 177 182 206 338 370 459 510 
11 59 83 196 262 281 286 303 387 397 421 430 
12 53 168 214 241 254 279 299 323 336 526 529 539 
7 155 162 212 277 307 360 504 
11 33 148 211 231 250 258 319 357 451 493 525 
3 7 57 143 
9 133 156 210 302 332 349 362 376 428 
11 34 76 97 188 201 374 389 412 413 459 503 
11 40 50 163 175 176 181 222 263 316 329 471 
7 60 146 232 292 340 354 363 
12 56 128 145 173 279 290 330 349 368 408 438 460 
10 121 226 250 365 388 453 506 513 541 544 
7 46 98 289 351 409 465 481 
8 17 66 89 106 245 315 425 496 
11 70 111 165 166 204 216 275 298 362 427 449 
10 30 110 178 238 314 378 438 470 471 495 
5 115 128 148 275 319 
13 9 13 31 121 145 151 186 196 372 436 471 509 538 
9 11 33 144 191 202 219 326 379 488 
10 26 31 50 99 147 307 405 461 479 486 
10 21 26 52 81 94 192 194 291 413 520 
12 177 264 265 282 373 394 453 476 481 487 492 510 
14 67 107 135 159 193 264 319 320 332 339 403 434 528 531 
20 54 70 140 146 170 212 234 282 290 300 307 357 375 387 427 452 482 516 544 547 
7 3 118 217 264 268 373 437 
10 12 22 174 249 256 336 467 481 488 543 
12 12 91 109 186 231 311 421 430 504 507 527 547 
5 98 141 325 361 458 
10 58 62 72 122 128 140 299 450 462 543 
7 11 190 245 301 346 382 548 
14 6 20 67 93 114 151 190 223 340 353 358 375 437 473 
9 12 85 159 165 261 270 353 378 490 
6 8 90 334 379 526 542 
10 61 71 125 142 210 306 350 357 478 507 
6 16 186 261 283 358 387 
14 3 31 53 70 102 205 245 289 300 333 350 351 489 523 
10 19 40 115 158 179 256 383 386 468 480 
17 59 64 124 128 150 205 221 237 243 285 295 367 372 425 426 438 476 
9 33 149 162 180 190 377 448 496 532 
12 18 26 95 178 201 307 308 383 411 414 444 504 
13 9 27 83 84 107 124 147 156 191 305 311 313 387 
10 68 117 179 199 233 250 291 366 485 540 
16 2 65 113 212 219 249 265 271 301 308 388 408 411 472 503 538 
7 25 80 96 369 404 414 458 
3 41 394 541 
5 66 147 267 318 482 
15 9 91 170 201 207 210 270 276 280 291 337 383 412 485 515 
8 89 157 161 272 275 287 334 516 
17 3 14 25 29 36 106 110 131 186 233 244 269 278 340 434 454 516 
8 36 62 157 333 390 451 463 549 
6 69 212 446 454 501 533 
9 3 27 40 100 173 318 423 509 540 
4 50 158 164 484 
12 4 184 239 242 407 495 501 523 526 531 533 534 
11 12 49 76 83 125 209 266 283 344 374 537 
11 130 148 152 216 275 359 376 407 443 454 487 
12 5 162 167 197 229 230 232 276 317 335 341 536 
15 12 22 92 127 176 229 250 314 355 399 434 497 512 531 536 
14 43 151 167 262 276 279 351 393 450 461 497 498 514 543 
8 93 152 253 285 307 387 414 488 
7 2 65 68 232 285 410 455 
8 49 51 256 283 343 385 482 528 
9 113 178 197 239 254 395 447 497 511 
13 33 100 250 286 314 317 411 419 435 454 458 527 545 
10 111 183 191 255 368 369 421 426 464 498 
7 2 4 143 157 375 441 460 
10 16 97 153 169 286 303 323 415 427 498 
24 40 58 89 119 159 173 187 222 224 255 263 300 317 319 342 358 368 399 417 424 427 430 490 522 
8 54 143 181 254 264 266 376 424 
10 84 139 158 211 280 363 421 427 447 460 
11 20 136 165 176 256 363 382 396 473 477 522 
12 120 200 201 210 218 266 327 333 363 388 395 546 
10 9 15 200 254 277 360 363 365 431 463 
8 13 50 172 194 209 365 377 427 
12 14 24 120 131 229 231 305 333 334 422 461 470 
8 145 203 242 262 269 309 392 413 
16 119 124 141 142 174 180 184 206 294 310 313 334 386 443 464 534 
10 38 47 185 245 267 268 292 319 443 510 
9 129 130 209 271 274 309 314 383 496 
8 72 97 188 255 331 383 407 489 
12 55 63 75 97 301 302 319 323 364 428 437 531 
8 142 162 220 243 428 433 499 542 
10 89 110 187 218 231 354 361 379 459 485 
8 14 165 228 249 254 310 342 522 
12 3 39 51 69 71 115 143 193 217 285 384 401 
16 0 3 15 62 77 114 196 309 342 385 386 427 431 433 505 525 
14 155 166 284 297 303 311 324 361 375 418 459 532 544 546 
7 35 98 178 201 207 245 525 
8 39 67 70 324 427 457 478 507 
15 2 6 9 122 141 157 164 183 187 201 294 421 427 443 520 
14 5 44 56 95 142 185 191 206 222 299 326 363 439 501 
13 101 122 125 142 176 210 236 298 303 319 332 402 453 
7 132 231 243 275 328 354 502 
8 8 78 140 237 250 288 347 407 
10 50 85 214 288 327 357 374 498 527 549 
12 50 54 85 114 116 209 274 294 299 307 490 494 
5 32 129 373 406 455 
17 14 28 49 58 61 68 94 141 167 248 282 463 495 510 514 542 546 
12 55 66 139 143 241 330 355 364 399 416 511 533 
17 48 138 153 200 211 227 231 247 267 303 312 380 436 467 509 520 545 
7 43 64 247 250 335 372 498 
11 66 179 283 286 293 320 353 396 482 491 496 
11 39 53 54 113 200 284 291 311 325 404 457 
14 91 113 146 234 248 294 310 399 405 445 488 514 525 526 
6 6 307 369 428 475 528 
7 84 88 154 171 248 284 437 
11 38 64 133 153 206 223 265 271 286 409 517 
10 153 221 318 326 388 436 476 500 521 529 
10 56 117 120 140 184 216 355 359 522 535 
10 14 44 100 189 203 264 271 275 500 523 
11 29 36 38 130 161 253 259 315 389 461 529 
13 212 224 230 275 285 288 299 343 357 439 452 472 508 
9 11 79 137 138 230 309 323 383 395 
13 19 97 106 113 120 170 196 351 363 400 405 484 492 
9 5 6 28 71 135 190 203 440 514 
9 36 67 191 210 274 288 320 344 369 
5 27 294 296 438 539 
9 190 235 310 327 381 478 491 506 509 
12 115 158 226 298 315 356 422 432 488 526 535 547 
13 3 22 83 91 128 156 279 302 325 411 420 516 521 
7 44 86 300 338 344 379 542 
10 30 83 102 150 176 187 216 378 497 527 
8 37 102 218 306 346 364 368 470 
11 12 55 85 122 144 146 189 287 335 351 462 
9 79 110 150 214 230 299 379 398 431 
10 61 179 203 243 257 279 282 525 537 548 
14 21 84 85 133 187 201 240 255 282 284 335 425 530 547 
10 21 59 105 180 264 308 331 334 381 494 
9 53 61 79 171 210 233 375 461 491 
4 19 78 254 387 
16 39 40 72 144 153 167 175 194 197 208 328 381 435 457 490 542 
11 20 31 48 230 375 390 407 414 426 527 536 
11 40 42 85 87 142 217 238 256 406 502 514 
4 80 264 469 539 
9 16 154 275 291 293 395 507 508 528 
11 41 48 56 68 105 269 319 421 428 447 476 
9 4 12 262 323 328 348 368 385 498 
5 58 95 193 503 510 
7 2 82 237 330 403 482 487 
9 1 48 118 124 143 301 356 377 495 
10 61 104 117 147 173 190 344 401 408 463 
10 20 105 138 163 173 204 214 218 406 520 
15 12 95 121 149 152 181 195 241 243 362 380 451 466 481 508 
15 18 35 46 138 156 174 220 243 266 321 331 447 459 514 519 
10 5 37 147 176 181 192 379 387 473 537 
11 18 140 207 238 239 309 411 492 528 547 549 
17 5 28 49 57 95 113 132 217 290 300 416 424 432 470 533 542 544 
11 68 77 195 201 265 306 316 399 417 428 540 
8 41 125 326 347 398 412 427 449 
11 69 78 107 212 231 241 302 319 367 389 401 
12 12 86 121 122 238 242 275 431 446 484 495 516 
11 2 47 56 133 168 196 263 316 472 530 531 
6 102 211 280 479 489 516 
6 81 235 290 294 492 545 
11 78 168 177 214 222 350 381 390 455 501 527 
14 136 160 172 217 277 278 279 280 298 321 371 383 450 500 
16 4 8 44 127 131 144 146 161 288 306 330 384 388 467 489 517 
11 24 28 175 219 280 281 381 454 475 498 534 
7 106 150 167 249 376 478 491 
10 13 59 167 180 194 245 357 387 440 547 
8 218 272 275 330 344 379 440 509 
12 50 120 134 167 251 272 312 323 474 502 535 539 
8 127 208 376 419 436 450 463 486 
6 21 52 140 203 363 496 
14 7 23 35 76 111 133 192 225 245 308 393 394 475 512 
8 81 97 116 229 232 304 418 531 
12 7 78 99 130 156 192 215 262 302 391 508 518 
7 185 231 238 273 294 336 339 
12 34 52 111 115 128 214 263 276 366 370 400 532 
11 50 58 71 144 246 281 347 387 424 496 534 
14 4 64 78 112 128 169 197 223 239 329 379 396 397 542 
15 41 81 108 111 128 154 226 240 290 328 332 352 368 378 539 
6 23 109 307 350 453 470 
15 119 151 325 335 338 362 365 384 443 462 473 488 518 526 532 
13 22 40 42 69 149 188 205 237 278 396 437 511 527 
20 12 114 143 182 184 244 247 254 286 287 320 363 401 430 440 445 473 476 493 535 
6 172 292 364 381 387 415 
11 61 97 113 166 269 293 344 448 457 509 544 
8 101 200 244 284 293 431 481 518 
14 117 174 194 209 231 242 248 267 337 352 367 377 384 505 
15 26 47 52 80 116 159 163 219 250 279 315 364 438 527 532 
8 31 43 52 56 215 318 357 444 
8 4 170 257 339 362 457 493 539 
7 28 55 86 159 374 417 475 
8 3 38 45 82 199 283 430 546 
8 1 9 32 266 372 466 533 541 
6 38 101 229 252 372 451 
8 34 66 95 270 279 320 342 532 
8 21 278 309 378 382 486 493 501 
12 30 37 50 98 161 172 177 179 209 378 433 458 
9 7 59 166 332 356 466 495 533 539 
8 32 201 265 275 306 311 355 457 
12 28 30 50 56 87 90 193 321 376 441 447 488 
8 191 292 348 357 383 414 451 461 
11 25 26 36 56 126 132 139 191 299 415 518 
4 88 177 230 346 
13 5 8 19 20 26 205 251 310 415 456 492 496 545 
6 123 158 165 227 311 321 
8 32 75 114 201 304 340 349 452 
10 13 43 261 263 287 301 339 462 467 540 
12 8 29 167 218 250 348 439 454 482 485 494 534 
10 35 60 153 177 220 314 465 482 486 494 
10 55 77 129 143 194 268 444 523 530 544 
12 84 247 250 271 327 353 447 477 479 534 535 545 
10 4 100 102 148 187 197 207 215 254 356 
12 4 17 46 50 60 162 215 228 283 423 461 515 
11 0 63 126 161 200 247 251 267 339 401 458 
7 34 80 206 274 384 402 404 
8 89 177 306 354 418 424 450 546 
8 60 134 135 275 355 391 443 480 
11 4 44 54 79 134 294 373 416 430 459 516 
11 15 201 271 370 429 441 461 463 491 494 514 
10 63 115 166 196 327 464 471 486 529 543 
13 4 13 15 29 128 209 234 272 277 297 343 428 519 
7 12 139 149 282 326 531 532 
6 145 190 197 259 413 477 
9 67 128 275 276 354 377 416 494 503 
10 23 25 65 74 102 221 245 334 435 518 
8 58 87 123 172 245 272 339 477 
19 18 26 98 123 129 152 222 231 274 275 277 281 293 296 297 356 442 446 537 
11 74 123 214 288 289 312 343 355 421 450 509 
5 98 419 435 469 509 
10 52 117 137 209 234 275 383 392 418 465 
11 36 68 203 280 293 332 358 386 454 503 527 
5 190 201 326 354 453 
7 114 116 138 289 293 397 501 
9 21 74 82 201 230 256 265 455 488 
8 18 20 199 271 338 425 429 502 
8 102 225 307 315 370 483 488 518 
11 111 157 201 232 238 288 313 382 461 489 527 
14 11 27 38 66 81 181 195 218 223 245 324 388 498 546 
5 81 188 298 319 408 
10 22 92 322 367 368 383 491 504 517 547 
11 34 54 108 128 149 155 273 400 419 464 498 
5 10 53 141 427 517 
10 263 284 285 297 381 417 490 524 532 541 
7 158 162 196 247 389 410 481 
7 103 174 186 197 311 383 457 
14 68 74 88 103 144 203 258 358 427 451 511 528 530 537 
13 37 41 136 174 197 200 270 277 343 351 400 411 507 
9 0 13 25 29 34 132 246 385 549 
13 4 16 21 32 44 75 167 169 222 356 493 494 495 
7 100 236 266 363 370 416 428 
9 24 145 205 212 257 350 394 401 446 
12 4 6 85 148 157 180 194 231 319 406 483 498 
13 14 83 109 156 189 219 229 299 380 432 477 486 536 
12 41 119 145 182 256 258 263 271 365 408 431 507 
7 41 93 133 268 304 362 434 
5 46 139 158 404 496 
17 78 79 160 168 197 296 310 338 385 390 399 445 473 485 513 516 534 
12 34 66 127 189 235 251 271 397 414 459 482 503 
12 88 99 104 166 208 215 290 294 351 418 458 498 
11 26 82 96 132 137 163 218 273 277 515 541 
16 27 111 196 227 266 282 318 336 401 413 419 437 465 501 508 539 
11 16 63 79 236 331 381 407 466 488 513 535 
10 111 118 257 280 305 348 370 419 532 541 
7 1 186 272 284 420 441 487 
7 3 220 409 430 461 508 509 
10 40 350 393 398 462 469 480 481 495 510 
10 50 82 85 99 198 233 307 364 407 498 
8 25 46 94 109 124 156 244 493 
10 58 146 179 341 429 466 473 483 533 548 
11 10 12 130 160 223 282 330 354 380 512 548 
8 10 73 187 216 223 225 420 541 
5 62 111 250 319 359 
17 10 29 60 86 106 132 190 238 278 352 381 383 457 469 487 495 524 
7 62 102 133 160 192 369 505 
10 37 97 195 197 207 312 365 372 391 481 
7 105 180 229 245 315 343 383 
12 16 40 58 97 99 151 278 411 423 426 453 497 
12 0 4 21 53 99 112 197 241 296 325 366 547 
7 21 28 98 139 227 360 411 
12 16 54 57 75 88 100 244 417 466 488 540 543 
10 35 70 220 229 233 350 386 444 466 475 
12 168 171 231 253 269 309 346 408 409 458 488 525 
7 74 156 436 452 469 496 502 
9 50 98 110 140 179 260 321 358 487 
8 23 158 178 249 254 290 408 457 
10 29 36 227 370 396 409 420 453 536 544 
12 48 53 57 117 229 263 346 464 473 484 516 522 
16 20 62 82 226 233 267 311 326 381 400 434 436 462 480 482 538 
10 15 90 131 243 287 360 364 437 519 529 
13 0 82 85 175 239 275 303 338 443 499 515 540 542 
11 78 169 184 186 309 325 336 366 419 440 529 
13 6 112 115 143 167 180 188 229 321 353 361 404 523 
15 14 73 76 94 110 140 160 181 184 212 383 390 396 449 468 
15 5 8 42 76 97 303 335 408 409 419 424 449 497 505 532 
15 61 103 157 182 198 223 261 305 347 358 398 449 466 473 528 
13 119 180 196 221 246 286 309 371 377 404 456 483 509 
11 19 49 59 147 191 265 266 270 329 477 494 
22 1 32 85 86 135 176 182 198 266 272 274 302 308 344 365 438 441 452 459 467 526 529 
6 8 118 179 183 289 490 
8 27 46 130 315 317 363 518 539 
10 99 258 261 298 362 396 433 461 537 541 
12 13 33 63 72 111 197 300 340 369 435 483 534 
14 40 91 127 149 178 197 215 250 345 424 431 458 536 547 
7 53 86 211 234 247 440 538 
6 133 184 293 387 474 494 
7 6 36 175 189 197 219 325 
8 54 149 234 241 296 342 447 454 
11 68 124 146 167 319 342 350 374 461 465 525 
13 73 193 225 259 307 325 368 385 428 429 465 496 531 
8 101 191 208 229 285 305 345 466 
8 37 53 270 306 382 446 527 543 
7 69 70 137 206 265 372 470 
7 26 62 100 129 219 457 462 
8 121 266 305 311 322 340 351 419 
6 97 141 254 413 460 490 
13 122 165 176 231 255 256 327 358 360 418 457 487 531 
4 314 364 440 442 
14 6 13 79 172 203 374 381 386 402 425 436 500 529 537 
5 171 206 351 421 489 
9 28 128 152 194 228 297 307 349 545 
6 90 95 113 202 315 327 
8 79 111 191 275 278 291 316 487 
10 18 131 166 191 243 261 317 410 492 533 
5 9 193 194 443 473 
9 3 106 212 293 295 311 333 482 508 
9 148 154 210 240 261 311 326 381 498 
16 12 13 27 75 89 234 271 302 329 339 362 382 388 431 437 511 
10 57 144 230 269 312 342 353 446 495 530 
14 30 68 122 139 158 165 210 315 318 420 489 491 498 518 
9 15 122 175 334 359 410 446 528 540 
11 2 94 230 261 265 288 359 373 422 509 516 
13 13 114 183 246 294 376 381 388 395 422 443 463 494 
13 10 66 81 128 140 258 261 306 354 393 398 469 523 
9 74 261 284 365 377 408 411 457 502 
9 58 123 183 316 326 369 383 411 462 
10 32 77 177 264 265 339 453 486 503 545 
10 134 162 262 333 352 427 446 501 518 544 
10 41 61 112 132 225 250 488 504 540 548 
12 73 142 210 324 341 369 379 390 398 461 500 542 
8 249 259 355 407 480 490 530 538 
12 20 117 123 201 219 252 393 443 460 463 471 501 
13 16 22 93 150 240 289 305 328 338 354 378 490 539 
10 14 37 133 182 233 236 266 420 480 511 
11 61 95 145 219 231 294 354 385 410 486 537 
13 34 98 103 105 145 155 271 307 361 404 411 520 536 
12 18 22 44 83 137 146 279 294 305 392 416 438 
17 75 90 101 104 113 131 157 201 231 234 326 334 353 367 440 478 503 
10 36 42 131 155 204 237 333 469 470 538 
8 1 119 129 135 257 302 353 448 
