540 2687
13 17 59 85 113 158 188 263 317 356 398 417 469 508 
11 26 104 105 144 226 227 246 355 377 470 477 
12 15 117 150 221 266 280 304 320 355 438 442 456 
4 220 237 328 370 
11 12 18 117 182 274 336 381 430 438 448 495 
10 26 140 184 237 422 460 465 485 499 519 
4 24 60 78 227 
10 57 127 133 151 194 280 356 408 417 499 
11 27 46 105 134 185 191 196 208 250 410 478 
10 12 18 54 58 64 125 172 440 494 513 
14 16 30 51 109 122 156 230 241 332 377 427 485 510 523 
10 65 97 150 244 274 283 337 342 374 406 
18 4 9 47 107 125 130 161 171 180 263 272 277 321 327 340 397 424 530 
14 63 88 145 200 208 256 282 283 295 299 353 413 488 510 
4 149 185 410 514 
9 2 57 134 167 269 286 297 300 384 
8 10 232 252 280 328 396 427 495 
5 0 121 234 387 427 
12 4 9 28 169 170 204 316 343 415 459 500 526 
10 54 131 183 218 251 266 325 402 432 495 
12 49 110 148 227 245 325 363 368 387 432 483 533 
8 38 127 133 162 167 337 359 452 
12 49 116 119 223 254 267 333 389 405 411 421 519 
10 49 59 69 107 134 165 170 222 485 526 
7 6 278 359 371 461 485 524 
10 58 79 133 237 247 295 338 348 454 482 
9 1 5 153 181 261 452 454 470 502 
10 8 107 178 185 204 224 229 413 460 522 
15 18 71 108 156 158 167 271 281 290 322 340 360 421 484 516 
7 197 199 204 343 462 528 539 
13 10 39 42 150 321 362 380 405 414 418 457 476 539 
10 42 101 124 174 223 324 415 421 437 525 
5 48 90 118 121 288 
9 54 77 178 295 321 350 382 505 515 
11 68 125 166 220 295 299 326 379 428 473 521 
12 127 237 238 259 288 339 359 376 381 423 455 496 
5 148 192 337 353 469 
8 98 125 148 326 377 429 487 512 
11 21 160 175 246 263 269 323 414 433 450 456 
10 30 165 234 305 307 329 410 411 477 490 
16 67 73 82 117 225 285 289 378 390 447 459 502 509 513 514 523 
11 101 131 158 165 226 288 311 344 397 456 538 
8 30 31 95 140 182 376 495 538 
4 211 263 297 417 
5 56 57 129 202 488 
8 88 132 183 382 392 445 532 539 
6 8 128 187 257 290 431 
10 12 72 83 146 202 206 331 384 413 472 
6 32 135 147 181 354 532 
10 20 22 23 116 121 130 144 205 348 369 
11 68 87 115 147 153 224 254 322 349 491 510 
13 10 89 140 202 218 231 300 335 405 419 440 491 516 
14 97 108 119 211 230 263 268 275 334 385 405 425 438 464 
8 60 64 165 308 325 377 410 489 
11 9 19 33 192 237 259 280 317 327 484 522 
6 119 164 225 301 417 475 
12 44 91 126 162 164 241 259 311 327 417 461 496 
15 7 15 44 72 92 151 193 212 266 449 452 462 498 502 514 
9 9 25 77 149 173 236 324 417 505 
9 0 23 88 164 296 363 400 440 506 
11 6 53 80 134 187 229 283 301 331 382 500 
7 109 122 171 190 353 428 483 
13 78 160 182 302 311 316 317 320 338 367 404 411 482 
13 13 101 115 125 178 204 234 316 359 451 478 504 530 
15 9 53 79 91 189 225 229 259 261 284 285 391 404 416 470 
15 11 122 131 134 163 169 189 235 273 367 390 440 457 476 492 
8 89 138 202 208 232 267 354 456 
7 40 147 148 171 392 448 530 
19 34 50 74 96 121 154 157 200 220 251 265 266 367 410 426 459 473 500 523 
10 23 216 258 260 277 360 399 408 423 472 
6 120 128 140 164 327 457 
8 28 267 291 313 317 405 470 471 
7 47 57 192 237 260 454 472 
11 40 136 164 167 177 228 248 326 327 375 455 
8 68 194 342 344 481 504 515 520 
8 97 120 131 223 277 284 321 327 
10 83 98 181 209 225 306 346 396 493 539 
12 33 58 94 137 171 214 240 251 354 369 446 474 
10 6 62 131 167 242 273 292 300 406 414 
15 25 64 137 221 233 296 361 384 386 426 434 442 451 484 493 
11 60 116 124 199 254 283 305 380 404 453 515 
6 143 184 245 299 517 525 
9 40 95 108 124 142 215 347 353 436 
12 47 76 119 141 164 210 261 305 411 458 490 511 
6 96 197 299 321 459 526 
6 0 178 215 257 260 297 
5 243 277 312 329 385 
12 50 119 156 167 268 272 273 343 364 425 506 524 
10 13 45 59 107 210 233 235 378 414 482 
10 51 66 110 179 183 250 285 300 476 529 
5 32 130 242 302 526 
11 56 64 106 128 134 137 171 227 240 351 435 
7 57 176 221 226 335 453 463 
9 95 143 155 225 350 353 419 481 523 
8 77 251 313 341 344 462 470 536 
14 42 82 93 201 204 227 252 292 308 320 334 350 402 535 
10 68 84 204 249 266 274 322 376 437 454 
13 11 52 75 101 279 286 313 360 383 431 440 466 507 
11 37 76 127 131 146 255 312 357 433 497 537 
5 152 227 317 382 395 
6 201 234 317 364 413 494 
11 31 41 63 97 154 213 278 282 304 373 406 
8 198 217 292 395 396 468 506 538 
7 177 225 263 430 454 484 497 
5 1 108 370 389 500 
8 1 8 222 238 264 365 434 467 
10 91 129 140 248 280 332 371 447 461 498 
14 12 23 27 88 233 254 266 271 327 352 406 482 524 526 
10 28 52 82 104 160 184 208 315 329 453 
12 10 61 158 192 213 234 266 291 304 312 387 395 
6 20 89 217 304 448 510 
7 317 336 433 453 463 519 531 
8 126 138 143 176 192 193 340 513 
10 0 159 225 337 357 398 479 492 499 507 
7 296 371 418 446 474 476 484 
9 50 63 127 171 266 395 447 492 535 
10 22 49 80 142 268 342 350 436 480 529 
12 2 4 40 266 313 322 328 370 382 416 437 498 
7 32 212 341 402 442 459 465 
11 22 52 55 83 87 198 328 349 358 402 532 
11 70 75 131 136 168 278 279 286 294 361 430 
13 17 32 49 68 190 224 248 250 312 356 414 488 498 
10 10 61 65 128 157 312 353 410 465 526 
6 139 263 267 305 346 498 
6 31 80 82 332 411 518 
7 9 12 34 37 63 430 460 
11 56 112 197 222 270 295 386 399 410 413 516 
12 7 21 35 98 115 186 213 319 358 429 514 524 
10 46 70 91 122 149 241 250 321 385 444 
10 44 106 134 151 199 243 262 366 485 518 
12 12 49 90 183 189 191 286 322 336 361 409 500 
15 19 41 65 75 78 98 120 240 265 267 273 341 350 443 477 
13 45 149 206 238 294 300 372 393 410 413 449 466 507 
9 7 21 25 236 310 362 431 493 506 
14 8 15 23 60 65 91 129 183 194 349 379 408 451 475 
10 48 178 180 195 310 317 323 381 420 495 
12 73 120 141 169 199 224 366 410 446 451 457 472 
9 77 79 91 254 332 388 395 415 467 
6 66 112 247 289 346 534 
10 123 187 200 264 313 327 401 465 523 532 
15 5 42 51 70 106 151 161 273 289 380 385 438 439 493 494 
4 83 136 196 307 
11 82 116 162 164 250 289 396 411 420 501 506 
8 81 93 112 250 326 344 362 491 
5 1 49 219 287 447 
7 13 162 180 309 410 518 526 
10 47 98 203 218 274 301 455 498 527 539 
8 48 50 67 175 178 230 361 423 
11 20 36 37 67 176 234 261 307 342 348 520 
14 14 58 128 132 181 198 213 236 260 294 389 408 418 435 
9 2 11 30 317 372 374 376 405 526 
12 7 57 129 140 297 314 318 335 411 467 505 526 
8 99 192 199 277 317 327 400 436 
12 26 50 193 233 280 282 365 467 474 487 521 530 
14 68 101 192 195 208 263 282 364 367 388 448 471 511 536 
6 93 389 394 413 437 476 
8 10 28 87 168 202 480 501 534 
10 68 122 201 268 272 304 317 368 439 487 
13 0 28 41 109 225 273 301 304 318 393 412 451 494 
17 113 223 249 260 311 332 356 362 379 385 403 408 412 422 482 484 495 
10 38 62 108 163 251 257 368 453 500 510 
10 12 140 162 177 190 193 263 271 275 321 
11 21 56 142 145 161 348 367 385 392 397 399 
10 65 160 245 331 368 421 480 486 527 538 
14 55 56 59 70 73 83 142 186 258 262 403 498 531 535 
10 23 39 41 53 183 300 360 381 382 478 
8 34 248 279 330 395 452 454 477 
14 15 21 28 73 78 87 170 176 217 259 374 380 388 485 
7 120 156 246 276 348 359 534 
11 18 65 136 174 304 353 357 437 450 487 535 
5 18 23 167 393 419 
16 12 61 67 77 91 115 204 243 253 289 325 362 384 404 427 433 
8 9 175 192 243 251 320 412 442 
7 58 197 275 301 372 399 488 
10 31 169 325 341 446 471 479 510 525 531 
8 38 147 172 256 371 383 401 419 
8 92 112 148 167 319 406 471 477 
12 73 103 161 183 225 281 315 323 351 373 395 480 
11 27 33 63 85 135 147 279 354 356 378 527 
10 89 206 232 261 334 338 349 513 520 529 
6 12 135 145 191 254 496 
11 26 48 76 149 223 242 246 354 373 501 514 
10 4 42 62 221 265 359 397 424 457 534 
18 19 45 89 130 134 165 177 219 270 318 322 356 429 452 496 498 510 519 
8 5 81 108 213 298 327 378 405 
12 8 14 27 210 219 236 326 415 417 448 522 526 
11 127 164 261 276 320 329 349 386 447 497 537 
8 46 60 139 214 220 345 364 390 
9 0 202 203 264 302 368 378 429 504 
7 64 65 130 256 347 364 487 
10 61 121 161 198 239 288 289 417 457 539 
13 8 130 180 322 330 347 358 361 364 402 430 433 526 
16 36 54 72 109 112 152 154 172 199 241 324 333 385 461 479 491 
15 57 112 153 161 195 218 224 243 246 249 315 339 476 511 535 
12 7 74 134 215 221 259 325 391 500 511 516 538 
6 135 154 193 208 393 463 
4 8 141 391 530 
13 29 84 126 173 205 249 267 280 286 340 365 406 474 
8 102 119 149 190 224 238 473 479 
10 29 80 129 136 152 192 373 382 398 504 
12 13 68 139 203 211 240 269 322 324 446 484 531 
12 95 100 157 202 215 232 279 346 348 367 386 526 
12 44 47 51 66 156 188 201 204 216 225 263 527 
8 146 188 200 227 246 256 472 504 
11 18 27 29 63 95 96 171 202 347 380 532 
5 49 197 222 361 465 
7 47 132 179 224 369 437 518 
7 216 303 352 360 376 385 537 
7 8 13 66 108 154 195 212 
5 76 309 445 496 521 
7 83 88 185 234 358 385 458 
10 43 52 200 217 228 235 441 508 514 539 
9 57 118 208 233 339 383 400 417 426 
6 101 109 127 149 184 465 
8 77 187 300 313 317 410 428 509 
9 82 85 194 201 285 353 525 526 533 
12 69 202 207 229 256 314 315 322 355 366 420 449 
11 102 110 167 211 233 254 267 284 356 423 535 
12 19 51 146 193 265 317 355 373 452 453 464 524 
12 144 183 185 257 331 332 342 345 358 378 423 533 
10 3 34 68 187 282 313 351 386 408 428 
12 2 79 92 182 194 222 230 246 317 407 458 468 
10 23 105 126 205 221 240 349 388 452 485 
11 22 31 75 159 181 296 311 419 473 494 508 
13 27 50 121 136 193 198 206 281 319 373 377 485 506 
18 40 55 64 76 93 103 113 158 177 202 235 317 399 420 464 498 505 511 
9 1 41 92 294 315 415 507 510 538 
14 1 6 20 91 95 99 203 229 246 255 262 266 340 494 
2 73 211 
11 27 60 64 216 227 283 338 351 357 431 445 
10 10 52 147 221 252 360 365 391 428 519 
4 51 271 439 476 
12 16 66 179 201 250 267 444 458 468 477 502 504 
12 79 88 107 153 212 217 368 383 466 475 499 501 
14 17 39 63 100 109 148 210 247 262 282 289 324 441 534 
11 65 88 211 225 259 326 335 423 469 496 530 
10 58 133 149 185 244 261 358 379 387 498 
10 3 5 25 35 54 72 287 332 438 514 
8 35 105 132 198 404 456 461 466 
1 190 
11 77 91 131 200 222 260 271 343 388 408 492 
10 10 56 128 192 245 304 314 315 353 438 
7 78 90 181 259 358 395 446 
8 86 129 171 172 193 283 323 454 
6 11 236 382 400 445 497 
10 20 81 163 241 279 281 311 444 448 461 
15 1 38 168 181 193 203 221 227 285 315 320 363 427 492 503 
8 25 138 234 285 327 407 432 525 
7 73 106 121 166 272 363 535 
11 96 159 193 197 250 270 321 375 408 446 469 
13 8 89 121 128 142 143 232 249 259 277 294 314 369 
12 19 68 77 94 160 172 307 314 360 376 415 462 
15 16 95 230 256 270 339 350 351 352 397 405 413 430 495 525 
5 171 282 321 393 495 
15 22 50 80 107 137 180 217 283 311 364 404 423 430 441 470 
9 98 227 290 381 409 412 433 441 493 
12 13 175 189 203 216 252 330 392 432 435 436 503 
13 46 85 160 219 259 269 282 353 380 388 424 460 526 
6 69 164 290 370 386 422 
13 35 54 56 64 167 194 235 242 250 257 261 402 439 
12 69 72 85 149 159 240 289 298 326 329 331 532 
15 26 64 83 148 179 186 236 259 313 315 426 490 518 521 539 
9 129 164 227 234 370 446 453 489 490 
17 0 12 38 43 52 103 123 154 161 202 295 348 371 400 411 489 531 
10 105 139 188 295 300 343 345 443 479 491 
13 68 131 182 218 296 362 386 396 404 415 448 487 488 
18 2 19 57 68 96 107 109 115 117 227 281 284 357 433 438 486 517 527 
11 22 66 71 123 131 197 217 232 313 377 531 
9 52 87 116 157 273 344 349 353 373 
12 15 38 200 257 327 404 417 430 443 489 508 537 
13 126 183 249 252 323 359 364 401 425 493 508 521 524 
8 28 107 161 231 240 354 404 485 
13 12 87 157 248 279 313 322 453 501 524 533 535 537 
13 65 78 87 131 140 158 268 335 339 390 409 445 467 
7 4 11 96 146 395 510 536 
9 52 161 173 362 380 399 444 470 530 
6 168 186 357 496 528 538 
11 12 69 75 86 152 250 295 357 449 481 508 
6 24 101 120 349 351 504 
11 97 120 166 178 201 245 272 415 445 493 527 
9 2 7 16 54 106 153 197 356 395 
7 28 177 224 245 266 362 497 
14 13 101 153 154 220 234 253 257 314 426 483 497 506 530 
13 11 13 60 80 229 243 254 367 454 458 488 518 526 
8 64 75 217 266 385 394 400 450 
12 40 64 89 215 246 247 303 392 419 457 502 514 
10 15 97 120 130 197 304 397 470 494 507 
6 144 237 414 473 487 495 
8 32 35 41 190 325 427 466 516 
13 40 138 140 142 171 190 234 260 315 342 444 465 499 
8 28 46 255 258 365 389 403 479 
10 71 109 373 374 415 457 500 508 531 534 
10 78 95 102 333 343 413 446 474 477 526 
5 401 418 447 516 536 
9 120 132 149 226 250 329 408 500 539 
14 13 25 33 34 126 263 264 277 391 413 414 457 467 518 
7 59 79 114 223 265 408 529 
8 15 43 85 151 433 506 527 535 
6 184 260 399 427 432 459 
10 13 34 81 84 314 330 332 379 398 504 
11 15 51 78 89 132 165 214 264 386 429 478 
10 55 60 146 158 173 322 323 398 422 488 
8 62 90 188 416 458 471 481 486 
6 207 285 307 323 347 474 
13 2 101 109 110 157 158 169 241 286 463 489 496 529 
8 39 80 83 123 358 430 458 461 
9 76 332 336 347 355 368 411 423 495 
6 39 141 148 251 303 417 
7 53 95 344 380 402 406 419 
2 145 209 
6 133 135 336 372 458 505 
12 41 56 62 159 223 245 254 363 367 378 437 488 
11 86 98 109 121 122 339 354 360 449 454 510 
15 71 94 97 117 139 214 220 261 267 272 336 343 425 451 462 
11 151 216 241 250 251 282 299 349 434 444 528 
12 108 177 193 216 226 241 246 261 289 329 366 461 
6 18 62 63 438 468 493 
21 0 54 62 71 99 100 111 135 150 152 157 214 218 221 225 359 381 471 525 531 532 
6 151 158 183 421 469 521 
7 127 176 224 337 364 393 538 
13 2 62 95 172 186 246 345 348 364 452 497 522 539 
14 12 30 33 75 84 128 161 249 253 378 415 416 498 534 
13 28 50 96 117 130 183 191 200 216 272 301 396 450 
10 38 135 177 243 270 301 303 381 404 539 
7 31 58 192 200 234 349 409 
11 19 20 53 171 174 194 288 411 496 520 533 
11 34 37 73 143 185 235 260 333 459 484 523 
16 12 54 56 70 73 75 107 139 152 184 247 269 366 382 414 509 
9 3 16 117 119 338 353 357 531 535 
11 39 86 108 186 260 294 315 346 354 423 534 
11 166 191 256 299 337 352 353 356 467 514 532 
12 47 60 163 219 260 358 360 446 462 488 512 514 
12 10 106 124 137 159 219 237 299 306 358 486 534 
5 22 192 292 326 385 
7 52 95 179 368 376 461 485 
10 51 92 151 235 273 339 347 351 389 396 
11 4 111 130 306 310 313 342 357 436 438 533 
7 11 21 36 113 319 330 422 
6 25 62 179 229 328 429 
11 35 193 212 252 273 312 335 387 397 416 505 
9 12 28 112 197 227 359 478 483 493 
4 94 118 131 174 
9 11 74 116 148 219 289 336 427 473 
10 18 29 87 240 264 292 313 403 520 527 
9 41 74 94 143 268 308 474 530 538 
5 187 219 264 320 428 
11 76 123 138 201 329 362 374 391 399 496 518 
11 82 189 191 204 303 306 335 351 439 484 534 
11 25 49 148 162 168 201 263 320 356 418 520 
15 50 119 134 179 186 222 268 278 314 324 375 418 477 483 510 
11 33 93 95 116 131 252 358 383 425 469 527 
9 91 177 220 229 252 278 335 347 437 
10 107 207 252 330 448 453 481 511 526 537 
18 13 36 61 82 93 122 169 215 241 257 268 328 330 396 446 451 499 534 
15 48 66 77 178 181 271 312 329 356 365 402 448 456 504 536 
9 1 2 216 218 306 391 411 446 518 
15 0 7 121 159 178 183 217 280 330 348 354 371 412 446 529 
17 98 113 169 229 266 276 277 328 336 358 370 397 407 408 478 519 534 
13 119 127 191 210 219 236 242 305 331 332 350 357 489 
11 21 24 35 63 168 182 270 317 340 401 510 
9 28 69 97 165 207 230 251 312 331 
9 79 120 130 147 191 205 430 464 514 
12 30 133 143 159 171 265 275 281 346 403 427 490 
7 20 59 246 248 311 444 515 
13 87 100 154 187 189 191 254 270 319 320 371 406 533 
12 105 153 197 230 290 354 376 408 476 483 484 535 
10 129 136 216 315 327 384 385 426 478 517 
16 62 65 68 154 162 201 283 311 396 400 405 417 437 453 457 497 
8 20 157 160 163 188 233 306 334 
9 49 77 206 250 377 425 431 452 463 
8 3 104 117 258 262 357 406 527 
12 24 106 114 175 263 356 364 432 441 466 489 518 
4 132 150 173 310 
10 101 177 181 199 218 224 268 291 415 416 
12 11 150 167 291 346 404 428 483 513 523 524 534 
6 73 249 349 418 509 537 
14 35 42 96 150 207 251 334 365 377 390 415 454 470 523 
11 1 10 37 53 224 267 369 376 401 496 525 
11 40 88 178 184 188 219 311 321 402 443 523 
11 34 134 159 236 299 402 441 452 471 475 528 
11 30 80 140 167 204 257 275 308 388 460 489 
8 4 35 135 165 255 317 323 442 
11 33 45 60 99 117 165 199 244 327 459 483 
8 97 175 212 233 350 448 525 536 
8 15 47 79 171 366 386 455 530 
13 52 86 128 140 159 162 192 207 210 284 333 366 402 
11 79 126 186 201 220 258 265 300 384 406 516 
8 17 20 109 236 339 390 420 537 
9 137 154 167 222 240 257 380 407 522 
9 22 104 149 155 290 335 460 466 502 
9 40 65 187 273 376 387 416 513 527 
9 64 194 196 230 295 346 355 409 495 
6 45 67 162 256 285 454 
6 132 158 170 195 253 319 
2 155 284 
15 99 102 109 115 137 166 177 242 274 280 408 431 460 509 533 
11 16 76 102 142 265 322 335 353 367 503 536 
10 12 41 162 182 252 286 339 357 403 489 
8 0 113 199 299 301 403 411 510 
8 69 126 162 173 225 275 298 346 
10 59 152 212 244 263 284 367 468 504 518 
10 139 175 270 293 359 377 444 490 511 529 
14 19 95 118 119 191 259 308 354 378 379 385 403 449 535 
10 159 164 290 343 362 397 398 402 426 528 
16 62 64 80 171 238 254 265 269 271 323 374 472 488 497 520 539 
10 22 30 51 52 71 150 184 252 367 534 
11 11 78 101 107 176 197 308 364 370 386 449 
5 221 247 357 388 523 
17 7 69 134 149 159 220 240 249 294 296 357 365 395 418 446 448 450 
6 130 255 273 324 391 509 
15 8 14 39 53 68 122 126 132 136 145 214 422 465 474 507 
13 22 39 62 83 124 142 151 263 306 325 355 398 472 
7 158 159 172 255 356 522 532 
12 13 27 47 100 126 132 155 252 292 295 472 488 
13 30 38 78 88 121 287 295 327 486 491 509 514 517 
14 18 31 137 185 226 251 265 279 291 321 373 376 516 517 
9 64 117 302 321 339 373 390 436 473 
17 0 7 43 55 56 58 185 190 212 269 307 367 432 470 474 499 521 
12 30 114 149 293 348 349 375 408 423 466 478 490 
10 51 93 170 175 223 285 308 428 433 482 
7 135 142 216 225 387 487 511 
8 22 28 31 163 318 432 457 462 
7 5 159 258 301 337 410 499 
13 35 69 147 217 219 235 254 306 329 418 460 471 524 
11 12 182 257 441 451 462 467 469 489 491 538 
6 52 87 270 313 350 369 
8 68 79 212 261 282 366 403 525 
11 10 16 17 171 246 288 298 342 362 442 501 
10 34 61 214 220 230 345 374 419 440 517 
10 37 127 183 188 300 338 458 503 504 519 
13 4 103 120 125 191 252 254 269 305 361 431 474 538 
8 46 97 133 229 369 395 430 535 
9 19 20 247 256 298 371 417 421 453 
11 38 98 111 171 191 255 266 297 419 443 476 
7 79 105 314 461 469 525 530 
5 91 149 256 487 514 
7 82 116 152 256 336 416 462 
9 31 96 117 155 169 206 311 351 367 
10 2 4 52 140 237 241 266 316 336 494 
6 140 157 231 259 347 492 
7 9 51 59 65 97 428 469 
8 211 234 254 255 371 379 424 468 
9 2 79 118 172 381 427 444 471 539 
5 131 264 269 378 433 
10 128 232 245 275 289 314 363 401 442 522 
8 45 209 229 244 273 279 466 514 
14 77 114 136 174 200 242 249 262 292 331 353 355 356 408 
6 40 106 115 144 186 293 
13 4 67 110 154 185 245 265 352 354 383 408 460 479 
7 57 132 216 277 312 402 406 
6 38 169 284 322 408 489 
11 63 79 134 136 158 313 353 424 482 498 528 
12 21 26 57 166 183 218 222 320 369 379 487 503 
14 80 92 108 111 160 218 262 272 352 367 432 457 464 492 
16 25 26 72 96 103 166 243 283 312 376 392 463 481 498 499 535 
4 35 73 146 384 
7 2 38 41 66 238 354 482 
15 30 65 70 136 182 190 285 291 295 367 421 453 487 490 510 
10 83 210 221 232 283 302 305 310 429 531 
10 18 40 68 84 118 298 326 382 477 508 
10 5 27 125 257 380 389 395 423 448 473 
11 24 56 106 192 238 245 305 315 334 434 485 
10 29 57 94 251 313 331 421 424 436 474 
9 92 111 195 304 369 454 508 533 539 
7 52 218 225 361 453 480 525 
9 5 118 122 139 205 213 289 410 496 
11 97 132 233 238 288 371 389 418 445 468 514 
9 105 137 151 153 273 295 330 424 477 
8 102 221 232 316 400 441 466 508 
11 0 36 235 249 318 350 424 434 440 485 515 
10 1 26 64 71 94 254 275 286 376 417 
9 71 154 174 176 302 317 379 423 442 
11 47 69 72 136 203 404 411 413 482 507 511 
8 34 68 198 223 287 342 416 460 
12 77 114 153 197 292 303 344 410 417 430 462 519 
7 55 134 233 379 490 500 538 
9 30 65 89 114 155 193 231 365 433 
10 1 39 131 166 176 232 292 349 459 467 
8 8 63 165 300 340 357 366 418 
7 113 174 192 198 264 290 448 
5 116 156 163 177 464 
10 74 93 277 302 352 454 492 501 503 510 
10 25 62 88 107 159 419 451 456 472 483 
12 20 61 282 340 349 365 374 382 482 485 492 528 
11 28 54 79 103 114 159 200 326 347 365 488 
14 5 10 23 24 129 167 222 224 271 334 461 469 483 489 
5 163 266 302 332 414 
12 37 153 157 169 189 265 287 420 435 452 457 504 
13 13 44 121 173 265 283 301 311 331 404 413 484 501 
13 53 262 263 269 304 358 371 380 397 424 450 485 538 
9 39 83 261 262 362 401 418 457 475 
7 50 51 143 192 264 414 424 
10 65 113 115 240 246 439 453 481 483 493 
11 76 79 133 140 255 270 279 316 340 492 508 
11 9 100 140 158 223 227 286 438 496 509 528 
12 4 16 19 42 135 159 252 253 287 306 391 502 
14 35 56 180 183 209 235 276 304 325 346 377 465 494 537 
9 98 103 186 244 281 282 320 367 404 
14 57 106 117 121 123 146 164 183 225 236 321 451 454 514 
10 5 7 113 233 289 353 417 422 454 512 
10 18 60 68 104 130 160 194 291 294 475 
11 142 156 181 233 272 427 481 488 504 511 531 
8 26 40 57 232 285 389 495 504 
7 246 256 396 429 452 481 504 
15 63 74 188 199 203 232 278 299 354 400 429 487 501 502 503 
7 33 58 151 225 310 339 525 
9 59 87 102 133 142 224 282 297 527 
8 97 113 132 226 286 410 472 539 
11 0 211 223 269 270 277 291 459 463 468 493 
9 40 214 327 375 395 409 414 494 510 
16 10 13 50 110 160 174 183 226 274 312 349 359 398 457 481 509 
11 83 154 193 194 225 352 401 420 472 501 526 
3 37 331 499 
6 9 40 112 179 374 390 
17 14 40 57 127 181 211 237 285 330 331 361 414 435 445 466 498 538 
5 33 74 80 363 469 
8 28 51 126 194 288 293 386 415 
6 81 266 366 414 415 428 
12 124 129 145 206 261 283 295 346 355 371 400 537 
8 5 22 111 183 230 357 429 474 
7 74 148 179 325 343 348 404 
8 34 153 209 261 270 318 417 529 
7 27 54 185 320 388 412 444 
11 10 40 68 93 139 326 374 376 378 407 537 
9 24 87 107 127 218 270 272 374 423 
13 31 81 174 215 247 252 317 377 383 426 434 464 505 
18 18 23 84 90 107 122 145 150 151 185 191 201 215 257 283 292 352 511 
12 146 163 178 202 266 279 297 343 350 370 390 506 
8 29 276 314 379 403 451 483 494 
8 89 116 179 296 304 356 401 521 
11 12 63 67 153 196 235 275 282 344 384 434 
12 111 164 174 200 263 267 291 317 328 458 501 533 
9 45 48 119 139 204 260 317 330 412 
10 20 215 219 272 325 336 364 395 463 531 
14 138 156 168 182 234 291 321 329 332 347 353 357 374 405 
14 95 115 164 169 193 217 248 272 297 328 365 402 431 454 
7 94 154 274 293 354 383 396 
11 98 186 207 269 272 352 375 387 496 518 523 
14 41 42 102 163 194 226 276 319 344 424 430 475 489 514 
15 29 30 45 76 146 190 211 261 294 320 323 404 442 463 507 
540 2758
8 22 124 142 171 177 183 200 449 
9 158 219 264 268 280 300 325 456 533 
13 29 39 46 104 119 165 166 194 293 300 413 459 525 
17 5 11 19 46 60 85 151 233 260 277 306 361 401 425 487 513 521 
16 67 207 219 236 242 247 250 253 269 288 341 379 386 494 522 525 
9 3 124 129 134 135 214 223 474 502 
8 13 88 151 152 174 219 256 304 
13 13 14 23 115 140 187 307 331 355 434 440 465 507 
15 42 43 47 94 120 135 140 188 197 245 269 304 329 375 439 
10 16 171 186 261 394 418 428 456 459 490 
8 34 113 123 131 305 317 403 524 
12 3 30 60 72 140 148 193 204 225 241 477 523 
12 67 101 152 224 279 310 400 418 423 447 496 509 
13 6 7 155 255 344 359 402 413 426 429 462 463 497 
10 7 37 110 170 241 271 310 451 463 534 
21 30 44 56 78 79 84 87 115 118 144 244 269 292 308 380 383 394 409 474 508 532 
16 9 39 41 91 181 252 296 303 306 341 353 413 419 423 468 527 
9 20 30 160 200 214 226 352 426 463 
7 52 101 103 127 311 350 510 
13 3 51 108 114 154 158 244 249 353 400 409 515 538 
8 17 25 51 68 164 295 386 440 
7 234 262 263 265 325 349 518 
9 0 39 50 133 232 251 414 440 506 
15 7 67 68 73 96 99 165 178 184 192 217 256 304 361 384 
11 80 136 222 262 276 303 357 373 382 387 446 
12 20 28 46 76 132 158 167 181 193 329 369 419 
7 93 177 190 316 318 386 427 
13 33 39 90 160 192 260 367 380 395 398 460 469 518 
7 25 45 50 84 94 160 352 
16 2 34 54 58 70 118 207 311 313 387 395 483 506 511 513 514 
9 11 15 17 225 302 318 356 385 478 
13 66 113 118 144 160 180 240 280 341 351 406 437 490 
14 36 48 101 130 191 251 357 358 394 419 457 472 501 502 
10 27 109 139 156 235 277 309 371 426 484 
9 10 29 81 85 228 245 437 445 490 
7 46 209 229 237 368 451 537 
7 32 163 247 358 363 509 532 
16 14 53 73 163 188 200 271 273 297 336 355 356 375 516 530 532 
9 54 87 140 245 278 316 397 408 473 
19 2 16 22 27 87 110 149 176 222 233 258 293 308 314 356 475 492 524 535 
10 62 71 150 191 362 363 373 385 447 509 
11 16 101 114 141 166 179 268 388 396 410 435 
9 8 44 112 115 244 310 458 460 476 
4 8 76 126 410 
14 15 42 63 152 158 165 208 257 295 319 453 487 501 521 
5 28 52 283 453 511 
15 2 3 25 35 132 179 198 218 244 251 261 348 407 446 486 
8 8 120 176 197 234 306 384 467 
15 32 52 103 104 165 170 249 278 333 353 395 402 426 449 477 
14 60 76 77 122 199 221 266 316 344 380 412 465 500 509 
13 22 28 176 205 209 283 285 329 441 454 490 532 537 
9 19 20 56 205 209 223 251 470 487 
16 18 45 48 111 151 179 182 194 210 273 275 317 401 412 438 509 
12 37 97 134 209 300 313 336 404 411 412 495 531 
7 29 38 155 319 361 473 527 
6 63 160 267 309 390 408 
10 15 51 163 211 321 340 351 387 441 472 
7 87 98 119 146 150 170 437 
8 29 245 287 418 480 490 523 535 
7 87 174 193 268 374 448 477 
8 3 11 49 166 418 450 454 458 
8 120 240 258 329 395 402 438 487 
16 40 153 217 239 258 272 292 313 371 382 415 436 457 458 524 532 
11 44 55 76 79 92 146 163 296 318 446 469 
4 254 272 278 427 
10 96 101 113 114 155 326 429 431 464 531 
13 31 84 190 226 235 252 259 333 334 356 384 474 519 
16 4 12 23 74 81 172 189 212 251 278 340 342 346 403 421 444 
11 20 23 82 100 125 185 204 398 452 481 505 
13 115 133 160 176 206 217 219 409 465 493 497 512 522 
12 29 194 320 327 368 402 437 440 474 492 526 535 
14 40 99 138 168 208 240 289 332 340 398 418 471 492 531 
10 11 92 95 131 221 253 278 284 383 509 
7 23 37 126 318 322 326 382 
11 67 101 173 237 265 268 280 317 427 470 476 
10 93 99 124 191 212 248 427 429 443 468 
10 25 43 49 63 91 266 392 398 440 480 
11 49 90 107 114 181 186 188 246 309 315 379 
7 15 102 103 193 274 292 449 
11 15 63 153 229 268 300 353 356 442 485 505 
12 24 121 161 204 233 242 246 300 308 366 393 494 
12 34 67 280 282 292 342 361 398 436 448 524 539 
11 68 144 165 211 260 303 318 374 408 473 498 
11 172 223 253 276 309 323 345 361 370 382 435 
13 15 28 66 165 196 239 254 330 344 403 454 484 539 
6 3 34 327 421 472 523 
4 234 325 368 394 
11 15 38 39 57 59 227 249 265 295 393 408 
9 6 205 208 214 226 263 314 335 460 
11 92 210 253 284 331 351 372 376 428 492 539 
7 27 77 200 321 322 406 445 
8 16 76 145 207 262 388 455 478 
14 63 72 89 177 213 233 238 250 254 333 367 458 496 515 
13 26 75 127 220 232 236 318 357 362 418 422 479 534 
9 8 28 107 175 265 312 339 491 523 
8 72 176 309 321 327 386 387 481 
12 23 65 141 153 154 318 364 406 432 439 460 462 
10 53 115 116 128 205 244 258 323 325 449 
11 57 101 160 167 210 268 297 333 354 374 431 
17 23 71 75 130 134 197 204 246 283 346 347 375 378 384 496 511 534 
8 68 103 246 253 258 396 426 459 
17 12 18 32 41 65 74 98 103 128 134 219 220 226 292 432 492 518 
5 78 245 271 429 519 
15 18 48 78 100 101 126 139 160 247 297 323 361 395 415 430 
7 2 48 121 232 269 307 404 
9 130 219 251 277 339 422 442 499 515 
2 258 477 
8 77 94 220 331 356 386 474 503 
6 19 260 347 412 443 488 
7 33 135 298 323 361 455 531 
18 14 39 149 153 200 205 209 210 250 376 399 405 424 451 465 475 484 495 
9 52 131 340 464 475 484 494 518 534 
13 42 120 179 192 193 226 278 290 380 382 399 420 480 
13 10 31 65 150 165 225 327 357 359 409 414 475 532 
11 19 41 65 77 182 329 414 422 432 433 456 
13 7 15 42 69 97 158 239 251 297 392 430 460 493 
5 97 304 391 399 515 
11 130 161 201 273 359 360 390 442 455 466 504 
6 15 29 31 189 500 501 
7 2 57 130 180 251 428 539 
11 8 47 61 112 208 228 256 259 440 448 454 
9 80 104 163 232 264 351 386 451 496 
7 49 186 238 385 403 420 512 
4 10 282 311 317 
7 0 5 75 144 206 374 439 
8 68 171 244 259 379 453 486 520 
11 43 73 103 149 301 310 375 411 445 477 527 
13 18 93 178 215 219 222 280 304 306 315 345 365 488 
6 97 101 247 347 361 407 
12 5 145 165 205 206 216 249 280 416 442 472 522 
13 32 99 105 117 119 159 214 224 304 327 354 453 490 
10 10 72 111 171 191 239 273 323 367 439 
8 25 46 276 346 361 406 417 538 
10 22 69 194 204 248 315 347 386 429 486 
10 5 53 99 101 135 179 257 372 488 524 
11 5 8 109 134 172 232 321 326 335 432 505 
12 24 144 197 226 256 276 356 359 393 398 442 446 
6 260 322 328 453 461 504 
8 71 216 259 365 426 428 460 487 
11 33 103 191 245 246 258 259 321 325 327 334 
17 7 8 11 38 161 182 183 184 291 297 372 373 380 426 429 465 528 
7 41 96 251 291 448 469 506 
4 0 166 394 431 
4 239 251 447 524 
15 15 31 82 124 136 228 234 322 367 455 465 503 509 521 530 
13 91 129 218 267 269 270 312 315 332 411 424 466 508 
9 57 63 204 222 328 345 431 467 529 
6 208 231 263 319 415 445 
11 11 149 160 164 228 254 336 461 495 519 520 
11 39 110 126 148 299 353 401 447 459 472 537 
13 40 57 113 196 232 240 340 360 385 398 481 500 531 
7 3 6 52 181 422 470 471 
9 6 12 44 203 255 259 310 402 497 
10 62 79 96 110 192 243 285 294 385 470 
5 19 96 169 300 454 
11 13 54 65 180 210 262 296 468 481 510 512 
5 33 211 333 465 494 
11 208 228 262 285 335 372 394 446 451 516 531 
15 1 19 25 44 115 187 205 318 327 367 427 431 477 526 539 
6 130 167 207 304 377 510 
17 17 27 28 31 55 69 98 103 148 174 179 188 189 230 429 495 509 
12 80 117 140 191 194 210 224 265 301 328 410 515 
9 172 277 284 310 323 392 474 513 534 
13 36 37 56 63 121 192 199 257 397 425 428 518 519 
9 20 148 219 233 313 333 366 471 510 
15 2 23 44 48 82 84 113 129 174 257 278 283 378 382 527 
10 2 41 60 142 263 270 282 321 470 510 
10 25 98 159 212 276 332 436 468 508 527 
8 71 218 222 281 359 443 446 480 
7 154 286 345 367 380 408 523 
10 14 48 57 250 347 365 378 433 437 520 
14 0 9 125 131 229 322 366 391 401 472 505 512 513 536 
8 67 83 135 162 240 371 425 539 
7 74 200 202 239 386 446 465 
10 6 59 160 165 183 330 434 437 496 530 
7 94 245 269 292 371 386 401 
14 39 47 50 69 95 202 204 220 244 384 399 442 494 533 
12 0 26 92 220 236 253 302 381 420 432 461 505 
8 23 127 183 235 244 280 393 396 
12 41 46 52 112 134 160 198 397 491 504 508 527 
9 31 119 155 240 318 381 427 460 477 
10 16 25 77 151 303 338 356 381 505 536 
8 52 114 140 272 313 337 470 509 
9 0 140 174 178 225 316 354 410 447 
6 23 140 401 418 457 470 
6 68 230 341 354 430 502 
10 9 77 122 240 253 275 314 378 501 503 
12 7 158 190 223 251 252 254 293 334 377 393 476 
9 8 37 77 160 274 277 372 397 493 
8 67 118 160 219 323 394 436 504 
8 26 66 187 206 229 296 365 527 
10 32 40 75 131 139 161 318 341 487 524 
11 23 27 112 153 163 242 316 398 419 432 461 
13 11 25 59 78 112 207 266 267 283 324 340 413 414 
9 2 52 70 133 161 328 379 446 482 
5 196 198 341 463 490 
15 84 150 195 272 288 312 338 358 362 371 420 433 454 484 507 
9 8 47 99 136 311 329 366 393 414 
14 46 179 195 206 241 247 253 260 380 406 438 462 485 510 
7 49 163 360 378 434 489 494 
13 0 17 37 90 110 173 215 239 303 375 390 405 521 
10 117 221 272 304 334 389 413 429 433 521 
8 173 176 244 318 320 406 461 525 
6 152 207 382 453 494 497 
11 11 68 80 99 133 146 176 207 302 327 529 
13 50 51 88 97 110 129 158 228 231 322 345 377 444 
11 69 124 129 190 198 219 221 233 377 390 467 
11 4 29 91 159 193 203 204 348 357 365 379 
15 44 71 88 120 147 157 237 256 283 361 429 444 451 483 488 
9 35 50 51 53 110 236 295 400 472 
10 52 89 98 110 155 161 238 295 348 533 
10 56 82 156 219 341 346 394 484 485 493 
12 67 75 167 242 245 268 343 352 393 478 504 526 
11 92 224 250 275 353 354 449 462 474 475 537 
8 5 17 88 130 336 356 358 458 
7 127 200 246 308 361 416 525 
10 129 138 217 276 329 386 415 435 458 500 
9 23 62 69 216 246 250 430 435 518 
10 46 145 168 234 321 337 405 433 471 532 
18 1 4 6 69 101 105 127 164 189 206 211 236 253 288 408 414 482 522 
15 93 101 107 176 177 237 248 270 272 282 300 303 327 328 331 
8 49 72 201 206 325 353 356 457 
9 24 39 127 146 168 283 326 519 520 
12 5 51 83 187 231 234 310 338 371 487 519 526 
18 12 130 161 213 236 252 254 291 312 356 363 376 389 391 394 498 504 530 
5 11 30 113 183 511 
13 17 66 88 101 112 136 306 340 345 356 394 454 469 
4 87 229 278 405 
11 34 120 144 148 157 205 293 332 334 471 493 
11 35 79 171 190 227 230 330 406 420 436 537 
8 160 185 229 325 332 409 450 508 
6 147 205 223 259 322 526 
14 22 93 104 121 135 150 251 340 391 439 483 502 507 524 
14 3 39 80 92 164 206 302 312 336 345 468 495 508 533 
13 21 47 86 144 218 223 248 272 285 475 478 488 499 
7 33 66 178 260 290 343 487 
13 4 93 177 209 219 224 248 267 275 336 374 468 510 
5 35 74 208 220 240 
9 92 122 210 387 417 434 447 461 513 
11 62 84 115 131 143 173 200 493 508 531 532 
14 31 61 71 150 172 180 186 237 279 323 375 416 469 482 
7 11 14 198 326 419 479 527 
8 4 80 192 212 244 253 500 511 
9 153 255 274 293 333 363 385 481 505 
17 15 19 42 46 97 125 176 178 202 242 325 348 413 466 473 501 504 
13 8 34 38 58 102 139 175 212 284 346 404 460 476 
12 77 80 99 100 139 215 217 260 275 345 455 526 
10 4 36 103 128 198 340 363 427 492 514 
9 75 133 220 234 236 338 414 478 538 
9 19 48 87 129 280 281 305 410 454 
6 4 92 110 170 213 217 
18 22 32 46 51 67 105 115 119 141 143 187 232 254 318 353 391 420 531 
6 16 66 187 224 297 406 
16 4 72 83 89 100 177 186 198 219 242 261 337 359 415 433 440 
10 64 84 92 148 187 224 251 281 403 510 
14 13 152 243 290 291 308 399 420 479 502 507 513 518 536 
12 6 23 120 136 208 326 381 382 394 401 465 496 
16 44 134 163 165 297 308 311 332 380 388 398 405 455 473 485 525 
15 39 61 62 97 100 106 139 269 299 333 361 364 398 402 507 
11 66 120 125 138 139 152 231 291 419 426 506 
13 3 27 82 108 137 198 235 246 358 372 379 434 517 
9 9 46 253 349 358 432 435 455 475 
8 21 24 91 155 157 290 326 423 
7 21 88 147 166 301 452 464 
7 1 121 270 284 340 385 421 
11 21 74 87 94 161 313 416 429 434 451 513 
8 49 76 193 276 374 383 466 491 
7 55 145 193 236 331 484 529 
11 1 41 59 74 79 98 212 405 421 493 537 
12 4 8 15 104 145 175 258 274 395 424 485 507 
7 145 166 220 264 313 342 506 
10 14 37 102 282 293 326 343 344 482 516 
12 62 64 182 196 201 220 234 287 414 417 499 511 
12 37 52 117 131 354 364 436 441 494 495 503 507 
6 78 188 243 269 280 484 
11 52 186 213 236 246 291 339 375 452 453 528 
15 24 83 132 136 167 216 266 293 296 326 386 460 488 494 496 
8 3 33 105 162 188 308 471 512 
13 38 48 64 67 72 112 165 227 326 445 500 524 530 
10 12 240 300 307 387 407 410 471 502 537 
13 1 31 74 81 127 129 178 249 274 407 442 452 496 
4 168 249 254 471 
8 81 123 166 220 271 361 383 434 
14 45 50 99 165 193 208 222 342 425 431 435 446 492 538 
12 72 89 162 245 264 312 385 415 466 469 481 528 
7 50 153 157 234 456 502 511 
5 169 320 414 434 496 
7 58 272 353 410 457 471 483 
6 4 196 219 318 506 514 
5 71 311 343 418 523 
7 112 235 255 262 360 391 504 
7 140 141 224 255 259 275 376 
17 15 62 78 81 101 175 340 428 434 456 459 464 466 467 486 503 530 
11 2 39 187 228 243 271 276 318 348 511 535 
7 153 374 391 422 458 469 502 
9 20 44 87 209 210 332 373 391 397 
10 16 63 155 190 276 349 411 452 496 531 
15 37 98 103 115 140 252 257 352 367 386 391 414 417 489 531 
9 109 347 358 394 395 411 440 464 486 
6 149 258 326 353 427 505 
10 1 2 53 79 80 154 220 279 391 436 
7 126 161 263 306 366 408 505 
7 30 177 204 233 314 460 512 
13 16 24 82 181 200 220 326 340 393 421 424 518 526 
15 6 8 23 116 127 130 159 201 307 326 330 399 417 517 518 
6 10 249 336 341 379 413 
11 3 16 47 127 226 301 333 399 418 519 536 
8 7 104 279 304 324 416 428 499 
19 15 39 80 215 255 257 277 344 361 363 386 402 412 443 461 468 471 474 534 
8 33 55 77 83 95 336 463 511 
9 12 14 42 126 152 162 223 410 493 
11 18 29 123 197 257 289 323 329 349 362 536 
11 94 145 196 224 233 284 328 342 419 423 468 
13 29 53 62 164 182 265 270 317 323 353 378 385 536 
9 39 88 186 302 394 397 399 465 497 
7 77 127 133 145 443 455 505 
8 26 38 49 183 192 427 455 456 
9 10 52 74 123 313 322 361 370 475 
19 26 30 63 73 82 93 96 158 180 191 202 251 288 293 337 358 504 520 523 
8 44 54 147 324 376 433 454 524 
7 70 202 286 327 354 467 478 
11 56 90 95 135 139 166 218 327 389 394 463 
13 73 90 137 144 171 205 231 317 359 456 508 520 532 
17 83 97 103 109 131 162 189 240 311 313 398 400 471 472 489 493 534 
6 193 307 319 383 392 486 
11 1 21 86 97 139 221 230 244 429 434 500 
19 65 73 135 222 241 256 262 271 276 278 299 303 304 330 401 408 426 506 532 
14 70 85 95 113 130 139 158 204 220 320 321 403 435 508 
8 137 146 161 194 220 312 404 523 
11 8 25 50 61 114 197 216 311 330 494 527 
15 84 174 229 304 326 329 361 362 403 407 409 481 501 528 534 
11 7 89 107 220 267 334 347 384 398 441 482 
10 71 145 167 228 230 257 295 348 360 362 
11 48 66 92 98 156 164 243 258 306 389 441 
10 66 139 187 201 228 331 339 369 390 419 
9 88 135 157 381 387 403 480 510 537 
11 37 53 148 214 233 236 305 309 371 447 509 
9 182 218 253 318 359 375 388 458 509 
6 181 196 223 248 432 458 
6 94 105 275 334 406 499 
14 56 67 71 111 150 193 226 232 247 264 292 303 360 527 
12 4 16 31 185 191 195 211 305 359 376 500 529 
7 67 81 270 283 312 354 358 
8 212 235 271 289 345 349 473 506 
6 13 49 84 271 308 360 
16 83 127 146 169 205 226 233 246 343 418 450 465 469 497 501 528 
11 67 99 132 211 245 360 369 404 421 516 538 
11 99 108 128 133 170 298 331 367 435 491 522 
11 46 207 210 244 293 332 373 384 409 440 477 
8 21 261 296 311 343 413 475 508 
7 18 362 448 457 462 516 530 
6 31 56 89 121 421 474 
7 17 28 212 297 467 473 513 
16 16 19 48 79 149 213 221 251 287 299 313 370 396 407 408 488 
11 98 130 183 185 213 273 320 342 362 409 462 
3 7 37 423 
13 30 37 39 66 79 107 136 181 214 221 224 226 447 
10 24 32 93 113 207 373 408 416 478 526 
15 32 36 196 214 260 261 298 318 342 385 409 430 438 497 501 
11 13 113 117 136 168 253 322 337 341 484 497 
10 117 150 199 290 332 340 344 346 515 538 
18 3 23 54 81 83 103 109 128 132 208 215 258 282 308 317 330 457 529 
11 40 93 196 311 330 332 350 354 420 464 478 
11 36 40 224 243 247 308 384 397 417 453 497 
5 96 258 273 382 394 
10 127 138 170 190 207 404 416 453 458 537 
6 80 164 171 197 301 372 
12 27 92 131 144 158 169 297 347 375 449 505 530 
3 35 70 86 
4 25 334 346 483 
7 83 317 353 415 427 481 488 
12 33 62 172 175 196 223 336 410 423 438 441 511 
13 89 134 140 157 188 260 366 410 420 476 514 523 535 
8 24 40 140 295 348 357 455 464 
12 59 82 98 124 236 266 294 395 400 438 444 479 
11 8 37 99 126 200 240 275 337 367 478 534 
8 89 110 224 291 319 341 490 520 
8 159 187 205 206 396 414 418 520 
8 99 165 170 186 199 313 442 458 
8 4 77 125 194 207 260 305 409 
11 15 27 49 112 140 169 198 257 384 403 436 
5 177 180 181 256 335 
13 24 62 73 83 112 165 203 256 364 431 443 454 456 
8 15 72 266 282 324 390 495 512 
11 23 47 66 99 176 331 348 363 380 405 518 
11 30 40 122 150 153 243 264 284 313 358 458 
16 4 20 26 95 107 121 133 173 175 216 276 297 308 391 421 529 
7 24 29 56 95 238 279 335 
7 41 91 257 337 431 485 507 
11 201 224 321 333 390 442 485 500 517 524 536 
9 55 117 200 206 334 383 389 488 497 
14 116 171 224 232 251 290 294 295 297 300 386 428 524 536 
4 76 115 162 324 
11 80 87 136 178 187 197 212 303 406 476 539 
18 9 15 32 86 142 157 189 211 224 226 256 298 314 321 364 506 507 527 
12 27 29 48 61 103 269 298 374 482 489 508 537 
8 41 100 178 353 377 471 491 508 
8 38 163 179 188 295 314 363 479 
12 27 68 71 76 81 136 150 192 257 258 323 331 
11 110 112 116 176 255 304 306 314 407 414 510 
8 12 19 209 323 374 450 455 526 
10 3 52 149 171 175 184 256 326 409 527 
9 13 48 61 70 152 258 308 497 504 
10 10 67 84 122 254 327 330 335 380 423 
8 53 104 245 328 346 365 431 521 
10 110 200 218 227 257 268 384 411 452 470 
14 31 90 96 132 198 202 229 252 339 393 408 423 438 465 
10 46 128 279 280 330 353 399 470 482 537 
14 38 55 82 87 169 219 301 326 353 357 406 411 468 476 
13 15 19 69 113 230 330 348 354 358 379 401 432 496 
12 41 43 161 183 249 279 287 310 371 372 437 518 
13 53 126 145 296 298 405 408 426 445 447 509 517 525 
9 49 52 53 108 308 436 499 508 510 
11 2 13 16 193 201 244 305 349 433 451 462 
16 22 113 114 193 197 219 248 272 286 297 377 399 449 500 514 529 
9 62 103 147 216 253 284 370 427 537 
9 129 215 240 265 307 357 365 436 448 
6 132 238 272 297 304 363 
16 9 12 58 60 71 93 184 289 306 345 377 426 441 479 490 511 
9 16 25 32 192 241 259 312 334 537 
11 112 122 177 196 229 251 255 362 372 476 477 
11 67 85 264 268 303 346 351 386 496 506 533 
5 93 105 114 151 294 
11 12 16 262 312 355 371 403 406 446 464 517 
7 110 145 269 303 425 434 499 
9 3 163 172 283 424 431 457 487 499 
13 13 17 33 48 100 138 140 259 326 411 418 453 503 
13 26 64 74 75 158 180 247 299 316 370 415 460 464 
12 9 89 119 138 163 292 307 391 432 454 482 530 
14 13 65 75 102 133 140 160 201 208 265 325 493 514 537 
8 103 115 185 217 358 442 464 489 
12 65 98 142 146 158 283 382 388 404 425 483 496 
12 96 101 114 135 177 192 261 338 409 428 467 520 
10 114 170 196 201 218 253 319 413 521 534 
12 7 174 199 238 260 265 282 286 292 325 424 490 
9 41 83 216 217 261 283 327 347 455 
12 62 81 167 189 229 273 300 380 412 416 497 525 
12 31 34 57 70 170 174 410 456 460 476 519 536 
10 52 61 198 358 371 374 406 449 462 485 
5 8 96 124 131 232 
10 7 20 22 70 76 120 253 298 348 474 
10 50 56 273 331 333 371 418 450 451 532 
11 79 105 117 129 136 176 280 378 389 430 472 
7 75 108 168 308 315 382 458 
6 67 205 208 374 476 511 
7 34 90 126 147 278 411 534 
11 24 46 63 136 157 168 173 194 283 423 451 
9 12 40 143 149 183 238 336 356 411 
7 59 81 120 141 350 416 497 
9 0 48 78 97 213 367 414 438 539 
7 60 230 345 400 441 477 514 
12 14 35 110 121 157 208 265 413 441 446 498 536 
9 68 263 275 280 296 405 465 482 483 
10 44 45 125 130 137 203 275 363 365 426 
12 50 60 84 120 154 196 226 249 319 382 428 457 
12 91 109 117 144 246 257 261 315 316 373 400 435 
10 1 9 114 285 292 316 322 382 437 457 
12 32 62 184 221 287 350 361 425 454 456 458 475 
16 42 60 62 92 214 216 294 337 338 365 378 385 443 457 476 535 
10 2 9 100 149 292 474 485 500 530 538 
15 27 42 88 96 115 138 180 245 276 302 427 437 465 496 537 
9 137 148 177 192 202 238 308 509 533 
10 13 96 198 213 350 354 413 438 472 512 
12 13 14 17 195 309 321 465 475 480 508 511 528 
12 65 111 263 292 298 362 373 423 427 430 495 512 
16 7 49 69 110 140 144 156 173 256 314 345 406 452 460 463 466 
7 117 145 244 266 284 292 465 
9 47 146 206 292 320 352 432 518 527 
10 16 75 155 167 233 236 308 312 408 508 
10 27 63 141 226 240 284 294 345 473 523 
10 51 74 151 153 166 182 184 405 407 504 
13 71 151 164 218 228 277 279 281 287 308 323 396 473 
10 32 56 85 129 149 171 209 323 442 462 
10 38 54 82 244 257 343 352 469 471 489 
12 5 15 66 70 107 162 213 308 351 440 459 518 
11 39 110 111 113 213 234 261 317 349 457 463 
13 42 74 187 245 372 393 408 420 437 444 458 480 485 
11 11 48 59 106 126 158 180 348 420 450 495 
9 30 91 212 234 248 320 357 362 375 
6 93 241 255 374 397 418 
9 58 76 112 168 335 463 476 487 523 
9 68 95 150 155 243 284 330 370 511 
10 194 219 240 271 331 395 407 428 452 490 
8 29 208 232 287 369 431 452 492 
9 33 84 110 111 196 211 267 274 359 
11 79 198 211 257 269 388 389 438 459 476 495 
6 46 125 133 292 298 324 
11 3 44 51 61 138 191 223 235 425 480 506 
10 108 127 134 208 234 276 353 370 390 531 
6 199 297 323 395 430 473 
13 9 31 34 50 58 130 195 376 418 434 482 499 507 
6 94 179 266 347 396 524 
8 39 70 71 89 101 247 283 483 
10 69 115 188 211 228 239 268 310 323 429 
10 4 80 111 156 176 199 203 273 276 329 
10 53 110 148 160 233 273 383 464 477 485 
15 12 92 99 121 174 256 276 280 286 296 409 421 431 460 534 
13 13 69 152 203 314 345 358 359 363 390 402 436 448 
3 82 224 451 
12 105 234 272 307 339 412 424 425 490 518 525 533 
11 49 118 150 216 242 278 325 341 389 414 459 
8 32 44 118 186 244 330 345 358 
10 5 32 185 232 255 279 285 294 503 528 
7 107 144 186 273 292 426 502 
11 117 137 179 189 212 224 244 290 318 402 470 
11 68 79 135 171 177 181 243 299 301 315 367 
11 22 29 141 259 270 288 326 343 394 421 487 
11 7 196 232 255 258 269 273 388 394 490 517 
16 15 145 167 179 230 233 239 322 327 349 395 396 412 463 468 515 
15 12 36 40 49 52 72 144 160 182 336 337 411 461 523 529 
11 18 155 159 164 166 198 236 254 335 399 412 
14 29 45 99 225 242 272 285 293 309 371 418 444 463 481 
10 69 122 155 171 277 302 383 462 464 513 
9 3 29 162 171 238 255 265 352 512 
7 29 247 288 372 414 429 450 
7 19 92 105 116 161 360 508 
5 37 157 271 346 350 
8 260 304 389 411 423 507 526 532 
14 21 27 101 111 163 217 255 303 304 384 410 467 474 499 
9 66 102 148 163 222 223 306 437 532 
9 125 148 170 222 318 322 376 377 432 
7 3 44 144 200 201 404 433 
5 4 69 129 219 347 
13 11 58 85 94 169 289 318 328 372 469 480 509 536 
13 10 39 62 81 134 143 191 232 278 319 389 391 491 
8 2 4 202 215 257 411 436 499 
11 70 158 212 223 231 246 303 357 400 517 531 
14 16 54 126 165 167 179 190 241 329 340 394 401 467 529 
7 140 275 284 330 345 463 502 
9 146 204 267 341 361 386 414 509 527 
10 37 144 174 224 278 292 350 367 428 459 
12 53 65 71 109 150 157 239 251 296 297 488 526 
13 15 36 37 50 62 113 218 239 322 326 441 517 519 
7 1 176 210 233 421 461 499 
12 14 93 99 111 162 308 323 330 375 433 445 496 
6 39 58 70 293 372 458 
11 171 181 255 306 311 313 389 391 437 451 523 
15 35 50 149 213 229 268 279 335 365 395 407 415 419 429 460 
7 19 132 248 283 346 360 459 
8 81 84 89 119 158 172 393 449 
