50 256
7 1 8 12 16 19 36 49 
13 0 11 13 17 25 27 31 33 36 37 41 45 48 
7 10 24 30 32 34 40 42 
9 8 17 21 22 25 30 34 45 48 
11 5 8 20 22 23 26 35 40 42 44 49 
12 4 12 13 16 21 26 27 29 33 34 36 46 
10 10 17 22 30 37 41 42 44 45 48 
7 9 22 25 32 36 44 49 
12 0 3 4 18 19 22 27 29 40 41 42 45 
7 7 19 24 32 33 34 36 
13 2 6 12 13 23 26 30 34 40 42 43 44 46 
5 1 34 38 47 49 
13 0 5 10 14 15 19 23 25 33 42 47 48 49 
12 1 5 10 17 20 21 25 32 33 34 36 42 
11 12 15 19 20 30 34 41 43 47 48 49 
9 12 14 16 18 19 26 31 35 38 
9 0 5 15 17 25 36 44 47 49 
14 1 3 6 13 16 20 21 23 27 28 33 37 41 49 
14 8 15 20 21 23 28 30 35 36 40 44 45 47 48 
13 0 8 9 12 14 15 21 27 42 43 44 45 48 
7 4 13 14 17 18 40 48 
10 3 5 13 17 18 19 22 24 34 46 
12 3 4 6 7 8 21 25 29 33 46 47 48 
15 4 10 12 17 18 24 26 27 31 35 37 38 42 43 49 
11 2 9 21 23 27 34 35 37 39 46 47 
8 1 3 7 12 13 16 22 38 
8 4 5 10 15 23 28 31 49 
13 1 5 8 17 19 23 24 28 32 39 42 44 46 
10 17 18 26 27 29 34 37 42 47 48 
5 5 8 22 28 42 
11 2 3 6 10 14 18 32 33 35 39 45 
5 1 15 23 26 44 
9 2 7 9 13 27 30 33 34 44 
13 1 5 9 12 13 17 22 30 32 35 38 43 45 
13 2 3 5 9 10 11 13 14 21 24 28 32 36 
11 4 15 18 23 24 30 33 37 38 40 42 
12 0 1 5 7 9 13 16 18 34 42 46 48 
10 1 6 17 23 24 28 35 39 47 49 
7 11 15 23 25 33 35 45 
7 24 27 30 37 42 47 48 
7 2 4 8 10 18 20 35 
7 1 6 8 14 17 42 49 
16 2 4 6 8 10 12 13 19 23 27 28 29 35 36 39 41 
7 10 14 19 23 33 45 48 
12 4 6 7 10 16 18 19 27 31 32 48 49 
10 1 3 6 8 18 19 30 33 38 43 
8 5 10 21 22 24 27 36 48 
10 11 12 14 16 18 22 24 28 37 39 
16 1 3 6 12 14 18 19 20 22 28 36 39 43 44 46 49 
14 0 4 7 11 12 14 16 17 23 26 37 41 44 48 
50 257
13 2 3 15 16 17 20 23 28 35 38 40 43 46 
8 3 6 8 12 22 27 36 41 
10 0 4 13 18 22 40 46 47 48 49 
14 0 1 6 10 11 17 21 22 28 33 35 40 41 45 
11 2 11 12 22 29 35 36 37 42 46 47 
9 12 17 21 28 31 38 39 45 49 
11 1 3 7 22 28 34 37 43 44 45 49 
11 6 15 18 25 29 30 31 32 39 43 48 
8 1 13 17 24 29 39 41 46 
6 22 27 33 34 39 48 
11 3 18 22 29 36 37 41 45 46 47 49 
10 3 4 13 15 25 26 29 35 38 48 
9 1 4 5 25 31 40 41 43 45 
13 2 8 11 19 22 24 27 34 35 38 44 47 48 
10 20 23 25 27 28 30 33 36 41 49 
7 0 7 11 18 21 31 44 
5 0 24 32 33 47 
9 0 3 5 8 24 29 30 32 36 
7 2 7 10 15 24 30 34 
5 13 37 41 44 49 
7 0 14 22 26 35 39 47 
11 3 5 15 24 30 36 39 41 43 45 47 
15 1 2 3 4 6 9 10 13 20 33 34 39 46 47 49 
10 0 14 24 27 32 37 42 44 46 49 
12 8 13 16 17 18 21 23 34 35 40 42 48 
11 7 11 12 14 33 34 39 42 44 47 49 
6 11 20 28 29 32 35 
15 1 9 13 14 23 29 30 33 34 35 37 38 39 42 46 
10 0 3 5 6 14 26 31 46 48 49 
14 4 7 8 10 11 17 26 27 32 33 41 45 46 47 
8 7 14 17 18 21 27 36 41 
6 5 7 12 15 28 43 
7 7 16 17 23 26 29 45 
10 3 9 14 16 22 25 27 29 38 48 
11 6 9 13 18 22 24 25 27 41 45 49 
11 0 3 4 11 13 20 24 26 27 45 49 
11 1 4 10 14 17 21 30 43 44 46 47 
10 4 6 10 19 23 27 39 44 46 49 
10 0 5 11 13 27 33 40 44 45 46 
14 5 7 8 9 20 21 22 25 27 37 41 43 44 45 
7 0 2 3 12 24 38 47 
15 1 3 8 10 12 14 19 21 29 30 34 39 42 45 48 
7 4 23 24 25 27 41 44 
9 0 6 7 12 21 31 36 39 47 
13 6 13 15 19 23 25 36 37 38 39 42 48 49 
14 3 5 6 10 12 21 29 32 34 35 38 39 41 48 
14 0 2 4 8 10 22 23 27 28 29 36 37 38 49 
13 2 4 10 13 16 20 21 22 25 29 36 40 43 
11 2 7 9 11 13 24 28 33 41 44 45 
15 2 5 6 10 14 19 22 23 25 28 34 35 37 44 46 
