500 2483
12 17 59 85 113 158 188 263 317 356 398 417 469 
12 10 66 144 145 184 219 266 267 281 286 395 417 
16 13 20 95 132 191 197 211 230 265 298 301 346 360 384 400 435 
9 22 26 40 174 281 340 357 448 490 
6 172 178 277 342 434 496 
9 47 96 104 114 161 226 340 384 437 
10 129 167 172 192 206 226 264 300 318 467 
6 299 337 407 413 431 474 
12 57 69 145 197 206 288 321 325 347 366 425 454 
13 15 21 26 38 80 240 308 372 378 414 418 424 485 
9 1 43 124 311 365 384 416 430 451 
13 21 34 39 68 142 153 244 289 339 355 397 422 435 
10 18 50 103 197 227 236 290 295 327 359 
17 2 41 89 101 119 124 155 165 174 257 266 271 315 321 334 391 418 
15 39 86 98 123 136 180 235 243 291 317 318 330 334 388 448 
7 9 39 49 61 225 261 486 
8 107 174 251 284 386 403 414 417 
6 0 19 390 410 438 486 
7 12 73 104 172 320 399 433 
7 17 106 146 268 409 410 444 
11 2 77 104 176 220 261 287 335 412 464 499 
13 9 11 54 69 128 132 205 235 298 371 394 432 470 
16 3 34 72 90 170 206 208 213 232 277 328 378 401 446 490 496 
6 49 54 224 246 339 453 
13 45 48 152 183 196 262 318 334 340 350 446 448 494 
11 30 40 78 105 136 141 193 222 456 497 499 
7 3 9 291 372 384 474 498 
9 65 113 134 188 292 302 350 393 403 
6 38 66 250 278 321 358 
11 79 81 97 129 246 317 324 343 363 368 426 
12 25 83 130 192 252 289 337 339 348 452 462 471 
9 35 53 73 134 197 229 420 422 427 
7 99 218 284 295 304 307 415 
14 120 132 161 179 204 213 217 256 275 338 349 408 431 481 
13 11 22 65 166 207 257 263 279 367 397 439 467 470 
5 31 173 338 445 468 
7 106 223 249 278 310 433 443 
11 39 96 137 191 266 270 297 350 399 444 492 
14 9 28 141 251 252 273 302 353 373 390 395 416 437 469 
9 11 14 15 37 50 205 249 394 410 
8 3 25 67 198 225 248 426 477 
10 13 71 129 154 303 318 389 406 412 466 
9 53 100 119 136 142 351 420 491 493 
11 10 59 140 141 207 220 296 302 311 346 454 
17 59 63 152 164 221 233 253 276 283 287 288 297 373 403 430 437 498 
10 24 106 129 162 215 274 356 410 455 497 
3 238 357 400 
7 5 117 169 203 323 457 458 
5 24 79 108 152 438 
9 15 23 82 126 177 376 386 403 439 
9 12 39 77 84 166 225 295 328 469 
8 154 165 228 284 288 413 466 495 
8 107 199 261 273 307 350 393 480 
11 31 42 123 212 286 291 300 314 317 375 420 
11 21 23 73 94 282 301 329 361 367 438 468 
10 92 119 261 280 297 347 398 460 476 489 
10 115 150 220 234 255 306 331 399 410 421 
14 8 71 90 123 128 135 194 245 265 285 298 324 406 410 
6 70 213 230 282 315 394 
12 0 43 44 142 187 209 230 267 277 409 434 472 
8 114 159 201 217 220 296 412 470 
11 15 66 131 166 202 204 281 299 351 367 457 
9 64 99 157 177 236 278 297 351 371 
14 44 67 98 101 111 147 151 163 186 207 279 303 366 454 
8 62 112 200 263 331 339 347 471 
10 27 34 104 141 181 247 300 354 407 449 
13 1 28 61 70 88 118 169 202 287 374 387 436 455 
8 40 63 186 261 316 388 470 492 
15 11 181 190 195 196 199 217 246 283 290 361 456 470 480 491 
13 8 21 103 129 159 241 284 376 403 429 455 479 491 
14 58 66 160 196 200 230 232 255 256 362 375 387 441 453 
17 41 57 139 148 151 180 186 206 252 282 290 360 384 407 457 474 493 
9 22 82 152 201 265 271 295 330 417 
7 18 31 54 93 256 257 280 
14 76 132 144 214 229 251 276 309 312 355 375 406 420 421 
11 98 141 157 190 204 231 254 417 459 461 478 
11 74 138 177 186 201 250 367 375 387 402 411 
4 20 50 152 282 
8 25 139 163 185 189 277 342 343 
7 29 48 111 156 179 373 391 
12 9 102 130 133 143 194 214 292 293 331 341 421 
5 29 207 355 357 494 
13 49 72 100 111 116 157 180 191 283 337 344 381 387 
8 30 190 205 288 316 332 413 453 
10 50 88 185 231 248 291 325 368 394 405 
10 0 94 109 186 214 332 368 443 474 493 
7 14 88 194 202 385 469 481 
13 132 197 220 222 262 270 278 287 320 329 411 419 494 
11 66 84 86 138 167 189 264 288 337 399 485 
8 13 116 177 231 449 457 484 497 
8 22 57 104 122 195 327 333 416 
9 147 169 192 238 289 333 366 439 486 
8 55 111 132 172 273 337 375 397 
8 73 129 196 302 339 381 384 421 
5 54 85 415 449 484 
9 2 97 153 339 376 387 488 492 493 
9 5 37 160 181 242 323 341 375 478 
10 29 95 99 101 244 280 348 426 495 499 
9 14 63 75 165 200 215 391 444 494 
6 32 62 97 206 266 490 
11 42 82 119 141 147 150 184 240 253 364 448 
7 13 63 97 238 283 288 397 
9 80 118 128 206 254 266 336 461 464 
8 12 69 134 196 238 411 460 473 
15 5 18 20 65 90 106 109 227 235 247 301 410 413 436 461 
11 25 107 123 135 149 165 217 284 328 350 462 
13 19 36 45 104 114 131 139 187 241 302 319 408 415 
14 16 52 105 194 201 228 275 298 346 355 381 422 483 487 
7 48 111 220 277 322 398 462 
8 85 104 112 167 242 332 397 410 
5 266 299 382 429 478 
12 63 79 82 92 108 171 269 328 393 397 419 488 
6 64 109 134 363 382 457 
11 0 27 119 174 175 247 285 317 392 440 478 
10 5 60 106 222 260 284 296 314 327 373 
4 56 251 270 381 
11 82 89 154 170 196 297 319 366 399 411 494 
11 47 123 231 263 272 315 354 430 444 481 494 
9 66 102 267 288 300 305 361 386 440 
13 13 42 55 100 113 136 178 180 245 269 293 400 414 
11 33 159 186 294 328 349 370 402 427 440 448 
5 145 153 213 404 491 
5 90 258 287 320 350 
19 14 53 57 105 117 179 198 290 295 315 325 381 393 415 427 432 465 481 482 
5 10 13 254 427 499 
8 191 303 323 364 445 458 465 473 
8 49 314 389 436 464 467 492 494 
6 130 197 241 336 422 465 
11 21 57 102 146 191 234 264 390 450 464 472 
12 6 29 41 45 69 93 188 232 281 440 487 496 
11 30 80 127 133 175 187 221 242 303 438 491 
8 61 106 199 260 300 317 323 476 
14 2 21 33 74 87 92 239 260 269 313 443 461 466 498 
8 80 130 242 243 250 258 325 394 
11 27 31 103 112 207 241 265 267 329 373 431 
9 57 105 141 151 198 227 382 423 480 
11 14 25 42 119 172 233 262 386 390 428 469 
2 37 259 
5 76 88 147 226 333 
6 71 78 106 299 329 479 
9 43 145 193 218 309 322 333 336 439 
13 25 38 43 65 75 100 135 163 190 296 335 406 491 
10 11 42 59 144 180 272 281 352 416 475 
7 80 219 236 284 328 347 451 
12 1 74 142 215 248 322 328 330 425 429 461 475 
13 1 8 121 140 146 194 285 432 433 458 460 463 466 
10 19 128 145 181 190 283 317 396 453 485 
13 63 91 100 138 189 195 267 288 305 308 344 361 402 
7 71 186 260 312 381 443 456 
11 105 188 199 203 329 354 384 398 413 456 480 
10 56 100 238 240 255 370 377 383 441 480 
10 63 71 135 207 240 256 284 314 339 481 
12 24 44 48 72 77 178 214 219 225 240 405 424 
9 11 95 121 156 212 219 239 291 472 
13 41 51 116 164 169 173 226 414 446 466 467 479 480 
11 13 200 249 263 337 401 407 459 468 486 496 
10 79 153 265 281 372 377 430 431 485 486 
6 62 75 82 244 306 355 
5 0 266 268 354 393 
11 60 69 120 160 175 184 265 270 410 444 486 
7 70 96 159 165 183 312 435 
6 5 33 165 325 434 452 
5 45 244 345 453 461 
10 63 78 141 195 210 266 293 404 447 490 
10 44 154 184 196 224 227 279 323 410 472 
13 13 51 98 105 160 161 282 340 367 413 448 453 454 
10 34 50 61 293 344 361 376 399 423 457 
7 6 88 109 220 239 249 266 
6 206 261 263 265 294 415 
12 47 66 91 154 244 261 265 282 358 414 452 473 
9 22 116 197 204 282 322 332 405 441 
6 111 256 296 343 345 428 
18 4 6 18 92 136 203 210 223 257 266 303 313 316 329 384 403 485 488 
7 35 154 183 243 266 306 331 
12 3 13 16 113 243 248 267 291 330 369 405 439 
9 113 130 159 192 243 393 414 447 496 
8 20 240 244 276 289 340 411 459 
12 49 62 76 89 256 304 332 335 349 424 443 482 
15 4 119 152 204 313 339 350 401 422 446 452 469 475 493 498 
11 33 79 123 182 192 252 254 265 312 400 406 
16 14 71 82 119 142 198 283 330 340 370 385 398 401 471 479 483 
5 65 68 96 146 211 
7 179 298 317 335 342 347 349 
9 24 160 173 255 341 378 431 490 496 
10 1 100 159 164 222 233 256 328 332 473 
8 78 84 254 287 291 313 430 490 
12 63 67 71 76 85 120 148 198 199 295 438 469 
11 59 106 130 208 273 330 332 355 420 426 467 
9 0 27 129 149 198 313 319 327 424 
7 78 88 147 246 276 348 359 
12 68 75 83 141 146 225 235 365 403 414 418 498 
10 2 37 82 125 128 203 240 288 471 490 
11 6 30 91 175 179 208 234 387 426 436 472 
13 25 140 202 239 261 276 281 304 310 419 436 487 495 
8 57 80 86 107 145 259 351 381 
11 68 90 147 163 198 276 302 373 385 400 489 
11 24 68 70 93 103 116 164 250 386 388 404 
15 2 8 12 31 87 127 170 207 232 240 271 286 292 381 496 
10 40 123 135 180 186 188 195 207 225 243 
11 52 68 131 149 186 206 293 358 364 432 474 
11 64 70 98 155 231 265 273 301 323 345 430 
8 60 72 76 107 292 367 369 391 
12 61 66 86 193 243 282 308 314 337 410 414 425 
9 47 149 172 191 293 300 309 330 393 
10 33 61 75 170 178 340 375 425 444 448 
9 21 39 83 212 262 281 409 422 486 
14 6 8 22 71 99 102 168 199 237 331 369 396 429 477 
16 34 43 63 81 134 151 197 198 214 255 306 354 358 392 465 488 
11 22 187 192 241 243 255 264 313 398 427 478 
8 59 215 216 266 374 383 400 490 
8 163 172 290 292 323 397 401 489 
10 2 181 216 260 269 289 326 387 437 477 
8 53 153 205 219 225 350 369 395 
11 22 33 58 121 272 273 334 372 438 448 499 
9 74 80 85 152 207 289 391 482 499 
10 45 98 144 209 254 338 398 439 488 489 
5 209 211 334 374 456 
14 33 60 68 105 305 313 330 341 344 347 385 399 413 416 
9 32 140 228 248 290 373 382 434 491 
17 1 143 152 153 212 230 248 260 302 310 333 339 358 361 364 430 454 
15 20 43 56 60 87 108 167 281 312 347 371 396 402 438 440 
9 44 130 228 294 403 414 419 441 455 
7 25 87 114 184 363 406 433 
3 36 172 428 
11 23 164 292 309 313 353 371 384 390 444 469 
12 15 40 50 152 190 198 212 236 304 395 409 486 
6 5 6 138 154 371 377 
8 12 104 135 164 339 348 364 470 
11 51 107 218 221 237 245 274 303 356 358 480 
12 31 74 248 295 304 317 334 381 448 450 469 488 
10 2 58 59 70 219 359 374 386 395 433 
9 75 84 89 117 200 429 465 484 494 
6 22 70 129 197 443 475 
5 44 136 184 387 420 
6 56 128 192 307 331 470 
6 14 21 104 190 310 402 
9 12 62 143 225 284 352 367 433 463 
8 206 228 288 337 345 361 370 394 
7 46 91 101 103 150 261 267 
5 132 153 167 193 434 
12 9 100 150 151 152 176 191 197 311 362 387 429 
10 69 106 127 134 208 295 322 395 482 493 
6 96 109 130 133 243 449 
19 14 133 173 174 175 198 202 208 242 260 266 291 312 357 415 418 462 479 496 
7 11 97 157 162 169 176 250 
4 57 119 228 361 
11 23 29 68 189 268 281 285 378 396 434 477 
6 65 104 113 325 393 426 
18 40 84 144 174 218 219 229 273 314 315 322 341 368 426 427 434 467 478 
10 36 39 155 167 282 311 417 438 451 468 
8 28 76 133 196 244 291 358 470 
12 16 38 74 115 273 325 363 381 399 460 461 472 
12 30 38 71 179 285 338 412 413 423 426 439 459 
7 44 100 258 368 427 436 467 
13 75 102 124 179 185 215 260 295 317 337 449 457 473 
10 56 70 150 183 207 208 300 390 441 451 
10 33 70 73 151 171 177 184 297 406 445 
8 13 34 73 172 267 300 427 442 
8 122 133 253 309 363 384 398 486 
8 137 194 284 312 338 342 450 471 
12 114 131 132 148 211 219 243 254 275 357 439 460 
15 15 20 52 55 67 168 169 193 238 266 300 307 313 409 430 
13 24 87 136 205 293 385 388 416 419 436 445 452 456 
8 0 34 64 117 155 168 294 448 
4 6 88 128 208 
14 2 57 72 134 156 159 168 169 179 200 389 444 457 463 
17 1 13 37 99 102 110 158 163 167 172 173 209 243 261 304 318 434 
13 1 59 118 134 147 174 238 257 310 315 341 378 469 
5 19 158 246 298 466 
7 111 119 132 211 273 354 371 
10 37 87 115 159 319 333 343 352 377 379 
9 13 72 197 321 336 419 428 452 454 
9 117 142 213 278 293 313 320 355 472 
13 38 52 92 187 200 213 248 251 269 339 368 435 444 
8 45 228 307 353 380 414 431 448 
7 33 107 260 321 342 350 461 
9 44 74 176 189 193 195 329 374 480 
6 4 22 59 78 108 334 
9 28 36 62 87 272 304 356 361 366 
3 34 63 164 
8 55 73 97 320 331 403 448 468 
16 1 3 61 129 142 156 193 205 220 246 334 385 444 454 455 493 
12 54 58 71 77 165 169 170 202 249 344 361 479 
9 44 68 82 101 146 180 362 399 450 
12 16 32 51 69 105 114 143 151 236 259 368 408 
7 57 113 145 246 252 325 335 
7 1 53 197 335 353 398 450 
14 20 44 66 87 122 185 314 316 326 346 479 483 484 496 
14 8 44 51 83 88 101 118 147 191 237 402 432 437 480 
11 11 30 91 176 211 214 334 399 410 445 484 
9 12 68 71 123 210 218 317 397 422 
12 14 26 53 84 153 174 185 243 250 307 345 436 
10 27 80 197 201 210 224 401 406 426 477 
15 80 119 163 166 199 203 262 272 318 325 358 375 396 419 498 
10 120 168 221 263 311 315 328 348 403 475 
13 12 32 50 72 123 186 229 241 254 425 432 478 494 
9 43 60 114 141 171 330 377 458 472 
15 37 44 55 62 116 256 339 350 351 352 397 405 413 430 495 
10 2 21 57 107 182 268 324 367 406 478 
8 7 61 110 139 380 420 453 481 
15 6 53 65 118 131 203 255 257 261 335 375 394 401 412 441 
12 2 54 104 200 323 347 421 438 466 469 490 498 
9 27 38 43 93 106 195 219 353 473 
13 41 63 125 130 172 228 339 379 382 383 450 488 498 
13 32 177 193 225 229 266 278 316 387 414 422 458 494 
7 118 147 217 366 411 480 491 
7 56 157 173 207 314 350 469 
8 32 52 234 261 274 291 418 455 
9 9 147 202 393 402 420 430 433 435 
7 74 140 203 224 258 407 446 
9 36 193 219 235 267 316 318 429 493 
9 10 43 240 249 294 333 336 354 462 
12 74 148 160 179 220 243 259 351 358 394 395 476 
15 132 172 178 185 188 208 217 224 261 272 343 366 395 406 484 
14 53 114 126 151 202 248 287 306 341 380 385 428 430 445 
11 13 58 117 123 248 267 294 344 380 392 471 
14 67 83 172 287 304 310 354 378 388 396 407 440 479 480 
14 0 14 29 53 113 131 146 182 229 254 290 364 367 440 
14 6 14 24 41 266 293 310 335 340 388 419 429 441 487 
6 106 116 188 270 371 478 
12 18 87 122 272 280 346 359 430 435 439 454 459 
5 8 13 28 271 275 
12 108 140 144 170 241 248 328 405 418 431 444 490 
14 47 96 125 131 164 200 210 301 333 362 417 453 458 495 
8 29 57 298 344 412 427 440 443 
12 8 84 123 133 161 247 251 285 293 367 417 498 
5 211 287 386 420 429 
10 12 90 114 188 388 436 459 468 470 472 
18 22 50 105 111 120 143 144 184 294 322 365 369 415 420 435 439 475 497 
9 54 87 134 139 149 172 276 352 379 
12 14 72 144 174 180 187 203 217 296 351 466 492 
11 56 64 80 173 206 234 280 414 432 451 496 
9 83 85 109 170 177 184 187 355 415 
10 90 91 138 140 219 270 311 323 339 478 
13 13 14 24 213 216 229 277 281 289 345 355 374 436 
12 20 141 177 182 285 286 300 318 364 396 423 469 
7 102 127 140 271 311 362 364 
10 7 30 82 88 92 155 202 237 254 355 
9 33 35 215 252 259 365 395 443 477 
16 11 23 30 64 93 95 151 178 219 227 273 297 303 333 405 444 
9 3 5 24 165 176 180 204 318 343 
9 80 96 183 217 248 267 314 352 487 
6 4 78 182 259 275 404 
11 29 78 171 270 313 340 360 417 431 440 464 
10 82 147 166 217 282 315 324 402 489 493 
9 162 171 200 237 291 334 369 399 407 
9 2 43 107 287 320 368 377 383 433 
11 8 55 64 143 182 217 220 301 388 473 477 
10 30 97 189 227 294 353 391 436 448 491 
5 33 120 177 182 434 
14 24 27 37 52 105 122 178 212 275 297 306 358 382 395 
11 42 61 62 194 297 312 330 406 465 479 487 
7 142 236 270 297 329 341 421 
9 38 224 274 286 302 348 377 416 466 
11 65 117 149 158 207 269 311 316 370 397 499 
12 11 74 81 107 157 187 272 332 334 337 376 410 
8 0 45 228 278 382 406 420 496 
7 3 46 81 243 260 496 497 
14 28 169 199 207 219 228 250 293 312 350 397 439 482 490 
8 12 189 230 320 373 376 422 432 
8 2 71 343 363 396 424 427 476 
12 54 68 118 147 166 219 237 245 278 282 459 476 
10 70 240 283 323 336 368 391 437 457 495 
7 29 112 222 251 258 360 438 
10 100 125 199 219 227 317 335 336 395 434 
9 10 190 328 338 396 418 419 462 472 
9 8 63 91 116 278 305 313 390 469 
11 34 54 61 76 165 201 236 298 317 325 391 
10 29 84 85 248 253 273 284 346 362 381 
10 174 201 206 212 328 345 397 470 491 499 
6 120 150 180 237 354 475 
11 21 62 220 224 226 269 319 375 378 380 407 
10 9 26 156 213 375 391 393 435 440 459 
9 38 44 79 114 134 195 218 359 439 
8 66 209 216 230 276 334 435 478 
14 53 70 74 76 92 96 204 293 300 371 372 403 485 486 
8 49 69 95 166 355 359 438 462 
8 150 156 226 270 296 346 353 406 
9 9 22 183 246 267 316 371 450 492 
9 270 303 329 385 395 400 457 473 497 
5 274 299 314 315 371 
12 82 93 107 115 123 148 194 197 229 251 368 387 
9 110 112 135 218 303 350 356 458 494 
7 150 209 303 346 404 411 444 
14 2 5 10 26 71 93 149 172 224 258 392 464 492 495 
10 86 180 195 217 262 281 314 379 485 489 
12 16 49 118 136 196 230 326 387 395 408 451 463 
14 66 70 76 82 95 192 211 233 240 304 381 386 423 430 
9 14 67 196 262 316 318 327 347 466 
3 41 126 265 
13 17 38 128 136 224 255 366 405 422 441 463 467 480 
9 13 79 98 201 214 348 362 367 372 
4 113 207 315 384 
10 27 52 111 123 158 175 203 247 308 372 
10 21 39 58 84 133 237 300 312 430 466 
17 1 38 212 225 230 241 312 313 338 350 364 379 386 425 447 448 495 
13 146 206 220 246 293 316 335 360 365 478 482 487 493 
13 11 34 92 101 109 111 210 290 297 354 358 369 450 
13 0 55 108 149 180 208 215 258 286 400 478 493 499 
13 18 37 56 88 116 166 217 251 283 289 345 488 493 
9 2 46 119 179 195 209 379 398 450 
10 22 155 178 180 210 292 300 404 411 493 
10 76 120 147 220 235 288 308 344 422 433 
12 16 27 44 49 69 172 190 221 280 294 375 449 
8 121 163 196 342 383 401 439 449 
10 84 152 170 174 297 322 339 390 439 464 
14 41 57 74 141 179 222 256 292 298 313 351 356 377 408 
10 7 65 71 155 309 316 345 371 411 418 
5 33 106 284 386 406 
8 19 59 205 225 261 430 460 485 
14 17 19 39 45 56 57 104 109 159 164 202 289 355 484 
10 76 87 103 116 176 305 383 401 407 418 
11 20 41 60 252 300 324 420 421 475 481 482 
9 7 51 83 104 149 165 217 252 297 
14 9 16 119 154 169 175 190 202 221 274 304 331 421 469 
10 32 94 106 123 168 243 328 332 437 473 
9 10 38 90 142 217 262 353 417 446 
10 0 1 16 72 75 249 323 325 343 416 
13 9 13 190 243 307 322 365 407 411 428 454 457 473 
10 87 111 193 221 262 271 293 318 365 481 
15 31 42 53 74 187 233 299 308 326 328 356 412 447 472 489 
9 56 74 80 93 301 352 412 414 468 
13 11 31 107 127 178 205 290 304 359 390 402 428 429 
7 135 166 252 335 387 435 471 
6 9 152 177 188 360 475 
7 8 144 202 204 295 395 455 
9 29 40 97 187 192 247 248 252 292 
13 31 120 123 124 208 248 253 257 324 360 447 457 480 
7 136 171 223 271 314 418 422 
12 69 110 144 206 231 240 310 318 326 422 474 499 
16 10 44 117 156 185 200 219 261 297 308 314 320 387 394 409 490 
8 7 33 134 156 183 274 322 343 
8 21 123 145 199 288 295 331 359 
9 18 36 145 222 230 236 308 346 402 
11 4 59 161 218 239 246 248 266 349 364 440 
13 2 11 160 273 308 320 328 372 374 423 461 485 498 
12 66 104 126 192 193 253 262 291 327 334 348 448 
7 5 38 44 211 288 362 415 
13 17 48 54 130 186 213 220 249 301 363 376 451 476 
15 34 49 91 140 174 215 252 260 320 328 358 373 404 405 455 
14 113 118 120 129 220 316 317 324 343 372 434 451 467 499 
8 70 150 170 221 255 300 318 390 
2 257 479 
11 36 85 132 148 177 232 324 338 463 478 482 
13 19 37 98 117 159 204 224 265 273 281 322 339 383 
6 35 125 256 262 289 314 
8 22 24 154 178 309 416 494 498 
7 163 175 395 420 427 467 475 
16 3 14 24 100 120 165 204 213 229 263 274 280 348 395 436 493 
7 65 89 94 242 254 403 404 
9 128 229 259 283 286 303 378 397 400 
13 10 143 249 255 331 386 438 440 457 469 484 485 488 
6 30 161 169 178 262 271 
8 23 70 83 146 162 165 299 323 
10 8 43 63 165 219 271 281 320 418 461 
10 45 66 69 221 281 307 425 439 464 482 
8 25 68 148 149 216 262 473 475 
13 47 61 71 89 112 166 254 265 362 379 418 427 451 
9 47 125 145 296 304 323 382 478 494 
9 75 155 176 252 320 327 361 372 480 
8 55 103 145 251 260 409 465 467 
11 75 102 104 132 144 162 251 275 435 454 480 
7 30 105 108 243 311 365 376 
6 145 236 265 386 390 443 
8 20 102 126 128 343 384 405 455 
8 123 125 127 207 231 351 460 466 
13 41 51 132 145 154 268 301 330 353 388 394 465 481 
11 6 34 126 154 187 248 253 390 440 447 460 
8 35 54 155 249 280 327 421 475 
16 0 38 50 86 136 178 186 224 229 267 301 306 335 366 414 451 
10 21 34 60 67 68 227 234 250 327 369 
7 30 64 180 191 259 315 423 
11 59 128 153 164 192 251 272 296 327 365 420 
11 103 125 169 184 254 302 347 379 415 418 456 
7 7 26 71 85 199 429 498 
13 142 144 178 232 294 328 370 412 424 447 456 468 482 
6 55 131 312 360 361 438 
7 40 206 211 246 292 338 347 
15 75 96 110 113 208 248 295 298 319 333 374 396 398 443 458 
11 69 139 154 180 243 282 287 316 351 442 481 
16 52 68 135 149 150 154 228 276 288 305 316 390 427 459 461 486 
10 33 86 117 123 151 299 412 419 466 479 
10 123 177 214 241 358 396 412 443 455 475 
5 107 180 287 492 493 
10 89 94 231 287 289 313 410 451 486 490 
10 9 88 146 156 172 375 385 409 435 451 
12 15 17 91 155 156 159 205 225 258 375 480 484 
9 107 129 193 318 341 351 396 489 496 
9 95 111 172 207 215 229 303 399 451 
8 55 195 210 215 344 385 420 487 
13 3 22 99 163 183 185 191 209 301 322 358 430 484 
10 42 68 69 121 130 141 218 305 348 369 
8 37 67 95 126 330 378 384 483 
15 42 71 85 95 178 241 281 310 344 396 398 399 401 448 483 
13 24 81 87 98 116 117 126 231 295 304 382 446 458 
8 51 97 193 297 323 362 384 395 
13 4 22 129 155 175 183 197 243 287 331 356 357 487 
6 25 45 89 328 357 379 
12 26 44 132 178 190 293 301 303 325 435 446 474 
11 20 25 97 124 213 214 354 369 398 429 440 
500 2534
6 80 95 174 176 271 362 
8 72 230 240 259 348 401 428 484 
6 23 28 38 154 367 413 
7 43 160 167 309 365 373 457 
11 89 101 118 126 223 245 270 358 403 453 466 
12 34 134 136 181 224 283 289 316 353 378 420 464 
9 29 127 325 330 358 388 403 414 459 
16 17 22 70 105 112 121 158 204 212 260 292 331 351 386 458 494 
12 44 78 161 172 184 211 221 222 292 333 348 484 
3 86 195 472 
10 17 67 133 157 220 323 350 421 452 487 
12 126 143 175 243 250 251 302 324 325 366 418 457 
13 21 25 30 42 62 78 82 122 343 391 397 418 429 
8 55 176 249 258 283 306 335 347 
11 80 81 219 234 258 313 343 353 354 364 412 
13 19 47 50 63 88 127 143 196 236 331 360 398 439 
11 36 75 114 125 144 148 201 220 292 321 432 
9 7 10 124 148 269 346 357 362 431 
7 25 51 208 318 344 374 491 
11 15 32 147 166 235 241 277 340 437 451 481 
3 88 194 343 
12 12 105 128 139 157 206 230 343 372 376 385 471 
7 7 49 57 156 393 429 443 
13 2 31 77 98 116 127 173 259 286 388 467 483 492 
10 40 59 188 236 407 442 468 496 498 499 
9 12 18 26 215 257 300 309 342 435 
10 25 139 149 215 231 354 359 377 382 385 
18 36 37 79 93 116 197 235 239 264 286 309 352 364 376 397 434 439 488 
9 2 141 165 204 229 234 388 465 476 
14 6 59 91 101 112 117 119 139 141 181 188 402 431 490 
13 12 69 71 105 148 199 244 245 260 281 324 388 493 
13 23 50 146 179 187 269 277 333 338 399 426 462 477 
5 19 245 343 419 466 
7 50 123 150 218 392 430 478 
6 5 58 235 254 443 466 
15 60 76 106 152 168 208 215 243 299 317 334 335 371 418 485 
11 16 27 109 112 132 234 260 291 335 425 491 
13 27 139 164 170 186 231 276 321 335 367 402 406 482 
10 2 43 90 120 150 291 316 320 459 494 
7 44 82 399 408 410 417 447 
10 24 46 53 76 89 104 159 279 327 414 
13 55 116 149 162 181 199 277 337 375 444 451 471 481 
8 12 60 150 185 229 261 334 424 
13 3 38 57 106 147 235 291 393 411 440 446 452 469 
6 8 39 263 346 347 464 
12 56 117 162 166 178 198 223 354 431 464 474 481 
11 40 86 101 147 148 176 275 282 369 395 441 
16 15 55 71 77 85 112 126 151 217 299 326 343 372 427 467 491 
15 102 128 136 206 217 357 369 386 392 397 400 403 419 438 491 
12 22 79 86 194 222 225 358 363 368 369 448 457 
10 15 31 33 259 287 331 406 469 470 492 
7 18 89 126 174 415 416 425 
10 70 95 142 262 286 310 389 395 420 462 
16 40 82 83 87 134 160 175 180 228 237 285 309 344 369 415 479 
4 141 296 311 386 
14 13 41 47 75 99 109 137 140 171 244 323 333 341 367 
12 45 72 84 170 291 325 355 367 435 443 488 499 
8 22 43 78 94 330 376 447 481 
12 34 91 163 218 249 299 339 357 362 386 435 448 
12 24 29 180 280 369 384 427 438 451 454 487 488 
10 35 42 83 148 221 281 352 382 421 454 
17 124 136 207 227 241 253 254 275 276 281 284 312 315 341 441 466 489 
16 12 68 140 143 154 169 231 234 252 268 292 321 322 324 374 464 
16 15 99 123 143 150 153 188 200 260 266 270 315 330 374 389 399 
9 94 134 148 160 286 336 360 397 411 
6 73 122 124 148 332 371 
10 98 159 216 222 262 266 335 352 357 461 
11 10 76 85 191 214 220 246 263 346 359 490 
3 62 150 204 
13 30 86 114 115 117 177 189 201 235 318 370 408 419 
9 7 52 73 172 180 191 354 380 446 
17 30 47 95 96 101 124 127 131 193 206 212 220 245 284 332 389 412 
12 1 56 196 252 338 367 378 392 419 473 489 498 
13 65 70 77 136 232 250 280 294 336 362 371 385 397 
6 108 148 198 385 469 482 
9 16 55 184 186 254 295 413 419 470 
14 35 40 67 117 149 217 324 337 352 355 413 417 426 475 
10 23 47 73 91 96 130 140 147 206 398 
11 8 12 57 169 189 193 205 253 342 446 448 
10 27 49 102 110 198 221 226 228 229 449 
13 0 14 107 123 161 190 283 379 426 431 457 473 493 
11 14 135 175 236 246 287 301 332 385 438 450 
17 12 39 53 86 98 115 176 236 342 343 376 379 404 442 457 486 487 
12 53 60 168 184 189 214 231 310 352 384 438 446 
7 56 86 144 246 250 393 410 
10 47 67 188 196 241 301 317 464 484 492 
9 9 46 49 69 82 84 210 293 379 
8 53 96 180 291 296 442 465 488 
13 15 20 97 187 212 224 295 297 321 360 379 380 399 
12 4 40 51 130 144 146 169 202 255 360 393 431 
12 38 103 114 179 293 316 355 382 428 439 464 499 
14 29 58 77 106 112 154 273 290 322 333 359 368 447 488 
8 102 252 253 263 275 337 399 489 
10 27 96 123 148 161 250 370 378 392 417 
7 57 64 118 186 189 318 384 
9 0 52 71 128 130 146 242 292 369 
10 71 77 87 93 173 321 410 416 423 466 
10 88 113 151 175 309 343 357 377 393 402 
6 23 66 82 232 402 460 
12 55 63 174 221 240 260 286 293 303 390 449 488 
6 129 255 311 332 369 441 
12 4 29 46 71 121 204 280 331 332 393 398 477 
15 48 79 92 109 164 184 226 233 257 280 308 381 397 398 443 
12 90 124 146 191 241 269 305 337 376 390 425 434 
11 40 195 224 228 237 302 304 348 437 460 473 
12 7 21 30 115 157 162 169 272 318 322 336 364 
13 35 43 91 190 207 318 358 386 389 401 417 480 482 
8 80 132 216 227 253 324 398 435 
10 74 119 210 223 246 314 321 322 405 441 
7 36 55 102 160 324 366 478 
8 79 136 143 163 260 367 409 490 
3 120 358 406 
18 7 29 36 47 91 129 148 159 195 210 249 280 377 388 409 436 440 460 
3 97 341 406 
8 16 69 90 245 287 418 480 490 
10 69 82 105 139 151 183 270 289 364 470 
8 23 27 41 161 190 317 325 358 
9 29 45 69 76 228 260 264 268 408 
10 4 94 147 165 236 302 309 316 345 394 
15 29 108 157 221 243 262 276 296 317 375 386 419 440 461 462 
11 38 111 149 157 177 180 193 247 264 397 419 
8 7 101 169 192 377 452 470 476 
8 12 65 248 391 396 408 409 450 
11 33 63 80 93 245 348 350 383 450 476 496 
15 17 61 65 71 103 207 243 252 269 276 350 351 373 401 491 
13 16 162 176 189 196 287 304 327 366 393 455 457 461 
12 4 11 47 51 145 163 186 295 313 338 398 417 
12 6 15 23 71 239 293 322 346 426 444 471 487 
13 21 48 95 146 157 159 274 349 405 433 437 452 462 
9 100 112 233 359 366 407 441 476 479 
15 77 89 95 144 162 196 205 237 276 306 346 378 427 470 478 
11 71 168 188 241 262 301 329 332 368 458 490 
7 36 107 148 154 253 379 462 
6 10 150 288 292 296 352 
11 5 53 64 171 243 307 335 338 350 387 497 
9 81 176 182 263 269 294 361 382 418 
12 5 48 61 73 110 185 234 236 250 275 361 493 
9 55 174 300 306 348 388 460 477 484 
8 190 195 197 255 318 324 372 388 
10 21 26 29 37 115 212 213 303 384 402 
7 55 62 77 200 364 440 479 
11 28 29 54 153 206 209 295 338 358 433 473 
12 52 159 188 197 201 255 263 321 348 389 428 449 
12 11 15 62 63 110 337 339 349 399 418 455 493 
14 16 84 89 130 150 160 226 241 303 324 370 419 462 477 
8 126 179 213 233 278 303 433 484 
14 31 89 95 103 128 161 184 217 231 253 269 278 290 343 
14 19 43 46 77 118 176 207 250 265 341 355 414 465 495 
15 16 17 30 46 60 64 65 74 93 112 132 199 217 440 441 
8 26 41 76 120 185 236 287 451 
10 33 38 42 63 68 133 144 193 236 262 
9 47 97 115 199 221 237 267 365 380 
8 35 281 284 290 302 339 390 411 
8 63 141 190 272 355 390 433 464 
14 2 62 91 132 166 186 207 211 263 327 351 352 374 484 
4 261 262 346 385 
6 22 190 252 278 307 433 
16 10 21 105 119 120 128 158 181 255 327 363 383 388 400 404 483 
11 7 157 176 267 305 324 329 382 475 487 491 
13 40 66 112 128 142 233 272 277 333 337 394 449 467 
9 3 53 64 109 144 196 286 333 360 
11 8 80 93 116 146 174 206 303 436 448 454 
11 41 45 105 125 130 176 177 271 374 386 387 
13 58 110 126 215 261 303 329 336 357 359 454 455 467 
8 37 102 209 248 262 327 329 453 
13 28 118 212 271 276 278 304 321 379 408 444 465 485 
10 19 45 154 175 209 348 352 415 422 464 
12 3 169 196 232 233 261 264 270 382 397 420 428 
10 35 83 131 240 247 252 390 395 420 453 
14 62 78 89 105 121 167 174 205 230 236 321 322 328 394 
7 37 56 205 265 291 455 481 
7 55 134 311 401 444 457 478 
9 8 70 238 288 314 352 386 406 421 
6 23 96 221 332 369 407 
11 0 51 99 137 161 169 179 339 428 460 486 
11 11 53 81 97 166 224 229 307 327 384 400 
12 0 13 46 82 125 135 147 158 162 253 328 472 
9 69 120 162 312 325 393 436 461 491 
4 45 258 287 475 
9 31 90 145 174 242 307 338 383 460 
9 53 59 70 87 120 304 329 367 461 
13 5 29 41 157 219 266 270 317 322 326 327 367 493 
10 135 199 205 224 251 265 275 284 295 359 
9 115 252 376 387 396 406 430 446 459 
17 8 75 83 102 146 203 205 216 217 250 300 302 314 404 406 423 444 
12 42 136 149 190 224 286 301 336 361 463 493 495 
11 37 75 94 126 154 232 237 298 355 405 430 
9 31 88 265 350 358 368 369 392 402 
14 24 29 63 85 131 142 207 288 300 346 429 435 441 479 
9 69 78 83 94 125 199 232 434 466 
13 80 106 116 138 153 156 185 244 252 368 405 436 476 
11 67 70 103 240 326 327 357 409 422 433 471 
3 121 270 334 
9 71 78 120 150 275 276 325 375 446 
4 20 49 318 429 
11 9 104 112 138 213 233 261 264 445 453 459 
11 15 72 85 125 130 160 167 283 352 384 471 
9 27 138 142 204 269 314 354 421 473 
7 45 74 79 319 337 354 446 
10 30 41 148 151 182 189 332 347 361 367 
4 63 140 310 372 
7 16 69 142 242 307 314 453 
6 89 229 244 364 438 471 
6 184 209 251 403 412 477 
15 7 28 68 101 197 218 252 284 300 334 397 434 438 441 499 
14 78 130 169 170 182 184 216 225 229 231 240 270 290 413 
11 21 48 71 77 141 161 290 390 404 450 455 
14 61 106 124 147 154 188 306 326 352 366 367 377 410 441 
8 18 35 286 312 342 392 438 493 
10 141 164 166 203 213 293 316 343 442 479 
10 86 108 112 279 299 347 365 381 431 475 
5 8 154 241 259 440 
11 7 71 88 139 165 216 286 301 346 357 478 
11 139 145 195 209 254 264 308 375 407 446 489 
6 67 83 261 315 359 437 
9 25 26 35 163 268 369 384 420 472 
10 66 107 184 205 212 249 338 343 352 449 
15 47 48 76 146 148 184 220 240 282 335 364 394 414 494 497 
8 33 58 204 250 255 299 303 393 
9 14 181 239 301 307 378 432 440 483 
9 10 16 67 71 217 273 317 360 466 
17 8 60 79 99 119 151 173 249 251 283 284 310 414 468 469 481 482 
7 8 49 66 267 271 273 280 
14 4 45 108 230 251 252 253 360 366 441 442 449 495 498 
10 5 88 104 175 182 185 259 322 443 483 
7 49 205 365 366 387 424 481 
5 79 102 144 436 473 
5 61 107 387 405 417 
6 53 79 104 117 342 419 
12 28 42 79 175 202 205 248 254 342 387 475 485 
16 1 21 169 223 254 260 272 281 363 381 412 414 415 457 460 477 
12 26 37 62 83 146 205 288 301 343 385 474 492 
10 73 98 167 186 189 304 331 348 434 470 
11 102 129 145 159 167 195 266 337 360 392 448 
12 14 28 36 62 136 279 309 404 415 419 480 483 
10 19 27 34 43 69 245 327 400 452 486 
13 15 24 81 82 118 136 149 150 169 247 248 417 471 
14 53 104 130 151 186 257 303 315 328 393 441 454 477 485 
7 172 324 344 369 382 465 484 
5 27 127 219 255 293 
13 1 99 168 191 205 217 275 323 324 414 443 495 499 
11 19 61 85 103 131 144 211 292 338 384 479 
9 95 179 201 303 354 377 396 405 496 
7 11 35 119 124 134 325 409 
6 30 55 190 202 285 439 
13 4 30 32 71 114 123 235 295 325 342 377 411 412 
10 67 81 84 108 330 343 372 374 456 491 
7 120 168 236 326 452 458 487 
10 122 164 229 236 332 352 386 409 459 496 
13 13 58 112 216 221 267 268 320 325 390 405 442 460 
14 11 73 84 93 136 147 184 218 324 333 373 433 437 483 
10 11 182 203 221 223 284 297 305 345 442 
17 62 72 92 124 156 168 183 190 204 223 268 401 444 449 458 459 496 
10 61 78 92 107 132 146 176 223 254 453 
16 34 61 75 213 229 230 253 274 288 348 351 367 381 422 458 485 
11 89 100 138 142 157 218 239 323 428 457 462 
5 324 331 357 370 439 
9 25 102 237 279 318 339 373 380 438 
9 13 14 178 337 365 368 391 458 459 
10 1 23 50 211 224 294 308 388 408 441 
14 7 30 36 63 99 110 117 230 307 346 384 467 488 493 
9 42 155 163 167 195 214 350 354 499 
12 52 66 119 131 150 155 164 371 378 390 429 437 
10 44 67 92 135 142 154 342 382 412 456 
11 27 117 120 167 195 213 285 339 341 445 477 
9 147 170 182 187 283 302 364 368 427 
9 63 66 181 233 272 284 356 359 393 
9 151 158 222 249 337 396 418 431 459 
7 62 117 215 249 252 343 439 
13 17 31 103 124 135 146 197 306 324 337 392 396 479 
12 4 63 115 167 181 192 205 327 420 464 489 499 
11 0 162 165 222 342 375 382 383 406 477 483 
7 105 153 159 230 266 381 435 
7 91 220 222 323 350 352 389 
7 128 254 288 311 371 390 473 
8 46 61 92 136 182 193 240 396 
14 37 61 119 124 130 165 193 277 280 339 373 452 476 499 
9 19 31 41 159 276 356 371 375 386 
8 145 146 156 165 329 331 347 371 
10 40 210 234 257 291 306 349 401 440 489 
13 59 73 101 102 112 222 276 286 303 352 431 470 482 
11 30 60 61 152 230 293 337 376 428 437 473 
5 46 217 369 372 466 
7 5 13 80 196 221 265 318 
13 61 71 152 182 204 221 251 266 302 396 409 413 432 
8 53 244 264 290 368 431 448 477 
13 23 27 52 64 99 160 185 208 212 280 297 314 498 
11 50 81 114 125 149 178 321 339 341 364 488 
10 133 172 188 231 254 274 308 401 442 466 
4 5 115 389 428 
10 91 146 152 205 206 285 291 382 420 476 
10 36 38 43 56 87 170 279 290 305 394 
11 7 8 16 62 95 133 241 407 424 463 476 
9 86 90 99 127 209 239 281 384 495 
6 73 135 259 303 379 451 
12 75 88 126 141 182 245 338 351 373 412 468 476 
10 54 87 119 133 396 398 437 470 498 499 
8 88 251 286 299 338 379 422 438 
4 186 320 469 472 
9 35 47 58 210 218 297 367 392 488 
7 25 137 184 188 204 365 469 
10 81 85 131 185 212 219 231 342 384 452 
12 11 104 118 152 184 265 284 306 329 396 461 465 
12 99 139 144 145 161 163 218 237 242 280 294 431 
7 104 125 165 180 232 375 398 
7 103 158 251 291 350 387 452 
12 13 130 137 207 269 279 302 333 415 436 449 478 
12 134 156 175 179 201 219 260 378 437 438 454 495 
7 102 213 259 288 320 393 394 
8 3 25 27 53 97 118 234 463 
10 52 83 200 221 325 382 392 428 486 488 
5 54 100 171 274 443 
5 61 177 208 378 405 
11 14 126 344 360 384 397 410 430 434 443 492 
10 108 172 184 197 201 286 320 341 371 394 
9 61 63 214 237 356 374 411 438 459 
12 5 38 90 118 209 398 409 444 450 456 463 465 
10 35 85 116 119 181 220 401 427 459 483 
11 18 69 94 105 106 138 194 257 283 325 350 
6 198 360 378 434 489 494 
8 38 249 298 308 314 375 399 463 
13 16 37 62 88 96 108 142 165 169 287 357 372 387 
13 62 91 105 108 127 169 181 224 326 364 415 447 477 
10 10 55 240 255 273 356 380 396 400 488 
18 11 30 62 76 107 109 138 144 158 238 240 250 256 269 373 384 447 449 
15 6 11 56 116 177 193 243 245 249 310 318 361 416 480 498 
6 47 181 191 207 247 322 
16 40 125 154 157 164 175 181 191 235 270 328 399 432 440 443 488 
6 169 176 237 327 412 437 
9 131 158 163 164 180 278 302 469 492 
9 6 57 63 246 333 336 427 450 482 
10 7 15 50 101 232 256 278 381 489 491 
12 65 71 81 100 101 131 173 199 248 336 480 493 
10 8 31 55 91 159 160 250 306 330 404 
8 35 42 192 204 452 461 469 483 
8 13 35 36 37 66 134 217 358 
11 64 73 105 163 185 330 332 345 364 391 469 
18 41 76 92 103 143 159 198 233 258 267 269 281 346 375 390 397 429 434 
12 31 72 126 134 141 179 216 241 295 297 351 410 
10 58 143 152 174 257 264 276 287 355 427 
4 19 363 420 473 
7 55 61 113 147 264 287 314 
14 25 78 82 208 228 229 245 263 271 301 343 357 479 484 
19 12 14 20 21 32 47 82 97 146 209 216 231 246 268 342 376 466 467 475 
8 18 53 238 313 396 399 422 497 
6 118 251 336 352 393 478 
15 17 44 67 127 130 155 188 212 260 337 351 373 397 423 448 
11 13 44 199 210 278 374 375 470 483 495 496 
10 1 8 104 123 137 142 166 232 254 407 
6 128 143 279 381 401 403 
11 10 123 124 134 187 261 273 305 318 354 466 
10 7 124 154 254 295 338 346 380 433 488 
18 27 60 66 76 83 133 154 166 172 196 207 216 248 273 280 345 450 465 
5 5 14 378 431 488 
14 14 26 45 70 197 198 242 261 350 372 392 415 457 473 
9 56 76 90 147 153 186 339 381 385 
7 266 277 315 323 421 422 427 
15 17 48 58 66 97 163 191 212 256 321 342 368 405 480 492 
12 4 6 49 106 111 116 141 187 335 367 435 463 
13 26 67 91 129 163 182 214 266 361 422 446 463 498 
12 15 64 88 89 160 220 223 233 313 319 479 485 
9 135 136 185 199 325 359 415 455 489 
13 0 17 58 73 363 385 387 397 415 418 442 443 446 
6 49 157 230 340 362 380 
12 14 27 105 115 140 202 217 265 287 322 336 487 
9 3 151 210 225 258 300 381 384 485 
8 11 109 125 129 207 223 225 495 
14 2 37 55 56 72 110 180 181 199 207 254 299 358 406 
13 49 91 131 187 190 258 265 285 357 468 469 496 499 
14 46 48 49 53 59 95 100 173 187 215 238 282 445 473 
6 69 93 144 256 377 493 
14 35 65 73 262 274 277 278 314 397 404 429 445 447 484 
15 21 47 138 200 246 282 321 354 378 422 429 442 455 457 460 
11 3 124 250 257 276 295 324 346 438 444 470 
8 18 62 63 154 162 246 315 347 
10 41 119 193 213 271 277 304 320 337 347 
9 21 27 57 82 103 183 281 343 393 
14 26 97 112 121 207 242 245 370 379 413 418 429 438 467 
14 5 72 93 130 219 262 307 312 319 353 372 406 421 493 
10 80 82 86 88 132 165 294 297 377 422 
8 70 88 151 257 323 351 363 430 
9 102 210 230 254 272 331 349 355 365 
14 26 60 90 135 158 167 238 263 271 290 310 394 433 435 
7 123 157 179 271 431 456 478 
16 59 83 94 139 175 196 215 241 260 293 301 313 324 365 410 460 
12 21 26 73 74 81 155 231 355 362 396 472 486 
12 7 48 54 58 106 119 162 172 248 277 389 490 
11 134 162 183 225 227 229 305 321 362 475 482 
11 6 23 28 30 112 137 138 157 259 448 489 
10 52 63 71 106 142 273 289 386 437 496 
11 99 103 152 153 168 206 249 262 274 337 450 
4 12 122 258 336 
13 33 48 72 93 187 208 233 269 299 310 354 439 471 
15 22 43 84 89 97 101 125 177 218 237 266 308 345 376 454 
11 118 159 169 217 291 308 314 382 400 448 492 
7 46 52 168 407 412 427 429 
16 122 183 242 267 269 275 284 296 302 323 344 385 410 420 444 453 
15 12 27 48 64 73 102 120 167 204 313 337 346 362 371 474 
15 15 77 101 102 107 126 296 304 316 400 413 438 458 482 495 
9 31 39 63 88 92 143 320 327 344 
11 48 157 175 235 323 394 398 426 486 489 499 
11 1 106 124 171 252 279 288 317 349 412 477 
8 29 37 97 98 139 187 410 463 
5 4 6 48 203 349 
10 82 157 184 206 234 333 371 416 480 499 
11 108 128 186 190 227 242 249 312 357 413 474 
12 37 50 111 113 172 183 184 271 367 378 419 453 
10 24 129 173 213 292 348 395 421 463 495 
6 39 69 117 122 165 259 
8 110 112 122 191 243 248 284 316 
9 39 84 96 207 313 338 384 396 402 
5 43 64 152 245 315 
11 14 71 203 230 245 263 295 328 395 401 498 
12 2 75 76 205 284 377 398 405 442 459 472 486 
8 6 40 147 217 221 230 240 453 
10 51 53 166 230 234 306 322 354 361 362 
4 51 96 325 404 
9 39 76 93 106 126 227 236 484 499 
12 11 12 35 114 135 143 267 362 377 441 442 488 
12 32 48 69 72 75 119 120 144 228 234 406 452 
11 5 52 167 168 215 270 290 340 396 425 466 
9 10 60 172 197 356 378 407 441 454 
9 166 191 254 297 344 356 359 372 379 
4 96 184 346 443 
4 42 225 292 461 
6 36 51 103 420 447 495 
7 31 76 80 127 400 436 445 
9 47 59 130 265 317 330 339 356 395 
9 1 90 142 167 174 255 281 289 310 
12 12 22 188 194 262 337 371 372 377 395 479 490 
9 33 183 186 313 380 461 480 498 499 
13 17 29 45 80 89 210 267 280 285 303 353 383 471 
6 16 219 284 327 434 456 
10 128 141 145 153 156 191 250 351 382 486 
10 27 103 189 204 232 313 319 337 432 445 
9 25 56 58 107 188 272 358 382 496 
8 112 161 177 190 226 306 426 456 
12 19 104 128 214 250 262 281 296 307 328 389 459 
18 48 59 81 83 202 204 208 257 297 307 315 373 377 398 451 458 486 489 
7 15 27 90 244 256 268 392 
10 43 112 119 140 148 211 219 279 327 444 
15 46 61 100 108 129 148 188 204 207 223 237 259 418 421 448 
13 24 82 87 209 223 249 251 288 362 372 413 418 449 
13 22 34 56 102 224 240 311 313 327 362 423 449 465 
11 41 127 165 171 184 252 316 373 396 440 487 
7 195 264 369 371 426 434 448 
11 43 70 78 83 183 193 198 213 359 362 465 
7 39 57 91 322 324 371 425 
12 49 58 78 161 233 285 346 388 394 441 445 472 
12 79 99 142 159 216 223 252 306 324 442 443 493 
8 81 122 123 206 316 330 352 390 
6 19 41 59 149 294 438 
13 10 43 121 128 235 247 276 301 305 334 419 455 478 
10 4 164 168 195 201 253 396 406 414 496 
8 59 60 161 163 237 307 393 421 
10 125 143 163 170 206 361 372 452 472 494 
6 246 263 316 383 432 436 
11 3 11 49 80 82 125 171 230 255 354 372 
9 7 131 247 252 254 258 398 438 483 
12 6 38 183 195 248 252 258 267 315 317 413 437 
11 98 104 112 137 174 179 230 249 372 384 480 
9 66 119 125 177 180 302 334 424 430 
8 31 52 119 128 132 144 255 469 
10 185 292 309 316 320 358 359 402 407 493 
11 5 44 45 62 85 90 153 166 270 490 491 
11 28 87 147 165 238 302 316 352 443 446 481 
12 4 32 34 61 96 189 220 282 288 343 350 420 
7 23 47 159 163 260 343 377 
5 24 221 295 368 490 
11 43 50 74 221 298 300 329 334 336 368 462 
11 50 75 115 121 130 232 280 296 347 373 475 
9 21 41 127 191 196 202 236 392 431 
9 9 176 215 298 385 413 448 455 493 
11 72 80 104 141 197 226 274 281 340 354 369 
4 45 231 397 405 
8 76 158 178 210 229 343 387 470 
9 28 121 123 129 190 276 290 292 295 
12 31 101 137 144 203 230 237 264 271 285 322 401 
9 33 109 130 171 212 306 345 383 452 
10 53 129 140 188 209 241 269 342 360 429 
9 106 114 234 325 332 357 404 430 460 
8 19 41 45 57 170 221 225 465 
8 37 74 106 221 280 330 387 398 
11 23 157 219 224 234 250 271 317 334 347 458 
10 1 8 85 137 145 154 238 342 371 417 
7 35 165 229 237 254 360 365 
9 82 174 235 310 385 400 413 433 438 
8 10 59 82 127 158 247 364 444 
15 27 56 59 87 91 99 260 287 299 310 323 327 351 353 418 
13 61 72 92 213 270 279 319 331 361 388 400 438 491 
9 29 67 110 114 131 386 429 464 468 
11 18 36 47 48 124 158 177 246 331 464 489 
8 23 50 85 231 313 329 357 394 
14 30 80 136 143 181 185 208 260 332 370 378 449 463 472 
5 7 38 217 319 455 
11 147 185 223 240 293 307 347 366 398 407 425 
10 24 123 242 248 252 347 368 389 435 453 
3 134 217 344 
9 24 72 223 286 296 325 359 412 430 
14 24 56 90 204 240 261 270 276 296 368 400 404 417 430 
