620 3063
20 129 178 204 214 259 263 271 307 366 368 392 404 459 468 489 528 539 540 559 600 
8 247 262 280 298 320 397 415 493 
10 11 15 87 164 208 248 269 369 446 523 
9 85 122 123 129 172 246 373 381 450 
12 88 162 300 403 454 500 505 522 574 582 603 604 
7 324 329 330 381 465 509 542 
10 13 14 40 62 112 159 197 360 503 517 
6 191 382 481 487 515 587 
13 38 73 132 185 230 267 276 284 414 508 531 571 584 
5 56 357 393 432 495 
10 42 100 190 257 315 377 413 422 423 534 
14 2 112 113 214 246 285 307 318 336 341 476 506 533 552 
8 69 89 132 182 205 272 313 389 
6 6 20 158 421 545 584 
11 6 17 58 94 103 211 236 249 303 521 545 
12 2 72 77 272 337 343 361 495 523 543 551 591 
10 271 286 297 389 459 483 505 514 556 610 
11 14 35 128 163 172 246 422 428 516 536 604 
9 50 100 161 200 206 239 283 546 607 
11 86 160 186 204 316 393 407 499 520 574 619 
12 13 60 122 134 182 294 325 370 478 486 531 535 
12 46 125 210 212 267 342 365 380 381 412 578 614 
12 40 72 174 256 278 343 349 375 466 554 578 583 
5 37 212 216 402 500 
11 105 128 149 283 284 311 388 432 504 506 552 
11 59 153 191 250 252 342 362 413 453 509 611 
7 59 105 141 286 373 380 577 
11 104 144 234 264 313 314 347 434 447 453 538 
16 71 75 184 196 244 307 353 378 404 412 426 438 498 536 583 584 
11 31 130 224 278 318 322 347 373 386 408 416 
6 65 197 239 316 401 540 
10 29 265 475 501 503 506 521 565 572 613 
3 159 201 570 
9 58 228 279 422 433 509 586 606 608 
9 57 72 82 215 308 312 375 549 617 
14 17 117 134 155 231 287 303 373 409 411 455 489 494 562 
8 62 149 168 270 376 436 458 598 
6 23 47 264 290 390 529 
9 8 85 181 333 398 460 529 545 584 
10 43 74 104 108 330 337 349 438 463 547 
11 6 22 145 149 165 167 372 376 434 485 555 
6 163 316 353 405 534 594 
8 10 138 401 416 418 472 495 573 
11 39 103 127 193 225 258 311 327 365 410 526 
9 145 231 270 368 392 394 416 423 520 
12 107 132 136 219 282 286 337 347 369 413 484 593 
9 21 109 169 209 333 392 442 478 606 
8 37 88 89 115 150 155 180 536 
5 121 249 292 308 350 
6 196 210 235 268 355 608 
13 18 161 169 175 239 245 260 413 447 504 542 571 615 
9 342 350 524 562 567 575 589 595 598 
5 144 382 479 534 596 
14 67 136 209 275 310 319 359 402 410 437 469 495 504 598 
15 82 103 110 113 127 150 166 310 332 450 467 535 543 565 577 
11 82 128 136 158 215 219 297 298 365 423 588 
11 9 110 295 341 348 393 412 427 558 579 599 
8 34 326 378 423 437 496 572 604 
11 14 33 99 121 163 196 221 235 489 528 563 
10 25 26 70 111 281 288 328 469 524 541 
8 20 204 229 247 361 378 493 602 
4 83 197 477 619 
15 6 36 181 245 273 276 312 324 398 500 504 520 525 532 535 
9 75 184 190 280 367 419 430 488 538 
10 159 197 302 328 358 390 446 477 526 567 
12 30 158 235 283 285 287 295 315 318 321 367 598 
12 102 163 252 363 373 386 408 424 450 461 546 618 
9 53 120 270 271 319 324 430 445 488 
5 142 369 398 513 576 
6 12 182 332 405 461 567 
11 59 109 194 249 261 374 384 402 405 485 509 
10 28 108 124 174 346 444 448 539 540 545 
14 15 22 34 116 179 244 254 384 409 425 446 528 544 567 
13 8 210 226 234 323 358 367 456 468 504 505 581 605 
7 39 76 128 138 240 293 582 
8 28 63 200 235 340 375 421 578 
10 74 81 93 344 431 446 517 538 540 581 
7 15 244 277 285 324 368 500 
11 128 191 311 333 388 466 472 519 554 566 591 
14 87 151 312 367 408 429 432 498 516 544 547 576 612 617 
12 95 115 165 183 321 338 352 374 438 463 559 578 
10 76 123 143 171 244 282 291 373 498 599 
11 34 54 55 160 174 344 352 428 460 493 593 
8 61 110 222 240 412 452 487 495 
11 132 253 265 271 344 412 428 495 502 506 582 
9 3 38 145 216 270 398 430 506 595 
6 19 124 175 281 597 601 
7 2 79 104 207 225 325 517 
14 4 47 103 120 200 232 294 391 459 467 489 584 605 610 
9 12 47 297 309 473 474 494 607 618 
7 165 192 229 361 369 386 537 
12 171 185 264 290 313 359 403 449 465 475 529 569 
11 104 128 190 259 304 450 490 491 495 507 541 
7 76 150 312 445 517 532 619 
7 14 158 160 190 275 304 320 
10 80 105 162 293 367 405 479 494 565 610 
6 304 464 494 513 595 613 
6 194 199 261 296 368 564 
9 112 183 225 274 368 425 480 528 567 
8 58 102 217 283 334 343 344 443 
11 10 18 179 187 251 291 471 495 501 515 604 
5 250 306 349 431 574 
7 66 99 139 328 387 477 535 
8 14 43 54 88 124 160 254 293 
13 27 39 87 92 108 170 228 329 400 429 495 548 550 
10 24 26 95 158 232 251 419 459 476 539 
11 117 207 247 348 382 404 457 499 505 515 557 
10 45 127 182 242 247 274 289 295 393 437 
14 39 71 104 184 189 217 285 306 332 490 544 553 579 600 
17 46 70 133 199 205 212 341 382 404 429 442 476 490 497 520 557 581 
12 54 56 83 133 199 247 252 331 352 390 413 428 
12 59 130 184 208 265 303 385 386 507 550 567 590 
5 6 11 98 252 578 
8 11 54 141 149 265 287 329 353 
5 119 262 336 355 441 
11 47 80 129 235 264 375 392 395 432 566 584 
11 72 239 249 257 282 291 383 478 500 507 572 
11 35 106 136 253 269 310 416 475 528 534 603 
14 170 180 215 222 282 293 341 357 410 431 486 537 561 578 
9 114 223 275 292 397 430 467 514 525 
11 67 88 226 275 301 333 377 378 466 541 578 
12 48 58 243 251 367 395 398 420 478 533 544 599 
8 3 20 199 227 230 347 396 580 
9 3 81 298 363 393 462 481 482 610 
14 71 86 103 136 187 218 234 237 302 314 320 407 543 606 
7 21 152 220 239 368 421 563 
6 190 254 322 360 432 548 
15 43 54 107 172 182 236 303 304 350 362 400 447 514 571 583 
12 17 24 55 74 78 92 199 216 277 303 321 408 
11 0 3 115 163 215 359 400 483 538 572 610 
6 29 111 175 309 400 401 
4 257 349 406 503 
9 8 12 45 84 211 261 480 514 572 
9 109 110 335 350 502 519 532 545 575 
15 20 35 144 149 160 176 247 253 298 299 303 318 324 521 544 
6 225 318 362 482 556 597 
15 45 53 55 117 124 177 244 245 296 348 421 437 449 487 547 
8 188 276 340 347 440 466 548 573 
6 42 74 143 162 462 466 
8 102 233 265 307 407 501 598 612 
8 159 170 241 256 288 506 507 525 
5 26 113 388 548 556 
9 68 153 163 191 212 243 301 362 401 
13 81 138 278 280 296 312 436 551 564 580 581 592 595 
8 27 52 134 263 314 345 416 460 
12 40 44 85 156 230 247 327 465 493 496 563 616 
4 199 340 448 508 
9 157 165 216 257 308 453 539 582 612 
10 238 289 315 438 480 489 495 534 544 555 
10 24 36 40 113 134 182 289 324 402 515 
10 47 54 93 248 273 315 403 487 511 590 
6 79 197 282 300 482 531 
6 125 384 404 479 496 534 
14 25 142 176 212 237 272 307 314 337 349 372 411 498 509 
7 189 220 228 310 539 556 582 
8 35 47 265 320 363 388 489 568 
13 145 268 300 317 321 341 371 400 418 453 512 550 613 
7 147 200 225 295 304 448 454 
16 13 55 65 94 105 273 304 323 345 384 485 492 554 583 594 614 
11 6 32 64 140 206 317 359 453 485 555 581 
14 19 82 94 103 134 188 303 400 458 480 490 497 530 532 
10 18 50 251 472 477 482 483 490 600 603 
10 4 95 138 250 282 366 386 548 566 612 
14 17 41 58 66 129 142 237 270 354 420 424 462 544 548 
8 2 195 360 368 395 446 576 582 
12 40 80 90 147 210 229 273 298 462 502 532 605 
5 54 201 333 372 559 
10 40 228 302 306 310 327 357 415 456 530 
5 36 201 387 474 548 
14 46 50 296 317 335 346 404 427 502 515 519 555 583 586 
8 104 118 140 192 254 386 431 491 
10 81 91 177 226 316 403 449 463 504 528 
9 3 17 127 231 235 396 481 512 513 
9 261 351 418 434 522 528 532 582 597 
6 22 71 82 175 227 245 
8 50 86 130 174 367 409 554 583 
10 134 153 235 241 245 284 397 423 460 547 
8 136 171 231 273 348 349 469 615 
7 0 221 351 359 380 485 536 
12 72 100 267 283 287 334 371 390 411 412 594 608 
12 47 118 221 269 274 349 378 450 451 505 610 617 
10 38 62 184 276 281 430 466 485 531 544 
14 12 20 69 107 127 149 218 277 317 383 484 522 563 582 
10 80 98 246 255 270 400 443 453 521 539 
15 28 63 108 111 181 194 331 368 409 455 484 537 545 602 610 
9 8 91 200 224 321 337 369 399 451 
3 19 346 476 
7 100 124 267 303 458 475 597 
8 137 160 199 386 414 417 476 511 
11 108 154 210 325 353 376 487 499 509 581 618 
13 10 63 92 94 126 234 318 335 410 449 559 575 612 
7 7 25 78 142 439 447 501 
11 90 170 229 261 391 434 438 476 489 580 607 
11 43 197 316 339 353 505 516 543 595 599 614 
13 70 97 184 252 271 298 314 366 374 437 577 581 591 
8 164 209 431 509 524 535 549 614 
12 28 49 58 218 328 389 391 444 496 523 525 568 
10 6 30 61 64 151 193 231 358 483 517 
7 284 308 457 473 499 561 619 
18 97 109 110 122 128 146 188 219 252 269 282 301 302 383 404 416 441 566 
11 18 75 88 157 185 242 282 369 433 450 604 
13 32 166 168 277 339 372 385 395 419 435 451 549 580 
7 277 279 357 379 410 449 518 
8 208 303 356 399 421 424 455 521 
9 0 19 60 252 293 326 329 356 565 
7 12 109 233 240 272 377 561 
10 18 159 236 258 296 322 324 386 387 483 
8 87 106 324 341 350 504 537 550 
14 2 111 203 271 333 341 422 441 463 484 500 515 526 595 
6 46 53 195 275 402 570 
9 21 49 73 165 189 393 478 507 540 
8 14 132 257 267 281 340 417 429 
12 21 23 109 142 153 265 292 337 409 454 470 535 
4 296 425 569 615 
4 0 11 233 281 
7 34 55 118 129 277 394 506 
8 23 85 128 147 241 245 294 475 
8 99 108 231 361 477 479 517 538 
9 124 182 196 223 305 427 450 554 586 
10 45 55 199 220 272 300 319 472 511 527 
12 125 154 219 224 349 358 361 369 387 478 549 578 
9 58 178 180 270 378 461 479 570 590 
9 83 118 228 235 272 350 419 516 612 
10 119 218 309 329 505 530 539 543 564 599 
10 29 185 220 250 294 339 470 550 605 615 
11 43 87 98 135 157 233 244 277 350 514 530 
6 73 120 171 442 543 614 
11 122 174 251 314 350 365 386 434 492 508 545 
9 33 104 154 167 222 294 419 560 614 
13 60 90 165 192 279 332 377 419 434 449 453 454 488 
11 8 122 145 341 355 361 382 405 425 439 570 
15 35 44 172 177 197 217 305 320 359 446 513 519 581 594 610 
7 88 105 264 279 496 553 573 
12 139 205 214 225 239 386 432 454 474 537 545 618 
17 27 73 124 190 300 356 360 393 436 444 453 496 510 515 542 543 546 
11 49 58 65 75 115 172 176 222 362 472 570 
6 14 127 206 269 416 489 
9 124 153 163 288 298 405 414 517 582 
5 148 390 490 525 554 
11 18 30 50 116 125 233 297 324 419 500 532 
9 74 83 205 244 265 373 509 536 596 
6 140 176 216 297 319 503 
9 107 200 290 302 304 316 425 447 449 
6 121 142 432 496 611 614 
12 28 72 77 81 136 225 240 294 297 317 454 500 
19 50 62 136 174 176 216 298 303 331 334 359 362 365 383 448 513 573 575 609 
10 3 11 17 183 275 358 482 531 600 608 
15 1 60 106 107 110 134 145 254 277 291 303 337 408 544 571 
7 2 150 258 406 407 464 587 
10 14 48 70 116 294 368 387 407 483 613 
10 25 101 162 224 291 315 360 368 523 574 
14 100 105 121 161 227 261 272 339 424 432 443 473 503 537 
15 25 66 110 112 194 199 204 340 358 393 438 442 529 574 597 
9 84 117 134 259 413 487 547 571 580 
13 72 103 126 170 247 256 326 331 402 412 583 611 614 
4 183 268 370 470 
6 22 140 254 394 428 559 
11 10 116 131 147 211 396 464 473 485 574 609 
4 43 206 248 347 
8 0 92 253 300 383 408 495 610 
6 50 295 323 391 409 416 
16 70 97 132 173 192 251 262 264 324 388 409 424 471 546 552 596 
12 1 114 261 308 401 420 436 460 519 560 581 584 
7 0 144 286 485 561 567 570 
14 27 37 91 115 232 261 350 366 420 452 472 512 525 599 
12 31 84 111 113 139 155 212 240 286 328 476 597 
6 276 345 349 399 481 504 
11 8 21 179 187 211 287 467 518 563 565 599 
7 49 156 255 429 473 485 493 
9 2 117 180 199 236 441 492 529 585 
13 36 44 67 85 163 183 221 296 356 362 368 454 486 
10 0 16 67 84 194 208 374 411 437 526 
11 12 15 153 205 219 222 251 389 399 506 522 
9 62 150 158 165 177 362 478 544 589 
11 98 107 180 317 341 405 411 450 515 552 618 
11 53 94 119 120 209 246 282 326 363 400 582 
12 8 62 137 181 266 293 325 425 484 512 522 558 
16 77 128 182 201 202 215 225 247 315 339 415 451 515 538 605 617 
9 22 29 143 396 426 431 464 484 537 
5 33 202 229 232 480 
4 1 63 143 448 
12 59 86 181 211 214 301 396 431 476 477 547 593 
13 45 81 116 118 151 162 199 200 275 495 496 502 569 
8 18 24 65 99 179 460 480 569 
15 8 24 176 198 335 354 360 379 425 468 516 550 557 585 588 
9 11 65 77 108 357 415 430 437 456 
10 16 26 45 263 265 344 377 379 395 442 
8 35 65 113 179 267 295 364 407 
8 59 140 237 473 489 491 523 552 
13 107 148 149 315 361 403 413 419 422 441 515 532 542 
11 37 91 242 291 358 359 401 484 523 527 555 
15 81 100 116 247 250 290 292 340 363 388 398 551 584 585 597 
11 48 119 212 291 333 381 403 462 489 557 579 
9 74 95 103 118 204 276 378 440 617 
10 20 88 216 224 228 244 249 319 468 547 
11 56 65 107 157 260 287 307 452 453 559 589 
12 97 136 143 169 206 213 270 333 456 587 592 610 
12 16 55 89 239 241 244 300 302 332 508 518 534 
11 1 55 123 134 165 194 237 245 404 500 505 
5 134 312 381 511 586 
12 4 151 156 219 234 259 297 325 358 442 531 536 
7 120 142 199 281 366 386 580 
14 64 124 167 199 242 297 312 348 352 371 459 506 534 550 
16 14 35 111 127 128 134 160 187 203 245 247 319 360 401 483 513 
16 92 94 96 127 157 158 242 310 337 390 412 466 481 536 543 557 
14 218 231 311 377 384 415 474 482 486 541 557 586 587 609 
6 101 108 167 496 614 619 
12 0 11 28 139 153 295 332 367 474 487 503 533 
7 34 48 147 198 262 380 537 
4 89 130 223 441 
10 53 54 117 154 167 304 374 459 498 561 
7 24 43 78 305 357 445 497 
10 34 62 79 93 143 299 302 379 550 597 
7 12 27 91 353 378 572 586 
8 27 124 144 153 194 227 466 563 
12 10 65 148 150 250 277 289 316 355 402 501 576 
13 19 30 41 171 193 242 315 409 416 444 447 485 499 
12 156 159 169 182 244 274 335 344 566 571 590 609 
10 11 29 65 134 135 190 334 480 482 497 
10 53 67 219 241 294 303 354 475 520 537 
12 1 94 124 155 231 355 529 547 557 559 560 605 
11 65 80 128 156 185 355 396 400 411 459 615 
5 29 126 206 372 491 
8 73 158 260 343 417 485 606 615 
12 5 62 67 77 134 149 206 207 239 261 367 410 
10 20 87 189 276 300 432 433 442 493 594 
5 57 204 254 275 424 
5 43 145 167 473 569 
6 59 64 102 196 265 541 
9 5 104 113 204 223 383 424 541 618 
8 5 39 527 561 590 591 600 611 
6 110 184 245 254 443 563 
10 54 69 108 229 297 307 356 459 536 597 
14 38 46 78 120 166 208 292 296 354 421 512 564 580 585 
10 99 179 245 318 346 358 364 448 485 513 
9 133 169 190 284 317 478 485 546 612 
9 11 114 389 390 466 467 473 482 613 
16 15 39 45 153 185 212 247 304 338 363 377 381 391 394 439 550 
6 80 337 350 451 505 580 
8 193 201 224 251 277 501 516 592 
14 75 137 146 211 252 291 346 350 351 443 460 567 597 603 
20 11 56 109 118 156 207 208 230 274 367 432 499 516 523 551 553 554 580 600 617 
9 21 25 51 344 346 515 569 582 606 
10 15 22 99 323 347 378 390 437 536 616 
12 76 82 84 99 286 317 342 413 434 482 499 540 
8 144 158 266 392 401 465 499 586 
7 71 169 186 334 340 342 554 
8 27 29 45 122 137 258 343 361 
10 56 106 136 177 302 434 454 466 504 616 
12 22 39 101 131 153 177 180 220 266 364 461 524 
16 48 51 127 133 207 222 225 227 264 338 340 397 430 441 589 593 
6 173 178 340 359 379 495 
8 80 82 110 302 446 453 465 612 
9 28 41 113 189 193 313 445 447 603 
10 163 284 319 333 376 386 464 471 518 603 
8 49 114 230 315 320 321 424 451 
10 203 204 234 270 332 420 491 497 508 524 
8 9 118 167 202 285 311 602 606 
13 64 73 197 220 246 252 290 300 334 365 377 488 542 
15 53 91 129 159 178 231 245 290 351 415 424 460 461 480 617 
12 6 126 164 234 250 284 303 402 439 447 453 594 
12 15 60 90 217 220 230 289 347 411 562 584 606 
11 25 127 135 142 235 245 270 273 401 439 482 
13 66 123 155 275 291 337 389 394 437 484 517 529 568 
7 287 334 349 383 428 460 562 
7 21 43 55 227 245 358 608 
8 0 162 194 264 301 391 472 584 
15 63 65 73 79 95 121 175 307 324 341 496 564 586 594 611 
15 0 44 77 97 98 125 164 184 249 250 270 462 479 593 608 
13 2 45 68 90 185 200 220 379 452 517 526 558 559 
6 20 255 390 559 578 607 
9 156 179 302 377 384 434 451 514 583 
9 40 153 166 201 322 414 443 561 608 
10 3 26 29 35 66 81 240 379 448 476 
6 70 80 194 271 310 488 
12 22 34 75 115 476 486 492 498 540 572 599 613 
10 36 40 189 354 406 416 493 563 573 612 
12 10 120 205 229 286 305 337 358 371 463 571 576 
13 28 57 60 120 180 221 293 313 343 400 533 574 587 
10 202 284 286 312 351 369 373 384 408 432 
9 21 26 178 308 409 460 490 540 584 
10 3 5 21 292 299 337 405 568 570 612 
11 7 52 106 109 230 455 469 514 522 535 619 
9 116 182 199 245 259 329 364 455 472 
9 70 72 152 158 305 371 379 492 575 
8 111 201 394 441 491 500 503 604 
16 29 66 90 111 162 170 188 206 227 233 301 354 387 487 536 601 
8 102 168 206 220 249 386 501 618 
10 24 78 141 155 261 291 431 466 504 618 
9 12 16 196 272 336 363 474 512 557 
10 37 64 110 179 238 304 336 343 370 567 
14 88 192 196 260 337 366 458 490 493 514 518 558 576 615 
8 0 44 46 115 345 426 448 588 
11 9 19 56 107 123 210 234 252 473 551 608 
8 44 215 256 337 363 385 583 613 
10 115 121 164 201 286 412 433 478 509 595 
8 122 172 257 278 281 321 504 510 
6 1 119 176 350 494 568 
8 38 62 68 85 121 291 414 429 
7 185 203 266 272 441 481 513 
12 104 127 129 130 156 160 183 275 321 378 525 546 
13 30 42 130 142 262 290 303 345 362 491 540 563 565 
10 23 53 70 149 209 254 315 360 492 609 
10 4 91 150 171 289 292 451 477 514 592 
10 0 28 106 109 152 169 199 298 504 548 
10 41 69 70 95 230 237 274 381 497 513 
3 131 248 376 
8 19 124 139 248 249 287 569 610 
12 29 66 79 128 247 259 379 444 527 557 585 595 
14 35 72 175 184 212 260 261 316 380 420 488 508 558 611 
9 43 53 118 190 202 324 466 515 544 
11 35 153 179 271 274 321 361 412 463 470 533 
16 21 28 56 83 84 179 254 304 395 411 424 428 445 453 490 503 
12 10 25 45 50 110 253 289 344 431 466 512 534 
9 8 188 237 372 398 491 566 615 619 
7 1 167 277 285 305 359 469 
12 29 42 44 117 144 199 236 260 316 376 520 527 
6 188 211 323 442 464 592 
7 42 156 173 427 465 529 549 
14 63 105 201 222 228 229 239 289 457 458 473 475 574 600 
12 121 163 262 264 356 409 482 579 582 583 590 608 
7 13 75 125 136 203 333 512 
11 10 17 33 208 289 428 429 487 509 555 567 
8 10 44 55 57 176 573 580 597 
13 66 163 203 251 261 326 329 355 359 412 454 602 614 
13 72 98 213 230 242 276 284 546 554 568 571 574 577 
5 28 278 392 452 482 
11 56 169 218 418 437 475 494 504 519 559 579 
15 17 82 84 110 256 364 412 422 454 465 507 539 546 584 585 
9 79 104 109 211 268 398 422 460 478 
8 63 67 85 119 181 285 350 491 
10 76 101 118 170 195 278 281 388 413 510 
14 9 24 79 115 126 233 243 251 325 341 379 479 567 606 
6 33 200 325 395 492 514 
10 27 40 173 192 227 229 344 348 371 532 
7 201 438 471 475 494 505 540 
6 36 143 234 262 454 609 
13 53 57 107 136 194 271 285 343 363 427 530 539 541 
9 28 39 80 148 192 252 435 505 584 
7 191 230 337 360 362 441 601 
5 137 293 470 518 612 
12 114 199 208 269 289 309 350 385 399 439 449 594 
11 46 109 226 252 286 300 325 417 472 473 611 
7 99 183 251 331 340 372 475 
7 71 196 234 316 408 482 586 
5 67 93 311 353 412 
11 2 64 72 76 164 231 352 467 538 567 613 
11 27 50 127 191 242 316 353 360 458 467 537 
11 71 146 157 245 280 334 373 392 485 530 546 
9 91 136 171 190 202 229 242 441 489 
11 3 54 66 92 180 200 218 274 485 536 592 
9 180 185 201 277 338 355 371 403 532 
7 83 264 295 369 426 500 519 
12 25 27 147 156 159 183 229 234 295 352 360 412 
17 4 157 212 229 233 244 270 348 424 428 436 462 504 530 531 556 574 
8 35 184 203 382 383 491 532 604 
9 73 167 285 296 505 528 563 581 615 
5 106 198 419 512 562 
8 36 160 187 391 419 447 491 549 
8 0 16 88 105 302 310 321 332 
14 38 82 144 176 262 283 340 359 364 380 429 542 554 568 
8 66 69 221 349 359 464 542 569 
8 123 138 163 165 292 368 454 611 
9 39 80 171 208 377 411 466 485 490 
12 96 248 257 278 354 417 461 496 537 548 592 598 
9 5 91 145 345 352 418 428 501 538 
16 22 78 120 137 138 181 304 314 336 348 388 410 413 463 496 511 
9 54 88 119 267 336 446 447 548 609 
9 0 73 284 294 494 503 585 589 618 
9 53 59 177 382 415 518 531 555 570 
7 212 224 255 411 440 581 603 
5 100 261 354 435 482 
11 42 78 161 219 235 264 366 383 442 531 574 
13 89 198 251 257 268 288 327 336 393 419 442 492 581 
10 89 168 233 305 307 389 535 541 593 605 
13 31 91 117 187 216 319 419 427 435 443 488 547 565 
15 11 105 109 186 188 192 265 281 373 375 489 495 508 542 610 
9 61 64 102 161 217 281 403 592 600 
10 20 46 116 121 210 220 273 335 395 429 
7 52 95 152 217 221 368 432 
11 98 132 148 160 279 283 318 359 554 590 605 
6 7 123 172 266 304 399 
16 123 135 151 161 246 305 318 336 344 362 420 426 444 471 530 581 
10 16 129 161 197 206 249 303 530 551 616 
8 45 182 184 208 276 278 290 363 
20 40 70 158 159 178 181 257 263 268 316 323 334 335 448 450 463 487 525 548 582 
7 20 118 270 305 375 491 558 
13 7 83 136 150 189 253 307 386 422 485 496 506 535 
11 63 67 229 358 374 409 475 510 557 559 570 
15 0 35 58 88 148 155 192 236 288 292 449 476 514 522 615 
13 92 108 109 160 161 238 380 391 412 463 534 542 547 
17 92 170 288 322 356 385 401 414 430 455 458 486 492 541 576 583 606 
13 158 227 269 375 384 402 433 473 491 506 557 574 588 
8 1 60 82 145 268 325 376 391 
8 35 89 95 96 397 427 435 468 
18 9 15 42 53 83 84 92 100 104 148 259 282 351 476 504 549 597 615 
13 57 145 152 196 232 234 243 282 306 367 464 466 487 
6 109 160 311 318 356 405 
7 28 79 81 153 310 375 562 
11 19 106 189 198 316 341 344 345 512 545 590 
14 4 23 62 77 116 208 239 244 298 385 452 506 528 538 
10 31 100 139 191 315 339 387 465 569 606 
8 84 133 165 169 282 532 548 577 
9 6 31 131 241 251 307 385 412 468 
17 24 50 53 62 73 171 207 266 348 388 396 404 427 454 495 573 599 
15 4 16 73 106 180 193 223 298 338 435 438 456 520 577 619 
14 11 24 31 84 85 140 215 272 302 487 492 500 575 596 
7 92 111 116 140 210 428 590 
8 8 146 227 297 356 409 476 529 
12 5 25 33 70 153 189 195 240 395 422 520 533 
5 234 396 431 488 605 
5 150 188 219 299 466 
11 156 172 264 276 333 389 413 421 457 499 538 
9 68 96 172 231 245 303 334 399 405 
14 16 119 127 132 225 371 382 391 403 433 489 515 525 549 
16 7 100 106 149 169 208 234 274 277 289 342 410 514 557 567 591 
8 17 79 193 222 284 339 341 579 
10 6 76 87 93 197 217 237 363 369 558 
8 202 267 297 354 391 440 469 551 
9 78 133 169 231 262 427 452 535 595 
10 19 44 62 109 319 416 505 509 597 612 
6 14 31 134 183 203 541 
8 4 173 182 272 276 382 489 577 
7 2 15 196 250 288 290 341 
5 51 59 195 349 356 
11 62 119 140 196 238 264 400 485 514 529 574 
6 43 64 208 271 369 592 
6 219 290 330 408 416 548 
10 0 58 72 98 117 171 173 456 500 547 
11 37 38 91 252 269 320 363 418 508 525 618 
11 160 167 223 225 437 448 454 482 483 583 585 
12 8 20 151 181 246 300 454 469 472 579 581 615 
15 62 93 133 160 165 173 239 289 434 451 455 502 553 577 602 
8 11 121 307 378 411 509 551 576 
11 10 41 52 117 148 152 297 302 413 490 564 
11 20 54 62 102 195 212 382 474 487 519 618 
13 17 28 47 178 240 300 304 332 343 386 450 599 610 
11 90 118 184 207 233 251 278 308 319 447 464 
11 27 63 76 129 217 277 446 465 500 512 576 
12 0 71 105 147 154 183 223 428 437 557 559 561 
12 0 30 71 76 210 344 375 380 401 435 574 588 
10 59 92 120 305 328 329 437 474 491 521 
11 5 50 234 289 358 460 461 476 490 587 603 
8 15 54 124 193 223 226 234 304 
13 72 79 108 121 134 148 163 181 247 273 410 590 596 
10 13 14 38 71 133 184 227 233 499 605 
10 18 66 234 261 335 400 425 428 448 549 
12 39 79 136 176 253 281 294 320 475 490 528 560 
15 104 126 137 141 162 163 168 404 464 467 485 502 527 576 618 
10 34 195 201 220 418 458 495 514 546 605 
10 104 111 156 207 224 284 302 312 337 566 
9 15 143 291 341 393 483 518 533 565 
6 11 24 261 274 288 595 
8 108 232 341 532 557 591 600 619 
11 22 78 158 175 218 238 341 346 425 460 480 
7 40 148 159 169 290 422 469 
5 16 135 141 154 454 
16 106 109 284 292 304 305 320 389 408 488 492 515 539 553 587 606 
8 56 276 369 391 409 486 517 559 
13 0 80 166 190 256 295 320 369 370 427 488 539 558 
4 228 262 320 547 
10 118 198 205 263 310 330 372 539 568 569 
8 35 51 361 364 457 498 565 597 
11 58 125 145 182 267 314 331 376 401 456 583 
9 97 143 223 333 367 534 574 588 610 
11 31 54 95 204 267 401 475 551 562 577 583 
8 78 115 162 199 317 414 550 583 
13 51 64 69 72 98 111 263 340 390 422 432 446 515 
9 155 196 363 381 397 425 460 561 572 
11 91 213 282 283 327 342 407 461 501 561 613 
9 32 209 221 230 235 263 381 469 488 
8 8 50 127 247 253 317 377 425 
9 31 57 116 129 132 313 375 568 618 
7 42 137 232 245 376 423 504 
15 4 19 101 250 252 257 378 419 425 454 472 492 525 540 564 
7 51 133 190 245 384 506 580 
10 68 79 164 315 377 391 491 533 538 548 
9 26 54 194 425 502 505 522 532 565 
11 21 22 75 80 112 118 120 220 370 594 607 
10 56 108 292 420 427 516 531 585 586 603 
12 122 143 192 201 253 301 333 338 341 423 575 618 
16 73 76 109 143 159 189 194 231 262 456 470 473 482 531 600 611 
13 4 74 84 147 154 164 173 182 237 275 342 420 485 
15 22 28 127 158 169 175 254 371 394 420 491 530 563 565 566 
14 8 13 28 38 88 115 262 291 361 366 380 428 438 600 
9 269 284 291 333 408 428 468 530 579 
12 33 169 218 299 305 313 345 367 444 579 615 616 
7 7 248 296 305 378 542 557 
7 55 284 392 492 540 564 617 
6 51 273 295 350 468 608 
10 111 150 221 317 330 420 480 499 507 544 
6 15 78 194 330 515 553 
9 143 296 339 403 417 450 464 477 526 
6 45 82 281 350 368 474 
9 41 158 179 231 325 360 367 441 578 
11 51 85 96 143 193 208 395 408 519 552 612 
5 52 240 261 506 544 
14 86 135 173 187 252 265 291 312 332 340 423 495 520 562 
6 36 51 53 65 139 464 
10 56 81 121 193 223 264 267 375 504 536 
11 0 108 161 246 330 341 419 477 553 581 584 
3 86 386 439 
5 60 184 357 424 532 
9 4 117 161 340 353 354 470 542 579 
7 4 17 57 100 200 385 455 
11 73 88 165 224 277 320 474 480 510 545 549 
11 33 46 124 323 342 357 361 432 491 501 557 
5 18 89 192 370 578 
10 33 49 179 246 365 368 372 393 420 589 
8 245 257 305 317 402 436 467 611 
15 16 88 95 123 129 180 184 231 259 296 407 476 536 564 616 
10 25 243 254 330 367 409 442 462 581 609 
14 79 139 147 162 190 222 335 352 376 381 440 520 595 617 
9 31 96 156 249 336 375 394 446 569 
10 21 158 193 195 226 228 243 254 306 424 
13 50 177 213 224 321 323 391 414 456 489 495 531 586 
6 145 343 348 483 586 610 
9 34 79 180 277 293 341 359 588 612 
15 66 89 189 233 274 329 387 388 468 529 535 548 572 580 619 
10 19 61 93 198 306 382 414 505 553 618 
620 3098
9 120 186 274 324 343 395 477 582 587 
8 90 262 436 437 451 453 508 524 
14 137 149 190 250 261 295 309 323 325 326 384 510 546 584 
6 97 106 151 158 268 488 
11 64 76 120 142 200 203 300 479 512 561 580 
10 79 137 172 335 344 346 361 472 504 528 
8 68 138 274 296 372 418 431 484 
5 234 321 331 338 602 
10 56 60 265 389 396 403 414 425 476 575 
7 54 142 146 230 259 296 377 
11 31 46 61 211 288 324 362 434 452 465 486 
13 19 67 83 129 141 149 363 460 519 536 538 587 616 
11 17 24 38 66 69 100 105 193 567 580 581 
10 113 116 164 199 461 500 514 543 614 615 
11 88 188 206 271 282 344 357 406 455 493 619 
8 37 245 343 440 480 485 574 613 
10 32 96 133 183 218 219 369 370 453 571 
13 12 131 201 210 232 413 424 433 447 454 459 586 606 
10 57 207 222 250 282 283 320 349 370 472 
10 11 36 42 75 110 130 230 293 509 573 
5 170 240 263 566 610 
6 109 265 474 574 591 592 
8 43 109 217 333 345 476 546 601 
13 38 112 126 145 150 248 319 369 388 426 452 533 586 
7 12 65 143 224 341 429 535 
7 71 248 311 322 381 455 534 
5 141 151 156 337 550 
13 41 58 78 128 198 281 300 346 387 402 461 476 599 
10 44 150 215 232 244 359 399 444 501 569 
11 31 65 74 90 110 179 251 262 416 441 609 
14 51 57 106 163 236 247 299 326 342 343 544 546 562 576 
7 10 29 165 405 456 526 578 
10 16 149 194 233 255 286 366 411 421 518 
8 37 263 315 357 456 481 510 608 
5 49 86 211 495 603 
11 78 94 182 187 238 339 413 470 547 581 590 
14 19 145 183 197 252 398 405 434 463 504 528 554 600 617 
10 15 33 44 174 191 264 347 359 384 582 
9 12 23 43 146 174 250 255 271 496 
5 207 253 309 349 454 
5 169 250 424 467 526 
14 27 66 70 120 138 158 207 284 296 412 484 555 577 596 
12 19 113 166 186 195 230 270 287 343 500 507 618 
14 22 38 51 93 122 129 134 156 182 308 372 434 443 613 
9 28 37 61 158 303 447 458 570 577 
8 110 133 220 303 366 480 548 586 
12 10 186 222 235 301 316 319 321 358 405 549 589 
11 65 154 176 182 185 298 388 491 541 548 595 
12 117 140 181 246 250 260 319 322 363 543 570 604 
7 34 64 265 271 348 556 601 
11 87 91 141 206 211 234 245 373 416 581 589 
11 30 43 180 198 264 333 381 407 420 441 487 
10 105 194 215 421 438 484 486 513 559 597 
7 61 156 171 204 219 361 560 
10 9 78 122 254 362 367 377 392 418 481 
9 130 138 149 153 260 266 423 439 562 
16 8 59 126 203 210 223 230 249 289 328 386 406 440 447 485 529 
8 18 30 212 438 453 506 516 586 
11 27 68 111 115 118 149 363 455 479 512 584 
12 56 77 84 100 290 365 457 462 501 519 561 567 
12 8 87 98 119 140 213 258 428 451 452 461 558 
12 10 44 53 78 235 239 296 349 368 480 577 616 
8 81 220 222 333 356 396 465 540 
8 99 210 294 406 415 518 524 527 
11 4 49 90 174 205 211 335 351 413 482 606 
6 24 29 47 231 311 489 
8 12 41 153 205 347 373 436 616 
7 11 80 337 379 383 426 581 
9 6 58 102 125 163 352 357 364 469 
14 12 76 198 272 294 300 312 342 398 425 442 459 586 617 
5 41 81 144 266 292 
4 25 172 300 593 
10 74 150 256 369 420 453 488 521 562 601 
7 131 320 412 435 586 592 600 
13 29 72 129 130 153 191 218 320 349 353 371 433 522 
7 19 205 221 232 287 395 565 
11 4 69 89 94 137 154 226 328 396 420 497 
7 59 280 362 459 468 561 595 
12 27 35 54 61 118 195 314 445 468 494 581 605 
12 5 171 189 237 283 365 366 367 474 544 570 594 
15 67 85 119 123 128 175 192 306 356 360 368 390 396 402 500 
10 62 70 93 104 330 384 450 459 525 561 
8 87 217 307 423 466 517 556 570 
12 11 152 157 170 197 204 323 381 398 450 462 577 
10 59 113 253 274 334 362 440 452 515 584 
8 80 111 201 293 434 439 441 546 
11 34 149 157 190 239 244 253 274 328 337 355 
17 50 60 82 104 154 160 172 286 298 306 361 376 389 432 453 488 492 
7 14 321 334 412 487 498 618 
17 76 122 268 312 345 363 372 393 406 483 484 492 520 523 538 568 611 
10 1 29 64 177 209 223 281 405 440 448 
12 50 116 132 220 292 395 399 413 455 487 516 603 
8 165 177 185 210 280 381 437 454 
11 43 81 179 223 245 282 422 517 574 583 607 
9 35 76 109 198 200 274 278 328 599 
6 128 253 319 397 557 571 
15 16 201 233 262 268 279 280 301 319 419 435 491 517 537 618 
8 3 125 197 198 221 254 299 412 
9 60 232 272 288 312 363 403 475 480 
6 63 188 287 388 405 555 
13 12 59 248 282 297 307 389 417 420 462 471 497 550 
8 211 241 262 339 357 367 386 416 
14 68 279 282 287 344 359 425 455 459 494 498 531 545 617 
11 216 301 351 366 409 419 451 471 489 511 566 
9 81 87 125 201 213 240 335 367 416 
8 12 52 143 398 430 438 548 567 
8 3 30 159 437 514 533 556 608 
8 122 173 208 288 548 589 596 616 
7 171 193 251 360 413 428 592 
13 21 22 94 146 164 309 350 375 501 527 591 597 619 
8 19 29 45 203 379 501 525 538 
7 58 85 279 355 564 592 595 
6 23 219 526 535 545 567 
7 13 42 84 132 253 388 395 
7 200 279 379 467 474 529 565 
12 58 124 129 179 187 192 221 259 436 446 489 593 
6 13 91 255 320 332 472 
8 48 250 270 315 490 544 572 600 
11 58 78 124 151 171 182 264 415 557 567 613 
10 60 80 210 230 391 393 428 510 553 576 
13 0 4 41 207 228 235 238 243 297 315 430 436 560 
9 127 160 168 257 307 316 337 363 391 
10 43 54 89 107 267 271 278 342 352 607 
12 80 153 208 297 312 337 348 388 474 493 513 562 
10 115 118 173 247 301 365 402 407 476 482 
10 68 97 104 156 254 265 275 302 352 454 
18 23 56 132 133 182 192 203 252 264 325 337 445 519 541 566 567 585 592 
9 121 155 171 220 262 320 339 514 591 
10 27 80 95 225 280 356 502 511 517 553 
12 11 43 74 115 161 215 394 440 476 488 515 517 
12 19 55 74 211 243 252 356 371 445 546 581 594 
13 17 73 184 223 300 314 340 355 382 433 450 555 588 
14 91 113 126 146 160 185 209 228 318 423 444 487 504 544 
10 16 45 126 193 233 237 264 271 408 601 
14 43 184 295 339 409 471 497 500 514 518 530 552 565 592 
10 157 202 220 234 270 322 399 439 547 616 
7 140 194 211 212 386 397 474 
8 2 5 76 270 341 343 553 610 
7 6 41 55 155 253 299 590 
8 155 170 221 225 235 454 455 538 
7 48 60 136 278 351 486 594 
10 11 26 50 209 256 262 453 467 554 567 
11 4 9 158 191 289 300 424 488 541 559 614 
12 24 105 174 267 349 410 426 474 512 526 576 585 
9 70 154 179 200 303 307 463 514 608 
9 23 36 167 227 299 386 395 420 457 
10 9 38 109 132 366 456 481 498 521 542 
6 152 212 363 453 503 582 
9 152 168 213 236 429 486 493 537 541 
13 2 11 32 55 58 86 187 354 383 519 563 589 599 
10 23 28 72 171 300 333 401 476 509 579 
14 3 26 118 160 179 203 205 214 331 514 522 559 572 589 
12 83 147 148 161 259 309 361 363 410 420 446 455 
14 55 66 74 123 173 187 192 346 408 426 456 519 595 597 
11 47 76 87 144 175 351 441 499 533 568 609 
15 127 138 139 160 161 206 212 317 385 391 418 502 559 574 600 
15 26 43 53 125 170 171 193 208 215 260 370 376 498 542 565 
8 83 86 135 224 233 306 464 528 
9 3 41 44 142 211 298 406 415 582 
6 106 208 217 336 372 606 
9 87 121 132 151 155 225 441 476 490 
7 129 152 155 309 330 433 544 
6 262 292 386 438 507 610 
5 30 68 277 330 605 
9 13 109 167 347 353 447 449 529 577 
10 31 92 316 364 369 370 439 555 557 616 
8 42 220 292 361 422 424 449 457 
11 145 164 246 257 341 362 454 468 510 527 561 
10 121 148 242 266 279 386 396 404 480 602 
11 40 197 222 347 380 381 424 475 521 529 548 
12 20 83 139 156 219 306 329 371 384 446 474 600 
13 53 79 108 118 127 150 156 369 495 511 555 575 604 
8 5 71 87 310 325 401 468 538 
12 107 124 153 174 193 214 288 471 537 556 608 611 
11 37 38 64 143 173 264 281 326 332 553 582 
8 80 154 189 322 500 515 587 588 
7 47 198 206 244 317 377 473 
10 90 92 254 380 525 541 545 564 577 614 
5 325 499 509 570 574 
11 29 93 115 144 151 193 323 375 379 539 569 
7 51 188 295 360 481 492 577 
7 48 205 216 225 545 567 570 
13 35 43 47 118 126 214 245 267 303 349 452 475 610 
8 16 36 248 296 302 317 445 469 
9 131 134 215 274 370 479 500 552 585 
16 47 92 132 192 259 266 303 319 322 365 366 466 470 510 517 529 
15 0 42 46 241 284 344 345 391 399 411 448 486 518 596 609 
10 35 115 149 153 219 231 382 442 456 477 
9 14 99 180 247 253 289 309 380 503 
7 79 175 227 254 380 441 453 
5 2 86 306 410 508 
8 37 74 142 328 329 440 525 613 
12 80 115 126 153 185 232 279 360 430 516 552 593 
14 12 108 133 156 173 179 212 265 308 383 498 525 528 615 
10 32 52 136 409 479 488 498 515 578 598 
3 42 78 297 
8 241 286 328 359 449 477 536 576 
17 36 83 97 169 294 300 357 369 380 417 435 510 550 556 599 607 610 
10 27 51 69 94 97 176 250 346 404 422 
13 13 258 313 323 337 370 406 417 472 507 522 586 592 
13 4 94 114 144 273 377 411 425 434 449 473 540 595 
9 17 85 96 104 211 253 343 418 520 
8 135 223 231 287 298 501 527 609 
16 4 56 110 126 151 209 211 214 264 284 437 462 466 470 479 566 
11 53 83 254 281 371 379 495 527 549 582 605 
11 64 66 75 151 181 208 369 509 515 549 615 
13 14 50 155 176 246 266 287 327 403 404 449 511 616 
10 18 39 41 120 261 307 401 541 575 602 
14 107 123 156 159 205 211 260 302 332 336 364 409 439 479 
16 90 132 141 203 211 245 337 350 434 449 537 570 576 589 595 606 
15 17 56 63 92 119 255 285 294 310 311 403 422 434 522 596 
17 10 34 50 64 101 130 136 158 201 203 208 209 236 299 300 458 587 
14 57 136 147 155 193 224 311 318 330 366 414 488 503 574 
7 60 104 148 223 296 359 581 
12 151 173 182 203 239 428 472 477 498 562 576 596 
9 28 52 129 156 184 280 299 322 584 
9 103 181 223 299 341 353 364 483 590 
8 22 82 159 325 496 517 532 597 
9 16 74 220 287 340 349 375 408 510 
11 16 53 112 170 187 224 253 270 397 507 600 
12 45 62 91 127 135 166 218 221 313 353 450 496 
10 75 97 115 139 220 347 428 433 493 561 
8 18 46 62 169 309 336 436 500 
10 56 90 93 131 202 213 216 427 532 556 
10 24 157 212 219 273 315 370 377 382 598 
6 128 139 160 181 334 412 
6 76 228 267 434 500 616 
8 145 189 231 506 519 578 603 607 
7 120 132 226 430 497 593 619 
5 246 345 354 396 557 
10 9 19 42 56 119 231 370 485 553 607 
7 65 187 202 227 230 264 391 
13 17 28 75 98 192 278 380 401 403 439 467 470 571 
13 32 96 133 157 255 260 269 329 367 420 508 518 554 
7 7 50 135 376 398 452 473 
10 46 61 120 139 257 318 356 399 442 552 
9 30 148 211 276 321 485 487 532 536 
10 79 133 246 249 279 297 325 328 342 587 
7 35 120 268 298 317 600 606 
5 61 86 214 373 517 
7 20 104 320 392 472 484 582 
9 101 186 196 266 272 317 385 495 569 
5 168 295 369 380 398 
11 120 130 267 285 377 415 495 501 502 563 564 
9 28 86 176 301 401 547 568 573 583 
10 15 50 93 182 209 267 382 490 492 509 
12 48 167 206 229 237 247 363 414 508 574 607 612 
13 30 124 188 246 265 302 373 399 400 438 442 504 567 
9 23 25 100 183 256 309 313 572 582 
9 56 237 269 285 394 447 509 515 571 
19 2 18 38 40 48 117 198 273 371 395 407 475 517 524 538 571 608 615 616 
7 29 108 253 334 442 455 548 
7 36 126 130 368 393 440 492 
16 39 84 86 95 113 138 188 201 219 251 290 342 371 449 524 541 
15 54 97 125 177 189 204 304 309 330 349 390 527 574 587 612 
9 32 38 116 210 233 285 329 419 517 
7 72 141 248 259 373 515 586 
9 121 167 235 327 337 489 537 565 607 
13 60 199 278 289 372 406 428 449 457 475 505 519 529 
12 9 115 152 185 256 338 446 534 535 567 582 603 
12 48 55 156 208 233 316 402 423 441 487 524 617 
8 2 207 281 305 381 428 504 547 
13 1 29 96 101 127 141 162 457 506 523 540 569 611 
8 20 33 325 368 448 487 602 611 
19 37 51 118 126 133 174 203 231 298 326 329 344 362 457 474 499 516 519 548 
14 8 21 49 125 193 247 311 335 503 522 555 590 594 615 
11 55 70 168 185 206 241 308 411 495 599 610 
13 122 143 182 226 243 245 277 288 321 347 458 591 597 
11 3 89 96 238 326 354 393 533 575 583 591 
10 233 249 296 332 391 402 562 597 611 616 
9 42 117 135 137 219 271 428 456 541 
14 14 38 49 122 133 270 304 324 336 357 370 371 393 542 
9 69 98 241 299 349 373 510 535 551 
6 200 224 250 346 465 564 
11 0 6 84 86 94 184 328 462 542 546 579 
6 125 341 346 421 601 616 
8 236 301 302 303 330 333 391 396 
5 163 267 318 495 552 
8 94 122 140 232 258 291 583 615 
12 96 102 111 114 168 192 237 357 371 376 515 521 
14 77 92 96 128 215 283 326 370 402 480 483 505 542 584 
12 27 90 174 204 261 307 339 395 438 456 554 570 
9 14 18 93 100 102 303 390 445 591 
9 18 79 280 465 572 600 603 605 607 
6 41 186 203 433 478 494 
8 210 243 249 255 291 294 500 615 
10 32 87 196 373 374 395 464 470 554 592 
10 42 75 99 102 202 206 218 419 487 608 
11 10 98 107 173 267 320 322 429 447 479 522 
9 56 142 188 258 431 437 467 480 577 
4 59 253 416 548 
10 278 285 298 305 333 347 366 406 430 469 
8 70 91 162 166 343 452 550 570 
6 19 85 317 319 478 564 
9 63 69 197 210 285 344 435 575 601 
7 2 134 180 242 428 482 551 
8 6 9 41 61 183 213 269 307 
8 100 120 123 195 237 484 552 599 
13 47 87 158 202 238 264 291 320 343 345 569 576 601 
12 30 97 138 145 211 215 216 272 397 418 480 568 
18 4 27 69 71 131 142 150 197 211 315 353 390 406 412 485 493 514 597 
8 46 96 103 124 244 276 492 536 
11 125 183 208 247 276 354 475 486 597 605 606 
13 44 45 144 182 185 276 282 325 360 395 409 447 605 
8 254 271 342 406 426 461 484 599 
10 261 291 326 350 373 386 394 406 515 559 
9 80 87 157 170 190 430 571 604 619 
11 82 100 121 144 207 281 296 399 423 552 578 
15 43 193 266 319 334 340 358 381 398 444 500 537 571 603 616 
14 2 39 109 152 161 188 222 248 254 376 389 468 505 574 
8 172 210 358 364 374 407 501 578 
9 25 65 210 212 265 340 400 460 463 
8 69 89 98 123 338 342 385 602 
8 199 220 248 337 358 455 519 619 
10 78 131 365 389 447 489 512 573 577 582 
8 33 117 120 224 300 332 403 542 
8 46 121 165 260 390 412 468 574 
11 155 176 183 238 241 293 345 383 461 528 565 
6 132 212 235 277 448 574 
13 23 46 48 95 96 185 293 308 323 456 466 476 514 
11 18 73 74 116 127 240 288 298 374 488 572 
9 7 46 88 236 267 385 468 488 583 
7 25 48 135 175 185 215 288 
14 2 83 179 199 319 354 381 428 467 522 557 579 599 617 
9 0 10 271 367 440 460 472 508 510 
13 2 126 172 178 217 237 263 303 338 343 403 456 486 
8 2 30 174 264 268 280 305 399 
7 206 257 427 442 452 476 606 
11 56 76 86 94 191 196 237 274 487 525 565 
11 170 191 233 255 264 414 416 434 437 494 596 
9 81 161 163 212 254 276 443 555 599 
8 7 151 394 465 546 589 597 600 
8 116 174 208 269 315 342 562 608 
12 22 51 62 150 276 291 359 410 512 554 568 594 
7 84 88 225 251 308 416 467 
9 5 64 104 265 364 461 479 530 584 
9 159 208 222 271 337 364 451 491 544 
16 26 67 86 121 123 126 199 209 257 313 336 365 410 432 468 565 
7 7 259 312 325 380 417 561 
10 35 101 127 134 281 370 432 558 586 589 
12 131 218 308 311 422 432 474 554 565 572 600 603 
11 24 137 167 216 275 374 467 483 487 523 563 
12 30 69 122 237 253 304 312 332 448 512 528 579 
13 0 15 30 42 137 201 292 298 325 348 382 430 484 
13 5 14 102 186 264 294 427 467 487 522 565 574 580 
11 22 89 186 229 298 317 347 455 457 465 549 
9 5 27 153 198 273 275 363 557 593 
12 37 66 164 169 221 267 291 345 410 477 507 616 
10 49 123 343 391 404 412 454 589 590 607 
16 18 39 61 74 143 182 218 254 272 364 366 453 510 515 524 590 
6 109 209 305 389 443 542 
10 64 103 140 154 407 467 492 517 580 590 
5 68 122 125 392 476 
13 74 164 216 220 300 367 398 437 493 505 510 570 591 
11 149 229 268 302 323 391 432 462 476 563 569 
5 86 111 131 362 439 
13 62 80 128 130 235 417 454 519 527 560 582 592 603 
10 14 33 68 101 197 271 279 450 599 615 
8 46 308 310 313 431 440 497 502 
8 28 37 102 196 213 333 536 549 
8 80 108 180 192 303 442 513 616 
8 5 53 87 152 166 505 550 605 
12 10 54 77 84 167 264 355 367 429 450 524 604 
14 11 48 58 89 98 121 147 152 246 346 368 404 424 450 
13 68 165 208 216 310 335 336 349 388 413 484 592 599 
8 59 79 124 185 314 337 373 524 
16 32 45 79 103 146 185 212 291 349 409 445 499 514 525 570 592 
10 54 79 101 104 233 324 353 362 402 463 
7 61 80 252 263 363 373 463 
14 16 23 72 165 171 197 205 242 406 455 483 486 513 533 
18 16 18 156 165 184 199 224 230 271 280 339 401 411 453 470 526 554 612 
9 74 130 170 204 250 253 271 279 472 
7 6 43 89 159 258 378 446 
11 50 66 239 247 256 272 286 305 365 368 431 
9 286 310 320 341 391 459 497 522 541 
10 109 179 218 426 437 477 529 536 556 580 
7 87 156 234 279 309 380 497 
8 9 54 176 200 224 243 475 595 
4 372 530 595 606 
10 67 110 114 179 204 422 424 455 482 596 
11 169 177 188 189 197 232 242 338 376 443 521 
12 25 51 83 92 169 261 308 323 463 511 519 565 
8 131 187 224 245 343 423 536 552 
8 67 149 193 317 421 506 599 614 
13 2 37 81 170 404 423 425 465 512 535 578 593 594 
9 155 241 312 321 388 391 520 570 571 
11 56 101 136 145 162 168 305 492 574 593 601 
8 27 389 391 456 461 479 563 603 
13 23 47 99 113 123 364 385 396 458 547 566 573 583 
10 8 87 100 309 314 350 387 550 556 568 
7 80 254 282 300 316 397 440 
15 119 121 155 186 231 269 276 348 354 374 385 387 531 572 586 
6 54 240 352 440 548 618 
7 89 119 252 268 271 470 562 
10 129 249 305 331 409 471 486 573 601 614 
17 0 75 91 113 145 250 281 286 303 413 420 435 495 531 544 563 611 
14 8 62 76 80 168 229 276 388 406 422 450 453 465 576 
7 95 136 219 299 390 438 562 
12 36 69 83 105 234 242 308 353 499 503 588 606 
11 28 91 135 186 235 247 307 326 518 564 568 
9 247 311 409 415 437 464 492 498 568 
10 150 172 207 232 244 370 416 446 572 609 
8 27 80 124 260 269 280 367 458 
12 8 98 206 210 232 315 325 408 452 564 568 597 
10 168 198 206 348 363 384 510 533 552 572 
9 31 36 46 90 99 432 462 505 558 
17 14 56 63 89 158 199 258 291 300 304 305 369 396 412 425 478 568 
7 51 124 250 310 351 440 515 
11 133 153 218 403 423 446 463 489 588 597 614 
11 103 134 194 208 303 366 394 400 570 604 615 
7 143 152 190 333 337 347 472 
8 32 186 200 266 370 495 578 579 
12 41 73 88 97 225 300 316 348 406 435 527 549 
11 17 35 64 91 108 364 395 527 553 600 615 
8 8 212 246 329 535 540 577 585 
7 63 118 158 243 400 541 608 
13 29 50 101 104 290 329 334 401 419 471 504 522 598 
8 100 197 199 338 356 440 564 597 
8 6 54 155 201 299 586 588 604 
10 96 103 255 287 416 447 513 537 539 588 
13 51 72 76 100 145 152 233 395 436 491 576 613 614 
5 32 52 275 383 493 
10 93 166 198 210 340 379 396 465 569 599 
11 55 82 132 260 307 382 384 408 466 483 517 
8 17 40 142 166 169 363 379 556 
11 8 69 102 200 384 406 463 479 491 521 613 
9 23 67 143 153 304 375 557 561 615 
6 223 327 344 482 565 584 
12 60 108 119 214 221 258 261 270 295 323 609 619 
9 24 148 288 362 533 549 567 586 610 
12 105 120 192 228 291 306 343 467 550 558 583 599 
7 6 289 358 373 448 487 512 
9 87 337 339 340 354 405 528 541 597 
7 17 74 131 161 221 284 566 
15 10 36 43 85 200 209 210 226 329 456 478 483 534 556 564 
10 73 96 197 294 395 412 449 538 547 555 
11 1 66 115 120 222 420 464 471 522 562 597 
12 1 92 106 203 289 329 353 375 400 464 490 606 
7 52 57 105 162 247 281 397 
10 55 85 135 165 208 232 355 559 561 571 
15 15 56 84 90 129 191 252 324 358 390 392 407 417 481 499 
12 29 51 85 154 160 189 260 471 503 516 567 581 
8 69 187 235 247 251 327 360 495 
7 43 330 350 380 487 537 577 
6 28 132 308 523 556 575 
7 78 126 130 183 282 366 606 
9 115 152 170 259 372 401 408 522 557 
16 17 44 56 164 249 288 303 314 419 495 519 547 550 567 568 594 
11 90 186 263 318 342 431 530 554 592 599 610 
11 164 166 196 200 206 209 253 258 435 493 596 
11 81 83 131 220 357 362 363 396 505 547 557 
6 1 60 103 336 497 565 
12 10 23 60 84 182 234 292 327 403 461 499 561 
13 1 16 57 72 87 141 147 189 349 370 396 476 614 
10 17 39 92 125 139 167 348 356 556 599 
16 14 25 58 91 102 139 152 251 313 345 369 379 500 533 566 607 
13 31 33 146 153 187 270 281 319 325 387 434 533 600 
9 59 145 166 258 262 264 345 484 612 
8 44 211 267 388 402 544 565 571 
10 17 69 77 81 102 374 501 516 520 550 
4 11 311 324 600 
9 13 27 60 304 317 335 387 452 580 
9 59 83 100 203 274 354 405 530 545 
10 36 144 311 367 368 381 408 425 564 603 
9 157 286 400 436 437 517 544 567 601 
11 10 62 273 283 331 345 384 396 422 498 603 
5 82 185 203 319 423 
12 40 114 141 232 289 323 334 341 344 351 430 619 
15 77 78 167 172 309 316 321 337 480 513 515 520 555 602 610 
4 68 183 291 551 
7 35 185 203 232 286 370 393 
13 100 103 134 173 394 416 436 441 522 532 583 606 617 
11 5 18 116 199 214 240 324 371 410 529 582 
5 176 200 234 493 595 
10 21 79 114 123 136 143 170 264 340 560 
12 98 169 182 250 258 302 377 504 532 535 544 570 
14 8 22 27 124 129 150 160 319 327 352 354 453 570 604 
8 0 187 196 214 347 375 479 517 
7 284 293 406 434 580 597 606 
14 4 58 184 194 203 208 288 335 387 425 477 489 500 508 
9 15 45 61 98 168 280 289 299 468 
8 33 54 146 180 440 550 558 568 
11 64 124 295 379 427 494 521 555 560 565 608 
10 89 216 280 341 369 423 434 553 561 603 
13 6 41 52 89 240 297 304 343 364 457 507 554 580 
11 15 56 230 236 300 520 526 542 554 557 588 
11 10 52 140 148 186 302 325 369 394 555 559 
14 51 88 91 132 236 260 263 287 328 341 344 431 443 604 
13 3 72 87 129 142 194 212 320 321 526 560 573 598 
8 65 103 115 257 314 408 479 511 
8 117 160 245 437 495 509 543 563 
6 47 96 336 420 425 568 
14 87 89 180 245 252 301 351 386 400 523 531 580 587 615 
11 14 123 148 221 300 353 421 449 473 529 568 
7 78 102 284 329 482 538 569 
15 34 171 204 241 243 266 277 395 411 442 447 490 513 543 607 
8 38 217 220 524 541 568 580 619 
10 76 100 134 228 358 374 376 451 507 603 
9 88 102 146 156 193 194 214 400 465 
8 154 178 264 366 398 440 452 559 
16 13 42 80 134 175 184 222 226 285 308 455 479 556 574 604 611 
9 28 59 109 110 202 243 310 459 521 
7 128 155 243 358 557 580 582 
8 147 188 212 265 398 441 527 617 
10 5 36 132 247 261 416 475 537 573 592 
9 258 280 309 353 361 405 450 550 575 
6 57 227 262 383 557 565 
9 42 162 199 219 347 484 497 573 599 
7 1 190 233 246 324 479 557 
9 19 150 178 205 245 249 490 522 619 
15 2 33 119 167 185 197 218 272 324 349 353 404 569 576 616 
10 103 128 171 206 381 489 524 568 596 599 
9 4 58 143 314 333 342 384 431 614 
7 52 123 360 369 419 468 495 
11 13 106 127 134 144 151 300 319 366 552 578 
13 84 129 175 194 205 249 256 279 305 349 407 468 564 
8 57 91 192 264 441 459 572 599 
17 82 93 96 128 129 185 217 239 250 255 351 423 464 477 542 545 576 
8 32 63 134 186 233 399 584 588 
12 11 59 126 149 153 227 258 264 313 356 381 447 
7 89 201 385 459 468 485 521 
9 72 146 169 279 380 425 482 501 520 
18 74 151 199 210 265 288 323 344 374 416 436 446 471 509 559 583 602 603 
6 89 262 341 444 492 585 
11 1 63 250 253 260 349 362 365 496 511 592 
7 81 110 177 191 193 328 366 
7 31 40 112 143 370 485 488 
10 63 109 167 202 204 254 356 412 413 503 
7 5 36 157 193 317 342 432 
9 56 114 164 169 185 258 375 472 493 
9 134 335 378 448 462 547 564 589 609 
4 102 391 395 492 
6 217 223 236 471 475 548 
11 23 106 154 268 369 404 429 455 456 566 584 
3 25 259 434 
7 24 112 259 272 384 414 475 
8 11 196 236 301 359 375 382 564 
9 96 148 173 209 257 308 419 443 504 
9 11 89 110 139 172 250 435 494 596 
2 179 419 
4 62 200 262 414 
13 47 126 142 148 177 207 253 270 374 415 432 496 599 
9 146 156 271 274 280 315 350 485 517 
7 13 48 490 495 544 568 610 
14 30 79 117 132 161 336 395 458 464 475 543 572 582 591 
7 102 112 177 181 462 517 602 
7 2 22 30 85 130 274 331 
9 35 135 244 261 388 435 447 450 530 
11 45 47 105 107 169 251 264 290 392 532 600 
7 46 204 205 345 359 412 429 
12 26 100 197 292 361 389 430 447 459 481 505 579 
3 272 295 469 
10 134 184 192 235 277 297 307 382 404 514 
9 119 128 137 174 230 413 483 554 586 
15 36 141 233 281 286 333 340 370 448 484 485 553 569 573 578 
11 41 99 131 165 171 265 330 435 468 482 486 
13 49 82 106 173 197 223 375 389 424 434 444 454 500 
14 95 118 165 229 323 346 426 446 450 485 502 506 508 612 
5 60 339 405 430 481 
10 52 142 151 155 305 439 486 499 522 586 
6 53 120 356 474 482 488 
12 4 59 77 81 167 221 338 426 439 452 483 565 
11 30 55 72 123 214 269 332 393 397 436 571 
8 149 243 341 354 387 395 490 610 
14 111 177 243 273 293 399 403 417 434 463 515 530 536 616 
17 75 114 134 156 257 317 328 337 340 344 381 427 451 458 482 506 561 
8 20 103 126 203 388 433 455 533 
14 12 59 105 112 118 126 141 181 247 259 429 441 447 464 
18 89 154 244 299 333 389 399 400 403 406 447 481 491 493 496 511 543 615 
11 28 179 241 262 298 354 422 494 510 554 577 
18 44 48 79 82 178 181 209 281 292 353 366 385 409 475 476 575 583 611 
12 16 95 232 249 250 306 308 385 439 458 562 602 
11 117 151 248 283 320 340 391 401 404 516 544 
11 19 244 314 388 394 488 504 507 554 593 594 
16 15 21 93 155 178 212 246 254 309 316 318 344 386 500 578 614 
8 8 171 207 268 294 444 505 570 
11 30 119 143 196 209 214 298 396 420 510 517 
12 41 44 61 83 164 177 180 289 314 414 443 569 
12 31 194 227 307 310 384 411 514 554 574 603 615 
7 150 274 323 342 411 550 586 
11 4 12 344 351 375 461 478 484 492 496 502 
11 12 35 50 67 78 130 213 441 600 602 610 
14 0 37 147 158 174 204 240 248 259 314 356 472 502 544 
10 93 244 268 278 321 388 430 471 522 570 
9 2 58 84 215 280 335 427 518 533 
5 126 143 184 414 523 
15 17 23 45 57 69 73 199 256 339 391 418 429 553 559 579 
8 0 11 175 211 237 254 492 606 
8 131 175 398 408 418 419 485 518 
10 46 50 107 149 151 209 331 339 348 530 
8 35 138 216 265 348 349 351 609 
8 21 109 127 267 268 282 353 544 
14 21 73 108 111 126 134 199 286 356 364 366 448 504 524 
8 71 115 192 228 346 384 386 573 
9 79 130 140 265 333 384 447 573 598 
10 47 77 111 153 200 209 377 378 473 598 
10 41 107 186 210 214 329 379 449 511 538 
15 52 109 153 217 267 269 300 302 331 403 408 417 432 436 478 
8 194 224 416 488 594 595 599 614 
21 27 94 149 197 266 297 304 323 330 357 364 383 422 430 448 454 507 511 516 541 598 
17 36 73 117 155 170 219 238 283 331 340 413 456 460 548 581 612 614 
10 22 49 72 133 275 294 298 386 394 464 
10 7 168 207 263 312 468 522 545 571 581 
16 34 91 227 259 283 308 340 356 387 463 465 483 497 522 578 617 
10 48 171 306 362 409 418 476 487 500 607 
7 78 163 204 283 302 303 361 
15 17 64 159 209 238 302 327 378 398 437 445 471 478 587 607 
13 93 122 197 227 230 246 257 283 348 455 495 604 606 
9 33 106 144 173 250 287 332 415 482 
8 29 154 186 202 401 428 530 590 
13 20 137 162 182 197 266 429 448 468 543 563 581 612 
9 89 173 262 263 269 395 500 570 616 
7 246 254 370 457 557 600 610 
6 15 43 118 191 420 425 
13 13 142 177 383 394 408 420 453 512 574 598 600 617 
14 13 193 205 250 265 278 285 357 409 413 426 492 568 578 
17 11 61 66 107 135 165 206 226 250 269 275 308 347 360 510 564 611 
9 36 69 102 260 323 471 503 603 614 
4 42 88 96 392 
9 14 109 228 306 313 428 467 496 509 
