690 3357
18 129 178 204 214 259 263 271 307 392 404 459 468 489 528 539 540 559 600 
11 177 192 210 228 250 327 345 423 558 562 634 
9 108 129 229 306 383 561 598 599 605 
4 36 163 171 567 
12 20 123 174 220 242 294 302 323 324 658 663 664 
10 115 159 192 276 277 303 325 375 422 460 
6 83 97 383 574 673 679 
12 97 159 194 253 306 351 388 397 405 535 629 652 
5 24 407 443 482 545 
8 21 79 169 236 294 356 401 402 
15 20 21 122 154 193 215 226 244 249 384 414 460 584 604 647 
5 19 42 109 463 601 
11 187 311 350 388 429 465 474 582 607 620 674 
6 216 240 371 571 642 660 
8 147 167 175 215 513 524 616 686 
13 36 58 67 109 163 190 283 318 327 401 577 583 671 
9 18 86 133 183 283 289 322 366 629 
10 97 197 215 327 404 418 510 531 585 670 
10 16 73 121 233 264 309 417 425 470 474 
13 11 79 134 209 232 247 248 279 445 481 504 536 638 
14 4 10 51 73 138 144 170 261 349 373 378 428 603 607 
9 9 10 125 223 423 446 467 602 629 
13 39 83 155 157 203 304 398 436 495 497 587 607 658 
9 32 88 190 231 277 313 458 545 552 
11 8 84 203 243 363 412 413 446 533 552 637 
15 101 210 222 270 333 404 430 438 452 464 524 562 609 610 647 
6 83 231 326 361 369 607 
4 77 119 196 281 
9 72 282 308 310 328 372 379 420 595 
3 378 548 599 
13 83 94 170 247 267 269 303 318 328 461 554 558 621 
13 137 205 289 306 327 403 459 475 581 583 627 661 666 
9 23 77 160 247 266 368 474 534 556 
5 71 288 314 414 553 
12 35 131 283 348 410 479 495 534 573 604 634 638 
9 34 206 225 314 423 600 604 620 622 
8 3 15 174 178 236 287 357 543 
6 44 81 133 262 322 443 
12 55 70 72 126 149 227 333 357 423 455 595 640 
10 22 106 300 386 425 523 549 571 578 675 
11 187 212 216 299 362 366 417 427 449 493 564 
9 114 174 214 338 397 483 611 665 666 
6 11 45 80 85 110 466 
7 104 147 163 205 621 635 660 
9 37 48 135 388 510 524 588 594 609 
9 42 118 152 209 247 276 320 615 623 
9 154 197 205 219 225 228 341 579 676 
14 89 151 188 257 330 396 431 440 480 523 558 590 616 625 
16 44 127 148 155 158 172 195 211 355 377 495 512 580 588 610 622 
12 51 97 105 127 184 188 266 267 334 392 557 642 
8 188 234 241 286 320 451 472 492 
13 20 49 143 195 240 254 313 389 421 477 499 574 599 
7 230 269 304 371 582 589 629 
7 189 206 428 453 471 585 602 
5 82 191 230 344 624 
13 38 132 315 343 346 394 468 570 574 590 595 602 605 
6 68 177 183 412 423 531 
10 75 113 218 244 274 306 393 442 483 628 
13 15 74 122 124 126 134 154 160 206 437 494 555 644 
14 125 135 148 170 186 212 223 308 380 434 584 585 633 638 
6 115 130 173 378 605 634 
6 121 184 340 490 563 619 
10 98 189 274 329 341 454 464 482 565 589 
8 110 176 348 446 541 542 547 665 
8 103 178 308 333 370 452 491 680 
13 72 169 204 302 314 350 351 427 451 467 519 529 631 
5 350 512 547 652 687 
8 15 111 268 314 326 577 664 679 
11 56 129 150 152 193 398 431 439 478 522 654 
9 203 266 386 408 463 541 594 629 641 
14 38 83 147 308 363 425 428 494 512 540 543 572 608 613 
12 33 82 100 238 269 291 380 476 495 578 598 626 
8 28 38 65 82 211 336 437 535 
11 18 20 103 111 187 219 252 352 405 517 535 
12 58 92 132 167 175 347 468 480 486 559 627 643 
10 57 96 103 183 280 351 405 533 565 641 
6 117 179 230 336 652 656 
9 27 32 79 182 200 300 492 609 626 
9 95 127 189 286 354 362 384 479 505 
12 9 19 77 112 288 289 309 422 433 509 536 573 
8 42 104 121 272 527 553 576 622 
15 37 104 120 130 184 286 310 372 441 486 632 672 673 677 689 
8 54 71 72 116 251 413 546 618 
13 6 22 26 30 70 114 178 180 210 295 324 340 649 
8 24 232 306 344 418 433 504 549 
11 42 162 322 352 371 453 471 574 579 641 676 
8 16 145 341 410 481 523 572 666 
10 121 176 224 263 433 499 550 559 560 659 
9 23 313 321 385 425 605 629 635 649 
7 47 138 302 358 401 483 626 
7 109 298 357 447 505 610 646 
4 142 511 573 631 
10 74 135 206 235 301 354 356 478 552 571 
9 143 200 263 354 444 484 585 619 641 
14 30 99 141 147 157 199 336 396 401 428 443 449 547 591 
10 78 255 260 288 356 377 403 615 650 671 
17 75 121 187 193 200 329 370 392 417 430 464 478 485 508 545 569 630 
13 6 7 17 49 104 152 157 236 257 295 333 543 597 
7 62 207 208 329 389 412 581 
7 94 317 394 510 532 574 598 
6 71 280 423 497 516 602 
9 25 206 312 341 452 469 472 509 643 
11 232 242 250 275 284 376 471 493 500 565 631 
15 64 73 75 162 178 219 325 384 437 443 512 580 590 625 632 
14 43 80 81 97 107 118 166 182 235 256 362 403 548 600 
12 49 138 171 208 255 266 466 515 541 573 617 618 
11 39 123 198 235 398 406 522 550 575 633 688 
8 104 117 172 269 297 300 417 650 
9 2 348 378 447 466 467 595 616 667 
14 11 15 90 118 134 137 202 214 220 443 506 546 614 633 
9 42 63 183 236 378 498 562 630 668 
13 67 73 162 278 394 404 458 525 526 572 584 622 669 
7 79 216 228 352 413 457 544 
9 57 213 265 409 450 533 588 622 660 
6 41 83 139 273 364 365 
8 5 60 135 227 284 381 576 626 
6 82 272 306 364 613 628 
15 76 107 208 225 281 335 340 351 367 438 489 490 494 509 515 
10 45 104 109 141 164 329 422 466 586 660 
12 27 131 194 261 262 313 365 438 454 466 564 687 
10 81 206 270 277 370 396 478 503 554 573 
10 18 61 80 87 96 305 309 556 588 630 
9 10 58 163 257 354 394 476 491 523 
5 4 106 176 194 535 
11 58 130 138 212 222 250 271 302 360 421 460 
12 21 59 249 251 267 283 522 535 551 552 563 566 
11 38 58 146 197 228 299 343 513 587 604 684 
8 48 49 78 260 288 291 358 608 
8 155 215 336 344 395 436 487 632 
15 0 2 68 158 201 231 328 379 405 528 570 579 585 624 634 
8 60 81 124 183 290 325 403 516 
12 34 119 160 185 227 315 399 423 502 577 662 680 
4 55 74 305 354 
15 16 37 138 213 230 268 376 412 437 472 507 514 549 572 611 
11 19 58 109 143 154 299 330 338 420 649 666 
10 44 59 92 115 138 285 340 383 408 509 
15 198 230 247 251 271 301 330 348 383 442 480 543 592 617 687 
10 31 109 144 288 294 574 605 624 646 685 
15 20 89 105 124 133 135 235 304 333 344 364 416 527 569 663 
12 114 145 241 307 422 519 577 599 609 616 649 651 
7 500 505 510 511 518 628 631 
11 94 118 187 219 303 323 485 503 549 630 663 
7 91 200 266 270 496 661 669 
11 51 93 134 150 201 331 337 419 438 482 507 
9 20 137 166 196 269 318 450 489 676 
9 86 139 253 335 382 440 481 555 677 
4 126 320 407 679 
17 14 43 70 94 158 176 187 245 268 343 356 360 396 424 482 544 676 
9 48 59 180 240 374 513 600 646 660 
7 38 161 185 339 500 585 616 
10 68 143 362 429 445 533 539 593 608 683 
2 47 163 
11 45 68 97 234 379 408 503 509 513 552 665 
8 155 192 279 405 447 522 523 643 
11 10 46 58 134 254 301 431 439 460 565 616 
14 22 48 128 153 253 269 273 320 357 376 397 398 594 646 
9 161 166 241 270 342 343 397 502 606 
10 22 94 97 228 264 329 453 512 552 618 
15 48 129 147 188 226 267 286 386 395 410 540 583 593 661 679 
13 5 7 239 376 413 454 500 529 582 590 647 655 679 
7 32 58 131 287 319 349 401 
6 149 156 201 331 554 590 
11 85 103 111 218 235 357 390 577 605 608 667 
14 3 15 43 122 151 176 305 420 448 471 582 594 604 676 
9 118 233 317 334 409 448 558 574 611 
5 342 350 404 559 591 
14 104 144 156 198 241 245 283 296 387 414 430 549 572 586 
12 14 74 216 306 310 388 407 434 450 502 510 573 
9 192 196 206 248 470 548 574 588 680 
10 9 65 270 331 333 386 438 465 467 510 
8 20 30 59 203 328 362 550 574 
14 3 105 205 247 309 367 387 420 437 450 470 572 584 609 
9 48 107 217 312 352 439 503 520 674 
12 60 249 311 344 357 367 391 407 423 521 552 668 
9 4 36 41 231 284 392 498 593 689 
9 14 74 200 231 297 443 484 520 547 
10 63 87 123 147 163 243 325 332 364 653 
9 1 56 251 289 315 317 379 380 476 
14 0 36 64 83 103 218 235 244 398 431 444 576 638 646 
11 76 217 236 258 279 295 310 321 390 480 607 
7 83 148 266 498 583 612 645 
7 262 272 286 345 422 434 677 
8 77 104 197 242 314 359 440 607 
9 16 56 75 110 130 230 374 420 491 
6 49 61 81 386 503 615 
7 131 149 249 253 302 483 641 
5 59 386 424 445 531 
13 12 40 73 96 141 147 233 256 360 392 426 478 506 
15 47 49 50 158 216 232 328 453 462 465 473 491 582 653 682 
12 53 62 78 272 380 463 481 572 592 627 634 671 
7 15 23 250 319 416 512 625 
8 54 303 328 362 397 487 532 663 
11 1 5 153 168 246 301 311 323 440 604 620 
7 10 68 96 429 530 601 630 
12 7 119 123 198 234 249 270 318 376 392 429 569 
13 48 51 200 395 450 503 548 590 605 620 624 625 659 
11 27 144 168 408 422 428 449 472 492 506 637 
13 17 46 126 182 268 283 322 476 544 557 573 614 629 
10 106 136 166 194 355 412 432 484 631 677 
17 94 209 229 292 300 373 440 496 500 576 584 593 636 650 655 682 683 
10 77 93 96 142 175 195 397 507 605 687 
6 129 143 161 346 600 610 
6 109 230 239 342 407 596 
10 22 24 69 170 210 274 397 424 519 600 
9 0 65 238 259 367 503 530 590 669 
10 31 43 46 171 207 391 555 567 569 581 
12 35 53 58 92 101 120 168 207 229 231 590 654 
8 98 205 206 290 345 348 505 551 
17 98 105 117 242 247 275 278 303 306 309 327 392 457 517 553 592 675 
13 19 45 199 319 368 437 445 463 486 500 512 546 617 
11 1 25 83 203 274 301 359 507 508 565 688 
9 48 72 361 380 400 476 606 653 677 
12 40 59 124 245 253 408 459 514 525 592 677 685 
12 113 133 220 250 280 314 484 502 537 582 586 673 
11 0 41 109 243 266 294 448 522 582 615 656 
13 10 14 17 128 252 257 328 338 509 537 540 558 660 
7 13 40 112 167 188 287 608 
8 172 179 267 534 543 555 644 679 
5 57 162 178 307 620 
13 46 73 103 141 233 258 345 460 504 532 600 618 625 
10 4 109 213 360 362 422 507 522 644 650 
9 226 295 388 423 447 506 547 571 629 
10 25 124 361 437 443 446 581 597 651 683 
9 21 59 237 277 290 364 405 447 595 
9 87 251 283 352 356 406 488 511 646 
8 35 46 117 362 413 458 460 675 
9 10 158 221 256 268 276 574 625 662 
8 38 115 131 256 316 376 382 506 
10 1 46 112 126 157 281 318 344 433 643 
7 2 199 206 300 316 502 618 
17 52 54 76 133 136 183 202 270 343 367 431 437 476 541 578 644 652 
13 23 26 129 174 175 206 238 275 312 494 548 580 680 
13 19 84 102 188 282 320 356 455 479 555 591 655 678 
10 18 164 187 219 289 301 421 456 489 562 
4 50 152 194 390 
13 92 104 106 138 162 178 243 434 529 564 609 610 680 
7 9 36 97 110 179 273 519 
8 223 361 381 571 590 596 615 661 
12 71 204 231 301 342 370 373 476 534 549 556 575 
7 159 202 346 381 397 444 629 
6 13 51 148 249 292 689 
16 50 139 156 166 257 259 291 413 459 501 517 520 539 613 630 640 
13 4 102 182 208 339 381 464 503 507 535 600 648 671 
15 24 176 214 235 250 260 413 446 447 459 522 570 592 651 678 
8 10 57 178 301 323 448 510 687 
7 147 166 212 270 419 498 582 
7 192 284 285 391 421 488 611 
15 19 30 32 45 136 171 208 300 323 335 337 367 543 553 569 
6 19 168 319 415 547 616 
11 10 125 173 185 194 240 381 472 556 645 650 
12 1 102 124 190 213 243 359 379 573 622 662 681 
12 82 125 136 177 224 331 378 406 507 548 589 671 
10 73 215 264 376 403 456 478 547 602 609 
15 7 145 155 185 212 255 321 328 359 418 426 430 485 530 553 
10 51 154 318 436 441 466 501 608 621 637 
5 95 105 253 391 548 
7 104 187 226 227 329 571 656 
9 47 97 122 215 241 263 326 518 570 
7 179 219 328 499 546 608 633 
5 0 204 241 397 596 
9 95 127 243 264 321 360 407 506 581 
10 20 119 289 296 324 327 365 379 517 526 
11 37 119 181 321 326 345 364 390 536 538 553 
9 0 87 93 257 284 405 450 467 584 
13 18 157 252 260 333 351 361 363 457 498 502 513 561 
5 113 293 347 614 688 
10 32 49 69 105 142 180 214 454 510 553 
10 30 49 125 158 217 447 448 457 508 609 
7 67 133 147 197 226 311 652 
7 30 52 71 107 144 155 328 
12 25 120 142 156 169 194 230 245 304 345 462 539 
11 0 124 136 319 353 382 383 392 403 523 643 
10 80 116 181 189 306 409 486 547 590 657 
11 114 155 236 332 384 400 451 469 553 590 618 
10 57 62 203 210 452 459 520 586 646 647 
13 102 208 231 309 316 325 456 463 502 506 516 564 675 
7 5 45 226 343 444 498 573 
12 5 23 120 223 362 377 453 486 490 491 583 600 
14 111 208 374 439 506 523 530 558 561 587 607 624 628 630 
11 19 153 179 389 443 456 480 497 528 540 686 
10 75 100 213 357 429 450 498 515 556 682 
6 27 117 228 347 381 468 
4 28 232 302 381 
15 15 16 34 125 166 197 224 319 339 351 389 501 519 616 679 
11 102 115 174 246 263 449 460 608 612 646 666 
6 135 246 378 596 603 615 
10 50 78 81 158 181 359 460 616 654 664 
9 36 160 216 340 347 394 479 564 591 
9 33 79 95 127 137 422 493 499 526 
12 16 31 79 177 233 261 466 470 490 502 613 667 
10 130 207 223 401 410 446 447 466 647 684 
8 71 127 241 300 441 516 667 689 
9 199 240 314 366 404 447 610 615 658 
9 265 309 342 354 393 463 508 540 642 
7 4 9 137 214 547 583 664 
9 83 97 179 221 382 546 614 636 644 
9 166 261 370 387 501 516 537 610 684 
7 107 175 324 405 593 622 640 
6 90 323 386 533 562 680 
7 40 126 134 337 354 423 451 
15 39 77 107 199 229 247 291 319 551 561 567 573 647 674 688 
14 92 136 154 192 210 233 238 244 336 346 423 503 542 635 
11 4 65 89 124 185 282 356 361 559 600 674 
10 5 30 141 191 208 312 528 579 609 659 
10 22 52 138 270 318 377 540 542 584 678 
8 121 132 163 339 347 360 444 516 
16 2 7 31 57 84 116 167 208 272 405 488 541 588 638 647 650 
7 0 139 218 369 485 534 599 
9 28 59 64 70 350 467 511 546 584 
10 18 79 121 171 208 275 293 318 404 442 
13 28 81 167 179 347 466 498 501 566 584 623 661 683 
7 12 173 192 268 445 556 634 
11 101 172 231 303 314 514 544 567 588 633 664 
7 23 51 88 119 374 506 512 
10 33 35 65 67 182 213 292 312 417 499 
7 55 131 177 357 429 660 681 
8 227 229 275 471 520 543 545 689 
7 99 164 177 492 518 555 633 
11 15 30 144 194 228 254 304 309 389 433 596 
7 160 190 209 248 271 283 300 
13 45 50 146 155 232 354 395 440 523 553 581 591 626 
10 88 179 253 260 262 396 449 513 591 667 
12 16 37 85 197 358 421 519 523 540 548 585 598 
11 4 141 192 244 247 298 366 401 447 469 631 
8 4 83 261 297 341 390 394 448 
11 5 103 130 176 275 338 345 462 612 648 686 
11 26 67 257 262 387 407 515 516 531 533 632 
13 1 15 17 31 208 261 377 474 477 478 485 503 605 
16 28 30 129 170 188 191 215 253 258 269 357 358 416 438 484 496 
12 62 96 98 118 157 256 338 345 362 414 562 574 
14 47 134 136 341 349 363 366 369 372 440 470 617 655 684 
13 143 161 169 251 341 381 401 478 552 559 597 598 663 
3 176 273 526 
11 25 38 64 97 138 169 264 377 533 621 660 
5 49 164 377 399 602 
9 117 145 247 338 371 375 405 440 537 
10 72 76 94 128 301 442 451 453 598 677 
6 143 247 299 362 570 618 
11 41 134 215 325 329 335 361 376 521 576 577 
6 149 242 283 305 365 405 
9 61 83 117 135 287 342 570 641 670 
14 46 62 86 101 324 330 331 368 385 394 464 583 628 644 
9 156 165 202 238 293 340 410 575 682 
8 55 126 147 156 230 276 444 598 
11 54 84 128 138 173 228 527 595 596 621 639 
13 1 181 207 219 262 270 325 329 489 576 611 629 663 
8 55 201 239 301 379 429 519 577 
10 74 265 281 287 305 310 547 559 573 627 
11 34 63 108 136 207 364 391 590 601 620 625 
8 20 160 330 487 498 542 548 605 
9 12 65 66 165 308 414 429 618 679 
15 7 65 75 117 264 283 377 386 468 472 501 551 564 588 603 
9 73 85 112 172 224 426 448 475 671 
6 271 442 531 630 636 688 
15 78 92 93 122 132 293 299 320 365 392 469 536 542 589 657 
3 48 198 455 
10 9 92 95 147 224 232 302 496 532 547 
14 36 38 90 155 162 173 280 315 328 415 466 551 572 637 
7 89 127 322 328 484 507 650 
14 182 210 250 253 286 390 400 429 535 582 584 595 669 677 
14 124 147 187 220 260 305 441 497 502 575 624 659 666 689 
11 26 211 222 237 264 302 338 388 439 456 470 
14 40 78 104 150 170 191 220 225 277 329 337 434 479 527 
8 24 70 264 330 532 602 635 680 
13 114 116 138 176 223 262 348 390 412 422 571 608 667 
9 114 119 261 339 354 372 599 625 660 
10 16 40 292 323 330 394 505 526 632 682 
9 117 171 173 204 230 247 461 474 655 
5 32 209 341 482 670 
8 26 307 330 384 496 506 530 621 
9 64 96 120 238 296 383 477 561 621 
8 13 52 85 335 404 419 446 579 
7 28 81 330 365 499 544 655 
5 20 199 238 387 638 
13 148 183 278 313 377 379 461 463 497 522 546 571 631 
5 5 335 390 528 603 
14 102 133 155 159 194 227 252 338 419 480 482 484 576 590 
14 48 95 277 304 327 333 334 351 374 432 448 586 592 675 
11 20 29 60 108 110 251 285 381 551 593 680 
14 28 129 152 177 250 261 346 374 437 534 562 596 605 624 
8 59 71 177 189 211 537 556 570 
18 115 237 239 242 249 281 282 331 378 448 449 502 534 576 622 636 658 679 
5 145 227 271 295 614 
8 2 6 135 136 271 370 457 554 
11 10 78 103 273 369 389 402 420 421 438 512 
7 88 341 398 399 463 484 647 
11 39 69 158 169 184 186 298 351 574 588 604 
10 166 171 296 326 373 445 511 599 649 668 
10 7 12 44 167 221 361 419 501 606 611 
8 51 98 279 283 318 384 432 604 
14 162 179 234 262 324 359 364 375 479 480 494 496 551 567 
14 173 205 246 255 348 511 552 612 623 657 671 685 687 688 
11 0 49 96 174 187 194 208 271 354 449 575 
7 57 293 482 491 536 543 653 
9 55 99 111 122 287 324 341 366 578 
10 128 158 195 320 475 487 531 553 611 614 
9 47 94 120 147 321 418 597 630 679 
13 7 41 155 156 191 200 203 239 259 406 519 577 612 
13 22 68 106 155 178 385 484 493 495 510 621 653 677 
5 131 334 385 540 610 
9 211 273 359 457 479 555 601 614 667 
8 9 15 89 94 160 290 323 331 
6 9 384 454 541 551 558 
9 31 95 104 130 252 271 536 601 605 
12 0 17 25 111 165 292 309 371 525 649 674 685 
13 7 73 75 129 153 223 263 297 306 335 339 452 640 
9 106 224 251 397 445 533 562 599 680 
9 8 146 167 173 202 260 326 661 676 
9 69 135 152 196 212 410 560 637 673 
8 113 164 272 431 503 521 534 555 
12 34 86 158 290 342 408 417 465 481 527 539 547 
4 483 580 639 656 
16 24 56 98 133 198 364 430 459 467 474 488 516 519 550 555 643 
7 24 82 112 159 225 241 243 
10 10 33 166 329 350 466 480 618 621 669 
3 248 357 430 
10 138 190 328 419 458 472 501 572 573 651 
12 18 40 96 107 314 410 479 497 562 573 635 648 
9 17 84 253 396 426 475 513 639 661 
6 143 245 371 376 388 416 
11 28 134 163 171 183 384 428 525 565 570 659 
13 51 124 233 246 322 384 430 452 516 553 603 638 639 
12 5 79 118 139 181 196 220 288 364 522 523 606 
13 1 21 35 38 56 100 131 173 221 299 301 458 620 
11 147 186 203 425 434 456 637 648 657 671 683 
8 18 39 70 88 424 546 566 618 
12 187 253 352 418 505 520 548 580 581 618 647 668 
5 40 65 508 672 678 
11 20 53 70 94 196 420 450 485 505 605 668 
9 12 150 193 194 280 315 346 350 359 
8 25 96 166 253 412 415 421 625 
8 47 68 154 178 230 409 437 460 
6 198 377 389 506 550 647 
6 79 84 87 228 318 547 
10 59 167 181 235 362 424 501 618 619 667 
2 479 587 
7 22 128 254 450 462 593 663 
15 58 72 103 133 171 209 222 230 379 431 466 573 587 606 611 
12 25 117 119 143 169 328 384 458 529 598 636 662 
8 68 154 172 278 361 493 546 620 
11 47 145 182 192 199 320 330 335 449 530 647 
6 81 254 291 360 487 593 
7 57 136 309 336 353 476 653 
12 8 37 94 103 109 175 222 279 470 481 540 614 
9 93 178 239 276 305 343 448 648 658 
8 19 150 186 209 311 387 406 600 
9 21 24 63 222 243 290 371 570 670 
15 90 108 153 221 223 243 267 290 292 323 448 498 568 651 670 
16 163 164 214 244 267 324 352 377 381 444 447 475 516 531 590 605 
11 40 94 196 284 321 381 392 440 488 524 630 
15 113 144 167 171 195 263 280 428 436 456 473 485 600 640 685 
11 50 65 273 299 336 504 572 624 658 667 683 
10 25 64 101 274 405 421 466 535 607 618 
7 53 85 157 188 277 336 561 
9 62 119 159 266 402 494 525 531 637 
7 38 232 355 487 539 566 582 
11 233 252 275 279 361 424 450 551 553 569 583 
7 112 208 264 267 383 400 528 
8 23 111 225 416 423 438 537 588 
10 0 31 212 241 243 274 412 480 638 683 
15 5 10 124 154 219 225 284 286 431 493 515 546 626 671 681 
5 30 367 374 550 655 
4 188 270 325 436 
12 11 69 189 209 275 293 374 385 480 522 621 646 
7 25 62 96 242 341 574 611 
5 12 169 188 410 512 
15 42 105 108 118 119 254 289 290 310 357 414 437 452 573 681 
12 21 65 108 169 263 308 412 518 534 622 627 678 
8 0 55 74 281 351 558 632 689 
6 101 273 323 354 546 580 
9 18 168 171 289 330 361 443 508 546 
10 53 85 102 163 316 543 550 579 608 649 
12 50 101 133 196 249 351 416 482 528 545 554 684 
6 188 450 485 641 653 678 
7 12 18 32 327 367 412 661 
7 31 352 395 418 448 489 620 
9 71 122 177 197 211 230 238 442 504 
4 51 327 370 517 
10 68 92 96 120 187 252 327 331 597 643 
12 34 78 232 287 362 390 400 417 435 489 529 634 
10 47 74 136 179 279 376 390 414 459 463 
8 19 86 145 189 410 443 511 592 
11 8 62 143 147 368 376 393 472 559 602 661 
10 41 57 89 185 411 573 577 627 645 665 
11 93 175 198 213 328 358 376 385 398 509 586 
12 96 141 253 307 327 428 450 473 510 582 653 675 
10 74 81 209 272 277 491 585 638 658 667 
10 128 191 349 395 441 455 500 540 557 613 
8 224 246 306 412 449 569 576 687 
13 0 117 144 233 345 475 479 496 567 574 579 601 627 
8 61 117 277 289 554 618 680 689 
9 64 122 183 188 277 393 486 661 684 
5 50 77 196 317 584 
8 40 102 288 398 439 460 677 688 
8 58 70 117 231 390 454 605 612 
7 22 34 48 71 398 548 635 
9 142 199 328 356 369 390 489 525 588 
8 22 100 279 360 374 417 510 616 
13 110 174 180 245 264 276 280 310 349 447 598 634 647 
12 51 87 258 288 314 372 523 538 541 543 580 627 
10 102 140 149 159 199 209 487 582 622 670 
12 241 254 283 296 310 351 388 416 434 571 599 602 
12 131 156 167 213 229 264 275 289 360 381 528 618 
15 120 141 152 172 184 195 204 242 301 327 409 535 585 592 639 
10 19 84 219 451 476 547 570 611 676 680 
11 78 90 140 207 366 426 428 506 565 568 609 
15 109 187 196 221 227 260 275 278 313 369 432 505 606 633 667 
9 133 143 200 210 220 242 251 358 515 
9 96 210 267 293 427 470 535 541 618 
8 79 101 117 135 152 215 484 646 
16 17 44 99 140 167 169 244 266 398 485 497 512 567 571 621 686 
11 91 140 224 308 387 391 481 513 536 547 675 
12 48 66 70 103 157 190 209 313 384 465 510 541 
10 14 126 148 152 264 321 418 511 530 538 
6 133 212 312 522 540 675 
10 105 117 280 326 460 507 575 588 609 655 
11 100 130 275 291 296 305 326 412 421 448 667 
7 73 208 241 261 477 584 605 
6 140 257 317 467 640 657 
15 65 139 203 236 283 322 346 397 412 533 535 562 608 646 676 
9 172 175 241 274 316 426 602 617 650 
4 173 338 409 639 
11 68 106 125 153 214 220 243 374 422 463 514 
13 39 47 86 122 153 271 278 320 322 422 499 588 632 
5 14 25 44 449 599 
12 111 212 404 420 454 496 543 548 558 573 599 662 
5 111 261 288 332 366 
9 80 138 344 362 410 550 558 569 573 
9 0 129 279 303 375 457 472 502 682 
7 65 159 235 438 479 538 661 
9 193 204 253 278 369 440 513 562 629 
14 17 56 186 326 353 395 448 454 548 555 575 594 634 673 
10 99 191 219 356 363 574 594 628 635 673 
9 24 75 113 150 298 326 333 406 519 
10 32 34 217 238 307 379 381 409 467 651 
11 7 72 73 123 125 242 359 452 503 508 519 
11 19 79 262 354 393 403 511 570 585 638 648 
11 213 215 296 335 380 458 566 609 652 656 659 
5 262 499 513 529 539 
8 0 150 241 270 410 455 538 603 
16 0 70 158 215 279 293 304 322 399 443 487 514 546 570 603 675 
12 63 69 105 230 306 402 499 508 512 580 587 603 
5 63 301 304 349 354 
12 36 70 97 136 217 247 316 393 471 499 525 575 
7 112 147 197 312 372 566 584 
9 8 23 96 316 472 567 578 599 620 
15 82 109 209 258 295 308 374 425 439 460 469 470 540 550 595 
19 63 66 94 175 221 248 252 272 294 347 356 410 433 504 511 623 646 647 656 
14 29 104 168 195 231 251 255 322 349 426 495 525 531 612 
7 39 84 133 141 166 238 550 
13 87 106 170 412 432 461 471 527 546 549 568 629 682 
11 125 207 300 351 357 378 390 402 456 563 675 
11 23 24 92 125 152 157 173 331 391 635 674 
12 33 80 208 247 253 262 266 273 320 395 421 456 
8 30 120 161 383 472 490 564 566 
13 58 145 205 217 232 317 400 409 412 531 566 606 675 
8 32 121 238 249 280 311 380 617 
4 49 197 487 600 
12 1 30 47 164 215 278 402 468 525 527 580 664 
10 0 74 87 165 302 331 347 482 646 655 
5 87 408 629 635 638 
7 2 264 278 300 370 453 628 
14 1 25 110 233 298 329 379 406 417 519 530 585 616 622 
5 61 125 551 620 636 
9 40 119 235 275 287 351 554 573 642 
8 62 75 102 154 210 420 505 642 
8 125 310 425 455 537 544 554 555 
10 3 205 300 312 390 489 510 545 576 656 
3 447 505 550 
9 96 138 194 205 247 456 488 527 593 
12 55 129 243 257 337 340 380 420 446 504 536 540 
12 13 39 92 221 237 256 364 374 501 510 573 625 
12 70 86 111 133 166 171 189 357 416 451 650 676 
21 34 79 91 105 120 167 197 250 276 300 347 416 417 437 466 483 525 527 564 571 623 
16 6 51 55 85 99 137 164 168 170 226 329 386 464 489 532 688 
9 106 238 342 360 392 515 531 543 590 
10 80 115 178 199 338 345 376 381 488 567 
12 15 67 131 139 162 338 346 397 483 622 664 668 
6 39 71 230 394 545 600 
8 46 85 129 303 371 471 489 645 
11 48 103 231 411 426 469 499 541 558 608 669 
7 31 98 205 222 260 320 426 
15 12 52 159 163 188 213 214 245 359 455 485 500 643 648 655 
9 15 31 158 180 277 294 341 456 654 
13 10 59 111 171 199 263 304 308 310 359 492 517 544 
12 17 53 59 93 129 149 322 486 503 536 562 602 
7 118 166 213 274 377 484 621 
10 22 126 278 435 437 541 615 621 633 663 
17 44 48 113 121 168 306 312 351 386 458 496 515 523 618 645 662 679 
4 52 62 251 354 
18 47 55 103 159 161 195 204 206 237 272 273 348 376 448 575 607 638 651 
7 94 165 232 287 320 321 616 
10 136 189 208 212 243 377 481 503 641 667 
9 150 158 174 199 297 378 436 441 569 
6 44 69 155 163 531 532 
8 28 38 55 108 223 344 359 546 
7 202 237 259 285 318 344 379 
5 97 222 331 396 478 
10 2 71 99 322 331 336 343 438 498 662 
12 2 29 51 139 307 365 387 406 501 524 525 545 
14 0 35 104 148 201 203 219 242 277 302 445 450 557 578 
7 11 193 348 400 403 489 688 
12 21 53 55 100 252 334 363 482 501 520 585 629 
9 20 285 351 375 421 539 540 541 619 
9 10 34 35 126 163 192 386 389 640 
17 2 55 60 88 137 162 195 200 327 349 379 403 428 448 494 517 669 
9 156 211 388 422 437 506 555 637 670 
11 12 20 22 26 179 182 278 452 590 623 656 
14 70 127 150 162 216 254 258 284 364 471 519 580 616 655 
13 25 44 77 139 171 235 252 267 303 505 515 537 651 
8 25 48 90 201 235 292 296 399 
11 41 133 164 246 345 388 395 437 464 504 683 
7 180 284 325 391 397 494 548 
6 70 116 241 289 487 622 
8 109 197 265 295 382 395 400 443 
11 45 95 184 214 237 285 292 587 647 653 661 
15 14 47 108 139 149 154 248 283 286 497 562 591 608 663 686 
7 105 136 209 330 520 556 679 
17 82 105 157 219 229 273 337 350 414 425 426 434 452 490 502 508 588 
5 61 93 434 603 673 
12 12 35 192 195 218 348 423 439 475 545 563 684 
13 30 43 254 333 344 369 370 398 414 463 510 586 587 
14 35 48 80 111 113 250 297 381 467 500 562 577 613 638 
6 45 310 391 547 573 607 
8 54 129 137 195 278 360 379 451 
12 47 103 190 195 219 226 348 365 430 571 670 686 
8 71 77 89 115 320 460 634 689 
8 31 74 189 347 467 483 489 499 
8 57 116 140 278 341 532 561 674 
14 7 16 21 52 69 88 197 221 239 345 530 550 560 602 
10 96 110 121 141 193 241 278 353 396 449 
8 65 91 102 140 198 323 374 667 
9 81 103 128 326 366 468 523 677 682 
10 59 106 109 258 312 317 506 587 669 686 
10 1 34 60 129 189 311 479 498 531 626 
9 43 88 301 363 417 495 532 552 560 
6 199 295 353 381 438 563 
9 24 196 254 357 408 424 454 606 646 
15 19 34 59 178 306 373 421 459 486 536 560 590 622 663 687 
6 344 411 418 421 503 521 
8 38 241 297 405 450 518 604 665 
8 69 75 85 93 185 340 473 592 
5 13 49 293 564 565 
8 74 101 153 228 271 412 478 582 
6 58 217 220 230 295 341 
5 180 249 483 579 588 
14 90 137 148 155 178 224 274 284 463 509 519 547 559 637 
15 10 25 159 274 290 300 306 385 426 432 440 498 547 615 675 
7 242 325 417 424 444 536 582 
8 83 88 134 139 387 404 471 676 
9 95 107 199 220 249 306 358 520 572 
8 139 222 243 416 447 534 590 609 
8 7 66 76 230 268 537 659 668 
9 176 188 211 393 398 442 473 485 615 
4 68 206 286 583 
12 159 199 232 330 367 372 461 515 559 582 608 656 
10 76 214 256 411 537 547 567 607 655 657 
6 272 354 391 424 518 656 
7 4 22 292 381 444 451 486 
7 87 195 303 360 420 537 652 
10 13 43 113 118 148 215 315 333 365 676 
12 31 142 158 237 310 407 418 474 482 491 529 615 
7 131 226 250 438 525 588 598 
10 4 138 141 191 331 345 436 587 616 638 
8 4 67 286 294 312 558 577 689 
5 41 63 152 483 640 
6 31 41 86 134 284 360 
14 108 162 289 291 321 364 400 434 451 486 506 516 592 631 
7 110 173 387 426 428 577 652 
8 111 142 204 359 414 580 605 633 
8 17 340 368 446 447 500 606 625 
10 15 95 189 242 251 352 391 424 460 673 
2 81 427 
9 6 81 213 408 531 532 619 671 689 
7 12 172 300 302 404 552 628 
12 39 208 225 275 377 485 511 514 540 551 555 647 
11 46 85 144 147 163 407 504 519 572 649 660 
11 81 145 181 198 211 212 336 359 398 493 632 
6 232 243 304 427 467 473 
12 6 67 146 158 159 217 283 350 381 396 588 617 
11 64 131 168 231 235 298 363 378 406 490 504 
5 250 315 460 466 684 
8 188 199 280 342 366 528 550 632 
8 150 199 222 310 424 451 459 611 
8 126 290 296 330 472 491 620 681 
6 137 212 391 404 450 686 
8 14 279 325 510 616 625 633 685 
8 66 119 136 200 244 391 488 638 
9 106 210 265 300 353 391 493 574 601 
11 81 174 240 291 316 360 468 490 626 664 673 
690 3439
15 97 115 209 291 292 293 400 470 496 520 550 584 588 593 640 
11 83 133 137 145 167 173 179 277 408 419 645 
10 12 78 153 189 252 382 472 588 631 682 
14 35 49 167 172 185 212 219 338 396 413 465 477 592 663 
10 118 139 199 227 305 317 380 449 510 600 
14 8 149 154 156 261 397 438 487 492 501 522 576 585 603 
11 201 257 269 383 395 403 473 486 529 550 589 
5 280 358 444 564 598 
19 5 63 107 140 158 167 188 201 278 279 287 315 318 333 363 406 501 533 547 
13 49 84 92 288 304 392 464 567 571 585 627 659 688 
6 96 185 230 300 401 457 
13 47 113 150 290 385 442 451 475 502 591 593 667 671 
7 2 44 315 368 493 559 637 
14 121 135 288 320 349 355 366 367 388 406 506 522 578 604 
7 59 131 132 155 188 233 687 
9 53 69 93 144 184 256 261 588 689 
11 33 183 395 429 444 454 536 564 567 609 618 
8 25 204 234 255 350 360 379 409 
15 118 121 126 183 198 264 294 298 333 337 370 384 456 571 656 
16 36 51 94 104 136 156 174 196 251 325 401 413 440 535 567 616 
5 188 443 475 483 612 
8 49 327 404 423 446 498 524 610 
8 23 283 324 331 351 417 439 497 
11 22 172 236 254 399 440 465 591 617 681 687 
6 44 137 313 435 459 472 
7 17 57 133 342 370 373 504 
4 167 260 381 516 
9 171 438 445 500 599 604 654 662 667 
9 35 73 250 260 303 407 572 637 649 
5 129 409 429 474 649 
11 44 100 125 152 172 183 265 416 558 568 614 
13 53 73 234 236 271 353 396 549 577 580 585 639 657 
12 115 121 245 310 343 351 440 490 499 520 546 574 
7 16 291 295 302 366 376 673 
12 73 162 177 213 253 339 358 378 427 533 607 661 
14 3 28 71 108 113 182 188 356 454 465 475 502 552 654 
16 19 172 173 222 243 292 304 365 377 485 559 581 606 625 632 687 
6 100 219 394 471 596 651 
9 222 231 237 273 371 425 604 650 686 
10 48 75 260 292 301 405 420 494 595 643 
15 72 111 188 202 228 243 270 321 338 476 521 535 560 584 603 
10 45 150 171 231 271 446 450 477 484 621 
13 167 235 390 460 522 548 551 565 569 581 603 616 643 
14 46 91 109 123 159 211 288 328 436 505 512 566 583 584 
7 12 24 30 113 201 479 550 
8 41 118 175 201 299 345 636 681 
8 43 53 104 108 118 337 338 421 
8 11 206 314 407 454 460 651 665 
12 39 111 124 192 225 323 334 458 522 593 648 684 
15 3 9 21 137 219 280 296 382 446 455 499 524 545 648 652 
8 169 220 314 347 479 575 600 637 
7 19 381 471 496 513 536 639 
8 213 303 353 432 473 489 534 557 
11 15 31 46 114 171 178 226 342 509 538 674 
15 83 109 119 160 289 322 390 465 498 568 617 636 660 662 671 
6 154 337 345 382 651 653 
11 67 77 103 296 310 315 469 531 549 579 642 
12 25 86 88 131 307 397 489 524 580 581 626 632 
16 106 174 180 207 291 348 363 389 422 423 445 460 467 512 622 628 
8 14 120 164 187 308 317 548 612 
6 127 322 331 498 584 593 
6 84 120 354 432 648 683 
5 70 347 368 471 582 
8 8 131 161 255 376 479 602 655 
7 305 322 502 508 602 604 684 
7 108 349 354 355 424 540 658 
10 107 176 237 239 264 272 513 524 608 629 
12 56 99 155 172 206 338 362 375 482 492 500 576 
11 77 122 147 272 305 306 349 400 446 454 680 
6 15 83 138 228 354 571 
12 62 94 138 158 187 340 355 431 498 568 650 669 
12 35 72 146 329 395 414 466 469 567 584 629 635 
7 40 71 239 268 319 452 630 
11 28 31 34 102 155 163 201 274 334 430 653 
7 164 309 325 329 348 361 550 
10 39 110 120 181 244 374 426 430 590 678 
7 172 237 358 369 454 531 540 
10 56 68 248 273 385 407 443 489 592 615 
7 2 213 261 267 282 410 674 
11 160 269 290 342 375 490 527 543 546 589 590 
16 85 125 132 144 289 332 392 393 439 447 459 496 534 566 644 657 
11 91 103 254 314 328 349 550 556 592 612 683 
6 199 353 380 506 567 579 
6 1 54 69 255 359 457 
10 9 61 100 101 212 297 385 431 559 629 
11 80 111 147 188 233 286 404 519 546 549 636 
9 57 252 322 331 341 358 421 441 564 
5 447 537 565 624 664 
15 57 203 209 278 289 326 344 419 459 465 508 516 519 580 676 
11 134 152 408 463 473 487 520 556 567 622 657 
13 137 143 243 347 381 395 404 419 443 510 565 599 641 
8 43 81 133 310 430 438 494 505 
14 9 111 137 219 235 237 240 310 463 488 492 496 505 592 
12 15 99 126 216 224 340 372 394 427 450 467 628 
13 19 70 173 179 279 323 343 364 404 480 481 526 588 
11 99 202 296 436 470 497 517 566 608 638 670 
11 10 122 152 192 334 368 460 473 557 572 660 
14 0 101 107 120 137 195 225 362 374 462 536 584 647 648 
9 215 344 388 475 482 494 578 652 667 
8 67 93 95 148 203 276 561 624 
12 30 37 84 224 268 273 294 372 392 480 499 522 
10 84 97 196 238 314 356 368 379 498 605 
10 73 155 326 347 362 451 518 571 580 639 
10 56 81 155 269 298 315 442 552 645 665 
6 19 46 212 309 355 604 
7 106 166 234 379 406 506 570 
10 58 105 310 415 439 551 593 648 655 660 
6 8 66 97 294 424 502 
8 35 46 65 130 169 402 518 525 
8 43 54 220 233 292 317 321 602 
10 75 119 145 162 261 270 312 473 536 675 
9 40 48 85 92 212 280 334 379 506 
13 203 305 326 328 364 392 395 496 566 571 580 640 678 
10 11 35 44 155 243 253 289 496 572 593 
9 53 186 247 285 328 371 481 588 633 
13 0 32 223 225 270 274 366 369 399 417 445 448 462 
7 134 196 226 245 528 534 681 
5 253 435 507 587 599 
13 4 18 45 46 126 188 194 307 417 491 594 668 679 
9 54 110 390 482 520 600 606 607 668 
12 59 61 75 97 212 312 458 479 484 494 552 667 
8 13 18 32 226 337 453 504 598 
16 68 96 130 135 160 197 268 294 295 333 337 399 462 522 575 579 
9 43 282 339 355 464 517 579 585 641 
16 48 147 245 269 281 349 391 398 412 445 482 489 490 495 576 684 
8 30 80 133 226 413 438 485 537 
11 18 93 118 138 190 297 389 517 522 562 603 
8 60 225 263 300 344 434 532 637 
6 190 332 403 506 516 668 
14 29 156 184 226 258 269 352 386 429 437 485 499 509 678 
13 108 122 227 315 316 348 384 456 542 563 581 627 664 
9 14 57 63 199 221 245 321 368 487 
12 14 80 197 246 263 280 309 351 421 464 544 583 
18 1 25 91 125 142 151 193 221 224 239 257 352 369 411 414 443 560 584 
14 89 116 197 216 249 284 288 309 355 458 542 646 676 687 
9 13 122 166 192 303 436 442 550 589 
13 19 176 218 226 234 289 325 384 555 590 604 609 613 
15 1 24 49 90 92 97 218 246 331 442 462 508 509 531 680 
10 69 70 126 233 283 307 444 469 485 626 
6 4 195 294 403 617 654 
11 8 211 216 291 471 486 514 516 543 604 609 
3 502 559 639 
8 133 384 416 498 512 517 656 662 
13 90 217 260 304 336 414 417 439 476 518 579 611 667 
9 15 80 165 183 281 297 367 454 509 
10 1 110 321 428 456 459 461 463 624 685 
7 71 273 276 482 597 688 689 
9 68 85 124 237 243 327 365 524 592 
10 99 172 215 217 324 342 374 417 656 662 
9 5 165 262 430 562 640 647 675 689 
9 11 41 169 209 233 272 473 582 680 
7 133 162 235 237 396 587 678 
8 30 89 96 307 458 512 581 660 
2 2 623 
11 5 55 156 203 245 270 494 501 526 642 663 
16 14 67 73 102 103 113 191 279 345 383 436 442 515 523 544 627 
7 5 19 129 154 307 351 486 
9 197 206 241 311 325 363 521 573 637 
13 8 70 161 184 299 340 364 387 400 408 420 529 573 
7 43 227 401 416 532 661 687 
15 54 79 122 210 225 231 249 289 335 391 428 462 494 507 590 
9 63 158 178 247 356 389 483 560 630 
8 34 110 151 163 226 408 412 672 
11 73 162 187 208 369 469 520 544 602 644 667 
9 59 74 203 207 212 266 337 476 649 
8 144 149 181 287 398 476 543 580 
7 105 135 367 416 559 569 607 
11 1 3 8 26 42 244 358 442 553 636 656 
3 230 594 621 
17 50 108 150 187 242 277 299 319 337 382 455 475 487 523 525 647 652 
3 246 276 482 
10 27 41 53 284 299 309 333 463 635 673 
15 3 23 30 36 67 76 148 196 335 337 355 358 415 517 653 
11 1 36 94 249 293 376 447 528 571 582 611 
7 19 58 316 362 450 552 594 
7 45 227 278 459 556 574 679 
10 66 136 202 229 316 356 409 512 557 579 
7 34 200 296 333 477 566 628 
13 53 161 243 271 274 396 438 518 529 536 564 567 616 
13 1 94 199 215 219 255 295 457 521 537 588 633 667 
10 58 206 260 478 518 573 616 625 631 672 
9 75 165 272 274 282 366 453 647 683 
9 35 265 332 362 471 517 530 538 580 
15 16 18 30 144 209 210 227 254 256 343 400 405 414 480 602 
12 15 129 158 196 329 389 414 439 502 512 581 665 
13 3 10 318 349 388 444 456 461 521 542 607 648 678 
7 114 189 276 282 339 416 657 
14 59 70 163 169 192 257 265 298 320 330 341 450 599 615 
12 8 14 20 35 40 85 118 191 200 257 262 569 
9 2 186 221 292 395 542 587 642 661 
8 126 128 224 319 399 419 475 501 
8 155 188 196 221 400 407 435 586 
13 48 96 135 187 227 263 317 332 343 388 410 472 533 
6 133 198 288 481 530 558 
7 118 240 282 299 355 383 441 
5 97 139 208 276 507 
17 19 101 116 172 184 191 219 325 350 369 498 509 549 601 608 628 652 
8 122 132 134 157 203 320 540 660 
9 18 193 345 410 421 477 479 510 651 
10 4 82 131 179 247 325 505 553 561 607 
12 177 188 213 326 342 447 532 625 640 665 684 686 
16 6 8 44 45 73 238 285 308 351 366 367 395 398 527 577 578 
13 40 95 176 245 327 354 374 376 446 548 588 612 674 
15 88 99 112 154 164 197 277 296 303 313 510 516 528 586 629 
4 17 463 518 599 
7 223 293 371 463 535 597 612 
20 47 67 157 180 216 244 257 280 287 302 362 398 411 430 496 512 540 543 555 666 
8 58 164 268 392 550 554 639 657 
11 163 195 308 354 358 418 446 473 507 577 643 
9 0 88 150 183 319 356 422 588 632 
13 160 183 265 269 298 426 449 468 488 562 592 635 688 
6 43 140 290 343 433 517 
15 3 84 104 111 120 164 234 257 274 300 399 425 591 625 636 
9 34 52 78 200 226 457 540 541 604 
7 221 427 453 500 640 645 682 
12 98 148 179 216 376 443 457 509 542 560 636 680 
11 93 134 140 206 215 331 364 556 572 615 681 
11 143 148 233 235 284 331 386 471 508 509 586 
7 136 137 284 388 418 498 532 
13 3 37 49 92 179 196 296 397 413 455 547 684 688 
8 50 109 273 332 415 434 650 660 
14 131 133 189 191 214 296 330 349 419 502 510 535 551 627 
7 36 38 388 401 457 612 687 
12 115 205 299 321 329 398 487 496 504 596 603 654 
9 93 100 133 190 229 264 313 339 455 
15 48 97 115 127 160 305 307 317 406 424 574 606 619 670 684 
12 53 116 121 125 129 136 162 213 312 480 530 570 
12 4 130 159 175 183 192 229 262 281 486 575 610 
14 40 69 283 311 314 331 332 358 465 489 527 534 545 598 
10 176 224 227 241 361 371 479 547 610 648 
8 10 168 251 332 470 577 620 685 
10 38 41 160 260 293 334 423 490 536 664 
7 321 327 417 432 436 466 675 
9 14 85 109 138 150 217 464 479 654 
10 17 31 105 136 212 238 334 391 442 547 
12 42 92 151 217 414 426 459 461 466 501 548 556 
8 23 31 462 472 523 546 557 669 
13 38 66 76 92 147 151 376 486 574 602 605 614 640 
11 101 201 234 332 366 383 421 625 651 674 685 
9 66 72 133 243 562 570 580 643 670 
14 92 194 255 260 265 389 439 478 525 551 631 647 659 662 
10 157 229 245 345 349 526 579 613 626 651 
8 169 247 360 374 408 561 643 651 
16 36 40 90 113 147 178 239 254 261 289 368 463 494 562 592 656 
11 75 167 206 251 268 295 307 346 356 452 649 
14 32 116 124 131 154 202 241 321 369 404 557 580 582 643 
10 132 137 170 325 361 380 452 477 572 580 
13 114 161 199 242 258 284 353 428 525 584 591 631 647 
7 77 250 278 281 403 578 668 
10 134 160 173 339 366 411 414 445 554 558 
6 28 248 484 508 528 606 
3 19 230 244 
9 2 86 337 354 379 399 513 617 635 
4 34 113 117 431 
11 23 81 183 243 431 529 553 595 632 642 651 
7 17 63 83 179 240 302 634 
7 15 183 377 457 461 466 689 
11 6 133 187 188 206 212 352 448 511 606 667 
9 129 247 445 504 512 540 579 663 664 
7 263 299 458 470 572 574 582 
15 26 28 39 143 180 231 240 356 449 544 568 635 650 687 689 
12 5 15 78 110 243 315 320 347 394 406 425 502 
8 149 188 227 294 409 430 434 445 
14 127 132 192 259 269 321 350 363 449 527 535 613 618 638 
10 18 66 224 354 453 493 508 558 615 644 
10 30 182 187 210 240 342 574 599 646 681 
5 164 350 439 467 470 
10 78 296 320 332 376 401 471 497 568 642 
7 72 100 122 207 244 618 685 
17 6 79 103 124 129 210 263 272 283 344 415 453 502 516 540 598 639 
12 40 110 115 154 352 369 372 409 423 444 546 561 
11 31 41 178 426 439 443 492 522 559 653 655 
11 66 68 150 181 269 345 371 450 465 469 688 
9 38 77 100 146 220 345 349 486 583 
12 73 115 178 181 212 520 533 543 610 628 629 636 
4 362 420 564 667 
9 99 146 170 186 195 315 426 504 610 
9 1 169 203 340 380 444 499 506 682 
9 8 88 175 248 340 403 451 667 676 
10 8 94 155 393 500 550 594 605 617 651 
12 7 49 111 132 206 344 400 426 474 678 679 680 
10 124 144 227 248 306 336 547 560 677 679 
10 78 123 181 186 194 371 464 488 493 582 
11 22 138 228 269 328 363 437 460 476 558 579 
10 134 171 217 218 247 300 529 543 594 659 
7 114 201 414 423 488 551 619 
3 85 446 633 
10 8 165 206 295 328 385 409 445 467 471 
6 9 13 43 134 193 319 
12 54 80 88 113 136 160 243 424 459 476 526 592 
7 11 79 211 324 504 537 544 
11 0 33 58 140 296 353 412 448 563 603 657 
8 0 36 39 109 189 394 427 631 
8 0 173 205 231 431 523 596 687 
15 18 100 107 122 139 262 360 393 398 412 545 559 615 664 682 
15 33 122 179 244 287 370 403 413 449 510 534 568 571 586 668 
14 49 56 95 177 203 219 221 267 291 399 497 557 588 643 
6 84 126 144 322 660 684 
6 18 103 187 210 653 673 
13 45 158 169 171 194 223 259 400 510 519 538 541 640 
12 10 127 212 284 304 329 342 350 404 516 560 617 
13 39 307 343 344 357 388 389 414 428 539 543 599 619 
5 33 206 255 318 619 
10 28 52 135 203 335 435 507 523 610 654 
6 9 36 143 300 490 534 
12 4 64 68 112 225 314 366 388 481 492 507 608 
10 68 281 307 321 354 360 383 424 466 629 
15 57 118 138 152 156 225 244 301 306 340 402 553 582 607 657 
10 59 201 208 316 346 480 486 509 585 599 
13 74 104 132 134 171 357 370 384 495 496 548 575 612 
11 32 56 91 92 106 319 327 434 453 555 651 
9 157 228 328 361 442 461 532 623 664 
7 110 120 226 314 338 371 582 
4 24 203 224 685 
10 47 50 81 101 228 305 312 458 477 539 
17 8 12 56 103 130 261 276 352 425 470 511 518 520 554 594 648 659 
9 130 174 176 308 338 378 389 481 665 
12 4 59 109 192 225 449 481 495 529 546 582 620 
6 8 185 302 361 404 667 
8 72 169 190 209 288 310 543 569 
10 13 187 197 261 267 347 410 412 431 525 
14 40 109 131 145 223 232 245 263 306 335 421 452 529 670 
10 54 60 64 86 297 323 382 528 576 647 
7 48 94 322 325 359 459 460 
8 22 148 290 338 429 441 505 537 
10 19 74 136 157 196 199 246 323 329 458 
9 88 102 112 200 333 451 517 606 642 
10 21 147 202 232 310 403 501 535 561 659 
15 43 81 112 114 283 287 311 342 348 435 491 521 541 575 582 
13 71 74 184 223 300 325 384 450 551 576 650 654 664 
6 187 221 523 600 605 617 
13 22 60 86 137 216 217 228 351 367 455 520 611 615 
18 80 128 182 192 220 228 230 238 267 356 384 565 570 593 622 630 662 676 
11 8 18 122 171 177 326 389 401 404 547 635 
13 48 73 96 111 231 234 432 501 547 558 567 568 676 
8 160 172 303 321 354 426 439 665 
7 143 281 369 404 521 567 603 
17 18 46 55 121 122 164 169 172 252 362 392 469 499 537 560 655 680 
10 3 40 46 67 312 316 324 340 533 688 
10 34 123 186 224 249 434 440 476 574 633 
12 70 93 158 277 278 307 338 366 404 539 558 627 
5 86 187 515 524 550 
12 25 53 79 148 200 265 300 328 407 436 493 670 
9 32 94 183 192 211 301 397 447 687 
11 88 98 127 269 280 301 357 519 525 600 664 
12 45 55 155 198 241 272 273 462 534 578 600 656 
8 244 308 446 509 557 616 623 677 
13 50 62 90 102 261 320 378 499 511 531 532 653 659 
8 58 74 130 328 377 504 607 620 
11 13 65 68 81 124 185 221 241 273 449 619 
13 17 196 263 266 300 386 405 499 511 566 574 673 675 
12 22 32 132 156 201 331 404 460 552 566 621 666 
12 129 133 257 270 315 408 519 530 532 543 577 622 
13 31 52 82 247 291 384 461 486 533 546 578 610 661 
12 61 65 69 202 208 252 264 306 335 368 546 555 
14 13 65 70 104 123 134 172 194 387 413 450 462 473 592 
9 35 101 161 176 209 244 260 332 634 
13 301 309 344 375 376 379 387 460 520 604 638 654 675 
8 7 34 76 86 167 172 208 228 
4 83 323 495 627 
8 17 242 294 306 441 460 563 630 
6 74 229 246 311 318 565 
10 67 97 102 174 182 206 275 337 430 687 
9 8 58 157 263 283 387 464 561 627 
8 94 112 158 216 455 489 599 682 
6 36 147 484 600 680 684 
18 13 33 115 181 201 238 249 305 340 367 370 434 444 575 587 641 684 686 
10 13 144 166 201 331 366 491 502 623 686 
11 12 62 96 101 131 243 354 412 453 557 645 
10 76 115 133 163 196 245 270 336 567 605 
8 18 25 295 309 366 426 574 615 
15 38 114 205 229 272 282 312 426 445 461 472 487 512 591 644 
9 93 100 270 506 516 525 527 591 680 
7 25 421 425 455 583 644 663 
8 75 97 148 202 242 547 561 688 
7 67 79 357 394 418 476 686 
12 33 63 173 202 215 237 267 357 479 492 514 645 
15 36 256 348 419 427 441 469 472 505 509 586 587 602 675 686 
7 34 316 347 390 392 523 616 
11 17 101 105 111 252 357 383 396 419 541 580 
9 4 82 246 277 382 441 578 598 669 
6 26 51 90 434 510 631 
11 2 49 55 169 322 380 384 416 455 487 569 
11 6 155 194 238 306 379 395 497 510 641 661 
11 18 130 136 142 309 329 332 353 382 588 609 
5 11 77 84 287 515 
9 129 217 350 391 426 445 543 559 673 
9 158 355 357 363 410 551 569 605 671 
14 13 98 185 192 218 222 301 305 420 428 441 455 461 685 
9 58 126 161 184 240 301 316 333 526 
9 42 54 119 378 421 434 444 483 592 
10 124 160 234 386 443 458 545 640 680 687 
15 9 80 100 112 207 337 378 514 520 604 652 661 667 676 684 
4 80 279 294 448 
8 37 93 261 292 375 410 472 617 
10 6 16 71 90 112 189 201 383 568 618 
7 3 31 151 178 379 465 586 
9 5 57 219 343 444 464 517 587 612 
7 124 165 201 206 223 294 570 
10 23 115 122 190 212 252 296 452 550 650 
11 0 68 158 183 191 280 299 493 500 594 595 
7 10 19 159 222 267 333 610 
6 108 307 494 581 646 649 
12 6 128 139 248 278 295 327 441 514 522 581 590 
14 21 85 90 94 245 300 318 333 336 340 351 503 507 683 
6 39 183 350 606 646 649 
11 8 13 105 225 261 451 508 541 618 623 664 
10 28 47 77 191 342 500 528 531 593 646 
14 1 89 158 162 242 352 472 494 505 507 534 567 597 645 
11 17 29 176 262 270 287 436 504 518 534 612 
6 78 192 198 320 387 394 
6 133 206 249 428 478 534 
11 124 162 291 294 320 368 451 567 622 649 673 
8 3 19 125 219 295 355 482 624 
11 71 133 143 183 184 235 249 285 301 491 655 
12 106 172 220 269 584 612 636 640 643 652 653 683 
7 30 142 159 166 186 382 608 
8 22 115 118 143 148 232 592 676 
5 208 218 375 554 598 
10 1 88 90 190 221 377 379 474 570 622 
11 39 158 275 388 424 436 489 498 518 545 633 
13 46 86 132 198 238 321 373 390 461 466 642 653 679 
7 58 209 478 536 562 648 672 
11 21 58 231 270 285 425 475 584 603 648 667 
11 65 107 225 289 306 420 452 487 547 593 611 
10 38 212 261 315 373 423 505 531 591 670 
14 75 210 235 271 276 280 335 370 371 386 506 507 606 659 
6 34 93 214 292 377 563 
7 145 160 247 301 388 411 589 
6 16 29 129 324 644 677 
10 73 75 91 149 206 262 362 473 677 682 
7 70 84 253 254 293 320 628 
4 52 61 232 334 
4 211 562 633 652 
18 127 220 262 310 339 366 381 390 448 473 516 569 570 580 651 653 657 689 
9 24 117 191 303 328 483 533 578 674 
11 43 95 135 155 232 342 409 420 526 551 608 
5 129 283 502 559 582 
9 5 27 91 125 178 462 486 520 675 
11 22 80 106 143 184 240 266 271 335 498 636 
12 19 23 32 339 508 523 576 580 604 607 636 686 
9 86 194 324 360 377 380 388 403 564 
10 11 103 135 137 155 167 234 311 498 522 
8 20 77 90 133 215 271 391 515 
10 7 16 138 185 270 277 366 390 397 582 
15 27 58 115 124 249 258 262 287 371 386 460 529 562 570 619 
12 21 41 49 68 202 208 286 346 472 628 633 657 
12 80 87 173 200 343 481 489 504 515 605 638 649 
8 115 257 291 393 434 454 579 603 
9 4 210 260 263 295 317 349 609 658 
9 41 93 174 187 272 329 355 492 577 
9 11 102 278 326 406 412 486 618 687 
8 72 244 246 321 399 424 485 530 
8 121 181 214 264 269 310 368 683 
9 16 35 47 68 76 144 448 540 668 
10 49 169 219 224 331 364 373 382 388 496 
7 18 130 145 185 504 579 638 
10 10 83 179 213 215 222 256 547 656 685 
10 48 120 134 152 259 314 325 391 545 570 
13 24 80 88 145 175 235 289 323 494 529 545 568 665 
14 42 47 58 96 283 323 351 357 360 445 494 607 615 660 
10 145 185 235 256 311 353 371 388 421 559 
11 97 115 122 137 160 236 345 355 438 496 525 
12 89 92 145 171 204 205 243 499 505 537 584 655 
10 9 123 132 233 282 363 397 617 625 636 
13 3 23 35 54 88 228 272 396 495 510 512 533 620 
10 71 232 235 256 306 421 473 508 524 542 
8 58 93 266 287 470 559 581 665 
4 210 585 613 616 
8 56 71 138 163 272 337 377 513 
14 0 95 230 259 266 315 467 491 513 549 585 611 623 684 
10 37 51 62 140 182 217 267 287 472 501 
14 2 24 192 236 371 377 394 408 446 471 539 630 634 672 
17 6 52 89 96 110 150 208 355 430 434 466 485 552 626 659 667 678 
6 29 280 419 516 639 689 
9 11 20 35 98 169 190 423 524 526 
12 40 143 164 165 283 289 339 375 540 563 601 616 
9 3 41 177 198 246 314 486 629 665 
6 180 240 411 422 573 587 
11 44 50 63 120 198 229 233 376 565 585 623 
9 94 100 183 226 308 591 595 613 657 
9 94 114 193 305 316 317 447 496 675 
9 67 98 119 124 146 170 413 496 669 
5 20 161 390 435 553 
7 41 120 250 365 633 636 660 
10 36 125 129 138 452 473 513 569 593 683 
16 6 140 156 227 237 273 308 353 438 451 477 599 618 627 630 667 
13 5 89 131 169 223 371 382 424 492 520 523 559 607 
8 92 210 282 285 565 592 608 668 
10 52 57 77 124 228 364 420 447 490 589 
6 32 79 124 231 304 489 
10 118 328 367 414 470 515 519 594 635 649 
10 5 67 92 271 305 376 450 487 523 638 
7 12 264 282 342 400 646 676 
13 39 91 98 120 154 160 243 402 408 459 460 635 673 
7 124 309 317 359 465 565 643 
16 0 51 80 92 112 113 206 223 309 455 462 481 482 498 560 633 
10 22 95 267 296 383 509 510 585 608 629 
14 21 54 60 70 101 142 196 218 420 439 442 496 547 629 
14 32 49 100 129 277 337 347 350 463 527 576 614 632 657 
7 27 67 214 279 400 407 659 
10 5 8 154 190 235 327 334 471 507 661 
12 11 35 64 107 141 184 221 261 269 367 437 626 
4 404 534 567 582 
12 25 121 223 258 276 290 348 409 447 456 637 646 
13 43 91 92 199 324 377 408 425 463 571 616 622 624 
10 13 82 105 111 128 277 372 426 517 559 
14 117 160 195 208 303 305 404 408 426 501 531 540 554 633 
11 64 88 137 217 250 264 406 440 466 547 608 
14 53 129 137 144 196 215 217 308 346 377 497 532 614 634 
17 4 90 198 203 221 295 299 381 383 465 497 528 558 642 643 669 670 
8 257 315 347 350 512 561 581 595 
13 43 58 142 152 176 184 206 258 371 465 511 522 645 
9 51 66 252 469 470 485 527 577 637 
7 140 376 392 403 607 619 651 
7 155 341 385 443 447 491 687 
11 26 88 128 140 203 269 300 372 434 474 554 
13 95 123 126 142 172 182 211 326 397 506 598 616 651 
9 102 108 143 178 180 204 315 409 420 
11 85 88 299 344 352 491 583 585 602 648 684 
13 0 32 89 119 163 274 315 331 357 392 438 487 592 
7 40 157 179 185 328 336 660 
14 5 13 42 48 100 122 126 271 403 442 512 540 617 637 
12 155 169 236 293 303 330 378 440 487 492 658 667 
9 21 49 57 66 147 341 466 475 558 
10 108 169 240 247 320 344 372 462 549 598 
9 94 154 241 289 389 436 475 568 582 
10 79 201 228 263 372 499 513 548 619 620 
8 116 173 203 250 322 407 510 674 
10 6 158 178 254 284 317 321 445 459 609 
8 182 193 226 352 452 539 563 677 
8 56 76 137 347 407 425 507 622 
10 127 159 200 218 311 347 352 509 580 600 
9 8 34 192 274 338 353 435 465 560 
15 52 80 116 228 295 304 345 408 409 411 503 649 656 675 687 
10 19 40 205 221 263 327 555 589 607 646 
10 16 51 97 110 178 231 422 579 611 639 
11 87 125 179 290 324 337 463 607 632 648 662 
5 53 182 299 582 627 
6 301 314 340 472 530 652 
14 65 76 197 206 213 258 269 454 476 507 522 569 591 643 
7 213 299 328 379 406 560 669 
8 130 134 185 189 215 466 616 678 
11 79 140 165 206 274 284 301 319 352 386 592 
5 132 155 163 260 290 
9 49 228 294 391 420 458 459 550 677 
11 32 79 85 236 270 317 353 354 583 585 594 
15 8 219 229 234 281 333 334 374 424 457 498 508 584 642 647 
7 42 59 202 235 309 527 622 
7 31 56 85 196 470 525 671 
11 0 6 44 74 81 135 207 279 341 399 545 
9 42 106 221 240 285 329 387 436 651 
7 35 103 120 174 351 473 683 
6 167 199 254 307 483 619 
8 207 249 315 418 507 516 580 651 
7 136 206 310 354 535 567 684 
6 81 89 175 216 235 680 
8 52 96 176 236 245 296 346 368 
12 30 193 249 264 283 334 340 510 524 639 667 675 
13 12 36 84 141 166 271 294 386 437 461 467 487 506 
15 40 133 161 215 281 300 337 496 533 541 562 569 653 669 687 
8 99 199 242 270 327 363 374 511 
11 126 149 210 239 243 422 433 445 560 597 689 
7 130 291 360 427 476 530 631 
7 7 16 86 178 275 441 580 
10 42 87 90 332 361 479 488 495 593 636 
8 43 80 95 112 177 350 351 659 
17 9 16 19 71 82 89 178 334 336 369 408 412 503 555 586 631 660 
11 30 54 70 260 267 295 334 395 459 526 661 
11 42 166 188 319 382 387 434 485 540 560 593 
10 105 226 239 332 398 419 434 445 458 645 
8 9 18 69 102 112 173 295 505 
9 28 96 113 216 246 259 577 598 629 
5 157 158 180 478 603 
13 32 175 225 237 259 265 339 350 370 627 646 647 658 
7 50 122 227 309 328 366 629 
10 5 67 124 322 329 440 499 588 656 667 
12 31 201 208 230 352 450 513 572 580 584 589 674 
9 13 98 201 248 345 353 380 435 582 
15 56 82 122 123 143 176 241 258 283 448 456 536 582 605 689 
17 31 57 88 102 112 165 182 239 245 246 379 434 440 532 554 564 577 
12 36 42 57 130 152 184 402 403 467 511 610 616 
19 62 150 173 245 259 282 307 312 317 328 437 444 503 526 538 578 579 584 638 
9 43 132 273 373 519 546 606 647 648 
14 0 40 43 60 71 97 133 247 415 423 463 547 577 582 
11 5 9 31 123 308 468 470 479 497 519 546 
7 191 203 217 295 377 396 567 
8 117 151 189 366 377 397 478 638 
15 0 2 15 94 114 179 202 209 296 384 576 590 623 639 662 
8 6 79 135 428 489 535 577 624 
9 75 79 136 160 403 588 623 637 638 
9 11 23 212 247 371 372 425 480 540 
16 3 77 81 92 147 210 243 289 355 390 417 488 520 543 625 656 
15 0 11 48 60 106 113 332 407 424 485 565 569 648 676 679 
11 118 168 174 279 284 315 400 491 546 619 647 
6 39 254 400 480 511 645 
4 37 223 293 663 
5 146 205 408 562 687 
9 7 121 228 269 380 418 517 525 572 
11 27 90 117 187 204 265 301 308 364 486 641 
10 4 50 119 330 344 345 365 532 606 627 
2 196 476 
10 63 64 109 163 183 237 377 519 643 662 
10 5 40 42 126 223 291 336 423 448 573 
13 13 27 38 64 104 136 140 213 357 392 440 658 680 
10 101 237 279 330 369 387 447 579 637 659 
11 36 119 225 250 257 326 405 426 583 600 678 
14 34 119 166 185 199 307 348 440 460 487 514 535 537 634 
10 66 95 196 305 416 436 488 497 508 626 
8 16 136 140 384 449 529 614 665 
11 21 227 229 274 276 303 353 401 581 612 640 
8 143 173 331 424 470 536 678 687 
13 20 59 81 202 205 222 309 397 409 415 610 615 662 
7 136 241 263 468 480 674 683 
7 30 237 499 509 609 619 637 
13 77 187 216 264 294 331 370 460 612 633 643 680 684 
12 19 42 178 180 346 378 468 476 505 517 542 581 
12 23 54 139 252 279 300 330 394 464 522 635 688 
9 16 263 268 395 406 451 486 660 673 
12 225 285 301 302 349 445 514 527 553 594 614 632 
5 230 317 348 465 527 
4 41 168 351 666 
10 58 89 332 352 412 419 505 531 548 635 
11 153 311 346 367 406 470 479 588 590 655 666 
6 87 99 145 413 505 589 
11 36 180 200 212 238 464 592 631 632 639 688 
6 57 138 241 473 502 608 
14 9 130 155 221 340 359 363 486 538 574 600 648 657 683 
7 58 93 177 196 274 431 446 
14 66 71 84 203 274 306 477 497 498 572 575 643 662 677 
7 72 161 332 360 472 486 677 
9 2 180 240 247 292 381 563 567 625 
10 36 57 209 254 499 537 619 625 637 672 
12 114 179 286 339 420 433 446 484 496 507 615 641 
7 255 356 472 509 607 647 658 
11 71 171 210 252 260 333 491 494 617 622 675 
13 45 54 85 167 212 215 274 415 439 440 464 484 565 
13 12 28 50 127 157 504 513 522 590 605 614 632 645 
9 95 263 357 447 456 492 582 587 590 
13 31 51 102 141 207 269 474 536 558 588 625 677 680 
10 0 112 149 200 214 237 299 391 415 610 
8 90 123 366 383 599 633 678 679 
9 56 154 189 254 267 326 421 510 547 
14 39 42 208 239 242 245 296 415 495 510 540 602 615 629 
6 80 163 264 371 373 429 
11 1 103 214 368 376 408 512 570 595 637 669 
10 134 265 402 405 407 493 504 535 574 651 
12 97 149 169 181 240 247 322 547 574 583 594 634 
15 48 49 61 97 106 185 229 315 422 423 519 537 583 593 627 
10 28 29 164 244 402 405 412 447 491 534 
6 38 70 220 260 329 399 
18 37 47 55 198 238 241 242 254 279 310 434 514 517 551 554 646 667 676 
8 49 98 169 196 392 415 433 539 
10 55 73 172 271 298 347 415 421 434 560 
8 27 35 139 223 233 303 329 357 
8 63 106 271 337 414 463 623 685 
10 18 142 148 167 243 345 457 534 576 592 
12 31 80 89 186 207 291 307 434 446 480 499 627 
6 65 449 523 574 604 634 
12 9 240 284 315 327 347 426 473 500 566 605 676 
12 54 96 106 152 197 220 297 460 484 521 567 618 
8 34 159 189 353 383 392 501 568 
11 27 54 142 148 240 332 537 588 602 612 629 
6 3 154 258 373 596 686 
9 87 130 231 258 294 311 329 344 406 
11 47 103 184 200 316 335 459 467 477 609 677 
4 206 351 621 623 
19 11 27 98 120 143 163 179 257 275 278 318 392 423 473 486 523 558 576 651 
7 118 119 128 248 295 454 488 
10 70 236 380 482 510 541 560 645 672 683 
7 95 225 239 321 342 425 510 
5 11 54 387 549 676 
6 162 180 422 472 632 669 
8 33 171 298 350 386 412 494 618 
8 53 78 202 238 435 528 577 613 
11 110 149 232 350 357 377 438 481 534 558 635 
12 88 134 278 332 334 392 417 493 593 651 659 671 
10 281 346 429 430 530 545 629 630 639 665 
11 75 112 129 151 185 280 473 542 606 611 641 
7 118 175 280 281 421 593 641 
13 68 137 150 215 280 337 365 372 391 556 604 615 639 
5 23 45 116 216 265 
6 2 214 277 294 364 430 
11 61 81 181 404 415 453 485 552 613 627 669 
14 48 64 124 200 219 225 297 365 366 392 470 519 555 615 
8 145 230 238 268 313 388 457 655 
9 38 200 366 367 375 377 440 663 687 
18 14 23 36 134 159 222 260 293 343 362 391 451 515 534 560 597 611 686 
9 9 146 210 219 272 338 374 617 625 
9 15 146 149 256 260 434 474 562 579 
