650 3185
18 129 178 204 214 259 263 271 307 392 404 459 468 489 528 539 540 559 600 
10 217 232 250 268 290 367 385 463 598 602 
7 27 188 209 309 386 463 641 
7 32 33 39 82 156 283 291 
10 42 180 283 334 380 402 454 462 483 484 
12 174 179 180 315 359 392 476 477 503 525 575 622 
5 17 180 323 337 623 
9 172 271 277 377 439 474 533 586 631 
8 27 36 44 174 268 291 344 426 
8 87 123 162 225 381 439 529 596 
15 15 77 113 122 123 234 420 421 522 554 593 615 626 644 649 
11 146 176 203 222 346 366 409 459 482 549 590 
2 266 404 
11 31 155 194 232 273 309 318 426 451 464 518 
6 101 125 256 456 527 545 
11 10 45 73 93 101 141 439 450 542 612 636 
12 25 34 76 130 157 250 285 294 368 544 550 638 
11 6 26 94 141 191 252 291 297 330 374 637 
10 67 146 246 264 376 453 467 559 580 634 
10 89 163 211 323 354 399 507 515 560 564 
11 123 210 265 340 363 378 379 410 576 612 635 
12 39 141 223 245 310 316 342 433 521 545 550 600 
5 148 152 338 436 636 
11 33 54 188 189 216 293 337 409 411 457 558 
13 27 65 124 126 216 236 287 327 383 485 526 572 608 
7 16 129 216 223 420 539 579 
14 17 46 76 125 126 159 246 265 350 474 478 587 599 647 
18 2 8 24 88 134 159 185 193 207 219 279 317 364 365 402 501 595 649 
7 123 136 158 166 404 536 578 
4 35 120 259 572 
9 163 189 191 209 253 260 301 434 476 
5 13 227 301 471 522 
14 3 48 59 135 212 232 234 268 283 293 426 519 523 586 
13 3 23 144 212 296 313 334 410 466 482 588 590 634 
11 16 53 58 126 209 296 315 417 523 583 605 
6 29 162 379 405 505 644 
8 8 168 264 416 481 543 612 628 
9 55 94 125 155 159 381 400 489 598 
9 164 168 184 186 391 395 453 504 574 
8 3 21 150 303 340 392 521 581 
8 93 356 371 373 427 450 528 634 
8 50 116 148 181 288 333 449 643 
11 4 122 161 259 285 307 314 411 572 597 601 
11 78 141 145 196 206 228 272 343 541 601 641 
11 8 160 219 305 433 487 488 514 549 554 579 
3 15 331 615 
8 26 55 71 113 529 543 568 601 
7 86 339 461 475 539 545 560 
9 32 112 146 203 241 270 314 609 617 
9 191 229 234 242 256 262 265 378 616 
13 41 114 169 231 268 337 410 476 511 520 560 603 638 
15 72 98 107 201 250 271 278 281 295 318 334 478 500 618 635 
14 106 114 136 148 217 263 271 293 350 354 432 433 500 558 
8 34 127 212 397 443 450 495 529 
10 23 65 86 106 395 447 492 506 565 641 
12 37 46 79 135 157 199 232 257 271 525 564 599 
6 73 284 291 331 527 544 
8 174 199 217 331 348 463 572 611 
4 34 134 414 556 
14 32 149 177 180 228 302 404 408 424 429 436 439 535 644 
8 61 151 238 290 301 409 585 623 
10 60 140 166 196 228 315 364 405 550 627 
11 88 90 92 100 120 126 172 403 460 521 610 
14 135 145 158 180 196 222 233 318 390 444 594 595 643 648 
4 169 184 227 432 
8 24 54 75 104 219 282 438 588 
10 78 134 240 331 416 471 483 596 606 624 
7 18 125 149 296 362 534 632 
10 146 147 152 270 333 408 538 563 579 600 
12 102 118 141 330 346 443 478 487 576 588 624 625 
7 122 146 162 214 224 326 379 
8 46 90 252 287 392 427 473 630 
10 51 99 111 362 449 464 535 556 558 599 
8 15 56 228 261 269 308 352 484 
12 78 141 261 283 338 416 469 504 516 541 577 641 
17 65 228 283 324 345 348 414 432 460 463 492 528 533 550 570 620 638 
13 16 26 203 220 234 256 320 345 441 460 543 563 591 
8 10 92 130 139 221 346 447 545 
12 43 66 74 158 166 242 274 307 407 460 572 590 
9 55 192 232 267 275 447 568 580 586 
9 90 158 174 241 248 328 425 496 550 
7 110 142 218 307 369 420 526 
7 3 275 279 314 417 435 535 
9 161 278 295 375 407 469 566 634 642 
9 99 194 215 220 437 449 613 614 634 
8 183 194 270 297 334 474 491 642 
11 47 54 334 360 383 429 519 535 545 599 639 
12 9 139 163 225 294 339 485 525 526 530 542 576 
7 27 62 150 312 445 517 619 
8 19 123 125 155 240 269 285 594 
11 62 71 80 92 223 297 335 409 424 495 540 
8 199 359 389 408 490 508 611 616 
10 62 77 90 121 156 228 424 493 564 606 
11 15 40 99 193 250 305 353 392 447 562 628 
10 17 37 124 133 134 233 488 496 560 600 
8 226 250 256 270 359 523 579 622 
5 151 294 376 565 624 
6 162 220 325 361 455 494 
7 51 273 335 393 494 565 594 
12 72 84 93 110 163 165 287 361 380 548 588 605 
12 62 119 210 300 340 441 475 497 550 592 598 608 
11 14 15 102 239 299 304 331 346 352 450 494 
13 69 101 205 210 238 306 327 353 511 565 574 600 621 
16 118 184 190 197 326 367 389 414 427 461 475 482 505 542 566 627 
11 65 148 196 201 280 301 339 362 377 587 641 
7 216 298 299 420 463 480 503 
6 52 54 129 455 532 648 
6 51 128 170 194 465 608 
6 141 160 246 438 544 573 
10 144 161 164 201 335 511 521 529 554 563 
11 81 99 116 211 233 240 305 371 488 504 545 
16 72 113 172 225 231 300 368 378 413 420 480 491 539 555 608 629 
10 48 147 198 239 384 436 453 558 591 628 
12 10 46 111 139 150 350 399 425 457 501 502 590 
12 50 52 130 167 330 338 454 482 507 565 620 631 
7 152 249 277 280 397 446 630 
10 41 110 311 376 406 475 494 495 623 644 
10 163 194 210 213 278 290 296 519 582 622 
8 69 103 159 178 307 360 502 622 
9 100 156 224 262 334 450 566 576 630 
14 29 62 168 169 215 227 265 312 379 436 448 555 572 633 
6 92 131 149 236 481 533 
11 10 42 70 150 191 274 329 363 401 455 589 
10 9 10 20 28 89 154 155 499 591 648 
5 24 94 220 415 465 
10 14 26 37 67 89 160 194 252 501 516 
21 24 26 34 62 145 162 175 188 218 272 277 288 304 375 381 426 427 431 446 452 649 
7 53 150 315 408 452 572 646 
12 107 166 229 296 297 348 400 473 489 501 539 599 
12 0 25 106 202 290 354 361 454 480 562 587 638 
6 16 77 114 138 438 442 
8 121 171 203 245 345 439 536 576 
5 141 156 188 407 425 
10 94 250 410 418 492 502 530 551 582 640 
10 27 58 66 94 186 225 578 580 596 612 
13 32 55 63 222 337 350 366 367 378 381 524 575 606 
8 28 52 164 208 378 452 469 549 
7 175 203 206 273 326 523 631 
8 130 180 301 309 360 401 452 597 
15 77 87 113 173 216 246 343 394 420 543 585 594 600 639 649 
7 61 151 248 355 390 468 581 
15 15 17 21 43 69 74 108 132 275 300 342 430 514 538 617 
6 81 185 270 288 470 519 
6 353 428 445 483 591 627 
14 33 109 147 182 217 224 259 282 321 408 419 564 595 603 
8 43 63 126 181 410 427 453 600 
14 11 18 48 68 70 152 195 220 321 563 595 612 616 636 
14 68 112 144 164 193 211 246 305 343 406 455 480 550 559 
11 22 41 52 104 202 208 488 519 538 560 599 
12 59 67 121 200 269 298 309 329 381 492 534 628 
14 39 88 113 122 127 161 257 323 438 535 593 615 625 632 
11 60 96 140 167 169 346 567 572 577 578 585 
12 22 68 115 146 198 201 305 337 421 441 603 621 
9 171 252 285 369 435 439 477 559 563 
9 123 170 335 343 370 421 551 557 639 
12 13 37 89 123 164 208 233 397 437 467 540 589 
9 3 92 119 132 228 267 454 575 649 
10 16 55 161 165 182 212 270 311 385 507 
10 28 63 78 80 202 289 561 582 600 611 
14 26 27 37 118 179 202 277 290 294 330 358 416 478 610 
10 44 108 125 166 226 360 499 586 632 646 
11 42 83 109 150 157 199 223 373 377 538 623 
13 9 35 70 97 126 167 362 452 519 535 623 629 633 
9 19 30 87 99 117 197 212 287 305 
9 38 109 136 147 155 386 428 573 602 
10 99 157 213 219 223 262 375 401 438 525 
12 28 61 78 128 160 168 210 285 286 406 552 599 
11 114 151 162 247 255 276 381 432 603 619 623 
15 36 38 120 166 189 226 245 266 267 449 463 515 563 568 643 
11 50 64 120 151 192 264 265 319 424 436 528 
10 107 154 203 239 258 304 428 487 527 593 
12 131 153 216 254 295 314 414 423 438 568 611 621 
11 7 62 111 212 230 320 457 494 535 581 610 
11 139 187 195 252 260 284 405 421 453 483 535 
6 5 8 57 80 388 518 
8 126 137 267 303 458 475 597 630 
7 11 344 372 375 434 469 598 
10 59 241 269 292 403 415 425 497 534 579 
9 0 118 192 209 284 323 433 449 486 
7 5 159 271 279 333 488 520 
17 4 5 6 59 63 138 181 224 228 266 279 370 397 413 532 555 569 
15 41 145 180 253 264 343 347 362 425 444 471 487 539 547 610 
8 144 157 283 287 297 339 561 639 
13 85 188 199 213 278 305 415 476 478 531 583 610 612 
8 38 64 103 190 275 402 527 561 
10 27 142 285 309 458 474 500 562 620 640 
12 38 134 210 227 240 259 260 362 374 399 524 619 
7 173 197 284 348 365 519 610 
17 2 23 126 132 183 211 244 257 267 291 307 323 421 452 566 568 646 
10 23 30 168 208 239 347 453 548 601 644 
10 103 184 207 210 241 307 453 494 530 557 
9 17 30 49 122 308 390 397 429 534 
12 79 169 178 261 349 371 409 435 437 499 500 596 
9 27 93 147 393 410 419 573 606 619 
17 13 84 85 107 117 125 296 358 366 447 466 488 509 525 540 551 620 
5 146 173 256 383 551 
11 43 61 63 104 330 415 444 477 602 612 626 
9 103 163 187 233 310 322 565 592 637 
7 112 152 258 303 319 384 551 
9 55 57 91 161 183 230 374 420 491 
3 149 442 559 
9 51 104 109 152 223 361 365 414 595 
9 129 148 158 159 306 552 554 592 613 
12 11 48 76 131 137 170 253 335 457 480 584 616 
9 0 205 257 285 304 457 496 512 608 
11 102 204 289 298 301 309 327 418 489 518 608 
11 43 137 273 356 374 465 485 520 527 564 642 
6 27 190 269 366 462 575 
13 136 148 155 189 310 335 344 348 369 404 450 494 539 
11 2 30 34 178 230 310 365 375 387 398 504 
10 20 100 102 117 166 186 190 229 245 550 
15 19 110 147 188 213 284 313 376 412 427 448 496 554 570 607 
10 32 33 53 157 163 172 310 435 576 630 
13 117 165 183 211 249 302 347 389 404 419 423 424 458 
12 0 70 265 279 285 306 329 349 363 494 617 632 
11 84 120 237 324 391 397 459 472 488 529 544 
11 23 24 25 105 139 171 328 385 405 457 604 
16 1 52 57 144 218 240 260 323 331 404 471 527 531 607 615 624 
10 81 126 217 236 250 255 282 283 486 596 
8 27 44 65 165 264 346 493 566 
11 76 84 97 124 146 318 328 435 444 547 612 
4 77 373 473 537 
9 11 63 135 233 260 355 436 559 580 
12 21 25 90 161 165 201 262 398 425 485 564 586 
10 70 119 144 180 345 509 521 523 535 644 
7 9 87 111 134 242 244 603 
11 95 160 168 244 359 362 417 420 440 577 623 
15 31 64 120 186 373 378 406 409 434 437 440 458 523 588 648 
16 43 59 61 73 75 92 156 180 229 263 302 385 509 558 627 635 
13 49 128 210 228 233 256 270 282 316 387 523 550 608 
8 172 199 209 337 338 395 518 595 
11 50 111 251 270 290 366 496 543 567 612 620 
13 1 13 32 55 79 358 409 464 475 542 627 635 646 
15 63 94 110 155 197 222 229 260 290 324 494 512 547 592 596 
10 10 32 49 76 268 313 336 364 518 592 
9 238 262 271 312 382 387 458 468 639 
8 24 121 218 254 257 275 377 477 
4 215 352 386 517 
10 60 102 235 305 373 382 394 483 518 617 
7 101 112 170 189 520 603 628 
12 66 89 110 186 217 306 421 465 493 561 579 586 
11 48 80 177 190 382 384 444 508 529 544 591 
12 49 78 225 259 265 309 378 471 506 530 589 630 
7 245 248 306 505 581 587 590 
12 188 225 226 320 336 390 422 442 482 495 569 610 
11 21 131 168 210 243 248 396 517 549 618 622 
9 18 26 108 139 147 269 351 374 509 
8 167 287 338 383 385 419 600 644 
9 80 140 243 245 255 263 561 612 649 
8 115 213 305 365 425 431 437 555 
11 1 16 51 93 95 133 218 392 429 455 544 
5 231 356 366 473 489 
11 17 71 125 153 173 278 394 460 505 578 602 
13 30 181 203 270 276 315 380 417 483 491 535 572 609 
7 171 236 396 450 482 582 641 
11 167 218 248 285 321 420 444 520 556 620 643 
14 14 49 76 95 195 229 317 329 449 479 484 517 537 590 
6 55 150 188 204 236 481 
4 170 198 397 588 
12 0 29 42 144 186 242 293 328 373 374 444 490 
8 30 173 186 217 222 233 347 641 
11 73 74 192 273 463 482 488 507 553 596 644 
14 49 119 165 223 235 291 298 326 329 432 490 505 512 531 
10 0 52 228 248 366 399 401 417 464 649 
7 18 36 169 181 219 333 376 
15 20 26 49 120 169 214 242 389 405 407 439 468 561 607 649 
12 12 168 180 282 285 304 378 395 405 550 551 593 
14 79 156 168 175 188 294 333 337 365 430 478 501 526 536 
15 1 8 32 50 234 308 341 342 354 417 465 487 546 573 641 
10 73 89 149 177 207 246 283 408 470 647 
13 48 68 85 95 142 157 229 231 253 295 444 523 607 
12 0 7 51 52 55 179 235 374 375 481 511 578 
8 43 126 324 455 478 490 492 522 
10 13 98 137 206 261 322 332 348 539 635 
5 78 122 392 461 591 
10 79 82 141 184 236 292 383 467 556 561 
7 167 253 336 356 550 599 639 
12 7 115 126 159 286 374 421 449 465 550 591 632 
12 51 83 117 183 252 343 373 485 512 565 587 641 
16 27 82 179 180 214 286 341 348 362 430 496 503 534 593 601 605 
7 104 115 291 336 337 359 559 
8 51 309 314 339 374 481 494 510 
7 65 144 218 229 266 331 488 
10 3 4 32 74 75 182 218 269 336 578 
10 56 173 178 187 211 298 337 400 592 644 
12 16 42 89 153 166 185 204 214 255 266 469 640 
7 166 277 279 324 386 411 605 
10 24 71 99 163 182 247 442 539 596 635 
8 41 126 142 321 420 495 631 638 
8 158 205 306 309 347 361 499 508 
15 1 60 117 129 159 231 233 371 376 395 414 440 586 588 603 
11 3 8 17 56 188 262 280 402 523 568 585 
10 177 275 345 519 537 547 549 550 595 643 
10 23 32 52 259 328 332 343 391 547 601 
8 16 87 96 159 267 365 513 587 
8 51 83 171 270 301 422 478 521 
11 33 34 67 117 128 194 484 485 494 545 646 
6 17 85 90 128 182 417 
7 105 149 205 262 284 407 503 
5 101 105 416 548 589 
6 100 111 141 357 434 632 
14 30 31 60 104 138 205 295 318 347 348 357 368 488 608 
8 59 213 228 341 444 521 582 625 
10 39 175 198 346 437 489 505 556 568 574 
10 101 126 170 204 266 313 350 378 627 634 
17 44 93 110 147 152 163 183 238 249 351 417 477 478 554 555 561 570 
14 102 202 214 240 243 289 358 365 390 404 408 418 466 577 
11 0 42 78 81 118 188 190 316 417 471 546 
11 73 191 268 406 421 497 530 534 535 627 644 
17 2 13 138 149 185 205 242 281 289 411 441 447 489 554 621 638 645 
15 21 197 208 209 212 334 337 363 383 400 404 406 575 629 642 
8 116 157 328 345 376 388 534 614 
10 88 120 235 349 370 418 435 476 602 611 
7 33 211 234 304 339 373 460 
7 42 48 82 171 281 366 445 
10 5 34 61 127 253 455 475 487 525 637 
6 21 229 307 322 419 482 
8 27 256 325 336 484 488 522 542 
9 13 51 63 220 301 327 545 552 564 
5 169 198 381 482 638 
9 76 172 244 347 357 435 442 489 574 
7 144 146 255 288 331 358 590 
7 197 273 316 334 340 351 367 
12 6 19 150 178 188 217 381 385 405 417 528 582 
12 75 215 233 272 286 390 399 435 436 455 592 636 
7 97 317 349 357 363 504 579 
10 70 103 137 262 407 429 451 503 541 584 
11 24 102 205 318 425 430 473 520 553 565 604 
10 80 216 220 259 293 311 353 398 430 532 
8 122 149 214 256 262 512 548 629 
7 17 69 114 159 196 422 586 
15 45 56 57 66 101 217 282 321 336 358 366 485 502 616 631 
7 273 293 335 408 482 514 595 
10 41 68 179 264 267 448 467 496 514 588 
12 4 33 51 85 86 119 310 322 336 483 512 630 
11 90 98 109 154 203 208 332 363 380 449 477 
9 234 244 276 280 283 317 331 334 421 
21 6 23 50 135 152 230 267 280 284 310 341 351 357 363 405 437 464 478 514 524 601 
10 22 74 114 230 247 370 409 502 610 615 
10 47 87 104 182 281 313 503 544 618 642 
7 20 39 100 322 549 600 630 
9 268 279 302 337 372 416 475 638 640 
10 21 141 268 375 455 469 514 522 535 619 
8 43 139 147 154 181 278 293 385 
10 8 176 208 352 435 488 535 585 594 597 
11 75 76 131 224 292 311 394 410 510 559 624 
11 11 69 77 101 151 219 303 453 570 614 649 
11 181 189 213 260 289 301 320 385 499 585 623 
10 57 75 128 187 208 273 279 301 367 606 
14 192 214 312 325 425 457 460 481 485 525 543 582 620 642 
7 26 52 113 135 304 483 594 
7 246 305 322 337 374 431 631 
10 73 101 237 344 364 387 408 453 484 570 
7 93 102 143 328 406 412 618 
7 19 52 129 268 397 464 479 
5 140 222 417 457 489 
7 40 206 251 276 427 448 611 
9 300 301 320 325 337 368 391 393 537 
10 159 194 232 306 321 331 421 447 484 562 
8 5 91 95 226 280 399 443 606 
4 86 118 138 160 
8 97 99 129 201 289 526 567 612 
14 67 72 104 162 181 186 226 279 408 438 466 476 511 649 
12 20 122 214 310 325 335 337 416 480 529 558 634 
12 27 61 234 352 407 470 568 572 589 597 634 647 
12 27 187 201 209 249 267 294 306 497 532 578 600 
13 11 135 194 207 231 251 263 314 331 479 554 603 607 
8 1 103 135 322 348 379 633 640 
7 16 111 301 357 476 498 626 
11 81 153 208 382 420 484 504 612 613 628 630 
6 154 180 312 338 450 557 
12 40 110 192 290 376 379 380 387 405 507 620 621 
6 176 341 402 424 470 482 
14 40 161 221 227 238 259 278 313 408 415 432 484 632 644 
18 17 186 199 206 246 259 271 277 281 351 495 503 517 520 523 526 594 624 
13 83 126 165 176 209 271 342 497 535 564 579 619 639 
14 18 96 116 211 264 290 311 371 443 517 524 562 563 628 
5 7 104 161 236 576 
10 20 49 111 135 136 227 242 266 304 512 
11 20 35 70 120 367 371 398 486 525 597 619 
7 4 99 253 335 371 553 643 
14 9 37 126 135 149 167 319 323 408 412 431 442 477 574 
8 235 238 241 369 462 565 574 576 
9 24 86 195 247 275 310 455 534 571 
5 112 198 241 514 562 
13 1 157 216 228 247 323 343 347 392 407 552 607 608 
6 2 164 237 286 483 523 
7 209 229 235 352 371 443 547 
5 174 311 514 585 614 
9 91 103 213 265 400 417 426 496 615 
9 63 140 191 244 306 324 401 417 530 
7 38 215 293 357 437 488 544 
11 0 5 39 71 93 250 274 385 395 530 549 
7 98 193 357 567 609 635 636 
8 139 238 252 345 406 424 505 618 
12 38 54 230 266 290 392 451 486 504 538 597 647 
4 245 254 484 542 
11 53 115 155 180 191 215 258 354 602 614 628 
7 209 223 328 379 431 509 536 
10 19 113 186 263 324 359 485 496 515 520 
10 37 128 284 310 389 473 484 528 534 591 
7 122 138 165 263 390 491 506 
11 4 27 184 291 372 448 509 545 554 636 640 
7 62 177 423 473 486 510 525 
12 0 12 28 59 208 213 217 306 310 440 462 489 
13 35 61 173 216 265 266 323 337 371 441 484 548 637 
13 116 147 166 227 308 310 353 394 493 499 551 563 590 
13 78 83 132 265 298 326 364 385 425 492 498 545 613 
14 59 68 91 127 144 269 306 332 352 362 373 381 496 504 
9 11 23 60 90 192 227 232 338 638 
9 20 33 50 133 145 193 345 435 450 
9 23 42 286 309 412 463 548 569 634 
7 211 353 381 411 537 575 598 
7 111 180 438 505 575 585 614 
12 58 75 103 171 201 290 485 532 534 545 619 627 
9 124 177 183 196 373 486 542 547 620 
15 36 66 74 159 299 341 363 436 471 478 501 528 579 596 610 
13 34 82 226 253 263 268 297 305 307 323 355 389 390 
8 133 205 306 312 438 483 531 549 
6 144 193 213 247 316 632 
17 10 25 81 105 111 139 199 226 255 288 369 473 506 551 586 608 618 
14 10 152 154 173 188 240 277 308 336 358 539 576 619 635 
4 244 295 330 437 
7 171 213 403 438 464 499 556 
11 59 90 92 169 213 372 394 442 463 569 619 
12 80 113 132 177 181 223 249 327 349 407 496 509 
7 8 13 32 126 389 467 615 
9 40 71 103 126 145 211 356 581 615 
7 143 164 170 506 516 540 631 
7 59 86 191 250 326 492 586 
9 141 267 279 327 328 451 511 612 627 
7 126 249 351 381 398 436 569 
8 52 64 75 167 262 373 589 634 
6 21 44 52 178 529 577 
5 30 176 227 300 613 
18 82 153 192 212 220 312 320 324 344 410 453 455 537 539 573 598 622 647 
11 22 59 112 120 169 222 324 416 431 494 567 
11 84 155 192 227 249 303 337 391 422 493 568 
15 65 108 130 150 165 171 362 413 418 423 486 547 549 551 643 
10 7 9 15 59 131 153 265 447 601 617 
7 226 227 290 404 546 552 635 
7 76 100 152 309 405 444 614 
11 130 200 244 287 320 381 424 449 506 536 603 
10 53 69 359 376 387 494 522 556 565 584 
13 63 181 196 220 241 255 259 270 302 441 601 620 634 
5 88 143 314 616 617 
9 115 126 467 499 541 587 601 623 644 
8 54 77 79 93 194 309 358 439 
7 120 211 333 356 402 483 632 
10 41 72 84 168 178 256 277 335 442 529 
16 15 40 53 101 119 208 254 370 410 470 483 501 502 519 593 604 
7 13 326 395 430 503 585 586 
9 126 127 136 138 162 188 453 474 637 
11 18 38 112 145 173 189 190 346 352 435 452 
9 4 114 129 156 476 490 506 529 649 
13 97 106 122 147 250 272 315 324 342 383 435 521 609 
5 14 466 485 537 619 
10 23 113 172 203 204 216 349 355 532 537 
7 175 185 213 227 235 467 639 
7 0 11 215 623 624 638 640 
9 62 75 76 78 252 313 349 506 522 
6 47 103 274 564 576 617 
12 4 207 382 404 490 501 535 549 563 565 566 624 
11 1 2 57 75 105 168 261 411 424 564 600 
11 13 72 232 263 337 354 423 582 591 636 643 
7 107 124 206 240 268 277 569 
6 33 194 306 362 456 606 
9 18 155 275 333 426 446 458 615 627 
8 0 140 235 265 490 512 570 573 
7 74 83 136 176 285 342 490 
9 142 269 364 372 450 490 523 572 591 
10 31 66 181 217 242 307 416 526 584 619 
5 215 605 614 616 631 
11 71 128 221 251 327 400 403 420 566 598 622 
6 7 26 85 185 452 600 
10 47 100 103 116 175 232 315 341 496 632 
12 5 30 50 183 312 362 368 454 481 557 603 616 
8 5 153 196 236 305 335 381 497 
11 26 51 69 159 183 267 272 295 305 337 416 
7 256 354 366 518 605 615 622 
6 105 111 129 147 203 363 
10 36 121 257 271 281 349 476 549 614 618 
11 11 33 103 114 244 254 261 316 319 332 372 
17 4 66 143 173 238 253 334 350 386 418 448 450 490 614 621 628 639 
14 4 73 256 296 317 352 358 369 373 396 400 405 485 536 
14 24 87 206 223 278 296 331 349 399 414 456 484 560 648 
11 178 218 379 395 403 415 438 489 573 602 639 
7 44 69 170 181 268 315 558 
13 44 94 110 148 179 194 215 261 282 301 317 344 391 
14 0 37 128 205 251 303 309 320 355 404 486 500 515 530 
13 91 259 262 272 454 462 468 469 470 483 521 598 634 
10 85 111 199 253 401 514 586 604 617 638 
8 54 75 133 149 272 407 429 622 
10 92 219 240 406 437 514 530 576 588 596 
13 97 98 101 116 172 190 208 214 233 281 296 436 443 
8 53 90 116 244 288 374 501 598 
19 80 94 204 211 231 279 333 389 399 408 425 475 504 521 572 601 609 616 630 
11 100 177 308 365 375 477 506 509 540 545 633 
2 368 407 
8 123 160 192 289 347 406 423 446 
8 51 52 185 192 489 557 570 571 
13 27 113 125 128 267 416 450 462 495 561 564 612 647 
6 113 118 133 331 338 450 
9 5 105 279 298 326 339 374 451 616 
14 38 74 110 209 325 369 395 408 496 510 524 553 624 625 
9 35 103 243 252 262 303 394 413 559 
13 54 242 401 420 428 442 454 460 497 516 534 599 610 
9 19 114 157 261 371 530 543 592 641 
4 91 241 289 538 
10 194 224 228 246 398 402 425 497 524 546 
4 281 345 403 504 
7 50 102 109 271 362 430 575 
11 204 233 262 278 329 334 378 468 535 575 580 
4 294 533 572 594 
15 44 141 332 333 337 342 384 388 491 493 523 560 610 645 646 
4 19 168 399 489 
7 74 125 428 506 529 530 613 
7 88 237 245 256 374 376 599 
8 13 174 205 230 234 238 479 630 
12 32 86 117 142 148 162 187 292 450 570 579 601 
8 50 179 206 239 255 327 374 399 
15 21 39 62 109 224 295 302 455 490 496 525 536 545 559 571 
10 10 31 272 317 342 443 460 571 591 643 
13 32 34 95 137 224 227 229 270 291 374 386 470 514 
11 135 186 337 376 504 509 542 557 585 617 618 
13 5 55 87 165 194 315 349 379 403 521 531 560 581 
8 24 81 87 267 361 374 471 560 
9 14 56 170 184 206 217 602 608 641 
9 0 40 75 169 323 400 416 555 575 
13 9 46 53 109 215 241 363 433 449 454 516 555 618 
11 87 133 190 242 308 390 392 489 493 507 516 
6 183 217 262 418 525 597 
7 106 180 328 365 414 457 544 
5 7 75 121 513 624 
13 67 149 177 191 279 308 311 383 400 414 506 579 602 
16 59 72 82 86 150 162 172 173 224 253 308 342 344 375 462 512 
7 28 131 267 398 442 484 521 
10 221 256 292 357 412 435 456 457 566 610 
7 68 141 148 161 395 508 596 
12 0 25 47 111 128 181 208 273 287 421 435 642 
6 0 90 155 194 428 497 
5 43 74 326 446 634 
10 15 87 103 232 317 396 415 524 644 645 
8 36 46 76 139 231 349 507 587 
10 16 56 108 215 241 250 339 391 532 548 
14 14 21 47 77 86 110 296 318 402 407 414 497 521 552 
6 268 307 440 509 565 577 
9 181 220 233 292 293 387 415 438 606 
9 99 189 299 329 405 411 544 575 630 
13 11 44 136 245 292 340 392 418 438 462 481 563 637 
16 16 21 61 75 80 100 147 210 229 266 276 277 292 552 571 576 
11 133 154 194 195 198 266 406 420 438 576 647 
8 166 202 318 385 440 545 550 619 
6 261 327 380 504 561 587 
11 10 44 109 202 211 305 309 366 402 573 626 
8 111 120 180 249 305 528 529 606 
8 58 72 255 275 303 423 443 591 
7 154 190 370 476 500 524 580 
8 23 52 72 112 228 363 487 606 
11 0 18 147 153 200 222 280 345 505 521 604 
10 19 47 50 94 148 485 514 525 526 621 
10 158 182 184 240 248 265 275 305 501 553 
7 93 129 185 358 376 384 576 
10 68 76 109 146 153 168 376 406 462 549 
13 19 55 92 144 206 223 318 375 461 463 501 582 645 
14 54 96 98 102 114 197 278 327 382 443 462 546 572 631 
9 83 103 119 188 219 462 473 537 622 
6 151 231 361 393 436 619 
9 46 79 168 171 188 291 303 364 437 
6 180 244 411 424 431 465 
10 75 211 305 346 352 468 500 519 579 589 
5 383 500 521 522 550 
15 24 29 42 57 78 120 127 151 253 364 470 496 513 565 620 
8 108 164 193 268 435 468 486 554 
6 38 102 303 320 381 382 
12 5 135 156 207 310 412 413 511 512 528 548 608 
16 20 69 87 119 131 212 377 382 421 461 493 550 551 562 618 635 
8 74 151 226 306 433 546 583 633 
8 28 134 151 252 271 283 365 632 
13 25 44 68 95 177 240 325 375 416 519 534 570 645 
8 18 79 134 222 512 557 595 641 
8 39 140 172 243 427 525 614 629 
11 117 133 158 254 302 323 349 464 564 621 636 
3 34 183 577 
5 203 326 443 471 628 
11 60 139 151 291 344 347 388 413 451 524 600 
13 7 32 79 160 223 240 290 330 420 429 451 491 643 
10 26 104 129 243 278 294 446 543 553 646 
11 33 65 69 99 227 258 290 333 493 602 614 
7 122 155 242 299 364 432 570 
9 11 33 78 113 243 256 321 406 610 
14 76 112 123 143 241 274 277 400 464 470 522 556 592 637 
10 100 197 202 233 234 284 324 507 591 637 
7 10 150 170 266 279 450 649 
9 63 89 98 139 344 350 374 513 646 
11 27 63 144 146 201 230 292 332 580 626 635 
13 9 66 134 192 218 233 261 287 416 493 538 598 618 
9 42 138 175 344 364 379 395 531 635 
10 1 37 100 176 412 435 473 490 495 596 
12 26 55 72 86 128 148 166 276 506 517 606 617 
14 0 21 68 94 102 139 145 158 247 340 365 463 474 585 
12 42 43 46 189 279 293 337 439 444 446 496 519 
10 1 164 196 252 312 397 486 527 534 588 
11 50 144 152 167 225 239 290 366 442 476 606 
5 216 327 450 491 559 
6 34 99 279 286 472 479 
13 66 92 135 193 348 359 466 547 555 558 599 603 642 
8 211 217 265 270 366 385 631 637 
13 24 100 107 111 204 205 229 301 385 420 527 575 645 
5 48 253 393 455 496 
14 62 159 172 181 183 187 244 338 416 506 514 537 590 623 
6 57 91 158 171 312 356 
15 15 20 36 134 146 183 196 220 231 248 361 369 430 501 632 
7 84 202 369 407 434 516 648 
13 84 311 346 388 397 413 441 472 481 483 581 588 640 
11 10 45 150 217 338 389 426 427 467 479 622 
10 49 91 146 203 331 445 472 476 496 503 
10 48 141 214 238 439 445 461 491 524 599 
11 51 245 339 353 394 420 481 524 529 576 596 
14 88 167 186 193 342 375 379 414 421 424 456 471 552 567 
11 75 114 185 194 231 255 349 371 415 444 572 
10 102 152 171 309 371 483 560 582 641 643 
13 5 95 117 118 245 435 473 479 492 566 615 632 646 
11 6 60 116 161 162 167 226 347 446 459 610 
10 66 69 96 217 345 374 459 462 504 533 
4 69 150 302 504 
5 10 196 368 554 595 
10 61 103 143 228 232 304 308 414 430 467 
10 36 93 112 149 239 369 376 397 483 584 
5 111 162 310 329 581 
13 71 115 119 175 212 242 334 340 369 496 518 548 643 
10 7 114 137 288 331 351 428 472 565 607 
13 67 150 160 214 277 300 373 419 448 475 578 612 622 
5 120 162 367 497 577 
13 18 33 40 83 84 304 363 364 411 432 444 490 541 
12 20 51 228 232 273 287 393 421 440 576 595 597 
8 15 22 146 324 393 402 464 582 
9 17 197 315 405 452 549 591 592 607 
11 16 50 75 129 288 309 319 341 409 459 491 
10 86 139 154 182 235 276 375 458 483 486 
8 133 185 285 341 367 402 459 614 
13 2 43 54 74 104 254 260 268 278 507 527 580 621 
8 83 85 206 310 339 349 539 606 
12 41 63 168 255 292 380 438 464 522 586 621 630 
13 10 35 59 116 189 224 247 261 284 308 373 446 542 
6 309 514 542 564 579 608 
9 127 160 188 232 296 514 587 594 622 
7 26 269 364 395 435 501 551 
6 63 106 123 227 485 613 
12 10 27 126 139 156 248 263 265 346 362 454 593 
650 3233
9 63 114 236 394 439 478 500 531 611 
7 8 18 115 220 498 540 639 
6 17 46 170 207 332 616 
12 78 137 153 241 246 297 398 472 529 606 640 649 
11 142 180 395 402 431 460 501 551 597 614 623 
8 109 126 199 282 294 319 517 559 
6 19 47 123 128 144 369 
7 18 64 120 160 265 559 640 
12 1 173 216 275 393 397 447 465 485 534 611 623 
13 99 171 242 264 283 377 430 450 459 494 534 551 607 
14 125 132 243 252 294 323 330 335 357 383 509 573 635 644 
5 176 199 296 585 596 
8 71 78 208 295 378 441 555 623 
13 25 198 234 247 313 328 331 333 370 417 561 601 649 
11 103 125 131 134 247 337 440 490 497 544 637 
12 26 67 132 136 146 205 208 249 429 456 490 520 
12 88 94 171 379 424 479 483 533 598 603 626 637 
8 2 133 176 341 349 508 526 592 
10 1 7 30 104 117 138 184 369 458 479 
14 6 55 72 118 120 147 193 231 261 356 371 404 419 561 
10 131 214 258 390 498 503 513 528 554 617 
7 202 210 221 225 495 511 634 
14 67 134 211 218 238 257 297 336 394 414 448 455 493 537 
10 156 382 397 450 460 530 573 616 620 623 
9 29 243 335 359 392 464 517 524 540 
14 13 106 181 273 278 317 335 383 462 473 494 515 588 633 
10 15 180 203 204 213 310 388 545 549 606 
10 37 56 168 265 304 465 467 578 601 641 
7 89 164 279 390 474 586 595 
12 24 78 84 87 205 289 320 326 450 466 528 597 
5 18 102 281 361 539 
7 138 190 332 358 421 601 617 
8 257 299 303 346 501 573 596 634 
6 207 212 219 324 481 603 
14 84 90 102 132 188 215 232 249 376 407 420 483 605 631 
2 445 573 
6 253 281 357 463 576 627 
10 27 48 83 116 157 196 272 461 553 576 
13 116 122 130 205 228 266 293 395 424 428 446 508 597 
8 214 230 241 296 404 574 641 646 
6 80 97 271 339 363 440 
7 157 239 336 345 438 472 613 
8 125 256 305 392 416 522 540 634 
15 110 111 112 219 289 315 339 369 403 407 412 459 590 640 644 
9 47 69 75 81 179 310 321 547 601 
9 63 72 138 174 237 367 457 573 616 
14 2 64 103 117 235 240 253 280 287 406 464 481 533 545 
12 6 44 58 129 269 290 350 378 456 468 531 600 
9 37 60 150 242 383 388 390 495 631 
11 72 121 126 135 156 210 219 237 518 574 586 
9 101 113 121 191 204 247 268 303 307 
9 82 160 246 366 400 546 590 623 641 
16 53 74 87 164 165 173 201 204 219 249 292 387 419 433 491 615 
12 52 54 62 258 274 362 434 537 541 555 597 629 
11 53 63 150 239 251 259 284 354 455 511 528 
11 19 185 229 251 288 428 523 580 589 613 640 
8 27 136 138 212 216 266 537 590 
7 123 189 267 427 441 594 626 
18 47 64 70 81 82 103 121 221 237 293 319 420 449 521 522 545 578 623 
6 146 487 527 543 567 618 
7 48 69 141 146 473 574 591 
11 153 365 399 414 424 506 534 537 579 588 614 
10 53 80 259 289 310 387 405 415 434 464 
16 0 45 54 258 261 266 323 338 404 434 438 473 477 510 524 596 
17 7 46 58 126 211 261 276 319 329 361 381 399 421 476 550 626 638 
5 81 176 208 257 498 
6 170 202 210 320 339 444 
11 15 22 140 217 236 259 311 337 388 423 503 
8 182 223 230 250 316 338 396 558 
10 44 60 157 221 239 384 425 450 576 602 
9 58 87 93 115 208 384 506 530 543 
6 12 214 290 499 527 530 
9 19 45 49 84 400 410 432 503 624 
3 183 500 579 
11 52 192 199 254 353 358 408 416 421 450 488 
9 44 91 101 144 248 413 478 490 630 
5 337 357 402 577 631 
11 87 115 140 167 187 198 280 431 573 583 629 
11 3 12 29 155 175 336 338 373 455 498 521 
13 81 109 112 117 171 189 304 310 434 499 532 540 629 
11 40 62 110 119 140 166 194 567 571 578 642 
13 44 58 65 79 84 339 381 436 525 540 565 576 616 
14 51 58 135 154 174 223 329 403 457 521 558 563 632 638 
8 37 240 338 349 359 386 436 538 
19 29 34 72 81 144 145 194 204 215 264 276 337 349 457 531 553 578 597 604 
7 95 111 160 260 279 454 531 
9 93 148 224 370 379 385 421 519 573 
14 29 52 70 77 190 236 272 284 311 313 496 528 537 641 
13 16 95 169 270 318 396 435 512 526 552 567 594 645 
12 28 102 240 285 299 324 348 367 457 562 583 643 
8 34 124 259 299 303 330 337 474 
16 75 109 177 288 332 402 464 490 493 507 511 523 545 558 585 634 
13 122 140 154 190 242 319 359 467 536 543 597 614 615 
6 70 86 233 244 321 599 
7 16 115 327 384 410 508 554 
10 85 88 291 336 351 402 406 416 635 636 
2 166 593 
9 40 149 242 289 295 486 500 587 600 
10 117 150 248 259 383 447 500 518 573 609 
12 9 152 234 295 311 359 397 461 470 514 539 560 
7 114 118 274 325 419 452 584 
7 50 75 123 132 157 194 576 
12 30 34 89 119 144 161 184 205 287 498 588 638 
12 14 46 58 171 212 228 273 296 489 546 553 601 
9 18 172 339 368 504 548 574 584 625 
11 210 243 311 386 419 489 538 557 581 583 592 
10 25 166 349 357 394 407 424 463 561 611 
10 121 123 170 180 206 399 413 418 572 634 
8 111 141 204 280 282 325 501 591 
17 5 79 91 143 178 219 234 235 280 286 391 459 465 492 576 633 648 
14 43 80 135 168 169 191 206 213 258 368 374 496 540 563 
8 43 85 108 146 155 386 450 594 
8 43 79 252 261 428 514 523 642 
4 50 142 376 454 
8 0 100 135 170 184 461 482 585 
9 1 70 77 94 162 337 367 461 582 
7 37 38 152 275 328 603 620 
10 18 46 79 98 268 274 368 370 450 498 
11 19 100 208 213 214 283 399 401 460 517 589 
11 80 102 128 189 191 216 224 465 476 560 581 
14 7 19 144 158 200 217 251 383 407 420 527 537 545 621 
15 49 50 58 107 215 260 285 410 443 444 487 538 584 592 611 
9 38 92 204 291 314 356 369 459 585 
10 6 57 101 107 276 402 418 462 482 511 
10 90 139 154 230 297 367 449 468 489 563 
12 10 14 42 222 288 307 359 362 460 477 522 528 
8 5 49 64 226 255 306 439 617 
7 183 236 244 282 355 415 511 
9 6 119 213 339 484 500 504 523 536 
7 47 205 379 389 450 513 643 
7 38 176 180 340 428 535 600 
8 14 20 203 214 299 365 376 385 
14 10 15 34 101 188 210 213 294 325 347 383 429 532 555 
7 17 174 248 296 302 317 445 
11 14 22 194 290 399 420 472 505 546 613 620 
18 49 82 110 114 143 159 162 205 206 306 310 350 357 369 514 557 617 618 
15 15 56 151 159 171 208 246 278 356 369 411 423 574 634 648 
8 3 157 358 364 400 420 491 614 
9 18 31 45 56 257 284 410 471 483 
4 124 255 359 457 
10 67 77 80 92 196 197 308 393 481 527 
10 60 108 147 217 303 339 380 425 478 596 
11 4 113 204 231 234 321 540 610 619 629 646 
5 109 135 203 223 346 
11 6 75 84 102 120 295 326 416 444 503 543 
14 84 179 185 254 265 302 320 395 435 441 484 492 495 556 
14 15 59 60 111 149 207 225 481 536 546 560 593 629 640 
14 19 141 193 228 243 307 313 413 517 551 565 574 589 613 
7 86 179 234 268 310 400 577 
12 97 146 197 205 261 272 475 501 583 599 601 604 
13 48 54 98 155 175 328 353 357 361 370 457 560 587 
10 136 179 187 303 335 357 390 413 430 591 
14 99 116 234 240 274 340 384 404 425 465 541 542 587 649 
8 3 61 258 315 361 455 595 629 
15 82 92 124 161 181 230 272 302 306 334 379 409 449 591 625 
17 78 111 150 223 236 320 335 423 456 462 475 481 492 550 580 605 606 
9 23 49 224 236 324 398 446 509 510 
14 37 41 69 101 137 176 305 349 436 443 455 539 613 628 
6 120 208 263 336 399 621 
11 135 136 194 383 427 432 453 517 531 551 639 
11 7 51 85 169 192 454 496 572 614 626 637 
5 102 154 268 375 512 
12 115 135 196 217 232 321 388 441 450 476 509 611 
7 239 268 285 412 522 615 635 
6 28 52 242 282 379 425 
8 52 190 271 276 336 404 549 576 
6 80 96 106 193 257 580 
8 77 203 227 339 381 436 443 448 
7 27 110 183 313 391 600 639 
7 88 110 160 326 392 508 515 
9 2 66 107 114 311 324 383 408 412 
12 9 16 79 103 136 215 311 337 354 453 462 504 
7 104 188 251 390 505 573 627 
5 8 52 196 323 597 
15 45 82 133 224 245 247 283 311 314 415 485 490 499 559 597 
9 78 150 176 264 274 310 517 593 614 
12 11 17 65 130 157 175 309 370 408 451 494 604 
11 91 239 284 448 450 495 499 591 594 624 642 
8 109 199 202 216 461 523 553 572 
7 44 145 148 151 385 391 538 
9 4 26 107 130 213 395 467 547 559 
8 25 154 189 251 257 370 480 554 
6 68 190 264 275 556 648 
10 73 127 168 220 300 306 307 368 481 581 
11 18 102 114 262 283 288 298 356 471 579 598 
9 55 145 245 361 412 506 605 610 635 
11 209 280 306 307 345 349 411 474 534 587 591 
7 77 151 398 455 471 580 633 
14 34 132 172 234 240 296 367 465 489 501 569 611 618 632 
13 57 79 119 181 205 242 249 250 255 336 444 457 550 
12 31 87 92 165 182 278 303 350 402 566 618 647 
10 50 110 119 267 342 359 487 492 532 573 
10 74 160 253 300 313 338 375 419 509 607 
7 19 147 166 256 370 512 583 
14 80 84 101 134 159 231 241 393 441 469 511 543 554 637 
9 217 260 268 286 316 330 340 509 617 
14 37 140 162 173 252 253 285 321 393 479 500 518 564 601 
9 140 149 242 264 288 364 411 487 530 
10 13 77 346 395 412 429 458 500 570 613 
16 5 11 74 178 243 282 397 406 448 476 479 494 512 607 624 649 
11 120 217 220 249 366 390 558 577 610 645 649 
9 52 222 268 371 455 559 589 600 633 
10 21 66 178 212 323 456 462 542 570 609 
11 26 131 143 167 303 345 353 361 416 452 511 
15 26 50 52 84 108 122 142 237 272 286 291 295 452 480 565 
17 15 29 38 102 129 135 149 189 232 252 298 299 321 470 574 624 648 
8 107 110 135 342 367 383 524 643 
7 2 33 146 300 409 623 627 
16 12 15 65 70 118 136 158 219 325 330 405 585 600 628 629 630 
5 186 217 278 283 547 
8 21 49 66 105 132 285 342 422 
9 22 64 276 308 390 404 409 548 554 
15 33 56 103 202 218 261 305 337 415 418 440 477 519 580 612 
14 26 110 118 128 132 180 232 275 293 391 407 477 564 619 
7 20 39 71 118 131 540 647 
12 34 84 121 171 241 244 246 248 409 470 601 604 
9 8 56 119 178 377 492 583 584 605 
13 67 120 141 162 195 200 209 242 248 332 370 529 597 
9 22 212 287 330 332 439 457 489 532 
10 33 43 49 52 109 208 341 347 390 487 
13 1 183 200 226 358 436 443 471 485 504 544 568 607 
7 21 58 69 380 489 587 607 
6 125 201 253 255 414 605 
9 68 82 143 155 270 410 436 587 641 
6 86 119 156 174 285 364 
7 21 146 439 507 554 596 621 
7 126 220 422 429 454 570 591 
11 167 231 319 385 423 460 476 482 555 563 584 
7 38 103 147 246 459 503 638 
9 55 339 461 470 505 540 575 589 627 
10 39 68 124 154 366 418 482 502 537 560 
13 19 142 194 227 257 298 322 345 358 366 378 487 531 
10 34 162 205 213 298 439 472 487 579 603 
12 93 316 342 394 409 415 433 473 519 575 612 646 
15 13 99 109 142 148 152 188 263 276 346 359 438 475 544 643 
10 46 109 239 272 366 443 513 573 633 636 
9 0 67 87 127 155 156 405 409 452 
10 45 49 58 204 257 298 319 480 580 631 
10 22 244 302 344 367 428 432 437 491 562 
11 41 54 69 163 177 235 291 442 464 520 626 
9 46 83 89 152 188 328 406 473 510 
9 3 39 194 215 412 461 594 604 614 
12 9 48 92 97 164 189 197 217 245 404 518 602 
9 10 24 105 147 199 307 390 410 505 
8 93 127 215 238 464 491 577 632 
15 174 185 242 263 285 305 323 368 441 461 473 509 511 633 638 
8 3 51 136 215 228 348 378 584 
8 13 14 50 174 502 517 527 551 
9 75 98 133 215 217 280 452 490 530 
12 15 34 52 189 200 269 271 289 292 349 451 587 
9 68 189 300 344 427 498 579 622 633 
10 54 55 120 172 181 264 484 530 567 618 
10 10 112 196 205 323 365 379 405 512 563 
11 36 46 192 196 222 348 445 463 568 604 631 
9 74 145 323 363 416 519 564 586 622 
8 126 139 189 222 325 421 458 602 
8 42 193 298 360 486 514 517 639 
19 22 32 65 138 166 181 231 237 289 369 380 387 415 418 467 560 576 580 616 
12 20 53 63 110 153 265 427 491 507 558 603 637 
10 54 62 67 90 98 295 349 567 607 627 
12 85 121 195 273 316 325 331 372 480 482 490 574 
10 19 63 64 112 149 212 273 467 503 592 
8 184 272 302 411 457 470 478 520 
14 158 234 245 269 270 287 314 316 403 460 465 474 540 608 
12 9 84 175 182 197 251 277 376 509 569 594 619 
10 7 27 145 258 298 308 377 461 618 649 
13 38 56 63 305 361 373 378 438 459 524 565 595 609 
6 57 191 314 320 377 454 
16 50 117 148 161 163 195 201 314 351 416 424 457 479 489 500 609 
9 47 249 263 378 394 471 480 537 542 
6 88 223 263 457 470 622 
7 40 165 249 315 418 565 610 
17 37 87 149 154 204 235 262 288 307 369 390 464 544 564 600 620 646 
6 25 103 260 261 463 488 
10 53 100 117 152 175 292 299 327 478 616 
12 8 116 182 213 278 332 347 358 403 425 487 548 
9 64 84 123 165 211 234 336 426 619 
9 264 296 324 327 501 543 560 616 644 
7 25 136 190 209 275 331 592 
4 28 85 290 521 
13 46 77 108 109 186 248 357 425 463 488 507 636 647 
9 30 36 319 371 378 398 422 465 582 
7 5 108 127 164 199 435 555 
11 9 118 174 184 209 365 430 441 497 499 530 
7 54 87 138 177 306 392 470 
14 89 121 163 196 210 224 245 286 334 342 388 483 596 612 
12 109 195 204 285 354 439 532 547 572 591 593 633 
14 46 102 218 263 318 341 384 399 400 428 431 560 610 611 
15 55 91 125 184 197 272 404 486 505 513 533 535 600 605 623 
14 29 43 62 97 249 257 347 387 411 473 562 581 588 598 
9 47 71 134 279 436 442 454 512 555 
7 95 122 204 239 516 557 571 
8 52 249 274 295 403 473 551 643 
12 38 58 213 359 421 436 523 551 564 587 594 609 
13 5 10 132 314 350 363 382 448 464 492 495 507 618 
11 12 97 99 144 204 259 292 348 472 630 634 
13 11 39 103 133 188 277 366 384 516 562 566 626 632 
8 3 22 124 302 329 363 433 499 
12 184 205 231 232 237 256 265 304 341 407 573 617 
13 32 89 90 131 205 274 379 383 412 540 563 582 602 
10 183 192 207 250 327 357 400 453 533 586 
6 328 412 487 606 629 646 
10 133 145 154 238 262 297 325 424 450 616 
11 32 50 90 141 151 190 203 304 315 381 612 
9 27 79 298 303 350 351 414 506 528 
12 42 157 212 245 266 368 394 441 581 586 623 631 
12 126 135 154 183 186 284 448 515 529 581 614 632 
11 50 125 147 183 186 243 272 366 410 534 567 
11 140 211 265 416 418 434 477 543 567 569 618 
7 176 325 380 465 502 503 580 
12 26 44 62 79 135 148 175 410 514 544 607 624 
9 67 87 99 105 170 171 174 320 554 
6 318 334 376 468 605 609 
9 13 87 147 168 192 327 386 469 488 
12 122 174 263 267 268 294 369 379 483 517 536 606 
9 43 153 271 303 355 363 388 404 480 
9 68 195 233 260 263 375 388 444 599 
10 25 133 342 420 442 450 519 608 617 625 
10 88 287 312 386 393 444 484 519 568 594 
8 5 58 64 92 227 237 281 380 
12 29 66 145 155 267 311 365 367 377 466 484 634 
11 44 93 142 162 196 205 338 351 402 416 507 
7 231 348 398 438 559 592 611 
10 10 63 173 202 245 252 254 490 579 614 
13 33 89 156 170 277 423 451 454 471 472 498 605 629 
16 100 108 132 208 255 260 302 309 343 350 361 414 517 595 637 647 
7 29 144 169 432 500 563 601 
8 94 274 277 300 313 341 422 560 
11 13 116 150 240 301 346 389 454 487 520 561 
7 64 82 297 330 397 443 571 
12 10 90 195 208 218 329 366 372 462 477 481 511 
6 13 260 278 402 540 647 
10 2 31 91 217 218 275 345 520 559 628 
6 13 339 362 396 447 552 
9 154 285 312 558 570 603 605 610 645 
8 10 24 25 151 155 378 386 477 
14 22 41 78 95 158 165 189 276 432 442 493 516 527 639 
10 14 67 76 84 90 115 171 212 486 596 
14 63 68 78 83 192 321 373 401 404 413 439 582 616 633 
16 40 43 66 81 104 128 141 167 229 333 361 565 591 614 625 633 
4 130 152 195 643 
13 17 219 287 298 327 343 353 416 443 477 482 487 611 
15 191 206 210 233 285 317 354 393 440 466 546 562 574 577 608 
6 325 341 402 406 583 636 
9 238 250 365 378 403 446 559 573 607 
11 41 186 203 231 332 456 538 546 595 602 630 
11 32 143 198 234 328 367 406 501 532 600 630 
12 132 219 275 289 392 432 449 476 488 527 537 633 
7 89 246 253 295 322 529 645 
14 17 83 84 106 157 186 249 259 363 393 428 581 604 606 
13 47 135 190 294 304 325 368 458 493 529 548 620 645 
8 95 268 304 321 442 450 570 596 
6 368 443 540 599 606 646 
9 74 150 203 341 366 410 438 441 563 
7 54 171 286 342 443 533 644 
8 127 315 377 422 425 456 565 569 
6 19 122 136 184 408 641 
12 10 36 76 106 135 150 151 280 300 373 393 471 
6 31 74 137 220 231 275 
13 24 83 92 99 125 139 191 234 293 496 513 538 558 
4 256 383 487 505 
10 30 64 150 153 185 203 266 325 339 449 
4 53 125 333 597 
13 40 254 294 297 315 349 409 433 475 512 522 531 616 
3 137 197 224 
12 61 131 252 283 320 344 379 555 587 635 639 644 
10 51 200 230 231 235 296 307 330 353 584 
12 45 89 115 124 188 206 238 320 346 397 493 556 
11 104 110 117 183 245 305 350 352 370 431 640 
17 6 18 43 122 135 136 257 272 314 419 427 455 494 578 579 608 644 
15 13 86 117 150 176 181 193 217 368 524 536 547 638 640 648 
4 19 201 281 573 
9 260 330 389 484 508 575 590 627 629 
11 78 266 338 357 407 412 439 486 498 517 594 
2 110 538 
7 161 192 316 379 400 404 415 
11 34 113 131 264 312 392 444 473 486 516 572 
12 9 216 265 267 320 355 378 386 464 469 489 630 
16 12 47 231 246 266 269 281 335 344 377 458 498 513 563 620 649 
11 16 86 129 154 164 252 299 314 365 375 501 
9 141 221 257 309 319 464 489 536 571 
8 64 81 167 303 395 484 512 515 
7 23 294 496 520 532 576 601 
15 10 25 48 98 120 132 159 170 206 299 360 405 431 502 576 
6 69 70 94 152 287 296 
9 86 131 179 227 444 511 518 529 590 
14 83 105 111 313 318 335 377 398 436 485 499 523 581 622 
11 52 62 257 289 492 509 512 533 549 563 584 
9 26 48 67 162 285 315 316 425 440 
10 129 328 372 420 463 476 480 529 559 596 
15 20 28 48 151 172 200 211 219 243 272 431 433 540 566 645 
7 109 168 179 213 402 406 625 
9 24 42 169 284 347 376 441 445 582 
9 8 140 194 196 318 342 349 357 423 
15 0 22 106 233 269 305 520 533 543 587 610 628 629 636 647 
8 4 38 145 180 198 381 522 580 
6 68 88 333 471 574 635 
8 8 23 99 199 329 367 494 572 
9 3 156 187 281 322 386 427 569 609 
10 61 64 107 118 134 158 287 423 478 485 
11 51 72 137 148 287 300 375 412 481 544 592 
5 118 338 560 569 641 
13 4 76 91 95 123 190 321 331 343 391 449 556 606 
13 43 82 263 275 292 344 404 415 427 461 563 619 645 
13 19 39 63 152 165 211 242 288 315 338 375 403 448 
10 62 208 236 252 383 408 409 410 444 474 
11 46 95 199 240 343 346 391 442 455 572 574 
12 34 43 106 120 213 298 373 431 524 548 553 642 
7 74 170 176 356 405 553 588 
13 154 207 211 215 233 236 363 405 422 445 461 543 564 
11 72 94 121 138 223 243 307 310 353 405 451 
9 136 186 197 262 289 442 456 507 572 
14 43 163 170 185 198 241 299 301 373 400 494 503 568 631 
7 75 107 147 151 338 463 592 
7 22 61 222 304 325 458 645 
14 62 127 174 212 233 257 375 403 475 508 565 589 625 647 
12 42 74 95 144 203 254 268 308 321 341 418 595 
2 13 435 
8 107 123 212 230 257 271 308 416 
11 19 52 100 105 192 369 479 514 531 581 647 
9 34 58 120 134 137 317 389 460 549 
9 31 64 74 86 255 293 501 534 541 
10 210 226 281 327 355 409 464 521 580 616 
11 67 136 155 227 324 393 399 505 545 599 614 
9 16 38 61 106 268 302 467 508 541 
9 69 141 152 164 275 280 355 388 521 
3 276 494 586 
13 57 159 250 258 369 398 403 437 528 596 629 634 648 
10 38 55 112 130 238 287 349 560 574 630 
10 15 132 198 226 459 477 559 592 602 638 
9 9 151 283 480 504 538 541 556 638 
9 4 77 287 368 383 390 407 544 642 
10 72 159 238 326 336 347 485 516 571 642 
5 52 233 297 363 390 
7 53 62 63 79 308 549 573 
4 88 145 282 417 
12 81 83 157 167 220 223 290 293 386 506 526 643 
7 238 427 468 541 550 569 572 
12 41 63 234 266 322 353 460 513 538 551 559 613 
12 0 126 218 225 232 286 338 373 515 559 575 616 
13 14 40 212 342 388 485 521 522 535 566 567 592 606 
14 12 57 145 162 194 245 283 305 353 392 509 513 569 589 
8 239 290 317 336 351 406 411 468 
10 121 157 167 220 235 329 341 352 354 563 
13 66 121 144 189 316 318 376 385 405 460 560 632 648 
7 35 133 253 392 409 531 575 
5 38 156 344 593 637 
4 8 98 333 599 
12 22 167 177 199 294 306 404 450 472 565 576 591 
11 58 124 154 347 361 402 492 574 588 621 627 
18 9 23 29 69 74 111 117 129 162 177 302 317 351 448 451 492 532 534 
8 176 249 324 410 450 499 522 592 
8 100 203 204 236 248 457 608 637 
7 159 171 300 466 516 556 586 
13 85 113 160 226 267 290 324 328 525 531 554 630 644 
12 22 54 78 153 157 187 201 369 406 588 601 615 
11 15 47 155 202 345 355 411 533 534 586 613 
15 45 82 84 89 139 150 189 218 262 268 270 452 458 544 552 
10 18 198 255 350 378 414 457 468 487 589 
10 9 43 109 122 228 266 429 495 550 583 
12 4 23 118 125 227 263 420 438 444 475 494 565 
16 37 99 114 115 178 229 241 245 265 403 409 468 509 536 560 593 
7 25 123 155 171 202 330 617 
7 36 106 253 273 280 389 413 
11 24 46 62 91 239 244 272 294 377 380 422 
10 8 27 109 119 152 188 263 281 309 541 
8 29 320 342 453 506 525 587 625 
7 27 92 180 257 261 424 592 
13 47 124 312 437 442 458 461 484 529 570 577 579 613 
10 194 313 377 473 527 538 590 630 639 641 
8 99 205 215 229 262 270 284 554 
11 138 184 187 220 269 324 357 396 560 575 586 
12 3 41 134 232 295 324 448 539 571 585 619 636 
13 25 60 63 233 240 245 289 292 376 469 496 534 646 
6 28 90 186 263 405 514 
7 149 155 234 363 415 460 603 
7 64 119 162 199 227 347 389 
11 63 125 212 213 308 330 335 341 429 504 530 
10 0 75 141 262 274 399 506 569 571 590 
7 16 18 196 199 268 419 514 
11 181 204 237 260 269 315 389 430 523 609 640 
9 33 46 140 146 155 183 330 400 549 
9 114 123 227 230 260 341 523 543 602 
7 16 34 138 285 314 582 630 
11 128 145 251 318 320 372 381 468 536 580 614 
9 8 174 220 386 399 432 440 550 551 
7 97 256 288 337 373 376 631 
16 59 121 191 197 219 231 232 275 301 328 341 360 458 560 572 636 
6 74 273 280 313 347 507 
11 103 105 124 188 218 221 268 377 380 503 632 
9 14 15 75 91 174 248 260 323 502 
6 52 137 238 244 258 553 
12 109 145 155 191 216 294 387 449 450 514 580 606 
7 22 91 336 350 367 513 549 
12 9 25 176 199 369 397 412 426 460 517 615 649 
8 21 48 145 177 294 459 521 619 
9 87 110 160 359 382 473 510 516 603 
7 14 283 507 537 557 591 598 
11 1 20 65 78 102 117 250 324 373 378 609 
10 71 79 174 177 283 297 386 451 525 626 
13 0 73 97 98 128 196 198 268 326 502 576 580 590 
9 4 32 108 149 188 277 346 379 421 
10 230 247 309 383 490 500 513 590 595 607 
12 20 67 72 144 228 261 309 412 489 553 569 629 
8 104 128 171 220 430 477 512 577 
10 134 172 229 243 288 360 423 524 528 626 
8 61 70 185 304 436 466 478 511 
15 91 225 258 280 294 321 411 488 497 550 555 578 607 615 647 
11 17 38 94 169 372 415 424 520 589 601 604 
12 10 156 162 192 195 245 264 387 441 461 562 607 
5 63 156 240 496 556 
13 21 54 91 123 127 194 203 245 330 385 506 570 639 
14 88 161 193 199 252 290 363 381 387 504 548 559 568 569 
13 20 129 235 288 359 378 438 441 493 502 541 573 645 
10 99 112 135 256 310 419 474 479 492 523 
6 25 169 306 381 439 615 
9 291 296 336 376 432 453 496 539 574 
15 5 24 118 147 159 175 247 256 314 325 373 494 559 605 641 
6 49 98 196 242 385 621 
9 86 212 233 254 317 318 521 598 628 
10 15 239 262 328 332 382 394 508 537 560 
12 58 78 82 279 422 425 440 495 519 527 552 563 
9 42 58 125 163 363 395 440 451 629 
10 55 91 112 128 178 293 386 480 482 514 
10 24 63 206 266 370 407 505 533 629 635 
6 81 454 466 499 547 645 
4 17 88 436 581 
11 59 71 120 140 247 336 347 469 521 541 579 
10 20 29 54 87 125 304 427 505 593 612 
9 3 217 306 348 350 385 389 468 561 
8 23 70 71 197 248 251 283 477 
13 0 47 84 85 159 231 363 419 445 454 560 569 595 
8 79 132 191 218 286 346 382 450 
11 16 46 288 300 354 387 394 456 524 566 595 
10 8 9 61 186 307 421 450 456 473 537 
4 130 288 440 600 
11 92 128 146 314 370 380 461 484 560 597 610 
12 22 53 56 61 87 120 230 269 347 497 520 534 
12 83 105 121 179 345 359 374 430 438 469 627 642 
6 30 99 157 472 516 636 
16 1 24 42 79 81 110 142 214 229 263 299 331 352 390 585 591 
11 53 152 421 424 430 437 465 513 527 558 622 
4 152 202 269 612 
12 59 70 92 144 194 277 308 394 409 482 551 623 
11 14 220 234 272 310 400 431 457 562 584 640 
6 26 46 58 91 120 423 
8 51 103 134 146 342 345 566 629 
9 44 180 209 286 370 525 575 634 641 
8 104 211 275 350 407 512 594 637 
7 26 165 387 420 434 481 493 
11 64 155 189 437 459 485 507 559 571 591 592 
12 4 9 147 159 247 292 293 438 485 543 615 621 
5 88 333 457 521 583 
9 37 84 103 178 407 408 491 503 614 
12 20 94 181 194 211 225 311 454 470 599 622 635 
8 12 53 132 227 282 290 365 507 
8 145 182 367 402 430 453 510 617 
4 105 135 291 497 
9 68 82 91 200 258 334 359 541 604 
17 5 7 174 180 201 322 332 344 389 429 438 439 512 517 550 620 639 
19 99 119 146 150 230 257 277 287 327 401 428 444 461 471 487 520 531 536 644 
8 13 19 106 328 529 568 623 631 
9 89 238 289 296 342 509 544 643 645 
14 82 110 124 227 252 299 326 353 378 387 403 443 521 626 
7 196 213 254 272 293 409 597 
12 81 147 204 266 271 339 355 415 448 460 605 619 
8 190 296 390 440 533 546 591 636 
10 59 80 88 251 259 307 308 440 576 633 
6 220 253 318 412 512 561 
18 188 264 308 355 398 401 437 441 478 503 512 531 583 594 596 607 622 641 
8 198 202 226 334 351 468 511 607 
9 80 291 329 380 432 472 478 550 627 
11 107 160 178 286 376 397 406 411 437 487 627 
19 10 23 32 35 45 77 86 98 172 191 235 298 344 371 434 513 576 623 636 
16 39 49 60 104 136 147 205 260 342 396 406 428 449 516 593 625 
9 229 233 372 439 445 471 547 602 644 
14 36 37 69 81 101 109 165 257 382 383 448 500 567 573 
7 76 148 200 244 342 468 504 
8 27 58 80 84 369 507 606 615 
9 61 73 184 232 250 323 369 468 527 
14 55 155 166 187 212 237 257 309 395 422 484 492 500 642 
13 105 119 183 289 305 306 349 386 419 526 600 637 649 
7 115 281 299 338 392 483 593 
11 77 89 105 149 193 216 343 459 552 569 646 
9 100 104 121 216 227 246 366 387 544 
7 11 91 114 122 208 472 540 
9 28 49 254 300 305 426 453 456 471 
11 97 150 152 186 221 223 249 293 365 394 466 
7 25 61 102 289 408 449 455 
10 55 118 147 201 229 415 441 458 508 646 
10 43 51 56 372 385 469 478 500 502 604 
18 60 108 151 154 177 186 226 286 339 448 497 540 550 566 602 603 606 614 
14 17 105 121 261 278 322 400 413 429 440 451 467 550 630 
10 96 146 175 286 446 461 528 574 582 634 
11 57 88 111 177 241 264 293 318 373 548 569 
11 28 153 266 325 345 416 502 531 533 609 643 
13 11 32 63 141 225 285 337 351 389 427 569 606 627 
12 4 29 38 53 84 92 173 174 217 362 536 564 
5 16 184 289 497 519 
7 93 149 316 352 423 447 554 
11 47 97 130 168 201 208 272 288 346 535 581 
12 13 27 31 44 103 149 196 215 326 382 455 508 
9 69 242 255 299 345 429 482 575 591 
9 16 33 116 232 258 334 475 496 591 
10 84 149 176 215 241 253 349 508 558 590 
11 34 155 185 216 222 288 312 324 334 517 565 
14 3 26 155 301 314 349 352 402 440 492 578 591 596 633 
13 9 192 199 220 221 259 310 344 502 507 509 569 570 
5 263 317 342 369 452 
11 98 202 266 268 293 312 398 480 498 595 642 
8 142 185 200 271 287 334 394 536 
10 0 8 106 121 162 188 287 322 341 626 
6 212 233 285 303 528 542 
10 41 55 134 147 157 198 438 456 468 635 
15 4 61 92 137 160 175 241 306 323 339 423 484 553 591 619 
9 52 92 163 455 494 507 515 551 578 
12 2 23 45 81 257 274 277 302 338 363 422 439 
10 20 31 126 135 195 298 317 462 556 623 
8 59 135 188 190 251 265 294 308 
10 142 213 264 276 403 472 495 565 614 629 
7 23 116 134 272 350 378 559 
6 120 158 225 449 518 551 
7 250 254 270 386 541 554 569 
13 4 8 12 23 51 58 207 288 305 543 561 573 617 
5 72 177 199 205 310 
8 104 154 317 339 391 415 466 574 
10 16 57 64 160 239 296 499 505 563 611 
11 36 172 207 229 259 372 449 538 571 572 596 
5 157 208 332 394 519 
18 53 77 79 142 146 153 208 301 324 372 394 427 503 522 524 546 619 647 
11 75 208 295 345 346 377 428 454 469 483 592 
9 34 48 76 237 253 305 412 486 561 
7 82 188 244 296 306 444 489 
13 25 109 187 201 235 245 250 286 338 339 347 567 606 
11 21 32 42 91 107 136 295 320 427 547 593 
9 10 95 163 185 365 396 524 554 613 
10 95 235 280 343 394 472 487 539 566 573 
10 14 16 160 194 258 325 446 452 548 581 
8 64 82 102 228 245 370 429 430 
9 1 159 168 256 336 365 469 511 559 
9 3 7 43 55 146 368 370 480 544 
11 27 39 51 87 223 356 401 469 517 547 569 
9 80 112 177 407 431 432 538 580 609 
9 89 129 206 234 292 340 436 562 595 
9 10 43 277 354 365 369 454 560 575 
11 88 200 334 348 350 390 403 414 513 525 562 
9 39 142 233 272 301 352 473 583 589 
10 190 214 280 325 331 394 415 419 507 629 
8 109 136 182 205 370 427 444 649 
10 3 13 152 199 200 265 378 494 581 648 
