780 3858
13 3 4 7 64 114 116 214 229 278 363 683 691 761 
11 64 185 201 202 221 323 349 426 614 652 716 
10 87 127 146 207 219 253 453 455 536 753 
12 0 35 123 188 428 580 650 659 661 683 757 776 
8 0 62 311 349 364 555 617 694 
11 48 150 151 199 245 276 287 475 648 731 737 
4 149 397 413 690 
11 0 12 27 125 138 210 244 333 348 661 675 
7 189 203 235 437 478 513 761 
14 83 104 140 177 232 280 299 387 411 425 512 518 533 655 
9 216 221 393 404 419 569 605 682 707 
7 279 331 337 379 392 487 507 
12 7 167 379 422 449 496 508 552 657 663 666 751 
8 61 65 103 181 226 450 506 743 
13 99 118 212 413 476 544 559 612 620 621 655 756 759 
11 141 285 357 374 513 536 557 650 660 693 746 
15 116 318 397 417 419 472 526 527 531 542 588 599 602 667 685 
9 69 75 258 313 351 444 596 649 703 
10 139 173 178 391 418 449 540 606 657 675 
14 163 198 296 313 336 380 433 453 503 531 532 576 631 705 
8 62 168 263 345 489 499 562 725 
12 34 55 70 212 359 499 575 599 600 709 721 725 
3 169 186 745 
5 117 225 285 757 779 
8 134 170 218 285 327 535 541 668 
11 71 94 172 262 380 440 489 541 592 655 713 
13 199 234 240 253 307 452 468 538 593 660 661 681 727 
9 7 186 281 334 348 444 519 585 750 
7 60 64 93 195 218 372 617 
12 30 35 92 208 300 305 357 408 418 475 622 683 
11 29 46 51 146 306 351 377 457 502 616 745 
12 62 72 116 216 291 333 368 434 494 516 538 651 
4 78 290 353 402 
11 58 79 130 155 305 383 463 573 614 615 777 
10 21 85 261 286 328 348 465 704 730 763 
9 3 29 47 50 178 185 523 625 714 
7 118 171 183 302 370 441 684 
6 67 174 255 281 452 615 
6 259 470 536 541 618 682 
9 82 108 115 150 161 173 481 598 630 
6 101 126 362 551 595 691 
10 58 183 184 307 459 579 605 624 655 659 
12 88 131 142 209 261 353 516 531 538 546 775 777 
9 44 158 331 378 418 464 545 675 689 
10 43 130 275 335 357 396 447 503 644 753 
12 46 127 174 194 251 342 631 707 726 735 738 757 
16 30 45 61 84 113 153 216 266 282 285 402 424 468 488 532 705 
9 35 98 252 390 534 647 668 669 712 
15 5 171 314 322 349 438 449 451 468 600 647 725 737 748 774 
13 129 221 247 324 481 497 513 576 646 652 679 715 734 
17 35 80 131 206 241 262 274 351 401 432 443 543 571 574 581 735 742 
10 30 143 146 234 257 294 406 418 429 535 
8 90 167 226 245 482 540 646 667 
12 82 150 185 253 287 326 401 402 570 571 738 779 
8 112 174 237 521 601 649 705 763 
8 21 56 207 277 446 509 642 748 
17 55 64 72 110 153 257 295 315 365 389 543 558 636 661 675 682 696 
6 83 270 284 307 630 704 
10 33 41 155 159 216 243 278 360 562 600 
6 154 199 223 264 487 707 
9 28 163 169 478 523 524 548 593 622 
14 13 46 170 187 259 288 306 491 554 639 677 688 699 705 
6 4 20 31 249 370 424 
5 91 162 496 642 717 
11 0 1 28 56 306 348 502 565 594 672 757 
12 13 131 204 239 259 324 450 519 551 587 679 766 
6 82 177 184 351 439 630 
10 37 118 232 287 433 465 675 708 741 777 
12 104 150 325 332 386 401 423 453 587 683 767 769 
13 17 370 374 431 448 465 484 495 538 585 673 691 770 
11 21 122 235 283 307 328 474 493 553 570 620 
9 25 79 90 104 182 292 326 632 652 
12 31 56 102 159 211 217 308 365 435 468 753 775 
8 142 319 485 586 672 698 747 779 
4 336 591 672 766 
12 17 147 348 401 410 449 451 458 502 605 654 672 
11 230 252 293 336 379 419 462 547 614 704 708 
13 93 206 252 347 372 435 450 521 534 671 739 767 770 
11 32 162 179 242 270 337 343 387 409 464 618 
15 33 71 94 96 137 156 159 288 301 414 460 570 571 700 754 
8 50 359 420 422 489 510 670 697 
5 146 214 289 571 582 
8 39 53 66 89 155 317 428 623 
17 9 57 114 117 144 162 191 235 298 300 346 472 625 635 657 749 750 
12 46 126 170 210 349 374 382 406 449 489 542 776 
6 34 168 279 369 524 574 
6 166 210 221 223 249 484 
5 2 348 534 605 636 
10 42 98 159 167 169 177 341 575 594 769 
12 82 104 281 380 435 537 562 581 607 690 752 773 
11 52 71 260 369 399 445 470 568 610 683 704 
10 63 175 279 418 419 500 551 601 668 742 
10 29 108 272 325 358 376 398 440 452 566 
8 28 77 367 373 436 650 713 738 
9 25 79 96 147 282 441 511 517 573 
12 106 130 205 311 379 457 578 581 605 644 698 727 
8 79 94 106 154 238 354 525 622 
8 123 149 195 348 429 728 771 772 
16 47 88 99 104 132 167 209 260 262 266 655 665 683 686 700 718 
11 14 98 151 202 203 223 542 565 572 579 734 
6 275 432 582 684 711 763 
18 40 102 158 174 190 249 329 345 350 383 407 433 500 553 592 677 714 773 
8 72 101 128 247 376 454 475 487 
7 13 170 185 233 407 546 669 
15 9 68 71 89 98 197 351 421 436 474 591 674 706 710 779 
13 152 204 213 220 294 392 403 524 527 552 555 558 654 
12 95 96 206 384 401 403 531 533 592 615 642 686 
9 148 226 315 420 446 575 685 718 767 
14 39 92 120 142 312 315 362 382 396 429 479 500 579 712 
5 281 312 520 567 673 
9 56 172 352 419 470 475 559 675 722 
13 136 191 197 207 239 248 404 408 465 545 588 593 755 
7 54 159 306 428 504 509 733 
8 46 175 264 458 616 637 686 713 
5 0 83 132 179 513 
8 39 153 196 370 393 572 623 737 
10 0 16 31 341 369 372 440 652 659 676 
8 23 83 169 289 548 572 752 775 
6 14 36 67 372 381 719 
9 125 153 162 175 346 444 603 750 773 
5 108 261 275 342 726 
10 176 292 336 395 490 523 608 661 692 744 
8 70 277 319 342 387 411 500 762 
10 3 97 151 223 263 470 529 616 618 660 
5 282 344 426 603 650 
16 7 119 167 232 299 321 363 368 551 577 598 619 635 644 733 756 
6 40 84 152 213 338 474 
15 2 45 133 153 213 221 261 266 323 381 479 497 577 640 664 
9 102 156 168 366 367 432 494 563 778 
11 49 254 272 351 402 515 617 676 701 710 733 
9 33 44 95 173 211 360 387 643 664 
15 42 50 65 140 162 297 375 441 486 575 608 616 617 733 754 
12 98 114 209 224 263 381 522 551 672 707 733 735 
15 127 156 183 215 229 237 260 359 386 407 421 593 664 754 776 
9 24 167 180 266 290 308 499 592 763 
10 192 264 289 294 316 421 444 506 561 709 
7 111 146 232 255 664 695 777 
8 79 197 284 301 320 428 449 736 
6 7 255 352 521 597 757 
10 18 312 319 329 416 489 505 553 714 768 
17 9 131 142 206 253 291 340 353 417 452 473 486 539 541 612 649 750 
7 15 281 379 384 648 680 764 
12 42 73 108 140 270 351 390 469 533 535 577 748 
8 51 203 258 512 617 644 675 753 
8 83 488 558 564 609 647 680 744 
8 164 291 345 354 409 496 524 557 
13 2 30 51 81 136 205 225 229 235 254 279 280 674 
10 75 94 409 416 425 510 547 564 636 652 
5 107 235 350 476 775 
9 6 97 197 208 232 354 394 438 601 
10 5 39 53 68 206 253 397 455 624 632 
11 5 99 123 234 315 366 383 610 640 677 680 
11 105 126 215 335 372 423 478 479 483 486 673 
21 46 56 115 119 127 159 161 223 316 330 345 375 449 493 505 520 534 549 648 722 742 
11 59 96 204 387 426 435 594 620 673 710 716 
15 33 58 82 209 374 395 415 458 538 655 698 740 753 762 772 
15 79 128 133 159 185 320 330 395 411 414 460 493 615 626 766 
11 160 168 173 312 378 428 624 673 675 759 768 
8 43 101 219 314 432 456 459 666 
17 58 72 79 88 112 153 156 193 276 495 525 548 574 620 627 652 735 
6 157 306 314 354 485 646 
7 39 153 312 328 509 609 698 
11 63 78 83 119 131 163 263 308 419 423 544 
10 19 60 162 184 199 317 329 561 624 640 
11 145 196 201 250 252 324 390 443 456 583 718 
4 253 422 440 680 
9 86 330 334 391 392 464 602 669 763 
13 12 52 88 98 125 134 354 438 461 543 582 625 636 
9 20 85 128 157 248 444 513 545 647 
13 22 60 88 117 357 437 443 523 532 547 596 610 662 
17 24 61 84 103 222 294 301 452 516 616 622 644 647 654 682 733 778 
7 36 48 256 348 388 393 506 
8 25 110 360 385 387 445 504 703 
13 18 39 130 157 454 500 535 552 555 587 705 717 724 
15 37 45 54 101 184 199 275 289 308 370 501 517 580 661 662 
10 91 113 119 177 262 272 626 653 654 676 
10 121 221 224 249 324 352 613 623 675 772 
9 9 66 88 175 256 436 579 599 746 
10 18 35 268 314 350 400 461 563 588 620 
12 78 114 285 301 364 384 440 448 495 650 664 718 
6 134 277 486 559 687 774 
8 13 279 325 395 437 473 537 736 
11 71 228 257 270 285 288 315 330 512 663 747 
6 36 41 133 257 359 603 
8 41 66 163 174 229 302 392 540 
11 1 35 53 103 156 215 266 379 395 581 672 
9 22 27 210 235 271 421 458 659 743 
6 61 202 233 242 449 696 
15 3 336 363 364 367 462 482 587 591 592 612 648 700 746 747 
8 8 268 273 313 317 321 496 627 
13 101 204 275 288 308 389 483 507 570 576 581 623 749 
12 83 111 231 252 267 271 295 354 446 606 657 744 
7 135 296 366 475 671 682 721 
7 159 393 409 536 642 689 748 
10 45 264 297 490 540 558 560 565 649 706 
8 28 97 214 370 519 566 769 770 
14 115 164 214 413 427 504 518 576 589 641 667 682 774 776 
11 104 111 137 149 275 418 471 592 611 668 773 
10 19 227 242 331 395 541 629 677 685 752 
12 5 26 59 163 174 225 352 357 364 380 716 728 
0 
11 1 164 210 252 260 364 415 625 639 718 759 
15 1 99 187 245 306 339 368 461 529 590 629 663 695 755 769 
10 8 99 143 252 321 326 595 644 668 726 
7 65 105 154 190 284 532 640 
9 95 146 211 225 288 296 389 402 598 
10 50 77 106 140 150 283 391 442 520 730 
7 2 55 111 310 351 372 562 
8 29 149 221 273 299 309 361 560 
10 42 98 132 155 224 311 449 470 576 726 
11 7 84 86 186 201 306 399 569 579 669 672 
13 72 130 205 252 306 311 328 334 337 359 431 479 613 
6 14 21 471 552 564 699 
11 105 126 127 295 388 407 502 550 616 679 715 
11 0 81 195 196 341 347 366 376 421 444 708 
10 133 152 185 297 433 441 456 463 570 739 
17 10 31 46 58 224 233 248 365 442 466 501 530 540 573 622 673 680 
7 72 218 286 492 514 585 620 
12 24 28 217 223 245 268 278 371 380 447 584 606 
4 2 158 407 518 
4 105 253 655 695 
13 1 10 49 86 127 176 208 241 307 417 555 598 768 
9 170 321 409 411 570 601 662 708 759 
16 59 86 99 123 153 218 254 327 337 406 415 497 720 722 766 777 
15 132 176 209 216 320 352 366 412 435 478 617 646 664 748 756 
15 23 146 199 205 329 382 404 436 578 580 586 592 662 704 718 
9 13 52 107 295 369 498 550 615 744 
11 198 286 319 327 412 481 498 568 618 679 768 
15 182 253 283 327 359 372 434 450 466 505 539 583 648 700 774 
9 0 133 146 184 262 554 595 648 754 
9 76 327 451 504 606 644 701 738 776 
6 191 397 409 573 613 666 
11 9 67 125 136 149 287 351 397 481 577 645 
6 103 187 216 241 250 705 
10 26 51 151 479 504 538 587 703 743 777 
13 8 70 83 146 148 186 246 252 302 327 592 670 727 
2 435 498 
9 54 133 287 293 345 346 572 637 752 
7 96 270 315 506 617 726 754 
12 65 111 261 356 452 501 571 607 648 662 719 735 
6 26 261 405 662 689 706 
12 50 221 233 247 288 407 502 635 675 725 753 760 
7 78 187 198 255 297 459 690 
8 58 270 299 354 529 588 622 765 
9 7 349 362 559 617 640 708 740 758 
15 5 52 202 218 262 346 450 469 646 657 701 730 742 754 755 
7 235 312 390 409 566 619 647 
12 49 102 241 320 374 389 400 416 428 490 586 695 
10 111 168 216 263 283 387 433 435 451 617 
8 62 86 101 176 255 615 661 727 
8 164 233 466 539 646 675 714 769 
5 45 312 667 700 757 
20 47 76 77 164 191 201 203 211 235 299 314 337 392 411 422 496 559 699 719 774 
17 2 26 53 140 150 165 220 228 292 438 549 590 607 665 678 743 772 
12 129 146 223 400 418 427 486 492 507 536 646 686 
10 37 136 138 242 249 428 596 638 646 709 
5 171 177 313 479 713 
7 51 56 182 183 306 335 764 
12 17 143 286 301 305 353 405 588 637 649 671 721 
6 38 61 65 373 437 717 
7 90 98 133 201 305 489 752 
13 34 42 120 127 239 240 518 631 646 673 683 711 741 
17 25 50 98 175 229 245 445 455 470 554 556 591 593 606 661 675 763 
16 20 123 132 162 248 278 343 351 416 532 599 609 639 664 701 728 
7 59 113 135 194 535 654 771 
8 446 455 462 502 538 658 766 771 
16 46 98 127 134 185 272 364 421 425 446 502 599 601 633 721 750 
6 191 333 508 525 557 739 
8 178 189 218 402 526 563 668 731 
2 388 515 
11 57 78 142 182 238 243 297 353 565 687 718 
10 186 191 299 320 344 356 413 421 489 612 
9 92 129 175 266 293 452 568 582 666 
6 189 208 627 674 733 749 
9 50 323 462 594 599 631 689 773 777 
12 44 100 120 174 190 197 382 464 511 540 599 696 
8 5 159 360 393 422 589 608 755 
7 55 122 180 441 632 692 703 
9 0 58 218 263 422 478 514 528 765 
9 11 85 91 146 181 492 556 586 768 
12 9 146 291 333 441 538 559 578 582 593 619 715 
10 27 37 89 109 141 346 350 408 683 766 
11 46 94 124 298 313 348 405 639 701 753 754 
10 70 206 228 248 447 453 572 626 715 732 
13 57 137 204 303 319 357 452 486 513 518 527 557 724 
10 15 23 24 46 179 182 675 704 747 771 
9 34 217 227 258 287 341 573 645 758 
8 5 53 67 232 237 286 607 746 
17 61 79 182 190 205 241 337 380 416 436 499 533 569 582 627 636 725 
12 81 117 135 174 331 464 485 492 529 537 552 679 
8 32 134 342 418 454 512 627 641 
9 31 140 145 280 315 370 478 633 664 
8 71 121 253 460 572 654 684 729 
10 76 237 272 360 406 494 517 522 525 776 
11 51 105 135 170 376 452 509 522 576 695 769 
10 56 191 213 226 308 379 411 478 580 629 
13 19 192 205 302 330 333 409 509 600 650 661 678 704 
12 131 194 215 242 270 313 478 508 670 674 747 774 
7 83 282 356 383 469 725 730 
9 9 125 208 243 252 271 407 494 694 
9 29 83 371 390 532 550 587 617 674 
11 79 137 170 179 258 339 428 464 491 594 603 
9 36 184 235 296 316 385 433 669 719 
9 284 392 460 502 519 543 609 688 696 
6 368 501 593 623 724 749 
11 29 33 258 260 324 344 481 492 605 678 704 
14 30 61 64 112 160 202 210 211 257 459 504 622 663 708 
13 26 41 57 70 221 311 374 385 396 435 477 684 774 
13 72 134 162 174 190 295 341 371 583 678 692 741 746 
6 208 344 434 513 599 764 
11 207 368 379 402 466 476 512 542 583 664 671 
13 4 95 209 211 307 434 511 514 560 617 701 769 775 
15 108 109 139 157 161 246 251 319 382 438 598 625 666 714 730 
10 17 19 189 256 282 297 343 472 602 683 
7 48 158 160 178 252 371 595 
18 56 107 108 151 182 238 291 366 430 522 614 615 616 625 653 672 680 728 
12 135 153 302 335 365 446 539 592 642 644 721 772 
7 82 163 189 618 658 691 766 
5 16 333 336 500 583 
15 73 122 139 227 284 312 338 449 528 553 579 646 665 669 765 
10 137 156 224 247 271 444 498 531 537 729 
12 125 189 203 222 402 440 489 563 608 641 687 745 
9 48 405 434 435 439 441 572 573 605 
9 1 127 274 379 490 539 592 595 685 
9 49 65 164 176 305 488 570 696 728 
7 68 92 181 326 368 393 416 
10 53 71 203 325 377 378 442 586 603 725 
11 24 223 227 228 230 235 329 432 485 639 740 
10 34 70 161 211 401 573 653 668 711 742 
9 101 139 163 225 327 422 551 606 678 
13 153 156 166 182 296 368 417 483 571 589 605 740 778 
9 11 43 198 289 353 589 599 659 692 
6 68 375 412 651 678 697 
14 7 31 267 280 296 318 385 393 423 454 493 615 753 767 
10 27 166 211 409 411 479 581 690 692 778 
11 44 152 257 316 374 398 472 517 556 567 751 
16 19 74 76 121 188 318 346 429 431 438 580 602 638 690 748 778 
11 11 78 211 223 252 288 475 512 540 543 771 
4 126 319 466 559 
13 202 301 377 496 522 550 553 600 624 674 684 720 761 
3 140 370 487 
12 88 116 214 286 308 354 431 454 582 625 626 767 
9 45 120 122 290 366 660 696 722 778 
9 78 263 313 356 403 484 673 688 758 
9 124 271 305 309 384 388 422 445 506 
10 20 101 145 153 237 439 449 672 675 682 
13 83 119 237 245 281 336 392 440 467 590 695 724 766 
6 77 214 491 498 615 640 
14 7 27 34 64 75 87 97 171 282 351 431 438 498 755 
9 1 4 48 84 244 381 560 615 751 
9 101 148 178 281 447 503 567 581 664 
17 17 30 50 66 104 129 142 207 232 263 348 379 458 484 518 586 651 
10 110 138 176 199 224 457 476 541 667 744 
12 32 42 140 258 270 331 534 563 624 662 663 712 
15 96 145 149 160 167 191 243 341 384 387 495 518 558 708 761 
6 405 512 541 549 682 738 
11 239 271 298 343 510 551 663 668 707 731 746 
9 15 29 44 169 199 284 429 577 583 
8 92 495 549 550 568 610 636 669 
9 21 80 133 183 211 228 631 712 741 
9 58 130 172 276 293 406 407 635 703 
8 208 422 495 529 543 619 709 768 
12 40 108 244 371 500 534 539 569 596 638 647 752 
9 0 125 188 400 440 542 703 731 734 
8 4 179 188 199 201 266 406 762 
6 56 72 216 316 415 710 
14 128 151 192 214 224 315 342 369 446 531 599 704 722 741 
5 93 128 188 510 644 
13 31 125 202 304 310 325 330 397 535 578 638 701 703 
12 85 90 116 226 366 385 398 430 488 495 506 613 
12 36 62 69 115 174 195 291 340 374 391 499 770 
11 218 300 308 314 362 462 599 633 649 664 733 
12 28 77 116 118 152 207 228 403 566 567 644 677 
4 93 259 640 683 
10 15 69 84 155 247 307 335 370 560 637 
8 131 153 332 418 473 649 688 743 
12 92 102 214 294 407 408 516 524 556 557 577 767 
11 30 326 339 392 492 514 593 634 676 705 763 
9 43 157 326 401 466 475 483 571 751 
14 11 12 76 95 141 185 295 310 323 351 404 499 729 762 
8 19 25 89 199 218 288 409 555 
10 118 127 132 349 512 618 630 652 717 736 
11 84 108 225 275 312 507 650 684 702 720 753 
10 33 101 151 298 527 567 584 664 672 747 
10 106 141 179 344 354 391 400 456 647 664 
12 172 302 307 333 369 395 422 458 542 623 711 713 
7 68 133 417 495 578 579 761 
19 9 78 122 130 154 172 248 354 398 503 508 559 578 608 658 661 688 710 712 
9 171 213 269 344 438 472 550 673 712 
8 56 190 205 247 464 481 647 768 
8 47 142 164 246 300 474 646 728 
10 18 166 206 370 384 529 654 682 685 744 
15 11 105 166 184 252 303 346 377 469 483 526 559 614 640 688 
14 10 115 171 193 276 325 333 457 489 499 512 525 635 639 
3 149 470 544 
8 121 155 156 181 185 198 385 593 
8 44 108 307 418 438 523 689 714 
11 6 16 150 231 232 368 449 462 464 558 639 
8 92 335 369 387 442 497 640 753 
12 90 210 433 490 499 522 566 568 617 618 662 778 
9 178 247 254 363 384 461 514 600 688 
12 50 53 68 75 106 328 378 505 528 656 679 726 
13 32 46 53 129 205 268 310 321 428 480 606 720 741 
11 105 106 343 372 497 562 578 585 638 678 748 
12 10 111 225 379 445 491 560 581 582 659 694 758 
7 240 258 282 322 355 463 661 
11 51 84 223 293 360 364 431 454 503 660 683 
9 101 103 133 213 219 241 299 360 376 
6 29 111 281 376 489 695 
17 78 145 147 193 222 231 246 296 334 380 521 531 538 587 690 723 744 
7 75 426 449 630 668 691 753 
12 9 122 156 222 252 295 334 421 424 433 538 592 
4 224 227 332 597 
9 6 14 196 271 433 555 693 740 762 
8 79 156 563 597 626 681 698 699 
5 155 201 223 365 672 
11 139 147 247 263 288 325 434 493 509 524 744 
8 16 140 221 330 386 499 555 710 
13 18 29 43 51 91 197 254 290 375 396 459 460 719 
13 10 16 76 91 110 162 420 448 451 560 722 723 750 
6 80 107 419 424 548 667 
12 104 133 135 186 214 266 271 411 628 660 692 730 
12 12 80 165 252 276 278 329 344 361 385 534 675 
7 68 152 162 333 471 475 748 
8 46 62 411 420 493 509 626 722 
5 9 147 266 686 708 
7 1 124 154 410 557 682 742 
6 196 254 485 520 691 767 
13 3 82 112 137 157 247 255 301 402 514 541 566 672 
13 51 97 108 336 357 430 471 512 528 634 639 677 679 
6 315 369 429 612 690 717 
12 69 211 336 341 348 406 531 532 570 602 660 776 
9 50 100 128 158 327 462 492 733 735 
14 19 67 101 215 248 302 399 411 413 440 459 545 547 694 
8 31 228 309 311 322 416 467 616 
13 72 77 89 154 224 236 248 307 322 488 535 574 614 
8 93 104 177 225 288 526 582 650 
8 8 169 181 259 636 688 715 765 
14 48 149 167 253 312 336 348 388 396 472 496 747 751 769 
5 66 322 345 693 705 
12 25 92 116 165 179 321 346 363 433 476 526 618 
12 36 94 131 215 277 280 322 480 597 685 710 736 
8 206 216 326 398 472 511 590 741 
7 50 164 169 501 563 576 711 
10 17 27 119 135 168 214 320 467 733 778 
6 90 172 262 344 404 713 
8 55 107 191 265 266 316 366 778 
6 44 218 283 350 763 778 
7 69 179 419 488 559 583 643 
19 12 18 48 75 84 137 153 187 209 319 345 397 410 465 573 578 610 669 714 
8 13 65 77 228 245 528 584 673 
8 48 75 230 248 419 464 634 700 
15 26 37 92 140 170 239 272 284 294 456 480 486 705 715 749 
5 2 19 68 283 693 
9 102 173 290 333 341 406 488 554 761 
8 2 150 262 265 524 529 662 763 
8 158 164 215 384 452 655 671 765 
9 30 95 352 393 502 505 516 577 585 
8 75 113 155 186 351 385 514 615 
13 41 158 242 306 418 433 479 565 643 707 714 733 776 
10 79 156 292 303 418 477 526 609 677 739 
9 167 178 202 400 506 533 712 719 730 
13 76 188 265 274 371 397 432 483 518 712 744 757 771 
8 33 215 405 475 498 505 539 614 
13 43 78 166 275 289 301 389 397 451 621 680 689 759 
12 34 67 69 111 449 517 577 587 636 658 676 704 
12 216 228 250 310 338 378 510 511 557 712 749 768 
9 346 434 444 618 658 669 740 750 769 
12 26 46 48 72 495 517 521 533 582 659 665 754 
9 142 245 298 392 475 547 549 565 617 
15 38 90 110 123 209 262 394 478 493 545 567 596 696 724 727 
9 197 212 423 429 563 756 765 766 776 
11 16 83 313 335 388 438 442 481 571 656 714 
6 140 181 375 542 572 731 
9 70 104 126 390 480 500 542 639 762 
15 5 29 102 110 192 337 378 423 463 469 486 489 620 733 735 
9 14 148 310 352 440 498 535 547 691 
9 307 460 501 599 677 704 726 744 767 
11 8 60 152 224 278 291 295 297 470 592 606 
10 108 127 152 211 234 256 334 459 643 660 
6 402 441 452 474 678 724 
12 39 49 227 232 305 389 472 546 594 633 705 750 
7 52 188 519 580 616 738 778 
12 152 190 330 378 392 462 532 626 648 654 657 718 
7 69 86 343 351 555 629 770 
7 73 160 289 327 427 492 646 
13 131 140 152 180 254 284 452 475 491 615 631 659 662 
7 11 59 102 340 627 638 697 
11 46 144 324 369 435 448 454 593 687 746 748 
13 20 25 80 84 139 260 271 321 393 408 475 529 538 
8 121 194 247 323 399 584 626 701 
7 61 301 347 404 486 621 626 
13 217 254 279 289 305 377 432 485 507 520 538 633 669 
11 70 153 156 333 416 424 470 714 737 774 776 
8 31 128 293 299 542 569 636 754 
14 69 159 179 354 358 361 369 386 468 615 622 653 686 711 
12 12 63 145 189 252 339 438 585 588 598 620 723 
13 49 127 223 398 403 540 580 596 618 695 697 732 766 
10 226 227 236 320 347 348 463 476 634 752 
12 20 21 134 288 370 379 393 399 417 557 559 728 
11 91 101 108 122 173 318 362 474 554 594 601 
8 174 216 239 304 443 477 675 741 
10 30 64 75 213 241 265 266 303 457 671 
8 19 44 350 387 406 515 559 610 
8 112 172 196 230 234 306 556 577 
11 139 153 228 401 457 463 531 635 670 679 696 
10 13 135 171 238 344 369 461 511 675 720 
8 11 190 254 382 492 512 729 752 
5 12 267 297 387 712 
13 55 112 161 294 296 416 424 534 554 627 741 746 764 
8 80 147 356 367 466 557 570 704 
11 94 275 311 442 466 506 521 567 669 671 768 
13 9 143 182 290 310 337 355 381 393 429 507 562 616 
8 8 15 49 114 168 284 309 744 
8 217 278 311 377 400 428 458 614 
7 129 269 503 518 594 606 694 
7 31 42 170 376 457 563 646 
8 94 174 293 335 465 468 608 661 
16 9 196 219 261 284 351 354 462 515 526 551 631 667 729 744 761 
9 27 65 195 303 482 563 568 636 745 
8 109 153 206 427 492 597 690 742 
9 54 77 138 409 468 511 584 600 719 
8 132 293 294 315 339 399 540 711 
5 35 60 121 169 396 
8 60 85 105 145 376 416 455 727 
7 96 159 267 293 393 527 600 
10 16 268 392 436 440 460 518 544 546 757 
7 16 105 284 383 525 585 651 
7 278 319 401 429 450 624 643 
11 123 202 243 289 361 391 455 489 593 611 752 
5 216 549 560 593 652 
13 16 19 42 106 320 366 409 431 505 604 613 636 770 
14 19 46 169 204 263 300 431 483 606 620 647 664 710 727 
7 9 106 142 288 461 468 556 
12 47 77 87 153 353 362 422 509 595 628 661 703 
11 24 51 142 173 264 368 435 476 609 678 714 
6 2 15 38 193 254 659 
9 89 181 289 320 567 582 588 655 751 
15 26 31 42 69 155 234 265 280 409 411 489 492 690 721 778 
8 140 228 250 316 323 362 463 597 
12 18 52 184 194 216 275 337 497 522 554 599 625 
9 24 25 38 140 198 352 355 428 623 
11 16 84 99 310 363 385 473 474 494 658 672 
11 50 56 167 303 337 361 586 604 693 741 743 
8 14 162 394 526 563 626 693 705 
8 43 111 168 433 470 556 730 744 
8 42 103 481 526 557 680 704 757 
7 76 147 169 433 469 476 637 
12 60 117 159 420 583 613 622 643 666 681 749 776 
12 153 253 355 358 469 530 561 574 577 586 672 754 
8 213 226 300 339 358 388 636 679 
11 40 65 91 125 132 329 356 518 571 579 770 
7 12 105 173 212 289 597 705 
12 70 101 139 319 339 586 588 616 632 667 668 745 
11 61 229 262 454 500 509 540 605 635 705 766 
9 4 105 173 221 380 413 417 484 571 
8 262 279 335 376 504 533 545 767 
13 15 145 267 284 376 426 466 499 510 546 566 624 661 
14 56 105 144 194 354 397 571 588 612 669 728 733 770 772 
16 14 110 180 244 252 280 338 387 392 448 499 503 594 761 771 775 
12 194 208 311 349 374 404 419 530 561 581 627 758 
6 135 163 549 560 665 680 
9 20 58 89 207 403 512 641 680 750 
14 128 178 268 321 353 414 443 471 516 519 544 574 600 768 
3 144 147 212 
10 64 99 194 270 459 469 648 670 720 759 
11 92 195 246 372 399 428 557 665 682 708 763 
12 109 335 350 372 383 470 511 537 571 739 747 750 
6 90 227 272 358 399 519 
8 10 210 288 362 494 644 718 723 
12 53 70 79 190 215 222 324 431 510 672 750 760 
13 50 53 79 81 239 330 378 472 551 555 558 567 768 
9 99 115 117 237 283 292 322 473 573 
11 33 94 216 231 286 322 328 449 572 610 671 
9 50 85 159 435 549 563 650 691 772 
4 21 88 107 131 
7 19 49 190 196 209 294 443 
12 125 127 142 232 357 376 457 465 504 549 642 756 
11 95 225 280 368 386 387 403 449 610 621 673 
12 41 99 108 177 210 319 386 551 589 693 697 775 
8 3 174 225 295 336 482 497 648 
11 50 89 95 185 190 334 350 404 560 718 737 
17 81 100 167 272 280 288 341 404 436 468 537 594 643 672 695 719 773 
10 164 228 308 310 318 357 448 548 707 743 
9 218 383 450 490 521 615 616 698 715 
9 27 69 217 403 457 496 527 609 769 
11 73 225 247 279 326 351 543 549 553 645 710 
10 65 68 173 188 234 300 409 465 624 752 
13 16 111 178 243 258 496 537 553 558 622 648 667 746 
5 196 276 330 331 579 
5 202 253 346 442 620 
4 74 104 188 262 
13 25 101 106 134 188 197 225 235 316 323 411 478 651 
18 26 60 111 133 262 280 304 377 395 488 529 530 594 615 692 741 759 772 
13 64 88 154 274 301 481 500 515 559 582 593 686 709 
7 40 203 229 314 323 534 776 
7 17 169 255 362 470 497 749 
9 138 412 414 441 520 539 552 599 677 
8 39 125 205 221 312 496 737 779 
16 16 21 177 263 266 274 275 309 331 366 371 477 540 597 602 677 
10 21 48 58 296 339 400 521 525 563 635 
8 54 91 149 222 266 500 672 747 
8 16 166 313 336 431 599 662 773 
6 119 124 183 301 326 730 
3 531 543 772 
12 10 41 75 87 95 305 322 330 554 711 768 778 
11 18 191 218 230 262 329 402 478 515 532 765 
6 89 239 253 287 719 733 
10 121 131 276 321 387 517 681 743 745 751 
8 144 161 263 303 460 535 585 621 
9 90 151 169 358 449 503 573 578 720 
3 197 529 725 
6 14 140 188 271 430 558 
10 176 211 231 369 531 548 639 660 664 721 
9 1 33 76 315 392 435 463 514 645 
17 33 37 106 156 226 249 315 333 347 349 458 486 495 584 593 618 693 
13 30 113 123 131 170 213 315 434 482 512 553 584 653 
15 4 28 129 131 143 224 238 244 248 300 311 399 469 685 705 
15 38 78 123 227 317 381 399 440 467 497 615 652 710 731 767 
4 125 246 280 361 
14 14 70 154 159 178 217 475 496 532 590 630 640 644 730 
9 14 464 491 578 609 638 647 652 677 
14 29 60 96 170 216 243 306 495 548 588 640 655 720 752 
8 82 115 176 190 304 385 541 667 
12 41 150 157 163 339 353 528 557 587 698 744 755 
10 35 83 167 201 312 315 341 540 634 667 
11 156 175 283 341 414 424 483 490 491 544 755 
16 159 189 273 288 290 487 509 560 648 655 673 704 715 729 732 735 
5 421 534 712 724 737 
5 198 202 295 484 664 
8 39 57 66 381 410 620 682 708 
9 19 45 261 274 359 486 518 775 778 
6 71 150 277 553 758 771 
7 266 291 371 481 492 652 736 
5 377 429 451 498 625 
9 83 125 241 360 393 505 554 600 711 
18 56 87 147 167 288 358 437 465 494 519 531 550 647 651 660 712 755 769 
8 113 237 258 374 547 643 648 656 
8 255 336 362 368 403 487 621 704 
11 61 201 263 282 327 393 397 429 474 613 670 
14 127 151 163 204 244 347 373 392 398 620 622 682 700 725 
6 196 290 321 562 690 772 
7 55 63 106 193 316 577 662 
9 130 448 459 479 528 548 582 637 703 
13 44 95 125 143 170 203 230 316 367 372 569 620 693 
6 232 286 586 614 677 720 
15 49 52 160 224 245 250 254 255 261 319 390 485 516 656 726 
12 47 48 144 168 170 246 362 384 389 532 621 636 
16 5 141 153 188 228 229 239 483 565 580 588 627 637 654 736 778 
10 17 54 140 194 258 371 375 681 735 740 
10 3 15 93 124 179 296 382 436 574 740 
10 31 332 351 527 592 636 662 677 690 693 
12 1 49 71 116 147 159 381 530 618 621 633 691 
8 175 315 328 495 616 683 728 742 
12 75 105 170 175 264 292 391 483 648 665 670 730 
13 9 14 25 41 98 155 220 456 537 622 627 740 756 
4 401 472 637 646 
8 12 18 83 191 245 483 752 776 
10 265 317 387 465 467 542 675 700 726 777 
13 3 41 116 186 331 404 468 486 536 672 711 719 720 
11 15 26 123 342 406 421 431 479 613 636 778 
16 3 7 26 56 121 174 249 262 296 387 405 517 534 557 685 691 
14 169 174 222 225 239 240 353 399 455 486 602 642 651 738 
8 12 182 202 306 353 356 688 774 
16 127 130 133 136 179 224 263 291 310 350 371 383 384 532 613 629 
8 98 253 319 468 561 566 654 707 
7 12 158 231 272 312 548 715 
11 16 52 196 251 352 420 518 553 588 623 625 
11 24 47 91 197 203 268 328 356 410 553 741 
14 47 103 166 210 302 319 358 449 467 492 511 558 770 779 
9 80 235 297 505 565 639 654 679 712 
10 77 192 258 310 456 502 511 573 715 776 
19 64 73 74 75 132 185 210 315 345 383 415 428 542 549 570 582 601 659 771 
12 69 109 152 154 157 216 261 343 388 450 578 627 
7 104 146 273 297 300 339 757 
20 7 18 43 56 67 110 143 157 176 241 250 262 285 345 422 501 506 658 705 773 
5 116 129 175 377 465 
16 61 101 151 198 372 429 460 477 597 599 621 645 651 766 768 778 
10 253 296 305 308 329 332 403 480 535 724 
10 49 65 213 227 289 401 429 505 550 670 
13 141 144 151 165 216 315 464 546 561 562 688 693 762 
6 26 414 548 608 649 690 
14 10 38 56 170 192 196 345 355 391 426 566 630 640 743 
13 0 3 29 68 90 98 261 281 313 373 406 653 777 
7 36 100 292 307 339 382 765 
9 16 107 198 323 391 441 617 661 710 
8 98 106 113 254 425 495 594 736 
6 180 270 321 488 688 720 
12 61 303 343 375 387 392 400 437 663 680 687 765 
8 43 193 240 274 396 464 703 715 
13 6 89 242 334 336 409 430 520 538 641 651 681 708 
10 0 40 69 317 410 427 476 574 652 661 
8 121 277 308 331 334 421 593 709 
12 15 413 439 453 543 544 579 615 644 651 680 699 
5 4 299 404 433 515 
12 136 202 220 247 294 346 408 497 582 728 738 777 
8 56 187 275 303 324 342 470 505 
5 80 332 487 497 579 
8 73 95 155 161 414 584 624 736 
8 61 212 252 414 693 703 730 765 
8 79 98 188 228 251 451 640 658 
10 129 230 245 263 282 311 368 490 713 750 
3 382 734 756 
11 17 172 234 277 360 363 368 534 643 689 699 
16 34 57 76 90 225 285 296 305 366 465 477 510 546 627 638 741 
15 19 46 54 61 173 233 377 439 452 481 544 552 554 617 675 
4 104 194 240 714 
9 10 45 59 132 356 459 583 665 731 
12 67 76 214 222 244 306 354 425 566 630 690 733 
6 21 135 255 361 594 692 
12 104 129 154 365 387 417 441 532 586 618 685 766 
11 100 261 328 385 443 495 522 605 635 659 758 
13 47 108 353 359 387 388 461 462 466 508 628 636 670 
7 25 93 113 256 385 445 701 
12 35 101 139 250 312 396 449 459 472 493 535 706 
11 49 213 280 283 437 452 584 627 666 671 689 
3 1 154 199 
5 63 173 259 381 430 
11 98 107 164 179 201 225 270 483 569 581 743 
10 118 239 252 302 418 461 521 582 607 659 
11 223 339 382 402 506 565 610 622 645 659 687 
7 21 192 258 266 316 538 613 
8 110 153 223 342 366 419 424 734 
4 409 419 496 569 
9 173 284 304 346 470 480 628 678 754 
10 20 21 48 241 288 298 326 611 640 726 
10 45 120 203 209 238 401 477 646 658 725 
9 26 95 235 249 470 524 532 757 764 
13 97 199 263 315 324 390 499 558 653 695 734 737 768 
6 292 320 379 507 518 627 
13 34 206 245 298 312 421 461 545 603 620 654 699 758 
7 5 268 356 363 473 618 707 
3 283 497 627 
17 112 125 129 131 132 170 273 371 432 444 459 475 558 607 708 734 770 
8 49 99 363 702 722 728 733 735 
10 45 50 132 159 239 432 475 627 649 734 
8 137 181 381 441 633 648 686 698 
8 5 48 115 493 581 598 628 728 
9 45 53 93 230 355 482 662 695 743 
7 77 215 267 460 567 759 769 
9 155 244 327 330 413 467 649 650 655 
13 67 261 308 359 366 402 442 501 509 543 593 668 704 
8 50 91 153 245 328 426 520 653 
11 13 186 234 253 375 543 583 608 682 718 738 
14 121 144 191 226 352 391 409 416 462 477 513 518 545 624 
6 22 30 321 519 553 608 
9 15 177 188 287 308 356 488 509 588 
9 73 182 188 285 297 383 438 567 601 
9 48 55 142 193 224 336 403 423 488 
8 83 190 273 304 452 466 548 596 
12 27 83 119 140 266 419 467 481 562 567 570 701 
9 12 335 349 378 438 537 608 764 767 
13 89 117 198 237 260 362 498 507 529 587 622 657 766 
11 2 44 72 143 155 241 282 333 382 398 410 
11 79 131 133 229 238 245 282 468 494 549 724 
8 111 202 245 276 348 624 626 636 
7 14 125 224 471 577 655 702 
11 3 23 45 64 138 251 462 526 546 674 727 
8 244 286 343 404 560 632 711 730 
8 14 157 201 222 464 565 593 739 
2 241 570 
8 0 8 339 354 386 454 518 559 
7 122 155 364 379 413 474 680 
11 34 54 100 134 166 262 377 447 455 566 766 
6 141 257 309 509 727 751 
10 243 278 319 437 456 471 606 684 688 699 
15 65 74 156 223 265 281 317 346 471 497 554 677 710 752 763 
11 68 77 107 333 341 376 427 477 556 618 751 
14 139 157 221 227 279 361 389 466 511 563 571 605 677 728 
12 68 88 195 202 250 294 311 438 467 585 636 739 
10 69 77 195 370 484 531 551 558 669 733 
9 97 264 265 285 337 462 559 632 672 
10 97 155 176 253 316 558 574 593 604 641 
8 89 101 119 197 274 582 602 675 
9 48 180 196 228 252 297 307 493 663 
9 42 72 117 148 311 559 579 631 778 
14 3 84 133 196 230 293 431 459 471 493 548 595 657 671 
10 33 42 67 136 223 234 274 658 683 695 
18 128 170 330 334 336 342 399 444 446 447 482 538 605 631 648 660 677 775 
6 23 53 73 104 598 669 
780 3917
7 12 219 542 647 688 712 758 
11 34 121 124 270 287 401 458 508 608 624 720 
10 59 70 123 157 263 267 303 429 468 549 
11 8 45 60 106 171 360 449 604 700 707 771 
13 37 94 215 235 336 482 597 609 619 631 632 638 650 
7 13 31 39 54 310 442 693 
10 41 96 127 149 229 274 276 337 465 758 
6 124 441 544 641 688 693 
9 3 41 47 112 174 406 643 687 766 
12 56 92 221 234 320 368 378 416 429 430 561 604 
12 13 27 103 165 203 384 386 439 446 524 585 719 
12 52 67 114 129 130 157 367 371 387 557 578 720 
15 0 30 86 120 158 174 206 400 409 432 553 557 626 658 723 
17 5 10 29 91 126 137 160 217 255 356 376 390 567 568 573 615 690 
14 34 52 121 195 398 408 453 470 512 586 627 676 742 771 
7 101 179 329 403 442 646 759 
7 52 281 345 400 607 623 744 
9 60 179 182 197 294 302 479 634 694 
17 37 105 191 203 206 252 278 316 341 381 394 448 508 520 619 651 668 
11 95 99 146 169 255 424 454 541 576 607 630 
8 54 67 129 248 368 448 609 710 
12 39 97 229 301 541 546 564 573 608 628 742 776 
10 176 196 286 357 360 383 552 554 564 646 
9 89 257 365 436 600 605 662 709 717 
13 73 133 135 163 186 242 270 273 508 581 679 747 764 
10 28 69 95 144 190 257 375 480 613 709 
3 34 287 588 
7 10 56 108 182 317 490 749 
13 25 130 134 184 292 367 395 468 592 607 650 659 735 
11 13 60 76 110 215 331 383 410 549 583 777 
12 12 61 123 358 398 401 416 419 430 471 503 604 
10 5 39 164 231 308 338 413 523 590 703 
18 38 77 115 122 145 218 223 247 281 439 465 502 512 621 646 676 760 767 
10 209 359 377 401 454 512 597 656 670 737 
14 1 14 26 67 256 291 429 434 467 500 520 536 544 575 
6 90 181 183 346 592 763 
12 55 115 121 146 165 172 184 240 295 506 627 676 
10 4 18 99 241 292 312 562 582 600 756 
12 32 245 413 494 511 581 585 651 670 680 726 770 
12 5 21 31 53 230 268 317 513 617 643 648 714 
12 80 102 137 173 229 249 287 343 510 551 595 661 
10 6 8 51 70 218 233 538 686 722 753 
8 151 291 313 386 417 441 499 530 
9 110 280 324 354 408 507 567 576 691 
5 149 186 316 393 617 
15 3 64 81 112 137 143 224 226 268 387 411 448 604 647 709 
5 166 171 376 448 733 
8 8 127 219 337 364 391 595 703 
10 135 252 302 410 451 465 554 581 636 775 
9 186 221 292 316 499 529 552 673 703 
7 196 210 220 373 386 431 721 
13 41 64 83 125 147 178 433 445 451 463 518 735 753 
10 11 14 16 225 319 402 441 510 548 775 
9 39 236 265 376 412 431 543 708 761 
17 5 20 69 94 126 145 146 186 209 329 435 503 667 677 721 740 771 
9 36 164 179 257 265 344 541 575 770 
11 9 27 82 120 127 147 270 437 659 700 714 
13 190 209 246 303 312 384 420 460 512 545 598 672 679 
8 130 329 497 578 619 641 662 751 
4 2 325 407 650 
10 3 17 29 106 130 135 193 255 476 508 
14 30 101 156 210 222 372 561 585 604 614 618 694 742 767 
16 99 111 122 126 199 218 271 321 422 439 486 490 636 640 669 680 
8 123 141 178 260 488 510 629 640 
12 45 51 291 318 327 367 501 551 584 592 744 756 
12 226 271 274 336 371 476 490 589 599 670 746 752 
5 77 358 397 571 664 
9 11 20 34 219 251 272 385 459 700 
12 79 88 173 188 215 251 342 421 445 464 540 617 
13 25 54 110 224 257 317 385 391 427 541 592 648 717 
12 2 41 73 132 193 197 222 553 619 642 644 736 
8 129 141 175 266 287 290 436 519 
7 227 302 463 491 494 653 696 
11 24 70 155 204 237 320 465 526 614 619 739 
5 85 119 132 146 756 
9 110 157 283 520 527 595 624 665 775 
8 29 132 148 220 234 425 681 723 
9 32 66 242 268 284 418 568 708 712 
7 105 224 225 268 343 491 577 
11 68 150 235 448 476 492 526 541 587 633 760 
11 40 138 147 152 302 335 345 360 470 769 775 
14 45 152 219 345 367 383 388 436 443 456 466 556 565 725 
10 56 108 257 418 432 458 495 598 653 700 
12 51 100 136 150 374 445 466 590 618 653 693 729 
6 115 214 340 345 577 768 
14 74 113 146 154 197 235 410 451 549 591 661 692 739 774 
9 12 89 202 235 341 380 629 680 742 
12 137 166 167 232 277 309 372 433 456 528 733 775 
9 68 151 341 377 410 489 490 562 632 
17 23 86 140 143 232 243 259 300 333 541 618 633 675 698 703 706 769 
13 35 198 204 252 294 345 413 439 491 625 630 719 727 
4 13 136 450 497 
13 9 134 303 378 392 403 453 580 594 615 629 691 706 
12 170 225 245 265 335 442 569 574 638 652 711 769 
8 4 54 150 362 457 464 479 675 
11 19 25 187 196 375 389 416 445 616 625 666 
6 6 138 491 580 617 651 
8 21 101 102 115 229 278 487 568 
4 129 403 533 580 
10 19 37 62 124 216 496 665 678 712 757 
12 83 130 258 314 368 473 501 504 509 618 674 693 
11 15 61 97 160 189 238 264 275 394 517 673 
15 40 97 162 280 458 484 491 537 543 547 564 598 606 674 717 
3 10 245 643 
7 445 521 576 660 671 701 718 
12 18 78 111 163 233 285 358 397 515 552 709 716 
11 3 60 131 134 136 353 359 367 562 634 731 
11 122 132 157 376 383 566 677 679 692 767 779 
9 27 82 209 246 380 416 609 694 773 
10 140 235 329 376 409 489 545 580 586 667 
12 29 43 69 75 130 239 251 355 509 520 542 624 
13 62 105 234 384 482 492 495 540 586 595 599 719 746 
14 8 45 175 245 338 344 425 458 513 552 598 692 707 774 
15 85 129 185 210 244 316 390 436 457 465 501 525 568 679 766 
10 11 202 214 235 471 583 602 670 719 753 
15 32 36 84 97 158 282 417 421 555 574 594 616 618 658 765 
9 131 160 170 203 356 375 661 688 758 
16 133 298 310 430 471 476 487 544 551 622 641 650 653 686 693 760 
6 343 449 451 477 480 577 
13 74 203 289 355 392 516 643 675 692 725 737 748 766 
10 12 56 152 281 293 303 383 430 432 443 
12 1 14 36 210 343 448 470 521 532 544 669 710 
8 32 62 107 133 540 658 706 730 
15 2 30 63 230 275 341 382 397 525 541 576 594 596 709 745 
15 1 7 99 125 302 356 363 432 500 522 597 693 733 773 774 
12 51 124 197 249 268 363 393 532 670 680 706 776 
10 13 54 62 186 194 291 342 417 597 704 
13 6 47 56 275 329 468 525 568 595 639 646 679 736 
6 248 289 519 562 632 737 
12 11 20 71 98 113 134 150 168 193 211 330 557 
17 11 28 58 60 100 110 156 242 266 370 383 396 425 463 489 633 647 
7 106 116 284 359 603 615 628 
12 70 74 76 107 139 376 510 576 585 661 683 747 
12 24 117 122 218 225 244 508 640 651 659 713 769 
13 28 92 106 129 144 205 287 381 391 425 501 581 690 
5 24 48 60 257 407 
7 83 91 106 268 304 344 435 
10 13 40 45 87 143 207 233 256 261 349 
13 80 96 145 266 316 370 417 482 500 592 633 772 773 
8 132 187 208 315 317 612 748 778 
5 89 109 185 563 600 
14 63 71 204 222 251 262 263 270 295 415 428 612 762 775 
10 146 178 185 290 312 329 354 542 576 724 
11 45 89 137 156 199 330 421 501 540 567 768 
15 25 134 149 172 373 384 463 490 539 639 669 689 710 724 768 
9 32 54 138 150 241 264 313 383 575 
12 19 36 54 74 85 142 202 229 271 436 573 592 
8 51 56 80 201 391 442 645 666 
6 76 163 280 326 536 773 
14 6 44 144 226 278 324 332 389 397 478 539 649 723 769 
13 79 83 94 129 145 203 425 534 597 624 691 700 779 
13 42 88 232 254 322 464 508 595 612 631 646 727 729 
11 80 81 120 247 386 390 406 573 747 764 775 
12 161 228 269 296 350 395 398 416 469 478 671 684 
14 85 197 225 228 232 246 281 325 383 428 545 632 665 714 
10 73 183 264 274 321 460 463 472 737 777 
7 61 130 143 391 497 724 768 
16 2 11 75 107 225 336 341 377 452 455 464 490 539 571 582 681 
11 12 115 205 348 350 401 410 491 515 563 641 
8 173 178 214 365 423 598 641 762 
12 13 101 116 240 242 360 413 461 560 563 622 627 
11 153 177 182 261 270 287 314 435 534 708 742 
11 102 203 232 255 340 360 401 500 609 694 737 
10 24 105 148 186 205 242 272 697 699 725 
14 31 55 172 332 359 397 433 442 496 527 554 597 641 659 
12 10 36 284 395 437 463 486 487 587 644 697 770 
8 46 87 201 206 333 587 669 673 
5 87 217 284 380 615 
11 129 255 398 476 551 568 573 612 657 694 707 
7 19 338 431 474 614 665 746 
10 93 116 262 301 316 389 505 672 724 742 
7 3 46 314 464 520 532 660 
8 36 144 164 186 237 328 401 711 
8 40 68 159 355 405 572 742 750 
8 8 12 178 280 284 294 457 608 
8 71 112 250 445 532 642 728 765 
11 22 246 269 280 288 291 305 342 371 390 533 
8 161 241 288 319 365 459 476 752 
13 51 63 142 159 174 447 473 619 627 647 650 657 662 
8 15 17 55 337 397 492 557 736 
9 344 413 458 460 482 574 575 692 753 
10 35 245 370 380 410 463 518 526 617 751 
6 17 27 161 221 572 667 
7 35 155 188 200 342 559 636 
9 28 36 308 317 318 330 472 588 745 
9 113 140 142 199 266 457 639 754 763 
15 24 44 49 54 126 163 172 250 380 419 467 514 520 538 634 
9 95 139 364 422 630 662 671 760 764 
11 68 183 249 341 356 402 512 597 670 677 686 
6 101 200 346 387 428 563 
10 25 57 205 307 342 392 499 668 685 777 
5 18 270 392 717 775 
8 306 332 369 396 415 468 544 573 
8 60 70 129 232 286 310 510 661 
13 126 223 227 236 271 325 374 391 428 476 496 616 776 
7 14 313 333 338 660 697 739 
8 22 50 95 284 317 326 543 566 
17 17 70 85 125 154 277 317 361 377 443 527 542 584 588 743 754 761 
14 90 252 261 298 305 332 340 446 512 517 571 620 698 760 
10 62 143 185 239 255 408 463 474 483 775 
9 183 189 378 380 418 489 500 616 749 
8 147 166 234 288 386 520 651 693 
18 86 114 146 264 366 373 404 457 510 535 542 593 604 694 737 748 758 767 
13 10 18 116 119 150 162 236 249 404 421 501 509 749 
10 73 90 141 267 280 391 410 489 505 640 
11 134 158 163 190 414 470 477 506 574 578 621 
14 12 18 166 260 278 310 345 365 392 450 645 690 734 775 
9 137 375 397 477 582 596 643 719 763 
13 139 244 341 353 410 442 445 451 572 622 658 663 672 
13 33 54 57 108 346 368 406 511 535 557 608 737 769 
7 50 61 113 121 340 507 708 
10 129 276 301 365 416 533 543 569 617 681 
9 276 327 350 366 373 645 678 713 756 
10 410 419 467 512 546 588 658 699 720 762 
8 84 114 159 223 247 339 686 775 
11 4 29 68 265 275 329 381 394 474 489 524 
4 99 231 344 717 
11 13 167 268 319 343 458 599 604 676 680 765 
7 32 41 62 133 315 362 466 
10 0 47 67 81 275 332 352 437 473 697 
8 50 76 327 457 516 612 716 749 
15 9 49 182 275 342 378 475 526 544 555 565 586 620 669 712 
9 61 70 141 270 362 384 527 624 746 
14 32 194 214 254 267 311 364 431 469 482 510 545 638 668 
10 45 69 78 248 273 560 707 708 748 766 
12 52 78 93 133 154 157 261 416 450 483 516 603 
18 45 65 149 237 267 329 404 415 473 500 512 516 632 645 679 684 708 769 
10 72 194 233 236 284 604 641 677 707 755 
9 153 154 365 487 524 575 596 643 691 
13 6 21 40 97 146 408 438 530 691 700 703 757 777 
11 39 123 236 239 325 421 541 551 725 731 767 
8 31 216 248 340 399 430 639 763 
9 87 89 151 154 162 193 312 602 665 
17 41 105 137 227 342 366 393 430 444 488 497 498 511 574 584 630 769 
9 9 76 111 201 294 465 545 595 612 
17 4 79 85 86 109 114 259 351 459 486 503 520 557 598 689 750 774 
12 53 194 203 227 230 265 321 355 375 558 688 718 
8 73 172 226 369 534 652 656 774 
4 101 284 420 455 
16 110 199 230 282 284 298 316 318 352 372 405 426 469 716 720 727 
13 36 160 250 345 417 473 528 567 578 629 657 660 686 
9 37 145 177 250 323 336 357 426 637 
15 24 77 130 160 163 273 278 405 430 496 542 571 592 648 758 
13 89 395 478 498 511 526 529 573 598 660 667 682 692 
7 113 133 208 355 387 437 452 
12 38 93 103 112 181 255 403 615 644 691 695 754 
10 57 108 154 176 253 321 437 441 709 753 
10 32 152 214 362 410 428 482 622 634 693 
16 20 128 224 231 276 341 355 448 465 484 527 540 549 559 565 595 
10 40 125 188 203 362 372 382 626 690 745 
16 175 186 240 241 280 293 336 345 478 501 505 554 684 689 744 753 
12 67 68 110 141 307 320 365 421 486 565 752 755 
15 18 48 90 198 356 407 461 490 526 533 570 600 607 634 683 
4 246 475 585 755 
8 151 223 469 545 563 628 664 761 
11 13 19 60 162 168 199 245 283 329 428 449 
9 34 137 347 407 409 501 510 625 714 
17 23 25 55 69 82 135 264 285 305 420 445 462 513 577 651 681 745 
7 100 290 380 454 468 483 719 
7 89 235 283 392 582 625 773 
8 63 206 374 464 551 666 724 728 
6 137 161 198 225 276 280 
7 141 170 362 370 397 687 701 
12 2 141 366 367 448 518 575 595 709 722 744 759 
13 101 145 155 202 257 274 282 380 440 582 719 733 758 
10 53 55 93 215 236 274 472 474 529 626 
13 71 130 138 185 295 300 386 505 694 711 731 741 743 
12 2 204 223 226 336 435 519 559 638 654 721 728 
14 39 45 77 78 125 136 217 304 325 466 557 561 593 731 
7 153 176 304 495 631 751 775 
13 1 24 56 141 161 191 222 440 446 582 693 722 767 
11 62 65 146 194 350 378 451 498 619 657 683 
6 67 163 334 502 547 742 
9 24 224 242 347 395 481 653 660 770 
13 6 65 155 264 265 336 481 510 515 602 631 667 676 
8 101 123 127 215 219 221 396 522 
13 6 211 212 248 261 394 408 429 446 526 538 579 609 
12 87 197 320 328 383 439 591 595 628 632 727 743 
7 18 97 149 206 242 630 720 
5 393 402 575 582 663 
20 43 102 148 174 176 204 250 261 286 462 486 500 501 587 595 636 662 674 686 731 
11 16 32 120 154 362 394 580 616 653 672 779 
5 115 239 264 403 560 
9 75 255 259 434 553 590 655 667 668 
19 77 131 165 167 174 196 227 238 239 286 397 434 560 575 634 640 738 759 774 
7 105 257 410 550 611 698 700 
12 22 193 280 284 366 368 447 458 517 615 704 750 
15 1 26 40 71 134 161 307 358 461 470 545 569 651 705 761 
8 176 177 201 324 540 597 606 740 
8 119 128 313 335 446 586 627 760 
5 71 142 258 691 710 
10 34 42 64 126 176 378 526 554 564 577 
5 28 37 49 389 551 
7 120 250 306 363 388 435 685 
12 17 90 174 234 324 334 449 499 510 580 724 734 
10 36 141 266 400 411 507 553 689 711 756 
13 153 334 362 375 409 501 533 543 595 617 639 751 764 
4 494 552 681 709 
10 117 198 239 357 375 478 545 647 664 748 
8 316 404 442 449 473 647 684 770 
5 89 266 407 750 751 
11 21 170 211 386 454 585 694 722 730 731 733 
10 17 48 72 80 124 320 634 651 713 757 
9 2 57 92 120 320 556 686 728 732 
8 136 268 269 312 444 539 609 619 
7 176 198 257 331 535 732 733 
7 192 293 488 532 665 677 684 
8 190 251 287 388 445 611 692 773 
9 31 184 361 398 418 466 620 649 771 
6 87 326 335 429 573 621 
8 5 117 193 206 419 440 602 731 
6 223 405 533 549 609 769 
10 37 57 142 232 304 464 503 689 705 773 
7 42 145 195 289 340 594 652 
8 100 161 171 412 454 455 707 777 
13 139 218 346 357 363 448 450 489 527 529 541 575 733 
14 18 44 49 113 138 170 239 299 387 495 574 662 728 729 
12 27 39 69 139 184 196 197 444 466 524 611 627 
14 64 184 239 355 386 512 534 584 604 649 675 687 698 709 
6 52 177 217 365 420 557 
16 9 73 251 277 302 303 433 436 525 531 547 582 586 685 704 754 
10 62 155 236 246 377 490 548 557 586 678 
10 151 323 372 491 519 551 645 669 729 745 
4 241 322 430 638 
8 43 149 288 294 406 612 660 728 
12 59 154 194 230 268 342 371 403 459 514 529 616 
6 148 196 309 406 416 725 
6 64 212 220 353 382 728 
9 172 277 341 402 461 469 571 663 728 
15 15 54 58 109 127 142 215 226 255 349 392 436 454 556 642 
10 129 143 184 483 506 610 659 722 741 779 
6 29 305 340 360 499 733 
7 149 164 192 198 219 342 586 
7 89 166 195 432 594 703 733 
5 272 294 296 513 539 
7 80 93 289 309 530 580 679 
14 4 65 157 241 250 267 274 423 479 512 539 657 736 768 
7 6 47 179 398 463 599 610 
6 31 112 169 195 658 666 
6 214 391 467 476 500 674 
10 84 162 198 210 231 313 331 421 425 701 
13 18 86 88 123 157 188 208 248 328 500 552 595 679 
15 68 126 176 183 190 221 233 325 332 358 367 466 529 542 587 
8 40 78 118 121 217 358 603 624 
11 55 112 136 180 216 477 494 613 632 735 754 
15 16 80 81 84 90 206 240 250 356 367 412 420 525 604 773 
10 35 189 209 315 378 404 443 481 733 756 
10 256 273 348 449 453 488 676 683 719 746 
5 158 347 482 576 764 
7 137 329 594 617 629 647 681 
9 153 158 212 271 423 461 507 645 678 
6 235 472 624 690 724 734 
6 219 239 377 500 530 664 
7 106 208 327 373 380 506 702 
7 43 142 365 378 450 588 687 
12 110 119 173 236 244 248 318 573 603 633 701 707 
9 13 116 124 188 252 345 402 406 540 
8 22 241 298 315 360 464 516 742 
9 30 66 105 287 342 343 459 686 713 
10 33 106 131 164 475 497 501 540 597 609 
16 3 22 80 160 162 331 357 384 389 417 420 580 640 697 747 749 
8 197 308 505 526 537 563 636 763 
12 94 218 222 247 249 262 281 296 514 730 749 763 
9 124 125 293 315 371 439 446 671 746 
8 47 187 223 406 422 528 555 776 
16 23 159 177 206 211 228 251 319 354 435 446 453 575 709 710 773 
10 202 212 233 263 286 464 472 485 700 740 
12 11 28 64 81 106 263 342 345 440 616 618 691 
10 9 20 100 209 286 443 668 670 700 779 
5 192 237 509 590 682 
8 130 138 181 262 414 459 489 760 
9 11 65 176 325 363 613 624 669 690 
9 61 87 239 249 322 537 679 738 741 
6 50 144 202 212 353 504 
15 83 194 260 424 439 484 601 610 638 641 708 712 740 743 770 
11 25 95 116 207 236 296 298 445 611 647 690 
11 13 46 53 107 109 132 439 469 540 637 661 
12 33 88 157 197 321 352 418 421 451 503 512 570 
11 9 92 200 221 271 291 346 354 418 505 630 
4 382 520 611 652 
13 86 108 167 181 186 200 258 264 353 404 733 741 753 
10 18 134 215 439 547 600 611 613 635 735 
7 123 249 327 379 555 581 694 
13 22 29 81 107 120 130 145 154 277 418 425 427 606 
8 10 57 111 144 222 360 420 629 
9 67 69 459 465 536 584 664 718 775 
9 10 42 50 152 201 266 301 318 515 
12 11 45 189 244 316 523 532 564 613 716 744 747 
12 81 293 307 400 424 483 489 603 623 635 676 756 
6 95 149 170 292 360 487 
6 13 113 152 176 464 583 
9 47 69 134 147 156 194 204 339 474 
10 92 119 190 191 206 259 329 618 736 777 
6 44 125 233 279 698 749 
10 18 101 215 276 281 463 478 527 548 738 
10 28 153 165 243 273 428 499 586 646 660 
11 130 192 275 416 426 500 529 559 630 693 750 
15 66 105 123 149 164 179 207 262 284 452 460 481 537 578 630 
9 14 30 153 168 308 337 431 526 662 
3 231 426 571 
7 12 16 295 388 434 440 480 
8 1 30 33 158 162 172 586 765 
9 52 188 279 328 356 463 517 656 761 
12 15 92 98 245 282 325 414 423 500 565 736 762 
9 202 203 226 299 346 380 558 622 628 
9 173 239 242 311 450 559 605 614 754 
10 8 152 209 324 326 356 364 470 516 694 
11 59 135 252 256 300 448 488 609 708 719 761 
10 14 43 199 229 276 452 462 626 628 770 
10 12 109 256 296 496 508 531 534 575 615 
19 29 48 85 88 158 181 204 208 213 247 285 429 439 471 476 537 567 693 761 
7 45 295 508 658 667 678 743 
6 53 314 345 461 561 578 
11 31 38 90 160 180 462 593 625 695 706 742 
9 205 370 403 517 527 579 717 770 774 
7 141 192 226 447 478 686 691 
12 9 30 95 108 153 211 225 326 396 423 528 698 
9 42 115 126 138 240 360 432 466 544 
11 77 82 200 308 377 378 383 434 457 590 631 
8 30 186 213 310 500 631 669 677 
9 57 238 257 319 345 360 384 488 658 
12 68 115 143 203 230 251 340 377 591 649 668 734 
6 62 187 364 500 552 626 
9 159 336 350 403 416 435 528 671 707 
10 19 374 388 497 562 566 599 668 759 770 
10 76 112 130 134 150 340 383 633 681 688 
8 239 241 396 399 473 618 661 686 
11 69 383 452 456 476 502 565 589 595 677 734 
10 141 154 189 194 247 255 395 481 641 750 
9 2 9 34 276 309 410 473 620 727 
10 9 30 117 120 231 233 242 323 505 557 
14 50 53 169 223 398 449 516 562 563 579 589 643 698 719 
9 12 82 120 124 333 417 556 578 683 
7 51 87 164 320 552 562 637 
13 34 283 284 400 418 441 562 576 638 661 687 719 775 
14 54 136 161 267 293 365 423 455 467 476 500 510 535 551 
8 23 71 81 113 146 320 329 628 
11 56 165 219 244 246 447 544 568 642 652 739 
2 229 469 
16 10 32 62 90 277 363 374 376 381 410 445 592 651 714 721 771 
7 264 270 310 367 400 548 602 
7 7 42 52 246 434 602 775 
9 5 15 93 147 164 208 299 530 663 
9 81 120 197 346 368 480 509 654 656 
6 233 304 317 556 668 720 
12 51 68 83 95 104 175 208 257 307 375 439 506 
14 10 198 270 276 289 363 365 454 539 617 631 649 736 766 
8 178 286 415 437 529 665 670 677 
12 18 20 45 46 79 121 248 263 315 407 449 649 
9 3 118 255 294 299 347 431 448 660 
12 91 206 225 315 354 405 470 520 572 574 634 685 
13 48 51 85 118 208 271 377 493 544 570 654 711 740 
8 157 244 397 408 427 499 640 734 
5 14 92 347 365 545 
16 19 33 258 301 314 329 446 478 482 493 515 567 675 681 709 712 
8 157 238 314 435 622 675 689 697 
8 81 87 427 468 595 676 729 771 
10 94 113 174 185 202 220 418 661 688 707 
11 1 82 102 112 180 217 286 564 655 696 758 
9 67 177 235 325 358 370 385 576 658 
11 57 155 180 397 461 478 597 678 698 715 723 
12 160 252 287 328 350 412 460 466 494 547 555 678 
9 257 280 408 413 466 563 575 590 779 
17 51 72 130 144 155 165 181 199 337 394 402 468 474 589 665 679 738 
13 68 94 151 157 171 260 312 357 366 390 506 518 567 
11 6 32 48 73 113 234 248 385 722 739 745 
15 81 83 218 268 308 317 342 417 461 462 510 555 661 772 775 
10 34 186 213 339 435 499 561 623 624 741 
12 2 28 127 192 258 456 463 519 523 564 665 689 
12 153 223 239 254 328 376 438 625 627 673 735 755 
13 14 80 121 205 287 406 450 513 590 637 730 745 754 
8 30 114 117 410 499 514 692 712 
10 155 184 265 351 366 480 606 613 662 706 
12 100 178 219 226 240 299 426 429 480 545 567 667 
11 169 199 215 265 391 463 487 493 548 667 756 
11 221 253 359 492 600 612 625 637 662 711 731 
15 60 65 79 117 168 177 194 339 410 427 435 537 562 625 670 
6 118 205 207 344 500 524 
14 149 153 243 250 298 394 415 454 460 512 514 534 654 671 
8 17 94 336 553 555 583 730 734 
10 25 118 400 443 472 473 507 528 594 754 
9 273 274 346 397 428 528 546 616 646 
13 4 111 138 180 223 247 348 454 553 569 571 593 717 
9 199 225 258 330 388 522 644 761 773 
6 102 248 374 519 645 766 
5 366 637 672 755 775 
8 62 165 235 251 280 524 534 595 
13 97 117 165 228 389 474 512 540 543 628 678 692 772 
10 63 233 306 347 407 420 489 524 623 661 
15 88 109 130 200 204 215 315 370 388 488 550 556 590 716 717 
12 27 62 65 88 144 157 252 321 557 591 747 762 
11 72 78 90 96 102 158 322 546 594 736 774 
9 79 111 179 475 512 584 716 751 767 
7 451 454 474 587 636 663 704 
9 38 72 297 344 461 591 638 729 762 
8 82 111 269 316 568 574 645 703 
11 99 164 194 242 409 573 585 679 707 710 754 
11 58 91 156 233 359 424 554 589 617 620 750 
8 233 243 271 516 533 620 667 687 
13 42 49 190 294 331 395 452 467 471 510 623 676 678 
22 34 124 138 162 200 226 280 339 341 352 396 403 419 422 435 477 544 561 606 643 676 684 
15 64 100 113 134 143 203 250 256 280 296 359 533 642 668 720 
8 32 272 427 546 562 658 674 754 
5 30 54 235 312 377 
7 100 373 555 666 667 766 778 
10 170 204 250 266 361 378 430 590 700 703 
7 36 205 330 353 445 464 665 
10 43 210 295 350 480 582 583 640 649 755 
12 1 18 24 60 133 151 409 411 535 635 672 677 
9 100 110 203 369 443 511 607 702 731 
15 40 52 63 132 193 202 223 256 274 294 435 466 499 582 689 
9 38 209 233 243 509 539 551 602 688 
16 14 32 33 57 188 198 213 226 318 336 377 478 487 492 654 764 
9 39 112 257 334 470 555 677 712 726 
10 186 325 362 471 478 641 725 741 743 770 
9 105 158 274 386 454 719 721 749 771 
9 119 220 225 226 357 406 431 498 746 
8 101 198 286 402 414 613 699 705 
6 51 181 263 464 615 639 
9 71 128 267 322 468 484 525 622 761 
14 18 34 75 110 171 186 201 235 379 450 572 623 670 764 
4 104 121 556 592 
5 124 275 483 643 690 
6 31 387 468 566 639 718 
9 10 215 228 317 477 486 488 595 775 
12 113 123 127 320 345 519 568 631 692 724 735 738 
15 73 79 181 221 243 252 276 291 361 398 551 579 582 703 722 
10 75 164 197 222 248 315 394 414 708 728 
10 87 240 364 416 423 480 481 596 761 779 
12 49 243 265 315 325 342 396 447 591 610 670 687 
6 42 229 335 352 442 710 
4 320 409 539 679 
7 121 125 171 175 306 387 771 
11 98 176 211 252 296 311 498 501 567 647 757 
10 150 161 237 318 409 478 486 626 741 771 
5 202 209 305 435 508 
6 34 148 385 661 683 717 
10 102 361 372 397 410 476 540 612 626 737 
7 41 186 276 585 680 689 733 
12 144 149 157 304 334 336 446 511 531 618 727 771 
11 68 111 122 143 248 288 356 359 376 487 537 
10 19 21 55 69 79 89 123 230 315 689 
7 0 110 142 197 202 242 342 
8 53 102 196 211 296 487 639 690 
15 7 34 117 121 192 221 417 437 451 500 619 641 732 741 762 
12 57 109 154 223 234 254 287 298 453 473 643 685 
8 21 213 481 491 502 703 732 737 
9 102 272 320 381 461 620 672 710 776 
6 52 321 394 440 474 721 
8 2 29 85 248 311 643 676 715 
9 285 489 554 562 564 626 678 713 717 
13 40 64 117 168 230 260 292 322 435 511 526 564 676 
10 22 49 105 112 297 341 422 433 652 697 
10 12 70 283 295 479 482 618 636 662 779 
9 22 48 164 250 291 497 550 561 605 
11 115 221 364 382 461 466 479 504 513 652 693 
9 81 303 329 432 444 489 521 557 673 
14 11 12 129 179 209 235 268 319 321 430 490 556 632 754 
3 236 404 690 
7 183 248 267 396 405 667 746 
8 160 224 282 284 651 676 699 729 
10 9 61 268 412 467 500 554 606 657 731 
13 37 88 106 128 424 431 433 434 476 502 550 582 636 
13 140 158 160 189 254 361 431 462 580 592 624 628 701 
15 21 22 102 291 387 458 468 550 551 592 691 733 734 762 765 
13 81 221 248 251 403 427 567 578 619 627 678 694 778 
9 107 196 424 523 571 672 712 737 744 
12 13 43 143 240 410 454 464 473 533 565 651 662 
12 13 77 97 113 127 168 437 495 525 630 715 738 
8 93 211 287 482 615 690 754 771 
7 252 377 451 617 622 724 763 
12 66 157 198 242 328 399 482 566 625 633 721 741 
7 173 182 208 450 520 641 681 
18 13 21 146 152 168 192 243 309 355 496 579 588 598 636 668 696 699 741 
11 93 115 180 205 233 316 450 495 651 675 700 
15 34 55 145 180 228 263 279 284 315 365 409 462 670 676 731 
14 19 43 104 123 132 142 348 434 459 598 666 674 715 773 
6 78 84 118 257 291 615 
9 11 58 205 240 397 412 432 565 667 
10 276 414 431 526 573 585 658 680 720 737 
11 92 96 98 109 281 294 335 360 563 660 738 
10 24 38 48 134 382 675 692 697 718 774 
13 37 157 207 259 264 270 279 320 507 510 526 562 599 
9 29 114 390 479 507 607 671 677 753 
10 64 197 233 318 385 492 662 685 697 769 
10 10 38 61 132 253 301 496 538 579 615 
12 14 109 111 221 289 320 321 332 395 401 679 713 
11 79 165 166 280 342 493 591 609 677 683 751 
11 26 184 197 213 354 573 648 676 679 731 753 
5 65 427 431 463 497 
9 31 83 283 369 418 462 470 489 505 
7 85 277 421 490 494 529 587 
14 28 35 64 69 138 146 242 439 521 563 564 606 641 720 
5 202 268 413 482 695 
11 92 115 123 313 333 349 480 491 595 724 773 
19 40 47 75 111 127 151 234 248 263 277 280 296 341 427 456 486 524 594 656 
6 123 207 228 528 620 777 
11 4 33 124 126 150 164 188 288 359 460 627 
11 57 82 102 112 159 235 243 573 576 643 699 
8 65 111 217 337 424 582 710 729 
8 23 37 140 252 381 475 676 741 
1 374 
9 114 232 274 310 440 441 511 746 777 
6 131 225 343 355 388 759 
12 3 9 30 45 61 202 217 227 318 345 620 670 
4 23 405 554 684 
9 102 288 383 472 500 561 592 641 670 
6 16 19 28 252 509 583 
6 1 21 174 209 670 736 
11 4 20 108 162 276 304 311 359 407 587 706 
7 330 337 374 529 618 716 720 
8 285 307 317 375 379 381 641 647 
16 139 141 151 168 220 234 324 475 537 640 641 646 673 679 768 775 
10 25 344 371 381 387 472 517 640 746 747 
5 61 73 169 405 628 
16 13 92 131 167 245 286 409 518 569 577 585 643 652 714 715 720 
10 95 115 194 200 281 325 367 481 675 709 
16 39 44 68 96 181 211 296 349 446 497 570 630 662 670 689 773 
12 61 83 89 100 115 367 392 426 539 553 610 649 
13 4 18 58 70 73 178 271 304 544 565 621 658 689 
12 198 221 308 429 497 498 547 596 604 670 685 769 
4 32 205 309 619 
8 117 160 208 247 404 455 519 570 
8 16 388 467 488 499 520 651 702 
15 1 75 110 150 222 343 351 371 467 563 635 674 681 753 773 
15 90 95 256 259 413 469 475 476 571 627 630 634 644 705 727 
9 12 249 265 408 422 534 537 550 750 
12 14 36 160 178 289 317 469 565 597 625 713 741 
14 21 131 254 277 404 408 436 487 563 614 658 667 735 761 
7 63 86 92 240 349 384 750 
12 19 90 187 233 278 378 396 397 568 617 625 747 
9 4 151 269 274 418 419 446 525 756 
11 4 88 128 154 226 277 344 557 742 772 776 
7 79 89 130 138 355 425 571 
12 17 106 186 247 252 284 302 450 625 664 685 738 
7 381 388 508 624 646 726 766 
9 48 62 183 280 361 493 553 562 573 
8 241 376 433 470 475 485 662 701 
10 4 93 223 267 323 374 434 494 668 675 
11 127 144 185 231 296 518 523 543 659 703 760 
11 62 63 133 204 284 360 452 507 612 613 680 
17 7 58 117 158 159 164 227 374 428 514 544 572 592 606 611 612 682 
6 70 175 329 437 501 762 
15 8 39 103 119 207 228 431 500 522 545 549 598 615 690 723 
7 70 165 245 483 625 657 701 
9 147 206 212 226 322 350 484 495 661 
10 15 22 32 127 151 395 481 612 635 678 
13 0 45 130 178 298 299 349 375 533 611 770 773 775 
5 39 69 242 588 772 
8 149 308 318 421 446 448 507 618 
6 4 28 59 117 178 701 
16 18 38 96 133 201 257 287 302 439 560 567 574 623 657 749 760 
9 93 237 313 379 437 552 555 615 773 
8 72 82 83 117 273 281 717 777 
5 267 443 451 478 512 
3 283 458 709 
8 33 237 402 443 595 725 735 770 
9 168 178 240 271 336 561 644 651 691 
14 12 115 122 208 213 338 411 420 459 502 579 619 628 709 
7 28 56 133 164 330 639 718 
11 104 171 195 240 243 273 324 395 449 580 747 
16 40 85 116 132 193 376 426 434 457 466 488 536 645 699 750 777 
15 23 58 178 187 280 316 398 472 475 553 567 584 617 637 663 
8 208 279 328 442 493 662 712 750 
7 66 254 298 352 385 634 704 
11 75 99 154 169 232 306 447 463 468 506 703 
7 95 147 260 338 504 576 747 
16 54 109 182 243 274 283 411 473 474 498 504 559 578 628 719 749 
11 18 190 223 283 368 421 424 444 501 573 638 
8 62 121 144 166 221 322 371 419 
20 33 38 65 114 125 188 368 447 476 520 529 575 604 606 608 617 620 676 752 777 
9 104 153 187 363 423 478 583 698 752 
11 57 170 208 281 485 508 547 566 696 710 770 
13 49 101 166 469 556 612 683 702 706 716 730 733 769 
8 100 102 280 339 502 576 624 763 
11 89 94 119 318 454 455 574 581 616 638 742 
17 14 32 36 217 274 347 388 456 499 500 549 551 560 575 588 600 670 
14 54 107 188 227 306 419 427 447 508 513 583 587 769 773 
13 99 212 321 350 411 460 461 487 499 550 565 646 768 
19 24 57 107 113 127 226 335 341 372 463 496 531 586 588 612 682 694 743 762 
10 38 62 86 125 217 538 579 640 692 778 
10 76 157 211 257 297 349 425 454 572 624 
4 243 369 641 679 
8 132 252 271 347 432 536 587 673 
11 153 226 250 299 306 500 605 690 718 721 776 
11 190 293 320 450 545 584 620 634 759 769 771 
12 41 117 188 214 240 280 303 358 415 426 700 760 
8 8 262 318 354 434 498 529 767 
11 0 7 116 236 425 457 511 690 758 759 763 
12 144 235 250 295 312 455 468 510 538 541 617 619 
15 13 134 206 249 351 371 375 522 543 558 569 643 684 688 716 
11 43 92 150 228 229 245 290 367 415 564 657 
13 85 107 112 119 180 243 307 471 487 525 581 680 707 
15 5 7 83 100 117 124 201 247 270 396 410 555 716 743 779 
13 17 61 108 162 168 202 266 301 382 406 565 679 720 
4 245 413 593 702 
5 72 458 573 672 726 
11 163 165 195 219 360 455 552 581 584 701 779 
9 89 198 285 318 393 416 431 460 671 
7 163 213 517 560 573 598 661 
14 3 56 67 82 150 229 285 366 368 505 574 686 716 727 
11 104 262 340 355 563 637 644 650 697 710 749 
7 353 509 623 673 695 719 734 
12 31 47 49 89 229 333 495 505 526 546 639 665 
7 126 286 320 493 664 714 764 
4 287 312 517 625 
11 89 92 122 125 413 472 609 673 733 749 750 
11 3 112 168 224 227 314 355 423 457 496 692 
9 53 77 161 210 224 226 374 407 527 
15 23 25 45 105 123 246 263 297 318 365 454 616 655 658 752 
11 20 121 144 290 365 496 530 547 599 672 701 
6 93 172 266 295 451 475 
12 0 77 99 221 374 454 471 513 566 663 715 730 
7 133 212 302 358 550 586 627 
9 39 56 154 256 439 615 704 738 753 
7 460 549 568 576 615 712 742 
11 105 220 239 387 489 492 610 673 690 693 700 
14 23 69 102 191 216 414 482 489 536 550 653 718 728 764 
8 104 236 385 523 581 659 684 717 
15 10 90 111 114 207 258 264 347 407 431 434 515 667 702 765 
13 1 11 213 239 278 444 501 579 592 610 615 694 726 
8 50 54 267 439 515 548 571 684 
7 41 263 270 301 330 465 526 
5 12 76 149 460 643 
10 142 144 156 170 260 294 351 525 570 594 
7 81 119 163 230 326 514 656 
5 38 513 635 696 720 
9 90 151 239 277 429 539 625 700 753 
10 175 260 267 303 316 324 327 328 527 717 
8 83 151 316 322 456 494 560 599 
7 122 301 362 470 479 673 712 
13 106 230 266 268 280 301 310 475 509 561 575 588 734 
5 303 305 544 546 739 
15 46 87 124 264 301 305 315 331 333 346 380 538 564 673 706 
11 206 294 351 421 427 452 479 564 702 731 761 
9 28 51 344 381 469 525 628 656 765 
9 70 127 179 336 392 403 446 491 608 
11 33 119 128 155 162 202 209 537 546 566 579 
11 284 372 394 463 525 568 580 634 714 741 769 
6 73 85 195 437 465 732 
6 54 288 366 374 451 774 
14 266 330 372 380 467 514 534 544 571 573 600 627 738 760 
13 14 21 61 86 161 170 173 272 357 413 632 675 715 
8 197 266 277 374 411 514 679 693 
6 16 64 250 263 387 566 
7 123 184 249 257 322 465 470 
10 65 111 169 222 347 363 516 559 602 613 
11 24 132 152 360 387 490 613 630 660 666 778 
5 119 139 202 224 298 
12 27 200 203 220 360 362 393 515 651 667 701 706 
12 173 235 286 300 396 428 497 626 629 661 663 706 
7 58 181 269 296 300 492 587 
6 65 177 251 670 671 709 
14 41 51 114 180 246 250 380 583 588 624 714 727 773 775 
12 185 197 245 320 344 405 470 480 496 502 557 569 
6 227 251 253 469 485 507 
9 37 64 74 212 295 346 388 474 631 
4 99 229 302 533 
8 0 6 116 202 242 264 458 688 
7 15 263 284 424 603 685 688 
12 32 79 117 187 198 289 370 639 651 686 741 764 
12 53 197 254 287 402 407 410 483 519 528 628 734 
11 141 159 213 403 490 494 544 564 642 679 764 
9 35 185 207 231 361 362 570 674 688 
11 24 152 187 296 348 512 520 704 717 760 762 
7 115 175 217 401 564 719 735 
8 8 113 119 224 446 484 504 635 
9 32 61 107 202 230 270 492 687 776 
7 84 143 144 156 336 612 678 
15 80 89 93 133 149 209 226 233 311 584 620 673 677 685 738 
13 38 55 165 273 299 374 408 414 424 514 647 656 672 
12 3 14 54 308 439 456 515 532 534 539 569 685 
5 138 466 487 632 648 
18 108 124 138 148 259 307 312 345 365 483 576 594 617 624 647 652 677 753 
10 85 112 124 235 237 284 414 491 581 740 
21 48 52 75 80 87 141 152 191 199 206 214 269 385 434 441 466 485 524 612 647 753 
8 21 125 194 364 547 632 684 767 
11 29 155 190 229 314 392 596 602 653 661 670 
5 139 504 565 680 747 
10 107 150 281 330 368 462 528 553 693 697 
