770 3812
14 3 4 7 64 114 116 214 229 278 323 363 683 691 761 
11 74 195 211 212 231 333 359 436 624 662 726 
9 107 147 166 227 239 273 473 475 556 
11 0 7 65 153 218 458 610 680 689 691 713 
10 0 22 41 102 351 389 404 595 657 734 
9 98 200 201 249 295 326 337 525 698 
6 18 24 209 457 473 750 
12 0 3 82 97 195 208 280 314 403 418 731 745 
6 269 283 315 517 558 593 
16 81 173 194 230 267 322 370 389 477 501 515 602 608 623 716 745 
7 316 321 493 504 519 669 705 
9 24 49 389 441 447 489 502 597 617 
7 287 499 542 569 616 628 672 
11 21 27 30 115 191 195 233 311 356 580 636 
11 118 239 258 352 553 616 684 699 752 760 761 
11 41 142 145 291 435 507 524 628 663 686 707 
17 47 57 90 143 276 478 557 577 579 632 686 687 691 702 748 759 762 
10 75 93 239 245 428 483 521 614 712 766 
10 6 68 122 319 353 358 571 598 629 720 
15 36 87 105 353 388 486 503 526 570 623 643 693 721 722 766 
9 72 146 262 368 463 545 689 699 762 
8 13 177 244 265 280 422 569 709 
9 4 38 62 63 172 184 188 389 406 
5 219 347 455 515 647 
9 6 11 242 264 374 410 458 525 567 
10 31 37 164 321 344 422 512 630 690 739 
11 48 99 162 220 459 494 500 513 567 712 728 
13 13 56 111 178 179 199 245 456 551 604 618 673 714 
9 48 114 279 340 344 373 475 498 652 
11 157 320 325 382 498 590 595 647 698 708 765 
10 13 173 234 346 351 446 606 651 677 757 
12 25 64 178 307 372 382 426 526 601 643 678 744 
8 67 89 111 224 398 610 673 722 
6 388 409 460 485 635 713 
10 58 168 209 210 372 425 601 626 668 688 
8 71 310 336 369 397 400 528 535 
9 19 140 242 331 478 531 543 662 730 
8 25 69 312 437 516 544 625 651 
4 22 91 254 639 
11 120 186 191 268 332 472 498 505 540 551 563 
6 142 259 291 501 526 762 
9 4 15 223 267 363 468 593 594 717 
11 142 262 288 307 338 342 508 551 562 629 681 
10 47 210 225 232 240 469 471 474 588 761 
8 83 123 169 250 380 394 570 715 
12 51 73 112 163 219 360 469 496 577 624 644 701 
15 69 358 434 453 462 465 484 521 544 573 613 676 726 742 745 
10 16 43 140 162 206 226 270 443 568 722 
9 26 28 139 283 396 417 418 461 651 
17 11 74 82 109 198 209 211 228 360 407 485 497 508 534 619 711 737 
15 95 252 268 284 347 417 423 450 486 505 580 631 706 741 762 
16 45 56 133 183 214 225 325 353 356 363 517 524 653 656 744 767 
9 87 199 211 222 328 610 687 746 765 
7 286 344 450 471 612 680 715 
11 68 102 141 216 217 385 386 553 594 652 714 
8 63 347 427 475 531 589 606 757 
11 27 51 114 283 346 479 585 624 632 670 713 
14 16 105 143 163 213 237 391 406 484 509 523 530 544 653 
8 34 129 143 166 489 563 735 739 
7 86 113 148 230 432 470 744 
7 80 104 145 368 588 763 769 
6 370 415 416 440 485 514 
13 22 73 90 162 191 209 394 457 542 580 591 602 608 
7 22 55 163 267 284 338 721 
6 0 31 87 421 567 642 
9 3 242 284 381 438 501 530 608 693 
12 78 151 186 206 271 397 466 498 534 626 713 742 
6 32 135 142 309 397 588 
11 18 54 87 201 256 402 434 644 677 710 746 
14 37 46 84 130 305 312 366 381 403 433 567 663 747 749 
12 361 365 422 439 456 475 486 529 576 664 682 761 
11 35 124 237 285 309 330 476 495 555 572 622 
9 20 92 103 117 195 305 339 645 665 
10 45 62 126 183 235 241 332 389 459 492 
11 1 49 82 104 177 354 518 520 621 707 733 
6 17 88 120 382 637 718 
12 119 204 405 458 467 506 508 515 559 662 711 729 
9 298 320 361 404 447 487 530 615 682 
13 66 81 85 172 285 331 426 451 514 529 600 613 750 
13 128 156 159 252 269 332 360 427 433 477 499 554 708 
12 60 195 197 238 257 260 389 402 515 561 671 672 
9 9 78 113 167 471 532 534 601 622 
10 7 49 74 95 122 269 337 412 694 705 
6 44 223 289 451 562 757 
11 69 259 262 289 307 336 380 443 445 491 617 
17 78 86 96 118 210 211 282 321 326 366 505 530 538 562 605 645 698 
8 59 85 249 335 446 536 691 741 
10 19 52 64 68 344 388 399 401 427 662 
3 75 537 723 
9 32 114 145 298 359 367 369 377 541 
10 16 62 96 115 290 315 492 591 646 748 
12 38 95 114 140 223 285 306 482 591 621 667 692 
10 72 113 155 228 249 408 512 651 652 733 
13 17 108 158 225 299 352 516 569 602 620 642 684 696 
4 135 622 628 691 
10 50 82 91 231 294 319 362 413 548 707 
11 85 90 104 110 166 383 407 482 588 656 734 
11 7 183 186 210 249 303 332 394 442 526 642 
9 5 142 239 320 422 448 494 647 728 
12 26 357 400 401 409 414 442 477 519 570 572 576 
10 296 306 324 327 341 359 472 523 524 544 
7 195 218 225 232 387 607 764 
16 4 54 247 349 376 428 445 501 517 533 592 672 688 693 726 750 
11 72 110 177 230 269 354 391 450 482 601 730 
9 60 74 96 143 164 176 535 550 598 
7 19 57 108 247 370 573 727 
13 134 149 187 304 387 419 423 492 539 591 600 607 681 
10 2 117 128 249 252 277 280 283 379 604 
15 93 105 121 138 140 268 270 329 352 379 423 557 634 635 724 
11 49 169 195 324 434 467 516 540 562 732 735 
12 96 103 123 143 157 190 240 261 340 473 712 743 
6 27 32 293 340 446 614 
14 45 137 204 255 260 344 460 507 589 644 650 660 692 701 
11 59 81 92 201 205 262 342 385 390 552 623 
13 0 28 56 89 91 115 237 313 318 542 650 696 739 
10 13 90 114 279 437 458 507 534 618 665 
4 0 346 650 693 
7 72 107 215 238 417 468 582 
10 14 85 198 226 229 297 509 516 533 688 
6 76 158 417 441 621 644 
9 39 75 253 262 600 666 694 703 716 
6 108 239 337 496 643 666 
7 18 82 166 180 247 631 739 
11 44 110 209 253 312 407 440 525 578 609 661 
9 71 206 248 271 316 340 429 691 736 
7 164 204 411 470 557 559 601 
6 73 235 297 379 556 603 
14 132 197 264 286 328 333 516 542 563 584 600 609 698 721 
7 79 107 129 190 315 451 762 
15 58 128 142 174 202 210 250 255 312 370 468 486 566 629 653 
8 69 157 169 367 368 433 495 564 
11 141 267 285 364 415 528 630 689 714 723 746 
8 127 198 236 384 385 412 668 689 
11 51 177 199 334 412 478 523 612 645 653 654 
11 106 135 156 258 273 312 430 571 600 721 756 
17 67 94 134 148 150 217 244 276 290 298 321 420 447 468 482 654 725 
9 182 204 240 253 339 363 381 572 665 
11 112 204 277 349 374 379 401 506 529 591 646 
6 108 163 243 329 352 761 
9 48 162 244 306 393 410 429 537 558 
9 36 47 91 108 216 376 473 642 718 
10 54 131 250 445 452 462 549 622 638 686 
21 15 40 42 67 98 129 220 274 287 351 398 436 485 498 562 597 618 631 684 686 757 
11 16 57 58 104 110 168 269 323 438 536 541 
10 180 212 296 439 520 559 638 702 704 746 
7 15 60 89 293 384 439 693 
8 20 175 202 233 311 681 751 757 
13 2 180 218 251 315 369 496 550 559 614 701 729 762 
9 59 135 422 442 446 452 471 496 497 
6 106 271 638 645 654 739 
8 135 157 174 246 262 476 591 717 
8 66 398 450 461 485 607 647 691 
5 237 471 518 662 720 
7 3 273 281 511 592 643 660 
10 272 302 339 342 504 624 661 712 767 768 
12 92 158 161 348 460 462 524 617 631 646 676 750 
14 79 134 181 193 208 222 237 336 410 430 517 700 739 748 
13 29 110 130 150 295 321 374 411 417 534 699 720 740 
19 93 119 155 172 252 369 407 412 454 467 476 486 496 522 657 667 732 748 751 
11 79 187 220 342 353 493 509 517 522 661 727 
8 168 364 413 415 499 508 580 675 
8 155 185 209 212 419 566 649 736 
15 26 47 62 139 261 291 314 340 386 393 418 501 691 699 739 
8 45 57 63 138 264 425 709 725 
9 25 104 125 301 401 490 572 672 717 
7 224 228 349 605 620 738 750 
12 2 58 96 122 379 442 458 629 634 683 685 757 
7 81 221 274 287 414 549 698 
6 34 143 160 266 284 524 
11 44 109 130 187 191 248 249 321 459 526 620 
8 224 308 331 413 452 495 506 729 
4 327 396 428 530 
13 22 78 158 253 333 339 419 428 443 492 506 558 727 
14 9 30 203 210 361 425 525 531 553 556 563 591 642 687 
7 129 150 178 270 310 315 428 
7 146 295 320 322 380 439 638 
13 104 402 448 483 500 503 535 653 665 672 688 737 752 
14 21 74 103 133 236 250 269 331 462 478 541 622 623 742 
9 27 31 174 236 246 600 627 628 650 
10 27 208 211 236 311 339 600 610 662 759 
8 122 144 147 256 436 579 599 746 
9 156 281 327 363 413 474 576 601 633 
11 136 311 327 390 410 466 474 521 676 690 744 
7 51 73 97 316 525 598 726 
8 22 228 331 377 447 489 525 589 
11 161 204 293 322 335 350 353 380 395 577 728 
7 39 66 97 229 335 437 681 
7 106 159 169 320 393 483 631 
6 22 319 370 483 499 685 
6 196 327 352 388 538 575 
8 110 128 197 281 332 363 372 579 
15 13 39 62 169 248 479 506 507 510 605 625 730 734 735 755 
10 214 266 312 313 424 429 469 473 477 652 
12 156 207 373 444 457 477 558 652 676 739 745 750 
10 9 217 343 413 434 449 453 477 536 628 
13 1 7 13 72 80 101 109 214 265 352 491 561 670 
7 189 293 304 343 601 617 744 
10 80 127 190 278 325 384 485 518 711 761 
11 49 118 132 208 210 215 299 356 448 604 753 
11 27 52 133 230 433 434 461 660 674 751 765 
11 5 254 267 319 345 360 452 454 535 678 731 
11 5 68 113 284 303 360 465 500 515 604 668 
12 129 146 247 335 383 391 458 511 638 643 650 666 
3 173 436 448 
11 76 112 125 136 137 185 522 564 572 676 727 
9 113 373 387 466 507 570 631 664 693 
14 47 66 124 223 291 352 391 425 457 517 531 590 659 664 
6 193 371 420 444 502 635 
12 7 156 179 198 322 430 575 589 652 660 753 766 
9 6 34 49 62 123 161 402 660 768 
13 34 43 85 97 129 173 198 260 338 548 700 741 762 
11 1 49 52 85 179 394 624 676 702 712 764 
6 1 144 161 406 640 727 
7 57 309 330 436 574 586 735 
12 0 51 192 195 273 443 453 543 546 694 748 753 
9 117 198 216 222 225 247 319 367 501 
8 54 140 215 373 454 466 601 763 
10 54 135 194 304 323 418 466 532 595 631 
10 3 101 147 271 277 296 306 351 374 638 
12 23 45 241 377 385 400 407 514 683 731 740 755 
14 26 142 159 323 400 424 459 488 498 531 580 631 638 738 
7 167 258 464 486 557 592 756 
11 52 156 215 231 254 264 357 366 433 570 592 
6 41 83 91 206 407 518 
6 32 165 170 267 669 709 
10 43 51 93 101 215 269 335 445 583 626 
10 47 118 253 363 451 453 612 643 704 750 
8 2 259 310 383 393 462 471 553 
17 49 92 165 184 235 237 281 292 390 422 436 482 505 548 687 716 734 
14 0 118 186 278 286 413 466 488 520 662 664 670 676 746 
11 9 59 103 199 249 263 393 467 596 648 713 
12 1 95 222 304 398 431 439 524 593 610 680 730 
15 43 101 254 343 379 409 453 485 498 560 576 592 631 665 709 
8 13 146 238 290 364 402 694 735 
7 30 253 359 481 605 658 760 
10 73 126 228 264 321 358 396 565 577 741 
11 132 177 178 179 248 301 469 533 579 663 759 
9 57 71 114 152 156 228 295 437 446 
7 80 117 233 370 689 714 748 
13 2 14 17 98 121 267 383 423 457 470 476 526 551 
8 43 110 136 287 365 422 673 736 
6 73 219 539 545 597 598 
8 24 36 65 297 362 477 536 581 
8 138 246 357 466 494 541 636 732 
12 21 135 139 256 326 362 403 417 474 490 555 699 
8 17 27 432 459 476 555 596 715 
12 150 178 243 287 420 460 510 538 545 577 619 674 
10 102 105 122 202 215 259 490 606 635 690 
10 124 169 191 236 344 403 437 580 699 712 
15 5 86 92 97 107 169 230 389 447 470 538 570 588 626 710 
15 44 129 141 177 295 314 491 502 546 575 587 599 600 690 768 
7 147 269 426 479 507 712 766 
13 50 79 107 158 264 275 291 303 365 461 570 669 689 
12 120 123 136 172 226 234 277 323 325 341 507 675 
7 38 200 222 232 520 566 632 
9 112 129 386 459 566 595 634 689 760 
7 68 180 244 602 635 692 761 
13 80 264 287 342 361 372 399 446 509 649 669 724 768 
11 14 134 221 403 514 555 572 630 643 708 737 
13 40 84 227 247 380 398 407 466 472 487 516 626 666 
8 80 112 210 423 591 633 641 704 
5 110 162 323 489 723 
8 20 42 84 113 120 150 331 360 
12 230 283 326 341 345 393 445 628 677 689 711 761 
9 24 127 163 222 235 252 257 428 492 
5 21 195 268 375 559 
8 168 192 319 603 716 731 758 768 
18 9 41 63 131 200 224 239 294 324 545 555 570 654 656 691 693 706 761 
14 39 50 108 265 274 362 393 458 466 531 647 714 724 754 
12 8 79 82 103 143 177 225 251 279 316 343 665 
10 47 108 174 285 402 591 600 607 647 683 
15 66 124 149 218 305 413 418 432 524 581 585 606 662 759 761 
8 154 296 384 413 508 683 700 732 
8 2 134 153 214 418 592 716 753 
7 142 167 268 363 426 593 720 
3 252 517 573 
12 16 135 292 414 445 534 555 579 591 648 656 724 
7 107 137 218 253 355 543 702 
6 0 197 229 327 341 425 
9 28 115 269 402 449 508 524 603 742 
11 7 21 107 385 390 422 480 564 568 677 759 
11 153 181 190 228 318 347 406 503 670 703 732 
5 85 412 431 578 766 
9 8 48 56 107 263 471 531 542 762 
9 50 63 65 168 201 333 369 383 620 
11 71 78 91 131 270 363 427 457 639 661 703 
13 53 127 229 328 425 446 465 469 480 506 602 731 735 
12 12 142 167 240 246 257 311 586 669 698 713 748 
7 42 324 552 558 620 672 673 
10 83 84 382 388 507 561 650 667 733 749 
11 90 135 233 308 403 437 464 469 478 508 675 
10 15 40 162 206 252 642 671 714 738 747 
6 228 276 324 556 628 741 
7 111 145 185 196 411 606 745 
13 95 267 352 395 431 451 514 548 584 597 642 651 740 
13 5 157 175 237 250 362 495 516 523 560 568 583 710 
10 100 144 218 272 389 465 501 559 674 688 
8 118 126 242 378 433 541 696 727 
7 77 89 135 539 651 733 763 
9 93 198 338 455 501 589 612 617 620 
6 402 487 563 620 633 687 
10 164 236 338 412 435 506 538 605 707 756 
7 154 445 473 476 552 652 743 
10 97 201 252 327 338 355 381 472 637 667 
11 106 196 217 231 364 368 441 468 531 558 644 
7 69 72 271 436 441 598 685 
9 91 100 139 218 422 578 597 739 757 
10 31 42 84 332 362 419 562 651 687 714 
7 170 290 356 365 555 624 672 
8 67 71 213 448 498 647 715 757 
9 35 174 227 315 339 405 484 492 639 
13 13 146 179 182 287 314 406 436 537 562 611 631 768 
11 37 69 123 129 134 192 322 435 508 534 762 
11 114 192 351 469 510 555 630 693 704 715 754 
9 7 162 250 311 341 548 638 676 706 
12 8 90 128 147 174 310 464 559 573 622 627 695 
11 10 124 183 269 332 411 497 662 735 746 769 
7 381 391 427 457 498 579 586 
11 114 281 366 443 446 492 549 633 701 707 718 
14 18 95 188 200 215 266 331 387 547 574 615 663 679 758 
9 29 77 98 175 187 390 438 568 649 
9 10 25 85 135 157 169 235 354 578 
16 9 175 185 208 312 366 430 522 614 615 616 625 653 672 680 728 
14 0 143 217 220 253 261 352 382 463 556 609 659 661 738 
9 100 109 267 288 292 344 652 692 725 
9 29 51 197 253 356 384 387 551 634 
12 5 85 244 263 406 517 596 621 647 714 733 737 
12 100 171 181 182 189 278 303 391 529 583 616 622 
10 52 127 286 373 504 542 591 665 710 743 
12 108 138 349 407 524 553 554 558 560 691 692 724 
7 71 213 515 626 675 728 731 
10 36 78 170 177 184 262 319 383 641 723 
13 39 73 79 97 190 307 316 412 444 496 538 563 586 
7 1 127 172 284 564 565 629 
7 133 338 355 477 533 636 689 
8 86 185 186 202 225 409 510 622 
9 35 84 156 361 441 456 499 530 660 
9 5 82 121 357 412 484 623 672 738 
13 42 63 210 299 301 303 334 395 413 429 564 602 625 
12 72 136 154 172 179 310 431 441 501 534 664 701 
12 28 110 111 124 162 511 538 557 691 699 729 760 
11 100 253 263 278 314 371 493 631 645 732 734 
12 42 113 154 159 257 375 477 586 588 674 714 738 
10 194 196 232 269 386 431 470 481 665 703 
16 25 28 53 87 112 248 324 361 363 370 512 534 570 622 680 710 
7 200 263 425 462 490 493 721 
5 30 56 116 434 527 
15 23 50 55 281 363 482 508 536 539 586 610 660 670 706 747 
3 155 374 491 
11 102 137 165 329 376 417 453 476 604 647 648 
6 185 370 406 700 736 762 
11 4 30 142 218 313 400 414 461 542 731 746 
15 14 93 108 138 189 195 206 294 323 399 460 464 498 521 582 
9 18 19 51 159 185 533 543 766 769 
8 74 103 321 361 504 552 579 702 
9 277 303 334 393 422 464 621 628 745 
10 13 51 198 308 325 357 499 579 586 646 
8 99 222 243 337 356 491 547 726 
10 18 46 235 370 391 506 631 687 751 765 
9 1 89 100 234 438 581 660 686 720 
11 45 49 79 200 201 262 379 444 677 696 761 
9 70 77 173 257 336 344 354 479 556 
15 95 242 244 268 295 307 365 394 455 493 494 543 640 643 751 
16 0 41 51 136 181 190 226 274 285 344 347 368 408 558 611 679 
9 131 160 233 304 381 410 418 551 607 
13 70 240 252 308 362 398 439 551 556 595 619 634 739 
7 69 85 222 318 322 484 490 
10 89 130 215 421 475 476 494 536 562 595 
8 20 60 130 304 363 576 657 686 
9 35 89 147 158 284 370 371 599 667 
17 9 61 105 129 188 238 344 350 358 369 405 478 512 526 602 692 751 
13 207 341 369 373 478 502 536 541 571 598 640 649 754 
10 31 34 190 257 421 461 563 724 752 755 
7 28 193 205 216 328 371 446 
8 24 137 157 218 348 407 474 769 
6 265 342 447 524 609 677 
8 102 140 349 389 407 426 607 741 
7 89 184 219 513 651 694 754 
10 297 426 428 520 533 565 623 630 641 748 
10 107 108 126 137 166 232 360 528 545 653 
7 44 84 175 185 259 535 635 
14 65 69 136 303 317 364 384 418 434 449 518 595 758 759 
7 29 31 75 289 323 449 482 
8 96 202 227 239 284 331 465 508 
10 132 145 197 272 325 381 405 482 667 722 
10 54 113 132 219 280 514 553 608 675 676 
11 54 162 255 343 401 409 441 442 462 652 679 
13 101 106 205 319 325 397 419 498 539 581 610 668 707 
11 19 33 87 189 289 391 400 408 496 676 729 
13 4 9 11 22 73 80 249 296 376 444 674 707 753 
6 113 182 228 280 320 520 
15 57 103 202 206 317 327 358 388 497 523 603 615 637 702 721 
6 512 655 689 707 725 758 
13 139 162 187 227 230 263 268 355 552 592 609 689 697 
11 44 62 97 211 362 397 436 445 501 692 709 
8 185 294 338 460 487 523 607 688 
9 48 171 235 403 405 502 580 663 664 
14 35 66 67 387 394 474 503 608 613 664 683 713 763 766 
12 32 142 151 231 259 365 422 444 446 563 597 675 
8 87 257 352 428 467 609 626 716 
9 35 99 219 220 351 388 423 544 639 
8 87 99 137 164 386 443 525 714 
16 68 80 176 209 233 270 279 300 472 500 503 562 674 688 731 764 
15 7 69 244 248 258 290 396 453 479 527 682 714 724 737 750 
5 4 77 495 499 715 
6 76 310 370 384 396 425 
10 22 57 212 281 311 326 350 495 703 723 
16 49 96 123 158 219 223 259 329 374 376 446 612 637 754 767 769 
6 92 363 388 502 583 767 
9 33 99 232 335 386 462 600 605 718 
15 24 139 156 182 364 419 476 485 508 552 554 603 604 648 764 
9 125 157 293 316 468 521 607 644 695 
13 82 132 133 158 282 301 332 337 533 556 684 707 754 
13 95 160 170 181 194 229 271 272 338 477 529 655 769 
11 99 167 276 351 435 567 632 648 655 708 748 
10 61 131 160 464 536 582 651 672 673 750 
4 61 432 496 575 
12 48 50 117 119 157 244 349 421 564 587 636 736 
10 7 48 162 217 271 273 364 381 442 465 
7 106 161 172 307 387 410 664 
7 135 207 246 521 717 727 734 
10 64 367 372 417 435 538 571 592 643 666 
18 21 25 70 98 148 228 240 280 306 355 398 500 538 561 623 659 662 671 
8 50 106 108 239 260 400 430 484 
4 192 220 511 713 
12 34 163 173 206 278 286 345 405 491 629 676 698 
12 31 78 251 274 376 378 521 555 584 639 656 657 
6 55 79 87 285 317 652 
13 17 102 171 172 174 264 378 399 436 495 511 526 746 
7 124 139 192 338 523 579 734 
8 134 156 208 322 423 505 506 765 
9 231 282 294 339 343 488 516 519 628 
10 59 245 271 416 453 454 481 514 638 757 
7 69 79 130 199 222 297 740 
11 46 68 109 194 199 346 381 437 469 507 668 
8 15 301 312 414 421 475 627 631 
13 1 142 180 203 213 228 305 311 394 428 571 671 687 
9 37 115 186 237 248 290 434 472 568 
6 65 143 320 359 555 577 
11 70 144 145 175 231 365 449 574 634 729 764 
4 61 123 606 682 
13 11 119 304 305 336 339 386 452 479 504 610 718 759 
13 97 99 148 166 386 418 473 489 513 595 600 638 640 
9 47 84 172 214 318 401 596 674 701 
11 193 207 332 360 389 398 538 539 577 609 667 
13 84 102 141 225 263 276 302 394 459 492 522 763 765 
16 30 86 111 148 237 257 286 318 373 398 407 493 512 598 600 747 
8 11 77 135 184 249 375 543 692 
9 98 176 198 203 309 587 634 673 713 
7 194 279 381 382 439 648 704 
5 50 53 103 151 453 
11 78 83 128 226 294 463 515 542 592 640 664 
8 141 148 170 200 441 598 602 620 
13 46 194 214 226 232 349 403 432 450 568 580 690 740 
6 158 200 216 432 517 717 
8 23 299 362 520 608 633 659 732 
6 27 70 336 458 537 688 
11 6 62 193 206 239 285 317 472 534 547 682 
10 3 24 76 115 166 202 268 456 462 728 
9 26 73 169 220 245 255 445 463 732 
6 33 112 155 246 352 395 
7 48 151 199 252 351 372 513 
15 46 141 155 177 227 345 386 409 458 523 538 579 650 674 734 
8 20 323 451 459 580 688 693 725 
10 221 290 315 352 355 415 479 524 667 723 
8 46 201 286 296 383 418 508 627 
14 66 182 205 216 217 229 243 259 268 494 560 643 667 673 
8 76 109 158 230 399 590 600 634 
8 41 117 129 135 304 411 603 723 
10 43 45 192 236 286 290 313 434 489 696 
9 59 125 239 249 343 484 489 622 723 
10 43 53 81 148 152 227 283 640 656 750 
12 39 100 259 303 402 437 457 512 515 526 587 595 
9 2 6 110 140 192 302 442 549 650 
10 43 181 182 244 374 397 539 625 703 767 
13 2 28 55 70 367 435 480 499 542 562 611 694 762 
12 71 150 158 239 245 302 349 367 410 531 616 643 
15 9 79 99 192 193 194 242 334 342 413 530 537 548 618 653 
15 16 36 133 177 290 370 371 556 588 601 615 635 658 665 699 
8 56 191 251 361 403 441 464 484 
8 280 286 475 517 576 585 655 727 
11 234 343 432 499 509 558 580 598 626 745 746 
12 91 96 103 135 228 347 382 384 505 660 697 716 
10 17 176 187 188 592 632 643 714 724 743 
16 46 57 310 337 366 423 470 479 495 517 521 533 582 659 665 754 
13 33 49 61 142 151 197 232 410 501 573 575 591 643 
12 19 50 70 129 158 221 530 545 597 619 648 748 
7 77 259 300 395 494 497 641 
10 220 229 431 553 562 563 573 585 675 760 
10 11 58 184 261 442 469 470 538 672 702 
9 164 244 247 345 366 582 636 656 698 
10 84 195 250 348 357 425 517 640 668 671 
14 73 90 106 172 264 310 318 445 525 638 640 706 743 755 
8 10 159 341 345 362 446 623 735 
13 26 98 243 362 367 466 487 558 636 663 685 703 726 
11 71 130 170 295 404 406 428 484 563 578 592 
10 45 121 147 148 158 332 388 416 656 673 
7 49 148 316 391 487 718 764 
14 28 29 39 66 142 220 232 309 317 352 387 613 661 700 
14 12 79 160 188 336 356 404 475 481 502 547 613 674 710 
10 26 176 201 402 422 563 603 653 747 769 
15 9 40 65 102 162 215 296 299 339 394 485 507 510 571 703 
10 11 207 250 371 396 408 499 510 651 667 
7 19 176 281 397 402 555 693 
9 10 154 328 354 441 552 568 596 599 
9 39 50 85 228 430 482 592 603 662 
14 76 137 170 172 191 286 301 358 430 586 680 713 739 741 
12 15 112 115 191 205 251 253 289 434 501 550 559 
15 42 49 76 160 272 279 290 312 347 383 410 465 633 675 750 
7 57 118 159 257 481 698 703 
10 191 246 313 335 501 502 612 625 643 738 
6 153 202 340 424 428 516 
14 25 92 344 370 392 446 472 590 613 650 652 703 730 766 
6 26 377 442 461 541 659 
12 61 78 219 258 294 385 432 549 556 587 620 645 
13 9 23 76 80 201 330 451 472 548 551 561 583 686 
17 37 93 109 118 127 259 295 431 511 532 572 588 610 687 689 724 758 
13 8 51 102 156 159 206 275 326 454 480 484 491 655 
8 74 152 197 223 381 522 607 609 
7 10 99 431 528 633 673 680 
7 74 144 229 254 378 390 455 
10 17 46 182 352 411 420 426 484 535 601 
9 158 159 204 322 445 518 561 681 725 
10 57 100 133 295 391 395 429 462 530 751 
13 15 51 100 155 168 231 271 279 329 375 464 527 755 
13 5 24 123 173 183 184 401 492 615 650 659 676 764 
11 19 31 40 97 169 239 370 428 472 685 730 
5 346 403 524 552 769 
5 35 131 379 519 551 
9 70 78 137 327 413 542 634 654 727 
14 57 65 77 85 171 336 477 486 523 602 607 625 687 700 
12 36 55 173 206 220 268 283 304 476 596 681 727 
7 81 217 516 592 594 691 752 
9 102 118 236 334 353 378 412 484 570 
11 49 66 81 115 157 276 312 339 344 457 729 
7 35 104 176 200 380 521 630 
12 86 143 194 242 347 367 371 415 565 641 653 741 
7 88 139 311 456 477 641 724 
13 85 189 246 249 301 332 340 421 422 444 462 489 717 
10 106 241 298 347 387 444 474 540 666 691 
10 39 109 539 542 578 640 655 672 734 739 
9 89 143 177 243 297 371 513 579 688 
14 12 62 114 127 283 328 351 451 475 529 540 572 665 717 
9 36 214 277 353 362 447 591 607 726 
7 37 46 57 100 400 579 750 
7 20 241 246 267 379 486 739 
2 214 250 
7 319 357 457 499 608 662 735 
9 95 210 228 294 314 477 515 711 713 
6 141 167 318 473 514 704 
5 104 147 507 565 631 
11 27 39 42 239 325 364 365 515 528 637 656 
10 113 288 302 354 393 410 504 527 639 657 
12 14 54 173 227 329 385 488 582 628 639 672 731 
6 79 329 410 716 725 748 
14 71 244 245 258 267 276 308 313 426 438 503 668 751 765 
15 2 126 173 292 323 361 365 412 478 514 579 596 642 659 734 
5 16 108 125 221 340 
14 8 139 172 193 288 304 329 363 481 494 595 628 661 703 
11 76 125 144 147 265 296 315 507 643 712 748 
5 232 295 329 466 727 
10 80 195 289 422 515 522 669 684 690 757 
12 42 83 85 109 142 307 311 367 402 475 488 646 
15 39 58 127 173 300 332 372 398 488 495 500 620 651 708 767 
7 130 204 280 333 338 417 758 
7 235 333 378 536 550 599 625 
5 129 161 254 255 658 
7 24 26 64 69 414 728 742 
9 47 280 295 320 437 453 504 691 709 
8 12 21 93 598 646 648 703 766 
13 19 44 99 205 222 249 252 267 344 533 634 646 731 
9 18 134 371 421 436 501 707 721 767 
10 71 99 136 164 204 258 516 542 693 717 
8 46 105 275 315 485 488 574 686 
10 213 319 439 573 668 698 707 728 751 766 
11 189 208 250 416 485 640 667 682 695 698 707 
8 70 99 181 232 368 480 600 682 
10 16 45 185 235 246 438 444 601 644 764 
7 123 282 306 321 495 540 581 
16 16 180 190 236 276 317 354 356 429 462 541 544 556 582 636 744 
16 13 50 62 160 220 248 396 453 463 481 662 664 692 708 743 744 
9 242 271 359 387 578 633 690 718 748 
10 117 352 415 484 490 553 579 631 692 721 
5 225 295 327 408 515 
4 127 294 426 769 
7 56 271 480 488 606 664 701 
12 213 287 317 332 342 347 356 506 649 666 690 747 
10 250 417 448 472 514 624 629 666 668 710 
13 43 60 67 96 249 342 478 516 696 706 710 715 735 
7 55 112 184 208 299 601 732 
6 29 206 467 512 678 693 
16 62 90 91 106 137 150 173 260 270 276 328 485 543 647 693 732 
16 102 153 221 222 232 273 393 421 451 483 495 505 532 625 665 691 
5 8 41 231 274 683 
3 41 54 532 
14 4 29 217 255 365 367 381 442 472 558 643 665 715 754 
10 230 245 326 443 504 531 556 700 717 743 
9 11 142 241 294 306 398 486 626 646 
13 18 104 183 241 305 371 446 452 481 569 643 651 654 
5 180 250 369 504 565 
17 78 106 120 127 134 178 179 250 270 409 442 446 467 576 630 704 709 
13 31 34 81 103 125 181 196 216 478 521 577 589 699 
11 9 62 93 256 286 338 370 452 530 610 620 
10 126 266 279 391 410 468 500 505 670 682 
7 27 107 198 201 349 410 760 
7 85 165 191 234 301 409 657 
9 30 55 247 271 293 440 585 678 719 
12 101 106 151 270 364 376 395 411 518 530 543 638 
7 9 62 65 385 397 455 547 
8 123 127 323 375 393 399 444 518 
12 3 32 52 179 231 347 387 441 516 602 637 751 
6 311 363 475 648 659 711 
7 53 133 226 299 407 510 670 
9 46 78 397 498 499 512 618 622 700 
5 17 111 147 322 617 
8 77 319 322 391 478 525 731 750 
9 12 14 322 327 476 651 700 729 752 
8 11 84 155 196 299 614 624 678 
9 27 115 142 477 613 657 693 760 761 
6 49 246 365 486 693 710 
12 93 165 169 284 288 299 300 452 514 563 602 649 
7 74 91 119 326 355 661 730 
13 71 81 94 141 177 315 327 335 344 470 613 648 754 
10 9 19 113 177 337 378 422 493 707 736 
11 1 45 56 154 211 308 587 617 652 678 697 
10 37 191 322 338 474 510 530 565 592 632 
10 34 66 225 249 259 330 399 481 597 742 
4 178 315 435 465 
11 12 15 94 178 194 263 292 355 431 553 558 
8 18 42 129 166 333 425 587 725 
9 25 131 258 313 378 535 600 715 736 
19 50 122 142 155 187 205 217 220 232 311 341 358 435 550 582 675 724 742 755 
8 16 56 254 414 483 625 717 740 
8 181 260 300 318 455 508 519 581 
11 108 166 255 325 365 439 448 467 529 570 720 
8 33 108 207 247 256 380 478 742 
9 13 243 334 417 490 494 579 641 719 
6 75 303 391 407 551 610 
15 141 144 149 175 202 218 220 314 432 442 492 607 697 739 742 
8 38 285 310 400 426 552 553 687 
11 212 362 371 442 451 471 491 492 540 575 695 
7 260 331 378 487 536 537 636 
10 64 93 97 140 173 291 294 556 655 730 
18 19 31 121 153 202 226 258 362 421 466 476 483 485 510 559 595 598 696 
8 45 68 112 119 304 411 577 682 
7 72 85 133 149 341 514 691 
8 90 137 155 356 562 569 570 597 
11 23 29 98 151 268 270 309 326 349 591 663 
13 230 276 349 410 414 449 486 569 611 622 655 712 722 
7 161 257 320 371 586 620 762 
11 112 114 116 178 202 289 462 473 512 525 769 
14 30 37 48 92 294 298 307 377 415 502 563 598 616 665 
16 28 54 92 192 193 208 302 324 386 427 512 624 667 729 731 737 
11 51 57 129 133 176 322 379 477 500 536 661 
6 133 135 149 267 529 598 
9 392 413 414 480 517 540 642 648 700 
11 51 96 267 276 426 471 490 496 551 694 760 
7 4 158 368 426 552 605 618 
4 234 478 566 677 
13 206 323 422 455 484 513 525 556 611 674 695 699 756 
10 112 153 199 208 209 336 347 359 482 736 
10 123 154 159 285 323 498 558 621 653 765 
14 1 36 76 87 152 179 229 271 316 422 505 547 580 733 
8 15 69 236 319 396 494 647 750 
11 70 205 206 229 339 396 397 419 451 580 585 
16 72 115 136 176 232 269 328 343 478 484 542 592 595 651 735 755 
9 120 121 202 259 421 539 586 587 760 
14 91 158 289 303 369 384 444 464 466 502 575 652 716 737 
10 34 132 201 387 434 491 555 574 587 672 
9 10 224 252 257 287 561 754 764 768 
8 56 195 229 281 347 603 612 755 
9 80 291 422 436 491 723 732 737 762 
14 12 80 102 164 176 288 308 322 337 415 489 540 553 668 
12 27 32 240 288 415 448 466 496 519 689 704 769 
11 199 246 296 342 389 402 443 462 499 659 706 
10 160 253 290 330 385 398 488 508 631 683 
12 46 155 182 193 204 211 229 314 385 388 425 525 
10 30 68 263 280 360 375 658 684 730 741 
8 31 200 590 606 617 624 683 716 
3 319 363 386 
7 3 53 231 322 344 506 519 
10 42 106 146 186 522 531 690 735 742 760 
14 70 77 403 440 457 575 576 603 644 704 715 729 732 735 
9 0 166 219 270 272 397 593 675 678 
9 14 93 142 412 561 677 692 704 717 
6 166 188 305 494 526 710 
8 15 16 141 142 359 368 515 573 
13 16 52 173 228 300 307 358 436 516 530 639 712 738 
10 34 102 118 176 296 395 402 456 463 541 
13 3 20 131 132 238 252 255 263 334 392 393 516 673 
11 25 182 247 250 453 561 581 586 681 713 716 
17 0 3 16 86 94 124 151 162 267 329 340 532 539 568 592 645 765 
13 91 112 256 324 329 370 394 447 580 582 684 701 728 
16 19 65 102 116 145 205 267 313 463 503 572 590 591 618 619 736 
7 82 120 214 233 377 475 656 
5 315 411 575 640 659 
7 93 114 297 360 469 588 643 
5 393 482 624 638 706 
14 5 29 85 127 167 287 425 490 509 574 575 714 718 727 
13 14 20 157 162 244 248 340 478 601 659 709 752 766 
13 156 210 272 350 498 530 596 613 616 655 713 718 726 
8 45 112 147 318 339 443 585 692 
7 16 144 211 277 354 391 489 
13 120 281 285 343 406 474 494 501 509 512 558 569 714 
11 144 226 260 313 449 549 600 673 682 684 755 
2 10 82 
8 50 267 314 347 492 588 674 697 
16 15 74 95 301 318 387 389 392 412 571 574 575 623 717 735 760 
6 29 79 258 414 563 580 
9 21 163 224 232 394 568 600 699 742 
11 68 249 295 328 344 499 587 588 619 685 765 
7 49 76 197 263 548 611 734 
10 17 26 110 154 211 248 251 559 648 687 
13 3 33 56 66 230 287 397 424 448 506 548 690 700 
15 27 54 131 238 268 291 307 326 342 401 403 483 698 703 743 
10 44 53 245 309 313 404 588 595 630 682 
12 9 120 228 266 273 399 482 554 667 678 690 761 
12 41 150 164 420 454 538 542 572 596 632 684 707 
9 75 140 318 409 441 497 581 698 700 
4 606 636 726 769 
6 18 152 157 274 359 634 
9 19 63 127 134 345 391 571 582 741 
6 19 32 47 384 648 764 
9 88 131 261 331 406 464 468 470 671 
11 108 257 268 276 329 372 403 483 516 537 631 
8 135 163 324 392 463 522 554 629 
9 1 46 102 183 357 494 543 700 719 
13 105 159 172 204 212 297 420 480 529 531 560 698 735 
9 26 98 185 322 330 458 567 574 692 
11 76 147 170 340 388 439 534 616 652 682 736 
10 36 103 191 231 512 526 621 642 677 739 
13 7 200 219 266 286 330 351 402 553 570 615 652 734 
14 109 158 243 272 281 341 455 459 589 591 671 682 751 756 
6 74 92 289 298 326 662 
12 4 96 191 228 341 420 429 462 540 556 711 731 
15 58 109 191 213 233 286 316 493 547 588 665 681 682 707 727 
11 124 161 240 350 417 623 630 660 693 729 747 
9 49 176 258 326 403 652 667 671 765 
11 165 220 291 323 337 342 510 687 749 762 765 
15 25 58 114 122 149 156 162 193 306 365 506 540 545 638 730 
6 157 219 294 433 453 632 
10 50 86 210 235 292 376 506 536 677 721 
11 46 66 177 279 567 626 631 635 638 681 709 
9 110 302 328 483 492 580 596 714 750 
7 31 51 59 182 196 579 580 
7 7 9 46 193 293 355 481 
10 52 68 131 144 180 229 316 351 428 481 
7 69 291 347 446 500 586 736 
14 16 90 156 158 214 238 287 378 414 486 554 559 581 753 
3 69 289 738 
16 6 78 102 155 165 193 226 403 415 471 508 544 615 663 743 759 
12 146 158 199 358 362 370 523 555 574 610 732 755 
6 14 176 372 532 616 699 
6 198 208 214 273 389 748 
12 268 313 371 377 407 412 484 595 622 669 755 760 
11 191 219 372 492 524 631 665 670 704 751 754 
5 134 221 301 659 732 
10 30 55 83 142 146 166 306 309 432 561 
6 266 319 381 392 516 564 
9 16 179 236 271 280 381 441 750 760 
13 14 234 255 340 488 604 618 656 666 681 707 754 759 
13 0 14 43 70 138 197 256 263 267 271 360 618 716 
14 16 20 40 50 128 147 210 283 312 350 475 649 671 738 
5 60 216 298 397 445 
10 101 211 402 410 439 497 525 577 669 722 
12 29 52 199 358 430 445 555 661 691 710 737 738 
11 17 19 208 251 282 353 397 512 569 574 699 
7 51 154 407 408 474 563 571 
7 154 209 250 257 266 311 669 
12 60 316 353 374 407 413 500 527 584 650 673 719 
770 3854
15 80 96 337 361 381 406 432 483 498 537 545 546 723 748 754 
5 150 216 302 464 585 
9 67 206 215 224 257 368 429 531 728 
11 14 82 280 282 292 339 502 507 576 602 752 
10 117 200 239 358 402 434 570 598 610 692 
9 104 180 378 388 427 632 679 706 741 
8 83 120 181 203 339 459 548 621 
4 31 91 524 749 
11 119 145 281 288 309 312 343 432 549 585 595 
8 13 69 79 120 476 479 505 736 
5 103 122 329 652 757 
13 40 64 110 164 251 254 400 417 531 588 638 738 754 
11 93 209 220 273 307 413 417 453 579 618 699 
8 9 178 215 230 276 341 530 619 
11 3 19 115 122 186 227 284 405 425 526 672 
13 33 45 55 67 68 74 86 223 241 249 264 520 652 
10 150 271 326 357 379 459 504 506 567 695 
3 236 374 691 
9 43 140 187 192 311 317 382 444 676 
15 14 33 163 207 286 346 382 511 524 610 658 668 706 719 720 
11 102 145 323 337 413 475 513 694 696 749 756 
12 86 147 281 382 397 444 459 460 487 697 701 717 
11 140 161 303 380 436 470 508 524 556 750 759 
16 36 157 161 230 262 327 399 461 496 507 530 587 625 726 746 760 
9 192 193 198 240 315 424 442 511 585 
13 44 54 99 116 158 232 273 322 388 417 511 589 739 
7 70 109 183 313 426 482 711 
11 33 88 295 311 432 510 629 632 647 744 752 
10 188 343 403 507 575 661 673 676 722 748 
15 46 71 111 124 178 238 250 349 381 398 585 589 636 659 745 
10 175 205 292 327 358 381 564 577 639 758 
8 7 140 220 381 482 569 627 759 
11 94 334 339 357 366 401 421 535 569 726 746 
13 15 19 27 100 171 174 197 366 368 378 460 659 719 
12 92 200 271 435 440 497 544 552 663 723 725 753 
13 42 98 126 129 364 437 535 603 620 638 679 705 754 
8 23 67 134 252 357 490 586 664 
4 185 486 706 758 
4 101 236 409 668 
14 70 74 124 232 307 335 408 532 547 590 599 675 750 766 
9 11 71 176 292 344 371 510 544 738 
12 43 105 340 380 383 398 401 412 453 485 586 769 
9 35 167 234 311 341 416 526 593 706 
18 18 41 62 101 139 146 169 242 247 271 305 463 489 526 536 645 670 700 
12 25 59 66 254 404 422 446 499 557 642 701 715 
13 15 58 133 322 357 495 500 533 566 586 602 610 641 
6 29 177 268 270 433 679 
12 128 163 223 229 254 273 280 292 348 403 614 735 
9 63 228 370 421 441 550 691 711 729 
7 165 395 563 644 661 731 735 
10 82 101 111 157 201 224 401 439 488 684 
14 70 96 101 167 272 294 329 365 421 441 479 535 702 743 
7 70 136 264 283 431 446 751 
11 183 219 250 385 525 547 620 651 675 733 764 
8 25 212 365 535 579 609 663 762 
8 15 108 117 232 425 462 592 669 
12 180 361 378 409 434 440 521 523 565 684 708 745 
7 189 232 294 484 489 694 766 
7 45 340 466 558 676 703 730 
6 44 224 332 495 612 662 
12 61 102 116 205 232 287 426 557 567 602 673 697 
9 60 172 202 225 346 376 598 612 622 
10 43 68 81 126 416 487 506 548 570 601 
10 48 150 162 168 180 235 452 470 669 763 
8 11 141 180 249 287 514 701 730 
13 137 173 192 304 469 522 555 580 612 631 632 672 695 
12 44 112 218 286 450 460 504 523 554 671 686 764 
12 2 15 36 70 149 346 380 575 610 648 655 675 
9 15 62 97 264 486 527 541 739 758 
13 9 95 152 161 233 269 309 361 394 447 521 528 700 
13 26 39 51 52 67 200 368 394 449 490 512 533 622 
8 29 40 218 300 543 718 742 747 
5 108 170 391 423 734 
14 93 147 159 309 498 522 541 551 555 631 679 704 753 765 
16 15 39 81 85 158 177 230 280 381 398 445 449 595 599 628 639 
8 104 122 159 241 469 491 610 621 
10 294 321 330 370 504 554 587 595 747 759 
10 251 296 299 361 396 501 515 614 624 695 
8 80 86 124 396 405 444 618 711 
7 9 288 320 341 454 528 769 
14 0 78 170 179 264 279 306 342 433 512 536 555 631 708 
12 62 74 223 337 370 430 498 504 540 654 705 761 
10 3 50 143 208 267 328 332 357 688 754 
12 6 91 93 185 286 298 332 423 444 447 593 676 
5 406 481 642 670 673 
9 74 148 191 356 405 438 521 666 727 
10 15 21 78 132 137 257 308 342 355 369 
5 297 355 402 528 765 
11 27 91 159 188 229 339 399 415 487 501 692 
6 268 310 531 557 573 707 
8 178 318 322 416 535 536 579 654 
8 7 83 88 124 210 483 525 568 
17 34 104 132 139 148 182 197 243 289 416 493 502 507 657 690 700 715 
12 12 73 83 149 448 454 529 596 722 744 760 765 
10 32 138 145 158 168 258 267 427 507 656 
11 69 143 157 183 220 323 378 425 521 557 571 
12 0 51 122 193 214 338 366 401 441 477 558 657 
10 68 111 116 348 539 578 611 619 662 700 
12 35 204 245 343 385 455 486 533 568 576 689 722 
10 25 158 197 446 497 559 646 675 676 741 
10 33 117 149 212 273 296 368 573 615 682 
13 38 43 50 51 204 240 273 352 353 425 495 693 696 
15 20 60 118 129 145 186 219 427 504 519 561 584 589 592 655 
14 10 107 113 161 203 254 322 348 400 534 539 628 636 733 
6 5 75 92 382 429 753 
13 41 164 258 333 347 358 408 535 549 570 584 646 661 
12 148 203 223 243 313 420 547 552 616 630 689 747 
7 103 151 363 458 465 480 676 
11 55 72 211 220 399 413 440 469 640 649 690 
7 26 185 234 538 627 664 698 
8 11 171 172 185 299 348 557 638 
7 29 50 97 222 496 626 673 
4 66 240 332 612 
14 103 125 138 172 217 269 397 453 507 612 640 643 648 757 
10 158 177 322 351 400 426 437 556 679 764 
11 14 181 347 465 643 669 676 722 728 732 749 
8 25 60 97 130 138 206 249 453 
6 4 55 100 199 676 752 
13 102 156 240 251 281 298 365 417 487 539 612 651 769 
10 8 156 313 320 408 411 413 630 636 644 
11 6 9 190 262 359 422 432 457 638 676 683 
11 218 329 331 344 365 419 431 532 569 703 739 
12 10 14 75 96 285 370 449 486 581 675 722 755 
9 189 245 280 286 367 499 608 620 724 
9 29 39 78 91 233 244 266 348 626 
15 113 132 230 240 243 288 334 343 347 467 494 590 660 753 759 
15 35 62 197 230 285 324 370 464 479 546 567 623 648 682 754 
12 186 232 253 261 297 321 364 475 562 663 675 696 
9 47 291 403 422 490 539 573 642 766 
15 35 102 261 265 399 418 438 460 462 502 609 638 667 677 710 
7 116 224 243 529 556 626 663 
16 190 202 322 363 368 379 436 443 514 533 542 545 568 578 585 652 
9 86 92 125 259 365 367 393 396 493 
14 45 143 229 295 332 456 583 615 632 665 677 688 706 751 
9 36 146 245 257 267 347 394 396 407 
9 198 331 436 458 509 520 532 657 698 
6 52 145 552 670 718 742 
14 65 86 172 266 311 377 418 433 561 577 612 630 632 745 
13 94 113 116 150 185 362 416 423 492 560 582 657 753 
13 43 92 163 203 204 281 333 352 447 477 616 754 764 
11 18 22 31 161 231 294 302 399 450 525 705 
8 64 184 407 461 600 657 700 727 
8 144 151 184 241 404 445 675 718 
12 82 95 133 162 267 314 330 348 373 391 510 737 
10 142 360 446 470 574 587 600 629 667 693 
9 8 20 94 102 136 213 227 512 587 
8 43 134 208 220 233 391 628 762 
10 21 73 206 215 291 313 377 494 501 520 
16 85 92 106 163 276 295 306 314 368 424 444 505 587 681 691 725 
8 67 93 100 181 261 370 581 731 
7 1 16 63 138 616 652 692 
9 107 142 165 515 579 605 628 633 721 
5 69 541 662 712 766 
11 197 262 280 372 413 552 553 607 628 735 737 
4 417 553 583 629 
9 393 430 672 690 719 730 731 738 763 
10 118 119 270 283 467 617 630 638 670 677 
12 23 50 95 170 192 209 234 422 456 604 672 715 
13 25 74 94 99 114 235 326 406 445 472 673 689 712 
15 73 75 88 303 314 393 420 469 569 599 619 640 654 698 714 
5 196 219 268 338 530 
11 22 23 69 103 140 182 209 251 416 553 572 
7 63 143 206 396 447 650 671 
10 19 47 139 148 193 310 356 479 526 566 
12 11 105 198 281 333 379 387 444 452 533 594 704 
9 49 151 174 220 283 505 614 677 704 
12 168 177 256 337 359 427 569 613 700 717 736 751 
9 42 51 230 232 377 516 520 536 703 
16 63 94 166 276 293 304 316 383 424 451 505 550 553 571 624 633 
13 43 226 239 377 405 408 412 426 461 505 563 608 725 
13 72 80 157 213 246 295 388 469 479 526 665 668 677 
6 33 110 344 384 621 727 
14 61 110 113 137 357 401 480 591 596 632 707 710 719 745 
10 65 198 230 241 340 485 628 630 681 690 
11 33 165 176 200 248 326 478 483 519 670 728 
8 30 309 352 473 570 572 690 743 
13 40 174 198 297 300 359 364 532 537 616 625 642 669 
13 46 74 114 166 198 297 471 505 583 612 635 720 740 
12 13 29 90 190 289 398 483 526 591 610 647 677 
6 80 512 514 540 602 762 
15 5 56 63 64 200 238 274 283 337 368 395 438 482 500 739 
14 6 115 149 262 304 330 353 354 454 511 564 637 681 686 
8 92 161 226 277 480 562 566 722 
7 26 53 95 203 299 337 534 
12 141 142 200 343 421 496 513 518 557 602 639 652 
11 37 83 109 110 138 309 402 445 585 636 717 
11 14 102 127 259 298 313 386 502 669 721 739 
7 18 337 393 487 543 555 683 
7 28 88 235 286 377 450 760 
5 57 123 430 480 647 
11 120 131 178 238 246 279 381 385 395 558 709 
5 85 377 572 659 769 
16 18 24 65 157 278 315 399 422 433 441 444 458 495 524 543 686 
9 24 96 163 420 467 498 544 638 655 
3 356 652 678 
9 250 258 278 281 288 293 568 628 723 
8 160 215 394 601 670 715 717 739 
14 33 92 99 126 153 259 260 377 438 528 653 663 693 746 
11 24 135 164 173 176 177 230 238 329 463 530 
6 117 311 406 523 535 677 
12 4 34 70 174 180 184 325 402 669 678 679 691 
6 50 265 381 538 586 653 
7 61 131 277 459 574 583 663 
12 6 103 106 139 183 227 266 314 361 367 385 481 
11 98 101 139 238 296 504 536 545 634 638 714 
12 30 60 242 257 303 413 498 571 578 587 691 702 
9 2 116 147 162 274 315 356 491 722 
8 19 262 297 347 454 623 640 732 
6 82 146 252 374 699 757 
11 12 157 161 315 341 378 405 424 477 553 582 
6 91 268 322 346 546 697 
12 108 286 290 299 334 388 437 454 491 539 559 679 
7 54 100 282 403 423 428 750 
9 145 170 231 273 401 434 443 660 683 
10 96 421 461 505 521 587 671 686 728 732 
17 2 13 147 196 333 344 351 423 432 469 476 503 511 617 683 688 742 
10 1 238 316 378 437 453 606 661 672 681 
7 113 421 603 605 643 714 725 
8 66 71 121 290 423 486 540 638 
11 53 102 160 222 353 395 543 645 652 683 736 
20 12 31 95 108 146 165 240 265 272 323 334 424 467 478 488 497 542 555 710 727 
7 259 267 507 600 613 724 743 
5 111 219 275 291 426 
16 15 47 81 106 228 284 291 320 388 392 435 647 665 697 732 752 
10 2 50 59 130 234 292 487 532 576 617 
11 61 232 245 267 347 452 466 513 589 633 685 
13 169 182 239 251 308 340 343 349 470 520 556 561 570 
12 14 145 203 272 294 332 437 461 483 534 663 695 
5 48 223 294 461 662 
12 47 88 133 258 283 347 398 515 525 551 599 663 
17 13 23 74 125 126 167 173 198 286 337 360 376 383 655 688 723 766 
11 140 213 448 457 505 550 584 626 696 737 758 
13 25 39 55 57 60 127 167 225 263 289 313 405 752 
12 69 124 146 305 359 369 423 475 488 568 583 618 
6 42 109 157 224 353 466 
10 63 158 188 305 418 469 493 608 749 754 
8 17 38 293 297 382 493 540 644 
5 481 538 558 643 679 
10 29 180 190 198 204 216 372 561 691 750 
10 4 169 226 316 420 453 537 604 640 737 
17 24 101 112 118 125 220 259 277 288 298 319 353 402 445 560 652 674 
12 15 75 142 173 289 386 508 572 585 629 682 749 
10 43 205 260 273 301 336 429 459 594 619 
10 92 106 125 130 380 527 528 568 586 635 
9 124 265 299 332 365 452 639 669 731 
19 98 123 134 225 282 293 351 378 390 394 510 523 557 562 586 647 663 666 714 
7 170 190 511 548 584 614 662 
8 43 301 423 460 511 532 579 627 
11 174 373 403 495 656 665 668 722 742 750 753 
10 15 64 116 319 415 535 545 719 725 761 
8 29 53 195 271 363 422 453 662 
9 11 77 118 161 226 268 364 654 717 
14 36 208 423 447 474 511 525 569 578 579 592 655 665 711 
7 127 334 404 575 655 705 722 
12 11 44 47 103 398 490 598 625 642 659 696 737 
8 314 375 399 433 489 523 543 726 
5 166 343 373 566 731 
10 2 86 134 205 337 341 459 510 646 681 
14 94 105 195 229 537 539 553 571 573 607 627 660 681 724 
12 132 186 197 221 240 461 465 472 534 629 701 757 
14 197 242 303 342 353 404 432 435 461 563 636 649 670 739 
7 127 129 149 442 615 620 747 
13 23 120 153 181 207 265 331 377 406 427 483 593 766 
13 232 343 363 376 391 394 438 463 525 532 547 557 755 
8 15 52 68 80 282 332 347 684 
12 129 201 220 244 262 328 540 569 616 620 679 711 
8 124 137 203 276 392 396 664 708 
13 82 94 134 143 221 225 347 395 413 467 607 619 678 
17 46 89 160 210 251 291 356 370 463 480 499 542 555 564 574 580 610 
7 69 113 407 417 427 671 735 
13 46 156 291 355 368 411 420 553 576 580 629 759 764 
12 16 34 43 250 321 330 412 425 470 526 591 670 
16 51 220 227 360 363 491 542 544 596 625 661 668 705 735 742 769 
10 12 25 47 100 101 213 242 322 640 750 
6 180 206 425 664 740 758 
8 222 329 365 462 508 554 653 674 
10 13 148 168 266 541 602 662 664 756 765 
11 182 202 240 388 477 549 570 590 705 730 747 
10 192 195 307 371 445 475 539 605 695 769 
7 80 190 293 308 544 628 737 
10 3 47 74 123 153 438 481 590 629 749 
13 8 21 118 139 164 195 351 438 553 611 615 681 685 
4 3 212 245 264 
10 52 156 165 180 229 311 319 346 636 650 
13 14 223 346 347 428 498 555 575 689 702 724 739 769 
9 122 126 293 391 451 593 730 744 769 
12 19 66 83 123 188 211 230 316 514 516 571 668 
7 60 64 368 373 459 578 767 
15 8 79 125 195 240 303 323 333 335 440 539 623 663 742 758 
13 92 178 232 241 345 352 439 460 601 619 692 696 728 
5 211 218 387 470 661 
11 128 147 222 223 268 270 319 439 463 637 643 
14 3 30 40 47 224 302 413 442 487 578 606 679 726 747 
11 168 195 236 245 279 285 371 409 435 593 761 
10 51 57 76 140 227 228 331 526 637 685 
9 27 133 148 170 297 469 476 586 657 
11 77 100 204 329 358 363 450 479 515 524 748 
8 87 127 176 177 207 236 295 402 
14 83 118 186 240 306 320 341 358 438 450 491 521 734 742 
13 77 110 183 211 244 327 383 535 539 572 576 671 687 
4 71 176 606 696 
7 242 247 401 410 583 590 671 
14 1 140 292 326 502 526 540 541 627 635 676 702 714 726 
13 22 159 205 260 288 305 434 466 549 652 688 725 744 
6 65 168 181 386 507 664 
7 43 233 235 303 570 689 726 
11 80 148 298 328 340 341 454 565 602 728 743 
10 12 39 278 340 346 444 465 480 610 750 
11 86 226 279 350 437 439 598 600 679 690 749 
12 8 69 73 175 185 387 476 522 571 622 725 734 
8 89 163 350 374 456 510 566 620 
12 18 27 42 137 199 283 378 435 444 578 641 663 
5 8 317 457 498 631 
8 26 106 119 147 186 232 595 614 
10 143 148 159 203 255 315 463 491 501 514 
8 24 192 206 209 314 359 521 762 
8 168 216 239 286 366 391 438 688 
9 18 312 360 370 485 535 546 616 760 
7 90 319 469 480 576 622 758 
17 240 249 283 291 318 330 375 436 464 477 511 603 635 645 697 719 741 
8 79 119 223 298 404 417 629 687 
9 76 127 271 368 396 525 543 646 713 
16 25 45 90 103 114 131 210 273 368 385 469 517 605 643 650 674 
8 20 95 220 288 402 439 525 641 
5 126 539 540 653 721 
8 200 408 517 545 553 554 556 620 
10 16 158 174 302 477 491 508 570 614 653 
9 23 30 299 447 467 577 619 623 678 
8 82 265 306 369 464 534 544 730 
9 10 51 121 198 275 296 494 691 692 
10 76 143 181 271 319 481 525 658 670 677 
8 121 135 262 294 415 472 638 719 
15 59 82 83 112 133 227 244 264 363 422 459 479 527 681 710 
11 105 139 164 215 288 396 421 430 524 668 716 
8 32 125 211 220 253 548 569 731 
6 39 288 426 568 696 712 
5 242 339 499 661 700 
13 0 20 81 166 180 183 187 230 257 454 470 538 571 
7 96 160 394 452 677 719 720 
12 3 6 32 88 336 542 612 645 656 662 747 749 
13 41 58 173 226 306 307 359 397 399 411 445 603 720 
12 13 42 79 209 257 298 306 400 479 567 633 634 
9 80 86 260 384 406 464 551 567 756 
18 8 28 98 125 184 226 256 263 361 487 509 559 579 624 650 662 673 684 
7 40 121 171 215 375 430 567 
10 289 478 481 570 576 592 627 631 730 749 
15 19 61 67 210 283 284 307 376 456 457 570 628 637 666 758 
16 105 115 125 134 207 225 229 264 267 284 438 487 606 634 666 760 
10 47 97 103 110 124 143 363 423 439 580 
4 29 226 368 591 
12 308 310 378 426 494 562 576 591 623 679 734 749 
7 114 215 245 281 418 661 671 
7 101 139 175 289 563 643 672 
9 101 181 219 234 240 260 602 666 727 
8 181 371 379 481 573 638 709 752 
7 86 87 270 382 400 502 588 
12 85 163 194 206 268 465 488 592 641 704 723 761 
10 16 32 36 45 82 172 358 378 517 751 
8 4 30 105 296 298 357 396 640 
8 120 166 176 233 315 340 522 684 
8 144 230 272 317 384 414 639 665 
8 0 56 69 77 203 343 692 742 
6 138 434 621 677 710 737 
13 107 131 250 263 272 296 332 348 449 528 560 632 697 
6 35 127 176 251 428 439 
10 51 54 118 121 132 244 275 524 532 697 
10 32 33 96 316 370 379 403 577 763 767 
4 123 132 203 641 
16 2 33 70 100 131 148 180 270 287 321 322 349 477 529 572 656 
9 86 233 328 372 381 480 543 556 601 
12 48 76 81 122 126 149 268 317 366 409 654 675 
8 40 278 293 354 565 582 701 720 
11 153 238 369 426 445 481 492 537 545 650 729 
9 143 248 256 287 502 540 566 605 643 
9 17 208 310 500 523 547 648 652 687 
8 255 319 344 481 488 524 551 718 
6 61 230 263 346 419 607 
14 137 147 167 169 188 191 197 262 475 498 510 528 562 733 
14 5 33 56 95 209 216 245 311 350 357 380 426 564 597 
11 16 131 164 354 366 429 581 647 681 691 761 
8 22 41 67 243 378 495 525 659 
12 0 29 30 31 74 190 201 369 406 413 539 735 
11 18 19 21 104 236 355 436 449 521 659 758 
7 41 168 230 299 682 712 742 
8 171 342 360 425 431 549 553 687 
8 53 98 190 203 322 545 649 701 
5 186 241 304 544 682 
8 164 290 309 527 554 736 758 762 
13 5 25 170 211 223 277 420 477 489 683 688 716 719 
5 499 559 616 666 668 
7 245 463 484 495 521 594 721 
10 72 143 146 263 285 316 511 727 746 760 
6 223 266 407 475 482 707 
9 132 155 159 187 406 481 497 603 630 
12 69 70 134 196 245 263 338 476 549 560 567 689 
11 49 180 190 219 267 449 450 513 617 625 638 
12 77 78 132 134 162 266 321 333 358 480 520 632 
7 21 113 340 436 438 511 674 
10 29 41 74 178 229 254 528 530 560 639 
13 23 88 108 129 140 192 255 340 409 490 582 723 768 
7 11 103 114 341 355 429 700 
11 32 41 50 96 172 213 301 593 604 649 670 
11 4 87 185 200 240 297 323 557 699 758 761 
7 28 47 128 212 248 366 564 
12 44 142 253 260 320 524 539 584 701 710 738 741 
14 14 78 85 169 209 232 444 448 476 479 485 506 585 751 
13 0 84 158 199 262 342 381 393 424 467 619 649 720 
11 134 141 269 392 455 479 638 641 671 723 732 
8 39 105 119 169 325 429 678 765 
7 38 56 293 370 399 530 682 
5 301 461 552 593 744 
6 119 270 340 715 723 735 
10 41 169 271 462 570 623 634 636 658 758 
12 12 20 108 119 153 205 267 292 381 619 645 758 
5 360 523 530 532 711 
4 88 249 331 566 
10 42 62 90 92 138 161 422 646 652 723 
12 11 12 25 118 154 269 320 419 499 553 610 743 
4 129 137 235 351 
12 121 376 417 442 451 483 532 635 663 666 710 734 
13 106 159 193 239 270 388 444 450 564 584 596 637 717 
9 32 48 51 184 214 217 333 490 730 
11 44 120 128 157 192 250 332 416 509 628 667 
11 72 83 138 212 215 218 233 247 252 348 561 
7 24 148 168 209 220 406 747 
10 14 55 95 101 271 274 384 521 562 748 
15 26 60 114 169 222 335 350 372 378 526 577 676 691 740 761 
9 5 94 102 166 262 269 609 683 754 
8 212 284 364 500 560 574 713 723 
12 2 104 242 379 400 408 457 486 516 587 650 707 
11 81 155 189 333 344 452 460 481 537 578 630 
7 52 121 384 474 569 604 705 
8 0 8 27 120 215 260 512 657 
8 46 80 137 192 255 563 569 609 
6 4 56 213 303 362 758 
9 34 223 260 293 311 563 603 678 732 
11 22 131 135 319 382 397 538 643 672 681 758 
9 35 114 211 216 227 308 491 662 688 
14 85 129 180 197 263 280 281 298 316 347 397 528 592 598 
12 50 289 291 308 323 348 364 464 573 619 628 768 
7 34 56 108 288 528 574 752 
7 48 51 96 192 550 590 711 
9 24 261 292 419 483 494 536 598 608 
10 131 213 446 448 590 686 698 721 724 765 
16 18 21 78 83 148 164 192 307 311 405 420 480 663 673 705 710 
12 74 142 158 185 240 278 340 372 447 477 603 671 
10 44 52 99 144 443 463 613 622 633 698 
10 69 83 139 162 252 327 445 461 561 578 
9 93 231 405 443 507 638 670 740 751 
10 70 74 122 363 382 395 467 607 617 669 
12 66 140 188 296 298 395 420 488 541 545 582 613 
7 168 285 419 503 508 603 708 
10 63 164 225 244 338 430 561 657 691 769 
9 12 41 113 116 216 239 250 704 727 
9 79 93 181 207 211 306 337 545 586 
6 98 407 501 632 670 678 
6 133 157 310 346 535 705 
8 120 231 312 346 429 684 742 761 
7 107 135 192 516 639 691 765 
10 6 16 21 202 242 257 287 332 620 713 
10 21 33 66 129 247 289 430 547 583 728 
16 23 141 169 214 227 228 259 260 410 447 485 489 522 591 682 693 
7 55 129 275 412 603 651 658 
12 43 198 263 268 291 314 390 446 490 635 678 703 
14 1 126 319 328 342 439 516 520 540 566 629 653 659 741 
8 107 115 259 307 356 494 592 752 
6 58 225 234 303 558 631 
12 125 156 193 220 267 327 406 449 476 583 710 762 
2 701 768 
17 65 75 108 159 170 215 235 295 318 322 514 515 531 541 595 650 671 
10 22 63 144 226 271 290 337 556 578 683 
4 177 600 610 685 
8 158 259 331 537 658 672 734 757 
11 175 487 519 575 599 611 620 644 654 679 695 
2 252 431 
8 20 127 233 278 377 392 526 687 
13 9 215 295 309 394 405 467 491 515 589 599 686 757 
9 96 139 209 277 319 326 368 388 445 
8 174 220 345 490 637 696 759 766 
13 9 51 126 163 170 296 332 341 405 407 526 642 696 
11 107 172 182 189 268 307 318 369 396 444 745 
13 84 203 237 280 330 345 354 372 375 393 430 630 722 
8 26 31 180 392 568 600 721 750 
10 0 91 174 178 227 262 419 442 609 611 
5 57 390 561 673 725 
6 41 173 317 405 461 561 
11 37 68 98 122 218 429 559 644 722 736 754 
13 21 62 88 118 187 224 292 343 347 473 559 589 684 
10 50 220 233 356 375 450 539 544 551 654 
6 43 57 255 388 461 574 
9 36 70 128 254 399 421 463 478 636 
15 75 206 211 272 298 314 326 437 476 497 547 599 601 661 712 
6 138 372 571 622 648 732 
8 92 132 235 236 513 542 628 769 
8 125 147 329 350 442 465 588 725 
11 45 59 101 192 248 380 390 709 713 724 746 
8 23 111 184 525 633 639 667 670 
9 34 99 220 393 491 632 685 699 707 
11 0 73 81 193 205 284 312 377 530 657 738 
8 44 123 268 336 389 417 521 563 
8 45 180 374 428 506 533 552 730 
8 77 88 147 314 455 553 594 656 
11 3 92 129 186 302 355 373 527 609 731 748 
7 215 451 601 682 702 719 727 
11 16 66 76 81 102 204 523 551 604 612 735 
12 9 148 165 168 169 177 214 231 576 673 685 700 
8 16 62 405 500 626 631 637 752 
14 3 23 28 92 94 113 221 304 448 566 580 639 722 734 
6 22 241 275 326 451 522 
8 135 343 422 527 639 731 748 754 
10 27 40 143 245 257 310 377 573 618 724 
17 19 24 25 181 215 246 247 252 319 391 397 577 580 616 678 740 741 
9 70 80 145 179 432 601 690 694 735 
7 20 184 225 395 493 580 604 
11 64 131 179 286 314 469 595 597 643 705 725 
10 77 151 229 296 469 476 538 615 662 755 
9 167 286 429 458 464 517 526 579 594 
9 322 325 357 516 520 540 615 741 748 
6 184 546 590 670 735 757 
6 102 174 473 607 732 738 
11 15 135 147 167 226 396 464 517 544 663 752 
18 56 69 85 95 214 298 315 382 390 425 499 544 652 664 677 689 714 763 
10 65 73 309 359 461 508 536 645 670 733 
12 56 66 199 245 255 374 414 504 532 546 664 688 
12 7 19 22 192 296 333 365 375 404 732 734 754 
13 53 91 140 229 252 263 321 323 330 380 496 630 647 
18 14 42 43 163 170 178 271 294 302 426 475 479 516 586 588 616 763 767 
9 68 243 332 387 502 509 597 618 684 
14 69 79 87 197 243 363 377 398 438 440 603 675 693 763 
5 93 130 368 553 757 
12 13 23 160 198 398 409 414 498 534 536 558 682 
6 2 11 89 469 545 667 
15 39 121 135 176 224 247 263 365 414 419 523 547 559 600 726 
7 45 70 98 131 164 500 611 
12 103 183 227 259 328 530 541 576 659 679 721 731 
13 32 35 51 54 90 105 199 249 299 317 456 558 767 
14 43 80 90 167 204 442 522 530 562 565 566 650 700 714 
12 0 176 239 258 372 430 472 562 570 605 704 742 
9 109 201 237 337 436 515 690 696 730 
16 97 103 118 128 211 258 278 288 299 324 381 404 488 626 627 756 
14 81 179 218 236 265 302 324 373 464 517 561 717 732 747 
11 68 73 152 276 302 450 469 534 576 624 766 
9 131 220 268 272 339 493 577 602 674 
11 71 187 192 219 255 321 369 580 615 631 737 
13 34 40 193 272 279 328 386 488 520 521 561 588 629 
14 0 131 204 249 325 372 385 450 454 531 577 624 715 748 
10 0 126 210 317 518 523 615 621 692 750 
11 39 53 106 263 374 460 491 532 681 693 721 
11 6 62 246 334 566 594 597 641 700 723 758 
11 8 105 277 303 384 394 566 569 699 746 763 
7 48 168 231 441 631 678 698 
10 73 229 342 375 488 504 583 696 749 751 
9 34 106 136 153 410 500 679 696 741 
17 153 154 161 168 209 258 270 281 325 384 417 501 529 562 595 603 730 
8 66 76 275 325 387 624 650 702 
11 65 73 80 187 220 268 284 591 607 703 719 
8 22 114 130 226 325 369 470 586 
10 44 60 89 95 110 184 245 263 402 726 
11 58 96 190 237 466 530 535 626 627 726 738 
10 99 211 343 389 486 487 532 614 724 727 
7 138 240 363 394 398 428 753 
13 102 137 226 238 423 447 452 484 485 540 544 734 735 
13 127 182 245 350 377 425 536 537 553 585 594 700 751 
10 49 169 260 352 433 435 499 645 682 687 
8 30 181 268 378 403 420 586 682 
7 56 306 371 536 573 602 722 
15 45 163 182 256 310 373 415 464 507 536 548 549 626 744 756 
9 16 60 126 341 342 344 394 605 691 
9 91 98 131 195 233 243 335 482 723 
13 31 32 121 159 166 252 265 334 431 433 549 633 690 
15 4 62 105 175 226 277 305 326 345 346 412 537 613 648 662 
12 95 168 205 258 286 309 337 492 644 728 744 746 
7 161 175 191 241 299 368 576 
12 89 100 128 258 354 439 510 565 593 595 623 645 
7 144 202 268 428 440 489 688 
8 28 67 253 284 473 623 709 715 
14 3 98 224 270 299 318 345 350 505 534 541 572 693 717 
10 30 137 327 366 426 511 542 545 671 768 
11 97 131 205 252 287 292 311 430 447 470 716 
11 12 54 90 151 247 252 343 516 596 647 694 
11 65 268 270 348 507 511 513 543 599 649 685 
3 122 149 379 
7 138 209 371 399 450 618 665 
12 133 154 177 202 233 301 460 467 551 611 684 763 
7 102 105 231 246 404 420 710 
11 1 8 24 29 131 185 241 405 562 706 753 
17 36 41 45 201 243 245 295 454 526 556 564 604 633 694 726 737 740 
11 23 76 144 145 148 205 214 429 624 652 655 
7 11 355 494 526 544 595 614 
8 25 29 102 225 476 487 672 692 
9 39 125 277 280 301 441 443 518 632 
11 172 178 271 349 350 461 555 619 637 699 718 
9 55 102 252 345 356 438 465 601 618 
9 42 83 262 285 293 401 410 573 714 
9 164 242 390 501 516 548 562 616 756 
9 8 74 76 313 469 514 553 573 588 
6 93 172 272 420 579 748 
7 378 514 527 548 618 638 698 
8 4 61 254 308 438 442 637 751 
10 39 74 159 229 473 476 491 580 696 726 
7 141 144 221 308 471 482 532 
9 62 196 289 369 491 503 512 592 766 
13 3 45 60 179 184 276 306 353 542 565 621 655 720 
14 35 217 319 340 393 435 445 451 462 528 553 626 640 751 
8 157 239 401 431 504 513 586 675 
10 151 217 278 322 373 537 567 606 615 659 
7 216 292 300 347 605 621 730 
8 153 258 267 376 449 519 555 612 
4 123 169 235 442 
7 54 129 427 433 483 502 686 
10 4 19 45 67 75 178 268 307 417 471 
6 97 281 473 483 533 583 
13 59 61 65 112 113 118 137 177 339 504 607 635 686 
7 166 221 446 450 570 694 716 
11 47 77 165 246 313 326 559 588 652 661 682 
11 100 133 261 281 515 517 543 546 605 643 685 
10 106 139 150 176 265 317 389 511 526 594 
8 156 215 224 395 449 631 660 665 
11 12 78 233 510 527 582 592 597 629 681 719 
12 13 97 159 242 267 289 327 406 413 439 591 635 
10 35 53 123 261 265 310 325 459 473 662 
10 6 75 171 362 546 602 606 666 699 738 
11 61 70 309 318 446 492 628 659 667 669 731 
12 126 207 288 327 350 412 573 575 637 672 676 751 
8 77 168 343 541 545 554 587 718 
5 23 176 254 272 395 
11 111 124 130 231 506 539 558 566 603 634 679 
11 31 109 247 258 302 345 539 558 684 702 728 
16 74 103 146 151 153 173 195 279 346 422 439 493 622 704 711 755 
11 27 144 154 241 259 270 280 320 464 544 618 
10 106 119 137 156 173 393 430 481 525 747 
12 65 73 80 312 345 466 506 543 550 617 650 737 
13 5 27 65 133 137 172 363 396 455 497 590 716 756 
9 151 168 225 341 446 496 569 586 761 
6 204 341 347 412 626 748 
8 177 243 302 319 419 463 612 619 
9 29 103 119 185 260 283 412 490 638 
11 181 291 294 346 420 478 506 591 598 623 703 
17 11 35 110 120 129 156 193 204 218 331 354 395 407 448 597 636 651 
14 30 74 184 244 360 398 458 496 507 509 645 670 693 723 
10 108 113 159 207 239 273 358 603 689 740 
9 45 311 323 356 367 407 548 686 754 
7 44 84 128 176 254 479 681 
15 113 115 217 237 291 322 352 373 436 514 615 715 727 759 763 
7 49 119 236 473 486 571 711 
10 43 219 319 339 413 522 563 573 639 693 
11 99 105 257 321 416 669 711 712 740 743 759 
13 27 178 189 223 245 379 525 579 648 689 697 748 764 
9 67 113 126 374 492 570 647 727 733 
8 108 260 385 401 406 580 714 754 
12 162 283 322 343 372 429 469 536 554 631 660 667 
6 53 118 462 638 668 679 
15 10 15 131 150 184 194 219 240 303 374 416 521 587 614 741 
8 197 201 275 324 326 464 710 733 
8 81 90 159 251 370 473 488 705 
11 67 102 193 230 252 253 587 602 666 730 747 
7 94 248 339 368 501 689 694 
11 92 96 135 138 141 295 432 452 498 684 723 
7 19 330 412 462 472 682 690 
12 29 33 191 254 380 382 464 534 605 622 668 688 
7 125 213 258 617 650 686 726 
13 28 49 105 216 272 290 336 351 491 614 722 731 741 
17 59 97 152 228 246 250 276 339 343 437 515 570 620 672 704 732 735 
15 34 54 127 130 197 202 227 229 245 288 311 419 444 520 671 
11 36 109 266 274 276 304 521 523 681 705 730 
8 133 170 223 248 252 360 582 617 
12 85 245 346 347 353 389 419 621 655 697 703 758 
8 129 144 422 496 531 622 650 726 
13 19 38 170 248 272 286 333 389 651 659 693 701 742 
13 55 63 115 176 186 200 244 449 622 646 700 704 744 
16 43 84 136 156 174 196 260 271 330 401 448 455 496 518 522 639 
12 66 162 214 269 299 301 351 407 445 469 577 663 
12 14 65 155 157 216 352 436 472 589 623 662 703 
10 28 60 84 111 158 343 444 484 505 725 
8 240 275 322 397 542 703 725 765 
11 39 53 67 99 122 127 142 370 528 604 688 
13 18 28 58 83 99 107 115 117 120 302 426 623 717 
12 129 133 156 165 170 178 199 330 338 362 521 703 
13 194 200 267 327 408 435 455 463 511 550 747 764 769 
19 5 35 46 73 114 200 211 237 265 292 308 350 473 534 552 626 651 700 756 
1 689 
14 148 173 181 216 257 258 281 332 379 436 547 618 642 664 
14 100 126 241 383 386 409 461 503 530 563 564 614 658 718 
10 120 187 213 215 219 388 427 470 696 702 
12 50 56 264 343 359 457 487 527 583 627 657 693 
11 225 281 294 471 497 505 580 615 713 736 748 
11 66 181 192 214 443 476 609 612 641 660 737 
7 299 320 374 384 475 563 695 
12 82 133 215 230 303 316 388 437 523 574 659 675 
11 98 106 158 284 305 394 521 640 647 656 680 
12 92 108 155 173 175 308 512 538 569 658 712 746 
14 17 48 148 200 205 238 329 379 426 452 458 567 738 756 
10 4 88 150 289 329 361 546 589 747 753 
12 101 144 197 461 528 547 576 639 645 668 684 745 
8 20 57 512 579 586 613 656 758 
10 16 65 77 227 278 473 687 712 715 767 
16 20 101 127 231 254 289 300 335 478 479 538 551 552 599 683 716 
9 21 60 210 223 319 363 365 647 666 
7 109 135 159 443 446 550 597 
7 12 208 402 497 549 591 621 
14 43 69 92 97 141 166 336 400 505 536 548 562 669 679 
9 21 44 64 259 371 385 404 468 668 
8 51 205 284 302 503 554 627 683 
10 58 121 167 463 555 637 666 672 674 677 
9 73 164 165 356 453 537 628 662 669 
14 35 81 140 253 272 277 431 444 456 514 654 664 711 746 
7 5 19 37 42 133 585 762 
5 89 172 392 429 497 
4 56 80 266 451 
5 190 354 495 575 740 
12 129 172 220 332 362 404 419 444 467 584 653 766 
11 26 48 78 252 265 414 441 628 644 646 705 
8 152 158 335 383 491 646 690 695 
6 321 428 459 495 685 724 
10 159 204 217 245 302 521 536 593 649 718 
10 44 92 157 196 411 545 575 643 695 731 
6 333 388 578 613 632 696 
9 21 166 185 196 251 420 540 576 676 
9 71 136 142 375 591 624 682 714 722 
12 19 33 155 172 249 319 331 338 388 503 555 618 
7 19 177 338 340 371 406 602 
10 151 186 324 390 443 482 534 547 732 764 
15 28 93 98 115 122 182 206 248 253 481 486 507 565 661 718 
14 0 34 195 230 356 399 407 411 416 428 548 568 639 657 
9 123 221 258 284 443 495 510 559 713 
12 34 148 169 217 249 303 309 484 494 514 673 674 
14 23 32 255 292 302 305 532 557 558 586 599 660 667 736 
12 85 141 171 220 353 391 453 503 559 643 648 750 
9 2 115 174 214 289 306 460 571 627 
2 48 372 
14 58 64 155 277 285 328 345 421 500 538 553 606 655 664 
12 49 149 155 244 256 334 502 509 534 622 661 715 
14 115 207 214 223 407 435 492 519 524 540 662 721 746 765 
6 53 103 377 522 648 653 
9 72 298 309 350 419 472 507 524 561 
12 47 49 153 269 272 381 411 504 512 518 561 662 
8 9 166 219 387 486 685 726 753 
11 143 153 231 239 254 279 362 543 586 631 686 
10 11 40 155 404 498 519 558 621 691 755 
8 25 68 121 180 186 196 260 284 
9 177 274 426 448 511 586 640 646 709 
10 5 99 319 404 464 511 517 552 652 661 
12 71 136 215 248 272 288 298 361 383 457 537 668 
6 51 175 221 306 417 646 
8 27 93 285 303 410 566 571 669 
6 29 56 137 172 480 693 
10 23 32 197 391 495 549 571 690 705 732 
13 71 76 106 261 277 292 339 424 540 630 655 678 692 
12 0 28 296 425 502 509 517 545 596 634 647 685 
11 7 20 115 235 241 280 308 339 345 350 551 
10 22 39 212 238 248 273 307 482 546 727 
11 52 133 166 357 405 448 551 562 598 603 623 
10 3 27 117 223 232 354 440 465 506 520 
10 34 73 104 125 138 248 560 585 692 736 
14 0 11 35 82 126 139 235 427 486 509 524 641 649 755 
6 122 263 515 628 738 754 
10 20 276 342 539 566 594 632 679 691 759 
8 10 113 208 259 472 476 518 529 
18 30 37 68 231 274 288 318 346 382 387 402 412 413 434 436 548 666 694 
9 22 31 76 125 270 478 643 646 756 
6 23 93 188 317 347 391 
9 81 249 293 356 379 402 426 457 633 
7 54 146 179 315 387 467 706 
9 63 155 366 521 526 528 549 583 643 
8 53 66 114 139 270 647 678 721 
9 73 87 93 276 408 443 458 674 732 
10 39 57 128 152 230 262 478 541 601 710 
5 287 366 526 535 695 
4 399 439 468 577 
11 41 79 118 191 272 278 284 285 452 493 678 
