730 3567
15 129 204 214 259 271 307 392 404 459 468 489 539 540 559 600 
10 137 152 188 210 287 305 383 518 522 594 
10 28 49 149 226 303 481 518 519 525 642 
4 51 447 585 688 
13 14 60 82 134 142 163 164 498 503 504 639 683 716 
8 76 77 125 175 222 260 566 580 
8 143 334 433 439 539 601 636 695 
8 26 71 108 117 125 255 349 372 
10 87 123 162 225 381 439 529 596 654 716 
12 41 42 339 340 441 473 512 534 545 563 568 703 
8 14 60 184 204 247 297 320 387 
8 23 161 424 548 587 625 666 711 
7 102 127 140 194 412 436 567 
9 51 122 140 302 322 330 370 668 679 
16 4 10 56 126 150 172 181 223 277 304 397 432 441 515 691 697 
10 71 91 159 206 256 356 362 395 439 702 
9 129 229 247 359 436 450 542 563 617 
8 64 112 224 255 300 416 461 465 
14 29 84 159 182 197 198 229 395 431 454 486 588 670 692 
11 47 53 79 170 258 282 287 337 512 516 702 
9 91 291 314 470 497 574 618 690 692 
11 30 131 225 263 322 324 414 525 581 683 724 
8 63 99 244 331 338 535 654 694 
11 11 108 157 191 278 297 382 510 619 631 679 
15 37 108 134 142 156 168 228 266 313 314 351 450 598 693 728 
6 32 270 402 444 521 606 
9 7 355 565 591 593 611 655 662 703 
2 176 619 
12 2 88 282 293 369 446 466 468 502 517 527 660 
10 18 53 57 120 294 362 484 560 616 632 
14 21 39 41 85 119 124 192 275 362 381 483 589 649 671 
5 144 361 387 487 626 
13 25 66 162 314 379 441 510 526 565 604 635 665 669 
8 195 214 303 412 589 593 609 611 
7 121 125 183 234 304 490 680 
8 38 227 348 611 626 628 682 705 
7 90 220 286 318 458 503 619 
11 24 121 207 344 370 392 399 496 657 682 686 
10 35 78 141 196 206 228 272 343 541 601 
11 30 75 134 220 348 402 403 429 464 469 494 
5 161 445 488 504 546 
8 9 30 274 288 313 346 433 686 
12 9 121 135 199 205 220 373 407 464 502 531 575 
9 184 192 366 409 417 431 437 440 553 
12 106 203 258 320 426 499 565 600 609 649 692 727 
16 75 101 110 253 274 281 284 298 321 337 481 503 621 638 706 714 
13 53 65 134 180 188 210 267 271 349 350 417 475 725 
8 19 228 274 326 360 491 512 532 
10 140 192 237 251 310 386 418 474 496 596 
8 2 184 223 258 325 536 543 583 
8 100 117 339 364 382 496 513 628 
7 3 13 59 98 212 492 634 
12 140 168 219 293 395 399 415 420 427 430 526 641 
12 19 29 46 194 205 313 489 527 632 658 688 720 
12 132 181 222 367 444 492 494 496 504 524 530 576 
13 133 190 251 340 451 461 474 496 512 538 549 634 706 
10 14 87 237 238 286 291 397 412 455 660 
7 29 215 244 359 422 578 728 
9 130 186 292 383 468 523 535 648 658 
9 51 89 113 260 326 498 596 692 697 
9 4 10 146 209 284 414 439 476 558 
13 118 134 231 266 364 376 412 413 513 529 581 591 693 
5 368 530 565 670 705 
9 22 85 242 288 300 551 638 653 724 
9 17 80 82 123 328 361 369 452 584 
12 46 89 152 272 294 349 427 480 515 527 588 652 
16 32 150 205 267 270 336 354 382 385 414 450 455 542 560 698 729 
8 89 274 293 376 396 424 497 626 
9 90 191 289 473 481 557 589 622 722 
8 115 227 245 417 457 492 500 672 
12 134 146 152 225 293 309 376 383 463 560 631 685 
9 7 15 155 187 263 352 414 465 571 
6 230 234 269 390 490 682 
11 143 160 240 272 334 431 499 507 529 624 650 
8 212 388 389 409 533 609 636 673 
9 39 45 159 176 327 582 608 631 677 
15 5 114 130 140 194 296 320 382 451 496 642 682 683 687 699 
7 5 81 216 378 511 583 685 
8 38 98 100 130 215 244 260 569 
7 19 181 219 293 379 424 641 
11 64 152 182 201 283 301 404 409 471 506 578 
11 77 126 195 266 308 357 451 508 563 611 650 
11 4 64 173 239 290 299 300 399 654 662 726 
8 120 300 324 330 344 433 597 696 
7 18 133 276 358 547 606 696 
7 30 63 110 215 251 345 714 
9 191 292 392 458 511 513 635 709 728 
9 8 56 254 311 374 465 555 595 696 
16 28 89 111 164 206 212 222 264 401 461 466 493 508 514 612 656 
13 59 65 67 88 274 279 307 375 396 422 634 669 690 
18 36 68 94 160 166 173 343 390 403 437 451 458 481 518 603 669 717 722 
10 15 20 163 184 222 260 470 524 725 726 
4 210 270 293 462 
6 152 345 367 409 433 704 
7 90 212 305 391 583 689 718 
11 195 212 215 252 386 562 572 580 605 614 706 
12 168 190 197 262 328 445 461 502 608 667 720 726 
13 163 231 241 276 283 343 354 402 418 471 492 598 639 
10 51 78 153 205 327 360 397 444 455 704 
13 22 100 132 176 177 265 340 377 540 548 664 692 717 
11 50 78 99 146 201 212 267 364 392 395 512 
10 45 117 396 426 495 514 515 643 664 715 
12 12 119 135 138 203 215 221 444 507 547 615 634 
6 137 190 332 584 622 694 
11 185 301 365 432 433 479 491 529 576 700 712 
5 212 273 317 649 701 
9 44 222 263 346 401 435 473 527 661 
5 130 475 567 624 721 
8 7 23 24 295 345 564 598 656 
9 285 300 452 469 579 584 595 611 682 
12 45 85 114 115 119 134 140 337 360 525 618 662 
13 88 164 238 279 342 409 410 461 513 586 602 614 712 
10 17 218 306 370 377 496 578 603 654 673 
6 59 357 361 608 640 682 
9 76 110 167 261 358 398 480 495 527 
7 69 110 132 150 491 651 659 
9 120 130 158 179 210 329 368 721 723 
15 7 50 101 127 143 382 395 411 412 423 426 569 620 651 722 
9 61 155 325 399 416 496 634 662 665 
10 30 102 110 122 372 480 540 661 669 720 
12 29 83 116 152 203 348 434 477 507 604 655 681 
12 34 37 42 196 238 247 253 292 410 517 552 630 
10 13 119 136 338 363 405 493 577 601 680 
6 8 64 149 234 252 483 
14 30 218 293 310 348 456 492 517 552 587 594 629 652 691 
12 5 7 34 174 185 330 361 369 451 680 697 723 
7 14 81 267 322 365 390 491 
15 12 117 131 163 180 184 234 281 375 413 476 525 550 620 629 
7 172 458 489 508 530 569 670 
12 0 16 139 168 179 199 251 362 404 498 530 692 
12 58 76 78 107 116 208 305 363 395 402 435 437 
12 21 127 237 242 247 248 255 365 368 472 504 588 
11 54 99 115 173 191 237 318 351 435 501 505 
12 55 84 135 300 308 335 386 516 522 623 667 692 
13 4 24 39 46 61 70 110 301 331 404 453 585 624 
10 42 102 133 217 338 420 467 525 566 640 
5 122 169 355 442 714 
15 1 103 143 161 172 230 328 341 345 381 409 467 529 661 706 
8 102 175 309 448 581 595 636 660 
5 129 224 385 470 501 
15 12 13 48 52 76 110 197 264 280 368 374 428 443 518 536 
3 38 556 701 
13 4 24 143 238 244 248 287 400 426 463 550 676 718 
12 6 73 117 137 142 207 208 474 521 651 659 680 
8 31 422 438 442 489 526 566 567 
11 179 231 279 284 359 388 460 461 515 620 724 
9 60 70 100 295 331 396 520 579 619 
11 204 242 283 302 402 411 426 599 609 677 695 
10 204 341 378 419 465 494 547 555 612 644 
7 2 123 201 233 263 315 643 
7 14 66 115 194 417 453 625 
7 169 202 389 417 420 479 643 
16 1 65 70 80 93 120 209 232 343 355 365 437 519 603 620 695 
8 98 158 268 284 321 576 584 638 
8 250 380 423 427 478 569 596 612 
15 71 118 157 180 194 346 436 440 518 537 564 580 632 640 703 
8 24 270 274 326 548 626 652 666 
10 23 155 186 296 357 359 464 491 493 536 
8 116 153 177 302 336 524 548 697 
13 15 18 75 169 231 289 342 359 372 392 494 506 656 
10 73 90 182 222 309 373 390 544 635 697 
14 11 40 137 162 175 185 209 225 241 339 370 486 564 617 
9 8 32 161 264 359 455 511 577 723 
10 4 91 97 127 234 261 470 552 559 591 
10 4 88 111 315 463 489 491 553 554 650 
5 339 356 552 565 697 
13 90 196 204 285 304 326 347 363 378 389 458 548 675 
6 114 281 513 598 627 660 
13 24 52 96 129 224 234 248 307 384 396 639 666 711 
8 136 151 159 223 268 349 516 645 
3 19 276 347 
5 189 306 418 560 609 
6 14 128 137 233 391 677 
11 82 90 132 228 432 455 559 591 625 677 705 
10 125 361 377 473 598 607 610 618 636 727 
13 5 138 161 244 273 363 471 554 572 663 683 718 725 
9 27 75 99 209 287 356 453 549 662 
10 99 158 286 311 345 380 470 515 646 726 
6 230 240 252 369 533 549 
12 116 129 145 304 405 476 505 568 604 619 640 688 
9 46 127 155 197 213 250 390 515 710 
15 14 54 79 217 270 315 357 372 387 391 392 426 682 688 709 
11 18 80 160 185 205 219 350 473 488 527 681 
10 34 203 216 232 273 288 505 562 582 634 
17 10 43 49 91 127 236 282 304 324 387 395 468 535 591 595 679 688 
12 104 125 161 182 187 201 206 233 234 437 547 727 
6 58 157 331 595 702 711 
7 71 185 272 337 526 626 690 
8 1 46 272 299 394 475 598 619 
7 171 323 350 410 489 511 695 
10 55 96 103 320 332 334 346 455 477 479 
10 23 68 86 132 300 364 482 537 540 697 
16 30 43 48 206 378 383 411 414 439 442 445 528 593 653 689 728 
9 275 399 448 517 525 543 580 592 626 
10 12 53 76 150 155 325 383 532 589 712 
12 33 81 95 329 348 368 444 574 621 645 690 698 
13 38 121 166 320 371 426 437 504 589 597 608 638 702 
13 18 96 140 180 340 358 393 438 442 529 574 597 625 
10 18 248 322 382 415 456 526 531 602 612 
8 42 129 253 281 284 302 404 504 
5 296 427 694 703 715 
8 80 100 149 185 276 311 410 723 
10 151 279 304 391 506 550 578 646 664 671 
12 44 102 120 183 349 351 411 496 511 633 639 683 
13 0 10 147 148 166 227 320 355 379 438 479 503 561 
17 42 53 66 98 182 236 312 318 321 456 472 526 558 578 618 631 705 
13 15 38 88 185 192 223 265 413 534 566 635 639 689 
7 37 143 272 407 587 638 683 
6 130 143 379 423 435 443 
12 60 152 161 176 221 272 309 365 425 485 491 615 
9 1 46 92 116 332 369 395 484 694 
5 293 309 495 611 722 
19 51 74 88 94 95 100 105 278 302 366 372 411 476 513 579 587 631 668 705 
7 180 371 425 457 557 654 690 
11 0 33 274 298 374 410 474 497 564 576 696 
8 57 78 85 95 102 250 323 606 
6 77 183 400 591 686 721 
7 135 181 254 255 325 371 617 
7 112 124 420 610 629 635 654 
12 52 79 182 281 322 350 353 456 514 529 536 555 
10 36 39 42 267 302 318 365 550 619 662 
7 102 209 551 567 569 601 723 
16 5 54 88 91 106 160 262 304 320 323 342 416 433 443 589 714 
16 14 49 169 206 247 279 344 392 415 440 450 603 636 637 649 712 
10 17 139 168 255 277 363 431 453 578 640 
9 8 21 70 161 313 340 489 568 652 
6 2 294 295 401 498 621 
11 35 69 204 250 285 287 317 493 503 519 710 
8 24 38 47 173 305 437 506 711 
8 16 18 302 386 475 480 628 648 
10 72 137 178 343 392 432 451 539 586 715 
13 61 97 145 159 258 299 381 411 523 550 603 625 694 
14 152 183 252 259 341 407 414 445 504 512 516 571 616 639 
11 149 172 185 343 461 466 491 526 633 646 662 
10 34 72 123 127 163 168 185 355 512 726 
4 474 559 598 661 
4 184 205 360 412 
9 48 56 131 132 280 327 389 414 608 
10 56 111 121 142 316 413 470 509 556 655 
8 82 376 383 411 452 466 604 613 
9 73 178 346 351 389 415 561 563 578 
7 97 161 247 368 413 430 721 
13 63 131 147 252 262 264 358 399 403 414 462 618 672 
2 453 716 
11 22 57 78 142 175 287 330 646 647 656 707 
3 69 324 447 
2 305 401 
10 10 16 121 131 223 241 314 355 472 549 
13 131 142 168 198 266 300 329 330 339 350 470 590 670 
7 293 370 431 474 632 684 700 
9 154 180 215 227 272 290 374 411 439 
16 48 55 85 129 278 344 404 405 481 488 497 628 635 674 678 688 
10 95 123 178 232 242 259 370 552 606 681 
10 45 121 199 406 421 497 530 535 627 644 
14 87 217 354 419 486 503 510 538 541 567 587 604 608 610 
14 7 17 131 217 224 305 359 372 396 413 444 456 602 682 
10 15 281 302 350 367 408 534 607 641 728 
2 497 576 
9 19 44 49 231 449 469 519 631 649 
10 0 232 252 276 339 514 525 673 677 711 
9 5 59 78 91 262 378 596 603 615 
9 114 163 294 395 551 589 599 677 684 
8 96 222 242 260 264 349 434 693 
11 21 71 106 149 298 304 331 671 675 695 707 
12 88 140 162 242 262 353 407 540 549 585 586 605 
7 99 206 322 359 373 514 589 
14 24 61 81 248 277 299 321 373 411 454 617 622 665 712 
12 46 66 100 126 220 283 295 334 404 449 481 583 
6 153 169 422 458 539 651 
9 72 355 423 445 453 572 589 703 718 
11 25 66 92 156 181 280 353 427 459 540 728 
8 0 46 299 317 391 454 601 630 
13 38 65 73 187 188 207 209 250 291 338 424 452 709 
11 105 175 183 485 495 507 581 608 622 658 668 
13 41 45 47 67 89 156 214 290 370 409 502 610 615 
6 30 193 359 400 474 714 
11 84 97 170 201 259 312 392 436 495 660 702 
9 14 224 266 344 389 397 410 494 566 
9 23 212 251 387 470 523 570 620 632 
10 89 111 145 202 223 283 399 448 513 645 
10 140 237 270 313 357 392 430 544 630 668 
11 45 127 167 199 219 256 504 623 655 658 723 
10 19 28 184 294 333 371 393 533 644 722 
11 80 97 147 267 279 533 563 586 607 652 683 
8 45 60 145 153 199 324 456 462 
6 109 166 227 380 612 684 
7 36 56 177 472 493 656 728 
11 1 19 142 176 227 244 288 432 607 633 670 
8 41 63 183 287 307 434 478 641 
3 68 159 698 
12 82 250 274 300 345 428 458 486 496 531 669 722 
10 20 56 272 348 426 502 560 623 721 725 
10 58 86 121 305 313 363 497 532 578 600 
14 28 52 67 70 79 92 124 211 249 326 401 450 454 508 
11 29 65 226 261 282 327 334 451 601 637 675 
12 108 146 226 267 305 325 433 434 449 451 550 657 
13 76 157 200 324 325 350 452 565 566 624 646 692 704 
7 10 23 474 481 498 698 710 
13 45 214 263 405 413 427 430 433 436 504 534 681 719 
14 82 188 231 266 271 318 333 373 470 544 551 589 590 655 
10 17 63 82 83 109 133 191 248 290 653 
8 80 104 134 381 469 508 580 602 
14 13 147 158 199 212 220 229 256 378 468 505 535 570 667 
6 2 33 499 508 510 655 
14 14 34 166 179 184 202 222 263 309 346 554 602 696 711 
13 1 94 130 228 246 255 292 295 432 487 488 626 666 
3 112 171 529 
11 0 89 168 288 335 406 435 498 507 577 696 
7 81 133 320 336 449 614 721 
8 70 138 160 209 211 304 409 563 
8 48 124 418 486 487 512 530 724 
9 87 177 201 393 428 446 480 589 679 
7 205 276 320 632 644 658 712 
12 24 41 53 225 280 292 374 401 600 611 630 635 
10 20 24 32 247 422 433 483 540 688 703 
10 149 164 181 478 539 575 584 666 670 699 
8 238 336 349 373 388 548 570 597 
6 105 227 271 488 577 682 
13 36 132 205 220 299 323 335 362 439 506 512 559 627 
2 349 723 
15 10 44 76 190 196 204 222 308 312 350 365 565 616 701 722 
8 45 153 205 266 379 557 580 723 
14 13 21 126 198 219 265 396 425 531 578 580 591 665 673 
15 189 215 222 318 360 416 421 543 578 585 608 635 686 703 717 
9 21 83 184 245 284 296 603 648 696 
9 49 118 194 217 295 296 623 693 726 
13 47 59 156 166 293 368 403 425 435 584 621 680 709 
7 75 98 237 294 534 560 652 
8 64 96 137 362 383 539 640 653 
5 116 195 248 434 582 
12 13 83 125 244 248 371 405 517 527 551 642 723 
11 22 134 146 186 263 419 503 563 664 679 706 
6 103 190 210 442 679 724 
4 282 299 439 487 
15 6 73 190 267 294 343 397 399 481 483 517 542 566 591 724 
6 133 307 318 468 543 672 
11 66 158 308 316 340 342 344 436 450 604 620 
9 19 45 110 187 366 455 472 642 684 
11 22 122 135 272 380 447 544 572 606 615 634 
10 9 50 161 165 248 259 466 499 685 686 
13 9 55 99 197 225 336 350 382 424 470 484 506 527 
6 137 148 232 381 530 627 
11 111 159 222 336 393 411 412 429 503 693 694 
10 38 90 97 152 230 233 334 372 393 556 
12 37 83 223 251 277 336 401 415 431 574 640 728 
12 85 93 108 137 177 290 394 413 465 547 652 657 
8 41 106 155 190 240 304 395 567 
8 166 170 360 374 376 431 447 689 
16 35 39 120 124 195 291 349 409 420 454 468 482 484 485 543 669 
13 7 46 65 169 203 262 316 319 348 492 501 546 663 
12 46 182 189 219 248 256 296 320 340 504 695 707 
9 24 132 203 240 373 395 453 456 553 
6 71 355 388 437 569 662 
10 219 264 270 449 458 460 475 586 618 642 
8 66 97 254 420 490 626 648 724 
11 26 136 152 204 234 247 269 352 396 409 462 
7 15 165 176 451 538 548 555 
9 81 113 157 181 280 447 512 516 721 
8 84 114 197 242 474 499 510 561 
15 16 57 145 157 159 162 255 265 275 379 467 555 584 621 702 
9 47 98 110 236 323 347 596 611 626 
12 31 64 113 125 174 408 485 521 631 649 662 683 
11 15 29 30 129 318 328 457 505 521 567 587 
14 122 130 166 175 224 292 435 532 591 608 659 688 703 717 
9 50 61 100 191 380 383 414 419 507 
12 104 126 131 152 209 220 320 517 531 669 672 720 
7 43 212 337 392 654 693 707 
11 54 93 256 374 445 446 524 624 642 707 718 
11 62 116 131 140 195 241 326 432 481 568 716 
6 28 64 125 178 210 662 
15 13 37 112 161 249 252 274 400 440 445 534 573 595 659 696 
10 196 213 217 282 330 388 423 424 574 658 
11 7 119 159 181 212 255 343 419 581 651 682 
14 42 160 265 266 299 316 351 507 518 527 541 553 680 700 
16 87 140 214 250 313 347 367 397 547 562 590 622 623 660 689 710 
8 89 127 458 622 628 661 696 716 
7 61 67 70 239 347 463 526 
5 99 112 174 650 720 
8 77 148 166 192 260 302 392 695 
8 32 79 204 208 321 359 389 486 
8 154 177 285 338 364 502 619 668 
10 8 30 137 231 301 341 386 494 610 622 
14 23 50 66 76 117 198 340 406 476 531 638 652 671 676 
12 1 58 70 192 194 239 328 364 428 499 606 713 
5 168 421 495 573 654 
4 66 139 427 621 
10 48 95 133 229 381 408 585 648 659 718 
8 10 31 181 184 278 450 529 729 
7 74 145 316 352 371 398 584 
12 74 151 166 237 240 277 379 457 557 577 627 697 
12 72 90 126 160 180 441 460 506 547 562 621 636 
11 94 172 181 202 271 421 457 563 628 645 657 
18 0 37 86 100 159 181 223 230 276 280 366 378 435 475 520 577 645 697 
12 197 282 311 342 343 395 404 420 440 509 581 592 
6 188 345 436 604 635 641 
16 15 18 52 100 117 130 184 210 261 346 351 393 413 497 576 592 
13 67 89 101 146 168 255 322 355 461 463 479 493 670 
8 14 56 98 277 334 374 578 629 
7 114 388 420 623 662 684 715 
12 37 52 82 118 193 242 279 334 465 510 520 617 
6 142 216 275 370 671 713 
10 88 106 226 246 293 313 344 509 662 699 
6 25 39 97 130 147 497 
9 39 90 242 326 455 563 622 638 726 
13 0 80 129 134 199 251 267 393 406 457 558 632 689 
9 122 179 251 298 330 442 476 623 661 
10 253 307 382 404 553 560 589 618 659 709 
9 42 207 232 264 433 450 459 589 606 
8 256 361 386 441 453 478 676 718 
11 43 74 80 93 111 137 274 309 348 355 529 
7 111 121 189 201 214 277 532 
14 117 147 192 203 212 231 239 250 266 342 505 551 607 647 
9 12 33 56 61 117 236 342 435 729 
11 61 127 206 238 241 255 298 345 395 494 668 
16 21 60 66 71 192 232 237 242 364 455 573 577 627 645 665 714 
8 52 198 223 240 344 477 605 677 
12 17 118 222 323 435 457 476 570 643 652 687 727 
9 43 46 69 150 151 432 488 645 652 
11 48 97 171 310 452 461 539 544 566 592 718 
9 148 254 331 364 372 472 534 543 713 
10 52 135 151 218 348 354 393 398 427 524 
8 253 323 384 391 505 516 628 635 
9 57 89 144 268 314 458 545 628 691 
7 117 154 208 269 371 499 605 
14 11 67 79 272 340 371 473 509 588 603 606 608 645 692 
8 209 213 322 326 532 572 620 709 
12 44 101 117 142 147 181 196 291 434 437 550 640 
15 52 65 154 200 270 298 385 420 441 491 498 545 638 661 702 
10 140 290 311 383 466 470 480 539 542 583 
6 39 342 463 490 524 554 
7 52 241 280 298 456 462 539 
16 18 43 73 224 249 344 347 449 494 549 553 603 668 673 696 707 
10 14 104 173 230 287 305 368 417 538 581 
14 6 41 83 93 104 222 295 298 314 407 450 458 617 635 
11 120 262 288 295 329 426 475 549 562 583 629 
13 106 130 132 208 307 326 363 392 412 416 520 609 630 
14 12 16 155 276 298 336 394 543 560 606 608 635 681 719 
13 43 90 130 152 185 196 228 352 426 457 552 567 600 
4 144 197 204 466 
11 6 8 15 60 192 250 318 333 458 502 634 
11 43 155 223 370 393 453 458 468 483 509 572 
10 9 14 32 390 408 427 497 505 516 520 
10 136 144 192 197 332 405 503 519 642 702 
10 140 208 222 483 560 567 587 606 646 685 
11 25 54 98 102 195 255 458 478 512 519 557 
8 40 96 192 232 269 367 370 562 
7 28 311 367 505 573 583 696 
10 3 245 338 347 357 457 461 464 495 709 
10 138 193 279 520 544 577 649 702 709 725 
7 258 267 295 308 353 431 710 
13 16 24 66 223 293 336 387 407 433 567 585 712 723 
13 55 76 81 90 125 230 294 295 356 466 487 560 605 
12 64 109 239 272 296 418 498 521 522 531 628 706 
13 134 150 176 224 243 269 351 408 440 587 648 701 720 
7 18 266 271 293 348 654 693 
12 56 66 98 162 173 190 337 403 414 580 582 716 
11 124 198 205 219 255 284 351 430 483 552 627 
12 69 213 362 389 391 404 416 437 447 470 581 665 
19 36 86 90 128 166 268 290 353 375 422 433 439 440 444 506 515 618 624 627 
7 0 270 407 475 559 590 596 
7 145 353 390 467 529 598 722 
12 17 55 88 96 111 145 233 396 418 447 633 713 
6 92 242 284 355 430 624 
8 70 142 164 376 396 429 575 627 
7 39 42 157 447 504 530 593 
8 17 71 87 148 345 399 509 525 
12 28 88 233 239 339 428 438 451 519 561 565 608 
7 135 137 359 460 501 573 634 
12 0 28 58 184 302 335 348 440 562 567 574 679 
6 39 109 258 301 576 698 
20 20 91 139 163 177 238 248 278 299 340 428 457 535 541 553 583 639 666 683 700 
6 80 97 175 569 600 613 
8 131 205 247 286 337 419 541 567 
6 9 68 106 174 182 424 
10 48 55 143 214 235 249 275 297 358 612 
10 46 107 188 229 353 392 434 459 651 679 
10 60 127 179 212 382 405 416 502 608 721 
7 120 190 415 520 588 621 662 
7 154 288 315 408 444 526 715 
6 104 151 190 204 396 557 
12 65 114 119 229 311 428 482 488 496 571 594 659 
12 2 45 68 90 251 267 297 334 368 546 626 715 
6 191 348 480 695 711 722 
9 30 123 314 334 440 443 456 531 639 
9 29 210 340 348 564 631 636 679 696 
7 209 273 348 361 626 694 718 
7 18 161 254 290 310 379 552 
7 31 305 310 333 451 635 717 
10 40 182 251 305 317 417 480 573 582 675 
9 0 53 128 144 164 189 225 610 729 
4 34 72 354 429 
13 47 104 115 126 157 164 209 233 427 519 543 649 667 
11 51 54 69 97 124 349 524 606 607 608 715 
13 88 122 157 227 286 396 549 575 599 629 663 667 719 
15 39 54 148 159 277 381 413 431 615 665 669 677 699 705 711 
10 101 114 211 273 276 384 447 575 706 717 
12 37 48 50 54 55 76 112 118 203 290 480 710 
14 20 67 214 251 253 257 292 395 402 441 532 598 673 709 
10 4 59 129 226 297 307 427 452 541 671 
10 44 73 303 339 358 383 423 531 647 690 
7 69 512 551 565 683 688 701 
8 132 139 349 467 507 626 684 701 
12 28 42 96 274 291 380 439 476 526 538 653 724 
11 4 36 45 204 227 254 331 342 442 638 659 
14 4 40 54 131 196 199 232 281 298 350 464 522 612 675 
12 132 179 183 302 362 411 421 441 446 520 581 671 
11 80 159 202 228 318 340 390 458 540 686 688 
10 73 102 120 273 307 364 373 501 571 707 
14 81 88 128 293 301 303 527 576 581 590 611 665 674 692 
6 238 393 401 424 440 465 
11 23 32 254 303 358 399 534 590 602 716 728 
10 77 86 162 189 203 588 601 644 665 704 
12 9 19 47 55 100 232 234 310 318 357 444 500 
9 50 61 86 111 167 212 279 644 722 
7 88 101 219 259 265 593 713 
10 14 65 101 145 177 180 458 533 679 723 
15 19 133 169 232 357 421 441 543 561 570 591 681 690 718 721 
10 28 121 124 193 330 334 365 524 554 597 
8 1 2 90 140 155 373 527 709 
10 2 152 227 258 442 444 466 491 534 542 
11 146 392 399 435 441 448 477 505 529 545 633 
10 25 143 361 362 452 600 604 618 660 721 
6 1 133 452 504 601 690 
6 58 231 278 529 599 700 
9 54 91 158 367 420 429 492 517 551 
11 2 21 110 127 135 193 259 465 615 681 718 
11 32 52 144 187 198 205 233 376 478 502 655 
16 28 53 65 106 114 182 330 340 373 508 518 548 605 614 638 665 
5 192 553 555 633 683 
13 8 61 73 104 137 197 219 306 387 409 460 520 523 
10 54 62 128 129 253 310 341 464 555 608 
12 42 198 290 322 365 382 452 483 499 535 601 679 
9 47 194 292 363 410 425 497 642 656 
12 74 178 282 283 515 613 645 674 680 691 692 713 
13 9 206 256 298 327 370 419 510 519 536 636 652 708 
9 22 58 184 253 302 470 531 540 670 
10 49 140 157 219 534 549 550 573 606 651 
2 155 191 
6 55 254 356 432 502 722 
14 0 6 230 268 315 328 418 428 430 572 588 612 663 703 
11 0 99 119 191 264 270 314 506 535 586 591 
6 38 254 373 470 472 498 
8 16 66 334 428 519 543 644 661 
11 49 193 323 335 348 419 436 491 516 542 625 
9 160 280 299 338 418 448 686 701 711 
8 9 422 427 520 609 637 682 691 
4 40 349 481 587 
10 84 102 148 185 345 374 390 584 614 635 
12 11 99 156 158 166 316 356 527 549 559 578 608 
10 55 176 178 247 264 431 434 493 536 548 
13 127 142 202 220 231 295 426 536 629 632 637 694 709 
15 63 221 261 299 330 411 500 524 597 627 631 666 670 703 717 
10 121 124 163 165 252 437 456 486 612 727 
10 43 164 351 373 406 431 470 528 636 686 
10 164 175 304 429 517 579 611 631 649 671 
10 87 148 219 356 359 528 530 626 702 714 
6 141 238 343 568 663 695 
7 68 213 321 389 444 479 572 
4 60 205 404 642 
8 0 163 173 235 318 459 548 727 
13 29 66 70 171 291 327 406 436 443 451 590 598 727 
6 204 240 358 466 516 664 
7 95 183 374 390 434 445 468 
13 9 16 81 240 283 309 331 391 403 609 686 705 728 
8 108 155 161 214 484 615 641 727 
10 26 32 44 62 165 296 320 466 500 643 
8 5 135 144 206 277 296 334 418 
16 12 107 144 221 254 346 362 437 443 450 468 472 578 619 646 712 
7 9 179 225 368 556 573 631 
7 78 117 128 154 221 352 471 
7 278 302 316 416 516 653 717 
6 71 232 480 507 577 722 
10 95 175 269 338 425 440 539 557 606 631 
13 370 384 414 446 467 488 536 568 601 627 691 697 719 
7 20 195 197 344 371 468 657 
6 42 315 463 493 495 679 
11 54 104 153 214 257 395 469 508 648 672 685 
9 122 162 307 317 389 392 414 448 571 
15 57 80 112 202 205 224 240 292 322 323 397 548 567 631 707 
4 109 146 212 554 
11 5 95 155 193 301 321 322 455 617 645 648 
11 21 61 138 273 372 393 432 457 505 508 631 
5 75 183 329 455 488 
9 49 77 94 267 428 434 446 470 664 
10 64 103 109 153 315 326 359 388 547 612 
8 3 134 264 323 386 450 589 724 
6 111 230 264 283 353 540 
9 11 124 207 212 254 362 443 453 546 
8 18 65 131 424 477 511 539 615 
14 30 33 68 194 196 222 261 265 269 299 311 406 407 585 
10 248 299 374 459 508 510 560 603 610 665 
17 26 61 163 173 184 216 322 334 363 516 540 626 631 681 689 694 723 
5 193 393 395 418 624 
8 26 33 192 464 514 665 675 718 
4 1 124 480 687 
7 87 109 138 184 186 370 718 
8 8 48 59 154 260 360 459 650 
7 83 196 197 316 517 551 670 
10 24 97 108 167 174 188 235 460 497 560 
6 147 261 493 523 689 709 
8 0 44 292 313 437 471 521 625 
12 6 38 122 221 271 294 511 522 531 573 672 726 
10 111 198 255 301 304 510 655 680 707 727 
12 90 112 152 223 231 260 324 424 431 590 612 694 
9 32 120 179 239 254 336 394 521 720 
6 95 264 415 423 451 527 
16 25 84 215 252 338 383 407 424 436 443 492 536 572 615 625 671 
8 174 256 283 287 411 492 646 666 
18 75 96 113 196 237 254 273 323 363 424 436 466 476 492 530 548 706 708 
10 33 44 74 147 171 435 545 563 623 705 
8 174 218 254 274 381 489 590 629 
14 26 33 35 81 109 211 313 360 508 554 664 692 695 700 
13 88 148 154 198 285 474 504 539 552 584 603 637 655 
5 239 471 533 654 660 
6 95 111 308 527 547 669 
13 102 209 260 274 338 494 525 564 588 606 620 653 661 
7 29 232 320 637 687 696 717 
9 16 161 217 266 399 433 580 631 659 
9 20 110 174 205 242 353 406 458 521 
9 23 27 36 146 179 188 220 380 567 
11 117 127 145 152 278 336 425 615 702 706 713 
10 45 195 226 326 359 385 390 477 669 679 
8 68 103 266 273 374 375 381 403 
8 133 281 291 325 374 398 405 609 
10 73 107 134 296 367 458 462 592 658 713 
10 11 150 173 197 231 543 600 606 698 713 
16 31 35 67 156 187 193 305 354 360 481 485 501 555 591 646 686 
14 167 253 318 341 389 414 456 458 463 551 573 670 689 709 
10 35 50 229 251 375 391 421 422 452 657 
9 124 127 218 397 434 493 550 610 663 
7 121 271 280 313 435 638 692 
19 23 70 75 205 212 258 361 484 551 554 568 572 578 581 591 617 658 695 700 
10 29 53 155 249 278 312 404 550 672 678 
6 203 233 287 461 520 528 
10 51 55 89 102 118 183 338 439 467 655 
17 32 86 160 206 218 251 313 323 394 421 433 436 487 547 659 670 707 
10 6 74 138 174 223 390 484 534 553 664 
7 223 294 545 550 612 616 674 
11 45 63 153 196 207 382 403 427 503 527 630 
11 4 97 168 203 206 232 470 483 664 665 714 
11 113 135 155 179 224 328 344 426 646 695 707 
8 52 79 256 288 394 564 680 692 
10 2 76 330 337 353 367 442 532 558 713 
7 101 149 151 416 565 701 723 
10 148 253 282 312 511 513 542 663 682 689 
11 169 195 279 391 392 414 417 424 533 580 725 
10 177 202 233 244 296 443 567 607 626 640 
4 244 411 499 679 
8 58 229 324 354 386 453 576 580 
10 30 44 105 223 258 361 448 491 554 693 
6 73 81 164 377 596 691 
7 115 117 143 268 372 475 536 
12 65 124 156 225 283 327 345 382 416 417 534 716 
7 63 192 300 328 502 570 615 
10 8 22 82 112 213 218 366 384 454 613 
13 26 120 238 281 299 303 526 602 612 634 713 722 728 
7 88 108 159 244 286 532 691 
7 37 295 345 391 574 628 717 
9 53 58 273 281 312 371 624 631 700 
10 115 143 363 370 386 406 480 503 617 635 
8 28 56 138 167 276 374 521 613 
11 106 119 137 235 375 405 427 542 615 672 718 
16 26 82 110 118 176 220 233 352 361 369 398 401 477 687 699 726 
7 175 349 493 539 556 629 644 
9 99 101 202 331 561 583 611 636 639 
14 32 118 266 322 414 457 494 508 511 527 590 593 639 716 
10 11 156 168 305 315 470 551 607 685 694 
5 96 133 302 491 493 
9 13 212 273 280 380 413 431 675 690 
11 32 89 90 119 290 348 365 494 614 621 704 
12 18 62 128 248 287 315 396 535 551 597 627 635 
10 30 202 263 382 400 498 505 554 606 688 
9 69 242 335 365 576 601 632 661 679 
7 74 112 259 322 431 497 701 
5 251 508 533 637 685 
9 166 263 294 488 504 593 668 708 722 
5 142 382 408 695 710 
9 75 147 172 173 259 261 415 494 685 
4 251 632 685 702 
15 13 23 184 311 331 332 468 475 484 515 531 575 621 647 672 
9 34 122 125 143 326 373 533 602 641 
9 120 182 252 298 436 516 525 591 693 
14 35 37 72 76 109 113 181 255 317 372 545 644 691 705 
14 4 21 76 175 203 207 283 361 470 500 528 684 708 727 
7 249 261 285 337 398 501 683 
10 70 77 339 443 576 666 674 677 678 728 
10 37 41 216 323 339 506 544 553 563 626 
5 76 416 594 616 662 
13 3 53 179 181 184 251 314 363 500 506 671 707 728 
10 94 192 206 347 374 404 591 599 627 644 
9 20 89 187 195 213 499 516 522 668 
10 14 124 422 533 545 573 650 656 682 711 
14 18 20 44 59 99 129 133 296 424 508 533 611 630 641 
9 24 61 262 325 342 366 454 649 681 
11 22 103 200 210 231 342 485 550 591 603 666 
13 6 147 152 189 263 350 378 482 556 611 631 640 676 
15 83 84 87 214 304 307 324 370 375 431 446 484 616 711 715 
12 14 59 125 158 160 165 191 389 392 573 710 717 
6 66 195 289 297 469 625 
5 76 315 401 494 662 
8 104 249 373 470 523 611 631 658 
9 105 141 320 453 500 501 544 643 673 
13 15 19 186 196 276 359 427 442 448 555 620 678 709 
10 9 26 155 200 269 314 323 363 539 551 
5 93 98 296 511 669 
9 35 62 173 205 212 494 563 609 682 
9 45 55 95 137 331 452 495 608 620 
12 244 263 350 366 367 431 507 578 602 635 640 688 
4 534 608 675 683 
14 86 181 272 326 406 425 447 448 497 518 550 599 627 702 
9 180 227 297 374 449 496 676 697 722 
11 11 168 186 228 259 304 482 494 544 691 696 
8 104 111 194 223 266 312 450 567 
11 383 400 419 461 514 533 620 624 625 642 655 
9 45 85 136 222 275 414 555 639 724 
8 101 200 230 398 478 481 492 696 
9 4 8 243 368 375 455 510 652 665 
11 90 99 323 363 487 495 551 570 616 657 697 
14 94 142 175 269 367 386 408 418 485 516 525 593 595 661 
4 298 436 493 573 
7 53 96 119 365 377 453 604 
10 107 116 216 241 291 308 357 476 516 521 
15 68 90 117 211 282 290 320 460 482 513 538 571 655 675 710 
13 116 125 162 201 221 281 319 321 330 450 515 591 643 
10 21 63 145 310 332 334 354 502 585 714 
6 46 91 175 291 448 645 
9 82 91 96 177 234 325 403 601 662 
10 44 174 185 416 552 559 560 564 602 683 
13 24 57 86 192 256 270 286 344 510 563 655 685 688 
4 66 387 412 489 
730 3653
16 45 115 177 203 206 220 224 236 258 298 410 424 460 512 589 629 
9 9 78 85 139 156 157 331 419 697 
6 41 253 310 336 434 480 
9 45 90 105 156 160 170 389 390 473 
7 175 283 376 423 429 620 634 
11 10 78 111 209 220 344 408 479 534 570 663 
12 22 83 99 185 249 302 327 348 451 455 611 662 
5 34 67 295 320 357 
9 18 108 133 150 173 276 487 627 706 
11 1 27 43 88 111 304 361 368 416 532 699 
13 5 145 189 215 225 266 395 428 496 571 604 674 723 
11 24 48 50 59 176 359 367 404 673 675 722 
12 15 41 234 248 253 407 469 487 580 656 658 701 
12 161 251 343 378 434 435 480 486 591 659 665 692 
17 61 118 133 159 192 193 215 230 237 282 392 398 520 564 587 708 717 
6 12 234 298 442 637 646 
7 100 186 195 314 350 584 662 
6 166 215 492 513 616 727 
8 8 191 221 315 436 539 662 715 
8 280 297 477 483 577 579 659 707 
7 239 244 245 314 548 620 689 
12 42 44 69 77 318 329 413 434 526 582 599 633 
14 6 58 95 202 212 220 296 418 463 488 613 646 647 690 
8 35 81 89 315 338 393 483 609 
10 11 121 263 307 327 356 509 524 600 667 
12 134 155 229 412 478 497 549 552 650 667 712 718 
5 265 316 449 627 715 
8 9 66 112 185 245 341 564 690 
10 134 150 154 173 186 375 549 559 620 683 
9 113 165 169 329 417 524 589 710 721 
8 107 184 193 513 538 650 672 708 
8 56 159 182 391 439 445 460 588 
11 155 251 360 381 433 581 618 634 637 680 681 
16 129 136 148 293 336 397 443 451 463 500 538 570 648 661 703 715 
10 7 171 245 266 467 473 509 529 600 723 
7 23 183 210 336 397 409 691 
6 102 200 448 449 560 645 
9 87 215 285 371 407 448 493 546 664 
11 88 115 118 205 424 494 503 513 530 593 613 
4 46 621 649 708 
14 59 199 274 285 322 340 415 455 461 504 512 515 576 672 
14 2 12 42 316 371 381 395 428 464 475 530 565 644 650 
14 21 41 63 167 215 224 239 263 330 385 419 461 551 728 
12 9 162 170 226 237 440 466 548 564 566 569 639 
16 21 107 132 136 140 149 236 339 366 456 464 612 634 667 690 707 
13 0 3 184 324 330 430 474 494 515 555 631 632 677 
11 39 161 264 358 498 532 559 579 628 670 700 
15 50 95 125 165 307 341 433 446 530 545 633 666 672 685 702 
11 11 79 109 246 258 346 420 468 531 532 690 
10 139 183 270 277 289 373 447 462 588 661 
10 11 47 267 330 519 563 568 589 667 687 
9 116 139 401 443 519 561 573 584 703 
9 133 270 441 462 477 566 633 686 695 
9 78 180 294 323 340 467 577 670 690 
6 147 244 290 539 625 685 
4 79 224 251 415 
10 31 65 170 194 306 348 403 410 415 631 
5 89 167 376 415 648 
8 22 93 100 375 388 447 472 476 
9 11 40 87 209 226 334 376 537 600 
6 70 185 253 307 352 479 
15 14 85 187 208 210 246 274 277 378 448 462 522 560 613 711 
8 80 287 363 384 552 613 651 694 
15 42 71 181 288 333 497 499 544 548 640 643 673 691 719 722 
6 71 316 378 408 710 716 
7 56 199 343 525 597 677 689 
9 27 186 192 305 415 489 592 666 677 
8 7 388 426 506 512 513 574 687 
9 126 272 293 298 308 366 481 608 719 
14 21 175 226 320 419 424 449 486 557 583 584 622 626 688 
10 60 92 152 205 209 478 535 551 660 713 
19 63 64 117 123 179 250 348 372 384 452 494 501 515 548 585 592 593 598 679 
8 130 143 236 423 448 495 547 711 
8 107 214 306 434 439 479 520 704 
8 87 124 168 258 356 461 575 717 
10 134 237 247 399 447 475 517 560 643 728 
10 123 137 147 316 424 512 513 545 581 653 
9 21 108 126 209 324 348 424 471 590 
13 1 5 53 255 272 289 318 360 430 473 553 592 716 
16 48 55 108 136 139 154 172 267 284 326 329 358 475 667 686 719 
11 62 105 130 176 279 363 467 497 508 567 678 
10 23 163 169 277 316 456 498 506 569 664 
10 188 223 237 242 431 516 627 647 693 694 
8 6 323 373 397 534 559 575 716 
5 190 289 398 612 649 
12 1 61 111 116 191 371 386 414 416 443 504 509 
3 307 364 444 
17 37 59 74 94 126 208 222 227 366 372 473 516 560 592 670 673 695 
13 9 38 133 194 226 282 325 343 441 457 527 614 669 
9 23 57 385 492 520 523 525 527 688 
8 3 110 241 244 450 565 656 657 
9 109 115 199 237 396 464 585 628 630 
9 70 100 118 150 193 432 438 481 578 
11 58 110 242 320 327 369 388 428 452 491 692 
8 87 166 264 284 357 359 518 709 
8 22 47 166 332 483 537 606 685 
4 551 619 666 708 
9 101 325 332 357 473 494 556 644 710 
8 117 170 176 249 257 278 361 618 
9 6 123 366 375 410 480 494 532 690 
16 16 58 92 113 177 232 255 370 411 435 458 471 479 491 600 644 
9 97 200 374 389 505 634 660 712 727 
13 36 106 124 164 210 266 303 337 369 382 465 581 650 
9 133 166 260 337 407 467 530 712 716 
6 351 392 413 574 674 725 
12 3 80 125 183 225 248 309 313 318 372 443 582 
7 102 132 188 294 483 550 587 
9 30 44 73 275 324 467 477 515 674 
9 8 77 79 167 251 362 445 465 560 
11 48 91 331 417 472 507 567 612 685 705 717 
9 90 93 134 136 258 263 376 406 612 
10 5 9 85 314 329 339 363 493 665 703 
9 27 126 265 267 288 345 447 583 695 
11 29 100 123 206 277 358 401 412 441 661 707 
6 180 282 324 471 522 703 
14 0 38 91 186 204 309 345 372 459 499 552 655 700 722 
8 51 85 242 338 375 519 608 670 
16 71 98 184 212 215 337 379 459 470 477 505 508 650 666 670 706 
11 14 38 92 135 297 361 377 428 507 555 609 
11 217 312 355 364 370 411 519 521 529 613 700 
9 285 321 410 477 616 662 675 683 725 
9 24 252 253 270 297 386 443 523 645 
9 137 270 330 355 380 443 453 522 606 
18 71 76 99 113 157 188 227 283 295 300 360 381 446 487 531 618 624 681 
12 74 102 153 394 431 496 504 537 559 569 580 689 
8 47 105 234 327 336 393 398 705 
11 68 77 87 112 254 325 428 575 620 675 694 
8 154 249 329 349 405 431 624 649 
10 227 234 262 413 551 587 641 656 667 712 
6 33 134 196 257 418 701 
10 72 80 151 179 356 398 415 471 499 557 
4 220 288 519 724 
14 44 106 233 258 277 406 417 457 509 516 536 560 603 720 
10 8 14 52 88 103 344 464 640 705 716 
11 25 28 75 110 129 177 179 210 351 515 695 
11 118 149 157 203 298 411 427 532 617 710 725 
19 33 44 79 110 157 176 178 218 265 288 331 346 347 375 378 507 557 558 712 
13 76 122 202 229 251 321 423 463 487 638 657 664 674 
6 280 286 298 356 399 718 
11 1 49 51 79 183 264 372 442 520 612 684 
19 44 157 172 259 287 300 323 330 345 405 441 454 473 539 555 583 586 598 709 
7 205 329 487 491 576 594 726 
8 185 189 249 277 338 474 630 667 
9 72 147 357 473 502 630 653 672 692 
8 181 211 254 307 387 440 530 614 
11 10 224 247 264 290 389 415 581 615 626 692 
4 340 423 424 579 
13 54 76 143 203 229 276 416 421 458 466 626 693 707 
9 33 178 211 229 305 349 473 506 714 
13 44 135 177 243 267 269 318 365 420 505 542 543 620 
9 8 28 92 210 314 344 424 458 692 
9 130 231 273 502 506 560 619 702 721 
10 70 360 370 474 508 527 597 688 713 729 
6 124 229 457 470 526 681 
15 28 79 127 181 259 281 289 358 447 456 464 556 563 614 654 
9 25 32 164 190 306 620 622 632 721 
10 1 3 166 316 348 361 412 426 517 685 
11 1 123 135 136 140 163 203 376 581 670 705 
12 268 296 299 316 317 343 450 474 512 519 530 686 
10 14 31 236 246 354 422 485 523 585 666 
10 3 235 342 385 450 483 516 557 646 713 
8 13 46 433 439 529 544 548 578 
5 43 220 465 480 655 
6 81 157 224 281 332 437 
12 102 155 193 205 238 240 245 280 327 335 694 704 
11 29 47 191 214 225 337 496 606 694 722 725 
15 17 94 95 103 156 171 197 340 374 391 429 633 659 682 701 
11 42 57 108 458 466 476 539 566 600 605 610 
12 74 173 262 309 335 415 431 443 446 477 577 581 
10 29 81 198 285 298 366 479 493 527 680 
15 3 43 56 98 203 211 260 267 295 374 500 568 598 702 719 
10 34 166 188 200 239 249 345 542 658 706 
12 79 140 184 337 360 362 423 548 584 603 675 700 
12 8 28 168 239 247 367 393 462 537 634 693 700 
8 185 201 245 273 276 398 573 663 
9 4 69 220 247 292 295 326 435 439 
8 11 80 98 136 251 275 295 373 
11 0 100 134 149 427 444 469 489 603 707 725 
3 136 148 406 
11 71 130 134 291 389 413 455 492 502 511 596 
7 53 114 379 555 635 639 644 
9 63 144 154 319 414 510 573 668 729 
9 31 391 450 486 525 609 610 639 675 
10 35 49 105 139 288 300 402 412 615 708 
17 30 45 117 172 258 282 349 364 401 403 457 462 489 536 548 567 644 
11 6 27 60 142 174 319 434 455 459 470 720 
14 16 28 66 115 229 258 271 357 435 443 521 526 546 687 
6 61 244 299 349 435 557 
12 82 106 123 171 248 273 320 355 447 536 564 567 
11 10 142 275 299 311 355 380 450 476 547 621 
7 84 155 546 553 564 625 696 
16 18 85 165 245 259 283 341 382 514 531 534 571 585 606 708 723 
10 14 66 469 482 486 535 565 602 696 698 
11 14 30 92 164 269 295 374 389 393 612 685 
3 56 88 291 
11 16 206 219 229 296 314 315 322 462 520 664 
6 129 234 295 406 484 590 
9 166 200 240 359 366 542 611 674 722 
5 169 416 543 650 700 
14 40 65 91 214 225 237 271 373 429 455 503 707 708 709 
9 36 101 171 197 214 244 455 587 686 
9 174 251 275 369 521 556 630 653 669 
8 22 137 224 245 371 600 614 665 
11 0 135 147 157 170 204 363 372 437 500 568 
11 115 203 273 460 524 557 614 638 674 696 700 
5 38 70 141 164 425 
9 0 113 195 407 442 459 509 575 706 
6 364 397 404 554 611 706 
7 61 87 300 340 394 528 561 
8 5 59 70 77 245 533 606 697 
18 35 61 102 134 150 246 279 284 298 431 445 501 550 568 650 683 693 729 
12 144 148 170 272 296 330 333 348 430 554 652 712 
7 22 117 226 281 352 690 714 
3 558 578 695 
15 73 165 199 200 290 299 318 321 473 498 511 519 573 685 729 
17 10 14 17 37 42 117 272 350 386 387 400 431 457 471 582 586 662 
3 235 536 638 
8 119 226 298 314 401 445 666 710 
8 136 363 415 437 530 541 556 657 
11 195 229 243 276 282 305 346 388 551 644 706 
14 0 5 22 131 162 175 348 377 452 492 522 656 662 685 
11 18 253 267 405 418 432 543 544 596 623 660 
8 87 239 247 354 373 475 571 626 
8 82 234 253 324 415 456 507 540 
8 0 42 55 145 163 202 246 725 
9 10 105 165 199 369 388 450 637 710 
15 43 59 69 88 212 217 252 293 300 302 376 430 533 544 636 
10 87 123 128 318 506 520 554 571 607 645 
3 256 299 562 
14 25 137 147 148 153 186 195 219 308 334 481 544 546 659 
7 14 338 424 455 532 673 693 
9 151 254 400 448 519 563 597 697 698 
6 100 444 535 547 611 643 
3 132 432 670 
12 12 15 125 128 196 223 293 359 448 484 607 705 
13 160 216 245 271 369 413 419 506 562 592 612 646 653 
10 0 44 72 159 322 388 489 514 588 602 
14 14 43 75 82 91 199 328 405 410 422 514 530 618 683 
10 164 283 287 385 413 594 599 622 651 691 
11 20 42 171 173 222 284 296 299 442 530 682 
10 164 197 262 308 328 329 437 469 541 554 
9 90 292 349 384 501 547 583 694 724 
11 82 93 116 314 344 382 405 500 525 536 729 
8 149 219 398 494 500 536 634 693 
10 20 54 90 187 200 290 328 463 482 551 
14 20 27 34 164 174 191 202 209 235 303 338 542 571 628 
10 48 61 159 210 224 322 395 445 685 700 
10 75 145 173 175 222 380 386 461 525 667 
11 12 105 188 258 302 324 380 513 576 624 690 
12 6 98 127 142 171 428 440 460 461 582 588 647 
5 71 295 398 411 580 
15 13 32 55 108 137 176 201 272 378 491 503 558 566 665 667 
11 121 226 257 313 405 419 474 519 709 720 722 
16 2 12 60 121 221 223 257 291 434 511 536 583 596 628 660 711 
11 126 144 231 278 456 465 631 657 694 706 717 
3 78 100 362 
12 228 264 337 338 341 349 422 482 566 600 616 637 
5 98 129 252 253 646 
12 0 48 74 110 132 184 186 248 307 469 572 639 
5 140 154 191 432 624 
7 103 170 412 438 515 612 678 
5 363 397 507 590 716 
13 128 168 240 365 445 449 455 458 522 532 663 675 729 
10 24 42 110 306 308 435 446 567 630 718 
9 46 94 139 145 256 357 445 687 725 
7 26 112 136 401 549 590 719 
14 10 34 102 275 291 302 317 342 421 474 653 663 672 674 
14 50 79 112 149 170 221 276 365 422 426 456 584 645 664 
7 158 402 416 543 563 587 645 
7 149 193 395 501 514 536 667 
17 49 52 121 122 294 302 316 344 347 380 461 462 477 550 561 576 709 
9 186 199 235 344 421 434 457 618 729 
11 68 78 211 215 251 331 468 488 559 632 708 
10 151 174 188 204 373 433 465 504 536 618 
6 40 61 397 410 541 561 
8 107 176 189 201 266 339 360 570 
12 8 147 174 219 267 296 331 350 448 464 578 617 
14 49 61 81 113 132 142 306 324 426 476 484 497 511 517 
7 98 254 290 625 638 648 687 
7 80 210 346 495 510 597 692 
14 19 138 164 283 290 414 420 504 552 561 567 576 584 644 
6 154 163 212 453 515 660 
8 14 88 114 184 219 458 508 648 
11 4 123 191 238 280 323 473 493 546 616 641 
7 79 94 210 239 445 617 715 
9 37 40 120 169 371 503 510 604 605 
4 138 465 636 723 
10 62 140 238 346 349 427 500 508 567 576 
9 63 112 131 136 183 333 337 513 720 
11 49 78 84 154 320 323 465 498 575 580 621 
17 54 145 214 244 278 280 300 328 331 553 575 586 588 615 648 678 726 
8 179 194 253 266 359 441 457 535 
5 175 241 471 521 577 
10 33 68 226 234 335 451 506 533 557 642 
6 53 106 270 349 491 655 
17 7 123 170 175 176 193 196 250 424 452 476 480 483 492 493 523 721 
8 22 158 195 211 239 276 544 628 
8 19 118 121 345 389 535 631 683 
17 0 15 68 135 138 169 210 217 323 335 388 397 417 444 532 628 633 
14 158 187 189 214 228 239 390 416 482 540 566 652 676 695 
14 123 140 183 208 226 290 316 489 508 558 593 653 699 717 
6 447 473 533 612 711 712 
8 6 226 248 266 270 384 437 603 
3 102 245 464 
6 9 354 387 442 646 651 
4 66 148 219 431 
14 56 73 155 263 277 455 526 545 596 621 664 717 718 728 
12 24 47 60 86 144 258 377 379 383 463 513 654 
8 68 229 240 263 338 363 420 623 
8 105 115 168 357 381 415 570 643 
10 2 362 483 498 551 555 579 582 611 661 
4 189 369 550 574 
3 119 396 708 
8 105 252 414 483 516 524 573 669 
18 16 20 111 150 195 217 242 410 415 439 505 513 528 539 629 662 673 719 
6 18 23 195 430 454 700 
13 26 41 64 76 81 156 158 270 300 336 409 494 641 
6 158 266 361 430 465 510 
9 21 78 105 149 214 227 488 580 708 
5 181 185 360 601 676 
11 7 69 93 188 289 326 467 576 605 696 721 
9 120 137 214 467 502 518 541 638 696 
8 40 195 236 246 402 410 455 582 
12 53 83 140 283 289 298 340 369 569 575 607 725 
14 45 77 107 114 223 248 277 507 515 526 609 624 626 647 
10 88 97 126 330 406 441 457 475 625 714 
9 79 175 320 333 417 558 586 589 706 
13 6 24 93 125 164 523 559 595 621 633 694 700 729 
8 237 240 244 290 583 674 678 716 
14 21 29 79 111 127 141 240 345 412 486 519 527 591 714 
13 42 45 50 122 140 211 325 365 414 416 643 666 704 
11 1 109 136 272 276 290 403 546 582 701 715 
5 95 97 163 526 564 
10 63 211 288 326 345 349 367 411 637 665 
3 59 229 533 
10 164 168 293 298 427 451 508 564 588 678 
14 2 33 35 125 316 404 423 432 435 472 499 527 530 614 
12 102 103 117 165 172 256 288 381 408 424 506 605 
12 23 116 142 230 245 256 308 537 541 616 657 671 
6 44 111 275 352 467 701 
11 40 53 146 166 208 323 466 504 590 668 716 
11 27 47 191 256 390 463 531 532 607 630 651 
9 160 266 373 455 543 592 630 648 673 
7 13 65 88 158 478 514 668 
9 5 133 150 242 270 271 435 529 577 
14 112 115 140 171 297 329 333 433 442 551 596 602 680 722 
10 48 136 219 279 287 493 502 516 595 690 
7 136 270 473 555 575 648 678 
15 6 56 71 77 156 211 220 381 382 408 409 478 498 512 616 
15 127 148 184 187 241 256 287 294 333 417 467 527 672 684 716 
5 16 215 276 547 587 
5 104 134 425 443 478 
9 60 212 339 374 376 393 439 475 552 
4 412 459 536 556 
8 159 222 304 368 377 433 588 637 
9 119 122 188 189 396 410 538 609 610 
7 24 74 130 138 452 547 636 
11 7 94 97 143 186 264 309 402 505 620 640 
10 46 79 113 154 385 629 655 667 689 723 
13 11 94 197 234 291 371 410 496 528 556 676 701 717 
12 32 78 123 152 172 275 319 362 433 478 653 719 
10 9 98 118 156 317 373 425 490 599 693 
8 108 172 255 310 360 388 448 695 
13 62 80 111 203 218 261 308 505 507 516 648 706 711 
6 86 119 184 207 462 651 
6 149 262 267 330 544 713 
10 44 68 87 99 169 197 422 518 589 639 
5 11 173 333 394 523 
9 9 354 384 412 420 566 573 657 673 
9 93 102 201 225 235 311 323 496 588 
7 100 119 152 371 508 551 697 
11 37 41 85 202 285 359 370 433 462 584 636 
10 71 87 105 115 139 203 450 617 638 669 
14 49 83 176 199 222 273 342 361 403 542 561 562 573 658 
15 101 166 170 193 352 375 443 454 479 483 488 573 592 702 725 
10 28 58 99 116 136 374 455 593 599 674 
10 4 57 59 110 157 226 352 449 490 491 
9 118 220 307 354 543 596 629 645 668 
10 13 61 64 136 251 379 477 491 492 705 
10 117 180 307 378 443 471 474 509 537 629 
9 122 189 247 248 270 391 507 642 717 
8 32 41 123 309 337 348 560 579 
11 102 191 242 348 399 421 462 484 586 624 697 
9 307 419 470 496 524 640 649 654 701 
14 62 71 241 302 368 444 453 464 482 552 562 599 603 699 
11 42 89 160 238 358 408 451 464 493 664 700 
13 85 121 215 247 443 454 548 549 556 605 690 699 725 
9 144 215 304 464 483 498 557 667 692 
14 58 67 93 219 225 236 298 362 412 423 494 569 702 705 
10 3 101 145 179 193 297 460 461 633 658 
6 3 299 341 535 544 695 
8 31 166 182 380 474 594 634 726 
4 14 104 419 580 
11 23 125 173 193 352 594 599 674 709 725 726 
5 124 208 367 451 656 
8 10 41 246 269 529 541 668 689 
8 91 312 355 470 523 539 579 642 
11 33 35 83 207 261 274 298 440 530 613 668 
11 14 84 125 130 174 243 250 488 532 569 697 
7 75 138 382 502 567 613 620 
12 215 231 412 426 536 570 595 602 646 701 721 727 
9 51 113 184 217 265 483 519 525 638 
10 183 268 322 357 434 479 487 493 503 632 
7 56 184 331 373 568 574 588 
6 11 207 336 523 649 689 
11 127 140 221 237 242 252 477 519 551 684 717 
9 110 132 178 196 325 504 572 607 702 
12 12 37 103 206 433 546 583 608 609 635 636 669 
11 5 64 337 348 385 468 565 593 596 680 702 
6 35 316 348 491 548 650 
14 0 56 99 120 237 274 314 322 355 359 433 623 713 718 
12 100 119 135 250 333 443 499 630 634 635 657 696 
16 25 113 156 183 260 329 353 368 388 400 452 472 495 638 712 719 
14 21 104 128 179 235 238 436 443 476 543 575 606 670 716 
10 85 181 280 313 330 456 467 531 546 564 
17 40 55 56 57 66 130 145 168 218 223 309 314 436 460 485 517 633 
13 9 85 147 198 268 299 330 494 574 632 672 679 705 
11 29 109 132 298 326 349 561 611 633 656 723 
5 22 129 221 547 583 
8 1 42 69 235 252 383 392 543 
15 48 149 280 308 368 467 493 534 579 592 593 607 610 663 697 
7 147 266 271 382 425 646 711 
11 159 237 256 267 366 434 484 601 637 663 699 
11 4 72 137 146 172 336 388 464 497 635 673 
14 0 38 69 76 77 146 150 230 295 337 448 517 585 703 
8 205 351 361 421 592 635 717 723 
11 67 156 267 277 400 457 463 468 503 606 712 
11 135 177 287 335 442 489 519 536 645 680 716 
11 10 41 93 118 126 249 491 542 600 641 707 
8 4 166 199 436 539 563 577 644 
9 45 78 211 226 315 317 476 558 716 
9 82 124 127 168 210 215 305 520 618 
9 92 221 233 259 336 522 562 610 659 
12 32 47 161 273 345 354 360 371 407 410 436 619 
13 2 13 21 73 185 253 271 402 422 523 608 620 662 
16 13 100 175 186 187 263 336 344 525 536 582 609 629 676 695 710 
6 18 413 415 429 433 686 
10 163 203 218 240 302 471 503 552 608 707 
9 92 260 503 507 542 558 583 595 639 
11 31 73 161 175 314 352 478 544 580 610 667 
8 43 144 249 397 446 496 661 696 
11 52 88 113 140 291 325 473 530 686 705 714 
14 15 139 206 239 304 345 427 445 504 603 607 666 681 689 
18 33 51 85 105 121 122 168 186 351 374 379 386 411 413 530 567 616 649 
8 86 177 232 298 384 456 607 648 
13 31 108 210 217 246 262 264 284 442 469 571 588 648 
7 47 123 168 263 440 646 718 
11 49 58 75 112 154 188 301 643 666 704 728 
13 36 37 61 72 231 234 276 362 424 506 592 699 715 
9 26 36 69 262 376 518 540 598 605 
14 90 158 160 182 189 225 372 482 533 545 574 583 641 688 
7 6 33 293 335 385 394 590 
9 71 93 220 295 356 412 549 582 701 
6 122 281 384 464 619 634 
8 140 315 374 386 485 529 627 671 
22 6 40 179 185 199 200 230 262 306 322 342 375 456 473 476 506 540 610 612 659 686 698 
16 44 81 154 223 254 267 414 444 455 490 494 515 529 571 637 680 
13 88 132 153 184 215 271 291 325 426 461 477 487 544 
7 100 147 150 167 262 282 720 
9 115 117 185 206 353 488 524 647 683 
10 0 31 204 249 389 415 461 480 536 668 
13 40 42 74 247 249 270 389 457 460 515 530 537 591 
18 49 52 61 173 184 195 270 364 371 382 475 483 522 594 616 628 683 684 
11 22 33 137 244 307 341 426 476 579 644 675 
18 41 44 91 133 154 276 303 384 385 387 423 453 473 476 502 622 626 661 
14 102 108 162 254 273 286 289 317 467 474 507 508 520 599 
7 43 147 167 340 469 503 520 
17 34 53 80 103 107 320 321 339 349 414 420 465 482 512 569 616 655 
7 48 272 408 426 675 679 712 
11 12 177 192 240 258 445 466 488 516 519 726 
9 117 153 185 383 396 504 549 607 626 
13 77 100 114 130 215 292 379 437 492 501 598 638 670 
9 58 109 336 412 476 594 635 648 720 
21 3 34 78 87 97 140 143 148 214 283 301 347 441 455 464 517 573 613 632 684 723 
12 45 142 152 158 252 266 379 391 465 499 535 607 
14 41 75 79 222 325 352 462 517 527 535 577 654 681 700 
16 58 167 189 277 295 413 430 455 463 464 472 599 633 698 712 717 
13 19 52 107 117 120 168 270 378 405 457 491 533 687 
12 25 70 343 348 351 360 439 545 592 624 637 727 
9 5 60 73 100 169 374 402 542 571 
10 2 13 99 162 295 460 519 594 708 724 
8 68 92 229 491 508 533 605 679 
9 192 244 256 299 384 450 467 497 602 
15 19 23 95 106 160 295 310 313 374 387 401 462 501 539 708 
11 196 234 277 382 422 545 547 568 596 670 714 
4 159 415 454 718 
9 13 69 182 192 329 587 636 637 716 
8 8 12 123 137 141 402 457 706 
10 22 272 318 374 398 459 469 525 643 652 
8 66 177 184 236 300 427 508 702 
8 361 376 456 491 494 560 572 700 
14 93 100 141 251 294 376 378 409 428 477 481 490 611 654 
9 17 89 179 220 295 378 471 614 653 
11 37 111 169 283 295 346 385 402 420 560 674 
19 38 45 71 97 99 243 316 388 416 456 490 542 553 599 607 618 673 675 722 
6 72 279 412 503 539 658 
9 10 124 165 359 369 383 440 611 672 
10 25 63 80 277 423 482 522 583 592 677 
9 46 81 214 289 310 348 387 579 591 
11 63 115 130 336 411 474 509 557 615 633 706 
8 33 170 203 242 243 287 669 725 
12 71 210 241 269 471 483 579 593 597 664 703 710 
10 143 151 179 321 346 399 464 509 553 610 
11 38 199 251 285 402 426 437 438 466 495 568 
12 40 85 124 273 280 340 406 442 470 603 614 723 
12 101 117 149 314 357 363 580 599 640 654 662 671 
18 67 81 148 151 227 235 293 337 448 455 599 605 664 665 669 673 707 725 
12 109 118 136 223 261 324 363 380 438 465 547 676 
12 80 117 152 282 287 300 335 370 465 481 489 631 
12 24 34 85 132 206 379 499 502 530 630 684 697 
5 181 279 285 317 571 
5 179 214 253 277 563 
10 0 40 67 76 158 348 467 553 608 630 
14 17 30 38 67 76 248 288 307 314 540 562 608 629 728 
9 191 236 237 269 343 577 616 666 679 
11 40 45 71 107 134 260 281 324 456 461 727 
9 82 87 132 160 313 346 363 469 657 
8 75 156 277 415 424 473 475 729 
5 94 321 366 449 719 
18 50 51 116 119 131 158 214 231 252 329 401 405 427 469 480 521 619 697 
13 14 73 89 139 195 227 431 465 466 545 563 576 637 
12 119 186 201 292 519 533 549 577 580 582 622 669 
11 61 114 122 220 262 432 462 497 560 685 722 
13 89 121 159 295 327 367 396 404 434 553 595 610 688 
12 24 29 204 313 383 459 557 574 614 629 681 727 
10 65 89 182 242 247 401 435 488 601 678 
9 21 153 186 306 324 332 585 671 684 
13 88 89 152 169 329 336 349 475 554 559 625 629 643 
6 208 314 359 589 648 718 
11 34 119 161 344 395 454 456 626 672 673 724 
21 38 41 47 103 144 158 218 237 239 336 397 441 443 461 509 552 563 586 632 633 683 
5 48 123 191 341 414 
16 9 46 48 99 135 230 262 298 341 398 570 592 617 633 677 724 
13 209 226 293 301 334 450 477 481 521 603 636 660 725 
8 5 83 191 420 663 666 667 724 
10 70 192 232 291 297 390 474 475 635 669 
17 132 184 188 216 242 243 253 269 273 353 400 427 435 460 671 706 718 
10 59 95 124 173 338 379 461 585 668 697 
4 30 33 355 654 
11 18 54 140 167 314 396 429 483 495 672 699 
10 223 299 449 455 513 544 586 592 610 626 
10 218 240 274 321 338 395 596 639 685 688 
10 149 171 197 245 373 428 438 479 494 572 
11 149 198 221 268 342 377 413 419 581 597 722 
11 63 161 221 226 229 296 365 390 439 457 540 
9 47 76 306 450 478 484 520 580 665 
10 37 186 190 229 283 331 407 414 674 689 
11 72 189 232 241 350 356 418 484 507 605 641 
11 20 43 63 71 161 172 184 386 409 680 719 
9 25 28 265 386 452 470 521 698 720 
6 106 210 270 311 565 674 
14 42 70 96 128 219 244 310 345 370 405 595 606 634 637 
10 25 62 115 280 352 384 437 530 653 727 
8 78 190 290 494 502 512 523 681 
7 207 211 227 240 527 596 692 
9 45 118 140 180 310 347 650 654 705 
9 97 154 201 218 353 359 386 609 649 
12 69 130 136 160 187 204 293 387 499 524 563 708 
10 136 213 251 300 326 430 438 593 638 646 
8 28 46 83 124 272 327 527 608 
16 36 61 75 87 108 132 151 381 490 493 522 565 566 578 693 707 
9 51 208 270 274 280 373 417 707 725 
8 228 235 373 384 432 513 564 594 
11 50 154 231 268 429 511 520 530 557 584 655 
13 14 27 43 188 190 332 335 414 562 632 640 651 704 
8 41 90 192 408 550 560 615 725 
10 43 52 167 251 256 299 368 560 598 672 
11 80 109 184 188 263 280 287 399 443 602 713 
9 50 170 203 210 403 484 503 594 713 
9 43 81 124 323 388 398 467 605 624 
7 5 33 275 309 400 532 662 
12 10 191 222 227 245 445 456 479 510 601 645 666 
8 258 406 490 542 587 590 628 695 
12 51 174 181 214 313 368 373 374 473 578 587 598 
10 67 104 311 403 416 450 524 632 671 729 
14 74 83 126 206 289 290 323 347 413 610 615 621 661 711 
10 40 141 248 270 280 287 320 520 670 696 
12 19 53 168 292 344 429 475 514 521 603 617 715 
7 92 161 213 276 560 573 620 
15 19 46 146 310 381 396 420 463 498 501 590 687 693 707 729 
11 12 124 250 289 318 392 439 505 521 545 708 
10 32 76 102 145 157 168 543 648 659 723 
12 21 105 215 249 310 322 331 435 452 521 686 697 
11 69 112 140 241 253 328 407 418 438 450 497 
8 16 51 69 172 267 280 371 563 
8 71 91 159 191 424 526 537 684 
8 140 215 290 326 382 530 540 656 
14 14 106 128 200 268 350 486 572 573 617 644 693 715 727 
11 31 49 236 249 290 335 354 369 403 445 658 
6 0 29 50 326 366 528 
12 77 196 261 265 340 451 572 579 595 604 618 716 
7 13 329 461 498 594 646 654 
15 66 71 78 87 235 342 374 420 425 448 478 497 532 540 656 
10 38 71 300 375 408 420 501 558 623 628 
14 141 238 391 393 462 472 480 562 568 591 617 650 678 717 
8 327 346 400 438 523 551 590 711 
11 179 221 253 306 345 377 408 484 541 554 622 
9 65 152 231 279 501 543 632 653 721 
10 71 140 170 449 471 566 573 661 686 729 
14 21 238 361 375 384 393 465 476 494 505 506 604 619 629 
8 24 34 59 100 167 202 256 428 
7 319 422 525 571 628 640 699 
7 192 236 345 400 482 567 713 
11 132 172 177 302 384 442 504 533 577 648 689 
5 10 285 590 599 685 
10 167 285 320 337 386 449 481 506 547 569 
13 95 122 165 191 209 413 426 551 613 630 641 642 644 
11 227 234 323 341 406 420 442 444 470 474 494 
9 68 116 407 434 437 512 513 559 681 
10 23 118 182 324 355 407 435 556 684 712 
11 167 182 355 420 432 439 455 502 523 540 575 
9 6 197 207 232 310 417 491 496 613 
11 44 84 109 110 139 193 235 260 301 455 648 
12 22 38 61 62 119 397 399 473 606 611 619 620 
9 88 144 154 202 204 336 492 504 524 
7 145 183 290 499 565 575 660 
11 17 120 256 283 338 348 443 462 467 514 640 
8 135 276 284 372 532 577 587 594 
9 32 98 123 237 271 273 431 494 590 
7 96 151 433 453 519 599 613 
11 4 20 28 126 149 155 357 399 434 578 613 
7 39 189 289 306 327 575 636 
7 69 155 238 464 521 596 706 
5 221 308 410 593 712 
10 123 127 248 259 324 382 478 569 699 722 
8 54 190 278 325 527 639 659 720 
11 69 145 147 222 324 464 470 529 540 657 720 
5 8 26 82 454 705 
12 46 91 245 253 296 298 462 572 593 601 682 729 
11 0 314 358 377 379 435 513 524 527 599 668 
11 91 142 143 201 263 341 342 411 509 512 606 
6 45 56 254 297 508 729 
11 45 155 272 402 416 473 530 564 574 597 649 
14 21 47 52 166 298 327 389 415 417 476 499 530 532 673 
11 4 32 44 101 173 243 391 411 453 551 669 
7 180 407 411 423 425 472 535 
8 226 286 356 371 407 486 533 621 
13 15 32 225 256 333 354 422 456 478 486 520 551 645 
12 137 204 216 278 321 372 401 412 471 558 668 673 
8 43 180 182 258 366 438 541 625 
9 63 133 357 383 505 564 601 616 648 
8 128 283 316 428 450 547 606 696 
7 293 380 396 606 684 692 717 
10 63 75 232 309 330 447 488 527 684 690 
12 41 97 100 180 184 219 280 429 463 587 606 664 
11 36 121 227 267 268 377 427 571 637 682 699 
11 15 22 160 235 257 304 400 421 446 558 591 
5 22 82 249 324 459 
18 33 57 278 282 290 342 347 363 444 445 472 528 581 603 612 640 677 694 
8 39 84 127 383 404 443 556 632 
10 25 30 41 102 117 198 210 409 555 594 
7 62 238 304 341 364 564 668 
5 211 299 488 697 714 
10 76 143 201 235 266 300 360 492 552 597 
10 154 307 383 475 491 505 538 555 591 672 
6 115 162 294 358 467 563 
9 12 90 128 220 394 417 586 592 697 
9 90 137 218 254 338 368 411 516 626 
6 12 171 373 389 495 588 
8 13 19 166 229 432 455 581 625 
8 70 101 221 253 281 533 615 663 
8 33 49 113 310 440 464 575 598 
13 6 16 18 120 215 220 314 434 505 570 667 697 707 
10 5 174 262 266 420 422 534 660 702 718 
10 37 81 137 195 267 306 385 501 506 644 
10 13 111 202 251 333 506 545 676 697 701 
12 47 66 96 117 159 217 330 442 447 514 534 571 
15 24 25 44 50 79 128 142 247 251 269 358 387 439 534 662 
13 181 340 343 377 395 397 460 537 629 638 651 669 720 
11 88 201 313 372 407 500 506 521 535 634 668 
11 46 53 87 116 117 157 233 413 471 484 576 
7 338 454 505 526 536 574 695 
12 30 40 47 143 266 349 416 496 529 539 566 654 
13 11 63 87 230 314 342 368 423 494 506 529 633 638 
13 10 104 107 137 197 204 266 328 375 393 493 546 550 
9 11 120 126 172 182 262 463 468 494 
7 299 319 359 435 507 665 703 
7 45 65 66 497 532 648 704 
8 80 260 290 328 335 347 525 594 
5 71 416 468 481 514 
8 32 169 345 408 427 456 548 719 
8 32 123 153 442 475 524 553 608 
5 166 239 628 645 711 
9 28 120 210 237 297 459 462 530 729 
12 139 349 405 462 473 509 526 585 609 642 643 728 
12 47 54 95 109 156 193 214 220 246 522 541 604 
10 52 79 158 200 436 441 455 582 598 691 
9 50 67 186 264 278 477 579 707 718 
7 69 89 152 450 523 541 704 
9 20 65 124 358 395 404 442 546 603 
11 22 27 44 48 53 99 212 248 346 386 643 
5 35 63 238 686 693 
9 13 93 143 145 150 279 387 554 642 
12 82 147 173 210 230 243 361 560 579 587 691 703 
9 62 82 126 164 165 241 254 327 648 
12 52 87 112 134 213 299 362 390 435 572 671 713 
9 190 192 204 320 321 411 440 576 641 
15 1 209 231 370 382 398 420 509 519 537 582 652 656 662 665 
5 192 231 455 476 549 
10 9 300 384 386 422 448 539 601 624 645 
13 46 115 119 172 173 198 204 246 315 327 385 475 490 
11 12 129 166 331 339 359 383 400 452 665 713 
9 47 151 170 374 388 406 408 489 663 
8 33 51 111 114 424 501 676 693 
7 73 164 330 447 564 677 688 
11 109 125 133 157 234 378 388 416 441 555 627 
13 8 117 171 206 207 219 254 326 363 487 499 536 622 
14 19 44 113 147 177 199 428 437 506 560 561 579 662 687 
15 14 30 39 96 183 191 199 272 312 318 480 483 557 580 724 
7 94 140 199 252 270 393 721 
8 29 64 97 135 217 225 435 501 
9 61 72 253 301 363 421 575 595 682 
13 25 101 103 128 136 211 301 412 426 468 476 609 623 
10 70 152 160 365 410 567 568 602 695 701 
7 148 212 325 329 441 484 652 
8 18 26 33 284 331 448 577 587 
15 64 78 83 103 133 261 328 340 349 413 427 430 486 590 720 
13 14 74 109 254 300 306 359 380 405 425 476 594 642 
11 25 138 263 306 410 446 485 528 536 663 687 
11 63 68 79 170 265 314 360 412 518 548 680 
11 132 185 252 288 458 472 549 625 626 668 716 
8 29 151 155 295 320 400 597 709 
11 11 63 115 165 197 252 345 494 522 543 624 
10 10 34 191 286 358 417 425 473 504 581 
7 131 241 480 529 532 534 708 
16 104 120 135 165 177 224 264 323 374 386 393 500 506 533 561 565 
5 141 290 391 393 469 
8 17 101 400 478 515 524 552 587 
6 42 75 306 447 513 684 
15 152 181 210 214 242 262 271 327 517 574 579 598 628 631 683 
