740 3637
13 3 4 7 64 114 116 214 229 278 323 363 683 691 
11 23 104 225 241 242 261 363 389 466 654 692 
10 19 167 207 226 287 299 333 533 535 616 
8 0 97 155 221 243 308 548 700 
14 0 35 36 44 46 68 142 161 222 471 509 524 581 715 
10 43 120 248 350 351 399 445 476 487 675 
6 115 198 204 389 637 653 
10 0 198 292 307 405 418 490 524 613 628 
5 210 224 509 523 555 
11 27 68 103 351 443 464 500 537 592 640 659 
10 18 42 56 143 149 164 257 286 616 621 
8 65 76 91 241 277 354 379 719 
7 44 50 92 105 200 220 647 
14 133 176 203 250 262 306 411 417 420 505 581 585 623 701 
6 21 245 301 538 659 678 
11 48 249 312 380 395 448 456 457 491 592 595 
14 18 162 234 251 306 355 390 413 434 527 537 570 623 707 
17 34 152 236 315 335 337 390 444 445 449 460 506 517 520 585 603 641 
12 10 16 28 34 217 272 310 403 501 555 608 662 
11 2 139 173 178 391 418 449 540 606 657 675 
13 204 239 337 354 377 421 474 494 544 572 573 617 672 
9 14 28 144 250 345 427 571 581 644 
10 90 157 178 193 335 482 622 698 722 723 
6 1 116 128 132 333 350 
5 194 322 430 490 622 
8 248 270 313 380 416 464 531 573 
10 68 74 201 358 363 381 459 549 667 727 
11 9 64 116 167 230 288 527 562 568 581 635 
15 18 21 69 85 155 210 277 278 298 344 552 555 650 703 717 
10 62 103 178 244 409 470 474 503 605 628 
6 73 318 481 486 543 659 
11 43 48 100 151 161 218 365 426 538 543 638 
10 91 136 162 242 287 401 530 595 605 649 
10 43 118 160 195 261 321 343 365 478 652 
7 17 18 159 222 271 673 694 
10 4 41 66 216 294 374 484 525 526 688 
10 4 38 214 239 281 301 418 657 683 716 
7 42 45 173 180 518 620 709 
8 36 155 208 220 339 407 478 721 
7 146 225 253 334 360 531 694 
5 380 591 657 662 739 
9 35 105 245 271 278 313 324 336 644 
7 10 37 64 96 306 331 567 
11 5 31 33 60 104 200 305 430 431 554 706 
14 4 12 131 157 176 207 211 377 420 431 498 550 606 642 
11 37 111 126 133 141 370 372 375 489 662 709 
10 4 56 102 183 313 327 503 648 708 730 
10 77 128 184 325 434 461 542 589 609 666 
17 15 31 66 355 414 431 450 459 462 481 518 541 570 610 673 723 739 
9 52 169 191 235 255 299 472 501 597 
9 12 62 200 344 457 478 479 522 712 
14 167 175 202 291 302 304 321 453 500 578 590 601 627 712 
14 49 117 143 220 377 393 409 472 542 548 575 611 630 705 
15 70 145 180 201 213 290 340 371 382 482 510 513 520 674 681 
9 125 128 216 239 276 388 400 411 517 
9 115 192 251 270 489 507 565 671 692 
13 10 46 150 158 218 253 321 355 394 469 470 638 639 
8 124 165 223 285 348 512 632 712 
8 79 135 193 210 361 431 600 663 
11 116 222 261 269 307 350 454 492 512 562 586 
12 43 61 76 154 179 193 200 214 323 510 524 547 
9 60 192 266 438 442 499 526 561 643 
8 29 50 168 206 480 525 549 590 
5 137 357 532 538 646 
14 0 27 42 172 217 218 242 287 316 582 599 671 700 718 
9 11 229 292 377 415 426 437 443 704 
7 35 48 135 152 206 589 660 
3 322 468 543 
12 4 9 26 176 218 315 372 435 464 542 627 715 
13 28 118 153 173 238 364 433 465 501 527 593 680 709 
6 53 135 142 309 397 588 
10 100 120 234 289 290 435 467 587 677 710 
12 76 112 150 196 371 378 432 447 469 499 633 729 
12 30 147 149 460 464 521 538 555 574 585 628 675 
15 26 98 116 195 211 256 369 417 441 462 555 608 627 687 704 
7 90 257 268 282 360 470 504 
13 11 60 72 147 167 324 381 433 439 530 587 657 690 
5 47 313 335 408 585 
9 88 90 191 277 288 303 352 384 646 
6 58 241 322 416 501 702 
14 96 105 144 146 153 197 300 349 367 452 628 650 691 734 
10 119 159 202 287 354 444 448 535 648 694 
13 132 157 220 235 306 319 456 524 552 555 648 665 728 
13 100 130 167 173 217 239 294 448 624 626 667 686 689 
9 163 176 286 289 335 445 446 575 629 
8 28 279 340 342 409 430 590 617 
5 111 179 254 536 547 
6 99 165 327 438 553 633 
14 78 169 172 199 217 246 290 353 355 401 527 680 690 712 
13 154 155 226 265 270 310 449 474 482 506 549 589 642 
9 22 75 78 227 313 424 514 669 719 
8 11 32 356 400 411 413 439 674 
3 12 135 583 
9 123 194 225 378 439 447 449 457 621 
7 210 229 404 429 606 640 705 
10 116 218 243 262 288 371 433 454 630 739 
11 42 80 126 172 197 295 337 410 431 590 694 
10 3 191 192 273 324 374 441 515 568 732 
8 74 144 177 195 217 259 271 385 
10 87 232 238 301 515 527 578 603 646 697 
11 31 71 83 186 193 352 422 428 484 701 725 
10 162 268 336 414 535 538 562 601 655 684 
8 46 109 157 241 357 528 625 706 
7 9 29 172 198 244 397 478 
13 1 43 142 185 186 194 199 227 262 304 355 357 361 
17 12 41 80 116 126 144 147 161 179 292 343 344 364 683 706 713 720 
3 242 462 619 
16 137 239 266 318 335 391 407 423 482 562 578 583 616 640 666 733 
9 155 194 279 316 375 407 526 655 733 
8 102 118 124 136 495 510 558 732 
4 242 365 568 722 
15 45 86 164 179 217 334 417 449 453 522 569 621 630 637 711 
10 72 182 193 314 317 342 345 348 444 669 
13 221 238 240 368 370 429 452 479 523 657 709 734 735 
10 0 199 304 330 459 569 602 651 675 697 
12 6 55 243 246 293 313 327 360 410 431 510 643 
12 0 23 27 59 74 95 105 259 290 498 545 651 
8 52 197 377 444 495 500 584 700 
16 33 69 109 126 208 263 269 279 311 320 476 480 537 617 660 665 
8 81 197 207 278 425 547 623 628 
7 5 71 233 341 387 430 624 
7 164 185 234 261 345 392 726 
4 413 456 630 653 
7 93 216 267 381 648 676 679 
9 57 109 132 344 346 351 368 523 643 
5 54 288 312 492 515 
11 45 96 105 118 160 169 507 573 601 610 623 
5 182 280 439 586 609 
8 23 47 54 145 159 226 610 718 
9 224 268 327 422 455 540 593 624 676 
7 83 257 299 322 367 391 480 
10 44 134 179 251 291 498 557 644 646 688 
8 23 82 124 358 420 502 679 726 
11 13 45 291 356 423 445 487 492 675 701 722 
11 131 138 143 154 163 252 275 324 385 510 646 
15 58 66 70 92 353 373 405 433 441 481 486 543 601 699 717 
10 32 109 194 257 281 424 436 634 635 700 
9 63 107 160 229 444 570 588 667 718 
11 134 230 332 391 416 425 448 537 575 723 724 
7 19 151 407 428 552 574 709 
13 188 254 299 388 421 429 430 546 556 567 669 684 723 
12 45 243 384 413 534 569 595 597 664 691 723 737 
15 4 70 104 148 171 270 297 318 332 504 575 665 687 723 736 
9 10 52 134 226 250 268 459 552 723 
14 21 80 98 105 201 273 298 303 325 430 453 515 570 718 
6 53 128 204 290 313 722 
11 39 80 160 242 304 341 391 408 427 535 556 
7 73 76 105 251 411 508 677 
9 142 162 322 517 524 534 621 694 710 
14 10 73 168 329 383 396 460 507 545 594 607 671 706 727 
12 56 72 151 204 206 277 314 415 469 584 682 687 
8 31 139 150 363 395 479 622 703 
10 17 66 155 234 298 300 342 513 604 659 
8 69 80 327 432 459 490 568 733 
11 60 89 134 353 423 429 474 512 545 609 663 
13 3 28 38 89 108 152 206 260 269 324 411 439 472 
9 170 190 194 200 219 234 244 245 639 
12 22 44 82 102 424 431 440 525 562 579 651 667 
5 56 300 415 541 697 
12 34 81 128 260 312 323 347 417 469 509 553 716 
8 33 126 137 146 371 418 562 620 
9 4 31 105 211 219 449 530 581 598 
14 16 32 101 148 190 248 278 296 315 318 480 600 637 688 
15 84 134 167 168 172 175 362 474 476 538 609 631 645 660 690 
14 10 111 121 189 233 245 260 274 289 388 462 482 569 728 
11 57 87 178 217 226 385 411 464 501 507 624 
15 216 237 257 300 347 380 497 535 540 582 595 604 614 624 650 
20 2 27 51 76 83 163 213 223 288 304 307 353 386 395 508 519 659 675 683 688 
11 62 149 163 256 322 372 568 617 619 703 712 
9 49 88 126 214 309 427 451 454 661 
11 156 239 322 409 541 571 594 620 666 673 698 
6 142 213 403 411 451 582 
9 64 88 96 103 163 176 460 476 657 
12 19 37 69 83 191 280 362 462 507 618 622 706 
5 178 434 449 567 579 
11 51 163 247 310 326 497 502 551 553 625 691 
11 13 44 68 84 172 181 188 194 321 456 605 
6 98 212 230 470 733 737 
11 19 22 29 165 174 233 234 306 444 511 605 
12 60 86 105 111 131 248 332 355 437 476 519 530 
7 37 53 194 390 459 491 593 
10 176 355 435 441 521 530 545 594 608 660 
13 112 127 272 344 351 502 566 666 672 694 697 704 732 
8 46 227 272 358 450 490 495 608 
6 47 514 539 541 599 658 
5 104 121 303 660 706 
16 100 104 188 205 208 240 358 370 377 393 442 457 533 547 566 628 
8 207 223 286 367 368 487 572 582 
12 140 176 186 385 412 413 435 583 586 611 686 714 
6 164 425 435 487 584 670 
8 156 162 301 440 444 464 611 734 
11 49 78 97 173 232 268 318 379 481 506 538 
13 55 61 97 256 272 335 355 411 419 466 621 635 689 
9 22 58 60 100 112 301 510 583 711 
15 24 93 104 108 136 156 176 180 253 356 402 472 514 550 614 
12 33 74 98 269 358 387 400 415 418 445 460 642 
5 72 250 334 440 542 
9 80 96 117 119 244 429 465 538 628 
8 6 7 103 235 504 555 668 684 
9 88 104 114 330 421 471 552 577 613 
12 12 43 50 60 156 224 261 462 546 597 628 637 
5 26 53 144 306 553 
16 51 81 247 274 275 278 373 393 498 502 503 523 559 611 657 658 
8 13 233 238 278 282 286 461 592 
15 6 20 145 150 223 294 307 327 408 502 526 589 595 600 642 
12 186 234 304 325 340 344 368 422 427 519 679 730 
9 62 66 150 155 284 370 423 493 602 
10 2 44 119 187 266 277 316 574 590 717 
9 38 118 186 292 339 398 499 532 725 
9 245 263 265 270 354 411 503 645 659 
10 8 28 58 94 279 326 529 530 557 615 
15 44 74 161 228 242 319 333 391 404 456 482 497 589 591 672 
9 177 288 341 462 481 538 643 678 693 
11 53 167 171 256 320 466 554 602 610 677 730 
10 0 36 60 169 332 337 344 360 696 708 
0 
11 35 54 123 166 300 342 350 454 505 715 729 
17 18 64 83 88 98 111 165 286 327 390 451 484 513 552 606 674 735 
13 31 56 64 68 95 253 287 319 379 393 452 521 526 
8 156 161 275 324 348 406 489 539 
12 12 38 52 82 268 376 521 535 598 606 699 712 
5 3 113 390 476 648 
8 4 34 59 239 290 368 578 730 
8 57 167 187 204 255 276 466 696 
9 8 129 200 233 259 269 321 433 520 
10 1 39 93 240 327 440 465 486 592 730 
10 2 89 128 143 165 229 378 471 641 651 
14 90 104 183 229 232 380 434 439 456 462 465 487 559 607 
4 211 230 655 736 
11 0 65 94 137 226 227 238 373 535 628 647 
14 27 138 177 228 233 281 347 410 446 637 643 662 672 717 
3 232 496 649 
13 99 191 227 231 278 286 301 308 415 584 632 641 656 
18 120 164 178 203 224 230 267 344 345 368 403 432 442 475 524 575 582 682 
12 16 71 121 152 156 178 205 245 451 473 544 579 
12 49 82 198 239 261 284 294 387 396 463 600 622 
3 17 480 591 
2 166 383 
10 69 99 113 203 229 284 324 428 494 604 
15 20 36 54 83 107 170 222 235 242 285 455 469 565 653 655 
14 113 186 225 315 346 357 407 453 504 555 628 638 707 716 
13 1 11 79 102 300 523 525 569 580 615 678 710 724 
16 1 32 64 106 110 146 211 239 273 296 339 478 507 525 609 617 
15 3 95 115 141 248 301 323 355 497 499 505 511 581 623 637 
11 29 103 156 197 272 346 475 527 592 691 721 
15 14 41 156 164 209 234 321 354 362 447 516 533 603 653 714 
15 88 115 310 316 346 376 420 452 465 527 543 559 598 632 676 
7 175 202 249 301 375 413 705 
11 5 25 162 179 243 255 308 414 536 660 713 
10 15 247 325 363 420 457 495 664 676 738 
10 13 21 143 196 351 391 444 612 676 722 
9 16 55 131 147 318 414 482 624 633 
2 134 601 
11 39 56 194 218 434 459 493 542 658 698 732 
9 86 140 260 266 316 341 606 684 705 
7 49 223 248 257 508 571 667 
9 74 168 192 213 419 425 477 478 704 
11 10 75 130 136 166 255 287 402 461 506 697 
6 327 436 464 511 606 702 
13 98 116 224 271 341 377 418 432 489 505 570 634 714 
10 155 159 164 254 303 492 519 536 615 656 
15 1 33 59 121 200 235 297 392 525 565 615 643 650 682 724 
6 13 95 104 302 409 640 
8 118 209 280 309 364 539 598 632 
6 300 419 432 629 687 710 
10 89 209 304 336 354 392 476 580 599 688 
14 61 107 207 254 303 314 358 387 399 411 412 502 580 599 
11 123 233 284 337 365 570 624 639 650 666 678 
12 75 101 129 143 191 220 269 365 474 573 593 697 
11 59 118 155 195 224 268 273 275 291 457 625 
9 25 55 89 142 209 316 516 562 628 
10 34 41 98 259 428 501 608 637 676 731 
8 18 182 183 192 244 335 690 723 
14 97 144 242 269 314 383 398 421 476 495 506 533 580 643 
9 164 202 318 338 393 437 583 694 735 
15 134 202 219 269 288 346 359 424 453 606 624 633 692 698 713 
6 54 223 279 389 429 695 
10 11 28 78 150 207 401 443 451 514 641 
13 0 28 41 119 162 202 203 232 346 351 580 695 724 
7 85 108 118 210 276 693 736 
12 127 173 263 292 296 344 396 579 628 640 662 712 
5 36 136 230 426 490 
6 75 203 313 420 561 604 
2 411 695 
13 206 235 238 267 353 368 395 405 433 463 684 694 709 
14 57 239 339 341 376 378 391 446 460 548 579 644 652 717 
14 10 84 187 203 217 232 380 392 447 457 487 512 549 576 
9 2 32 64 81 218 257 446 565 682 
13 27 78 95 125 167 212 275 420 429 436 476 512 632 
14 71 84 164 290 295 309 401 458 462 483 539 636 638 670 
13 53 71 88 116 145 222 289 309 338 433 608 625 657 
8 51 131 133 269 391 565 689 726 
8 7 65 105 208 280 384 447 614 
4 115 295 586 642 
11 35 83 204 235 409 531 562 651 672 696 708 
8 96 289 293 321 329 397 520 708 
7 162 242 280 424 540 554 638 
5 142 261 663 677 710 
10 28 144 152 328 344 423 562 694 699 731 
11 2 49 130 140 349 433 437 546 628 675 704 
12 80 152 158 166 216 241 264 324 421 588 621 650 
12 14 36 99 190 193 232 243 247 379 398 545 733 
5 51 262 487 547 558 
10 78 144 185 260 266 342 398 434 448 685 
11 51 104 114 146 167 205 265 477 541 571 685 
11 43 319 341 383 491 588 609 628 632 643 669 
10 13 16 42 82 178 201 332 461 465 523 
11 7 59 167 204 366 449 478 493 517 528 585 
11 3 232 248 382 388 450 458 502 503 692 698 
12 70 169 263 289 290 387 441 530 547 613 629 667 
11 18 89 175 246 333 367 394 399 408 438 605 
7 118 370 622 651 694 718 727 
7 15 125 159 354 457 586 658 
11 25 41 46 77 90 115 145 282 345 491 686 
13 112 150 266 273 400 482 525 561 581 644 678 714 727 
11 17 68 162 240 348 357 446 542 675 696 703 
13 64 108 207 246 254 270 317 325 340 467 619 695 731 
7 112 316 367 482 496 658 713 
10 30 107 142 162 191 251 274 400 555 586 
9 82 211 218 305 449 561 643 673 718 
9 118 213 416 462 550 573 578 581 660 
13 33 51 56 176 224 245 295 414 499 575 632 645 699 
13 24 67 79 130 148 168 170 401 475 498 569 601 668 
10 0 60 159 243 354 403 559 587 590 666 
16 41 76 97 134 155 219 238 300 351 442 486 492 503 520 546 637 
11 47 144 205 249 316 388 418 580 584 657 684 
8 175 210 331 334 361 447 703 708 
12 46 87 115 129 153 204 217 225 258 453 540 632 
8 298 329 485 504 646 664 701 731 
8 149 295 328 378 521 610 646 673 
7 114 199 367 376 566 635 683 
5 42 326 511 561 710 
12 138 142 179 214 306 371 413 430 454 520 599 607 
10 2 23 211 310 348 481 573 603 704 729 
10 39 111 196 326 373 393 530 541 654 727 
10 17 22 77 84 107 192 272 349 577 622 
12 41 101 265 337 378 423 498 561 572 583 622 664 
10 17 20 96 214 267 336 469 559 597 627 
8 274 290 438 533 547 596 601 669 
8 38 208 242 285 359 438 524 689 
14 53 85 205 316 363 374 397 461 471 507 537 578 659 666 
12 120 146 212 254 259 285 305 499 576 579 625 682 
12 85 112 152 216 303 369 437 443 454 517 573 733 
9 33 105 364 405 453 469 548 629 677 
13 28 50 105 124 182 205 214 233 280 298 412 493 646 
7 21 112 121 233 313 476 711 
16 124 240 244 246 275 278 382 474 566 567 568 577 605 624 632 680 
10 159 166 230 358 388 469 562 615 665 667 
8 57 112 219 315 333 353 404 712 
9 80 299 335 362 395 470 498 501 665 
7 5 23 59 216 359 574 685 
15 5 9 124 182 250 278 324 376 401 427 494 513 517 613 638 
7 78 100 364 418 451 457 649 
14 88 135 154 167 284 348 394 432 481 555 600 633 679 737 
16 11 20 81 209 245 265 312 323 469 498 499 503 505 636 637 669 
14 16 48 56 88 104 179 181 192 243 515 626 675 728 731 
5 91 133 194 438 696 
12 63 102 104 240 315 396 522 554 606 648 673 696 
9 26 132 183 186 195 266 347 729 730 
7 275 339 350 414 558 575 697 
8 39 75 115 214 374 477 530 684 
6 58 104 326 407 519 691 
9 163 173 245 349 394 409 452 483 613 
11 0 1 26 151 249 340 366 421 493 632 681 
12 69 105 263 343 352 372 460 478 494 629 667 690 
9 31 33 110 267 268 552 562 622 655 
7 307 363 412 449 688 715 734 
12 80 130 187 310 317 330 496 504 534 565 604 726 
12 113 124 187 205 222 233 284 493 507 594 596 664 
10 74 342 396 505 507 593 633 653 657 731 
10 45 113 186 206 311 407 446 457 641 679 
13 53 72 95 160 332 394 396 403 545 567 603 655 713 
9 45 68 168 364 376 515 552 580 583 
8 135 202 229 334 445 524 581 674 
7 35 97 340 360 567 686 712 
12 45 108 247 376 379 426 450 500 510 546 587 635 
10 220 246 285 330 351 372 375 389 694 735 
12 20 44 52 65 117 186 259 409 432 560 603 604 
9 72 93 226 285 329 336 384 420 714 
11 11 191 218 301 375 390 416 472 486 533 614 
14 15 25 40 166 227 286 444 459 529 590 594 628 651 712 
6 26 76 123 588 721 731 
7 53 308 346 597 600 607 694 
10 149 237 273 305 394 442 469 592 697 726 
9 78 141 292 378 413 570 577 694 719 
8 98 134 165 188 507 587 594 654 
3 167 558 614 
10 120 195 235 266 309 441 496 517 555 632 
11 54 140 164 308 325 347 406 462 526 540 623 
10 1 6 276 376 416 495 521 555 623 688 
9 16 17 180 217 221 379 572 591 656 
13 19 107 130 138 146 211 250 285 291 434 479 511 727 
11 121 261 265 286 409 470 508 509 558 655 658 
11 52 186 202 218 274 334 420 443 483 633 686 
11 56 310 353 362 371 383 409 516 545 553 686 
8 15 151 167 284 349 398 593 634 
14 149 235 280 357 369 371 403 408 447 471 486 591 629 739 
6 70 103 295 340 403 736 
11 208 273 301 303 395 449 450 468 510 536 569 
6 5 266 310 611 692 721 
8 54 91 195 314 318 466 467 695 
11 32 88 277 289 322 351 425 562 635 669 683 
8 194 257 422 512 571 591 696 720 
15 18 171 233 323 371 396 397 418 423 453 480 522 531 636 700 
8 94 211 348 405 507 668 696 699 
6 7 135 284 343 404 452 
4 219 388 475 542 
11 38 107 108 139 240 361 370 505 577 654 739 
10 77 146 204 310 396 476 553 581 599 618 
12 29 52 85 170 262 294 362 377 392 394 469 603 
8 96 115 230 438 576 619 660 679 
20 13 54 91 147 155 165 171 192 209 266 283 414 416 508 521 553 611 618 629 736 
8 188 266 344 366 579 596 642 704 
9 16 91 122 141 188 247 332 384 649 
13 48 101 248 251 321 359 411 424 561 595 611 626 695 
10 65 150 158 195 232 448 611 612 689 722 
7 25 79 138 320 379 389 411 
6 13 74 111 159 446 489 
12 7 19 36 160 195 259 325 352 403 450 527 712 
7 192 256 264 447 623 662 717 
16 13 44 132 246 249 282 288 378 393 465 466 574 582 614 615 635 
11 20 140 199 273 300 363 507 534 634 656 735 
12 100 129 205 402 459 501 530 588 627 692 701 709 
10 107 133 154 206 298 336 403 481 661 714 
8 90 136 157 275 296 414 494 724 
8 119 138 189 256 401 443 489 635 
6 31 65 281 375 677 703 
10 21 146 169 205 351 471 483 505 570 589 
10 100 139 238 271 446 589 623 641 659 692 
12 94 113 140 154 197 276 288 552 592 609 689 697 
11 24 43 85 120 140 144 332 463 502 511 567 
13 43 44 48 58 96 115 157 450 467 592 619 655 739 
11 72 153 233 259 264 353 377 513 601 603 700 
12 69 76 95 135 224 284 290 299 472 555 556 738 
15 16 47 174 227 253 303 391 462 567 572 623 642 672 722 725 
12 68 71 181 188 189 448 470 472 589 623 701 715 
7 136 258 288 521 560 702 719 
8 65 179 274 299 342 507 583 704 
9 61 87 310 338 339 356 410 498 670 
8 76 91 93 127 155 227 452 641 
11 157 190 196 225 467 495 498 557 669 683 726 
10 74 97 135 181 309 387 461 516 542 590 
12 61 186 233 324 383 448 480 490 503 516 626 630 
9 9 65 277 342 393 425 531 550 624 
9 17 81 112 117 137 178 190 250 380 
10 5 17 84 133 195 373 468 666 676 696 
11 84 230 285 287 315 370 417 428 488 654 679 
13 72 93 245 286 292 326 396 419 504 517 519 613 694 
10 15 81 83 138 303 415 435 442 587 642 
17 17 19 89 93 111 161 174 307 319 366 398 490 495 608 668 725 734 
14 48 183 308 375 398 418 431 468 512 514 563 564 608 724 
11 169 171 217 234 277 352 498 551 637 674 725 
9 80 113 218 246 362 405 439 633 656 
13 51 111 144 240 275 327 343 403 498 521 568 647 699 
9 59 95 169 216 332 342 540 654 675 
8 129 239 523 588 604 611 664 704 
12 15 82 122 176 211 227 491 563 609 678 699 700 
14 15 50 93 186 249 269 286 312 352 370 495 530 594 673 
4 289 308 590 733 
14 26 48 114 143 153 180 253 380 422 476 525 625 682 705 
7 17 73 149 172 195 285 364 
7 47 203 257 306 340 441 697 
13 48 74 106 164 173 200 212 227 289 320 388 434 626 
8 235 284 430 546 556 563 612 715 
11 9 25 68 73 165 190 258 473 494 545 568 
14 69 197 225 227 246 306 420 475 513 536 598 634 637 646 
8 1 192 213 223 400 420 478 532 
6 71 316 400 431 440 632 
6 67 398 445 450 563 685 
14 56 72 150 159 239 337 343 347 354 383 409 553 600 622 
13 29 56 75 177 349 392 435 519 553 582 637 654 655 
7 4 199 226 340 396 427 724 
11 49 52 155 194 379 433 435 582 641 657 672 
4 234 464 626 640 
11 20 29 89 154 163 268 346 478 534 688 689 
8 233 244 322 406 465 535 536 624 
17 5 118 163 172 179 221 265 273 288 345 408 459 532 593 621 624 733 
7 256 304 360 633 634 661 694 
12 33 38 50 103 242 256 307 364 466 474 557 676 
5 50 113 151 391 735 
11 62 118 130 162 236 403 442 508 540 578 739 
9 30 48 135 191 212 333 353 423 622 
11 22 53 89 107 164 211 251 314 317 517 521 
7 289 362 393 427 538 638 654 
5 35 100 217 516 612 
3 328 676 698 
7 30 135 225 324 379 396 647 
11 5 133 187 189 227 286 302 520 580 675 710 
3 446 630 706 
10 45 55 219 259 417 425 554 581 606 712 
12 7 24 153 183 281 442 449 571 612 653 669 693 
10 15 180 305 313 456 527 532 570 572 722 
8 59 125 133 260 324 607 685 712 
10 206 253 307 344 363 368 628 629 667 699 
10 20 238 351 364 424 464 512 628 661 691 
11 109 117 183 249 273 389 440 449 457 688 690 
9 231 317 367 387 498 517 603 605 663 
6 166 175 211 243 510 628 
14 44 116 131 202 322 336 349 354 438 440 451 453 496 536 
11 61 72 208 243 321 341 354 512 559 598 638 
7 9 51 117 375 604 654 710 
9 18 49 69 79 165 271 349 422 540 
11 132 175 182 202 204 266 308 430 631 683 710 
11 29 46 202 209 308 324 354 442 524 572 596 
11 75 142 198 240 328 367 447 539 612 616 634 
10 13 216 243 259 354 369 407 427 664 676 
8 17 89 191 257 273 553 603 695 
14 55 126 149 165 173 242 340 368 369 385 404 421 437 663 
10 147 167 255 392 411 480 549 637 662 688 
8 4 8 159 392 529 531 570 649 
13 53 60 109 115 134 193 375 398 497 571 667 687 729 
8 178 243 258 331 391 430 514 649 
10 57 59 154 286 288 402 450 494 499 513 
9 53 152 217 351 432 465 512 553 598 
8 90 184 194 277 450 511 642 736 
6 97 99 125 144 355 372 
7 245 270 394 441 442 484 593 
12 17 54 148 307 342 351 387 447 482 496 688 703 
6 37 48 523 594 618 678 
10 167 179 205 260 361 447 470 610 718 723 
10 17 53 224 295 324 332 487 536 595 640 
13 73 181 218 220 329 389 411 436 453 482 565 621 710 
5 50 111 357 403 612 
13 8 113 124 202 241 306 455 518 566 632 710 715 739 
10 4 7 60 82 148 233 339 373 503 530 
12 35 62 157 241 242 261 314 459 535 545 579 602 
7 35 61 108 204 218 388 636 
11 16 27 69 88 99 244 246 418 491 544 610 
6 102 307 606 693 698 703 
5 210 380 509 621 722 
13 32 76 161 179 181 210 309 334 360 422 457 524 728 
11 25 39 294 403 443 509 536 630 689 692 703 
7 63 208 466 476 491 557 565 
8 2 186 245 273 338 379 609 710 
6 141 148 367 421 474 689 
14 2 81 101 146 166 220 229 475 525 571 649 713 720 739 
13 86 248 260 398 465 475 498 520 531 579 599 648 731 
7 9 16 118 138 340 597 659 
12 14 31 63 73 101 163 191 197 212 483 543 570 
10 184 219 263 289 504 549 556 567 637 672 
13 19 129 166 296 327 388 454 480 501 667 699 712 726 
11 48 158 170 184 304 334 548 571 578 612 687 
8 47 52 68 196 253 315 406 441 
9 30 31 67 135 246 538 616 675 684 
7 20 234 527 559 631 691 701 
13 116 149 154 181 301 371 394 464 525 556 578 596 624 
9 140 200 299 324 375 463 550 551 597 
11 60 86 119 186 302 309 338 560 593 597 616 
11 3 52 285 343 541 587 627 638 709 719 738 
12 26 62 89 286 508 539 585 607 611 623 672 699 
9 44 194 320 443 546 560 566 655 686 
7 175 451 546 570 572 588 640 
13 28 82 139 143 199 217 365 372 429 623 638 690 712 
15 87 159 175 201 394 408 411 469 470 506 513 555 655 683 686 
6 43 213 296 357 489 645 
19 8 18 28 73 74 82 198 240 318 353 387 389 433 553 654 663 664 674 686 
9 140 146 433 463 539 545 593 678 736 
7 131 210 440 478 532 688 718 
6 109 302 359 386 392 696 
11 202 227 246 323 337 499 544 570 590 632 729 
7 377 436 547 550 673 701 704 
8 61 282 314 319 331 336 414 657 
17 27 59 101 107 157 160 270 294 298 347 365 401 593 595 661 698 710 
5 450 456 463 468 678 
3 450 615 713 
13 55 239 261 287 291 367 521 532 617 644 666 684 707 
9 182 186 330 346 523 550 645 660 674 
9 42 140 174 346 371 374 430 434 539 
10 27 97 110 153 168 346 453 464 668 685 
7 111 114 141 164 241 322 398 
15 16 48 137 144 259 267 384 427 491 509 538 551 559 663 709 
11 21 170 255 304 402 490 510 535 541 661 709 
11 20 187 336 390 434 491 503 551 581 653 698 
10 20 25 126 268 320 333 342 598 659 695 
7 73 139 207 350 420 652 692 
12 52 84 138 142 233 321 359 578 672 694 700 703 
5 286 341 410 601 733 
6 199 335 346 384 407 645 
12 51 99 107 222 320 340 480 541 545 575 625 641 
12 157 174 234 280 285 341 412 525 536 607 612 635 
10 241 265 266 273 278 325 372 487 614 738 
16 4 13 21 27 161 243 314 320 373 408 489 572 596 624 627 683 
10 64 166 171 187 233 420 470 472 727 738 
9 92 107 188 193 274 336 372 437 641 
6 117 150 189 232 325 673 
10 13 17 73 77 307 549 613 646 672 674 
8 59 127 188 293 312 318 592 601 
7 71 76 323 375 385 448 548 
10 70 137 300 305 381 422 455 551 633 675 
9 47 66 89 204 211 427 428 435 600 
12 51 62 85 96 207 323 380 441 458 559 659 664 
9 40 211 236 390 396 402 684 697 715 
11 9 15 203 225 244 383 429 431 586 663 699 
11 69 129 180 268 369 395 476 516 547 556 562 
9 149 170 181 368 380 385 457 518 739 
13 15 32 141 166 204 414 520 562 618 655 657 708 735 
8 338 368 412 503 545 581 628 659 
9 49 141 200 337 382 537 546 547 635 
13 161 220 246 263 465 499 513 573 639 646 677 710 735 
7 64 184 265 266 332 408 536 
12 58 162 204 235 353 382 469 589 613 616 626 648 
12 51 101 126 135 252 322 338 432 576 586 613 712 
9 114 206 213 525 615 631 653 730 732 
12 17 99 245 333 371 377 409 432 496 506 631 665 
9 152 166 238 282 367 377 455 500 679 
8 29 32 176 178 310 346 496 663 
13 19 44 94 217 220 254 258 275 357 489 528 615 617 
8 149 227 332 382 492 549 579 654 
11 18 74 181 183 271 290 449 450 628 668 675 
9 47 127 154 163 242 305 429 456 533 
7 48 126 128 213 329 519 527 
12 52 188 190 202 399 411 414 415 455 549 640 706 
9 250 415 463 484 490 504 522 541 579 
10 7 199 309 351 362 447 585 600 601 660 
9 166 194 292 379 386 420 580 655 699 
10 210 241 260 261 347 420 564 602 606 626 
8 2 10 107 504 543 547 600 724 
8 20 85 118 168 242 565 606 623 
6 173 408 411 518 595 730 
6 106 168 316 410 431 714 
6 37 160 170 630 639 656 
10 10 93 111 148 192 300 476 521 529 626 
13 22 24 151 173 235 311 335 336 365 469 481 673 718 
15 13 16 119 126 243 388 389 419 428 434 435 549 552 617 666 
14 83 120 129 165 166 251 267 275 346 443 475 476 545 581 
9 102 175 269 290 341 459 578 654 677 
9 83 355 414 442 462 473 600 615 621 
8 51 68 74 337 422 548 581 683 
22 7 29 73 80 119 186 197 200 229 240 270 280 299 305 380 493 494 497 596 608 664 684 
9 84 264 309 343 364 396 411 493 647 
12 52 95 111 122 442 488 531 620 652 657 675 737 
7 163 502 544 602 603 642 699 
15 57 232 246 263 288 305 321 327 346 363 387 467 523 559 669 
12 72 87 251 275 353 369 393 452 477 588 648 694 
9 136 259 395 421 465 477 504 691 693 
11 27 136 192 330 375 401 420 425 579 597 686 
6 289 354 403 526 644 698 
14 6 111 162 200 230 243 271 324 354 451 465 470 508 539 
10 31 56 240 289 296 351 483 499 548 552 
5 56 156 267 598 620 
10 9 94 107 262 280 473 520 551 611 690 
11 17 226 232 277 370 428 439 472 578 583 727 
10 44 89 195 204 293 412 434 448 514 631 
10 61 115 124 212 230 261 273 305 319 702 
9 21 41 131 285 314 565 636 683 695 
7 163 209 321 554 566 577 689 
12 63 78 99 131 134 328 329 344 465 585 598 728 
6 12 229 453 486 629 719 
9 46 81 82 123 221 357 536 600 633 
7 32 231 352 413 509 511 535 
8 28 80 166 261 267 300 673 726 
7 114 116 157 226 294 311 380 
6 33 285 574 630 677 702 
10 6 122 239 245 369 490 572 602 696 732 
14 1 334 385 407 446 454 470 483 500 555 607 625 709 724 
16 101 108 228 239 365 371 392 431 470 550 553 595 614 657 719 724 
7 232 260 390 421 452 620 709 
16 19 36 40 76 113 172 202 290 325 369 472 561 595 630 655 736 
6 184 202 253 312 317 392 
13 9 14 30 152 167 209 340 428 537 573 590 596 686 
11 66 118 163 181 185 248 320 410 566 613 700 
7 169 423 477 494 562 571 674 
9 18 40 45 230 280 419 508 697 713 
9 58 154 297 496 507 555 570 592 605 
11 141 249 328 336 368 455 505 555 590 628 681 
7 82 118 142 347 349 603 685 
10 47 107 170 182 267 323 340 445 565 623 
12 26 83 137 157 255 309 347 364 493 510 540 711 
6 198 322 404 449 568 608 
10 90 112 140 305 338 354 401 440 490 632 
4 189 289 438 714 
3 55 64 149 
11 20 182 211 230 294 434 472 539 549 575 585 
11 34 48 170 319 329 357 457 560 584 622 650 
9 53 91 217 373 451 555 566 585 661 
16 5 19 73 114 133 167 299 315 355 454 487 543 588 608 630 698 
11 123 129 246 249 250 271 445 478 485 505 689 
10 71 147 213 297 343 426 598 625 652 700 
9 14 212 241 267 314 456 518 556 563 
8 123 132 205 353 370 410 446 604 
5 69 88 346 717 719 
3 53 363 664 
7 150 233 261 287 341 459 739 
12 0 36 105 167 330 401 440 502 553 581 627 644 
12 101 140 198 254 284 325 360 543 565 591 628 704 
8 303 304 350 468 492 568 665 730 
11 83 188 313 374 393 394 550 553 555 635 659 
7 74 142 150 264 510 541 691 
12 35 131 162 167 265 366 389 474 495 508 517 557 
11 83 192 291 339 415 429 474 531 534 645 676 
8 76 88 163 272 364 495 552 640 
12 0 80 141 175 244 361 494 544 634 687 717 736 
9 1 55 275 308 399 422 428 531 574 
6 212 279 490 528 634 725 
17 34 39 81 96 148 182 274 284 298 311 376 382 384 447 477 575 633 
9 276 278 283 316 400 414 506 573 644 
13 214 223 294 315 356 357 402 404 445 558 653 711 729 
12 99 114 158 182 257 268 359 383 429 461 591 662 
11 22 170 253 275 308 485 528 562 572 636 675 
13 135 220 298 321 404 453 456 493 540 549 592 614 631 
11 3 64 117 136 403 432 456 575 660 677 708 
10 13 100 133 328 422 435 544 560 716 727 
6 79 258 436 643 652 723 
10 28 151 168 315 326 426 517 528 531 575 
12 65 74 182 256 299 333 412 437 455 560 684 711 
5 52 94 247 254 459 
8 43 102 105 149 173 185 488 611 
3 16 240 565 
7 46 214 294 295 326 595 700 
12 37 45 69 113 139 284 422 548 570 571 654 656 
16 71 148 241 264 297 331 487 500 502 521 523 533 562 598 722 731 
7 111 193 345 667 696 704 726 
16 50 51 57 88 168 220 280 348 374 380 418 489 492 540 552 601 
8 105 248 275 317 371 535 564 662 
8 188 245 259 314 378 423 619 670 
8 4 68 216 366 435 463 523 591 
5 36 159 240 701 735 
8 28 135 207 230 285 419 680 691 
9 64 128 137 144 311 319 519 557 622 
8 11 90 384 436 548 647 655 680 
4 105 402 535 736 
5 38 244 381 399 732 
10 22 110 133 145 250 415 434 491 529 710 
11 22 48 138 140 141 142 143 272 519 702 726 
11 138 241 261 278 424 450 471 616 654 655 728 
6 100 208 434 449 451 693 
10 121 132 291 367 383 440 540 650 711 723 
10 26 149 311 314 334 391 582 641 701 735 
6 82 164 355 530 646 724 
8 72 216 333 358 510 559 696 731 
9 46 205 213 222 225 358 602 618 685 
10 271 298 316 328 355 369 381 536 710 729 
7 97 109 182 253 602 653 721 
9 107 108 153 177 301 342 458 476 576 
5 80 113 190 366 449 
10 113 217 274 376 421 479 595 598 716 727 
10 142 228 279 397 411 514 556 657 691 720 
4 141 177 353 630 
5 249 433 548 580 582 
11 40 48 95 396 407 431 480 523 535 594 682 
740 3685
8 22 306 339 372 414 564 633 669 
10 119 246 269 284 290 357 453 633 664 721 
6 12 43 239 284 310 546 
13 51 82 96 246 264 353 401 403 458 521 588 600 685 
11 124 138 184 307 331 384 496 673 703 712 733 
15 22 37 103 105 132 147 160 163 172 258 340 451 494 614 622 
16 80 134 242 349 351 379 382 395 430 431 508 565 593 596 623 693 
8 22 51 470 491 549 586 717 734 
15 27 84 143 148 185 187 229 396 406 410 415 435 481 612 737 
8 22 154 200 239 309 349 375 543 
12 123 145 195 234 353 370 396 451 471 639 647 650 
8 203 237 311 316 474 552 562 609 
9 2 51 63 270 306 367 551 592 673 
5 426 540 595 606 658 
10 49 153 157 235 307 575 594 648 697 726 
11 25 49 103 233 269 336 337 419 436 524 684 
9 30 95 201 300 329 390 416 435 514 
8 45 61 451 541 580 601 678 727 
8 24 37 136 159 410 566 598 676 
6 197 239 242 317 454 669 
6 25 117 228 361 578 691 
10 30 40 200 326 340 459 521 523 529 569 
14 0 5 7 9 120 227 293 433 540 561 565 570 622 711 
8 132 207 330 524 544 652 710 731 
14 18 52 234 244 248 334 400 409 414 439 559 574 639 671 
17 15 20 28 214 260 271 304 337 578 623 630 648 679 690 704 707 710 
8 125 137 150 227 394 420 635 638 
15 8 53 66 93 177 441 520 524 533 585 628 642 658 663 671 
9 25 149 255 406 424 449 552 634 661 
6 128 253 371 414 483 553 
15 16 21 35 117 159 192 246 251 380 430 445 458 461 586 704 
14 41 55 103 108 168 302 318 559 583 603 628 654 705 720 
9 52 60 61 238 263 269 433 499 585 
8 41 162 411 550 559 568 601 712 
9 68 170 367 419 440 487 685 687 697 
11 30 40 203 208 277 303 453 560 583 666 705 
9 121 165 197 333 361 373 455 631 707 
11 5 18 203 213 252 457 504 531 566 671 708 
7 68 90 226 346 435 508 680 
4 40 473 682 698 
15 21 35 39 130 137 156 292 299 320 323 354 443 560 596 606 
9 31 33 86 142 152 193 549 552 578 
4 112 238 257 464 
12 2 91 196 237 261 307 361 448 451 597 614 728 
13 90 140 224 240 256 352 468 479 532 566 672 676 712 
10 17 144 183 241 264 499 536 551 597 662 
9 158 247 402 498 505 506 569 610 667 
15 96 116 217 363 478 490 500 512 513 519 531 668 686 694 709 
3 274 406 657 
12 14 15 88 143 174 196 276 321 323 375 384 512 
4 116 254 571 674 
12 3 7 12 83 130 135 254 260 325 387 619 726 
15 24 32 169 213 292 352 388 517 530 616 664 674 712 725 726 
8 27 171 214 392 406 482 544 582 
13 78 80 133 140 218 279 413 514 529 576 591 592 619 
12 31 145 149 165 335 356 498 575 631 665 703 719 
11 68 262 271 294 415 419 488 520 585 657 719 
13 72 83 106 163 201 302 322 336 513 514 519 561 636 
12 64 82 151 225 428 438 483 500 542 616 657 706 
9 92 121 192 215 293 443 517 556 630 
7 32 81 194 250 479 543 598 
11 17 32 127 143 264 342 461 464 479 576 584 
13 84 239 299 403 471 557 569 572 580 618 644 682 707 
14 12 71 84 138 198 210 309 341 358 545 549 596 619 705 
10 58 199 229 316 351 382 405 588 601 663 
8 108 228 308 417 469 570 657 715 
11 27 174 246 486 491 509 518 553 573 687 721 
10 206 226 316 387 390 413 582 584 594 676 
13 34 38 56 116 204 264 339 372 480 507 551 715 720 
13 107 154 162 238 273 333 335 363 386 442 470 473 708 
11 112 210 278 295 313 354 380 429 475 542 660 
6 63 97 230 326 404 657 
5 57 291 511 563 637 
7 106 279 538 549 670 674 724 
12 167 242 270 343 467 482 525 534 610 685 701 735 
7 176 292 344 371 510 544 738 
12 108 170 212 405 445 448 463 466 477 518 550 651 
9 92 172 297 364 441 471 546 656 723 
16 54 175 257 272 296 334 341 364 437 442 466 500 658 684 721 731 
9 180 205 235 319 326 514 664 682 706 
11 6 54 100 158 243 302 316 383 458 647 682 
12 60 162 167 200 233 253 269 277 308 567 658 660 
12 3 58 166 181 412 583 618 678 684 709 728 735 
8 51 57 91 147 202 413 534 583 
12 8 62 63 93 235 286 306 415 556 576 591 594 
10 96 109 326 494 498 575 592 662 666 732 
11 41 98 108 154 198 221 338 398 436 485 681 
13 133 159 164 230 335 357 392 428 484 504 542 598 721 
9 49 114 155 199 265 393 412 560 575 
6 230 378 414 445 580 720 
10 38 44 93 166 197 221 279 310 473 626 
10 43 83 148 192 222 276 375 435 444 559 
7 59 77 105 142 272 349 573 
16 27 84 90 108 125 156 181 187 268 270 312 431 455 492 648 691 
8 108 298 303 468 508 562 580 652 
7 16 221 347 439 557 584 611 
9 3 47 85 172 280 443 560 610 718 
14 71 117 131 220 247 274 302 441 549 572 582 617 688 712 
10 86 146 254 284 307 428 458 680 694 704 
8 217 230 275 565 636 655 697 719 
9 80 111 366 378 384 396 451 668 686 
6 247 341 424 463 532 570 
8 143 160 347 376 487 523 542 654 
15 5 15 31 183 236 269 294 326 345 346 386 409 529 635 703 
11 232 242 286 305 336 453 468 474 546 554 633 
10 5 92 196 230 425 460 498 505 525 648 
9 57 73 182 404 445 459 657 676 713 
13 69 138 147 219 255 295 321 347 380 433 507 514 686 
14 31 65 76 86 93 94 254 422 448 503 544 566 587 676 
4 85 340 422 665 
8 211 235 240 298 360 491 581 613 
7 100 296 351 405 417 567 655 
21 42 70 129 153 172 177 182 186 262 310 335 384 396 407 411 484 503 556 606 707 724 
11 126 145 149 295 299 328 339 498 516 553 635 
5 88 238 260 379 390 
10 132 159 168 208 342 392 425 433 585 597 
16 47 50 68 158 203 206 268 303 408 422 521 531 602 678 684 722 
8 20 30 97 372 381 420 594 687 
5 333 365 386 499 573 
14 1 194 284 293 326 378 393 420 456 547 549 626 650 669 
10 22 126 203 406 520 553 613 681 687 723 
11 36 59 219 270 326 395 460 519 580 584 609 
8 323 389 412 414 506 607 619 653 
6 10 128 149 152 298 381 
8 4 181 256 417 445 448 607 650 
11 26 93 201 250 283 366 393 511 572 660 665 
7 113 120 172 223 257 270 284 
5 61 282 340 387 513 
13 29 123 139 146 214 243 284 297 394 454 470 542 556 
7 112 137 393 435 656 682 698 
9 40 51 223 373 513 517 611 730 731 
5 97 166 241 389 475 
14 5 23 115 141 183 226 439 467 474 483 517 532 578 624 
11 54 87 145 222 231 236 386 419 429 444 554 
14 6 248 254 329 396 522 544 560 565 613 620 633 643 733 
9 51 138 252 298 378 527 688 702 728 
9 18 162 265 320 367 463 499 513 737 
12 26 40 129 206 227 351 379 414 454 490 571 670 
11 4 63 107 135 195 200 432 623 662 695 703 
12 128 146 184 359 400 498 540 610 641 688 723 731 
8 44 54 245 278 384 423 672 723 
12 132 187 274 303 304 369 414 446 509 570 593 665 
10 41 92 273 315 382 572 608 641 720 721 
13 8 49 61 102 197 267 465 468 557 568 584 625 658 
13 45 271 348 363 405 428 433 436 499 617 623 671 713 
13 10 55 113 133 170 238 264 316 450 455 544 552 649 
6 98 128 139 370 417 651 
16 5 83 107 149 224 318 393 407 418 468 595 609 630 644 706 721 
10 8 91 280 335 355 375 445 552 679 684 
14 28 55 113 123 147 158 172 231 289 355 567 662 669 684 
7 26 291 487 496 675 689 716 
7 58 157 328 337 378 533 582 
10 41 123 299 388 425 459 591 592 605 719 
7 14 112 182 391 472 662 714 
7 9 69 86 403 426 533 580 
4 88 220 312 592 
14 40 93 178 191 225 270 322 450 506 560 665 693 696 701 
11 14 151 228 284 303 448 477 526 552 563 682 
9 46 80 116 149 224 309 380 546 664 
16 18 30 87 115 262 288 295 341 347 351 368 402 410 478 521 725 
3 5 102 544 
7 443 519 574 658 669 699 716 
12 33 69 81 136 206 258 328 380 453 492 610 647 
10 5 57 228 235 323 326 328 545 551 559 
10 87 179 251 348 411 421 446 627 665 672 
11 36 55 281 392 394 407 428 482 494 595 632 
10 82 90 131 193 229 422 507 586 623 718 
11 74 81 240 287 320 400 456 491 497 578 710 
10 31 115 248 260 364 518 529 551 583 633 
11 52 341 419 491 589 599 602 647 693 702 706 
12 34 76 145 257 284 380 450 543 549 630 663 718 
13 53 189 235 329 344 411 432 488 513 547 619 693 739 
16 5 77 96 112 126 149 193 201 237 261 304 415 502 603 615 636 
8 306 397 418 437 505 554 588 657 
14 49 66 216 351 355 454 489 508 528 550 552 592 699 728 
8 78 193 203 236 389 408 694 721 
11 75 228 265 430 442 562 603 608 619 676 683 
15 27 112 192 211 220 223 246 256 263 330 574 680 682 708 711 
6 156 247 533 619 685 722 
14 164 286 413 445 462 495 507 518 536 581 611 710 722 732 
6 79 253 300 302 313 738 
11 82 93 124 313 418 440 491 502 514 639 680 
6 106 112 153 203 610 728 
13 45 103 132 220 244 306 400 445 511 552 567 695 711 
12 4 139 191 209 211 324 360 395 572 626 633 702 
12 8 216 238 313 409 449 489 490 567 619 638 733 
9 112 210 349 487 497 523 593 656 664 
8 8 93 141 209 260 335 515 622 
9 294 348 487 544 587 614 658 665 698 
7 171 205 224 368 409 639 682 
8 203 308 355 371 389 414 432 551 
10 156 184 230 437 478 564 588 692 705 718 
11 30 59 91 177 200 222 238 264 408 422 707 
9 41 166 172 175 236 480 492 505 663 
9 60 119 355 489 555 564 640 662 726 
9 10 138 299 306 325 589 702 721 732 
14 43 49 105 197 251 265 307 327 388 470 564 574 608 684 
9 19 36 90 143 196 222 331 542 692 
5 63 86 655 691 731 
6 64 88 282 632 696 722 
9 9 21 81 138 192 206 211 299 736 
12 16 57 125 172 319 369 423 470 535 553 645 686 
8 83 288 289 343 364 424 471 473 
12 11 35 37 116 120 175 182 190 232 368 398 444 
10 68 287 324 566 584 613 624 625 632 657 
10 79 189 243 256 440 590 603 611 643 650 
13 67 116 137 162 200 222 244 261 286 474 508 656 724 
8 23 235 366 413 457 537 576 603 
11 35 115 273 289 312 513 514 524 603 630 679 
13 184 187 249 279 299 320 334 378 394 485 508 557 627 
7 63 70 186 290 550 577 619 
8 110 177 184 200 256 393 412 653 
6 76 316 367 570 591 719 
7 37 52 310 356 479 526 566 
12 25 53 128 278 361 413 459 467 524 532 613 674 
6 59 260 334 380 443 665 
11 174 185 251 314 341 408 417 496 577 599 667 
11 47 99 287 331 418 435 454 469 550 552 697 
9 54 315 319 335 502 676 693 704 716 
13 107 121 263 304 331 385 430 433 451 504 513 706 719 
15 97 155 177 183 338 366 369 373 387 422 466 524 569 607 686 
13 86 90 95 255 288 337 430 511 521 568 707 710 719 
7 91 133 192 197 206 467 507 
8 126 130 177 228 334 561 605 684 
15 44 147 158 189 280 285 321 396 399 408 434 483 515 526 625 
11 58 156 256 399 401 452 461 542 566 614 692 
10 38 67 132 331 336 372 523 581 668 672 
11 22 26 137 244 287 408 505 507 625 678 726 
16 20 65 157 163 176 223 314 317 376 381 549 554 633 642 659 686 
10 8 64 166 297 396 570 604 682 711 734 
14 71 87 89 99 105 191 310 330 371 432 470 579 664 707 
8 133 149 264 283 316 320 350 476 
13 104 203 268 270 296 358 518 545 583 619 628 682 713 
9 15 81 234 277 321 339 578 689 731 
13 10 24 233 252 275 276 376 433 486 559 603 608 735 
12 14 79 84 110 163 171 207 282 485 567 571 727 
8 103 133 175 193 291 387 425 622 
10 11 43 172 371 514 592 667 684 689 728 
13 32 42 69 114 145 185 192 272 309 322 563 656 699 
11 2 9 19 62 339 390 471 596 635 650 723 
7 44 110 167 340 507 559 577 
9 45 131 259 315 409 465 477 605 738 
8 6 19 74 104 292 383 456 529 
7 80 128 205 270 520 570 737 
12 24 183 206 227 272 412 420 453 555 559 569 732 
3 140 389 635 
10 1 3 30 66 177 337 424 534 620 657 
15 46 97 101 178 249 272 283 291 294 308 345 374 393 536 730 
9 24 134 168 355 402 433 479 573 590 
6 209 247 376 609 672 698 
10 60 125 355 363 383 386 393 398 673 733 
7 30 164 196 216 340 405 584 
12 37 135 234 304 373 418 420 442 534 535 652 713 
11 29 81 180 317 442 452 482 535 590 598 689 
7 50 51 98 108 134 338 405 
8 28 107 221 272 367 484 496 638 
12 44 124 177 205 211 225 372 449 716 725 726 738 
9 42 78 126 170 398 421 514 671 719 
5 5 162 305 496 678 
10 241 313 322 402 532 571 619 666 672 690 
9 25 51 114 168 187 215 307 629 687 
12 43 172 206 339 417 449 458 547 551 627 719 734 
11 56 112 159 303 413 498 571 578 587 691 702 
7 32 177 219 361 402 443 578 
12 3 45 61 68 145 192 231 334 436 471 521 628 
9 88 136 176 196 323 340 432 513 635 
5 487 545 663 689 726 
8 143 281 300 353 429 458 634 703 
8 93 116 232 286 310 510 599 661 
16 1 15 32 81 103 338 342 351 386 440 489 506 543 591 611 731 
12 12 74 93 121 126 156 232 243 422 543 563 568 
9 25 56 144 422 459 501 629 662 671 
9 78 92 238 244 247 255 421 444 737 
12 69 142 208 311 355 371 437 521 536 578 582 737 
16 48 97 141 283 290 362 371 408 415 442 450 556 622 627 681 730 
10 99 234 344 406 465 481 634 689 700 709 
7 49 91 234 529 538 720 722 
9 35 81 233 298 369 380 496 629 692 
8 70 140 214 285 383 517 648 690 
14 54 73 90 209 378 480 487 518 571 624 649 656 707 718 
14 96 148 224 349 392 403 413 422 452 467 480 635 652 732 
7 165 267 282 522 615 628 739 
9 127 199 235 281 293 301 380 396 531 
11 125 231 247 274 423 479 486 515 583 587 630 
15 1 2 98 119 126 128 157 170 387 405 437 472 492 519 577 
10 224 278 318 363 407 448 607 620 642 722 
13 84 104 179 206 268 374 388 435 511 555 607 704 716 
13 167 204 217 227 321 353 356 362 483 533 569 574 583 
12 159 202 221 376 398 436 541 549 565 587 637 638 
7 149 202 208 317 349 489 656 
8 1 210 274 408 544 569 633 684 
12 72 150 236 247 353 363 389 437 501 663 714 737 
10 40 52 75 242 306 313 585 618 653 696 
11 22 59 119 282 470 479 527 572 606 648 718 
10 56 103 188 247 314 335 377 403 427 519 
11 70 107 113 159 422 511 565 575 629 681 694 
7 78 111 232 331 346 381 651 
5 77 128 229 322 695 
11 94 110 123 135 277 367 418 442 557 698 703 
13 40 62 113 152 195 200 209 335 339 424 535 582 686 
6 16 180 267 616 673 693 
4 282 340 376 600 
10 31 57 80 97 180 352 482 541 595 637 
17 35 94 116 141 157 262 305 338 422 489 525 622 673 691 702 712 733 
11 25 141 172 219 252 332 381 424 539 631 653 
10 104 258 303 362 432 459 581 645 658 702 
15 0 12 84 173 183 195 292 322 389 427 440 468 503 596 626 
11 4 14 43 98 196 260 329 354 421 594 641 
13 65 81 190 247 357 358 398 416 465 620 654 687 720 
9 9 63 158 238 377 564 594 656 731 
20 2 90 112 213 230 268 313 371 398 410 414 530 543 577 582 606 667 683 686 734 
6 11 273 626 663 699 729 
8 93 155 208 350 511 633 670 721 
12 70 180 181 185 259 292 310 316 363 411 678 708 
12 216 228 294 375 536 545 548 602 622 630 633 719 
9 142 218 241 391 511 521 695 701 737 
13 11 64 67 80 145 212 231 313 343 435 494 525 734 
6 19 228 253 289 436 532 
8 31 147 285 401 464 687 711 738 
13 79 201 218 355 369 413 422 423 436 499 509 555 694 
10 40 136 167 209 231 345 516 596 646 663 
13 49 107 224 233 287 436 528 636 663 664 680 697 734 
14 57 156 238 259 297 306 358 449 510 534 568 624 658 678 
8 40 49 122 163 265 445 575 605 
6 184 204 383 548 666 670 
7 51 195 374 425 561 596 721 
19 21 71 79 85 103 119 121 163 449 550 552 566 584 586 620 640 673 694 737 
5 196 572 576 583 645 
14 113 151 162 163 329 401 457 512 551 562 613 641 644 670 
10 16 134 171 307 328 362 435 448 469 538 
9 23 177 230 340 513 518 645 670 736 
11 4 197 217 219 226 296 374 403 424 480 590 
13 304 356 439 459 472 487 490 534 559 621 628 643 653 
7 36 69 118 445 477 527 542 
9 24 78 209 215 223 264 474 622 735 
16 55 69 87 112 148 187 218 294 299 430 459 506 510 569 601 669 
9 15 57 104 226 382 386 451 654 698 
11 15 25 151 221 246 437 485 503 557 697 709 
13 86 220 254 269 303 367 481 546 560 653 670 689 732 
15 0 68 113 233 239 261 299 345 354 364 370 400 697 707 717 
12 5 21 109 127 240 251 265 301 330 562 626 681 
14 63 78 101 159 169 216 347 360 403 412 545 568 572 621 
12 61 115 269 354 359 414 423 505 518 563 619 684 
10 74 202 316 367 554 557 685 700 736 738 
12 75 171 275 395 424 460 467 504 534 541 568 617 
6 103 247 320 339 541 651 
5 38 103 296 428 667 
12 95 102 107 159 341 351 369 434 470 567 613 659 
5 144 164 188 367 388 
13 6 9 92 186 280 289 358 419 479 481 573 582 697 
11 231 312 397 416 469 490 510 625 650 667 718 
14 6 64 111 137 159 174 269 347 394 468 498 562 628 718 
7 44 52 302 405 419 434 670 
10 3 10 267 287 291 368 477 613 667 710 
9 40 70 307 339 342 434 473 593 683 
15 148 149 174 190 194 248 250 273 319 386 501 559 563 629 633 
4 55 213 287 332 
8 1 87 308 467 475 502 568 696 
10 63 232 308 322 349 411 425 606 607 688 
11 139 342 378 435 455 569 582 604 619 649 657 
8 110 184 341 376 436 578 715 729 
10 20 36 43 214 263 376 406 604 606 661 
8 274 287 305 329 381 563 568 654 
13 47 69 144 250 285 291 313 397 586 603 623 633 635 
11 77 78 168 202 339 365 464 548 588 667 683 
10 118 364 376 383 470 491 632 650 723 727 
7 100 125 207 220 386 524 607 
13 12 34 136 212 255 298 338 343 348 426 562 682 706 
7 159 189 203 353 509 515 651 
15 141 201 220 277 319 347 392 411 421 466 557 585 658 705 726 
8 10 146 339 457 495 521 679 684 
11 29 75 190 230 237 273 274 310 479 524 719 
8 0 68 117 226 256 463 511 597 
9 36 130 220 252 403 410 520 591 736 
11 247 286 325 331 400 405 492 521 557 566 636 
8 9 49 91 148 314 426 499 552 
15 102 228 234 249 288 301 360 361 365 564 578 599 616 696 708 
7 294 309 387 417 630 638 693 
15 89 100 119 135 151 209 279 359 388 540 544 577 581 676 692 
6 6 114 137 687 708 720 
12 30 70 107 158 162 170 215 277 282 451 624 633 
10 117 123 228 296 304 362 448 455 536 658 
14 6 64 142 336 477 501 515 516 602 610 651 677 689 701 
11 80 242 250 278 324 365 390 519 551 634 737 
10 4 49 100 112 140 418 455 474 581 702 
2 219 505 
12 69 103 118 133 250 269 336 355 366 522 641 678 
13 51 67 127 220 236 284 377 391 403 404 517 628 665 
13 52 152 196 286 348 378 440 455 514 520 618 639 654 
12 122 131 175 190 245 291 306 434 574 635 722 724 
10 16 67 114 239 383 534 536 615 626 685 
8 153 315 387 435 524 570 619 670 
13 53 87 115 165 280 369 426 435 510 534 616 670 726 
12 88 119 125 129 147 211 247 250 434 650 707 716 
9 26 128 165 209 351 505 568 590 701 
7 6 121 184 344 497 538 671 
8 8 10 100 112 134 224 229 282 
7 173 350 363 406 425 581 729 
13 86 203 250 257 288 308 310 416 426 439 607 695 738 
3 224 225 560 
10 24 139 167 183 339 374 462 519 544 591 
7 3 225 318 328 503 627 637 
11 46 159 248 259 263 415 465 476 546 690 700 
13 3 62 154 280 294 331 341 373 387 514 525 621 667 
10 71 106 387 468 490 535 596 624 637 671 
17 64 76 111 144 251 254 284 352 374 429 461 471 523 545 567 679 692 
10 8 28 48 53 120 275 361 397 571 629 
10 112 147 165 285 426 454 457 583 601 704 
13 116 175 192 216 224 227 274 290 440 542 559 643 691 
11 24 103 185 189 241 449 487 494 518 692 729 
7 8 18 159 310 373 486 602 
10 33 112 164 171 313 358 369 617 618 731 
9 82 88 122 211 244 341 472 603 712 
14 54 67 83 179 207 214 262 280 319 414 422 423 425 489 
17 0 24 29 89 122 137 141 190 310 342 413 464 478 495 557 601 640 
12 8 56 84 172 274 402 552 572 607 682 724 728 
7 16 308 350 398 460 592 687 
10 65 111 124 146 216 261 377 435 445 631 
10 147 173 181 217 252 298 384 514 711 712 
9 15 34 56 133 169 349 352 620 664 
10 26 117 119 244 252 478 490 497 673 730 
8 164 257 272 307 369 578 619 659 
18 108 109 116 166 192 220 270 271 280 295 303 319 413 423 482 519 539 587 
13 140 201 283 319 342 413 422 425 454 576 601 610 704 
10 28 101 202 246 299 304 331 344 533 581 
12 105 115 152 236 325 358 397 413 423 534 555 717 
9 13 154 367 375 392 398 407 533 675 
6 294 306 491 507 567 727 
8 58 87 98 144 165 346 578 617 
8 70 133 267 405 493 509 577 610 
8 6 30 176 219 221 335 555 613 
5 6 93 530 572 573 
13 138 171 190 230 265 305 518 588 621 632 638 723 725 
14 22 32 107 115 144 219 234 248 458 496 498 510 544 702 
10 224 347 352 354 389 393 514 622 701 735 
18 8 16 38 91 129 217 286 316 329 359 391 392 417 485 551 552 673 729 
15 15 86 144 264 288 317 319 321 360 448 506 520 565 593 609 
12 78 173 191 273 284 291 337 496 527 653 675 725 
9 58 444 489 515 527 538 549 665 720 
6 24 95 132 332 398 557 
12 34 181 205 269 306 388 408 593 596 685 691 707 
10 27 77 97 444 448 547 566 616 696 697 
12 69 78 176 252 253 274 298 513 571 580 609 701 
12 40 59 96 161 215 263 507 556 675 703 706 735 
10 91 133 203 272 438 441 534 558 618 634 
13 30 76 89 106 124 148 179 183 323 333 417 481 689 
3 141 164 619 
5 533 581 649 717 731 
16 43 76 108 124 157 285 329 381 436 441 455 487 543 598 613 700 
9 28 185 256 261 322 326 409 653 663 
5 145 156 170 274 683 
10 5 10 17 43 100 219 336 380 475 504 
6 225 253 280 563 627 688 
10 1 35 104 162 244 461 469 571 663 728 
12 19 128 137 174 217 407 423 514 557 601 619 721 
9 36 93 145 359 381 384 388 448 523 
7 119 167 242 530 553 657 706 
11 37 207 328 370 407 487 506 544 553 573 712 
9 3 30 80 98 261 267 433 665 721 
9 21 106 152 214 271 305 332 335 685 
5 105 121 344 416 698 
8 30 61 225 405 453 582 691 721 
4 179 400 669 695 
4 76 101 136 372 
8 42 61 318 364 414 579 629 728 
8 143 241 275 308 402 641 697 730 
8 76 78 220 369 484 602 681 713 
11 74 132 214 222 280 344 357 513 578 714 725 
8 44 94 104 143 147 306 351 404 
8 65 217 329 350 453 673 681 738 
13 7 69 128 196 201 230 293 347 365 577 653 662 686 
8 10 62 77 202 239 264 405 592 
6 153 284 332 412 511 515 
6 39 69 90 202 354 525 
10 11 104 132 206 334 384 497 549 592 676 
9 70 131 357 451 528 537 636 699 712 
4 231 402 494 701 
8 76 157 241 333 353 382 684 705 
6 47 159 191 414 420 732 
13 44 60 61 213 248 283 293 349 371 489 608 627 730 
11 68 193 279 280 331 490 526 537 582 590 695 
8 8 275 338 349 445 516 685 723 
9 53 74 165 253 302 422 492 531 569 
10 29 58 132 224 287 565 588 612 713 717 
8 87 112 255 466 497 685 692 728 
8 86 209 235 337 435 501 610 668 
6 66 234 283 410 509 697 
13 34 102 150 186 188 266 279 332 409 448 457 705 728 
6 56 171 489 507 541 712 
14 174 185 194 269 289 303 413 438 479 488 500 546 684 717 
9 47 137 185 332 350 404 420 480 690 
13 7 66 110 167 169 181 365 427 590 594 660 694 704 
9 93 162 193 284 374 482 527 650 680 
4 429 568 703 710 
7 5 85 165 316 409 476 591 
8 179 370 414 543 631 644 707 716 
10 4 150 216 255 258 277 433 437 611 710 
6 167 186 395 420 474 484 
15 46 55 85 105 113 139 262 351 433 501 537 567 597 665 671 
10 32 45 118 136 144 319 375 549 553 687 
5 47 58 78 489 690 
9 271 291 355 382 485 498 505 556 608 
6 172 181 218 357 597 735 
6 108 112 306 337 401 726 
9 37 87 219 344 451 518 700 722 726 
12 46 105 173 193 227 342 385 394 501 531 588 600 
11 46 122 156 269 335 436 457 561 566 594 597 
15 68 107 166 179 222 227 240 427 443 488 525 585 642 692 694 
10 6 38 94 174 206 209 637 658 669 695 
8 66 141 319 368 429 486 538 665 
9 75 268 322 335 350 392 433 604 632 
16 72 125 183 221 286 295 312 315 372 472 592 611 625 649 717 724 
4 47 49 328 722 
15 47 57 127 130 136 171 208 219 265 330 442 467 571 646 662 
16 16 54 57 79 107 181 208 237 257 388 403 418 434 454 543 570 
11 187 224 283 368 382 438 472 567 640 651 658 
8 113 320 382 481 557 691 692 712 
10 52 59 130 132 278 387 533 637 645 658 
13 66 76 168 179 232 279 330 342 409 432 504 652 692 
10 47 57 121 161 284 294 383 400 422 584 
11 27 56 120 243 373 388 436 541 543 616 682 
11 3 21 116 159 221 264 273 315 370 374 561 
7 134 281 386 569 571 601 680 
8 21 102 186 226 405 455 604 685 
11 15 23 27 208 214 220 366 371 391 562 703 
9 74 105 303 316 403 473 507 534 564 
6 157 213 224 480 533 622 
9 135 293 333 437 438 492 671 682 727 
4 174 321 475 537 
8 21 54 103 168 242 276 581 723 
6 52 310 431 456 573 576 
7 37 47 116 282 482 505 537 
9 44 101 132 214 259 317 655 670 715 
16 27 151 154 178 287 424 426 447 517 526 626 635 663 666 733 737 
17 74 83 246 252 322 332 344 390 392 425 444 525 560 563 569 590 669 
8 201 252 253 299 404 631 667 710 
9 45 179 247 273 314 381 390 659 689 
9 207 475 480 498 528 531 558 655 679 
11 73 276 329 395 438 509 637 640 670 722 731 
3 304 422 589 
6 13 22 139 378 639 726 
8 17 288 302 344 345 488 520 653 
10 58 70 87 102 128 197 225 333 408 608 
13 9 60 170 269 270 310 448 495 514 520 550 641 682 
15 23 53 75 108 134 145 160 188 290 378 400 433 457 638 723 
7 63 163 232 266 314 341 405 
12 2 77 104 158 338 402 489 580 588 600 684 737 
9 119 171 261 441 600 653 664 666 688 
4 314 324 364 597 
14 7 41 63 73 97 119 170 228 288 438 474 499 624 650 
11 33 76 174 210 217 326 543 574 694 701 703 
11 12 45 68 163 168 190 261 328 383 435 694 
14 11 28 41 145 148 157 174 183 217 326 375 415 435 716 
9 29 66 113 120 201 456 457 499 739 
5 104 133 173 228 343 
10 194 244 286 319 425 430 594 600 671 719 
10 59 84 112 128 274 443 501 616 670 727 
16 62 95 143 209 298 337 343 369 374 414 439 454 516 558 617 678 
3 444 537 557 
13 24 31 33 91 163 234 240 244 332 355 408 717 726 
13 35 40 88 96 134 156 338 399 534 579 625 628 731 
12 22 57 223 325 506 521 581 584 628 652 711 717 
12 11 94 176 328 340 351 367 524 654 674 686 727 
10 72 157 238 270 342 355 362 452 534 631 
8 0 191 194 196 309 376 525 577 
9 6 22 99 134 288 295 436 483 643 
13 18 37 44 108 204 213 225 326 374 441 506 596 715 
12 81 111 149 183 185 235 347 405 427 498 515 582 
12 33 143 221 270 322 341 344 357 362 394 493 651 
12 21 46 62 220 244 287 290 335 359 482 522 534 
9 22 65 101 141 212 229 243 391 514 
12 50 137 235 259 262 279 406 442 453 513 522 675 
12 62 97 125 142 184 293 327 341 415 431 626 667 
9 66 92 118 248 349 431 457 530 687 
9 24 161 177 196 287 389 550 643 694 
10 14 55 85 88 295 323 629 644 693 714 
8 54 61 84 207 327 423 530 709 
12 210 216 240 284 310 378 429 470 564 579 653 724 
18 20 25 41 132 167 233 262 263 273 360 376 421 428 467 601 650 710 724 
6 230 464 560 577 703 713 
11 17 62 89 94 121 154 442 546 628 657 687 
14 110 179 226 305 378 384 397 424 447 529 561 600 663 720 
16 53 67 97 151 273 299 310 349 359 461 480 567 647 655 676 732 
12 31 35 82 83 168 232 283 287 327 407 617 669 
11 61 67 95 121 143 204 251 326 519 561 696 
9 27 32 56 115 292 369 507 637 672 
6 7 30 166 326 363 620 
7 108 188 262 283 288 422 612 
10 3 64 173 191 364 432 483 505 546 606 
5 169 195 539 698 704 
9 205 248 253 331 394 480 491 534 595 
8 54 84 152 212 269 373 400 494 
11 12 54 85 152 155 174 237 416 471 474 511 
7 6 141 186 354 436 440 638 
11 14 67 84 117 307 309 491 506 555 632 672 
7 13 147 165 302 590 603 657 
11 6 40 63 239 306 320 325 404 440 566 653 
12 43 45 115 372 498 502 506 548 616 645 654 731 
6 18 60 87 253 448 655 
6 169 216 268 376 686 712 
7 3 301 505 546 547 555 581 
13 17 33 64 335 407 414 423 454 522 578 606 670 676 
8 116 169 314 382 410 466 646 735 
11 31 172 176 205 207 208 234 363 412 595 708 
8 229 359 361 510 523 619 628 729 
6 152 223 241 323 634 723 
10 13 40 112 293 310 358 361 588 601 636 
10 122 124 220 285 286 358 366 398 415 682 
9 142 176 196 234 479 501 542 677 717 
7 11 121 147 249 436 442 708 
13 46 74 96 139 162 182 382 423 429 485 678 689 731 
9 95 130 179 205 269 496 511 665 675 
5 8 483 587 712 714 
11 110 120 134 204 214 328 347 353 430 448 730 
8 5 43 188 225 701 713 736 739 
5 172 281 390 656 696 
9 52 58 300 376 392 441 520 556 597 
11 97 144 344 411 428 557 583 634 644 676 681 
8 62 82 292 388 411 444 621 651 
20 51 54 63 122 171 176 178 185 210 232 259 342 359 391 421 446 454 604 657 725 
8 134 246 285 308 326 419 586 721 
5 332 341 403 432 618 
14 5 22 187 236 274 303 314 334 434 526 636 645 656 721 
7 6 25 138 144 166 363 690 
9 132 204 279 322 380 404 549 675 692 
7 143 204 224 227 350 511 560 
10 90 119 184 306 311 340 390 533 572 715 
8 164 209 261 274 401 452 479 734 
15 27 31 232 264 281 332 351 387 560 561 580 604 655 725 736 
9 260 271 277 295 355 406 464 575 662 
10 25 59 147 170 208 283 314 377 693 703 
8 36 55 304 417 495 535 563 647 
10 165 199 204 365 432 510 594 678 731 735 
15 0 1 104 134 168 184 228 290 312 314 355 363 380 666 697 
7 28 267 275 383 444 605 617 
12 26 103 113 239 245 265 280 363 389 533 696 701 
9 57 99 172 321 374 475 606 622 693 
10 72 288 302 401 404 508 517 538 585 696 
8 26 185 255 288 377 432 544 593 
7 10 24 181 189 388 540 665 
7 194 326 414 515 538 662 696 
8 139 142 307 328 386 465 543 676 
4 27 228 285 507 
7 134 205 332 408 565 574 734 
7 62 147 328 495 575 617 662 
9 201 305 327 330 517 597 622 701 706 
4 320 513 602 649 
6 10 80 162 169 582 631 
7 14 25 93 105 278 293 695 
7 145 279 359 447 511 646 736 
13 10 119 124 205 239 350 365 393 492 549 578 685 693 
9 76 146 296 345 368 382 515 568 618 
7 23 94 252 280 518 561 688 
13 122 211 292 304 332 338 437 449 470 541 547 577 596 
9 31 102 308 336 362 388 562 597 687 
8 99 111 198 532 537 582 598 628 
10 77 129 186 206 238 279 289 309 615 622 
15 48 56 58 65 71 106 173 204 246 359 456 580 595 619 729 
16 13 27 78 81 143 161 188 305 322 369 381 508 515 517 706 725 
5 228 347 421 536 711 
4 70 81 125 491 
5 28 268 361 677 729 
13 45 85 138 149 153 194 271 470 513 629 640 644 726 
13 27 64 170 193 266 291 311 320 321 449 453 533 581 
9 1 52 79 158 186 230 321 419 547 
16 55 109 125 141 156 164 188 215 387 438 458 498 509 611 639 666 
9 35 85 259 324 533 547 633 665 686 
11 46 216 237 310 346 350 353 364 403 535 572 
7 47 100 226 485 686 694 722 
10 0 19 119 149 161 335 462 508 534 583 
15 73 137 312 324 328 330 338 352 391 392 532 538 556 601 728 
13 24 27 37 144 257 271 395 404 498 527 555 725 729 
9 44 140 164 226 249 259 585 594 695 
11 4 12 250 300 303 326 420 435 469 698 711 
7 50 52 73 214 562 724 735 
7 150 426 437 443 571 611 624 
13 18 44 67 106 108 176 218 378 474 582 601 617 641 
3 382 608 661 
12 17 82 116 227 258 313 322 386 557 610 632 702 
9 25 148 208 370 405 537 690 697 730 
7 38 98 177 181 321 492 522 
9 86 120 274 295 340 466 469 617 718 
16 39 62 79 80 129 157 177 189 229 232 367 415 520 527 543 607 
5 176 310 354 364 450 
17 15 78 82 116 148 149 196 223 237 290 342 370 477 489 546 695 738 
13 3 34 74 178 343 390 440 459 481 484 523 650 709 
13 47 100 107 201 220 228 299 310 470 562 599 666 668 
15 34 66 117 120 260 308 318 379 416 499 573 580 654 722 726 
9 97 135 139 358 452 547 652 695 721 
12 150 233 237 253 266 275 338 382 445 536 610 734 
10 25 259 278 402 490 500 623 679 709 715 
9 20 93 198 262 303 408 440 461 516 
13 191 197 225 277 378 405 409 484 507 516 518 624 702 
12 6 156 169 171 218 300 377 575 630 636 650 713 
12 47 98 175 295 319 326 491 507 550 551 574 668 
13 138 183 297 315 398 462 480 508 648 672 684 688 722 
11 156 199 292 357 376 441 584 615 635 637 640 
13 14 34 99 217 321 337 339 349 441 465 486 633 679 
9 39 129 188 249 298 336 460 589 673 
6 161 174 238 311 475 716 
5 275 343 402 448 504 
12 74 156 315 382 394 434 442 476 550 614 635 645 
12 135 169 184 195 262 303 305 384 433 678 692 711 
12 4 55 103 138 267 298 443 493 524 550 579 630 
10 25 30 98 218 286 407 423 491 589 713 
7 31 35 63 191 369 477 487 
10 58 79 147 169 219 367 443 456 645 658 
12 25 36 62 112 192 221 230 279 339 393 440 495 
9 37 69 177 313 376 379 603 609 730 
7 47 82 275 337 576 685 690 
10 23 25 167 179 221 353 493 496 535 578 
10 22 177 183 229 318 418 561 659 673 702 
15 4 33 44 52 97 303 412 418 457 475 488 516 599 612 723 
10 106 144 232 252 466 483 579 614 693 704 
5 153 291 467 575 612 
7 65 68 360 532 566 626 690 
9 150 161 218 256 286 393 495 552 699 
11 7 339 425 447 483 489 511 559 561 608 730 
9 96 166 170 191 279 293 350 351 681 
12 55 56 99 152 212 219 221 257 261 314 371 555 
10 31 68 89 142 276 308 379 438 581 722 
16 1 66 78 87 142 147 175 195 312 325 454 458 461 620 622 688 
14 116 178 179 199 276 285 389 504 512 538 668 687 695 720 
12 77 120 139 140 239 365 432 481 529 544 605 712 
9 73 112 206 389 415 511 577 578 674 
10 52 159 256 432 437 467 619 628 658 671 
15 14 51 52 194 227 256 266 369 392 503 504 540 559 662 687 
7 17 235 365 427 527 556 562 
12 43 82 135 174 182 237 415 453 464 484 487 670 
9 311 360 397 409 435 604 657 661 671 
10 130 247 274 420 465 479 613 679 708 717 
15 23 78 130 139 198 233 269 309 411 447 538 560 597 610 632 
8 85 179 195 244 280 338 478 582 
6 4 134 185 250 303 533 
9 7 229 261 310 316 321 627 643 689 
10 74 82 234 334 434 443 502 602 632 674 
7 200 330 343 373 614 628 649 
11 8 136 243 272 273 291 315 326 383 533 546 
9 75 180 241 256 318 343 398 469 684 
4 171 281 553 614 
