720 3503
16 129 178 204 214 259 271 307 392 404 459 468 489 539 540 559 600 
10 147 162 198 220 297 315 393 528 532 604 
10 48 69 169 246 323 501 538 539 545 662 
4 81 477 615 718 
11 54 100 122 174 182 203 204 538 543 544 679 
10 9 42 126 127 175 225 272 310 616 630 
7 203 394 493 499 599 661 696 
10 43 96 141 178 187 195 325 419 442 495 
8 167 203 242 305 461 519 609 676 
14 5 24 86 131 132 429 430 531 563 602 624 635 653 658 
9 84 114 160 284 304 347 397 420 487 
5 133 271 534 658 697 
10 28 69 114 222 247 260 314 532 556 687 
7 181 252 270 432 452 460 500 
14 93 104 196 266 290 312 321 363 417 444 537 572 581 655 
11 127 133 221 241 309 356 406 506 512 545 589 
8 149 289 389 407 519 596 610 702 
11 21 75 160 234 282 394 425 470 586 631 635 
11 209 264 339 362 377 378 409 575 611 634 666 
13 68 150 172 237 243 269 360 448 472 477 527 702 706 
6 193 291 491 514 670 697 
13 17 76 120 192 194 240 341 435 473 532 534 624 644 
9 38 94 196 237 283 319 464 551 558 
9 59 178 218 338 387 421 508 527 612 
17 9 45 154 166 214 277 348 374 382 396 408 468 506 553 554 591 690 
7 144 239 274 282 520 652 694 
3 78 163 615 
8 133 159 161 179 223 230 271 446 
6 12 198 368 562 573 649 
12 36 56 58 92 107 117 250 343 347 410 584 652 
14 64 85 161 217 233 339 341 385 419 424 492 575 662 681 
7 95 201 261 283 454 671 697 
6 110 249 386 482 634 699 
11 75 144 160 199 238 269 299 303 525 544 633 
10 57 234 238 254 256 461 465 523 574 644 
5 146 336 388 577 698 
11 29 278 293 295 349 372 450 556 580 646 678 
6 136 181 297 491 577 714 
15 22 59 81 88 185 346 371 375 458 521 525 576 586 608 652 
6 43 241 301 465 524 610 
8 59 113 114 140 175 180 205 561 
6 167 210 226 268 684 698 
10 5 46 79 166 419 541 555 619 625 640 
10 7 39 117 151 208 246 275 319 614 622 
10 121 164 172 186 192 195 308 546 643 698 
14 24 86 192 265 331 366 375 415 458 493 525 551 560 703 
19 42 51 58 61 75 98 114 258 280 398 415 483 491 513 525 594 640 648 670 
8 55 59 137 138 205 263 513 698 
10 2 73 125 159 290 311 331 620 672 717 
9 61 120 196 228 284 306 406 674 713 
7 79 146 357 364 404 600 617 
9 46 171 196 214 328 345 460 569 608 
5 55 335 477 660 688 
10 73 147 249 253 269 274 281 284 380 495 
11 4 59 70 178 354 392 497 523 553 585 672 
14 47 52 57 98 243 320 368 370 372 380 400 406 452 683 
14 29 77 138 227 338 348 361 383 399 425 436 521 593 647 
10 34 55 135 136 184 189 295 310 353 558 
9 29 46 124 153 268 331 487 637 710 
16 23 38 40 47 54 106 212 303 388 443 455 568 578 596 679 703 
7 191 257 429 527 622 623 628 
9 46 49 88 151 226 356 381 418 500 
14 71 87 184 219 317 329 365 366 442 466 482 534 544 646 
6 332 494 529 634 669 715 
8 30 217 263 275 526 613 628 699 
8 66 68 109 314 347 355 438 570 
12 65 86 149 269 291 346 424 477 512 524 585 649 
14 158 213 275 278 344 362 390 393 422 458 463 550 568 706 
11 19 65 86 108 293 312 395 415 443 516 645 
10 2 12 120 221 319 503 511 587 619 652 
10 54 103 156 268 286 458 498 533 541 713 
12 62 186 198 204 277 345 361 428 435 515 612 683 
8 90 218 250 326 415 477 528 634 
7 48 53 304 308 343 464 564 
11 111 228 245 325 357 419 516 584 592 614 709 
11 17 33 46 91 308 484 485 505 618 629 705 
8 21 89 126 266 283 434 689 715 
12 56 96 142 232 248 258 312 414 438 500 569 614 
11 26 119 159 160 164 176 210 345 507 640 712 
10 42 50 174 238 240 270 355 384 400 709 
6 258 332 370 444 530 575 
12 3 38 154 314 344 363 445 463 566 571 633 668 
8 103 299 368 439 481 530 624 681 
9 100 148 187 357 423 474 483 484 583 
10 10 203 211 275 315 495 519 525 539 628 
6 30 158 257 339 482 564 
11 9 45 66 68 120 179 269 327 432 468 562 
7 62 299 361 419 520 620 686 
11 38 61 108 110 232 306 325 493 550 613 704 
14 76 164 204 305 339 361 414 456 462 472 514 651 711 716 
12 72 114 129 135 233 277 535 540 568 636 657 683 
12 75 267 302 323 366 432 438 445 615 662 675 709 
14 29 96 103 126 163 187 248 314 362 367 446 467 505 543 
8 14 127 181 382 383 504 564 587 
7 22 131 457 534 650 672 714 
6 31 114 385 528 621 707 
11 7 77 92 276 382 411 522 539 542 579 713 
11 267 277 285 310 319 411 506 528 535 600 666 
16 46 55 162 178 219 325 384 437 443 512 580 590 625 632 692 703 
9 131 147 200 221 327 368 513 565 687 
14 4 83 101 138 185 196 396 445 471 503 547 548 636 711 
11 100 130 293 301 417 445 470 528 583 594 649 
5 129 157 160 277 510 
17 70 82 92 173 203 272 291 292 420 441 492 523 539 542 607 619 625 
8 14 233 296 336 404 423 552 605 
5 133 385 423 495 611 
13 59 114 178 245 246 292 304 342 389 513 525 649 710 
6 29 142 474 526 670 711 
9 68 88 183 238 272 310 364 498 589 
5 65 324 416 473 570 
7 32 88 156 206 425 459 517 
15 74 158 173 325 342 452 457 468 484 555 606 607 611 626 632 
6 222 245 410 503 547 667 
12 40 135 176 239 306 307 358 410 483 499 511 609 
16 10 12 40 46 90 95 106 127 215 279 286 405 487 512 563 582 
6 278 282 529 561 603 703 
8 194 291 331 413 428 460 679 697 
8 29 43 436 596 604 678 688 716 
9 136 167 225 286 325 678 680 696 712 
11 78 351 364 380 381 392 395 538 589 620 691 
13 21 49 69 86 136 306 380 397 477 615 643 646 713 
7 44 365 473 533 654 662 713 
10 4 157 208 353 439 482 512 609 660 686 
9 213 255 264 270 309 427 534 569 647 
9 58 165 367 392 434 522 606 630 709 
5 48 190 275 293 524 
15 5 76 92 271 346 363 401 509 545 570 605 640 647 682 705 
11 5 15 93 114 152 239 250 395 426 434 516 
8 154 171 197 344 399 442 467 568 
16 0 90 102 220 252 269 273 323 370 464 502 565 614 639 709 718 
7 101 273 559 590 609 631 670 
13 9 94 99 183 252 281 292 312 364 475 517 611 643 
9 9 218 333 430 488 520 527 560 562 
13 11 15 27 105 374 379 384 385 392 502 505 609 641 
10 140 160 322 340 386 467 500 584 650 654 
10 57 90 113 296 461 469 496 547 677 683 
11 37 57 118 120 201 245 270 474 504 577 626 
8 47 176 215 402 523 605 652 710 
8 47 56 100 170 244 366 552 639 
11 331 352 370 381 439 537 550 554 590 618 676 
8 40 134 159 291 336 396 530 669 
9 7 178 224 238 279 303 457 618 703 
10 77 107 157 442 509 525 613 619 673 688 
2 187 205 
11 25 33 238 383 412 507 513 517 556 669 695 
6 158 245 371 413 488 489 
10 35 50 182 229 359 367 388 493 544 715 
16 1 53 99 159 163 210 247 266 287 288 484 536 584 589 664 693 
9 83 194 195 249 354 458 612 648 713 
9 16 66 267 326 366 533 571 612 631 
12 19 162 171 186 316 359 369 437 455 545 682 719 
14 43 61 192 238 267 320 328 385 393 417 554 586 616 668 
3 127 429 559 
7 58 216 252 407 424 546 579 
10 24 81 128 201 229 232 291 455 598 621 
11 168 180 190 262 344 428 445 520 559 669 685 
8 70 110 159 414 422 476 631 663 
13 102 122 142 231 274 278 329 420 447 463 582 605 619 
16 67 85 111 145 210 300 304 382 401 428 444 496 504 567 707 711 
12 27 48 78 140 147 156 203 425 503 529 543 635 
14 10 17 33 78 102 134 186 247 249 354 381 383 426 638 
9 27 30 205 239 427 451 600 642 704 
13 1 98 150 205 258 275 288 308 410 422 572 667 707 
13 26 92 147 238 302 319 473 564 626 659 672 682 706 
10 44 78 89 167 183 281 312 428 506 559 
8 124 219 314 410 466 532 678 719 
8 24 42 202 229 438 520 527 559 
11 8 41 118 164 296 444 470 472 534 535 631 
7 155 333 350 513 546 559 691 
13 2 203 211 292 311 333 354 370 385 396 465 555 682 
6 138 301 533 618 647 680 
11 51 128 150 257 267 281 340 417 429 672 699 
8 19 44 197 269 314 395 562 691 
4 103 111 335 406 
7 4 79 261 378 490 632 681 
4 5 40 318 476 
9 78 113 137 219 326 530 553 657 689 
8 181 233 261 472 488 584 709 718 
17 0 7 23 54 98 106 141 180 188 206 297 368 397 487 595 678 696 
11 27 86 247 267 302 309 346 424 493 590 686 
10 40 155 178 260 436 461 495 530 620 665 
12 13 37 93 177 258 338 393 403 415 532 696 712 
6 4 146 480 581 652 681 
13 108 131 164 208 244 259 280 328 386 402 439 579 704 
12 57 62 364 419 472 517 559 574 589 593 594 628 
11 38 100 350 356 377 400 420 434 565 688 703 
11 44 71 150 160 209 363 431 444 460 501 516 
15 7 83 92 143 201 258 278 330 477 523 545 565 628 636 709 
12 178 245 301 305 389 398 441 455 460 487 488 691 
4 57 271 451 598 
7 125 155 333 440 449 552 617 
7 60 278 378 442 565 592 687 
10 21 44 45 151 241 364 385 629 656 716 
8 20 269 291 475 639 651 653 665 
8 21 116 148 249 271 273 632 696 
8 7 44 148 290 345 348 505 551 
19 14 22 49 51 100 200 205 233 236 261 264 267 285 350 415 475 511 550 633 
11 128 172 235 284 353 361 379 416 428 462 696 
8 1 28 71 233 382 439 562 713 
10 33 212 232 308 438 485 509 554 562 717 
11 99 196 249 304 315 382 467 475 486 516 580 
14 31 136 154 187 232 250 285 330 334 421 466 489 517 671 
11 166 228 288 321 362 432 437 508 518 689 717 
11 4 6 8 84 103 159 169 204 222 324 424 
10 0 4 71 89 203 230 361 628 637 649 
10 40 47 143 161 162 196 224 259 358 671 
11 110 178 241 266 353 468 512 540 608 626 633 
8 325 327 387 472 487 609 615 659 
11 43 122 183 217 310 345 369 428 469 493 551 
14 18 186 240 316 322 325 460 476 530 562 582 622 635 709 
12 41 78 147 158 241 283 431 552 584 653 657 707 
7 84 169 304 439 619 670 715 
6 59 199 425 469 481 489 
10 67 123 281 332 369 425 485 545 551 675 
7 0 24 51 406 443 469 558 
7 114 137 264 381 397 583 699 
11 153 307 380 404 468 474 513 578 615 681 689 
10 30 64 208 231 268 305 487 541 573 673 
13 23 72 132 269 305 404 428 504 540 604 627 694 706 
7 62 98 165 176 326 394 467 
4 1 129 251 558 
10 15 69 99 251 346 381 426 427 497 543 
6 12 112 203 292 586 606 
11 27 300 319 325 344 481 522 550 553 656 714 
9 141 205 234 241 260 481 516 532 579 
5 5 118 270 339 382 
15 41 61 286 302 304 336 458 504 546 562 565 584 658 675 685 
10 56 339 464 503 535 600 648 671 696 706 
12 49 74 202 368 401 402 414 477 525 547 633 701 
8 146 154 166 233 358 420 597 624 
8 27 204 284 363 447 592 593 699 
9 157 217 308 431 562 585 597 599 629 
10 77 88 154 199 201 318 328 344 535 631 
11 30 90 104 177 196 198 229 277 346 551 642 
9 17 34 224 241 330 335 483 503 697 
9 197 262 302 321 409 456 585 626 667 
10 196 266 296 408 435 488 510 579 634 641 
12 19 22 241 307 314 345 404 412 416 471 516 539 
16 33 34 79 108 141 144 151 163 258 376 381 406 441 548 561 577 
7 25 113 127 161 285 442 656 
7 21 79 209 419 504 543 606 
10 15 39 192 206 210 224 234 237 320 372 
6 8 255 302 364 389 583 
8 19 55 306 403 460 499 546 645 
10 138 183 381 388 416 419 457 471 609 618 
13 74 106 112 136 145 188 366 371 409 435 581 583 598 
7 2 43 106 282 403 448 465 
14 12 147 160 179 284 302 312 314 408 449 453 464 512 668 
4 77 92 251 518 
9 32 53 148 160 194 200 311 367 410 
10 29 72 127 201 257 258 267 318 419 542 
5 220 221 248 415 511 
8 13 129 131 153 439 480 597 674 
8 53 406 440 469 470 479 490 610 
7 34 265 345 448 525 586 629 
10 123 242 323 375 391 442 460 544 581 609 
9 34 402 463 529 589 590 666 673 682 
11 60 85 171 250 351 358 397 401 411 459 570 
14 46 77 80 162 181 187 238 250 291 345 420 621 636 712 
11 0 183 205 285 289 290 382 399 584 649 716 
19 12 180 224 274 281 309 312 338 358 375 379 381 550 604 617 641 658 689 701 
11 31 174 177 196 389 469 541 562 610 627 668 
6 155 235 337 410 444 531 
4 47 64 316 395 
11 18 123 196 215 284 304 354 466 484 581 644 
9 45 254 365 376 524 528 562 582 698 
9 14 76 147 206 236 463 470 482 629 
16 91 97 149 151 171 179 196 250 278 434 472 482 560 567 614 699 
9 41 58 70 217 333 592 663 669 696 
13 19 33 53 66 86 129 172 193 218 586 590 610 622 
13 13 79 123 136 225 284 338 471 480 516 517 536 717 
12 0 11 27 126 189 194 306 320 461 536 687 709 
12 5 103 108 284 336 374 417 580 585 628 675 708 
9 129 130 194 274 313 383 428 460 562 
9 25 53 157 260 273 417 453 534 646 
13 43 64 67 84 125 162 366 434 456 464 583 600 714 
7 96 286 307 380 454 486 567 
13 24 71 90 97 102 233 313 342 360 434 497 644 673 
12 36 67 115 157 187 191 267 350 397 414 483 511 
9 114 141 328 560 570 582 656 683 697 
10 46 183 294 304 381 461 500 593 701 706 
9 53 131 164 171 213 260 466 507 581 
10 17 25 115 246 384 435 465 515 559 618 
12 22 31 76 210 347 389 483 528 536 549 633 705 
12 10 49 53 197 230 247 264 270 272 542 625 678 
13 97 196 201 239 259 291 341 350 353 454 570 619 684 
10 70 114 118 226 276 383 500 544 579 617 
5 147 299 385 423 707 
11 147 162 202 395 427 430 495 513 552 590 612 
5 16 259 322 433 511 
13 14 48 195 259 339 369 392 413 458 489 575 707 713 
10 20 66 103 116 140 154 193 258 285 647 
7 103 106 131 169 222 452 524 
10 36 68 101 125 329 350 513 562 585 587 
6 280 306 481 507 544 622 
5 36 57 325 369 532 
7 104 135 167 236 606 647 692 
11 1 37 178 353 383 411 421 456 594 647 711 
8 368 444 502 565 663 667 684 692 
10 33 82 87 287 309 322 456 491 537 559 
7 158 223 302 377 426 430 484 
10 39 101 170 188 320 327 444 594 630 668 
16 91 163 179 226 235 242 247 300 315 335 443 444 459 461 560 667 
12 33 59 141 351 352 377 479 592 593 651 673 719 
13 10 73 106 158 200 211 226 264 280 316 518 525 542 
15 8 89 188 217 218 328 340 466 474 488 491 494 497 565 595 
17 49 88 113 120 243 271 294 329 367 396 411 451 548 622 629 667 668 
6 0 113 216 237 276 321 
12 44 73 75 162 199 231 337 493 581 620 692 714 
10 15 123 179 260 299 507 597 634 664 699 
9 5 57 97 108 208 387 645 654 656 
7 48 169 249 393 472 509 717 
13 14 68 77 131 164 247 260 358 452 467 612 667 668 
4 273 277 400 440 
13 12 65 81 92 165 172 237 247 321 549 620 649 712 
10 1 84 200 302 317 387 506 551 567 680 
7 150 209 263 304 442 549 657 
4 62 315 409 683 
10 175 232 250 350 351 376 394 588 675 710 
11 22 43 69 97 163 223 328 362 471 561 619 
11 55 151 241 271 301 532 544 558 612 690 717 
9 14 202 235 307 314 518 529 548 553 
10 134 209 289 299 358 369 419 476 624 639 
13 2 91 129 255 432 493 529 538 620 624 653 703 716 
7 109 203 345 360 520 542 569 
13 7 74 88 98 111 118 207 209 223 295 478 567 672 
12 72 149 176 219 331 343 370 447 514 520 567 635 
5 86 99 207 301 375 
12 51 151 183 232 279 305 319 358 394 409 609 660 
9 62 157 293 306 355 376 441 619 642 
10 187 201 234 396 476 505 611 658 660 671 
15 45 48 58 116 139 326 357 365 458 514 519 641 676 683 706 
8 63 80 213 346 397 414 428 719 
7 132 168 169 190 268 378 426 
8 201 372 442 475 520 555 577 587 
9 52 173 234 302 352 389 448 477 704 
9 35 104 140 226 272 347 439 550 571 
6 262 308 345 446 459 640 
8 23 56 181 260 270 407 595 629 
13 18 30 85 89 225 227 290 361 371 395 486 567 661 
9 134 171 305 366 426 527 542 569 702 
6 21 30 285 561 606 717 
7 106 111 277 388 639 693 695 
10 29 73 326 401 403 437 462 486 511 644 
12 67 81 128 155 223 232 407 482 611 672 674 676 
15 51 71 78 195 208 237 254 258 324 337 394 408 562 578 716 
12 38 66 126 179 221 233 332 349 432 449 619 661 
12 10 29 65 283 336 376 443 540 568 602 611 630 
7 24 56 195 481 514 700 701 
9 36 346 384 416 458 504 518 540 561 
10 168 185 196 278 285 293 318 434 583 680 
9 119 257 303 318 465 483 484 501 575 
8 139 303 335 398 399 463 484 647 
10 57 122 197 206 285 297 511 525 541 684 
11 54 148 160 169 264 385 473 523 542 594 676 
7 65 79 329 417 422 543 715 
8 15 61 185 527 541 543 598 614 
13 50 74 83 331 494 535 595 606 640 654 668 670 671 
12 113 205 229 257 260 312 322 328 368 494 697 706 
5 146 150 391 398 508 
10 19 277 324 369 560 572 616 638 696 699 
11 56 71 87 89 197 204 339 438 617 650 699 
7 18 67 92 202 319 474 567 
12 14 81 126 186 230 374 383 385 400 511 543 567 
13 50 108 119 131 184 192 242 365 435 571 593 669 715 
7 62 121 265 331 364 374 427 
12 45 62 91 138 149 245 275 340 436 523 533 540 
8 92 124 146 249 306 452 517 521 
13 28 55 82 99 178 228 298 358 375 499 524 535 586 
12 150 208 213 290 295 322 360 424 512 600 629 666 
10 55 80 129 139 169 326 398 661 676 691 
8 38 145 245 339 493 570 606 716 
13 36 55 241 334 387 400 421 562 610 626 672 684 692 
3 560 657 716 
15 24 133 272 363 365 388 439 468 483 497 525 528 559 564 652 
8 38 45 255 260 327 368 682 696 
9 238 265 318 329 347 491 494 542 577 
10 18 185 300 303 497 536 550 579 650 651 
12 18 174 191 333 388 488 506 571 582 644 657 706 
5 133 197 260 453 601 
10 53 55 119 120 216 276 568 665 705 710 
18 61 119 139 160 215 221 238 244 260 280 461 500 522 586 623 673 708 709 
10 24 93 96 158 198 200 225 259 522 606 
12 56 93 144 160 273 286 297 363 388 550 620 651 
12 79 98 133 282 349 497 508 517 531 543 670 690 
18 30 95 105 133 151 169 192 287 354 363 408 558 573 601 633 634 671 700 
8 32 134 183 388 490 654 660 693 
9 23 207 310 315 372 396 416 516 579 
9 35 59 146 244 342 374 378 383 386 
10 16 106 188 242 261 283 335 394 464 487 
4 67 461 505 602 
3 255 359 639 
10 0 54 119 124 133 290 429 478 544 652 
10 1 67 151 181 311 442 454 585 655 710 
13 6 17 219 318 328 345 389 492 506 525 530 628 699 
11 68 119 127 172 263 288 339 482 589 642 716 
10 24 100 140 169 306 330 387 471 552 669 
9 10 120 178 215 257 278 332 541 671 
9 46 188 352 359 370 527 590 601 660 
8 56 128 259 352 414 493 693 703 
7 55 79 185 313 363 372 570 
10 126 158 228 257 343 465 565 585 635 705 
11 137 183 228 256 471 490 536 577 592 651 666 
10 181 243 246 343 473 509 615 680 697 709 
11 0 50 104 216 218 237 509 549 594 651 719 
9 114 457 491 500 516 536 605 677 688 
8 15 49 55 173 214 238 253 554 
10 16 153 338 344 410 441 447 553 637 716 
10 24 236 247 345 385 421 623 625 641 655 
6 18 235 245 317 328 522 
11 29 112 113 162 165 249 262 407 453 504 626 
11 96 97 257 297 306 476 521 560 582 613 693 
6 144 237 431 441 538 643 
5 116 145 290 615 657 
11 77 89 156 228 278 332 399 451 476 629 666 
8 45 46 68 72 181 196 251 487 
10 109 197 237 244 349 387 468 576 635 651 
12 14 101 151 171 272 274 355 437 442 493 594 668 
5 61 424 501 535 682 
15 7 30 42 74 87 184 240 244 250 322 420 635 642 671 700 
14 10 103 157 185 229 258 419 442 492 538 555 564 694 711 
8 23 201 297 372 408 569 581 606 
7 67 156 162 355 507 549 680 
5 83 104 105 287 706 
8 30 66 153 179 203 369 418 702 
10 17 56 110 159 212 213 454 510 550 655 
7 127 160 221 300 333 340 656 
7 123 161 221 288 365 445 619 
17 71 116 155 158 164 197 208 218 273 332 430 548 552 602 620 640 689 
8 9 60 152 171 392 476 604 676 
12 9 132 288 300 428 458 480 499 593 666 675 710 
9 186 210 231 412 462 479 535 692 699 
12 13 86 91 202 323 346 523 532 610 615 637 663 
5 289 503 567 629 638 
11 76 124 127 185 267 275 277 350 523 546 643 
8 21 71 236 245 282 364 648 659 
8 56 117 180 366 488 495 625 712 
8 98 150 202 343 417 513 576 690 
8 65 77 91 166 199 361 515 688 
16 82 122 139 183 198 211 252 336 374 444 523 538 541 543 580 627 
9 190 253 313 492 532 580 669 697 700 
8 103 188 238 329 407 412 535 625 
19 7 62 128 142 191 239 255 316 334 393 417 420 451 501 508 555 648 671 712 
12 59 68 98 214 302 347 501 505 515 574 577 618 
14 14 80 158 167 186 262 298 301 302 439 523 550 584 614 
9 81 91 100 101 155 427 541 547 624 
8 27 92 337 559 604 659 663 713 
10 157 230 326 407 506 511 534 545 673 716 
6 19 246 254 335 610 618 
6 190 247 346 507 525 660 
5 36 465 478 499 545 
8 161 189 306 414 442 462 551 572 
14 13 55 111 292 312 367 511 528 574 576 603 649 687 717 
7 247 274 379 410 546 561 594 
6 31 276 285 393 425 486 
7 59 150 154 188 504 548 680 
11 89 235 275 297 299 525 530 540 555 581 644 
9 94 111 141 244 405 595 603 614 618 
12 38 45 67 70 148 226 290 331 349 430 627 643 
10 0 110 257 302 337 506 566 633 710 717 
17 13 51 116 186 188 209 243 255 273 478 497 537 576 634 654 688 695 
10 8 34 135 180 271 280 302 381 390 475 
6 89 197 343 431 451 507 
13 67 81 157 256 266 352 477 545 555 668 711 715 718 
9 22 73 129 227 247 275 389 494 708 
12 34 39 169 246 282 351 401 450 546 570 603 675 
9 62 165 201 264 281 305 475 482 498 
9 92 128 134 200 219 312 511 647 665 
14 0 24 86 111 206 216 374 416 541 552 573 594 667 712 
10 135 208 212 214 253 261 632 655 656 665 
7 17 101 167 253 266 513 591 
11 100 237 244 270 319 396 402 500 561 614 633 
10 19 89 167 177 184 207 267 311 595 634 
9 21 109 121 163 354 403 549 551 685 
9 83 107 136 216 305 362 480 549 624 
10 131 193 196 200 334 461 466 495 606 690 
13 156 175 209 322 330 411 414 429 559 568 671 677 680 
14 3 19 52 66 72 120 187 228 335 463 556 640 671 677 
7 325 392 450 460 576 638 707 
4 253 303 431 591 
7 182 252 270 430 474 531 611 
7 82 212 223 224 294 348 551 
11 32 62 85 122 266 267 344 395 466 531 583 
11 46 83 113 234 278 283 351 374 489 515 578 
10 75 83 111 147 264 300 351 352 523 539 
7 75 199 213 562 604 608 651 
8 200 276 339 343 454 573 645 706 
12 10 58 114 178 188 207 217 389 415 663 668 675 
10 132 145 177 188 236 305 378 436 549 706 
10 0 145 201 212 290 483 598 694 700 712 
9 174 253 386 402 513 569 596 613 630 
10 20 37 46 299 305 376 405 529 560 573 
7 30 103 394 420 440 531 557 
11 6 45 88 146 179 208 308 323 371 399 417 
7 63 305 357 358 376 464 662 
8 7 53 84 105 180 288 436 475 
6 135 158 508 536 612 718 
10 54 221 277 305 374 377 384 460 609 660 
7 70 108 466 507 540 581 696 
7 6 113 243 368 430 450 665 
12 13 61 77 134 280 286 381 405 471 538 712 718 
10 2 186 351 418 442 443 508 583 606 671 
5 129 133 298 589 669 
8 69 100 112 159 227 234 433 542 
13 93 136 158 218 226 240 349 410 455 554 570 581 636 
9 75 92 133 195 330 390 443 530 700 
13 15 24 97 164 315 378 394 447 459 554 559 602 619 
12 78 144 281 294 309 422 449 462 498 581 649 673 
8 23 202 359 384 442 496 501 539 
7 126 142 199 311 403 404 654 
6 102 236 425 527 624 633 
14 69 113 196 251 278 289 343 353 363 447 452 467 518 693 
9 15 66 98 114 122 206 247 369 605 
14 46 47 99 106 144 168 216 288 293 437 470 490 666 690 
8 20 89 326 331 348 591 609 703 
9 71 282 438 443 483 581 582 583 690 
16 68 74 127 186 200 224 237 270 387 405 557 583 607 637 671 675 
13 110 131 144 184 201 270 367 384 525 656 706 710 718 
10 202 248 304 321 349 511 539 545 551 649 
6 8 16 84 331 580 591 
10 25 87 132 155 166 324 326 334 618 672 
8 38 56 367 411 540 615 651 714 
7 96 124 223 381 382 409 647 
15 34 54 103 137 187 354 366 432 434 439 444 484 541 657 700 
9 39 66 125 265 292 368 556 595 609 
21 33 38 45 46 84 106 142 228 254 304 353 374 394 449 456 517 533 538 551 585 704 
6 64 107 569 586 638 650 
11 19 23 60 132 166 340 356 398 510 573 644 
12 1 72 95 97 101 265 283 374 452 593 614 702 
9 63 115 159 256 321 323 491 602 665 
12 80 82 140 176 180 209 394 456 505 545 606 696 
7 9 262 384 480 482 492 600 
13 1 12 21 165 181 224 295 320 432 440 559 561 666 
10 70 121 149 170 366 525 616 657 706 711 
13 11 21 62 94 123 167 274 447 535 556 610 619 637 
11 90 97 167 227 232 357 368 418 431 441 534 
11 147 270 271 283 377 402 405 496 551 607 619 
10 14 139 299 460 551 563 641 654 697 718 
10 2 4 119 323 412 420 439 500 525 576 
9 0 2 84 96 103 237 484 508 518 
12 0 90 206 218 347 349 366 456 498 521 590 668 
13 42 70 217 261 353 356 397 439 445 468 523 576 696 
12 96 103 250 284 304 324 340 354 376 503 553 699 
16 4 92 159 221 240 355 356 363 384 439 567 600 618 627 648 661 
16 4 33 62 146 255 286 294 320 392 563 572 600 603 618 648 691 
12 2 15 126 150 187 213 447 450 463 518 530 658 
11 44 153 168 226 243 434 453 465 667 702 710 
5 100 112 135 228 445 
9 100 238 306 321 428 455 563 579 667 
11 283 314 316 404 422 473 474 488 672 676 690 
15 67 88 139 196 223 260 336 377 383 425 444 563 595 624 711 
16 22 45 195 208 213 233 315 451 473 481 518 525 536 537 632 677 
10 104 138 190 210 288 396 428 468 580 681 
8 24 54 176 223 321 407 542 571 
8 24 139 151 199 406 504 506 674 
10 42 111 169 334 420 442 456 463 576 613 
8 12 36 144 477 524 534 590 685 
6 492 516 580 589 613 640 
10 22 57 214 220 320 385 568 570 648 698 
15 0 130 152 155 164 166 168 184 282 299 374 446 476 506 532 
11 45 132 267 279 302 360 373 411 491 650 703 
10 40 115 238 319 341 349 453 471 532 670 
18 28 86 132 172 198 199 209 226 231 261 265 273 293 345 372 485 579 657 
8 9 114 537 544 548 550 661 675 
8 73 85 93 163 374 420 673 705 
15 99 129 185 187 191 226 298 305 401 580 586 597 598 619 637 
6 81 459 584 600 656 682 
12 158 267 276 315 325 326 339 362 363 433 543 660 
13 59 67 90 128 347 380 476 558 581 582 605 638 683 
8 51 77 123 324 340 421 490 526 
11 65 109 126 257 279 285 371 400 465 504 558 
7 81 149 336 364 378 553 690 
10 14 162 360 451 544 583 599 623 674 714 
9 28 217 385 468 486 491 527 640 645 
4 34 184 443 452 
6 18 30 80 290 351 683 
11 38 416 437 452 460 478 538 541 555 641 658 
9 35 37 136 238 334 376 402 443 666 
4 59 216 345 483 
13 96 153 183 224 236 286 377 387 548 562 631 646 656 
15 36 98 200 272 439 440 519 552 557 565 599 627 630 672 681 
15 14 182 245 255 264 281 308 421 456 498 504 507 515 568 622 
12 114 157 209 265 279 378 411 515 568 664 694 715 
15 83 101 215 242 245 275 350 482 501 515 516 572 674 684 703 
11 29 74 134 147 177 210 226 259 444 566 598 
9 54 66 231 235 272 293 393 401 525 
13 17 38 151 222 254 269 368 381 526 565 711 714 719 
6 69 93 293 334 644 659 
8 318 594 624 628 663 667 700 714 
10 15 108 119 147 184 256 395 502 557 656 
11 98 130 139 179 256 269 288 398 540 556 642 
8 24 470 479 514 519 599 649 717 
10 74 191 230 268 303 402 622 642 660 682 
9 56 184 230 280 303 364 430 528 685 
14 46 101 184 297 301 354 404 417 453 468 588 636 648 675 
10 178 305 338 357 457 472 524 550 646 678 
5 16 59 117 490 604 
5 229 231 252 309 565 
8 154 189 245 356 489 565 584 602 
5 6 231 572 580 591 
14 0 50 97 161 227 275 369 531 543 544 566 618 650 658 
4 379 385 398 669 
8 9 347 390 428 506 529 598 657 
5 115 452 457 465 544 
9 1 117 218 260 429 446 485 596 704 
10 104 126 137 157 405 512 568 667 686 709 
15 111 124 222 240 296 341 357 371 382 421 475 501 530 648 674 
5 103 111 516 536 648 
5 38 51 206 485 617 
12 8 113 122 130 133 207 244 255 328 497 514 524 
11 16 39 253 261 269 372 432 448 534 658 699 
11 18 105 111 131 330 344 347 480 618 684 706 
9 23 71 148 149 288 312 320 496 657 
7 64 88 142 411 490 555 557 
10 43 74 77 129 267 356 444 457 471 528 
11 3 26 91 120 207 216 403 413 432 521 683 
6 5 151 360 533 644 662 
7 50 190 260 286 361 608 705 
16 75 139 141 170 244 282 443 448 457 520 543 544 600 611 645 670 
16 42 69 103 142 157 211 285 319 329 346 427 506 534 536 565 696 
13 48 87 119 180 308 314 323 383 428 623 687 693 715 
4 95 154 258 710 
8 43 60 209 269 294 306 581 592 
6 60 381 408 572 620 693 
11 9 21 82 229 322 323 445 474 510 550 588 
10 42 98 103 284 408 436 441 626 650 663 
8 111 136 163 206 235 372 410 625 
6 218 261 439 458 543 580 
11 60 64 84 184 187 204 272 394 588 636 712 
10 75 192 231 254 266 306 338 369 414 433 
6 5 124 301 347 490 580 
10 17 130 149 156 167 232 579 654 682 685 
6 98 111 174 194 469 551 
11 33 81 196 206 228 283 385 459 471 510 643 
9 18 32 63 72 236 309 385 460 472 
8 9 17 159 209 326 401 416 419 
8 90 100 187 258 504 594 628 717 
7 58 204 407 432 516 534 565 
7 160 360 433 478 526 568 647 
7 129 138 193 322 342 391 688 
10 42 46 78 126 337 357 428 477 557 573 
8 133 236 260 331 408 537 576 666 
7 161 233 329 395 419 590 592 
7 44 120 131 412 434 458 633 
10 21 34 264 277 343 378 456 527 587 616 
7 68 243 310 486 573 618 681 
6 36 62 120 274 579 595 
11 56 123 126 170 291 296 297 352 467 522 638 
11 46 148 227 435 442 543 544 558 594 606 607 
13 28 66 101 106 204 259 314 452 507 518 591 662 669 
9 94 134 361 377 526 560 600 625 655 
12 89 193 303 377 383 402 404 416 485 521 686 691 
12 25 29 38 69 137 182 374 392 674 682 687 716 
5 9 193 210 323 688 
9 121 134 310 357 386 460 509 537 631 
6 14 393 408 425 469 650 
13 192 223 239 279 310 426 469 517 566 579 589 673 683 
13 90 176 210 316 373 378 413 523 533 562 602 612 664 
10 9 11 226 260 330 545 576 600 610 707 
5 163 207 435 446 587 
10 52 122 328 330 386 398 449 497 567 592 
7 6 339 346 370 543 563 695 
8 2 30 91 121 494 616 649 703 
8 156 268 298 432 446 487 588 625 
4 147 309 582 657 
8 180 193 380 467 469 499 529 690 
11 18 97 256 369 402 414 430 513 532 577 641 
12 112 162 235 298 302 306 312 468 546 548 588 605 
12 81 151 247 261 301 306 312 357 417 463 487 540 
11 63 140 144 155 268 364 396 440 502 601 649 
10 20 46 107 130 211 357 384 561 618 715 
15 31 201 205 227 330 357 385 397 419 442 476 477 501 516 687 
12 48 54 94 163 171 325 344 372 520 549 580 685 
10 142 217 256 277 303 381 447 507 564 656 
8 49 252 344 554 572 583 606 652 
11 91 213 226 272 318 430 465 487 516 563 594 
9 8 139 331 344 354 370 429 549 682 
6 135 405 476 477 551 694 
8 36 117 118 165 178 284 595 709 
4 4 59 116 694 
11 118 170 315 350 403 422 455 476 682 702 713 
8 30 82 174 182 216 552 580 645 
13 126 150 163 169 256 375 418 566 592 631 652 676 680 
12 55 71 90 135 279 317 331 568 575 615 656 684 
8 41 285 298 353 372 583 611 683 
7 155 226 473 556 593 631 672 
5 87 122 179 605 651 
9 12 99 191 271 452 620 652 671 701 
9 52 117 142 185 405 438 460 639 653 
6 76 176 202 216 260 428 
10 24 320 384 437 475 513 515 549 571 665 
7 119 168 172 188 370 544 651 
8 98 296 298 308 372 431 698 708 
8 147 342 386 399 411 511 620 623 
8 25 218 420 489 582 677 679 703 
4 144 342 460 661 
14 6 118 178 181 194 197 227 268 360 375 498 530 541 619 
10 11 20 31 116 234 279 358 403 440 537 
8 35 41 44 47 265 558 692 710 
14 32 64 171 215 230 267 309 360 361 394 431 542 610 710 
8 348 385 419 440 489 505 523 588 
5 228 260 280 348 687 
7 16 19 340 424 528 546 680 
13 45 59 98 115 141 185 323 399 514 560 583 662 694 
6 88 161 183 335 525 604 
7 75 126 283 380 401 564 617 
15 19 67 163 218 227 280 331 358 378 423 486 488 517 533 611 
8 95 158 162 210 287 290 478 658 
4 272 381 464 692 
13 74 79 91 124 129 177 187 209 271 381 403 605 678 
15 58 106 137 318 380 393 430 459 517 546 621 698 699 717 719 
10 89 100 107 158 297 420 463 533 550 586 
11 78 118 181 258 314 436 442 468 489 500 628 
10 49 70 96 120 121 148 198 290 446 680 
9 37 94 223 275 308 521 572 586 588 
10 63 76 146 211 355 364 463 582 620 670 
12 89 117 192 259 323 345 371 373 395 407 447 652 
13 48 199 202 270 311 320 341 452 459 591 636 710 719 
8 3 129 177 463 496 500 517 537 
8 150 165 303 332 404 586 710 717 
720 3640
12 81 124 277 305 308 313 367 385 500 506 630 695 
13 10 18 107 157 166 187 213 241 614 618 625 689 699 
10 279 334 423 438 474 514 600 619 639 688 
12 78 152 206 270 307 312 381 387 555 653 664 701 
13 36 138 309 310 359 380 429 441 502 514 622 696 718 
8 29 48 55 110 175 294 469 546 
11 13 235 244 250 286 384 438 617 663 699 711 
11 26 211 243 252 356 371 445 546 594 672 711 
16 77 91 117 132 159 210 227 365 410 424 449 473 492 582 687 708 
8 98 273 277 304 311 448 641 709 
18 1 155 225 287 313 316 330 334 346 368 381 408 502 520 534 570 622 699 
9 31 139 208 215 269 286 287 461 549 
7 120 191 403 460 486 584 630 
10 6 215 260 275 326 330 340 559 560 643 
5 365 473 566 613 619 
10 106 120 220 288 321 419 430 554 618 689 
13 41 77 170 252 313 329 415 479 532 557 578 681 685 
7 139 190 284 317 545 570 607 
7 1 288 378 403 420 443 546 
12 57 147 197 276 317 333 378 401 594 651 658 706 
8 123 290 455 499 525 535 576 705 
13 40 108 183 216 286 335 354 378 380 389 506 689 697 
9 37 306 308 355 365 391 584 598 603 
10 61 123 141 234 310 312 355 531 621 713 
19 53 109 110 155 161 266 334 340 367 451 508 523 549 582 583 605 620 627 672 
9 88 94 216 260 283 404 413 644 708 
7 7 159 354 363 530 616 625 
6 52 88 322 400 616 665 
6 251 272 375 486 661 691 
6 5 95 216 319 442 495 
8 81 98 278 284 378 380 460 508 
12 11 61 66 67 136 370 442 511 572 574 599 607 
10 161 172 256 277 369 425 442 476 608 645 
14 66 76 84 160 282 327 352 477 510 511 554 605 651 659 
6 200 223 278 368 494 711 
8 169 213 233 262 415 430 506 573 
13 4 61 82 156 339 405 424 476 479 577 594 639 645 
7 22 213 264 397 575 663 716 
6 81 154 214 310 533 659 
10 124 140 144 163 176 365 539 549 610 673 
8 21 124 176 180 340 428 535 600 
10 16 43 54 139 216 225 545 570 682 704 
9 63 109 212 235 444 492 498 513 641 
10 41 229 325 434 455 507 655 692 708 711 
14 79 80 224 231 243 388 431 492 538 546 558 595 633 665 
12 69 82 124 136 287 361 382 583 589 625 645 716 
6 166 320 347 473 534 546 
6 156 260 358 606 607 718 
9 5 132 266 394 464 550 586 627 672 
10 55 173 288 315 318 405 624 694 703 713 
4 61 124 144 267 
12 174 202 261 301 441 516 527 564 582 657 697 703 
13 27 79 87 90 151 247 305 323 579 634 644 658 691 
16 24 61 72 127 162 241 247 347 451 499 508 523 547 614 669 703 
8 41 80 170 347 467 475 531 542 
17 5 49 81 107 189 205 207 210 280 433 458 462 466 475 562 665 692 
10 119 127 275 297 330 353 370 531 671 677 
12 19 115 159 179 200 240 316 317 362 424 529 632 
13 65 205 239 266 286 335 377 407 439 484 514 554 696 
14 70 162 175 259 274 362 395 401 414 431 489 519 656 668 
10 97 171 219 282 283 441 570 614 701 708 
12 23 31 36 50 53 62 146 220 235 361 434 719 
10 61 125 314 358 363 384 462 482 589 612 
9 42 218 260 336 378 390 401 520 627 
10 109 280 301 316 405 472 525 534 593 695 
9 58 155 184 201 328 438 531 551 683 
8 31 33 127 173 422 508 568 636 
6 31 129 156 256 320 643 
9 97 121 233 275 330 337 342 558 688 
6 45 116 325 364 597 713 
7 59 71 346 359 418 443 447 
9 70 80 176 202 219 327 369 530 593 
7 53 85 200 268 322 367 494 
13 122 224 245 247 283 311 314 415 485 499 559 597 650 
8 103 139 346 422 443 611 672 710 
9 109 152 262 369 414 578 580 625 629 
12 33 78 81 111 129 157 160 174 419 481 511 530 
7 8 16 171 177 324 468 650 
11 3 76 81 161 173 271 333 339 452 562 636 
10 44 52 99 173 184 557 595 675 681 682 
12 44 54 71 104 217 317 463 484 489 499 557 672 
15 0 30 38 55 76 78 161 272 388 439 533 632 637 662 699 
13 36 45 133 159 160 198 202 264 327 387 440 444 713 
12 134 150 259 312 374 380 436 507 605 629 641 709 
14 33 116 123 137 170 207 214 215 220 301 409 422 515 702 
8 72 93 140 192 356 408 515 607 
10 102 107 147 188 372 410 447 491 581 679 
7 52 152 266 408 479 582 592 
13 25 27 113 161 189 231 274 357 442 490 504 514 683 
12 161 249 250 282 318 390 497 515 561 598 691 713 
9 52 108 184 231 350 617 666 683 700 
15 8 101 143 213 256 336 375 499 541 569 572 587 605 700 717 
10 132 135 164 281 473 492 525 560 585 631 
10 85 108 192 296 326 337 396 507 640 646 
9 25 129 168 308 350 358 421 516 687 
12 29 98 112 117 121 278 306 391 502 522 568 569 
7 221 271 295 432 457 473 614 
9 60 68 111 210 319 533 570 676 681 
11 9 30 95 135 315 330 358 360 387 448 453 
5 79 274 331 411 703 
13 116 198 212 217 356 362 463 506 550 582 660 663 685 
12 91 146 207 239 295 338 356 454 470 540 627 682 
7 86 421 528 556 559 561 563 
9 74 108 169 300 303 509 624 715 716 
10 80 191 197 281 319 478 546 667 710 712 
8 205 223 255 298 537 543 586 683 
10 15 238 370 448 455 497 516 556 580 619 
10 1 55 86 208 317 415 435 508 510 669 
9 21 90 93 103 249 340 506 657 711 
6 24 42 64 75 170 249 
12 5 24 139 207 254 296 321 545 552 577 693 714 
12 76 97 168 256 322 360 413 419 492 500 521 604 
6 95 254 389 632 641 676 
11 88 140 154 192 350 402 466 521 544 659 700 
10 119 142 155 163 175 284 328 512 686 701 
15 57 213 342 368 420 435 441 459 499 545 601 638 672 704 717 
10 69 84 100 197 313 382 491 524 618 695 
7 8 95 163 223 286 468 472 
12 131 172 193 354 454 505 529 587 629 652 713 717 
8 56 114 122 176 247 386 559 615 
7 12 15 122 233 311 378 415 
9 68 95 127 176 319 329 367 526 640 
8 73 119 120 127 238 321 341 436 
15 20 23 84 204 231 317 372 407 467 512 585 605 617 653 655 
10 0 39 40 45 50 182 187 300 330 536 
9 62 262 277 287 311 441 613 651 691 
8 237 239 260 317 419 555 667 711 
13 53 56 66 121 122 202 273 354 397 408 437 657 703 
5 200 302 344 491 542 
13 67 76 94 133 230 248 353 389 416 503 543 596 699 
7 155 177 310 406 443 587 676 
13 118 150 276 304 307 429 471 551 562 569 597 600 649 
14 8 48 92 155 171 175 211 251 413 477 493 544 623 671 
13 82 129 139 357 397 452 495 504 510 551 659 661 669 
7 83 168 255 449 485 574 641 
15 92 98 196 242 255 263 305 440 441 458 485 574 631 645 711 
10 31 45 250 349 482 542 567 592 655 665 
12 84 152 236 393 424 463 519 531 536 596 617 682 
9 4 142 186 273 279 336 413 654 691 
18 11 17 41 74 110 133 176 184 217 239 249 260 369 518 611 620 677 682 
6 39 85 113 410 562 633 
10 23 158 305 350 405 424 486 581 661 681 
9 114 138 160 186 379 404 583 590 618 
11 91 193 331 367 421 436 447 492 514 576 637 
6 39 50 223 506 555 583 
8 186 228 245 301 329 387 648 716 
6 61 101 374 579 685 710 
12 19 86 157 286 297 337 389 396 416 440 483 600 
8 249 369 545 610 621 677 679 710 
5 281 445 625 673 681 
11 83 131 158 253 366 382 487 572 665 680 705 
15 52 156 158 198 245 268 311 326 327 355 358 487 537 538 692 
15 3 75 87 137 207 234 256 326 428 468 492 643 662 669 679 
5 310 316 328 386 429 
9 38 113 183 238 319 427 497 575 667 
24 10 24 65 114 130 132 175 237 252 339 367 380 403 410 425 485 521 534 553 619 635 663 666 678 
11 36 47 67 151 226 310 434 592 596 681 699 
10 1 76 147 269 315 319 379 407 468 604 
9 141 150 151 199 236 302 512 628 657 
15 8 26 57 82 225 248 267 287 361 391 434 487 567 620 710 
11 33 76 82 142 235 429 452 469 495 594 620 
13 24 32 78 81 88 89 228 262 273 339 570 653 654 
9 53 59 252 458 484 531 671 676 713 
12 39 114 117 165 325 392 406 458 491 509 585 629 
10 92 198 231 439 482 548 572 574 623 670 
9 163 171 256 293 294 371 540 644 674 
7 1 46 201 235 469 586 628 
6 305 309 363 422 505 524 
13 94 111 134 189 199 303 337 356 426 517 542 558 634 
10 35 103 312 325 381 536 611 689 711 719 
15 16 54 84 109 239 328 337 345 437 444 495 535 570 619 645 
10 60 77 132 165 213 527 529 539 628 646 
11 32 118 249 281 294 345 359 450 618 668 708 
8 49 66 78 79 335 540 629 664 
14 51 76 253 281 284 301 302 328 435 459 497 504 515 671 
13 5 59 114 132 155 247 257 365 433 496 534 596 677 
14 39 40 71 119 121 139 272 379 422 487 520 553 594 683 
10 77 130 208 254 496 502 592 607 611 641 
3 309 554 569 
7 57 204 243 339 396 447 552 
9 40 334 346 379 381 386 421 468 476 
7 297 307 358 381 392 504 663 
11 124 236 324 352 355 364 390 533 567 584 622 
9 21 154 290 316 339 358 677 685 695 
17 65 79 90 139 223 250 284 289 294 418 507 554 580 660 676 688 691 
8 188 288 292 469 556 569 594 637 
13 138 142 145 217 231 265 418 500 508 557 564 592 671 
12 1 124 265 333 363 467 484 511 523 562 572 668 
9 86 185 334 450 498 533 686 709 711 
11 55 88 168 242 367 403 422 494 519 614 622 
13 17 213 239 308 383 480 539 546 586 602 646 674 677 
8 12 104 271 446 536 647 674 719 
8 85 93 113 195 226 335 339 704 
5 118 143 202 222 300 
7 381 398 423 443 557 661 679 
2 192 387 
9 135 299 397 421 463 500 510 519 604 
8 19 104 116 414 590 670 674 679 
8 82 100 151 164 381 476 572 635 
10 158 168 210 271 480 539 575 614 698 699 
10 34 57 72 128 209 245 404 416 518 528 
16 65 166 213 306 401 425 492 507 544 546 600 605 632 679 691 710 
11 51 71 82 127 193 270 489 604 625 629 640 
8 374 426 455 468 554 632 640 718 
9 123 179 208 228 369 468 523 573 659 
9 55 58 105 267 499 524 571 606 698 
9 3 274 302 305 553 577 589 633 658 
9 55 84 101 110 152 216 242 313 387 
15 11 107 177 204 273 340 347 358 419 490 577 591 615 673 714 
9 200 336 353 356 393 407 428 530 545 
14 8 55 97 199 319 332 336 385 415 452 546 548 655 681 
9 7 132 252 267 271 490 563 567 704 
5 42 100 646 659 669 
16 1 35 37 91 115 171 190 201 230 248 249 256 396 454 598 701 
7 38 84 257 368 446 552 694 
10 11 13 84 230 349 356 532 601 664 712 
9 21 25 29 41 207 434 561 668 718 
12 80 100 139 186 260 271 283 317 419 475 501 549 
8 63 252 253 254 288 318 529 661 
8 60 71 260 353 377 471 623 658 
9 15 61 84 233 256 272 354 375 501 
9 96 232 246 297 362 521 530 595 658 
5 193 229 459 646 710 
12 34 105 117 144 184 247 304 328 364 386 390 639 
5 44 73 649 684 701 
9 10 41 159 257 323 454 634 667 674 
8 156 192 331 388 483 598 638 692 
4 8 334 367 571 
11 145 161 204 276 368 441 532 600 633 638 652 
15 43 222 295 309 365 414 432 514 547 557 593 654 678 712 715 
10 129 213 215 241 323 447 545 605 636 691 
9 44 88 90 123 164 186 274 612 636 
4 221 509 529 646 
16 35 68 120 220 270 279 298 301 400 453 478 491 499 553 665 709 
14 23 152 281 359 395 396 409 440 466 480 591 595 651 671 
8 6 42 61 160 166 273 574 676 
8 137 158 182 293 365 381 468 512 
10 126 155 251 295 459 511 533 626 637 652 
12 106 122 154 272 354 368 401 407 430 471 513 676 
13 58 101 126 139 170 190 289 351 502 531 606 646 676 
9 57 331 337 360 436 450 588 601 615 
13 1 53 230 248 249 301 328 365 451 459 566 585 687 
10 135 189 207 306 361 475 494 565 656 697 
6 7 44 179 272 305 516 
4 6 520 668 687 
12 73 145 151 200 275 462 535 580 621 628 630 704 
7 221 285 296 388 399 491 675 
14 52 53 73 119 175 223 391 405 439 456 492 530 642 685 
5 129 159 213 241 477 
14 89 108 109 139 148 172 213 241 253 279 426 489 491 604 
10 6 89 136 184 313 399 430 507 648 668 
11 28 132 237 259 405 453 524 568 602 702 703 
11 7 16 155 162 211 218 479 570 582 646 678 
5 150 174 218 249 497 
10 110 112 177 218 270 388 454 543 579 702 
12 105 134 135 336 370 396 494 538 544 631 687 717 
15 32 67 91 111 152 165 213 220 274 308 315 477 543 644 669 
11 175 214 225 281 295 513 590 595 607 699 715 
6 342 407 498 502 600 628 
13 59 83 251 349 354 377 406 446 460 529 541 544 687 
16 13 25 47 63 126 139 217 219 316 468 537 583 594 603 604 712 
7 51 286 358 371 597 654 689 
12 35 75 125 161 349 395 431 542 572 649 679 717 
6 135 284 379 404 415 608 
9 37 82 308 404 410 446 544 603 685 
6 186 187 269 404 423 492 
10 24 48 58 87 275 284 310 514 543 600 
9 50 159 205 211 325 398 448 688 703 
7 72 151 414 420 495 559 701 
10 11 157 265 323 367 389 445 578 641 689 
11 3 202 233 254 306 524 536 556 557 678 684 
11 78 96 191 199 211 217 295 422 525 538 707 
11 28 81 176 220 238 243 430 536 649 661 716 
15 9 127 138 161 208 235 278 377 379 446 502 594 608 663 708 
12 59 88 99 206 231 256 453 464 466 477 511 654 
15 13 56 68 245 266 287 312 359 372 404 436 487 529 707 716 
9 19 131 228 439 465 502 514 525 644 
9 0 9 32 125 577 650 651 654 662 
10 30 34 95 273 294 354 438 472 488 509 
6 2 138 233 249 550 682 
5 55 64 405 508 575 
9 92 104 149 172 174 234 257 400 592 
8 33 60 89 412 438 515 612 678 
8 25 60 73 217 395 429 539 622 
15 17 30 114 174 184 263 266 313 429 509 513 519 522 586 596 
9 246 293 305 359 402 404 531 542 663 
11 6 11 21 58 117 147 261 293 381 485 573 
10 10 11 45 125 159 275 383 421 561 709 
14 15 18 49 185 218 319 448 467 483 494 509 534 613 666 
11 184 239 415 425 434 436 500 589 646 650 680 
7 20 183 379 440 459 658 672 
5 371 391 415 473 683 
11 185 362 375 397 528 614 622 636 664 667 700 
12 165 236 285 286 355 356 371 444 455 470 603 696 
11 5 165 172 184 278 348 361 384 545 656 715 
11 96 101 229 237 257 271 428 448 519 592 668 
9 93 110 246 366 426 458 497 529 611 
9 56 147 181 221 321 423 436 567 587 
5 105 233 398 419 629 
8 196 388 423 442 540 556 670 709 
12 103 124 193 431 449 485 551 601 609 622 636 642 
8 51 64 84 145 174 233 241 448 
11 128 158 174 206 366 379 389 428 537 686 701 
8 103 168 372 467 507 514 638 644 
11 9 131 223 313 361 370 376 385 393 453 710 
10 0 52 135 141 167 206 243 285 358 503 
9 22 95 201 242 270 335 385 525 646 
8 3 131 181 384 404 457 527 552 
9 0 22 94 190 256 264 390 562 660 
9 4 167 178 229 350 482 489 583 584 
9 4 23 38 130 153 156 266 478 649 
13 9 73 120 125 151 328 393 396 474 547 555 614 623 
8 3 23 83 169 275 414 418 594 
15 0 10 16 116 207 250 284 304 395 435 438 580 613 690 695 
9 62 73 331 449 477 480 542 595 702 
15 49 98 157 256 320 331 333 360 393 423 471 542 624 640 718 
7 10 57 64 153 183 260 688 
12 17 19 57 80 107 123 126 217 336 392 586 702 
8 49 89 218 356 383 407 492 634 
10 29 97 104 121 154 157 210 288 376 540 
12 46 67 315 344 372 396 400 403 412 413 443 641 
6 15 110 122 297 499 583 
8 27 72 111 335 379 525 621 673 
13 52 225 230 269 348 360 413 422 442 469 557 653 658 
8 77 182 450 476 542 600 626 712 
12 43 69 163 169 267 342 361 411 584 603 653 688 
10 13 93 151 152 355 401 419 577 603 663 
9 33 71 82 151 350 449 450 549 602 
10 65 114 153 170 174 223 241 311 377 664 
6 16 121 145 589 622 677 
9 10 13 56 68 98 124 492 497 701 
6 99 143 226 240 314 315 
12 210 373 444 463 514 539 582 635 636 646 717 719 
10 19 78 187 315 337 417 467 512 608 713 
9 2 10 24 180 188 227 353 410 613 
11 21 58 173 192 306 322 383 407 441 596 669 
15 63 91 138 209 210 255 317 424 545 560 613 617 641 644 673 
11 68 93 147 168 170 240 333 341 467 648 672 
2 101 530 
12 36 78 155 161 179 183 192 462 584 653 686 694 
12 13 24 40 108 208 364 460 616 621 645 711 719 
10 122 337 356 367 457 490 501 547 672 696 
7 68 115 258 325 565 614 687 
3 396 543 675 
5 128 320 369 404 449 
5 170 172 464 556 684 
7 10 70 74 180 373 614 689 
8 46 53 54 208 376 517 626 655 
8 294 323 375 400 554 589 605 628 
10 136 215 259 262 355 413 526 534 579 706 
8 90 94 113 141 309 327 501 530 
8 239 362 368 400 447 518 705 713 
12 33 182 357 440 455 457 478 565 641 676 692 710 
9 56 129 209 219 334 494 583 605 689 
12 21 26 118 127 220 238 259 278 465 493 496 613 
15 22 23 151 182 293 326 349 468 504 540 566 578 639 645 674 
14 7 85 100 101 168 209 215 293 318 341 566 657 661 699 
9 88 133 352 366 433 507 540 548 612 
15 47 62 94 98 151 181 183 208 261 305 374 424 473 475 702 
11 4 70 172 234 275 285 365 403 500 643 679 
9 98 111 240 315 323 439 453 661 699 
11 45 61 159 242 294 304 325 518 522 540 584 
8 57 59 100 221 292 351 453 481 
7 26 62 167 187 388 676 700 
11 69 182 223 340 402 458 482 572 691 710 719 
16 8 14 22 39 175 229 236 241 359 368 405 432 460 463 547 706 
8 150 296 302 357 380 396 478 577 
15 0 24 72 121 143 155 189 227 269 341 548 552 627 668 682 
10 10 34 115 214 228 238 351 365 402 517 
12 32 71 75 139 148 204 344 371 401 555 593 679 
11 31 56 106 255 304 408 456 518 591 659 660 
12 7 165 261 291 293 369 387 410 431 540 622 710 
10 86 123 275 303 320 412 450 468 493 684 
5 332 346 374 528 680 
9 83 146 203 358 373 429 462 477 717 
11 28 91 220 292 348 382 491 536 542 620 662 
8 304 319 347 473 482 496 575 670 
10 58 219 259 273 328 493 575 595 668 698 
14 18 19 21 30 63 120 441 442 468 469 538 558 572 676 
12 142 157 176 180 263 273 290 302 322 517 567 627 
10 4 21 30 83 155 366 433 445 477 687 
13 3 10 169 180 181 194 198 236 286 389 605 623 658 
9 45 116 150 375 594 596 613 659 695 
7 190 287 318 335 436 672 719 
8 6 62 294 307 461 481 668 677 
7 0 210 304 306 399 554 603 
9 119 153 180 223 403 417 545 616 617 
11 3 82 98 145 195 207 371 500 595 684 708 
10 44 81 226 246 254 299 363 491 594 709 
9 21 112 129 147 269 302 381 399 515 
15 63 89 182 223 308 430 437 456 468 490 524 542 581 667 699 
12 22 95 159 247 291 399 519 544 560 574 645 690 
7 163 181 317 538 604 626 678 
9 137 209 304 311 315 417 526 620 682 
3 48 417 664 
11 59 234 262 283 313 467 516 518 527 659 717 
13 93 147 179 213 234 255 311 320 343 366 399 515 704 
6 37 127 133 196 292 639 
6 194 267 298 487 559 655 
10 246 250 385 389 391 396 406 456 573 702 
9 27 233 281 320 348 351 605 633 641 
11 19 59 63 201 238 326 369 469 476 560 576 
7 113 285 364 368 442 534 676 
10 12 18 155 189 320 359 386 497 540 686 
14 25 142 200 263 264 265 275 285 307 344 465 494 616 668 
11 36 49 64 141 247 251 280 365 525 692 713 
10 130 163 259 399 431 521 660 679 680 691 
15 58 123 157 209 238 258 318 335 464 536 604 615 640 644 649 
10 10 85 87 127 370 423 442 552 575 659 
7 84 234 487 493 568 622 696 
9 8 86 140 155 264 334 371 428 429 
8 99 325 525 578 611 627 650 712 
7 282 320 372 503 517 518 700 
14 25 111 132 138 320 323 349 425 513 541 544 579 607 699 
8 59 75 197 229 268 312 505 621 
12 16 35 73 107 120 210 263 289 291 452 527 718 
8 129 147 200 434 601 623 664 686 
9 333 386 393 394 486 524 597 665 716 
10 70 184 186 312 441 469 585 594 599 646 
17 15 76 111 126 208 217 298 326 434 443 454 472 542 552 589 593 689 
8 18 115 268 443 486 499 528 699 
13 94 102 143 180 196 287 437 523 534 628 629 636 685 
15 66 74 84 167 176 189 271 323 473 482 508 589 608 623 682 
12 2 194 265 297 299 315 408 496 521 582 593 664 
12 8 36 57 137 141 336 358 444 577 580 675 676 
7 32 155 201 289 413 554 579 
7 168 203 249 296 502 511 662 
4 154 487 607 647 
10 40 152 209 295 302 410 437 448 478 639 
10 4 131 153 160 283 284 374 410 699 704 
11 15 35 238 250 272 390 490 525 541 542 602 
7 44 59 262 300 371 406 519 
8 96 229 365 439 451 578 599 713 
8 55 175 357 380 480 496 536 599 
13 43 61 156 159 216 289 416 419 444 449 534 617 672 
7 107 115 174 313 539 583 620 
13 83 122 143 240 275 289 297 383 465 600 665 711 718 
9 127 170 390 421 428 557 571 681 715 
15 2 6 65 278 282 313 459 466 510 565 585 591 675 711 717 
10 58 81 164 247 276 360 432 550 673 718 
10 82 135 147 234 290 352 447 453 463 592 
13 4 51 60 115 125 135 228 335 378 418 576 582 596 
11 29 31 32 88 299 323 378 402 408 579 705 
12 18 70 74 130 194 320 419 420 469 581 623 655 
10 42 82 170 293 332 424 434 513 546 656 
8 7 149 269 380 450 485 580 633 
13 191 214 259 264 273 473 510 535 536 562 563 596 716 
12 70 86 143 179 230 351 440 541 569 572 656 678 
11 9 98 106 267 288 295 301 428 516 573 675 
9 8 134 300 314 327 344 434 507 697 
11 172 188 240 324 327 372 445 518 523 566 622 
12 24 53 241 432 485 489 490 512 551 624 644 667 
11 78 133 160 210 415 543 617 624 657 664 697 
13 98 233 251 274 304 360 362 440 498 530 561 625 671 
11 101 118 213 225 254 419 461 472 536 551 569 
11 20 43 106 203 293 352 491 515 540 572 688 
6 247 370 390 399 599 679 
9 96 307 341 352 475 515 522 548 716 
10 55 135 162 163 296 364 505 527 550 617 
9 115 174 222 237 241 290 438 492 528 
6 12 30 259 340 365 539 
12 11 384 454 514 540 581 626 639 640 654 657 710 
7 55 62 245 339 374 487 523 
11 80 100 137 196 332 365 440 488 553 583 633 
10 48 274 345 407 495 531 557 593 664 697 
7 276 354 404 436 581 619 699 
8 55 113 234 274 438 515 583 701 
10 54 123 187 288 303 333 337 395 642 685 
20 77 117 152 157 180 203 204 236 260 355 372 378 390 516 522 559 565 570 605 708 
14 5 160 166 185 323 378 401 418 443 564 596 643 673 690 
6 101 293 550 585 621 697 
9 131 219 238 315 500 558 599 665 694 
9 64 117 278 419 454 550 574 588 655 
12 8 14 46 92 96 291 358 376 422 446 540 622 
4 2 311 535 637 
8 54 55 217 242 358 457 491 692 
10 32 36 180 198 324 401 489 537 586 659 
9 33 132 248 256 274 314 374 380 600 
10 104 233 310 352 366 428 558 643 655 697 
9 16 36 87 252 614 625 671 698 718 
8 190 199 234 314 433 526 545 560 
6 76 362 384 591 668 700 
10 62 136 164 309 364 376 422 512 568 667 
10 147 226 288 518 522 557 573 598 610 654 
8 58 80 162 187 548 614 650 680 
11 73 134 135 155 286 300 445 451 503 571 621 
9 12 28 141 417 420 553 588 653 710 
13 150 151 159 176 275 398 409 427 462 634 653 662 680 
8 278 463 508 607 611 670 685 693 
11 59 80 202 249 309 451 476 590 627 676 709 
8 88 208 211 341 390 430 451 572 
15 86 116 128 163 233 246 249 375 388 455 475 495 536 641 702 
17 8 42 44 92 111 143 152 201 247 265 318 330 459 516 533 593 662 
6 132 354 372 377 409 648 
10 34 72 189 242 255 288 353 404 495 702 
13 29 133 160 170 268 464 491 494 501 539 563 622 708 
10 175 177 354 376 423 433 592 608 691 713 
11 89 106 154 174 253 296 330 403 549 556 712 
10 42 188 258 453 542 554 583 592 650 697 
11 20 53 73 80 91 115 205 233 321 420 657 
10 0 111 186 196 289 359 387 471 674 707 
7 217 220 341 350 495 608 647 
11 4 10 95 177 239 258 273 276 426 585 600 
8 129 305 412 485 510 554 652 696 
12 88 133 174 181 355 540 557 560 590 624 694 696 
12 118 167 414 458 529 556 568 633 637 658 672 714 
11 0 21 35 100 108 144 567 610 663 679 689 
10 43 83 93 184 201 250 303 357 449 534 
9 24 30 53 66 107 186 280 422 488 
9 103 163 232 278 284 288 560 598 634 
12 33 107 133 196 438 446 503 548 584 631 650 706 
8 31 33 76 187 237 274 426 630 
11 114 123 158 236 333 451 482 538 553 560 614 
12 42 238 257 284 413 444 559 567 606 678 700 712 
14 2 4 58 88 143 229 266 276 303 332 461 562 563 621 
16 84 85 89 174 282 389 396 455 457 466 520 585 616 679 682 708 
11 51 94 106 243 395 448 468 492 625 629 664 
11 168 347 368 379 412 532 539 572 573 585 664 
12 139 200 351 361 370 395 412 450 483 596 630 647 
10 59 137 189 196 284 295 391 431 671 701 
8 10 63 176 244 515 559 606 645 
6 111 113 155 221 406 423 
12 95 284 361 457 468 483 531 535 568 604 632 635 
9 24 53 187 204 421 450 462 646 683 
10 116 167 205 251 270 390 417 533 591 610 
15 20 64 92 271 276 306 322 405 411 430 540 549 646 686 718 
6 121 349 393 480 588 706 
10 51 171 307 395 415 458 555 568 640 693 
11 102 200 292 373 420 459 558 598 617 669 708 
12 57 118 171 218 232 259 275 296 505 549 585 657 
13 26 71 76 209 221 247 338 350 453 632 642 650 692 
14 23 54 56 65 137 162 239 285 464 522 581 608 627 692 
9 16 215 228 517 592 626 691 705 710 
10 38 81 97 182 188 237 492 524 550 592 
14 10 46 64 155 175 288 349 402 421 434 507 561 670 717 
10 20 40 170 245 446 474 522 565 578 668 
14 124 137 169 191 270 272 375 407 433 446 454 491 550 579 
7 105 151 260 302 476 594 669 
12 44 151 255 271 378 392 512 602 618 633 650 675 
13 39 171 190 199 283 332 435 460 495 517 567 641 706 
16 101 165 173 299 319 355 357 361 371 403 455 461 473 504 525 632 
8 91 259 413 430 447 551 599 637 
17 54 128 136 168 262 285 314 315 324 375 390 419 430 498 629 711 713 
11 105 129 254 256 266 343 452 558 586 660 704 
8 113 132 201 255 259 264 391 413 
14 17 41 110 115 148 209 230 294 336 386 480 548 603 715 
13 5 7 18 44 46 104 190 201 210 444 591 592 671 
5 53 229 311 341 365 
10 164 210 357 367 457 484 510 545 560 620 
11 11 24 39 217 327 497 525 529 568 577 673 
10 48 100 279 439 458 470 472 533 536 698 
11 65 131 133 300 451 454 541 558 561 627 639 
8 110 179 214 307 367 408 419 600 
9 155 176 206 233 463 486 512 583 626 
13 15 33 58 178 184 203 348 385 425 498 503 658 697 
8 3 126 144 311 369 527 558 676 
9 102 106 185 270 299 345 497 505 627 
19 16 79 80 186 194 229 270 323 437 464 483 504 568 579 625 633 644 699 701 
13 44 68 168 378 471 478 528 543 551 555 587 602 638 
10 13 73 102 119 268 398 468 513 520 597 
12 13 92 336 391 401 480 504 509 512 548 624 685 
10 89 102 216 287 453 534 551 609 670 679 
9 55 78 131 140 187 308 446 514 607 
7 102 211 446 495 514 584 596 
7 51 186 469 589 637 695 713 
7 242 342 352 438 468 535 632 
6 14 241 355 356 450 671 
13 136 159 182 211 297 379 506 513 539 575 657 671 675 
15 66 95 251 409 482 505 522 527 549 557 591 630 637 663 707 
8 91 95 131 178 185 447 454 614 
10 10 17 41 60 97 161 170 252 468 649 
4 205 227 437 485 
15 31 91 150 164 187 198 262 364 378 447 455 490 517 614 625 
10 35 204 286 399 448 483 517 588 669 688 
11 31 134 135 164 235 391 472 584 598 606 615 
14 37 154 199 280 376 377 408 567 622 628 687 688 692 696 
7 20 143 401 441 587 605 649 
10 36 110 206 208 277 326 366 424 549 636 
8 16 75 269 355 411 432 535 671 
10 52 146 254 349 413 425 442 536 557 650 
10 75 106 184 245 313 424 445 611 665 678 
8 86 141 390 443 461 465 531 633 
10 8 24 51 87 100 252 332 423 441 706 
13 24 45 142 144 260 309 321 353 435 463 466 498 553 
13 12 22 182 309 325 339 361 510 563 574 642 697 719 
12 92 123 163 241 418 438 470 502 515 517 529 711 
11 48 105 166 190 284 317 476 543 600 646 667 
8 91 118 130 297 558 576 634 698 
8 240 472 486 526 573 606 656 669 
9 45 62 206 289 329 348 419 422 564 
7 142 197 257 489 504 600 672 
9 208 234 370 438 481 524 546 568 687 
13 87 136 156 177 186 281 295 440 496 498 532 533 546 
9 64 71 229 369 419 423 464 492 718 
13 7 19 36 160 176 185 260 273 312 382 388 418 537 
10 44 79 221 234 257 314 377 387 670 682 
13 129 137 156 175 284 335 382 441 446 469 518 563 657 
10 69 73 131 261 417 559 613 670 688 701 
9 22 89 213 226 483 509 528 574 641 
13 31 418 432 433 456 471 541 625 641 669 672 674 714 
16 2 40 131 147 201 228 258 266 324 436 477 502 552 586 590 642 
6 115 215 240 300 416 622 
9 190 251 327 430 538 558 630 667 704 
10 22 260 264 293 325 326 385 545 630 645 
12 111 157 196 202 249 260 392 407 522 608 682 699 
16 24 33 83 91 123 201 230 348 353 381 400 468 576 625 640 692 
9 47 205 239 513 520 574 588 625 703 
11 17 31 47 85 177 257 413 427 488 562 668 
10 32 263 273 333 422 496 501 531 604 667 
4 300 561 643 656 
10 39 148 483 506 524 619 624 690 694 708 
8 74 139 169 177 296 411 488 580 
6 62 231 282 357 640 699 
10 14 125 288 313 334 336 354 382 597 663 
18 1 53 60 96 189 199 292 311 342 346 479 484 512 569 572 666 712 713 
8 119 208 240 407 574 660 687 698 
10 26 27 340 386 404 515 618 664 665 715 
10 6 90 123 137 336 386 434 452 458 528 
7 1 15 116 142 172 538 616 
9 2 14 106 155 170 465 610 694 716 
11 24 139 159 160 375 393 435 548 642 658 702 
10 23 148 245 322 340 414 470 485 514 651 
18 4 10 182 189 283 292 300 329 371 409 450 473 495 575 601 629 662 686 
9 132 164 219 311 381 416 422 443 655 
11 49 103 315 451 452 504 560 610 693 696 697 
15 1 26 45 75 149 202 453 479 516 557 572 599 605 606 660 
9 237 324 347 392 461 532 553 672 706 
11 24 48 63 101 367 379 411 489 531 551 556 
9 158 166 171 245 258 348 421 575 718 
13 75 83 118 163 173 202 298 421 516 542 622 663 675 
9 0 12 245 511 518 568 602 603 645 
6 92 135 255 510 640 669 
9 57 81 112 201 203 522 530 540 565 
12 44 140 206 228 400 445 463 505 538 557 581 644 
7 52 168 225 318 487 509 587 
6 155 198 332 522 683 710 
12 66 78 230 231 292 300 332 421 577 661 703 709 
11 81 143 185 237 474 505 541 564 568 645 661 
5 115 226 228 303 558 
10 2 36 223 355 397 428 461 551 658 701 
13 93 121 202 203 315 407 461 527 605 612 631 668 671 
16 9 42 83 112 134 177 269 320 336 352 400 491 539 598 599 664 
7 247 300 467 530 584 600 620 
9 13 67 152 359 469 478 609 668 706 
12 25 52 165 256 276 303 336 407 451 557 633 647 
13 32 36 45 135 170 340 355 391 520 603 630 637 698 
15 93 171 190 212 222 232 239 252 289 306 332 418 523 525 586 
5 191 427 501 518 644 
5 145 250 337 493 709 
8 131 224 262 272 310 407 570 576 
12 73 77 277 289 411 484 498 510 530 538 579 655 
6 19 33 125 234 277 621 
5 118 228 237 503 712 
9 3 123 161 323 325 339 486 487 661 
9 138 161 229 261 274 277 461 483 694 
12 43 123 136 210 347 398 443 472 478 623 650 666 
7 59 242 294 444 447 588 609 
11 51 108 127 158 356 452 461 499 529 567 596 
13 19 52 206 219 221 290 323 381 505 554 620 639 700 
12 33 38 113 133 204 212 370 382 395 408 476 679 
8 100 184 308 370 406 543 615 625 
11 28 133 141 194 218 272 356 360 636 637 653 
11 81 152 277 375 426 487 492 622 664 686 710 
12 6 37 100 155 181 273 285 326 506 568 613 629 
16 3 173 215 292 328 394 416 423 452 464 516 517 616 641 662 708 
11 27 44 55 136 150 233 417 436 471 580 616 
7 90 155 288 614 655 700 711 
13 104 126 154 225 292 390 451 482 586 602 608 687 690 
16 59 172 187 216 244 250 295 367 377 384 404 481 535 607 640 643 
13 53 107 133 152 212 256 335 528 537 573 588 599 631 
9 164 197 299 376 488 534 561 595 597 
15 56 132 162 174 186 234 453 479 519 546 566 567 578 640 685 
16 7 24 48 74 80 115 290 337 341 383 434 505 590 599 626 712 
8 39 149 208 322 336 439 469 549 
8 165 190 191 197 225 355 500 599 
10 79 246 343 424 438 448 538 567 629 707 
15 97 112 130 162 184 235 238 239 352 363 378 402 424 489 555 
9 56 139 148 175 183 190 329 384 712 
9 155 229 252 270 282 392 447 513 580 
15 86 148 152 194 197 201 262 359 369 406 456 506 515 561 659 
7 150 289 373 406 484 487 688 
8 16 79 97 141 149 156 210 437 
12 41 79 101 137 139 279 367 393 422 515 595 604 
10 65 88 90 105 176 291 523 635 709 713 
5 224 270 345 372 387 
12 16 100 146 183 247 264 421 467 488 560 671 695 
9 114 188 302 339 403 416 525 622 662 
13 8 94 241 244 255 259 342 380 575 591 615 667 707 
12 2 68 184 267 316 325 455 573 575 597 680 716 
10 1 15 21 169 261 269 346 353 419 506 
5 313 391 469 610 667 
13 28 52 89 125 138 184 201 230 364 406 496 532 715 
11 43 55 151 226 352 405 475 530 531 575 605 
4 110 488 527 624 
8 49 214 339 471 504 610 619 654 
8 0 64 116 183 313 382 564 685 
9 4 58 293 341 409 503 504 575 624 
13 21 51 242 449 452 464 470 478 498 554 584 624 713 
8 199 205 377 479 550 587 615 645 
18 1 6 10 81 129 156 199 257 356 360 390 413 420 429 465 557 604 612 
11 90 91 113 292 363 412 481 513 658 666 709 
13 3 60 114 213 224 268 302 330 466 519 557 597 639 
12 84 251 254 314 317 358 399 491 494 620 713 719 
10 49 51 53 99 127 251 267 606 636 711 
9 41 115 192 211 245 396 429 543 602 
5 20 150 351 442 532 
9 19 349 365 510 526 539 582 626 643 
6 271 275 500 568 675 687 
13 8 25 43 60 172 273 387 468 495 515 528 610 664 
12 9 83 188 233 287 299 388 489 636 648 683 700 
16 74 104 146 148 159 201 222 304 352 364 371 461 486 532 635 662 
16 6 7 34 43 108 126 135 169 188 340 436 438 542 585 666 703 
12 104 215 229 260 324 411 497 513 614 652 672 677 
18 23 49 69 82 89 118 162 333 351 405 432 496 542 564 614 683 697 702 
4 110 208 505 599 
8 103 229 257 294 437 545 616 691 
11 37 45 103 145 272 275 417 446 457 619 688 
10 91 115 118 255 262 332 374 395 438 534 
12 4 47 203 216 315 415 436 439 479 525 593 628 
9 61 169 191 332 340 364 383 584 702 
