800 3964
13 3 4 7 64 114 116 214 229 278 363 683 691 761 
11 44 165 181 182 201 303 329 406 594 632 696 
11 47 87 106 167 179 213 413 415 496 713 771 
12 0 63 128 368 520 590 599 601 623 697 716 777 
8 0 231 269 284 475 537 614 742 
10 50 51 99 145 176 187 375 548 631 637 
8 29 277 293 570 664 679 777 790 
7 0 70 104 193 208 521 535 
11 29 43 75 277 318 353 601 693 714 750 787 
10 52 100 119 207 231 245 332 338 353 475 
9 16 21 193 204 219 369 405 482 507 
8 59 111 117 159 172 267 287 714 
15 139 182 209 256 268 312 417 423 426 511 587 591 629 707 752 
6 190 246 483 604 623 717 
11 133 196 264 279 340 341 375 476 479 625 769 
11 57 74 213 236 257 350 360 393 446 579 781 
19 10 77 97 99 152 206 207 211 222 268 279 282 347 365 511 517 700 755 793 
7 104 256 309 363 560 594 599 
13 31 58 89 180 246 297 315 563 598 696 713 736 780 
11 53 73 123 151 152 196 251 325 441 642 724 
9 89 99 162 325 392 413 428 570 717 
10 10 79 155 179 180 289 301 305 506 523 
4 305 433 541 601 
7 297 319 429 465 513 580 622 
10 55 61 188 345 368 446 536 654 714 763 
12 41 92 155 213 452 487 493 506 560 705 721 791 
11 73 140 141 161 207 418 513 566 580 676 751 
8 45 210 271 275 304 406 429 583 
11 57 220 225 282 398 490 495 547 598 608 665 
12 6 8 42 103 215 220 315 475 546 626 671 785 
13 145 210 220 264 364 439 481 516 582 642 664 686 799 
3 18 205 480 
10 164 185 236 261 411 489 569 679 720 721 
8 117 170 346 371 413 433 550 789 
9 50 83 111 114 242 249 587 689 778 
7 161 214 226 345 413 484 727 
5 89 196 277 303 474 
6 260 471 537 542 619 683 
9 62 88 95 130 141 153 461 578 610 
7 60 85 321 510 554 650 755 
10 121 122 245 397 517 543 562 593 597 763 
13 25 48 59 126 178 270 433 448 455 463 692 694 697 
10 29 54 227 274 314 360 441 571 585 761 
12 8 150 210 232 271 322 378 519 628 655 736 783 
13 1 48 105 196 561 580 589 592 611 648 671 700 740 
11 27 49 99 115 118 235 257 301 321 538 663 
8 64 202 346 459 480 481 524 714 
17 2 105 113 140 229 240 242 259 391 438 516 528 539 565 650 742 768 
18 41 44 94 251 267 283 346 416 422 449 485 504 579 630 705 740 761 773 
16 45 100 150 181 192 292 320 323 330 484 491 620 623 711 734 771 
9 5 34 134 146 157 263 545 622 700 
11 5 189 247 353 374 515 583 618 686 720 759 
9 9 87 88 257 424 465 523 585 648 
8 19 186 314 370 428 445 596 666 
13 42 90 153 392 431 439 477 520 624 662 682 732 756 
12 24 166 181 259 284 298 305 319 428 615 629 652 
8 232 306 478 482 539 566 601 683 
9 15 28 143 181 455 500 524 565 788 
5 18 267 442 448 757 
13 11 41 62 63 87 132 161 427 444 516 545 563 748 
10 39 72 157 195 206 217 223 484 605 659 
3 24 375 709 
9 38 59 118 193 497 539 693 756 785 
13 3 59 127 212 300 373 408 428 493 619 688 720 756 
10 0 46 113 200 229 324 331 498 586 777 
4 243 412 558 590 
14 67 100 133 169 207 253 428 435 489 504 526 556 690 786 
14 66 138 140 451 455 512 529 546 565 576 619 666 754 772 
11 120 181 294 342 366 387 533 552 612 629 679 
7 116 141 219 329 363 669 689 
10 7 117 174 226 323 380 450 483 768 790 
8 135 312 478 579 665 691 740 772 
5 60 307 562 643 737 
13 19 26 96 297 350 359 398 400 407 451 554 603 621 
13 15 157 179 220 263 306 346 389 474 541 631 635 722 
15 8 111 157 252 277 340 355 426 439 576 644 672 675 768 785 
12 153 220 226 270 292 347 501 677 679 720 739 742 
9 16 149 162 275 321 431 432 561 615 
8 259 261 328 349 509 536 683 751 
5 21 388 399 603 669 
11 112 223 418 605 608 635 653 682 726 789 791 
10 119 245 398 408 430 522 523 594 638 678 
10 100 125 133 157 200 240 293 527 613 724 
9 34 98 253 303 588 632 643 645 671 
2 191 747 
9 39 219 290 321 474 535 543 553 717 
7 238 257 432 457 634 733 788 
14 2 52 59 178 203 222 248 331 393 414 590 699 729 775 
10 38 52 89 187 229 302 323 482 725 726 
16 18 20 36 88 97 148 198 265 339 392 556 609 642 682 724 736 
5 54 141 628 634 697 
8 266 291 334 385 520 679 749 755 
10 25 104 321 345 420 526 594 672 793 796 
9 114 153 207 236 298 346 430 546 717 
7 48 109 292 318 364 517 598 
12 38 193 236 237 245 250 278 313 355 406 408 412 
15 73 98 108 126 129 143 161 274 325 326 346 665 688 695 702 
6 16 89 375 532 682 784 
18 83 96 110 162 179 235 251 267 326 406 422 427 460 484 510 577 669 791 
9 5 16 20 45 150 182 430 508 529 
10 9 49 66 82 201 216 264 438 577 700 
8 205 359 429 444 482 599 714 718 
13 137 189 198 205 279 377 388 509 512 537 540 543 639 
12 29 168 346 363 365 493 495 554 577 604 648 782 
13 7 17 92 165 254 359 385 514 624 657 706 730 752 
12 44 47 228 231 278 298 312 345 395 416 495 628 
7 2 174 205 413 460 566 734 
13 222 289 340 345 429 545 592 674 729 735 745 777 786 
9 96 251 255 312 392 435 440 602 673 
8 94 130 252 328 333 557 665 754 
8 98 259 417 438 487 514 598 645 
6 11 34 75 291 595 638 
9 80 125 148 327 378 492 759 787 790 
8 47 64 172 384 391 408 563 683 
9 0 34 93 257 281 461 484 742 751 
8 45 405 471 499 508 521 692 790 
8 0 69 266 413 436 583 597 664 
9 11 33 70 366 474 590 634 693 788 
13 45 62 140 225 278 309 361 551 593 616 661 685 774 
8 9 81 356 401 473 513 720 779 
7 68 187 189 231 508 570 652 
11 40 151 198 369 434 501 523 565 570 753 779 
11 40 123 144 160 169 258 281 330 391 516 652 
12 19 122 287 367 375 415 420 477 633 651 731 794 
8 143 286 298 496 497 562 624 693 
10 82 112 234 360 378 457 508 621 723 782 
10 41 96 134 143 166 255 293 442 469 746 
11 63 198 220 355 433 499 544 633 666 675 791 
12 3 141 243 258 297 415 556 585 706 741 767 769 
15 96 166 193 225 239 247 270 369 396 417 431 603 674 764 786 
9 38 109 153 252 276 294 485 578 749 
11 154 226 251 256 278 383 406 468 523 671 751 
7 59 170 193 602 633 715 777 
9 14 66 82 198 215 234 342 363 650 
4 50 126 411 647 
14 71 178 185 195 282 355 371 419 580 634 647 711 758 796 
12 182 195 259 294 315 328 381 383 454 491 592 761 
7 102 197 202 466 498 582 725 
10 67 145 184 263 327 329 371 542 633 688 
6 12 282 387 414 445 523 
14 26 47 67 118 234 304 310 355 426 490 671 725 734 789 
14 26 38 69 90 128 218 246 279 560 580 584 609 634 635 
4 372 739 746 755 
11 57 96 124 126 184 221 238 310 326 655 781 
8 122 425 477 488 512 634 674 718 
8 5 30 138 227 461 508 652 710 
7 50 226 234 464 545 596 613 
11 188 218 255 258 540 577 628 683 684 688 691 
16 89 112 227 339 341 403 496 510 525 555 629 673 685 700 714 729 
10 77 178 252 272 359 542 581 590 749 775 
13 43 49 99 179 216 222 339 504 525 545 588 668 785 
17 19 121 180 222 235 254 264 290 425 435 500 516 519 565 598 720 731 
12 16 19 224 240 248 253 392 458 508 704 753 755 
13 38 54 76 93 130 193 202 274 369 487 511 514 721 
11 131 223 306 525 555 578 604 650 657 682 765 
7 21 25 311 319 359 490 651 
6 292 308 489 589 678 760 
12 50 60 74 75 82 218 263 374 378 499 755 770 
7 259 491 554 570 741 746 795 
7 11 229 348 361 488 623 772 
4 122 302 320 560 
12 26 35 59 96 185 189 246 247 319 457 524 618 
10 20 77 98 184 268 291 373 412 455 466 
5 249 318 350 452 772 
12 32 217 223 303 312 327 376 390 442 611 683 690 
16 1 104 207 271 371 377 399 402 409 437 488 533 619 711 751 756 
8 55 126 129 236 697 722 724 782 
4 2 209 408 765 
16 103 180 215 232 235 267 385 397 404 469 484 560 574 593 655 786 
8 66 122 235 316 317 436 521 531 
11 33 132 256 283 284 306 454 457 482 557 585 
7 218 228 280 377 463 643 786 
10 11 113 179 326 449 495 581 642 744 769 
8 175 440 456 519 539 595 603 650 
8 70 106 180 194 248 406 615 688 
9 173 192 279 382 428 498 540 576 640 
11 5 216 305 334 347 362 365 392 407 589 740 
4 202 308 410 654 
8 41 87 135 149 254 327 417 565 
12 2 21 74 98 150 172 214 265 378 394 580 671 
13 18 21 151 168 174 183 208 244 431 632 716 767 798 
8 1 49 55 57 68 189 396 643 
20 1 12 99 136 257 284 285 288 383 403 508 512 513 533 569 621 667 668 779 784 
10 180 208 212 216 391 522 688 759 772 792 
16 138 143 162 258 352 376 439 445 450 492 618 688 709 724 728 752 
9 32 135 161 197 289 500 587 726 796 
6 53 292 488 499 538 796 
10 5 88 120 200 327 433 480 539 640 673 
11 24 147 255 305 323 325 330 414 471 563 719 
11 51 102 120 161 181 305 508 509 536 735 749 
13 13 217 231 289 302 354 380 395 487 489 570 713 766 
9 84 279 298 355 460 495 510 599 663 
12 49 175 202 290 338 346 413 466 593 598 605 621 
9 7 10 62 95 129 132 153 351 363 
6 174 397 439 447 551 602 
15 60 135 136 208 222 301 342 405 466 499 528 621 689 750 789 
13 14 19 36 44 220 252 312 326 385 454 459 728 777 
6 137 185 199 257 638 746 
11 89 102 121 127 133 290 304 367 375 481 677 
5 197 335 443 494 782 
7 64 82 187 335 376 397 587 
9 1 100 219 271 297 307 359 558 792 
10 46 137 153 177 192 282 420 441 547 697 
8 87 250 343 513 523 613 616 764 
10 10 223 228 245 251 254 276 348 396 530 
9 31 101 102 106 361 442 454 589 751 
12 16 60 251 270 365 413 479 542 578 769 775 794 
11 9 16 26 66 93 165 212 257 280 544 697 
14 7 180 183 195 242 250 265 272 379 548 596 605 620 737 
12 12 167 224 283 312 322 355 404 455 462 562 630 
14 27 30 43 247 269 340 375 539 561 584 594 687 696 763 
4 16 312 334 695 
5 63 183 207 219 513 
9 2 15 25 329 369 473 539 649 787 
9 0 35 179 245 415 525 613 615 774 
12 29 133 168 221 282 328 379 430 503 513 591 673 
16 100 150 176 183 313 315 359 370 468 500 514 560 583 626 765 794 
15 60 164 190 230 314 322 449 502 524 556 698 700 706 712 782 
11 141 147 157 171 243 257 387 461 590 642 707 
15 10 69 85 201 212 256 350 383 391 476 545 562 632 682 743 
21 28 29 30 74 76 127 196 253 289 319 363 395 408 470 486 502 541 575 619 684 736 
8 143 215 232 270 562 603 656 762 
14 16 87 107 150 151 195 307 431 484 586 624 681 718 756 
11 60 80 154 164 204 349 361 525 565 618 786 
9 152 209 275 321 405 501 569 711 720 
4 28 118 129 601 
15 35 70 76 131 146 347 372 406 455 571 611 658 664 714 739 
5 42 145 148 432 510 
9 105 171 204 247 310 641 647 699 700 
10 0 47 64 88 159 356 421 536 595 640 
9 217 262 373 482 510 557 652 748 797 
12 4 9 105 120 190 335 376 390 447 463 528 672 
10 43 56 168 221 362 389 406 485 526 645 
8 307 347 397 425 432 464 506 668 
10 125 133 140 146 334 450 479 534 709 768 
12 45 98 151 168 169 238 381 500 513 710 768 791 
14 15 32 93 95 166 296 328 346 384 468 572 591 768 779 
12 95 261 290 302 314 315 405 483 502 659 712 740 
12 86 143 235 384 438 453 464 480 492 554 650 759 
8 129 298 318 422 468 470 486 652 
6 47 82 152 261 667 733 
6 443 516 623 652 691 746 
9 34 47 208 260 615 648 705 774 789 
13 65 128 218 256 311 330 341 415 478 618 638 693 737 
9 180 328 439 480 497 555 568 633 662 
14 9 40 81 95 204 214 261 279 288 347 353 397 507 547 
10 13 18 141 161 260 428 470 478 541 668 
8 51 129 161 210 228 516 631 660 
9 87 152 174 538 581 596 600 648 700 
9 34 163 333 382 394 416 466 638 702 
6 95 203 208 433 540 724 
9 19 48 98 108 131 204 206 439 723 
19 75 109 130 149 196 289 304 331 341 369 399 620 630 645 729 731 766 768 781 
15 66 83 152 220 290 304 392 423 488 496 561 677 744 754 784 
9 104 151 178 204 264 301 328 650 769 
11 108 126 147 188 342 531 540 547 587 623 743 
18 12 17 131 170 219 243 308 313 327 419 476 480 501 557 654 656 688 776 
15 15 45 52 86 114 182 197 207 218 263 358 533 550 582 764 
9 122 128 147 184 397 521 558 663 726 
9 47 55 78 110 136 158 353 480 771 
11 37 242 246 288 500 622 653 742 763 787 799 
10 32 78 237 240 245 318 326 394 517 705 
5 230 327 443 457 541 
10 50 74 138 157 257 472 519 578 594 673 
13 14 30 100 151 254 277 409 414 446 504 592 701 783 
10 89 179 208 296 325 384 481 648 681 710 
6 91 116 344 363 510 698 
12 11 48 58 98 168 357 417 428 648 704 740 754 
7 12 16 162 460 687 751 781 
12 4 210 433 455 497 605 702 723 742 746 757 783 
9 41 76 129 206 221 350 479 483 541 
11 27 43 165 201 288 371 400 415 450 507 741 
9 149 208 276 328 329 518 524 643 786 
11 277 343 359 397 492 526 553 558 567 597 764 
8 42 96 153 684 713 756 780 789 
7 27 77 224 319 551 623 736 
6 130 204 272 554 693 775 
17 6 8 36 75 264 273 296 332 352 415 449 485 498 543 552 641 737 
14 0 95 105 118 131 349 370 377 414 422 437 564 716 792 
13 14 16 102 141 175 191 245 308 366 481 495 657 712 
6 171 207 301 456 487 770 
10 114 122 364 446 476 521 638 684 772 795 
13 16 28 135 139 202 215 283 286 537 622 698 755 768 
11 48 170 209 282 306 425 522 593 625 692 794 
10 4 55 170 182 328 484 512 515 691 782 
7 182 318 329 346 372 463 628 
9 124 282 307 311 384 411 474 501 587 
7 11 123 331 336 493 580 780 
11 182 245 260 271 425 444 586 604 641 671 728 
12 21 107 185 190 220 252 361 450 486 513 616 625 
11 85 151 192 198 237 253 306 375 423 659 709 
10 91 111 162 418 460 477 501 567 646 654 
13 49 76 94 156 186 294 427 519 549 650 675 724 744 
8 6 82 126 375 386 499 572 598 
14 68 130 136 292 321 366 484 525 570 645 708 719 730 769 
5 307 514 604 642 672 
11 236 265 277 381 476 490 539 544 612 702 781 
14 18 23 73 128 201 365 530 603 614 637 701 711 747 777 
13 55 93 105 124 191 239 317 398 405 636 713 716 762 
9 319 403 471 477 488 551 607 767 794 
7 63 336 384 400 479 608 738 
8 21 45 195 254 280 321 474 698 
15 88 160 190 237 436 500 592 684 685 686 695 723 742 750 798 
12 1 36 83 164 372 402 483 576 629 679 681 758 
11 27 140 198 252 253 314 622 662 695 770 798 
10 21 22 55 176 188 189 307 471 554 769 
14 56 74 154 170 283 290 387 466 491 517 584 603 607 703 
13 72 201 222 233 286 295 305 349 403 436 442 634 765 
16 156 177 256 279 312 361 435 480 513 559 617 734 763 764 768 770 
7 17 118 411 412 444 674 785 
8 140 143 228 345 398 401 491 749 
9 155 243 286 343 469 501 553 595 620 
14 12 71 105 108 164 196 209 211 308 570 571 635 779 796 
7 95 216 256 432 591 644 798 
10 42 53 217 237 304 414 526 698 778 793 
11 18 29 136 216 237 352 383 513 642 697 769 
8 169 425 474 540 628 646 662 797 
8 169 298 353 376 612 622 682 715 
11 8 94 163 239 261 285 364 401 640 667 686 
15 23 55 155 161 220 275 299 340 348 378 409 448 570 708 722 
11 49 160 330 332 400 502 611 613 699 739 763 
16 39 45 77 85 92 224 294 301 359 404 443 454 676 759 761 768 
10 43 209 217 433 455 491 543 601 631 770 
9 49 70 88 188 331 359 362 590 726 
7 64 344 602 721 747 775 778 
13 19 20 96 188 265 351 375 425 435 471 512 560 677 
12 96 98 143 172 196 261 509 586 609 737 780 781 
10 112 138 164 178 187 256 262 450 486 780 
17 78 109 136 215 236 244 254 272 284 345 371 427 441 488 569 758 773 
12 1 69 138 213 272 285 373 434 438 472 495 556 
10 49 122 188 243 320 454 464 687 690 697 
12 64 87 252 287 323 372 420 447 570 675 704 746 
6 9 277 320 436 560 585 
7 109 249 341 348 408 665 721 
8 91 176 211 234 435 490 626 751 
11 199 200 231 343 407 421 504 647 726 752 786 
7 287 300 391 456 689 708 773 
4 437 514 730 759 
10 9 192 359 398 447 544 547 655 678 718 
9 89 148 150 408 461 529 636 665 673 
12 14 75 107 210 319 347 403 598 639 751 756 795 
10 14 148 243 252 333 361 376 481 629 635 
11 68 133 195 255 511 565 566 584 626 652 685 
7 203 273 311 335 611 692 721 
7 266 324 350 351 579 647 784 
14 24 35 92 105 107 310 328 403 437 451 527 617 676 696 
19 33 46 48 74 93 96 103 192 236 285 372 406 411 441 468 510 519 624 688 
11 16 76 176 226 233 245 340 378 539 567 657 
6 159 204 319 333 562 629 
9 78 223 278 307 474 546 623 708 776 
11 15 73 163 219 270 344 432 450 469 650 784 
7 193 325 344 500 638 681 741 
12 184 277 315 357 359 451 464 496 554 561 572 679 
10 8 9 51 245 259 317 403 420 528 799 
7 190 454 591 625 641 656 725 
12 75 95 127 135 140 191 209 358 521 522 599 632 
4 119 229 558 601 
6 267 352 441 518 703 758 
9 257 355 493 532 587 654 655 763 771 
19 73 101 104 149 155 201 216 273 321 323 338 352 363 364 384 574 601 701 723 
13 15 42 125 363 404 446 475 533 572 637 646 654 742 
10 118 159 205 223 289 308 341 484 537 632 
7 176 232 323 425 458 504 650 
16 0 17 69 103 133 193 220 266 359 360 569 675 687 709 774 793 
11 30 94 281 318 359 526 669 703 721 739 772 
13 16 103 176 206 297 508 548 565 645 653 728 767 776 
9 68 117 279 294 399 590 607 732 795 
8 123 198 447 528 616 618 715 793 
8 3 24 445 446 628 657 762 767 
17 10 121 129 153 213 252 388 407 437 487 490 517 539 541 658 692 770 
7 53 216 278 464 503 645 662 
9 33 135 138 165 271 328 400 521 616 
11 142 226 285 303 331 346 443 632 757 785 788 
12 63 162 230 329 421 533 547 590 623 678 704 752 
9 51 157 482 514 524 537 550 660 664 
12 5 14 61 97 123 198 210 290 293 325 456 530 
9 164 184 200 231 317 341 540 748 768 
9 102 165 171 278 431 597 622 739 754 
11 43 112 125 157 179 319 347 427 508 692 747 
10 208 215 470 583 643 700 709 732 776 778 
8 70 190 408 409 453 569 684 770 
7 136 235 296 440 635 658 786 
7 175 249 392 439 518 570 696 
14 131 136 182 219 315 394 415 547 612 628 635 688 728 798 
15 113 236 238 265 286 300 359 455 501 570 591 592 669 704 768 
8 91 104 168 196 433 631 774 797 
4 293 433 590 613 
5 68 139 218 306 750 
7 79 102 369 545 741 751 758 
8 74 232 397 500 533 554 605 628 
11 164 231 400 438 461 523 559 562 571 676 730 
7 47 113 122 183 219 336 694 
11 20 54 89 108 152 176 253 382 489 749 796 
9 15 87 412 578 612 641 696 713 714 
6 179 249 261 383 646 771 
8 105 190 220 426 442 457 677 794 
7 129 181 204 447 602 712 713 
14 40 168 194 200 233 245 258 273 389 570 631 659 662 771 
10 28 73 81 298 310 338 532 533 560 717 
7 79 165 252 366 436 755 787 
10 73 271 300 320 371 390 420 458 619 760 
6 119 310 318 514 518 791 
6 165 303 494 510 627 723 
9 148 182 299 307 340 345 353 645 667 
9 168 209 321 360 474 599 659 754 789 
10 10 115 195 224 237 298 566 740 767 792 
13 1 27 95 98 131 174 226 232 346 505 613 695 711 
9 73 176 335 369 425 430 468 470 752 
16 63 81 95 113 167 220 333 339 380 439 466 628 629 667 699 757 
9 165 264 319 380 483 516 546 787 789 
6 177 451 470 556 558 705 
7 32 134 286 309 346 435 584 
10 65 95 162 309 393 413 460 499 539 794 
10 2 20 33 35 106 116 192 206 412 464 
12 87 139 188 264 278 314 475 527 554 604 652 676 
11 2 123 128 214 243 271 277 383 543 547 565 
8 48 105 249 446 458 568 618 710 
10 12 110 129 178 267 528 645 733 758 784 
7 26 80 291 476 515 594 745 
7 135 256 461 523 536 671 762 
7 92 123 202 331 353 400 694 
4 229 335 373 585 
5 48 98 239 278 606 
9 12 253 290 547 562 603 674 698 758 
7 52 535 643 648 680 739 784 
12 144 151 233 283 288 316 325 362 407 553 609 698 
10 12 75 140 395 444 614 680 763 787 793 
8 59 98 292 328 378 640 650 684 
11 20 53 55 63 66 175 246 267 583 703 769 
7 23 27 101 107 606 693 698 
9 81 93 99 215 407 462 563 778 794 
12 54 77 129 180 222 377 520 579 582 593 654 662 
8 77 86 227 233 313 350 545 646 
16 22 33 41 127 187 250 269 322 385 386 550 628 692 699 718 761 
8 121 329 465 548 616 678 763 790 
12 66 108 151 308 325 334 411 605 612 623 693 728 
14 116 169 302 307 332 399 559 591 618 638 661 668 702 777 
7 165 278 337 345 369 737 796 
15 47 100 110 238 329 390 444 514 586 646 656 705 727 745 773 
15 30 54 75 184 194 244 251 382 408 532 533 579 734 771 790 
10 108 173 381 593 633 644 715 725 744 781 
16 19 42 202 328 346 357 445 449 461 510 587 593 682 713 785 787 
13 58 126 164 205 307 395 446 498 668 683 735 757 786 
9 199 241 262 321 372 530 558 561 705 
13 59 101 288 309 426 438 543 552 553 563 575 665 750 
9 53 139 184 368 441 454 588 618 777 
15 15 24 264 281 360 368 416 442 478 498 540 637 760 788 791 
11 194 231 331 338 367 396 570 683 685 751 788 
6 41 58 319 449 593 705 
14 48 172 217 277 441 448 453 531 558 580 598 621 747 761 
9 70 184 234 271 289 327 350 749 766 
7 67 73 345 352 410 735 781 
7 25 163 554 602 641 713 758 
9 238 380 449 478 539 575 697 737 787 
14 136 170 196 205 321 330 354 445 536 558 564 567 628 760 
12 41 57 67 162 209 226 269 322 384 490 631 647 
10 173 280 336 375 458 596 720 736 764 767 
9 86 125 161 170 262 395 682 693 752 
9 152 362 400 416 456 598 692 751 753 
4 46 196 484 493 
9 98 106 191 268 291 412 489 531 606 
14 38 114 145 218 339 390 419 441 476 481 649 662 680 775 
3 209 430 474 
12 41 171 231 285 469 492 529 531 582 609 676 794 
12 146 233 238 330 352 370 413 604 611 642 675 700 
9 23 52 434 523 526 536 558 661 760 
12 137 162 192 195 249 306 408 467 483 505 582 619 
5 466 470 588 673 675 
10 131 216 236 239 346 407 513 618 658 665 
6 126 168 311 350 463 687 
10 220 239 246 379 407 410 467 631 751 795 
9 37 115 188 299 305 325 518 739 760 
4 263 329 661 765 
8 119 213 474 483 500 588 752 797 
13 36 74 85 117 286 301 316 349 404 462 473 536 753 
8 4 9 29 360 414 683 775 795 
13 14 219 256 281 296 418 461 545 659 664 682 744 757 
8 54 123 144 291 299 569 654 700 
11 56 71 243 246 446 453 481 483 580 641 695 
6 14 206 234 270 300 769 
10 31 46 187 238 244 256 259 308 585 753 
12 30 46 198 265 279 341 461 478 511 523 611 743 
10 10 56 88 101 170 230 374 509 733 786 
13 13 70 237 270 303 409 466 473 478 596 621 701 799 
17 35 49 60 98 114 168 222 284 294 361 459 499 516 578 583 651 760 
7 48 130 232 277 557 650 702 
7 220 239 289 327 489 624 702 
7 25 110 153 190 280 369 561 
8 144 159 165 186 253 299 328 777 
10 32 66 156 190 392 460 486 521 594 793 
9 28 140 155 296 334 369 455 695 775 
9 49 136 158 306 310 322 533 757 776 
7 112 184 238 273 463 669 687 
11 25 63 103 287 358 459 522 568 579 612 671 
6 199 402 566 575 598 732 
14 28 103 105 172 191 279 329 511 525 552 569 615 632 707 
9 2 124 148 253 352 688 721 754 796 
7 62 124 244 269 644 713 749 
8 64 137 175 277 442 446 636 786 
12 115 127 157 186 195 293 412 484 501 507 574 670 
14 57 151 185 216 235 260 302 351 389 473 551 582 639 698 
12 76 121 224 256 286 291 311 384 499 596 641 667 
5 217 220 237 320 606 
6 215 370 582 596 746 764 
12 48 66 150 264 335 362 558 606 608 663 726 793 
6 406 466 511 596 770 784 
7 21 25 233 537 660 684 737 
9 10 245 271 499 557 734 764 773 794 
19 99 115 120 125 145 152 182 189 365 378 526 541 609 636 651 664 667 676 762 
8 78 102 189 326 482 554 665 708 
14 39 98 148 191 227 230 266 346 402 441 539 547 738 792 
12 12 16 153 342 481 495 505 612 719 721 749 765 
12 67 102 144 182 284 325 513 514 591 676 706 776 
15 23 26 119 182 203 212 215 235 289 308 315 468 512 551 580 
13 104 110 153 216 295 337 374 401 438 512 714 735 793 
8 51 284 418 546 677 694 718 775 
14 30 47 59 122 151 241 247 409 484 551 556 593 595 637 
13 16 40 94 261 306 369 522 532 536 541 561 607 738 
8 272 357 382 401 471 582 597 775 
10 43 151 173 263 292 346 534 604 644 670 
5 3 54 91 431 559 
12 7 115 169 258 281 355 371 489 590 612 662 701 
10 81 183 283 355 493 517 543 560 586 641 
14 21 52 81 121 131 139 203 390 419 465 481 553 561 564 
9 46 57 161 217 272 374 604 678 683 
10 148 150 154 214 223 294 495 567 645 655 
10 66 92 232 273 314 364 465 508 598 610 
5 82 345 414 581 642 
9 47 195 231 353 367 417 555 596 677 
4 67 99 339 463 
8 204 297 375 443 617 731 786 797 
7 169 255 449 460 463 581 697 
8 97 358 398 439 517 534 538 688 
13 68 165 182 257 360 373 389 398 439 491 690 709 763 
8 234 519 532 547 576 599 623 677 
9 7 85 424 543 579 646 647 729 746 
11 24 78 189 229 419 454 465 474 517 571 731 
10 4 37 102 282 361 374 506 538 603 709 
10 45 186 248 532 537 576 637 663 682 761 
14 47 56 62 173 187 210 213 296 347 369 412 453 510 754 
8 102 147 175 250 255 316 376 446 
12 22 74 220 246 262 270 369 508 517 643 772 793 
9 37 138 149 206 613 662 680 693 792 
10 40 85 102 277 322 415 444 522 535 559 
7 127 207 296 338 555 711 743 
10 50 59 107 146 150 219 388 432 476 567 
10 29 67 93 349 409 515 555 597 600 675 
13 28 202 245 255 338 373 383 415 423 510 534 560 775 
6 5 208 365 434 599 691 
3 292 552 685 
6 33 257 374 433 653 766 
10 118 194 275 299 500 513 516 575 585 745 
8 68 277 444 495 549 624 638 757 
10 85 273 311 425 444 523 573 575 581 621 
13 39 73 103 158 238 276 305 352 389 414 452 509 644 
7 148 154 244 528 544 546 573 
12 66 89 128 217 329 410 516 577 598 602 659 748 
8 109 170 230 256 485 507 643 718 
13 65 201 258 273 356 410 443 449 454 465 504 600 794 
9 308 390 436 520 543 574 682 761 797 
13 17 25 141 160 168 216 325 332 398 522 547 750 754 
14 44 77 210 253 352 443 487 517 523 602 668 677 682 707 
14 40 72 124 209 219 221 348 390 423 590 605 670 702 773 
9 18 59 113 188 430 444 723 769 780 
5 278 454 523 578 611 
19 47 57 67 121 151 178 223 342 365 415 618 663 670 688 719 730 744 747 750 
10 26 56 106 342 405 494 645 657 670 747 
7 273 291 347 454 525 545 708 
5 244 416 493 692 695 
12 32 182 224 328 363 380 477 495 592 605 632 716 
15 6 20 120 121 158 190 294 312 319 331 382 384 397 447 751 
13 42 226 312 390 536 602 606 615 710 724 740 745 753 
5 236 293 352 360 715 
6 553 555 595 746 764 789 
7 168 359 499 559 667 749 776 
7 220 444 453 494 551 553 729 
9 67 75 175 303 534 538 631 749 792 
6 98 100 103 147 556 709 
10 38 130 154 206 263 393 484 564 679 761 
12 15 48 71 344 431 439 493 535 583 616 670 675 
16 23 26 44 135 141 179 287 449 478 513 585 635 650 663 666 791 
10 149 172 248 527 531 553 691 736 750 798 
13 30 137 257 431 463 466 500 503 518 586 646 780 796 
8 27 51 116 216 379 428 484 579 
11 141 210 306 342 411 606 630 650 701 752 767 
13 42 52 128 170 332 421 480 551 580 592 600 601 778 
10 64 222 288 326 438 522 582 590 596 760 
10 12 34 185 200 255 286 358 441 614 700 
7 83 150 445 467 473 651 772 
4 44 156 176 205 
18 3 65 87 117 149 218 323 366 373 386 521 562 586 602 741 750 759 792 
10 12 215 236 313 354 384 436 512 695 756 
9 44 107 136 264 302 384 569 585 651 
13 40 118 168 192 283 431 440 441 448 516 642 694 762 
11 1 17 81 92 210 263 418 489 755 757 767 
9 111 173 229 311 516 573 610 773 778 
13 53 146 208 248 456 483 501 503 505 528 586 644 670 
8 40 116 273 377 518 546 618 748 
16 18 28 94 110 151 192 293 340 449 458 494 526 556 630 669 788 
10 3 17 101 191 355 404 534 548 632 664 
8 248 546 558 585 601 629 641 723 
12 3 8 22 56 225 322 356 359 585 600 701 777 
12 108 132 194 324 396 452 556 561 571 590 778 788 
10 73 79 129 173 221 297 306 423 537 631 
13 13 103 154 288 295 414 464 519 524 641 688 715 750 
13 60 80 192 208 269 389 435 562 569 661 698 759 781 
8 422 429 460 502 504 571 584 724 
6 299 306 366 517 652 741 
6 28 80 300 504 623 795 
7 89 141 326 425 463 508 665 
3 38 526 595 
9 44 164 226 320 343 464 481 564 721 
10 68 296 317 383 393 435 493 511 521 759 
10 82 146 203 214 320 386 406 542 704 730 
9 4 297 426 587 681 688 709 712 743 
9 55 77 174 214 242 495 571 648 765 
9 118 203 289 367 371 434 579 618 628 
6 308 345 530 624 680 690 
13 51 161 184 223 243 367 416 436 445 468 565 597 616 
10 37 63 67 165 220 400 466 726 729 755 
4 49 208 252 311 
11 73 125 182 192 195 449 483 553 629 755 774 
7 23 50 260 282 304 317 377 
13 3 13 49 159 241 255 275 349 373 435 534 608 628 
9 54 104 124 222 346 486 552 617 776 
7 14 283 289 354 707 748 772 
8 29 216 334 342 645 699 786 789 
3 402 763 780 
16 43 90 105 147 285 316 368 383 389 408 433 454 616 623 723 780 
13 12 55 68 148 303 341 348 408 600 621 660 760 776 
6 48 209 252 584 598 703 
14 5 74 247 322 385 397 455 470 576 603 651 662 715 749 
13 1 83 180 219 355 361 372 495 569 599 688 692 728 
8 123 127 132 138 244 440 688 727 
8 86 90 117 135 141 144 307 643 
10 74 80 141 312 341 381 383 580 751 766 
6 298 339 498 508 649 714 
7 5 297 360 446 516 538 741 
10 81 111 197 243 249 281 351 436 552 669 
6 102 340 500 664 760 767 
8 175 187 229 318 427 672 713 770 
13 228 277 288 354 393 452 478 501 522 600 604 733 753 
11 19 30 89 172 218 295 315 464 527 593 697 
11 72 83 171 181 272 379 424 541 557 634 687 
14 75 313 440 497 519 554 596 647 659 669 681 682 688 700 
16 83 110 232 252 294 365 370 403 417 525 566 626 683 701 709 724 
8 291 316 360 394 432 438 535 582 
9 134 135 228 335 344 455 535 644 675 
10 44 52 103 242 248 265 267 424 615 656 
4 213 461 636 757 
16 39 47 133 154 173 238 254 292 350 362 427 485 580 584 729 784 
10 123 155 484 508 588 592 631 667 689 769 
12 55 120 122 145 230 239 241 342 414 607 667 669 
5 80 260 365 550 712 
8 24 177 256 291 358 360 431 477 
7 43 143 168 338 358 525 716 
6 221 256 354 438 648 711 
6 104 154 279 347 368 566 
5 226 369 381 468 745 
9 60 237 290 397 404 476 556 644 708 
7 247 374 506 629 666 713 718 
8 118 436 465 472 605 699 705 770 
12 54 244 304 316 370 397 431 461 521 542 631 695 
8 45 191 258 504 538 565 580 791 
9 6 30 116 226 374 476 508 599 639 
10 28 71 96 109 333 339 444 468 509 609 
7 53 67 127 580 660 670 749 
12 182 240 318 403 408 501 508 574 651 652 677 713 
9 150 182 233 246 436 442 561 711 724 
16 69 79 98 364 384 492 598 638 644 652 680 728 738 776 789 790 
9 499 519 562 565 566 579 596 666 792 
10 29 44 83 131 140 179 288 419 493 707 
7 75 92 231 295 640 758 772 
9 108 148 187 215 263 339 467 722 784 
6 107 129 144 309 423 697 
12 75 127 292 331 363 464 467 546 579 647 754 756 
11 26 321 345 390 414 463 508 512 686 693 771 
11 76 198 253 325 395 515 528 534 561 667 710 
7 81 156 338 373 434 524 723 
13 6 32 68 76 91 303 352 578 704 719 766 781 782 
7 424 426 461 542 617 669 690 
8 222 265 303 351 614 644 782 786 
15 54 80 89 97 154 219 317 441 457 476 538 559 561 644 685 
14 0 37 56 78 113 147 164 442 447 475 524 645 739 760 
9 147 220 274 281 302 380 427 506 787 
8 118 148 302 342 447 549 682 750 
8 30 51 302 318 676 727 765 781 
8 210 268 330 363 469 492 643 701 
20 63 96 138 147 174 183 184 256 346 383 496 532 565 604 614 632 633 644 784 793 
6 34 69 195 336 651 706 
9 66 164 330 533 617 680 718 722 791 
9 0 71 147 241 284 548 581 715 780 
11 41 115 283 343 369 378 433 458 568 632 745 
15 8 62 117 124 243 276 429 435 457 542 676 701 736 747 770 
7 41 391 420 515 593 722 760 
13 96 211 302 304 406 478 490 568 591 662 757 777 791 
6 1 18 210 345 382 393 
15 3 41 90 166 202 207 315 330 453 531 642 674 763 764 769 
12 217 266 282 301 314 423 425 429 500 605 710 785 
8 87 228 320 408 433 626 661 794 
15 16 44 50 100 148 217 228 248 379 464 477 587 644 713 782 
11 264 297 359 483 521 584 601 645 687 693 758 
8 96 249 269 296 436 485 486 562 
7 306 357 364 428 630 768 778 
10 152 267 331 373 384 613 679 728 745 787 
10 25 48 242 261 410 438 443 448 661 767 
7 104 128 217 512 689 715 764 
8 12 218 495 561 625 671 738 767 
8 294 319 336 349 509 567 659 770 
12 61 184 234 290 363 379 533 537 577 614 645 758 
7 145 235 265 416 571 677 698 
10 49 135 165 224 297 406 544 656 668 731 
8 217 237 279 396 614 653 718 757 
14 2 18 190 274 298 393 396 441 452 497 640 660 667 700 
11 8 11 24 46 101 148 226 393 514 636 790 
9 132 317 367 440 572 604 631 691 706 
8 3 180 278 298 569 655 736 792 
5 13 20 85 93 398 
10 101 144 222 338 433 515 557 660 690 712 
6 188 294 511 565 679 778 
9 32 51 63 76 119 151 224 456 763 
11 25 32 153 324 333 343 364 496 511 611 740 
6 74 166 319 673 690 694 
11 125 251 269 302 359 402 563 600 628 678 794 
12 19 82 89 166 184 250 292 571 606 645 668 735 
6 88 137 140 354 440 782 
9 80 88 185 258 323 335 504 619 787 
4 35 438 633 686 
12 184 196 288 365 383 435 632 669 704 763 766 781 
8 87 107 148 252 535 575 619 650 
8 104 294 337 390 565 613 739 747 
6 123 151 252 530 536 711 
5 54 366 379 494 789 
5 86 240 417 482 641 
6 49 106 140 308 439 507 
7 107 189 442 451 514 724 749 
10 18 43 89 220 275 456 581 693 716 746 
9 72 208 243 277 326 437 453 506 788 
6 300 510 517 669 707 795 
10 76 142 226 320 364 377 424 471 683 730 
11 44 48 71 176 237 267 405 571 721 774 777 
10 128 158 271 351 388 590 607 637 765 791 
10 4 47 76 114 260 269 302 360 772 797 
7 219 255 481 544 614 781 794 
7 172 253 292 440 476 565 793 
9 107 418 438 551 571 658 692 704 799 
12 126 142 158 197 241 269 331 503 535 573 736 758 
9 84 297 324 378 449 565 566 693 730 
8 59 230 376 556 597 625 754 786 
15 91 130 149 189 310 392 450 497 511 574 576 631 666 735 753 
11 8 195 302 387 444 560 565 581 590 604 685 
15 26 78 114 131 165 205 268 334 340 388 447 458 470 570 635 
10 12 104 184 335 373 407 457 473 584 796 
9 121 152 458 474 480 571 641 749 754 
14 67 109 253 267 377 404 496 539 560 675 748 753 756 779 
11 16 39 91 142 152 157 282 399 594 619 621 
11 54 62 63 165 222 274 340 591 675 754 778 
12 58 269 372 408 442 476 491 552 594 649 695 712 
12 135 303 328 357 388 417 423 452 672 701 709 746 
9 51 112 183 238 321 337 590 605 612 
13 156 400 446 454 465 471 484 586 629 639 683 694 785 
11 0 42 48 136 321 433 449 538 559 578 777 
6 221 298 368 419 508 593 
15 24 40 210 260 308 320 358 426 434 533 627 697 720 728 791 
12 129 203 257 273 308 456 503 507 573 697 706 791 
10 154 167 216 307 472 511 615 686 741 788 
8 190 252 450 550 635 679 728 778 
12 128 180 299 365 368 405 456 584 594 639 705 707 
13 47 70 75 234 235 236 252 282 308 321 376 384 703 
13 14 128 172 206 254 294 305 315 428 479 563 651 697 
12 157 280 304 308 322 369 380 505 640 661 693 708 
8 2 49 259 358 394 397 439 676 
14 67 71 159 163 183 281 364 541 588 625 672 742 784 797 
7 48 328 336 438 507 562 595 
7 118 214 242 363 385 621 740 
12 87 149 206 276 324 461 475 490 515 518 547 784 
10 256 349 365 379 491 512 574 624 629 669 
14 3 6 64 107 132 196 297 436 445 488 601 695 740 761 
12 34 314 324 379 430 585 595 602 703 719 756 766 
6 119 121 182 236 312 754 
11 18 274 287 326 327 563 582 627 628 691 798 
13 15 143 252 268 296 326 440 451 605 679 686 728 743 
10 103 125 166 199 217 284 679 681 700 725 
3 43 264 269 
13 97 182 253 344 350 417 424 505 650 673 688 772 775 
9 29 62 75 150 309 372 441 698 760 
16 66 107 129 168 171 223 272 335 381 442 482 498 530 626 681 748 
12 8 112 213 260 399 409 426 441 453 684 704 726 
10 57 86 117 372 446 447 598 602 737 765 
13 33 80 140 195 242 274 404 409 573 626 669 732 792 
8 6 70 112 115 434 439 669 714 
14 25 80 98 127 235 401 446 580 663 690 695 741 763 764 
11 183 201 278 405 510 542 576 590 670 716 789 
12 16 92 314 363 367 426 489 504 514 541 688 744 
14 123 206 216 283 299 395 412 430 463 507 558 699 723 743 
8 158 281 340 366 470 475 608 738 
10 92 135 185 186 312 392 437 496 582 752 
8 230 316 385 473 530 559 742 772 
7 180 302 304 313 383 581 780 
5 30 260 353 483 745 
800 4028
7 28 189 290 377 435 567 639 
14 81 86 104 113 148 168 282 316 473 493 583 654 657 680 
8 52 54 64 146 345 513 621 692 
15 60 65 122 169 177 288 348 350 378 401 457 485 488 723 796 
11 99 167 184 243 269 318 364 431 549 654 787 
4 89 167 420 721 
5 148 200 274 409 582 
13 49 181 185 235 343 418 446 519 643 658 701 710 786 
9 70 120 225 341 393 420 559 593 787 
12 30 92 327 367 370 385 388 399 440 472 573 756 
12 92 159 236 266 341 451 518 631 713 752 790 797 
14 32 105 110 134 168 326 352 389 399 508 533 563 647 654 
11 55 205 223 247 300 358 443 502 516 583 658 
13 61 96 234 239 272 305 325 341 349 380 639 730 732 
11 110 356 527 562 622 628 653 672 679 691 747 
8 18 229 350 399 564 706 757 777 
5 244 264 282 438 668 
14 54 135 152 222 226 292 311 321 367 411 434 611 649 698 
14 15 113 217 243 248 314 419 441 476 512 568 588 626 682 
8 69 110 154 220 348 367 515 530 
11 56 204 240 271 406 546 641 672 696 754 785 
8 323 493 537 567 621 720 780 789 
6 127 320 357 487 564 788 
13 193 210 241 266 272 353 355 397 516 540 577 733 776 
5 63 253 258 463 535 
8 46 172 264 382 409 436 640 748 
10 138 255 305 413 454 468 557 584 639 778 
9 147 182 253 277 460 490 513 634 664 
12 0 115 129 139 292 305 350 640 711 730 772 794 
8 55 310 322 328 340 395 612 630 
8 9 60 154 237 345 383 610 797 
13 58 169 205 224 501 554 587 612 644 663 664 704 727 
13 11 80 186 254 418 428 472 491 522 639 654 732 740 
9 53 250 284 479 514 552 559 579 702 
9 104 326 367 579 598 635 692 701 773 
8 45 137 170 223 297 304 476 675 
8 80 161 202 224 245 334 628 710 
7 191 366 390 395 453 736 768 
6 318 373 427 439 589 778 
19 42 61 71 75 151 199 224 273 285 296 300 373 392 445 495 596 613 660 664 
11 51 55 84 95 254 309 391 619 641 760 771 
8 379 406 415 455 589 639 672 680 
15 39 75 87 271 316 319 381 416 521 535 634 644 715 791 797 
5 79 360 399 573 666 
8 178 210 231 344 418 659 749 758 
12 35 89 104 131 167 258 337 361 380 456 533 736 
14 25 97 130 190 258 264 300 414 465 521 590 714 775 779 
9 52 383 449 472 474 566 667 679 713 
7 53 74 77 223 306 721 796 
10 7 207 235 238 397 440 605 654 687 770 
9 166 227 315 320 440 491 525 538 552 
5 40 414 472 519 645 
12 2 47 135 142 210 239 280 390 450 466 538 552 
8 33 48 253 295 516 542 558 692 
11 2 17 97 237 241 335 454 455 498 573 721 
12 12 29 40 63 336 421 634 662 678 712 727 773 
11 20 76 203 280 289 294 444 477 487 502 612 
13 169 175 250 317 465 481 486 534 541 554 564 654 663 
11 31 82 162 311 472 486 512 549 652 707 754 
9 110 146 160 384 455 600 663 703 739 
9 3 30 81 180 306 311 543 734 773 
14 13 39 68 76 119 157 332 373 471 513 614 661 696 704 
10 80 113 219 258 507 558 620 707 736 737 
12 24 55 66 111 143 206 267 290 362 567 609 676 
13 2 131 167 200 279 352 422 620 623 712 723 739 780 
15 3 79 287 364 379 421 444 449 452 515 633 639 687 729 780 
8 63 115 193 327 332 421 429 526 
8 108 155 479 648 723 737 748 798 
13 61 194 208 229 243 305 320 470 525 545 565 635 742 
12 19 139 144 208 222 281 339 405 617 712 719 734 
8 8 201 397 406 585 599 626 655 
8 39 98 107 148 303 656 745 782 
8 89 221 222 235 349 398 607 688 
4 204 478 608 655 
8 48 154 246 526 695 708 742 787 
13 39 42 115 243 299 353 458 486 489 494 603 659 678 
10 56 61 100 129 178 215 334 457 613 779 
13 48 175 353 379 386 432 438 442 459 493 501 569 612 
2 95 493 
13 43 65 250 326 381 465 476 506 523 590 642 712 764 
14 32 36 62 118 157 275 312 469 476 564 567 569 786 792 
11 1 60 82 277 349 446 509 519 544 763 770 
12 58 81 236 347 349 362 437 449 550 587 721 757 
9 234 319 398 435 530 624 671 704 784 
12 40 125 160 166 247 379 488 500 604 758 769 791 
9 159 437 587 685 695 698 743 789 798 
13 1 89 209 236 332 402 495 501 582 615 670 709 755 
17 42 137 152 219 240 296 321 355 427 501 547 568 576 612 636 679 790 
9 166 267 279 300 536 648 667 735 784 
16 5 45 72 86 108 177 301 436 440 574 593 613 635 637 677 784 
10 104 133 143 176 329 348 634 661 731 768 
15 225 237 357 398 403 414 471 478 549 568 577 580 613 620 687 
9 9 10 224 330 332 358 361 458 744 
15 124 190 227 351 478 510 527 560 572 583 601 646 775 787 797 
6 172 219 221 232 657 790 
9 40 78 191 213 264 275 287 412 533 
10 13 237 355 403 427 583 628 694 735 750 
14 46 54 176 192 227 245 247 360 396 431 608 662 669 738 
14 71 105 127 202 298 338 378 379 456 508 527 622 652 791 
10 4 229 239 265 335 398 406 503 554 629 
9 76 110 217 440 494 633 690 733 760 
9 106 113 146 203 366 407 637 680 750 
8 158 205 221 239 264 282 401 628 
11 180 266 290 394 407 420 449 487 513 657 671 
10 1 34 45 90 261 336 580 592 605 763 
10 11 98 306 440 506 515 591 613 677 794 
11 101 108 127 391 523 534 542 596 652 672 733 
9 71 123 217 227 261 337 417 526 737 
7 67 89 106 196 700 736 776 
7 177 527 591 617 640 645 733 
10 11 14 19 59 100 481 602 652 706 753 
11 63 130 148 240 281 420 421 475 496 603 605 
4 213 349 379 425 
15 1 18 62 101 117 154 396 414 443 454 455 462 487 607 620 
11 119 282 290 322 329 434 456 473 498 686 720 
11 28 66 75 184 252 295 426 517 597 636 663 
11 181 220 421 432 511 538 587 687 717 737 758 
8 113 134 150 241 264 313 383 575 
7 80 154 181 223 388 525 785 
7 61 114 295 346 549 570 698 
7 8 136 182 392 629 712 764 
10 132 140 197 205 286 347 457 531 577 640 
11 3 185 294 357 384 451 460 539 620 642 710 
13 107 176 220 307 324 343 358 439 441 586 725 729 745 
15 93 237 411 428 439 451 518 559 586 640 685 688 706 759 768 
12 84 287 300 438 466 469 473 487 522 566 669 786 
10 200 233 282 375 456 466 513 652 655 664 
7 22 98 106 257 297 534 640 
14 196 240 319 430 435 471 546 549 558 584 633 665 676 775 
10 28 76 250 393 395 446 536 560 608 686 
9 46 111 174 210 361 419 594 637 758 
12 45 64 187 189 307 360 507 510 569 574 742 747 
12 121 159 168 185 212 333 432 606 640 718 747 770 
12 90 189 209 250 349 458 543 586 651 670 707 737 
7 11 117 497 499 525 747 774 
13 17 52 148 184 193 247 278 305 348 392 410 649 760 
12 120 139 165 188 189 289 346 399 472 516 521 648 
8 35 87 240 322 326 482 549 645 
8 26 219 470 613 691 766 783 788 
11 28 69 136 167 212 249 262 503 596 639 779 
9 121 171 252 377 416 431 504 620 787 
7 181 199 379 529 585 597 725 
6 52 201 252 343 416 726 
8 63 90 320 370 537 707 715 748 
7 69 195 199 209 372 523 769 
11 310 397 507 593 630 714 737 748 756 759 773 
11 2 59 101 157 186 205 348 658 705 736 782 
4 27 224 241 517 
15 1 6 71 111 135 162 188 334 342 362 365 372 377 652 712 
8 157 222 401 608 677 722 724 746 
12 117 189 190 307 368 458 583 593 623 676 731 739 
5 39 182 316 383 734 
8 17 87 182 299 311 453 670 747 
5 368 377 378 532 648 
12 19 30 74 113 118 160 208 275 466 648 763 772 
8 67 208 377 425 472 478 496 592 
8 271 329 537 569 578 667 671 747 
14 61 80 146 149 197 212 258 368 453 526 533 542 646 792 
8 102 192 233 368 599 701 736 786 
9 10 85 132 253 422 439 531 612 734 
11 59 84 154 420 478 596 622 659 686 705 758 
7 36 196 225 470 524 548 748 
12 58 148 262 409 413 422 457 511 560 577 662 682 
5 166 326 447 467 794 
7 196 238 366 399 408 625 648 
12 136 307 347 407 473 557 572 614 618 773 784 791 
17 50 84 88 163 230 239 276 283 310 318 424 490 495 549 598 676 797 
11 4 5 45 64 139 181 334 389 400 409 701 
12 1 11 132 252 254 292 363 374 490 623 686 740 
9 3 31 57 342 473 515 663 765 772 
17 35 174 227 280 305 312 363 374 464 507 518 528 537 582 595 750 767 
10 140 219 227 467 560 573 684 703 782 798 
7 25 94 306 654 710 717 746 
10 188 192 235 447 465 497 532 552 579 637 
12 130 170 207 252 296 337 509 531 611 716 730 777 
16 57 77 229 273 325 422 434 491 523 526 532 653 703 739 744 753 
12 90 97 123 374 396 434 539 563 585 636 765 797 
6 3 89 109 315 482 683 
12 44 76 198 223 287 338 455 465 491 539 603 765 
8 196 219 235 242 514 547 582 625 
15 60 103 226 235 283 328 362 404 474 515 536 578 604 628 720 
11 7 116 118 141 167 449 538 602 656 708 721 
9 27 120 151 152 184 199 234 504 617 
5 374 487 538 562 677 
12 4 115 135 182 203 208 280 284 369 480 527 631 
8 7 122 132 386 443 463 548 584 
8 32 146 195 384 514 573 669 773 
13 131 194 278 345 381 478 529 547 558 589 623 672 715 
11 136 148 173 219 311 333 476 573 695 759 772 
16 0 131 133 136 150 206 259 326 364 377 405 440 533 563 698 723 
9 46 93 150 401 548 549 589 607 656 
11 37 95 203 237 270 303 390 577 607 744 755 
15 97 158 173 206 233 245 249 365 378 412 417 441 518 521 569 
11 23 66 135 283 320 356 386 434 595 717 754 
9 68 187 200 221 268 316 583 613 705 
13 144 186 262 271 274 328 348 356 359 445 541 661 671 
13 108 128 161 164 179 242 248 284 313 405 464 495 704 
6 121 157 226 322 612 675 
15 178 297 321 348 385 399 443 452 453 466 529 539 585 724 794 
10 39 141 144 182 365 445 495 512 703 795 
17 6 64 126 194 304 331 348 365 402 443 534 595 619 653 709 743 763 
6 70 142 348 478 508 701 
9 36 98 269 387 391 509 560 696 731 
14 56 101 184 191 502 504 518 536 538 572 592 625 646 689 
12 20 73 341 345 352 414 509 581 637 692 742 793 
14 12 31 102 121 146 227 230 256 358 431 444 465 534 745 
11 63 189 192 325 330 457 482 548 594 644 700 
15 49 174 218 391 474 494 507 522 525 569 594 656 663 678 688 
10 68 69 154 155 184 295 327 377 392 729 
11 86 133 144 287 499 528 575 579 638 670 738 
11 23 44 52 130 265 269 537 581 722 770 788 
9 254 394 406 465 579 644 658 751 787 
11 132 139 157 243 256 265 275 281 311 608 618 
13 95 112 286 350 405 469 482 525 534 667 690 694 743 
10 288 293 348 357 439 452 497 553 618 697 
14 76 300 303 431 482 536 565 601 608 645 675 682 709 758 
3 493 603 773 
10 18 100 107 430 506 524 589 625 722 768 
5 207 233 332 353 774 
17 62 87 94 138 171 179 188 254 256 348 357 472 561 633 654 674 789 
15 19 116 123 235 252 303 367 441 471 535 601 691 765 779 794 
7 72 94 102 194 452 536 645 
10 17 69 72 149 258 301 449 569 659 746 
10 12 35 48 118 178 285 343 347 413 417 
10 31 36 39 92 147 441 449 476 766 780 
13 8 91 161 387 388 469 539 596 616 730 743 765 780 
12 17 180 197 237 245 343 403 545 682 696 721 751 
13 50 93 97 107 170 171 205 377 379 434 531 713 718 
9 233 352 541 558 578 588 590 695 794 
13 15 68 99 175 308 348 427 443 510 517 604 625 766 
8 166 205 288 292 324 462 545 736 
7 44 304 424 448 622 628 764 
10 94 308 337 382 473 501 574 621 742 780 
9 126 158 192 218 228 240 398 566 611 
9 13 83 182 241 400 486 658 665 775 
15 7 49 72 173 179 180 220 282 427 456 461 548 577 613 622 
7 10 82 86 283 409 784 798 
17 30 54 91 96 124 191 226 257 274 354 366 407 437 650 658 713 769 
8 49 164 360 364 397 401 496 512 
11 13 52 99 102 166 340 430 603 612 785 792 
15 20 87 111 128 137 233 314 436 612 636 650 651 737 745 786 
15 23 54 117 147 234 254 266 278 323 452 484 670 706 743 762 
5 179 196 312 433 590 
12 4 18 68 75 212 404 523 560 625 637 638 751 
10 16 307 344 470 485 544 550 648 669 684 
12 36 97 192 226 260 400 461 548 550 709 711 790 
9 74 248 307 405 540 589 640 743 752 
11 12 84 97 135 275 299 381 435 491 545 761 
10 18 196 246 267 276 473 495 606 746 787 
4 139 192 370 790 
11 33 57 79 129 133 260 416 564 592 602 615 
3 366 528 769 
12 115 140 142 168 174 220 279 304 351 601 725 735 
12 24 27 53 159 304 354 365 435 579 589 739 750 
15 32 40 168 211 219 241 301 347 483 505 550 611 652 686 778 
10 26 266 276 328 350 372 484 497 709 767 
9 205 212 219 353 381 510 528 631 698 
12 127 237 258 275 359 407 495 533 540 564 738 775 
11 24 45 46 62 157 222 257 320 436 779 780 
10 189 353 421 552 661 689 697 698 700 764 
7 245 250 539 556 618 662 701 
8 104 107 399 529 571 575 630 762 
8 139 162 195 320 390 400 586 790 
4 451 452 680 724 
12 16 25 46 95 102 117 322 334 341 517 574 740 
11 99 210 212 287 368 427 464 484 532 686 715 
10 10 23 103 241 255 304 338 432 576 624 
7 63 88 248 359 380 542 671 
6 194 282 410 426 486 646 
9 4 202 210 278 317 503 519 587 620 
6 191 345 403 628 670 671 
16 20 42 156 195 395 465 498 509 515 600 602 641 679 681 693 727 
7 13 23 358 475 583 662 750 
9 39 175 290 291 468 490 548 635 651 
14 6 195 237 315 346 494 544 564 609 635 647 658 669 785 
10 80 95 154 212 247 257 316 453 788 791 
13 166 248 255 357 363 379 414 418 517 536 586 667 780 
11 27 81 316 325 354 446 548 597 716 744 776 
10 135 187 241 269 349 373 433 449 590 798 
6 64 88 252 501 707 755 
12 52 56 170 184 304 372 401 433 489 544 559 646 
8 69 111 212 371 381 690 770 799 
10 1 16 102 114 126 235 268 628 692 753 
13 166 180 193 236 296 304 406 498 563 634 677 721 739 
7 33 184 196 326 412 702 725 
10 39 223 315 364 427 446 484 493 513 652 
5 121 213 373 429 673 
10 65 95 125 178 209 265 453 615 724 754 
5 3 214 230 468 494 
6 56 136 419 469 568 755 
13 0 63 103 114 273 302 335 362 480 559 591 663 728 
2 273 367 
10 17 28 168 230 349 357 522 598 607 631 
5 214 299 485 489 765 
6 56 122 497 592 676 792 
10 53 115 119 208 297 396 459 472 517 724 
7 39 87 174 283 487 775 792 
13 35 127 198 295 409 428 531 550 586 597 642 650 755 
7 98 333 502 540 566 605 643 
12 75 152 247 293 395 418 442 543 547 582 770 777 
11 12 39 46 88 125 215 314 341 508 602 790 
8 89 222 254 552 575 587 605 639 
7 290 313 351 397 535 568 790 
11 71 191 215 220 446 512 546 556 626 749 779 
12 35 200 231 252 253 266 280 283 418 553 560 686 
12 13 26 28 68 135 170 388 476 489 561 699 798 
8 48 60 105 172 645 675 743 749 
10 123 131 150 165 244 246 375 379 513 755 
6 229 232 368 420 646 784 
7 40 521 548 730 752 756 795 
10 29 145 166 363 375 569 574 602 605 765 
15 17 58 60 152 188 212 337 394 444 446 620 641 652 678 751 
7 80 170 242 391 559 775 794 
10 117 196 302 322 346 414 421 646 721 796 
10 18 240 300 327 433 460 681 754 765 772 
11 50 177 274 285 410 544 545 608 712 720 733 
11 1 42 151 194 275 277 465 505 617 793 795 
6 57 269 386 549 774 776 
8 4 38 166 325 404 544 625 717 
7 42 83 128 378 423 453 724 
11 22 50 68 143 193 258 262 506 517 562 583 
8 17 87 198 359 501 560 563 732 
13 29 114 137 197 264 313 580 595 640 757 766 794 797 
11 21 241 388 392 420 423 450 529 695 731 774 
5 123 230 481 552 673 
11 13 175 206 277 318 358 361 443 452 510 759 
11 11 34 79 137 163 189 284 373 498 650 788 
7 9 66 208 314 407 448 599 
13 29 180 195 255 457 465 477 561 669 722 733 735 757 
7 90 114 156 387 604 630 743 
7 92 206 394 401 403 582 791 
4 200 532 756 762 
11 61 66 86 92 218 366 414 494 548 605 738 
7 132 188 298 672 681 713 762 
16 36 76 148 167 264 400 428 431 475 499 558 564 678 698 710 751 
5 54 99 290 367 488 
5 55 104 391 510 789 
5 45 107 174 232 311 
6 98 178 266 397 515 556 
6 69 403 454 553 568 638 
7 29 239 369 443 514 601 675 
16 8 10 13 204 264 300 356 366 440 469 499 570 633 690 774 782 
8 148 169 346 402 443 495 677 772 
8 7 123 142 223 226 452 596 741 
5 44 244 528 534 574 
7 2 30 187 204 270 604 783 
11 119 136 274 313 342 405 459 598 703 732 741 
10 82 121 165 223 254 366 431 602 628 799 
18 3 19 90 135 146 195 198 200 201 214 219 229 412 418 614 723 769 778 
12 13 72 81 82 112 133 278 292 468 557 603 781 
11 3 15 28 213 255 458 498 619 718 729 771 
9 93 252 302 385 395 559 561 703 799 
15 11 64 204 228 364 387 390 431 471 654 664 696 701 762 792 
9 23 75 77 218 256 259 472 540 655 
10 237 253 277 360 369 380 445 530 630 647 
9 23 87 96 453 584 616 686 697 733 
12 14 193 195 341 430 440 492 630 683 687 724 755 
11 22 91 122 214 219 276 292 521 526 621 726 
10 12 92 123 205 272 325 455 551 585 663 
7 195 257 267 321 474 630 671 
8 43 97 131 238 354 461 630 638 
6 45 92 130 325 370 540 
11 63 82 148 180 290 394 471 537 660 712 786 
8 168 170 276 310 515 608 751 787 
13 4 65 189 238 285 352 497 562 566 599 668 759 770 
9 148 192 199 200 253 553 601 608 746 
17 37 101 164 237 251 332 341 347 458 501 526 644 668 694 757 781 787 
11 9 17 19 34 220 291 335 437 494 592 752 
10 150 153 157 158 265 308 430 503 650 757 
6 184 340 354 454 506 746 
13 9 143 249 361 430 431 447 457 511 566 587 771 793 
5 281 470 685 695 770 
11 144 148 255 280 492 613 627 689 712 738 770 
14 38 39 61 278 286 326 400 424 436 445 469 479 504 520 
8 168 170 176 183 515 676 773 797 
7 126 307 310 447 457 544 615 
5 508 655 714 777 784 
11 0 140 148 153 155 189 208 227 412 528 582 
8 3 98 153 192 319 499 672 764 
13 41 65 77 84 98 112 141 227 276 307 477 630 659 
9 13 45 267 354 385 387 622 734 786 
7 42 79 187 247 256 281 769 
9 25 232 437 515 529 547 634 664 759 
9 30 47 117 151 479 484 491 594 794 
4 59 122 186 720 
11 9 198 351 380 445 495 547 549 609 660 796 
10 77 185 193 317 434 460 544 601 630 716 
8 202 225 329 352 380 445 539 676 
14 9 118 225 305 323 523 527 538 560 612 720 726 754 757 
7 11 167 581 634 648 656 750 
9 37 52 191 262 352 468 549 602 644 
11 40 106 202 207 312 336 448 475 494 672 763 
8 39 120 135 208 323 397 459 597 
12 8 129 395 412 531 612 632 649 657 718 746 799 
11 103 211 311 330 362 402 525 630 727 739 754 
13 29 37 129 271 299 351 393 539 544 550 665 741 755 
8 97 113 176 295 411 494 506 555 
13 23 49 70 145 238 302 338 392 622 639 645 723 768 
12 72 83 91 99 233 473 584 587 623 685 747 748 
14 9 11 15 43 136 164 198 261 465 554 558 599 700 724 
12 167 234 245 262 334 373 571 573 619 681 701 768 
14 3 102 149 190 238 280 330 447 494 587 602 611 664 679 
11 86 200 342 394 460 480 555 681 688 737 781 
12 91 96 226 270 330 339 465 530 552 652 777 783 
8 180 243 318 443 562 651 691 799 
16 69 189 196 213 246 346 417 430 442 467 516 536 645 670 733 778 
8 20 41 70 99 211 283 517 541 
13 101 103 165 237 257 327 438 440 460 580 597 779 781 
7 164 418 565 569 641 662 728 
11 6 25 162 167 236 297 498 570 588 658 688 
9 135 268 315 503 519 521 543 667 768 
8 17 124 396 502 619 631 672 798 
9 95 192 284 348 377 393 532 697 732 
10 26 162 223 429 449 491 501 562 771 799 
16 46 51 91 113 204 276 313 332 417 502 552 566 646 654 689 788 
6 41 442 621 627 661 787 
8 42 140 142 250 534 568 724 739 
11 107 192 223 405 414 429 477 619 657 682 754 
15 7 32 44 276 299 304 348 408 505 540 556 662 711 738 779 
7 18 130 289 571 618 709 742 
13 5 8 103 111 160 308 323 453 459 530 588 741 753 
15 55 65 66 111 116 259 313 469 497 500 544 626 661 689 692 
10 64 159 162 175 445 509 596 643 663 766 
7 319 323 503 556 558 703 720 
10 166 231 373 427 460 468 595 704 730 782 
7 112 155 511 527 623 639 719 
3 115 268 698 
14 38 87 96 229 235 265 285 424 437 438 537 549 635 748 
5 32 124 297 334 612 
13 66 286 413 417 431 432 489 498 604 655 755 792 797 
11 128 217 239 356 368 370 405 532 628 723 752 
15 4 97 140 205 215 334 347 352 370 429 504 611 729 741 792 
7 77 116 132 266 429 511 744 
9 242 278 280 314 488 545 667 702 716 
12 17 114 175 176 193 227 386 531 615 631 633 660 
10 0 83 128 247 253 509 511 539 561 799 
8 25 89 240 258 373 565 651 657 
10 82 85 237 367 382 427 466 490 636 733 
10 16 77 125 407 427 511 581 632 679 773 
7 38 123 124 159 214 463 499 
15 9 49 50 89 100 105 189 341 356 407 448 495 627 700 779 
7 18 123 192 220 224 733 780 
12 77 299 405 415 486 547 579 590 593 659 687 690 
14 12 113 185 198 200 229 325 340 342 404 455 474 712 732 
9 56 65 205 311 496 661 679 741 760 
11 39 195 199 354 373 385 387 422 466 483 755 
9 7 81 129 277 285 303 311 479 619 
6 163 173 370 375 401 728 
8 231 327 391 440 487 601 716 746 
11 47 65 82 103 181 222 224 278 413 773 795 
7 52 323 480 545 617 631 742 
8 10 122 124 263 483 587 631 756 
10 65 198 214 221 241 263 325 343 518 562 
10 37 152 157 198 275 287 319 355 420 611 
7 26 54 113 339 369 689 740 
11 41 54 59 113 178 358 443 582 673 682 703 
9 45 98 114 126 235 475 517 768 797 
12 3 76 121 162 206 328 370 375 460 575 627 665 
10 75 92 133 150 350 366 566 718 751 790 
13 77 295 346 392 420 518 526 528 590 642 677 681 756 
11 27 122 314 386 402 407 424 457 529 732 777 
9 235 245 360 586 604 630 747 754 798 
4 113 230 732 773 
4 24 185 439 640 
6 170 196 265 486 608 765 
14 46 57 79 173 178 205 211 271 316 328 399 403 628 707 
13 52 125 126 154 198 437 445 498 546 576 671 722 796 
8 163 171 405 532 586 758 790 794 
11 26 273 288 349 390 424 536 642 741 783 784 
18 80 125 213 225 289 341 373 421 482 485 501 512 553 561 612 628 712 718 
11 68 138 161 244 371 490 530 555 562 681 692 
10 61 91 128 220 352 362 543 628 651 738 
17 9 32 47 51 58 136 155 219 295 353 486 550 567 622 627 729 768 
14 1 114 125 165 169 232 248 398 512 520 608 628 735 775 
13 47 180 207 359 443 554 563 573 611 643 671 674 716 
11 111 272 334 391 456 507 531 556 730 736 791 
13 18 35 79 80 188 224 305 538 606 614 655 713 757 
5 56 328 379 417 688 
13 73 91 93 155 160 187 201 485 558 580 620 637 759 
12 33 67 373 383 446 517 652 669 674 695 751 773 
7 184 290 402 450 658 722 728 
9 57 110 324 486 590 613 625 697 737 
10 137 177 206 213 215 469 677 711 781 799 
10 254 445 451 551 557 625 713 741 744 796 
6 241 255 265 285 383 503 
6 3 244 293 469 478 796 
12 57 58 75 234 268 442 464 472 481 518 597 758 
12 22 56 103 113 125 183 296 448 531 660 709 776 
6 3 84 335 433 612 769 
8 75 280 293 305 429 491 688 744 
9 27 166 168 273 437 470 626 645 771 
9 32 50 175 178 247 383 413 489 528 
5 356 372 581 612 770 
9 1 21 77 78 216 285 500 550 738 
12 75 100 207 274 288 332 367 391 396 401 563 592 
12 39 86 166 196 199 248 257 342 385 440 631 697 
8 111 155 238 444 534 615 713 717 
15 134 173 214 255 294 364 421 504 510 670 671 676 703 709 798 
14 54 114 271 283 326 350 409 429 466 504 535 641 642 688 
13 134 209 334 341 378 439 567 576 638 639 644 762 796 
9 84 421 493 580 612 620 639 723 760 
13 31 77 86 87 232 279 321 366 413 469 594 631 662 
9 12 56 203 298 411 414 505 520 604 
9 99 139 269 368 410 423 484 661 712 
18 140 182 203 373 431 497 498 505 544 551 623 643 651 654 658 668 729 751 
7 254 316 418 502 504 633 748 
11 79 105 217 320 369 396 551 560 628 654 793 
7 62 131 145 170 207 475 647 
9 11 98 201 300 376 513 646 676 680 
12 81 174 202 204 271 422 435 569 590 643 695 775 
10 93 131 229 256 325 336 497 526 707 746 
11 116 162 370 425 432 435 438 573 697 741 798 
9 18 58 199 238 303 469 473 570 710 
11 2 27 61 103 126 285 307 508 641 705 738 
7 33 179 186 340 522 566 660 
13 19 65 105 169 180 271 338 363 374 382 750 753 755 
7 12 23 53 136 405 600 788 
13 115 147 229 264 276 295 320 406 456 479 590 682 693 
11 10 124 170 192 203 452 459 486 552 622 682 
9 7 51 81 269 410 583 722 732 767 
6 373 473 502 531 670 799 
10 42 46 136 192 309 357 410 669 739 790 
9 32 125 207 292 514 540 543 708 746 
8 79 106 144 175 243 388 539 652 
5 161 217 534 618 648 
11 50 68 118 134 207 213 394 631 707 732 761 
20 66 74 107 157 175 357 366 459 510 542 593 607 667 686 705 709 719 733 736 772 
9 14 93 98 109 184 388 425 599 682 
13 170 209 251 256 344 377 459 491 643 647 743 757 769 
11 141 187 198 261 323 382 460 548 567 596 682 
10 19 83 354 403 420 470 711 739 742 797 
16 121 159 174 227 297 393 434 475 487 520 606 616 618 640 700 799 
13 153 173 175 265 331 412 430 467 546 614 615 619 751 
9 11 45 95 157 189 257 651 746 773 
14 57 106 127 200 205 213 344 416 496 524 544 570 636 743 
8 24 42 220 302 498 536 614 791 
15 88 129 180 203 215 221 276 405 468 535 539 600 639 686 701 
12 21 143 156 170 210 362 427 570 620 736 752 753 
9 50 52 116 181 183 203 388 476 707 
15 122 176 178 198 225 260 387 395 435 523 536 614 629 768 783 
12 23 246 257 298 353 361 418 522 577 678 688 724 
6 57 195 228 406 588 608 
6 53 106 157 267 526 763 
8 60 133 299 410 471 522 686 738 
16 81 244 274 280 315 318 375 386 395 421 504 534 596 644 746 774 
9 68 226 230 247 315 433 450 604 628 
8 20 128 303 466 532 600 766 768 
9 87 179 187 299 382 385 442 694 776 
13 161 185 190 206 235 245 273 277 309 332 529 667 757 
15 4 58 91 119 128 137 166 190 317 385 390 427 572 573 667 
9 82 244 245 254 297 395 472 493 667 
11 358 483 504 506 593 629 657 660 661 711 778 
13 33 50 52 173 259 301 324 403 414 518 587 716 771 
9 214 304 339 365 469 557 612 676 746 
8 31 57 99 399 474 663 737 742 
7 396 402 470 581 643 697 784 
8 260 303 338 418 423 475 619 695 
5 26 165 349 483 553 
11 53 62 128 187 228 334 399 423 478 615 763 
9 8 33 124 280 290 312 351 627 726 
13 93 129 162 171 202 243 304 321 388 506 577 726 758 
11 219 305 328 351 435 469 628 691 693 776 794 
14 14 183 320 364 404 413 452 470 569 603 639 701 740 784 
10 11 176 189 283 321 474 494 574 752 781 
11 15 22 57 80 250 257 274 334 606 772 774 
7 68 215 408 436 609 635 796 
11 47 125 233 298 364 370 414 458 514 570 687 
8 0 21 63 80 472 499 529 618 
9 18 87 91 289 302 339 416 651 795 
12 77 80 131 156 192 207 222 310 408 509 562 658 
12 119 341 409 512 534 537 566 733 760 762 780 795 
8 261 400 419 652 687 692 708 776 
5 93 165 203 549 612 
12 9 43 54 171 186 188 400 474 511 549 751 795 
10 89 131 232 264 310 344 563 674 690 739 
9 117 209 261 301 457 650 700 739 788 
6 87 266 466 499 624 742 
11 23 91 121 162 191 235 540 560 650 725 776 
4 156 180 228 617 
13 33 34 173 209 211 253 442 596 632 706 729 739 788 
9 91 104 322 407 478 500 608 710 784 
11 204 210 389 438 492 555 592 696 757 773 793 
10 6 86 170 179 299 330 377 455 657 764 
12 1 12 93 96 150 194 272 320 519 649 708 768 
6 26 128 185 355 398 798 
6 70 141 176 198 358 769 
12 123 124 133 262 276 297 461 467 704 726 744 748 
13 31 82 85 116 269 301 370 398 401 451 552 712 721 
7 18 228 409 420 541 658 745 
10 38 41 187 190 217 246 253 639 642 797 
11 46 79 228 242 278 442 459 481 509 517 701 
10 105 109 290 647 721 744 772 775 785 793 
15 104 155 203 250 294 367 494 581 623 648 650 694 699 735 774 
8 8 89 145 150 442 526 551 610 
8 130 206 207 383 501 704 731 768 
7 170 193 200 322 424 679 732 
11 39 106 139 160 225 343 422 529 544 579 771 
10 115 141 277 297 392 407 486 679 691 782 
6 34 166 292 346 679 755 
8 70 158 327 364 399 527 685 742 
8 59 271 516 536 546 639 756 758 
9 93 215 220 252 340 365 386 448 625 
13 110 181 250 271 300 310 347 390 401 616 661 666 702 
10 75 111 178 216 239 349 562 609 621 681 
11 84 180 229 329 345 429 461 502 545 652 797 
7 49 104 111 298 301 310 332 
7 132 248 476 531 564 622 778 
11 72 113 190 191 292 526 615 636 642 661 675 
19 73 97 129 149 212 215 315 363 365 464 473 541 580 611 652 713 747 763 791 
8 63 274 385 565 603 692 696 771 
3 30 593 758 
14 17 174 233 254 401 431 453 474 608 632 703 721 780 787 
20 29 31 56 77 87 159 197 239 240 388 393 428 469 488 492 500 553 572 623 694 
12 39 76 89 91 105 138 194 235 372 481 640 771 
8 61 165 348 476 532 535 539 718 
10 86 250 287 375 434 496 532 558 607 658 
8 225 355 531 602 624 629 685 792 
7 69 109 182 316 450 578 664 
12 165 212 214 260 419 524 531 567 636 685 699 720 
13 40 200 350 400 411 417 446 532 556 653 761 762 793 
14 62 64 91 113 122 140 269 311 478 500 537 646 685 722 
8 2 21 232 357 415 603 666 716 
11 14 98 160 231 235 380 397 472 518 606 773 
10 64 150 168 187 398 425 504 592 612 777 
7 83 266 576 616 726 750 791 
12 164 179 203 217 229 243 318 481 483 601 658 669 
5 18 70 303 421 490 
8 372 415 440 457 472 559 628 730 
21 14 36 96 102 180 231 270 282 347 430 465 469 471 473 506 545 561 627 668 719 788 
8 99 120 539 551 616 710 715 725 
13 29 145 261 329 354 356 359 360 379 386 394 461 726 
13 10 184 256 292 411 434 450 451 495 501 525 659 752 
6 393 438 579 611 694 707 
8 65 100 128 219 341 434 505 734 
9 27 42 55 90 283 382 389 757 790 
9 34 68 89 273 274 427 565 700 723 
9 87 115 176 240 437 534 607 618 727 
14 89 101 130 173 204 243 478 640 660 677 686 724 742 777 
5 209 243 339 360 499 
17 0 13 26 32 41 65 139 301 397 425 499 500 536 562 589 600 753 
14 25 28 109 121 124 127 132 246 322 463 531 613 637 776 
7 20 40 271 311 408 498 513 
10 79 122 297 459 468 498 589 607 716 731 
11 7 298 422 474 504 509 528 555 670 750 762 
10 31 42 206 211 366 390 499 544 737 746 
9 51 109 137 215 221 306 397 405 490 
11 93 157 203 268 280 308 313 414 508 620 670 
8 11 274 354 507 528 591 749 757 
12 67 88 136 153 154 164 244 389 524 592 684 775 
6 17 135 393 583 659 783 
9 237 240 297 326 368 575 577 592 765 
11 133 240 273 404 436 471 504 533 568 770 797 
15 58 98 106 110 126 148 254 285 311 403 479 523 571 604 608 
7 14 175 200 619 736 738 745 
15 1 4 11 32 49 57 172 219 352 414 504 506 691 721 770 
9 70 73 126 353 376 429 476 758 785 
8 71 181 190 207 389 662 718 774 
15 1 94 103 393 417 436 551 582 668 682 728 739 757 778 784 
14 7 12 146 211 234 237 274 409 480 504 569 588 615 625 
10 44 75 160 222 379 442 631 649 731 763 
12 39 362 385 434 487 514 551 637 677 726 780 798 
11 61 90 195 259 415 421 444 503 551 602 607 
10 55 97 162 260 272 408 418 501 656 765 
11 31 57 59 115 169 207 290 358 422 554 739 
9 27 31 39 126 352 382 401 617 748 
6 128 234 395 457 733 741 
6 43 602 621 712 760 765 
12 47 88 156 213 276 410 433 526 548 549 550 676 
10 16 364 366 504 628 657 688 722 746 772 
10 97 125 186 244 274 328 479 521 625 753 
12 86 133 152 209 241 270 405 497 520 643 646 749 
10 83 103 156 195 267 270 359 466 474 497 
9 14 20 41 106 187 333 378 391 411 
3 286 324 455 
6 219 474 479 574 685 706 
7 35 197 215 306 340 607 741 
11 63 128 150 166 294 374 387 497 508 553 667 
11 89 105 149 183 283 342 459 482 637 660 774 
7 55 75 207 311 334 540 792 
11 14 47 87 271 401 438 444 595 597 598 733 
7 1 41 101 263 508 743 772 
8 271 314 333 400 402 459 470 603 
14 18 162 215 226 417 455 517 518 527 529 657 723 762 777 
4 177 356 713 786 
4 171 244 648 697 
9 85 124 371 398 599 616 618 620 674 
15 114 129 160 168 254 265 304 355 526 536 543 637 706 747 761 
14 49 65 91 116 356 442 566 571 688 696 710 762 783 797 
13 72 124 207 402 409 477 489 498 540 668 687 726 752 
9 203 259 372 414 421 454 691 698 710 
6 100 213 281 341 442 574 
11 14 138 220 404 561 597 654 689 733 738 794 
12 2 34 53 204 282 421 470 571 609 713 714 724 
4 271 517 561 766 
9 96 213 366 547 592 612 632 707 759 
9 74 85 188 228 323 371 479 509 556 
12 20 61 202 226 352 581 609 687 752 768 773 789 
10 214 259 355 412 481 495 511 555 684 738 
9 17 85 119 189 256 259 334 426 689 
5 305 592 618 772 788 
9 108 206 259 399 440 531 575 635 763 
14 7 34 158 167 201 260 352 400 536 562 590 728 747 785 
4 33 284 433 602 
11 59 171 175 199 346 351 423 455 497 611 777 
8 31 61 83 196 424 586 594 705 
8 146 160 194 513 526 704 750 798 
8 15 110 124 241 579 674 686 764 
12 58 62 133 143 279 465 510 525 538 632 694 756 
7 74 181 522 571 583 711 730 
10 86 200 215 245 255 419 487 497 526 772 
10 7 36 122 172 334 512 580 629 687 689 
9 28 245 418 482 530 551 708 727 746 
15 55 64 69 79 120 148 315 362 372 443 469 503 587 666 752 
13 10 47 227 237 333 476 483 496 608 683 692 745 792 
5 46 145 376 692 763 
7 42 143 187 265 629 749 755 
9 174 277 386 433 448 474 552 621 642 
5 116 172 193 318 496 
8 132 227 350 393 458 469 614 656 
4 69 425 526 628 
8 21 114 180 315 384 388 423 618 
13 5 48 54 82 181 226 283 313 587 591 611 654 723 
11 149 210 217 328 466 480 519 620 668 767 776 
14 3 64 67 189 348 397 430 500 635 682 721 726 759 787 
14 149 198 263 287 295 319 356 399 416 540 637 692 756 766 
6 123 141 252 284 577 629 
13 142 357 388 559 560 586 624 630 660 688 723 731 742 
8 31 55 271 394 636 711 741 774 
6 290 408 447 480 657 701 
10 65 123 208 350 431 472 504 579 744 763 
10 13 28 174 225 309 424 475 627 708 749 
8 90 150 202 323 594 642 659 726 
11 13 32 321 346 412 443 460 462 519 525 595 
15 23 100 106 109 315 328 355 405 437 441 526 570 665 679 691 
6 60 69 151 159 380 633 
6 88 96 252 328 473 592 
13 37 45 62 108 146 158 230 475 526 537 653 793 795 
13 62 67 107 116 133 145 240 402 481 554 644 769 781 
13 97 209 257 332 372 418 471 493 513 543 653 691 697 
17 59 64 150 175 253 283 394 416 521 530 574 575 579 657 663 755 788 
7 32 168 264 454 562 780 795 
12 343 346 395 420 431 444 468 483 511 665 675 727 
13 68 74 131 204 232 419 450 530 554 576 599 637 726 
11 85 200 213 225 241 246 306 329 528 534 680 
10 92 175 191 277 432 483 489 586 591 729 
7 71 123 205 240 588 653 713 
17 149 172 222 248 365 369 393 448 510 522 533 544 553 644 668 711 792 
11 14 131 132 134 152 156 398 461 608 686 701 
10 25 67 143 145 161 398 427 505 586 664 
7 44 303 306 647 670 715 730 
12 96 101 170 253 272 389 515 624 643 705 760 785 
14 211 226 243 311 334 363 458 479 504 532 573 754 773 795 
13 10 246 309 367 430 537 563 631 688 696 712 784 795 
11 110 175 282 420 515 537 639 669 774 777 796 
12 20 58 193 287 314 388 394 417 461 751 760 763 
14 86 191 279 289 297 307 356 395 429 445 515 598 715 739 
9 9 145 309 331 451 459 600 707 724 
15 15 82 322 328 366 368 388 476 528 548 581 634 647 657 761 
12 44 84 116 130 160 215 467 486 560 600 610 655 
9 124 145 188 325 364 382 478 694 723 
9 40 100 135 444 500 570 666 750 754 
6 247 525 619 686 757 777 
12 241 261 331 333 352 499 570 619 643 682 687 779 
13 81 104 154 200 391 542 558 608 659 700 714 729 754 
7 79 120 231 259 378 582 706 
13 169 176 178 220 225 293 310 314 464 650 662 666 794 
8 138 224 229 322 422 546 693 724 
5 170 255 519 722 795 
14 37 90 124 217 397 400 410 456 472 539 546 583 594 696 
10 84 144 237 251 348 381 488 528 585 737 
14 49 81 132 210 281 299 364 371 372 492 651 654 771 796 
10 40 350 370 413 490 552 596 609 613 770 
13 28 154 169 188 314 342 526 564 591 668 680 699 709 
17 34 55 60 145 165 186 216 374 438 449 462 479 533 581 622 696 751 
12 134 218 317 323 341 544 564 592 656 677 727 753 
11 46 93 128 234 257 296 312 473 509 591 648 
12 23 108 277 317 487 547 561 571 577 640 722 797 
12 15 174 299 376 403 460 623 637 682 703 753 761 
9 26 38 254 348 405 551 606 657 785 
10 46 76 139 220 258 303 407 418 440 762 
13 21 64 65 224 225 232 258 276 441 570 611 660 740 
7 349 366 402 407 482 563 737 
6 71 146 171 341 424 597 
7 138 345 403 468 539 649 687 
14 83 88 89 165 236 308 376 468 555 562 580 657 752 798 
9 20 118 239 274 591 655 701 750 778 
8 7 80 125 158 240 362 380 683 
13 4 8 74 93 140 211 248 363 366 415 611 723 788 
13 22 138 210 275 326 414 516 575 579 628 699 739 787 
5 21 85 219 336 696 
12 10 87 94 245 249 262 300 302 458 467 521 634 
10 42 84 98 165 275 330 475 535 608 624 
12 80 157 239 294 296 352 429 431 616 678 713 746 
8 204 316 370 506 581 591 619 736 
13 28 105 163 198 220 228 312 322 383 467 561 691 765 
12 199 309 316 449 568 570 573 736 740 751 752 767 
11 3 48 313 385 466 483 485 499 565 753 770 
16 10 30 42 93 166 176 322 374 429 456 530 589 604 651 687 776 
14 67 85 171 236 278 305 411 461 497 511 584 660 705 784 
10 281 347 351 393 404 413 435 482 520 531 
