870 4321
12 124 176 178 470 494 512 534 593 599 610 717 796 
10 3 32 148 256 359 561 666 780 830 860 
6 89 385 534 610 667 863 
12 1 133 144 166 187 218 352 422 587 648 808 855 
12 63 105 132 167 237 246 361 554 744 747 800 844 
14 33 204 257 318 342 404 450 472 666 709 717 779 785 839 
9 11 173 495 518 584 597 640 664 713 
7 185 359 458 523 543 729 808 
9 187 405 410 415 447 503 566 755 808 
9 35 234 240 284 306 340 355 419 691 
11 47 55 92 135 390 405 546 548 693 778 796 
10 6 45 66 154 192 202 408 617 627 866 
10 33 81 179 299 405 528 609 641 663 726 
10 42 93 170 263 362 487 522 577 691 707 
12 21 43 67 171 213 310 356 386 553 622 648 764 
7 178 186 273 349 368 583 614 
12 112 219 227 282 333 424 513 675 697 704 829 831 
6 414 542 570 573 724 732 
10 41 87 202 252 387 451 643 770 837 869 
8 338 413 547 664 712 800 852 857 
13 79 130 135 152 418 424 474 561 691 702 757 762 846 
10 14 118 179 334 389 462 495 529 727 839 
9 151 161 352 366 370 527 541 560 759 
9 73 288 403 427 439 496 523 553 611 
14 118 239 332 356 410 414 431 515 561 599 724 748 769 847 
9 58 122 163 341 502 519 733 738 830 
7 154 197 336 417 601 729 760 
7 41 55 412 596 806 820 856 
6 34 65 567 613 718 852 
10 124 140 184 224 390 411 455 664 667 759 
6 133 174 463 693 818 838 
11 138 160 188 212 238 291 467 586 719 764 826 
10 1 68 202 269 362 425 640 728 766 858 
21 5 12 49 118 159 175 241 243 256 267 292 339 342 465 495 565 575 585 711 735 806 
11 28 68 147 148 484 638 660 691 784 850 856 
9 9 69 162 458 644 703 719 749 850 
12 38 249 325 398 428 429 443 515 577 597 612 756 
8 270 332 334 403 517 641 654 837 
13 36 88 170 243 252 451 668 684 765 771 813 834 864 
6 142 147 281 419 431 477 
13 45 143 147 220 282 358 437 438 583 598 624 719 777 
11 18 27 43 221 551 556 567 607 688 696 816 
10 13 113 120 134 152 156 213 284 293 533 
9 14 41 313 361 743 785 802 804 836 
6 107 113 212 411 810 817 
15 11 40 163 172 202 328 332 388 435 561 569 647 683 726 750 
12 114 138 149 174 260 284 434 472 562 642 662 838 
11 10 69 81 211 332 380 442 523 545 643 646 
9 127 297 312 479 489 675 681 689 711 
10 33 114 319 369 434 471 694 717 755 784 
5 576 586 602 836 847 
9 161 209 210 215 263 315 320 352 733 
11 118 183 347 385 420 526 569 677 745 766 775 
8 112 269 315 356 385 652 666 820 
11 203 238 262 275 301 340 611 729 766 779 805 
11 10 27 66 159 268 272 284 485 778 824 829 
10 90 106 181 282 423 448 486 498 506 569 
9 66 205 222 375 377 622 811 843 848 
10 25 136 211 213 227 264 302 377 422 645 
13 84 246 351 358 419 426 437 540 566 602 627 675 722 
15 137 160 240 284 317 330 441 492 629 644 674 676 689 755 824 
13 148 161 177 194 325 414 425 551 586 708 814 833 861 
6 419 472 527 613 787 849 
6 4 85 348 589 599 759 
7 125 128 304 306 593 782 822 
4 28 129 566 851 
11 11 55 57 147 410 461 488 503 695 789 867 
8 14 111 256 294 583 665 777 845 
9 32 34 94 273 470 616 735 812 813 
11 35 47 148 265 318 478 493 530 596 648 676 
8 103 124 333 416 488 562 644 787 
7 229 274 416 519 532 546 685 
12 128 188 287 291 421 432 471 500 534 644 659 713 
12 23 220 249 315 364 391 457 517 537 583 728 747 
6 107 168 468 654 807 809 
8 178 272 543 634 732 792 822 864 
10 77 252 277 343 589 616 676 803 809 862 
12 76 275 285 460 537 603 678 727 793 825 834 851 
8 388 432 492 517 563 629 714 752 
14 20 84 167 205 213 237 295 302 346 488 663 738 787 809 
8 235 328 377 526 530 559 575 660 
13 12 47 155 269 344 392 434 548 652 668 716 845 867 
9 172 287 320 489 537 619 635 744 746 
9 162 198 285 297 379 579 596 713 861 
14 59 79 161 260 316 344 402 438 510 582 808 839 843 863 
6 63 116 260 383 430 553 
9 126 234 267 296 555 571 660 760 786 
8 18 379 401 525 566 614 797 827 
12 38 149 221 229 343 371 438 449 520 577 623 741 
7 2 381 459 501 662 700 708 
9 56 227 229 425 437 564 726 811 819 
6 290 352 372 475 636 848 
14 10 201 267 323 360 503 505 560 564 625 709 722 817 841 
14 13 180 282 310 328 374 443 449 580 642 662 722 750 819 
15 68 98 174 193 195 309 405 457 472 600 645 759 798 806 859 
10 151 194 200 214 230 241 436 472 790 845 
5 143 188 329 487 858 
4 308 318 348 660 
9 94 130 228 238 302 385 523 716 817 
11 223 231 259 347 428 498 722 727 812 849 864 
10 134 176 277 378 553 562 586 606 777 779 
18 199 201 245 293 334 355 372 407 408 424 464 553 664 698 722 734 752 782 
2 178 757 
13 70 213 245 275 279 364 497 588 591 628 806 809 826 
9 264 363 479 528 534 638 661 782 802 
8 4 176 223 299 417 590 790 791 
11 56 156 227 309 343 387 488 495 544 679 847 
13 44 74 198 208 376 532 604 616 657 659 709 740 742 
9 246 257 309 518 617 727 729 742 866 
8 160 221 357 398 456 636 748 818 
10 199 205 251 252 320 340 439 631 708 794 
15 67 211 295 338 339 365 380 411 502 570 674 685 764 808 814 
9 16 53 146 404 681 775 826 833 838 
12 42 44 117 131 188 231 309 318 475 661 746 798 
8 46 49 369 520 597 679 747 807 
5 116 217 301 500 575 
14 85 115 127 134 169 303 395 573 590 639 643 657 763 853 
15 113 118 162 212 323 363 418 443 450 501 691 707 730 825 861 
13 21 24 33 52 117 231 239 428 562 585 705 782 851 
10 211 332 491 498 513 520 597 675 749 810 
6 42 219 300 453 506 816 
4 231 340 374 428 
12 25 157 258 282 320 410 558 643 649 663 709 837 
10 260 390 418 452 626 663 701 742 779 796 
10 0 29 70 165 255 312 721 742 793 805 
9 64 170 313 567 587 591 604 720 753 
6 86 138 184 311 675 847 
11 48 116 232 282 326 398 535 600 676 816 817 
8 64 72 263 358 529 567 599 641 
9 65 132 231 243 413 519 641 653 813 
12 20 98 251 288 310 357 491 566 577 665 716 806 
15 113 134 155 168 174 273 320 424 433 451 560 598 620 813 848 
5 4 129 199 662 800 
8 3 30 161 163 408 548 783 807 
16 42 100 116 131 147 179 265 437 452 474 551 602 756 785 800 808 
10 10 20 262 285 326 376 507 765 838 864 
5 58 165 167 403 684 
8 60 220 456 572 634 681 790 833 
11 31 46 126 237 379 440 462 553 644 739 805 
11 216 270 288 292 308 332 422 442 690 747 869 
12 29 234 263 288 406 508 532 560 586 642 760 778 
9 192 256 261 342 449 580 599 699 753 
6 39 227 346 348 405 494 
5 40 96 224 321 738 
6 3 165 224 377 785 857 
4 332 356 404 681 
22 112 162 164 373 418 425 433 453 456 499 521 522 546 547 576 623 638 715 731 741 779 808 
13 34 39 40 66 134 352 410 577 599 777 782 865 867 
9 1 34 61 69 313 396 467 563 564 
10 46 88 352 404 536 558 578 707 781 795 
6 172 331 439 501 540 586 
9 22 95 295 373 524 672 683 760 846 
8 20 42 323 329 430 625 781 837 
9 187 231 370 409 635 646 687 739 763 
9 11 26 181 338 390 430 587 674 823 
13 81 131 232 285 320 472 480 540 619 664 796 829 854 
9 42 106 177 227 255 258 299 328 561 
7 122 161 245 477 733 771 800 
10 260 279 281 325 338 378 574 619 657 807 
11 33 55 178 205 270 324 458 496 647 704 797 
8 31 60 109 193 315 358 585 679 
11 22 51 61 84 133 157 173 277 389 840 860 
15 35 83 117 146 260 315 334 413 512 526 546 621 707 730 856 
18 25 45 133 380 463 472 477 506 512 527 534 537 648 675 681 728 739 853 
10 146 244 338 342 400 444 557 582 601 631 
11 124 136 144 243 336 517 654 717 724 729 797 
8 3 172 188 265 289 385 429 765 
12 4 79 136 189 311 371 434 639 673 674 726 751 
11 74 131 245 253 406 436 454 627 707 806 857 
10 116 180 262 389 456 503 513 626 784 798 
14 13 38 125 242 298 339 389 413 422 509 591 750 806 847 
8 14 436 473 475 521 715 821 858 
13 45 82 150 166 296 390 431 502 673 821 823 849 852 
12 6 161 186 235 273 318 364 412 554 599 626 770 
12 30 46 94 131 367 466 485 559 813 837 849 850 
14 33 274 315 398 420 479 491 537 558 619 646 680 841 848 
10 0 100 105 210 230 280 508 776 812 824 
15 61 156 189 308 324 355 415 436 454 493 525 627 705 862 866 
10 0 15 75 102 159 238 304 320 448 650 
7 12 21 134 619 661 696 745 
15 93 169 237 239 289 323 444 474 582 604 613 638 639 668 794 
13 56 154 329 401 426 567 608 632 642 710 745 771 793 
5 201 232 451 623 792 
7 52 254 372 388 528 531 534 
8 29 126 280 316 581 725 781 789 
5 7 374 766 780 823 
11 15 173 248 285 371 447 477 511 568 677 847 
9 3 8 153 231 400 634 667 718 861 
10 31 72 96 113 166 609 669 751 753 826 
12 167 177 193 222 371 395 499 518 521 608 725 745 
8 237 258 263 366 433 440 673 818 
8 206 213 390 566 656 684 828 829 
7 11 141 229 238 509 775 815 
9 94 160 189 227 269 294 324 426 677 
7 61 95 295 688 723 784 811 
5 94 432 460 638 845 
12 231 346 445 499 521 528 605 654 745 761 854 856 
11 26 252 253 396 437 457 542 561 629 635 824 
12 83 107 241 295 417 431 433 447 542 606 699 782 
18 101 110 132 225 227 300 307 369 381 441 465 494 611 748 772 807 834 837 
9 95 210 268 306 431 450 540 613 767 
15 92 101 182 216 315 366 436 443 458 544 678 704 721 741 746 
15 11 18 32 45 270 309 384 388 427 546 599 656 719 740 770 
8 54 258 329 388 426 650 847 856 
4 5 206 444 487 
10 57 79 110 159 254 328 364 577 595 610 
8 191 204 240 251 379 715 773 802 
12 214 384 465 529 568 582 594 627 664 712 731 737 
6 107 319 358 503 683 810 
7 51 372 445 573 618 765 831 
19 51 176 200 239 314 360 443 447 469 530 549 558 596 597 606 617 659 815 832 
11 47 58 111 119 363 408 431 682 721 804 820 
10 31 44 117 351 393 605 746 750 779 864 
10 14 42 58 79 103 191 318 474 815 823 
7 95 207 272 371 425 585 705 
6 51 546 603 721 759 842 
8 139 201 560 724 770 785 857 861 
6 115 251 368 549 674 792 
12 3 344 356 372 375 483 500 530 543 619 693 866 
11 16 120 250 440 542 681 739 746 813 815 837 
10 40 73 137 280 286 301 310 474 743 829 
10 41 88 109 483 712 726 763 771 808 849 
9 57 189 224 291 300 474 573 827 828 
11 99 105 302 309 462 474 516 574 631 679 696 
9 29 143 144 222 283 669 676 758 807 
10 199 293 350 440 463 589 625 773 843 845 
10 235 247 406 453 469 642 647 788 836 847 
11 16 58 90 106 142 156 193 199 237 311 658 
10 98 287 397 503 564 674 772 782 814 830 
7 71 88 90 192 294 365 739 
11 95 176 232 367 371 452 546 589 603 653 784 
14 99 113 118 121 129 153 187 196 233 318 386 567 691 773 
9 127 155 182 230 235 519 653 699 707 
9 231 315 349 365 467 536 612 652 813 
8 9 86 140 492 591 616 721 766 
12 80 173 226 232 273 283 299 571 635 640 778 848 
7 252 422 433 483 720 814 858 
18 4 79 138 180 190 227 270 295 341 643 644 647 725 759 787 790 807 813 
11 31 54 98 178 192 341 415 425 681 781 840 
15 24 118 180 210 267 305 386 398 557 569 574 615 673 738 765 
8 9 60 206 418 450 498 690 844 
6 33 95 198 437 533 537 
10 170 366 410 544 560 596 604 643 675 753 
14 33 38 129 165 307 350 378 381 596 691 698 796 804 839 
10 164 270 337 469 478 514 524 540 640 858 
12 101 103 157 168 251 274 442 514 586 677 690 826 
7 4 59 108 292 340 548 849 
6 226 292 303 364 374 774 
10 186 276 313 339 401 733 739 809 825 831 
7 36 73 344 461 565 686 792 
5 219 294 640 715 795 
15 110 130 206 217 245 322 348 369 401 644 648 666 745 755 815 
12 18 38 76 110 197 236 255 335 412 426 856 861 
9 168 197 299 402 458 498 534 551 697 
10 183 205 259 347 357 361 466 471 749 803 
11 124 156 252 344 346 423 472 645 696 861 868 
11 1 33 67 141 259 273 298 726 736 820 856 
5 5 108 381 626 832 
11 122 156 190 203 287 293 498 637 737 793 863 
10 99 254 256 423 459 524 564 659 717 766 
13 46 84 85 123 158 162 314 521 618 745 789 818 844 
8 141 380 464 485 587 691 755 778 
8 54 135 169 304 362 495 505 848 
10 13 51 128 140 190 356 369 390 562 568 
6 58 104 285 716 721 773 
11 69 134 166 269 400 404 480 537 570 664 693 
8 268 293 331 396 518 570 690 765 
9 33 86 92 239 280 460 523 667 866 
15 55 200 266 294 302 352 434 500 536 574 645 692 721 794 819 
9 32 53 81 193 265 419 524 631 796 
14 37 139 159 202 237 244 338 474 545 548 573 752 760 837 
6 401 423 562 575 659 726 
8 55 75 214 321 490 606 679 686 
11 15 68 131 173 235 256 304 393 542 700 860 
8 71 175 245 368 535 704 724 759 
12 54 77 103 346 482 517 640 832 843 860 863 869 
4 248 447 489 811 
16 76 100 161 377 474 523 526 546 553 593 616 675 739 790 825 831 
8 286 516 603 701 722 747 800 844 
12 103 158 397 403 428 546 594 615 620 658 856 868 
10 176 184 220 267 309 398 444 525 627 765 
6 39 158 327 425 612 849 
12 16 40 56 93 122 127 426 446 511 578 611 699 
8 224 235 372 434 662 670 775 825 
16 9 42 46 55 60 338 345 352 423 500 525 546 589 648 762 821 
15 77 83 135 155 186 264 541 591 627 669 743 757 798 812 861 
6 220 278 408 497 500 804 
13 72 82 228 258 298 402 465 527 563 688 706 742 788 
11 23 130 139 140 480 578 653 685 731 849 858 
8 166 180 478 484 485 523 621 860 
8 91 340 566 601 636 685 702 818 
8 31 72 222 386 573 602 818 834 
13 33 139 246 247 381 410 600 607 612 709 773 802 822 
13 42 101 225 258 266 401 402 442 481 636 685 759 865 
14 67 193 229 250 268 426 435 506 513 641 761 816 825 846 
16 79 111 151 194 198 237 341 446 451 453 505 538 576 607 654 822 
11 86 172 453 458 471 483 506 568 575 611 659 
8 48 83 366 493 537 734 787 832 
11 170 256 287 316 445 473 476 546 562 571 845 
9 12 105 156 235 253 372 388 534 563 
7 120 199 222 496 508 541 861 
9 54 115 220 323 484 679 750 773 785 
14 58 79 98 223 268 385 440 443 608 610 626 673 783 849 
8 116 247 327 410 434 563 612 641 
11 64 178 262 273 402 418 457 566 574 619 698 
7 239 481 593 610 686 692 771 
10 9 64 200 363 376 405 457 469 557 795 
13 199 243 317 348 353 552 580 581 583 590 673 802 858 
9 97 139 177 412 514 540 567 746 792 
11 94 106 108 113 202 223 280 530 548 683 829 
10 14 93 130 220 559 602 677 693 743 860 
14 126 167 227 331 333 370 609 662 721 775 790 794 796 825 
5 48 124 522 586 703 
10 43 125 148 248 381 383 564 652 722 744 
6 210 260 471 490 496 796 
15 51 53 73 160 162 175 201 233 493 494 630 631 642 779 809 
10 84 184 298 359 438 453 580 636 682 805 
5 60 307 437 440 703 
26 5 69 97 113 173 213 231 320 356 358 368 370 438 439 444 487 568 591 667 695 708 710 715 765 780 787 
14 49 208 425 485 491 499 506 531 543 604 617 630 635 869 
12 51 82 110 122 131 155 178 318 534 686 844 857 
8 143 272 361 544 556 581 633 679 
7 251 462 481 572 626 741 793 
8 92 117 152 180 301 441 796 848 
7 159 177 193 615 674 689 760 
8 36 61 158 447 616 752 796 831 
6 127 135 542 559 646 729 
10 281 303 419 634 699 722 759 803 846 855 
11 45 80 93 156 205 572 672 717 823 831 867 
13 96 152 181 203 382 404 430 503 537 653 674 726 807 
4 60 345 379 451 
9 150 266 311 357 456 467 491 624 754 
7 24 37 45 47 119 139 145 
11 16 70 311 337 464 525 559 678 699 787 809 
12 21 37 101 162 365 375 467 558 652 752 864 865 
6 252 393 509 520 735 745 
7 26 165 343 395 460 779 798 
8 244 333 342 492 570 662 691 754 
19 19 111 154 158 164 270 284 369 371 519 573 740 748 758 772 776 779 786 789 
8 33 111 170 248 461 462 470 592 
11 9 54 110 121 246 290 401 450 584 596 609 
12 25 237 238 295 361 367 380 489 514 519 572 625 
14 5 33 141 164 337 371 434 441 547 590 596 715 794 812 
11 76 88 106 336 435 457 458 504 566 578 857 
12 81 84 218 249 255 386 437 523 708 740 831 860 
10 284 330 379 406 480 610 612 617 626 740 
12 79 142 196 255 275 380 434 446 457 570 697 782 
7 52 99 254 577 699 819 837 
13 63 97 142 251 307 392 521 669 694 703 708 745 864 
8 15 233 444 484 495 584 795 859 
6 225 243 487 622 625 745 
5 59 212 589 743 814 
15 3 22 51 91 147 149 268 284 368 403 416 513 720 754 807 
9 307 360 437 441 488 553 577 586 633 
6 455 525 579 683 750 818 
12 9 101 177 505 512 582 601 694 749 829 847 869 
15 14 24 53 145 218 263 318 622 639 652 678 749 793 804 858 
6 109 130 254 331 620 684 
13 40 59 128 160 208 318 364 465 530 665 732 741 745 
6 1 7 316 418 707 786 
6 92 210 353 367 561 784 
9 4 43 254 321 341 419 781 783 825 
9 13 32 262 364 415 539 648 693 707 
8 104 117 211 306 436 585 671 689 
15 73 103 173 205 247 358 362 394 416 451 512 526 613 781 849 
6 111 229 233 334 737 822 
10 22 190 201 242 297 525 597 604 628 757 
12 174 230 341 360 390 398 463 611 669 689 715 763 
9 15 217 274 318 352 528 757 772 798 
12 49 114 199 251 263 338 405 516 523 572 754 757 
9 22 153 311 318 433 596 699 772 808 
19 88 167 186 189 214 230 338 342 451 466 492 661 711 758 766 804 819 823 854 
13 91 101 183 209 218 283 299 434 436 462 506 510 831 
11 146 151 383 482 537 603 651 664 758 804 841 
12 93 121 185 247 480 624 685 765 775 785 864 867 
9 57 218 334 415 442 510 517 538 667 
15 107 135 306 381 474 475 518 536 561 605 629 742 752 756 849 
11 57 58 80 144 277 429 536 584 687 844 865 
11 100 158 243 620 639 644 654 739 767 770 853 
9 83 87 138 206 330 345 388 409 443 
11 47 111 163 261 341 346 435 463 581 618 729 
11 89 199 243 257 292 313 376 406 656 703 813 
7 329 468 571 653 702 759 784 
10 85 313 373 411 439 442 443 581 816 839 
12 202 207 399 495 511 634 682 699 716 751 784 822 
13 2 52 53 98 166 302 426 433 562 570 620 628 815 
8 14 231 239 291 344 737 818 841 
9 18 106 433 536 546 645 663 682 865 
11 45 78 183 202 203 299 379 454 617 769 783 
11 21 161 169 170 433 461 464 512 572 696 793 
17 10 29 123 154 172 191 263 367 463 483 563 608 626 633 642 676 843 
3 73 582 601 
6 81 348 455 511 801 820 
6 212 273 335 521 664 667 
3 364 496 779 
5 116 189 336 403 575 
10 148 197 266 496 553 605 689 709 841 847 
3 228 279 836 
14 36 109 127 175 239 280 367 448 465 595 694 702 710 811 
5 384 508 644 820 869 
9 164 187 265 416 427 502 592 634 676 
11 87 181 248 251 271 293 340 421 505 580 692 
6 84 253 287 293 304 676 
13 23 37 136 279 352 395 500 530 542 629 651 801 822 
14 5 112 145 149 265 329 483 521 624 653 677 809 844 854 
11 8 10 12 94 142 306 369 429 493 765 866 
11 140 168 226 345 381 476 586 603 620 803 835 
8 101 441 459 493 500 688 756 813 
9 11 101 133 211 286 435 806 819 825 
10 153 379 414 508 513 595 675 738 751 775 
14 8 24 66 122 147 242 292 303 622 766 774 786 847 868 
10 29 44 111 383 427 451 482 574 646 694 
6 27 173 252 308 512 787 
10 19 129 162 170 431 602 613 676 743 820 
13 17 24 61 409 424 498 561 599 624 663 668 776 810 
9 8 177 238 362 375 437 451 557 754 
14 70 71 352 364 400 448 573 595 661 675 735 766 799 855 
9 26 105 198 448 454 581 644 669 757 
15 20 117 123 146 240 304 359 441 567 577 641 693 706 777 814 
17 9 39 59 62 269 327 361 426 498 500 532 538 545 594 656 666 807 
5 52 175 634 686 753 
8 72 401 425 481 610 642 696 776 
7 3 58 139 170 236 612 851 
8 56 255 259 271 284 661 801 853 
13 16 20 101 131 414 506 531 567 577 641 731 770 835 
15 32 61 90 146 214 238 281 319 421 508 522 698 730 760 773 
15 59 181 193 203 252 282 294 385 419 460 627 661 732 774 865 
6 23 202 400 411 498 661 
14 36 99 118 121 279 631 703 712 722 733 747 804 831 863 
12 36 166 377 405 480 489 520 549 602 705 751 868 
8 85 152 154 329 445 486 575 811 
11 24 39 172 198 200 211 413 494 532 785 862 
11 72 78 195 501 510 553 595 703 740 807 812 
11 131 146 190 198 236 370 385 387 389 438 519 
16 46 49 81 167 268 283 303 342 346 372 461 643 730 734 844 862 
9 45 294 343 380 408 467 512 561 648 
12 95 168 171 177 201 363 372 440 638 689 764 794 
13 40 59 90 134 197 241 317 344 353 415 461 545 786 
10 40 84 88 316 318 433 458 570 718 761 
12 23 110 150 318 383 567 588 629 669 774 788 807 
15 138 190 219 225 302 317 436 466 500 662 692 739 755 762 828 
11 60 199 323 342 353 407 418 494 591 769 840 
10 47 139 245 293 375 383 565 634 666 796 
10 36 93 117 201 210 302 379 383 572 704 
8 164 180 204 280 318 349 633 783 
9 196 209 298 430 506 676 708 727 791 
8 282 295 346 670 689 709 727 778 
13 8 186 198 210 276 325 455 491 526 593 618 856 866 
10 56 178 398 416 417 699 718 731 768 837 
18 88 93 141 480 487 513 524 551 567 605 641 687 697 750 778 798 860 867 
8 5 117 200 240 340 559 599 641 
14 18 38 131 182 295 330 364 371 411 415 538 634 652 842 
11 123 134 230 493 576 622 670 675 718 724 789 
9 120 146 226 295 296 316 463 656 714 
10 168 177 388 417 562 634 715 756 780 791 
15 29 354 392 447 467 521 551 557 671 693 700 753 768 834 853 
7 109 137 146 169 331 603 743 
12 73 94 197 304 306 343 346 469 535 558 585 861 
18 7 35 159 201 253 296 343 438 528 529 562 632 642 732 767 778 815 863 
9 89 259 407 511 572 650 704 795 853 
9 77 195 267 336 426 535 566 807 813 
7 66 249 339 389 434 437 830 
8 21 138 223 322 339 372 492 555 
13 30 163 225 367 380 390 453 465 500 507 549 568 690 
11 101 261 333 389 468 517 583 616 645 740 749 
11 33 199 207 287 358 398 463 492 515 813 822 
6 174 254 371 440 501 623 
10 31 148 233 331 334 435 455 521 689 748 
8 74 382 464 515 550 655 699 719 
9 210 226 244 306 457 532 663 751 779 
7 0 68 339 514 694 785 798 
12 49 72 254 296 314 570 571 585 656 750 754 756 
11 5 46 62 94 95 155 163 255 476 584 725 
7 171 298 488 556 670 775 798 
14 20 134 180 213 220 222 223 270 277 376 631 669 820 849 
8 91 113 171 376 499 671 752 796 
6 298 406 472 587 632 662 
4 39 157 163 186 
5 69 244 289 507 554 
7 48 104 175 766 786 812 824 
12 155 265 288 345 374 429 449 511 658 687 724 866 
7 293 305 322 421 541 787 788 
6 275 373 411 593 777 790 
10 218 221 236 296 390 404 510 534 563 836 
9 34 289 301 349 582 594 609 689 718 
8 55 174 261 289 319 629 674 747 
4 56 430 547 611 
10 13 96 204 318 350 449 548 650 665 731 
13 66 70 79 106 353 473 548 711 762 763 766 844 848 
12 48 82 276 341 429 634 636 643 735 788 798 858 
8 272 314 598 628 698 732 760 763 
10 119 130 175 319 331 447 680 734 751 785 
15 60 78 234 337 371 462 465 530 598 665 693 721 722 758 819 
9 69 177 297 315 405 407 452 592 832 
7 0 142 199 315 431 441 645 
16 6 21 33 106 262 349 384 499 620 641 675 692 730 755 785 789 
12 23 159 300 314 394 396 681 725 804 842 864 866 
2 103 286 
12 56 99 119 240 253 258 414 419 427 556 620 809 
10 146 189 196 319 475 495 702 712 726 845 
16 72 115 218 268 284 286 403 407 419 440 463 508 654 736 756 814 
9 89 117 150 432 466 563 765 838 854 
10 25 111 172 400 522 600 653 660 848 861 
10 8 66 92 169 208 228 329 782 841 857 
2 343 775 
11 92 262 295 355 401 527 750 757 770 852 856 
14 56 120 163 294 296 319 372 424 445 675 765 818 844 862 
8 135 463 478 536 542 684 738 811 
13 140 176 300 399 409 425 500 540 612 653 675 745 746 
5 170 192 335 653 806 
10 84 372 375 432 483 571 612 731 750 862 
6 186 282 384 392 459 480 
11 0 162 163 355 364 389 412 435 525 574 715 
12 16 119 169 294 352 409 449 716 731 768 780 866 
9 244 245 308 341 470 588 706 746 754 
9 24 36 465 468 644 686 748 757 857 
8 223 278 369 595 635 652 733 822 
11 37 73 78 165 275 375 464 644 780 795 867 
9 6 108 189 266 376 535 637 732 776 
14 25 71 129 232 338 341 433 609 639 662 729 830 858 861 
10 88 114 119 335 429 559 663 703 768 845 
12 146 171 189 196 260 348 393 404 455 467 656 690 
7 13 146 312 425 502 789 847 
12 7 23 47 98 267 277 289 344 369 688 708 762 
8 151 244 259 269 449 665 685 740 
15 87 177 280 284 333 354 366 512 562 581 616 627 735 786 824 
9 52 80 162 277 364 447 628 802 817 
12 22 62 163 287 505 562 568 639 654 705 716 795 
11 12 104 183 196 368 458 642 734 754 833 842 
10 21 128 207 458 633 680 760 763 828 835 
11 69 80 210 218 309 358 403 492 598 709 813 
8 183 319 424 539 613 671 714 826 
10 71 107 140 419 431 469 630 686 695 853 
3 42 241 637 
12 0 2 72 104 163 183 253 299 320 483 757 850 
8 127 274 457 460 518 561 746 869 
8 149 233 268 376 377 387 507 641 
15 73 77 82 163 175 241 265 297 329 373 542 604 645 783 819 
11 295 375 419 451 566 588 615 626 716 727 761 
4 362 531 638 743 
9 59 150 155 200 244 308 508 654 730 
7 22 285 300 481 657 672 734 
15 17 197 198 219 273 326 403 507 537 622 727 743 781 809 826 
5 7 75 218 319 816 
8 106 201 242 321 668 714 738 820 
9 47 270 419 437 551 600 805 829 844 
16 10 71 146 162 202 215 230 277 279 284 298 387 568 732 751 798 
8 19 146 342 486 584 586 639 644 
10 10 81 133 246 270 309 487 488 671 757 
5 210 217 429 463 769 
4 468 552 669 834 
12 41 61 134 253 449 455 545 552 708 712 781 783 
9 307 550 551 572 581 677 685 756 863 
18 14 23 85 100 101 138 277 353 396 432 590 612 666 695 708 751 763 847 
4 4 173 478 841 
2 86 462 
9 41 321 473 498 601 689 763 768 842 
5 164 239 306 415 455 
9 122 149 175 210 334 457 604 637 847 
12 80 174 310 326 333 450 520 632 706 750 812 852 
10 22 92 131 140 216 242 646 682 691 764 
14 1 20 24 45 156 197 360 376 414 435 535 668 675 747 
19 46 70 100 118 263 271 298 385 454 458 525 527 608 668 715 738 745 858 864 
10 78 148 287 299 303 390 483 501 582 633 
7 90 92 148 228 259 313 820 
6 33 249 442 616 637 750 
13 8 59 65 87 130 191 290 304 343 460 538 620 710 
14 28 41 125 128 181 231 308 418 424 439 449 621 671 678 
10 186 207 263 296 318 463 527 546 569 574 
7 45 52 56 239 568 625 803 
13 17 111 265 266 337 346 385 438 471 571 593 756 771 
10 86 235 298 382 471 510 570 579 680 713 
13 137 322 328 341 369 389 443 459 552 683 771 783 860 
11 17 116 209 222 270 291 338 416 672 706 795 
8 158 223 239 268 304 411 512 568 
11 33 80 115 271 296 395 430 730 740 757 759 
8 50 146 295 452 589 727 761 823 
17 13 36 88 130 147 205 347 353 418 424 641 646 700 734 743 804 817 
6 149 282 288 343 694 843 
9 83 354 571 603 735 754 800 846 847 
7 93 141 307 316 401 659 809 
9 184 307 321 380 383 417 525 552 713 
11 84 164 180 207 355 391 484 563 671 702 849 
11 15 40 67 73 307 464 669 728 741 745 829 
11 6 340 349 377 472 547 676 697 796 847 857 
13 33 118 160 214 363 457 471 596 635 668 677 690 846 
14 31 50 61 100 140 150 245 312 353 406 547 703 725 764 
7 3 125 154 261 476 737 852 
4 103 439 514 538 
11 63 76 225 230 284 351 576 635 673 749 784 
10 105 116 307 342 553 676 778 787 849 866 
12 103 125 170 234 285 318 441 597 629 639 775 811 
6 339 400 493 655 720 757 
11 0 64 277 305 447 482 570 607 646 801 860 
8 207 279 419 484 610 669 670 740 
8 205 398 409 416 432 516 666 760 
12 27 69 83 210 242 243 340 342 370 585 718 809 
12 6 36 114 119 210 366 591 602 670 694 710 753 
10 40 131 490 492 530 667 749 760 817 855 
12 0 24 63 128 141 147 173 202 414 450 831 850 
7 94 127 292 502 545 700 854 
8 26 164 290 355 391 556 604 764 
11 50 59 134 291 310 413 429 597 710 725 825 
13 77 215 230 278 373 406 456 579 636 698 734 790 868 
9 107 125 180 242 319 366 537 558 601 
9 196 212 376 396 449 613 686 713 821 
5 100 198 210 272 837 
4 41 292 295 593 
7 181 189 302 390 562 657 741 
10 12 188 311 340 484 519 678 737 748 826 
12 0 2 205 302 305 345 421 594 669 763 824 829 
9 23 54 199 282 296 367 486 613 705 
13 36 233 281 292 303 345 422 508 510 553 657 702 860 
11 28 62 180 200 364 413 531 605 611 840 841 
6 15 87 669 731 753 756 
4 239 279 324 538 
12 68 76 107 234 277 325 464 525 565 619 740 864 
8 11 108 210 319 345 388 809 858 
5 209 260 380 447 841 
13 82 155 158 175 179 218 304 616 670 779 781 796 799 
11 131 279 357 378 385 406 495 498 566 668 814 
6 162 289 567 631 649 672 
7 14 57 350 356 410 452 542 
5 88 146 182 466 815 
6 40 331 374 404 414 689 
8 92 152 225 341 350 569 691 828 
10 123 169 173 257 302 322 345 390 538 859 
15 11 59 168 177 207 280 285 426 525 661 687 714 723 799 805 
9 103 366 385 490 526 673 767 811 846 
14 60 78 197 376 403 439 485 591 630 631 659 662 702 751 
6 315 319 532 629 844 860 
15 110 164 223 269 315 428 474 621 629 676 710 757 800 809 844 
5 181 458 476 559 855 
11 321 353 390 444 529 563 647 650 736 758 784 
15 75 137 187 327 384 400 420 442 451 454 489 662 740 821 832 
10 82 153 197 235 319 516 585 589 676 795 
8 91 109 290 293 316 489 603 860 
5 258 518 533 558 565 
10 34 104 146 180 195 436 539 652 711 725 
11 116 167 180 356 378 519 527 547 591 679 803 
7 6 32 235 244 250 275 697 
13 12 37 128 129 294 303 418 424 449 450 495 536 577 
10 46 93 140 181 226 315 390 421 458 528 
12 18 47 116 122 237 242 434 489 659 691 767 805 
14 35 60 70 72 138 237 251 378 399 417 515 517 547 762 
8 58 94 255 268 387 464 494 537 
11 47 153 175 326 411 560 577 593 653 675 722 
8 45 159 226 237 633 651 689 799 
10 3 14 69 163 251 284 362 435 678 786 
2 122 621 
5 178 203 459 487 633 
5 373 403 647 786 866 
11 53 81 233 313 334 356 451 516 638 786 833 
14 129 230 232 288 329 382 404 502 508 509 646 680 828 852 
11 37 74 165 196 295 378 500 527 540 752 767 
3 468 592 663 
11 191 202 381 419 453 471 521 674 714 826 868 
9 107 116 158 541 608 612 799 855 862 
5 227 279 480 736 823 
14 72 107 210 259 271 296 580 629 643 708 747 808 818 866 
6 34 80 86 97 502 661 
12 104 113 179 371 416 423 426 427 627 660 691 717 
13 46 89 93 132 283 311 337 440 476 519 629 634 857 
13 12 79 122 123 387 414 469 520 655 701 754 820 836 
12 6 19 29 101 155 207 265 373 393 702 718 835 
6 67 130 358 487 492 524 
10 1 5 53 251 419 442 553 595 786 831 
11 2 29 187 267 318 375 393 598 699 718 766 
11 38 81 180 414 544 561 562 585 620 800 809 
16 188 224 285 348 367 417 439 474 550 583 594 610 614 708 757 769 
12 283 446 452 473 594 597 619 675 694 772 777 867 
8 363 455 475 531 548 567 582 739 
9 151 328 541 573 621 690 751 814 863 
10 167 172 190 239 302 307 589 628 691 794 
12 60 111 154 167 217 228 324 329 485 656 747 805 
19 16 48 59 119 126 163 242 277 409 416 452 495 506 508 561 646 670 710 772 
17 60 69 76 127 224 390 400 402 413 445 584 590 631 635 742 798 858 
8 52 186 193 245 310 404 552 585 
7 77 201 333 356 567 609 648 
12 106 114 160 223 272 301 321 639 770 814 840 867 
9 175 491 529 571 653 702 728 741 768 
8 48 112 137 145 163 219 238 496 
8 211 316 384 387 560 776 830 858 
9 45 151 208 309 354 572 724 799 819 
7 38 136 191 357 507 783 864 
10 71 111 288 290 293 374 524 552 757 772 
11 249 272 305 320 420 515 532 605 761 810 844 
6 153 377 449 480 627 746 
7 41 194 287 407 523 723 797 
15 48 60 324 363 367 396 436 446 467 484 556 624 647 700 757 
11 139 240 245 266 463 521 585 672 746 786 795 
18 9 13 20 34 117 231 243 261 337 560 625 643 661 673 697 711 815 858 
6 268 305 401 440 495 761 
11 10 30 218 265 310 362 418 455 492 761 793 
12 49 348 355 398 411 470 578 597 670 721 807 811 
4 66 318 532 553 
7 41 179 223 255 389 421 715 
9 16 253 346 449 584 640 691 818 863 
9 101 243 304 425 490 603 718 778 832 
15 141 198 232 282 327 333 347 370 384 448 468 667 751 780 818 
8 89 273 455 577 600 689 826 828 
5 123 278 663 797 828 
11 20 290 382 398 499 582 612 629 664 680 769 
11 35 312 317 348 381 428 432 520 586 711 834 
8 16 159 201 274 443 459 819 864 
9 118 177 214 429 527 611 811 833 856 
5 287 418 514 559 573 
14 13 117 149 162 168 232 359 362 724 763 769 791 824 852 
16 61 89 110 318 344 348 445 523 551 553 659 669 735 797 825 847 
9 5 92 107 122 292 396 446 530 840 
9 181 318 398 566 597 602 631 675 810 
9 33 48 371 488 638 691 703 839 840 
8 19 207 221 428 499 551 815 857 
8 6 72 83 571 581 605 804 865 
7 78 453 531 544 627 656 854 
13 146 171 206 250 318 342 367 454 512 562 696 741 809 
8 81 98 130 264 384 513 527 538 
7 0 5 49 165 259 328 661 
13 28 187 438 448 452 484 596 664 667 698 759 774 864 
5 31 35 40 202 468 
6 125 236 352 592 777 812 
13 124 201 211 215 234 264 268 311 492 694 800 811 869 
13 59 92 93 99 101 278 313 327 428 492 646 795 846 
3 194 627 688 
12 17 24 165 216 274 452 480 683 707 760 777 837 
11 184 189 237 472 496 586 602 638 763 782 830 
9 12 45 90 167 221 256 271 329 499 
12 21 77 99 108 445 446 538 542 576 786 798 822 
6 32 73 163 583 680 848 
8 7 26 54 108 165 326 380 519 
10 117 162 425 434 495 540 575 799 840 869 
10 146 207 288 424 448 487 510 513 614 795 
9 17 75 358 426 458 490 518 546 779 
7 25 51 157 248 428 516 758 
10 101 297 434 491 528 541 577 603 749 820 
8 33 68 335 416 489 525 579 708 
5 256 500 633 658 824 
9 207 258 365 386 587 609 767 777 788 
11 25 79 143 239 409 507 544 562 753 821 855 
10 138 153 163 219 229 248 277 378 440 671 
12 107 202 338 344 345 432 464 524 575 594 616 634 
11 88 146 201 322 358 583 608 680 715 780 845 
9 107 108 123 124 287 376 676 754 844 
12 43 220 285 310 351 413 456 539 542 577 765 766 
3 4 82 313 
15 52 179 181 189 196 251 260 335 348 350 358 508 562 583 843 
14 82 113 201 212 219 308 508 514 535 687 690 788 790 842 
12 4 73 114 139 278 428 485 561 659 674 791 828 
8 24 109 199 338 467 515 609 839 
10 35 119 254 355 356 464 589 598 734 822 
13 45 93 170 212 301 354 449 471 505 510 559 565 751 
14 167 188 384 409 429 469 491 546 553 629 672 699 750 859 
9 78 101 270 325 334 376 475 654 844 
9 125 141 188 242 420 455 597 614 738 
11 331 337 352 369 415 471 514 528 579 663 742 
7 8 49 60 251 261 440 495 
11 36 134 376 407 454 471 500 552 570 614 775 
18 20 102 285 366 368 369 417 505 515 534 548 575 592 631 669 685 689 772 
11 224 338 371 373 492 633 733 766 782 817 846 
15 22 29 63 94 215 237 274 293 327 382 575 718 789 798 807 
13 26 86 140 151 270 324 425 490 529 595 598 724 794 
9 196 294 438 538 576 686 692 693 785 
7 20 284 440 488 523 644 820 
12 116 153 221 367 488 490 529 553 556 610 707 725 
8 14 31 111 436 560 586 601 790 
14 38 135 166 209 239 266 280 318 374 405 501 506 743 817 
14 32 52 54 185 234 259 371 410 416 479 488 667 743 758 
7 200 378 458 628 643 654 737 
7 448 455 513 520 556 680 856 
8 24 388 441 549 669 702 707 827 
11 18 173 202 216 378 424 505 679 794 808 842 
7 38 157 181 221 305 570 572 
10 199 228 338 368 370 670 675 685 757 833 
9 206 225 231 264 292 301 425 848 857 
7 247 410 426 439 718 809 852 
11 52 112 192 283 311 374 409 473 504 591 756 
7 176 338 414 421 518 682 847 
11 40 67 100 147 418 482 670 720 724 737 787 
12 10 55 140 235 261 446 449 458 590 698 841 862 
13 5 54 100 123 146 212 315 336 338 394 469 619 732 
8 1 185 318 454 513 517 699 741 
10 149 152 184 238 361 364 542 551 619 833 
14 64 101 104 118 147 198 228 346 503 725 758 793 801 863 
9 133 302 361 388 444 537 551 572 684 
10 34 49 169 194 230 360 382 384 589 633 
14 5 43 134 144 216 301 374 431 470 491 495 761 834 864 
13 86 338 359 410 437 479 525 648 651 652 666 690 727 
11 62 70 79 237 297 318 333 412 481 590 777 
8 226 287 439 481 489 737 746 811 
10 66 184 260 338 452 495 522 759 803 836 
10 95 105 137 237 277 311 482 603 746 764 
6 105 445 454 707 747 824 
7 75 182 217 249 308 801 806 
11 77 124 181 258 322 356 389 693 782 848 867 
9 110 180 268 311 342 436 673 760 770 
12 149 250 306 349 459 517 527 573 635 690 722 731 
15 0 10 123 155 243 269 311 314 323 325 442 475 584 619 801 
6 87 159 165 688 701 708 
16 94 113 169 285 336 368 449 470 473 489 546 676 727 759 835 867 
7 416 619 627 647 657 683 730 
10 4 19 132 134 157 278 579 631 668 721 
7 392 403 423 593 782 792 796 
6 43 104 206 292 307 526 
7 76 254 327 406 569 639 789 
11 43 211 243 286 356 371 373 428 496 577 713 
9 54 124 138 316 545 627 643 674 809 
12 27 33 94 103 130 168 170 408 509 792 809 822 
15 74 114 133 158 199 224 237 329 352 419 432 439 460 694 759 
11 3 7 8 84 111 134 146 221 370 659 770 
20 74 76 79 103 248 315 333 404 498 542 580 596 617 631 668 715 774 805 806 843 
8 44 119 208 414 686 710 813 850 
13 57 90 194 276 398 430 507 591 628 694 705 721 788 
9 68 99 176 285 342 432 479 559 720 
17 38 68 129 131 174 219 233 237 381 407 460 465 530 810 844 849 854 
11 61 111 228 236 351 418 500 620 672 679 856 
10 192 210 213 219 251 385 458 623 691 712 
6 41 120 127 294 383 543 
10 44 92 98 127 526 577 598 758 765 824 
13 30 109 190 260 290 291 354 386 506 659 697 699 862 
10 90 93 268 347 371 408 492 537 683 704 
14 27 53 211 256 392 399 413 474 544 564 663 734 762 826 
6 171 172 284 605 634 738 
12 64 75 292 295 365 384 403 465 516 727 749 806 
8 154 172 185 213 328 371 576 658 
11 55 60 176 197 479 525 610 707 736 791 817 
12 77 117 248 277 283 294 311 361 408 602 708 853 
11 31 103 112 188 245 531 542 609 656 700 820 
3 87 222 769 
9 191 222 440 529 625 653 700 701 747 
10 16 55 155 191 220 309 355 545 583 610 
8 1 25 228 461 519 682 725 831 
12 16 209 248 277 325 328 344 372 428 599 666 830 
8 210 257 275 297 493 634 698 860 
9 61 112 137 528 652 705 772 781 857 
9 38 77 199 291 455 550 703 785 859 
5 406 424 529 664 798 
7 43 50 226 397 483 663 789 
12 18 37 122 152 174 199 219 270 347 448 606 724 
5 30 46 112 135 501 
7 5 21 84 243 383 711 748 
8 161 238 441 613 679 709 711 730 
10 92 175 373 386 396 503 554 613 618 778 
7 215 451 496 528 556 746 770 
8 57 84 225 275 390 578 745 809 
17 4 240 260 278 320 377 404 434 488 506 545 630 631 686 742 752 813 
9 67 81 95 195 225 298 499 520 741 
9 20 151 294 327 579 585 628 722 758 
18 24 50 106 126 170 186 203 226 355 396 410 522 553 558 579 584 708 776 
12 57 91 131 175 235 262 323 488 502 728 773 793 
15 62 99 172 174 221 246 281 288 302 364 376 474 582 590 813 
6 34 35 174 534 599 810 
4 65 77 118 422 
9 19 28 172 505 559 587 653 707 774 
8 116 163 378 423 455 459 532 825 
8 155 196 371 404 501 600 714 813 
7 3 327 416 598 632 657 738 
13 27 34 162 196 203 252 256 279 447 505 705 768 814 
13 19 144 168 216 320 343 503 515 584 662 712 773 833 
15 32 96 171 236 244 288 307 356 489 519 562 617 676 682 691 
5 94 349 626 751 834 
14 1 161 273 275 289 310 344 449 572 593 612 630 636 832 
12 61 83 117 187 216 252 255 285 300 457 502 519 
9 76 177 431 434 506 510 657 778 818 
10 2 84 258 275 428 458 552 672 697 782 
15 38 75 99 135 212 334 348 374 496 562 616 684 704 718 785 
7 147 293 334 377 387 426 713 
13 11 108 177 218 267 405 447 480 496 513 590 651 659 
11 66 81 147 328 374 449 517 670 679 793 798 
6 255 279 410 429 603 656 
9 18 139 275 319 355 399 535 721 730 
870 4287
9 182 198 290 298 356 480 649 700 769 
13 15 33 128 152 240 270 476 661 690 751 779 800 841 
12 67 125 232 273 282 319 332 421 424 445 485 683 
13 4 10 56 101 156 230 337 464 549 585 662 796 811 
14 3 141 153 190 209 377 494 562 595 627 631 678 745 806 
9 48 312 313 453 463 630 752 806 832 
11 152 360 364 375 454 487 566 673 764 814 828 
11 18 169 528 547 656 664 712 760 765 793 796 
13 111 216 221 370 381 382 618 649 694 723 727 792 841 
8 31 92 327 383 423 582 665 736 
11 3 377 406 483 528 539 631 636 664 688 710 
6 499 518 524 536 605 691 
4 535 605 638 828 
7 50 260 532 697 735 795 817 
16 21 22 96 110 117 165 171 250 252 331 445 525 706 763 809 845 
10 1 90 322 400 453 461 473 479 663 820 
11 284 296 367 465 472 531 555 615 617 670 730 
8 51 189 194 313 401 714 769 861 
10 7 23 59 88 208 302 303 355 459 524 
8 101 226 265 446 544 575 750 770 
10 179 301 351 366 404 485 535 573 718 775 
13 14 39 75 90 307 325 348 507 587 625 735 783 826 
12 14 69 87 251 275 319 338 353 358 378 732 813 
11 18 132 206 249 395 405 423 428 455 677 702 
16 75 143 223 428 452 458 514 622 624 628 634 697 723 800 852 859 
7 38 42 57 319 366 370 843 
7 71 245 425 435 552 661 796 
13 100 104 158 223 233 290 349 535 564 689 754 855 863 
6 212 513 551 644 699 762 
7 80 300 375 569 651 716 855 
12 45 91 172 176 507 535 539 625 704 714 720 753 
12 9 135 254 416 492 508 531 554 587 796 797 818 
8 97 133 423 535 609 616 689 855 
12 1 139 151 281 286 348 483 497 568 615 674 754 
9 36 87 208 242 321 548 702 716 724 
16 74 78 121 235 239 372 402 409 480 498 621 629 633 651 725 866 
9 34 100 149 273 323 327 495 763 823 
12 110 130 169 186 209 417 491 493 509 690 786 823 
12 25 50 80 159 262 397 418 444 594 684 717 721 
12 21 52 82 119 231 260 370 499 540 663 781 832 
10 91 357 463 470 527 561 563 610 648 775 
9 76 122 218 412 571 645 748 822 853 
5 25 256 342 419 855 
9 97 226 311 367 378 445 678 694 774 
11 47 98 128 170 235 389 447 498 593 613 644 
7 30 98 330 525 639 662 841 
9 71 73 143 302 585 601 739 805 868 
15 44 131 154 231 288 413 430 484 503 563 590 708 784 794 817 
7 5 64 218 337 618 677 795 
8 218 363 405 472 567 636 696 854 
11 13 38 102 170 243 251 455 566 606 619 776 
8 17 441 453 652 660 702 738 798 
11 39 96 100 175 288 315 333 367 453 614 701 
13 107 298 534 549 557 629 643 731 755 783 793 802 810 
9 238 251 312 361 408 416 481 531 824 
14 126 186 192 345 390 417 435 444 481 597 636 683 807 854 
8 3 216 308 468 566 643 653 691 
10 25 106 377 387 393 545 586 610 674 732 
9 96 133 219 277 403 702 766 814 850 
9 18 175 215 398 447 629 758 816 829 
7 141 145 304 491 534 620 861 
14 89 150 160 232 262 308 474 553 673 701 723 732 739 858 
9 100 185 266 383 465 497 537 581 624 
11 125 267 283 383 531 550 586 697 773 844 866 
10 48 129 318 332 438 556 576 693 702 808 
7 356 404 683 756 788 810 825 
9 156 200 209 363 424 516 673 678 846 
6 2 160 632 765 837 853 
7 161 196 239 350 470 608 694 
13 22 73 166 187 376 492 519 571 588 595 646 658 676 
14 142 152 187 296 322 336 456 464 491 706 721 733 753 859 
9 26 46 594 744 748 760 776 812 829 
8 323 342 552 612 746 772 812 845 
13 46 69 75 141 185 298 317 326 329 482 580 638 804 
13 35 99 166 256 419 476 495 502 513 515 545 669 846 
21 21 24 73 90 100 112 225 294 365 383 433 447 654 668 670 694 698 701 718 817 842 
13 41 94 130 245 261 380 504 535 611 612 657 713 808 
7 306 565 595 607 689 703 772 
5 35 276 439 516 562 
7 129 270 382 440 495 570 713 
6 29 38 148 175 187 510 
12 141 161 227 405 508 528 622 662 714 776 821 840 
12 39 96 180 278 367 445 526 531 549 657 691 734 
6 159 184 226 413 445 466 
12 182 326 355 372 429 433 544 551 700 739 839 845 
6 200 321 361 646 658 672 
7 121 235 402 420 464 486 774 
14 22 34 134 140 153 193 241 362 363 430 507 559 563 725 
11 18 196 342 361 620 739 790 798 842 851 864 
7 61 146 162 172 439 440 532 
12 15 21 75 301 450 492 498 593 610 670 734 811 
11 30 40 98 198 230 300 377 558 563 647 716 
9 9 102 144 190 565 682 696 736 845 
11 139 216 242 337 384 527 540 564 720 827 866 
7 76 271 378 431 734 739 835 
10 190 200 231 285 294 306 321 448 482 496 
11 14 52 58 82 268 387 389 436 607 762 824 
13 32 43 157 294 409 422 448 479 516 579 583 593 625 
9 44 45 91 262 330 524 594 819 863 
4 74 379 546 605 
16 27 36 52 62 75 201 217 254 361 410 424 463 601 615 628 816 
7 3 19 111 182 234 291 296 
11 50 92 196 197 260 394 587 641 644 735 754 
4 274 583 602 858 
13 27 167 169 203 223 264 323 337 465 524 673 743 845 
6 195 235 410 495 854 864 
4 57 134 490 610 
7 53 113 201 288 305 810 827 
7 242 306 329 355 447 498 810 
10 144 240 248 303 318 339 410 495 595 777 
17 14 37 173 183 295 307 400 410 514 538 624 648 743 764 800 821 840 
11 8 101 128 240 277 295 336 340 592 597 825 
11 75 136 260 462 499 674 714 717 734 824 831 
13 107 118 134 271 334 419 489 586 639 711 750 776 860 
4 151 286 394 431 
6 297 444 507 636 674 823 
8 222 373 492 568 596 660 715 812 
5 14 342 576 617 733 
8 113 147 153 194 475 515 630 859 
9 39 143 228 332 471 582 626 731 816 
6 192 245 283 561 578 857 
14 35 86 141 195 211 215 284 289 359 391 543 585 590 738 
9 41 196 353 378 457 573 608 638 770 
10 144 156 168 225 258 263 429 537 551 738 
12 148 161 166 268 303 456 530 601 729 761 802 822 
10 2 63 173 220 427 508 529 560 686 821 
10 55 154 213 215 232 250 254 607 722 728 
8 214 253 278 364 370 448 516 518 
14 1 44 111 133 135 167 178 221 463 655 706 794 839 850 
9 64 79 205 219 261 557 764 842 866 
14 37 76 217 270 299 336 407 427 473 528 547 629 639 819 
8 47 137 211 551 557 650 668 685 
4 23 641 729 756 
10 32 58 128 178 243 360 505 598 648 783 
12 87 106 113 223 376 405 512 523 557 602 657 804 
15 31 128 228 245 250 328 375 408 456 515 568 622 630 667 689 
9 112 367 414 439 566 699 757 817 823 
6 131 288 491 528 584 788 
10 204 253 373 419 516 609 705 722 744 798 
9 33 93 269 557 701 749 770 806 818 
10 87 262 323 363 542 612 644 742 794 803 
16 4 60 73 81 121 164 180 217 338 428 463 537 674 806 814 852 
9 70 247 302 327 394 448 702 703 704 
16 24 46 119 247 274 285 286 287 311 365 369 404 410 567 690 830 
10 92 109 123 444 501 553 567 665 748 851 
8 60 171 273 289 428 514 664 732 
10 89 170 245 282 591 611 680 738 773 783 
8 118 340 348 409 542 708 769 777 
10 80 124 201 212 287 295 303 317 509 660 
10 36 150 313 454 491 662 680 750 789 836 
9 61 149 275 624 654 719 731 751 814 
8 33 114 170 389 533 616 719 768 
7 1 6 70 313 377 594 662 
9 4 87 118 159 346 466 591 805 862 
9 47 126 342 364 503 534 539 624 802 
8 321 370 374 382 504 582 729 762 
12 3 66 123 318 361 391 399 479 603 627 777 836 
8 97 240 329 395 441 555 603 649 
7 27 254 314 468 677 702 781 
11 38 83 153 173 188 215 304 676 756 778 787 
7 61 67 215 252 323 337 808 
11 68 81 124 172 187 382 608 615 655 657 862 
6 89 230 379 505 622 641 
6 242 443 579 674 717 737 
11 141 178 317 358 406 474 592 612 631 737 777 
7 14 372 601 833 840 855 857 
10 69 74 124 408 610 616 686 699 756 758 
8 104 128 302 455 546 685 840 865 
7 123 242 432 488 551 570 816 
15 7 37 104 187 250 366 404 410 578 619 633 655 698 825 846 
17 44 50 146 151 263 376 428 525 578 613 665 751 756 781 809 812 865 
14 14 145 203 266 408 521 677 720 772 776 778 806 809 850 
9 30 89 161 488 691 714 767 817 864 
8 110 125 159 376 474 531 564 653 
3 323 646 685 
14 52 59 80 180 282 294 409 539 552 593 604 682 688 806 
16 30 249 332 353 382 388 417 428 546 605 609 614 682 748 751 780 
5 423 645 672 797 821 
8 128 133 164 203 218 409 631 869 
9 20 397 458 469 503 519 594 634 714 
12 82 141 175 269 483 502 524 619 625 739 745 770 
8 361 545 607 637 658 763 839 860 
11 0 84 101 192 352 390 473 491 502 615 775 
7 110 240 399 477 489 491 701 
4 83 435 682 720 
6 62 73 476 552 766 842 
4 37 55 264 573 
11 69 70 80 161 169 253 312 325 690 793 856 
8 159 239 407 446 481 652 685 762 
8 17 197 396 411 546 669 780 857 
11 4 92 95 260 300 592 612 678 716 775 848 
7 217 223 426 479 658 726 728 
14 55 120 182 194 306 409 530 531 541 605 646 674 677 813 
11 87 220 242 279 369 417 529 594 602 651 808 
8 17 118 192 202 288 322 449 713 
8 105 121 307 357 445 525 554 569 
6 68 88 102 122 506 681 
9 102 189 346 407 429 533 652 810 868 
9 0 91 410 536 638 690 753 765 861 
6 407 441 495 510 695 848 
8 66 85 95 261 518 632 645 801 
8 100 107 148 332 709 715 796 810 
9 194 235 337 446 447 561 787 790 850 
11 104 171 178 297 378 408 476 520 676 759 817 
8 138 316 368 451 544 615 728 766 
7 129 274 300 370 408 589 697 
6 23 217 224 437 555 622 
10 214 318 363 417 429 430 533 667 713 774 
11 18 34 220 293 384 472 480 509 562 600 603 
8 4 37 66 243 500 545 546 634 
9 271 309 378 459 480 543 670 864 867 
4 121 131 708 827 
11 28 148 355 381 475 552 694 712 784 850 866 
12 126 234 235 265 334 338 370 488 493 553 652 793 
7 127 207 413 463 536 556 829 
15 59 121 126 159 160 266 279 289 440 584 594 637 734 777 840 
11 8 56 93 246 293 406 432 455 492 520 776 
10 100 130 141 191 206 546 563 617 740 758 
8 41 48 49 178 496 539 557 832 
9 58 129 352 372 419 429 618 669 696 
9 125 193 208 345 377 396 591 642 787 
8 8 128 510 521 572 605 716 719 
6 116 262 360 502 632 647 
15 24 27 104 134 191 308 356 415 439 509 599 697 702 745 766 
12 206 347 534 577 629 708 712 752 761 816 851 866 
10 75 123 542 566 664 681 687 690 796 864 
10 19 43 83 295 568 607 627 646 721 805 
3 81 296 382 
14 119 135 238 265 300 353 377 427 518 692 707 762 861 865 
9 331 453 473 486 612 616 636 744 820 
14 3 91 162 271 298 299 367 442 464 550 654 693 735 775 
18 39 47 95 252 291 327 350 355 358 397 485 557 587 595 746 781 786 787 
12 2 61 126 246 311 371 405 476 522 544 588 817 
4 27 622 674 700 
9 101 213 409 491 576 584 594 685 693 
13 35 44 86 105 202 213 298 459 469 524 597 688 796 
6 265 425 450 494 580 755 
1 295 
8 54 228 332 378 420 536 800 868 
11 35 68 188 285 397 455 457 518 590 624 755 
14 1 109 111 157 183 268 363 424 440 459 533 577 775 855 
11 87 293 318 333 508 523 559 628 639 825 862 
14 34 93 108 163 168 193 256 312 484 535 545 672 723 810 
13 50 133 209 250 379 408 447 489 587 619 745 767 821 
8 263 323 533 565 571 647 806 856 
14 26 76 120 135 146 349 488 501 538 579 618 781 843 852 
9 216 232 259 273 426 678 772 852 855 
12 142 143 273 281 446 467 558 674 689 713 768 860 
7 109 323 366 379 452 627 649 
9 23 176 354 478 602 776 789 818 838 
12 14 126 135 169 243 296 304 320 529 592 655 766 
9 22 50 54 259 339 450 452 807 840 
12 14 160 231 289 309 377 403 428 512 685 692 732 
7 127 138 187 337 484 509 574 
8 31 100 126 158 324 563 725 795 
0 
5 42 74 242 698 813 
6 478 486 640 755 756 769 
6 123 407 485 609 658 691 
12 246 251 332 387 417 453 501 506 538 724 731 827 
8 13 39 102 112 190 467 479 526 
9 76 129 200 325 483 565 580 650 708 
9 38 61 98 140 222 545 663 736 783 
9 123 170 244 318 497 720 758 800 801 
8 104 186 271 292 422 495 596 710 
12 19 213 228 236 367 468 517 590 601 657 674 758 
6 62 171 215 290 637 685 
6 63 287 693 734 755 852 
5 96 124 240 428 446 
9 139 180 395 578 657 708 800 833 836 
11 1 79 130 289 298 369 475 498 548 773 813 
8 94 113 210 230 264 406 804 827 
4 320 477 554 795 
13 2 36 145 246 247 294 389 497 502 553 576 660 755 
12 103 143 205 345 381 483 580 581 642 695 755 777 
10 22 150 318 347 378 481 552 601 701 832 
12 78 320 330 387 526 544 594 708 714 785 794 819 
10 58 111 324 335 403 476 650 662 758 822 
10 82 127 318 379 517 570 596 623 643 805 
7 193 215 293 374 484 500 694 
6 335 410 432 461 633 734 
9 33 247 410 475 611 621 667 701 861 
7 2 146 175 412 418 588 659 
12 63 120 312 373 385 387 396 495 534 626 635 826 
9 16 121 391 433 434 442 463 520 714 
11 95 143 239 298 518 551 661 663 705 713 722 
6 33 114 143 575 650 744 
14 143 148 267 437 501 645 713 722 723 728 805 809 824 837 
9 47 52 107 137 194 294 564 601 674 
11 121 145 215 252 270 363 387 392 495 613 800 
12 0 27 266 363 376 426 513 669 680 757 763 840 
7 101 231 439 640 665 775 816 
10 264 298 369 457 640 653 668 693 795 859 
8 208 216 241 279 420 434 652 836 
9 75 95 97 175 273 288 582 648 862 
12 110 111 148 226 237 451 504 691 735 736 798 831 
11 16 70 101 227 250 477 489 638 655 705 865 
9 115 203 383 518 620 658 697 788 797 
15 0 53 73 230 235 270 285 292 340 344 357 523 593 751 777 
5 130 230 412 417 501 
18 29 91 190 205 228 331 334 382 384 419 437 543 623 657 699 786 853 857 
11 20 90 304 373 420 463 576 646 660 760 848 
9 18 46 142 167 421 564 675 688 741 
9 18 109 124 148 403 427 484 637 734 
7 60 159 250 301 417 768 811 
5 107 635 656 685 733 
8 77 95 108 192 340 341 764 788 
7 21 110 195 534 679 698 742 
14 56 61 223 328 346 370 424 495 640 667 668 671 733 741 
7 210 252 485 734 799 805 809 
8 323 545 620 637 647 701 805 831 
9 43 143 232 516 554 617 706 811 820 
8 5 54 187 242 283 479 568 698 
8 5 17 149 152 534 595 811 858 
6 158 424 503 552 643 756 
6 52 345 402 458 645 665 
8 204 407 432 540 566 602 609 741 
16 73 148 164 381 395 403 411 418 474 543 559 577 586 734 752 856 
21 64 109 156 207 241 263 275 278 398 427 433 441 448 485 494 548 593 737 788 813 855 
9 2 22 25 321 368 650 709 722 760 
12 250 272 276 360 447 462 517 532 666 678 757 806 
7 34 85 95 155 319 360 410 
9 15 70 194 550 659 788 810 856 858 
11 36 72 104 140 160 174 244 248 310 374 789 
11 254 277 406 474 487 587 631 657 664 703 745 
8 21 187 261 366 392 483 606 698 
4 73 84 747 838 
14 9 36 142 231 354 409 464 482 514 552 581 586 836 849 
9 135 308 380 451 476 539 548 710 723 
13 73 108 157 368 375 407 538 621 633 663 695 769 857 
9 45 98 276 443 530 598 685 772 779 
13 14 229 300 362 409 485 545 557 566 657 705 739 776 
16 2 64 119 176 201 238 259 368 387 451 507 616 774 841 847 858 
10 52 241 372 399 458 492 550 630 706 843 
8 113 213 300 391 410 421 428 443 
10 277 280 472 473 597 644 711 748 761 771 
8 70 111 130 524 572 573 607 657 
11 3 48 93 104 160 202 253 503 577 800 820 
17 22 141 213 371 438 487 490 517 537 540 590 715 725 739 759 784 832 
4 109 251 342 603 
10 111 147 298 306 388 468 617 677 768 851 
8 306 364 603 620 673 741 749 766 
15 42 72 88 117 154 339 380 483 498 520 572 615 709 765 833 
6 385 389 409 629 630 722 
5 298 550 703 712 737 
10 55 220 274 315 470 484 516 529 744 868 
8 153 197 308 360 485 557 631 846 
4 224 275 597 652 
11 21 33 147 400 415 441 451 676 687 701 712 
10 27 245 531 567 599 798 803 815 826 829 
11 68 231 386 423 503 650 701 725 752 757 776 
9 20 388 398 445 621 690 720 765 834 
10 182 219 354 384 396 457 504 601 804 839 
8 22 122 176 228 415 471 564 678 
6 249 327 352 464 712 841 
14 18 84 108 212 231 429 469 514 626 647 733 764 812 865 
9 0 65 223 377 384 541 542 639 785 
12 40 195 298 358 371 480 562 586 592 665 766 828 
6 22 164 231 357 522 547 
6 121 431 543 686 694 705 
9 6 133 222 320 321 346 422 474 629 
13 54 85 88 100 156 181 456 552 621 626 795 801 814 
8 87 331 421 473 678 725 729 789 
15 49 66 87 140 207 240 289 290 386 520 578 597 601 682 821 
12 6 127 154 341 384 394 454 627 637 767 777 798 
9 75 143 415 440 595 625 699 763 823 
6 20 25 169 248 325 492 
14 16 43 52 82 136 230 265 375 390 549 578 581 646 852 
7 204 319 329 332 484 528 694 
8 143 193 270 292 432 760 807 823 
14 8 25 39 127 155 205 213 308 546 619 627 637 797 846 
12 232 338 357 375 437 554 590 616 665 743 749 845 
10 35 84 165 219 333 402 521 529 578 813 
8 116 138 283 301 417 512 589 726 
8 155 279 323 460 519 553 838 850 
11 6 29 135 329 367 371 444 596 599 607 758 
9 69 134 170 173 290 463 549 807 863 
16 4 10 57 91 152 220 228 252 356 415 579 620 630 716 726 816 
10 22 43 94 122 203 210 238 275 648 839 
10 99 162 243 248 278 460 510 537 658 828 
10 76 328 342 400 489 584 723 749 764 769 
8 8 212 274 317 472 554 613 811 
12 8 79 155 161 176 227 300 441 477 614 618 640 
10 9 62 63 75 297 431 507 580 710 813 
12 93 208 300 352 356 364 423 481 574 640 661 781 
10 283 343 415 435 472 486 532 738 740 807 
7 350 363 509 535 584 713 785 
19 57 96 259 276 283 289 332 564 592 595 606 637 696 719 724 734 748 759 813 
13 176 340 351 425 441 465 573 619 623 625 636 704 738 
12 44 96 151 273 343 407 433 598 621 661 728 796 
6 55 182 367 628 678 756 
14 121 156 284 334 427 437 495 553 624 646 736 743 827 859 
12 289 325 394 412 542 544 564 727 740 803 823 855 
6 57 603 627 635 675 702 
10 102 114 142 364 392 440 564 650 735 834 
11 23 157 269 317 408 502 535 539 610 640 849 
5 189 220 283 352 766 
13 38 179 231 239 437 485 538 539 678 695 766 794 797 
13 59 318 351 427 439 534 535 655 657 690 705 723 866 
15 156 183 333 410 465 498 515 526 529 549 551 578 651 722 801 
10 15 110 348 380 411 448 583 674 766 867 
9 17 439 450 480 538 554 600 688 845 
10 35 86 315 372 415 539 624 647 692 803 
12 58 252 277 303 317 413 708 739 761 806 838 840 
7 20 65 143 169 474 597 800 
7 23 49 81 134 232 588 627 
8 10 164 216 271 324 426 627 804 
13 130 188 197 199 258 316 329 389 449 711 729 793 841 
15 54 135 166 171 203 205 243 395 453 469 511 740 757 784 786 
12 35 97 147 175 178 192 234 327 331 343 734 763 
18 100 105 109 110 143 169 198 280 281 321 334 399 446 452 468 643 730 831 
5 189 317 400 673 861 
9 41 282 299 392 527 640 704 768 828 
9 47 83 214 403 490 615 624 728 845 
5 136 461 584 675 853 
9 223 348 353 365 377 385 402 732 821 
7 31 54 419 694 723 813 867 
15 37 55 176 193 207 259 299 304 373 429 448 618 662 781 847 
7 38 282 317 462 479 488 652 
13 42 74 113 138 219 300 416 489 517 614 639 666 688 
9 86 238 293 301 637 657 675 763 793 
10 2 302 334 362 456 533 604 700 720 792 
13 97 264 360 438 641 659 665 677 691 709 721 757 835 
12 9 23 32 177 350 384 562 680 701 702 742 840 
11 2 66 100 240 308 314 487 643 784 830 832 
9 26 236 388 552 600 642 708 802 822 
7 191 246 290 406 768 840 855 
13 125 130 228 303 318 391 398 476 481 545 566 594 681 
14 23 24 141 145 170 176 252 268 334 616 635 680 700 729 
11 84 123 197 207 219 355 417 529 536 575 645 
11 47 87 207 441 510 652 657 699 761 838 855 
8 94 114 359 383 465 479 684 788 
8 168 216 280 316 369 450 507 530 
11 75 84 284 318 389 469 493 620 624 701 724 
6 284 293 542 555 691 730 
9 26 55 184 385 469 489 597 684 857 
5 96 578 777 788 806 
11 206 287 300 371 391 397 443 481 542 607 760 
5 64 338 422 522 525 
16 78 89 136 223 291 398 401 577 583 584 604 633 722 732 765 781 
10 79 89 215 240 365 394 641 761 774 815 
12 51 157 199 318 348 382 388 430 501 509 702 706 
9 230 284 525 592 683 689 726 794 852 
7 163 330 334 437 487 605 621 
12 38 55 115 144 375 530 612 648 680 703 722 857 
14 2 14 43 82 83 195 351 630 671 673 717 735 791 799 
12 19 188 202 247 268 410 552 573 767 791 826 838 
12 44 59 75 108 202 243 320 462 679 685 751 819 
13 95 97 127 142 318 400 417 456 609 633 679 764 824 
2 194 407 
10 90 236 251 401 432 533 639 689 825 854 
12 204 295 328 332 348 511 547 586 599 631 681 722 
11 24 248 251 410 602 608 611 617 711 726 809 
15 5 15 51 52 229 259 408 488 529 577 596 670 722 724 739 
6 6 149 364 509 741 756 
10 23 50 167 216 239 530 584 585 595 620 
8 70 124 135 361 421 448 481 497 
10 122 239 292 352 730 745 752 778 790 796 
7 24 179 315 333 553 610 756 
12 18 210 235 240 501 523 535 603 606 626 722 801 
11 374 379 535 547 605 679 709 712 765 834 863 
4 15 280 414 732 
6 112 320 418 447 590 859 
17 5 40 100 128 141 214 284 301 376 533 611 627 634 636 736 823 861 
10 3 70 86 230 327 354 603 665 702 857 
11 16 62 104 388 399 431 570 600 636 729 772 
5 83 153 514 541 775 
7 247 260 513 580 614 757 835 
5 56 158 265 340 410 
16 179 235 355 408 433 435 556 567 655 708 715 753 795 819 855 868 
8 40 68 345 479 567 615 682 837 
6 119 353 507 600 737 831 
14 16 49 208 335 381 385 568 573 577 583 643 755 813 832 
8 15 130 182 229 335 362 587 701 
16 61 164 173 317 324 360 404 489 502 534 684 690 692 714 819 866 
5 118 212 270 281 562 
11 1 74 185 203 232 277 328 427 481 664 787 
7 183 272 296 382 653 663 867 
8 249 257 566 587 711 821 828 840 
14 15 97 156 191 260 312 418 431 470 539 674 711 733 845 
10 0 35 208 210 357 401 577 743 796 833 
16 54 55 188 275 384 427 437 456 476 587 631 638 640 675 731 801 
9 73 95 327 674 763 789 801 817 820 
11 10 33 180 261 274 325 342 531 640 727 763 
10 47 242 253 279 303 345 368 506 540 753 
14 2 20 231 258 309 318 331 346 397 514 669 690 701 788 
9 86 229 257 385 538 614 655 691 837 
14 6 324 338 424 443 512 523 646 742 809 813 829 838 847 
6 168 172 213 245 418 453 
15 113 183 243 296 380 419 435 474 499 563 648 732 798 852 860 
6 106 338 413 618 757 840 
13 37 60 70 137 149 182 183 234 653 700 734 801 869 
10 31 69 90 116 216 333 366 535 803 813 
3 37 213 433 
12 4 236 318 496 660 664 672 704 764 766 795 831 
15 36 74 79 105 109 199 264 283 289 308 391 541 719 737 868 
8 95 218 494 544 591 750 776 841 
12 33 62 263 273 456 535 559 607 673 688 763 781 
11 35 44 90 108 270 342 399 652 665 739 840 
7 11 39 112 489 530 784 814 
6 209 279 516 633 734 811 
11 144 245 259 287 299 441 459 509 544 615 814 
13 74 180 182 222 273 395 474 505 521 572 662 763 835 
9 47 154 179 314 337 350 688 795 860 
11 76 155 295 352 669 719 793 807 821 824 847 
6 133 162 502 598 742 815 
5 196 259 484 673 830 
15 21 30 87 115 332 383 432 471 536 579 598 640 760 779 783 
7 31 81 125 241 518 530 600 
15 37 148 208 223 253 386 441 454 501 519 569 625 784 827 848 
13 80 199 221 379 430 531 543 549 591 602 701 740 754 
14 408 451 591 626 656 681 746 793 810 818 829 839 867 868 
9 134 252 373 487 534 575 579 717 854 
7 28 74 290 467 523 545 569 
13 24 110 145 327 355 466 485 624 645 652 655 741 835 
8 74 118 135 399 594 707 713 858 
13 66 78 97 127 138 311 345 500 549 572 579 806 857 
8 265 278 320 338 419 602 626 647 
10 11 127 200 228 239 285 297 508 587 656 
11 69 179 374 509 640 653 670 693 701 712 773 
8 203 216 284 342 363 604 626 795 
5 171 221 372 502 855 
9 232 358 438 573 597 623 631 737 754 
8 134 241 298 459 487 513 620 634 
11 11 18 98 104 180 235 336 695 787 806 827 
6 14 45 170 195 438 442 
9 82 260 276 399 582 614 622 720 739 
8 40 93 412 542 555 654 760 814 
10 7 10 81 130 137 368 608 735 808 823 
11 125 193 250 345 372 399 429 453 584 700 809 
10 124 192 330 432 444 455 499 508 574 634 
17 16 31 54 63 82 173 192 349 483 510 551 552 559 564 693 796 862 
10 13 89 320 385 605 718 802 842 864 869 
14 151 197 207 240 244 421 450 463 571 597 681 694 798 836 
16 53 60 154 224 283 307 313 398 474 512 575 584 596 635 663 863 
22 12 20 27 30 32 76 242 386 395 398 459 460 492 497 552 563 588 648 698 733 850 865 
8 11 198 214 238 429 507 594 634 
6 62 123 141 338 379 619 
9 110 245 259 329 397 401 486 675 716 
15 10 30 154 175 218 328 395 397 402 479 727 760 783 789 805 
7 39 93 316 338 484 627 847 
8 192 356 466 495 661 786 816 858 
13 140 147 225 356 392 434 437 527 576 650 691 729 787 
12 121 210 300 317 359 510 563 673 696 697 763 783 
15 19 84 204 232 276 392 496 501 550 602 696 754 760 792 829 
14 57 74 181 209 242 262 310 331 427 513 555 719 848 860 
10 99 167 176 189 209 217 370 551 636 789 
7 7 130 358 451 460 573 593 
7 34 270 318 328 741 800 864 
10 3 53 82 367 376 399 510 516 631 768 
9 63 230 322 333 344 544 581 668 785 
12 28 84 123 131 168 285 399 531 546 645 687 770 
19 26 72 175 185 212 275 314 327 361 425 446 531 535 562 570 691 710 729 751 
9 61 144 213 273 374 391 458 720 800 
9 31 195 272 311 371 381 401 806 864 
10 16 157 206 434 527 545 639 771 790 819 
10 64 214 469 615 743 749 767 784 806 847 
13 53 129 131 134 139 218 231 331 346 608 639 641 854 
4 91 247 635 845 
10 87 241 317 497 531 573 667 680 734 784 
3 125 597 869 
5 40 120 202 647 810 
10 4 78 208 357 423 475 552 595 729 817 
14 40 47 87 91 217 254 489 535 543 622 674 782 831 841 
18 27 93 173 288 302 353 387 392 394 531 639 657 666 711 721 787 796 829 
7 77 92 244 261 623 648 718 
13 6 50 56 136 225 316 331 427 478 692 710 741 782 
9 49 143 144 349 469 470 629 641 782 
11 33 116 135 226 312 472 620 676 718 808 826 
9 29 195 509 513 580 593 615 648 714 
10 79 168 278 465 552 590 600 611 658 824 
7 41 69 244 533 576 730 793 
7 221 336 342 502 516 760 778 
14 20 122 186 336 388 446 472 522 547 559 672 704 734 813 
6 253 384 530 635 673 801 
7 19 286 429 512 534 791 823 
10 64 117 234 273 301 542 571 713 802 852 
11 224 240 317 337 439 453 472 480 674 680 742 
9 120 169 170 269 363 367 372 399 436 
14 97 163 245 377 507 512 516 581 648 677 686 768 776 839 
10 73 236 261 274 383 467 569 667 673 833 
12 62 274 327 367 550 579 607 624 650 678 681 684 
7 9 119 155 294 526 733 856 
6 97 103 400 439 472 798 
15 137 215 234 380 386 414 439 455 529 534 639 682 761 794 861 
5 3 46 121 455 657 
10 57 63 113 317 327 357 451 667 691 767 
17 21 31 102 231 243 324 473 478 481 518 689 751 764 771 785 833 840 
14 69 232 282 405 535 653 655 685 711 741 757 820 825 839 
2 205 373 
11 47 121 239 265 338 371 462 570 679 806 835 
9 146 153 220 496 510 511 681 741 814 
9 111 164 190 250 357 387 442 696 746 
9 44 90 97 175 298 318 547 569 693 
13 38 71 98 152 179 193 215 234 276 427 515 536 741 
13 4 69 77 109 231 313 365 387 455 562 712 748 822 
9 116 264 278 375 453 534 606 757 845 
12 55 111 235 335 347 363 404 435 522 533 560 769 
6 133 330 389 505 507 763 
7 223 349 375 451 660 743 834 
10 208 401 425 465 471 508 570 618 789 869 
13 46 100 124 165 265 275 288 352 363 603 791 819 822 
11 103 134 193 249 316 452 510 517 544 721 753 
13 156 157 208 339 341 393 459 464 601 645 667 751 862 
7 175 421 439 520 631 660 752 
12 11 12 99 176 192 221 443 460 532 690 747 798 
7 50 325 387 459 596 730 741 
14 77 96 126 181 226 336 375 437 497 581 761 772 840 868 
12 68 122 161 452 528 557 649 718 781 783 809 812 
10 32 138 176 258 316 448 633 722 748 802 
11 40 57 90 106 166 395 458 691 736 752 854 
12 76 146 281 452 463 570 636 674 725 785 790 814 
7 72 76 140 164 190 229 444 
10 44 170 289 381 644 673 793 814 839 865 
10 52 176 382 419 467 486 526 711 732 736 
13 16 33 100 161 182 204 342 413 470 501 556 569 682 
10 32 151 166 229 332 371 428 696 829 865 
11 16 117 217 311 340 452 709 732 751 790 827 
12 8 48 219 245 382 417 490 600 625 731 822 864 
11 50 169 180 243 370 388 537 819 839 859 863 
13 60 88 297 310 341 377 433 455 523 568 626 660 681 
11 35 281 329 351 361 389 443 692 759 797 809 
11 24 81 135 162 206 233 526 563 665 709 725 
9 278 300 388 522 565 648 665 807 844 
17 24 62 110 150 154 239 391 402 413 433 514 581 655 713 756 767 816 
8 21 30 97 180 365 388 509 618 
12 119 283 355 361 459 511 517 520 620 655 699 767 
15 4 156 226 248 364 370 393 405 406 463 540 673 692 705 763 
6 24 100 241 390 697 812 
8 35 53 59 130 224 343 360 567 
12 5 118 135 333 343 377 445 648 654 655 714 808 
13 4 10 164 178 324 346 451 481 522 549 604 776 781 
3 67 200 222 
9 35 169 280 329 439 448 500 609 862 
12 24 179 209 463 523 530 536 651 718 744 847 867 
9 283 305 393 428 534 558 574 674 802 
13 10 49 55 115 229 388 463 465 546 611 807 819 856 
11 181 215 266 303 310 364 370 387 420 638 855 
9 12 73 122 198 296 481 637 781 819 
15 45 113 130 241 356 419 450 555 557 564 584 686 694 744 855 
14 257 291 292 308 382 384 395 412 481 483 507 519 668 825 
9 102 132 162 422 440 557 567 716 833 
7 220 274 425 711 721 735 829 
9 53 56 278 314 410 424 472 694 830 
9 28 44 102 140 335 613 665 740 746 
13 41 177 200 287 315 429 514 551 603 656 766 787 833 
10 69 85 174 192 226 301 367 391 487 742 
11 91 222 244 310 355 402 517 561 681 696 850 
16 40 110 133 294 378 444 489 535 565 569 579 623 630 680 717 785 
7 0 8 157 248 608 805 828 
13 131 261 277 286 319 350 394 542 581 690 714 750 845 
10 29 35 193 399 634 701 751 788 811 812 
14 51 188 197 213 293 347 418 430 498 514 701 750 759 835 
8 56 173 292 477 491 519 588 781 
7 75 150 230 527 630 736 803 
14 128 161 169 250 296 398 469 486 514 588 624 626 630 734 
9 7 305 511 518 645 668 698 805 817 
15 76 82 134 161 265 269 300 324 331 336 398 420 430 564 585 
8 69 85 181 191 258 297 379 570 
4 282 322 422 706 
11 51 116 148 273 301 494 599 604 620 678 691 
9 1 26 285 384 389 541 819 840 841 
10 3 45 81 149 152 277 417 502 703 723 
11 15 39 262 285 329 477 534 746 756 818 836 
10 7 10 145 225 324 476 494 691 745 802 
18 9 144 170 291 315 357 371 422 464 498 622 623 644 724 752 794 805 848 
4 320 419 564 671 
13 135 207 281 308 559 580 586 603 719 778 779 809 867 
10 75 131 292 308 550 640 656 726 778 819 
6 74 189 219 290 485 504 
6 16 75 90 210 453 519 
4 308 445 666 813 
8 85 177 242 494 573 690 733 820 
17 6 61 66 104 341 411 445 497 506 543 574 580 613 627 796 813 828 
18 33 57 112 115 141 163 192 233 247 265 288 400 479 482 563 577 611 635 
8 302 393 414 420 481 538 751 852 
7 69 159 203 348 568 677 799 
11 23 48 158 171 192 340 422 579 676 704 772 
14 4 43 66 190 246 320 353 362 390 397 581 660 685 803 
7 307 447 448 460 590 820 844 
10 146 149 290 423 428 444 559 577 648 839 
13 196 225 427 451 511 533 581 591 620 647 740 754 848 
10 92 175 176 184 363 470 584 615 686 857 
8 2 55 65 442 724 750 780 803 
9 38 431 435 474 581 709 742 761 822 
13 131 167 174 188 234 252 266 305 330 447 588 678 762 
8 125 166 359 579 639 682 746 757 
6 225 348 551 757 832 849 
10 10 175 235 302 401 419 497 503 735 767 
8 27 32 77 135 247 442 450 587 
15 1 37 143 187 198 225 351 398 474 485 605 650 672 726 819 
16 11 56 82 172 258 295 422 434 486 542 552 586 610 660 664 752 
8 228 252 402 474 566 621 627 719 
10 64 230 234 267 292 519 531 593 774 850 
14 8 43 68 75 212 279 359 368 416 533 639 643 756 864 
13 199 274 329 397 524 697 716 734 750 774 796 818 861 
11 49 92 219 387 543 544 592 616 647 850 866 
10 13 24 63 205 223 297 543 628 695 816 
9 75 169 256 307 312 325 535 656 837 
7 28 136 166 300 365 430 626 
9 0 84 233 421 428 491 529 763 852 
20 52 61 75 139 183 275 281 310 348 350 423 433 473 485 510 519 651 652 764 772 
13 23 34 51 58 64 142 158 223 393 423 441 464 735 
6 77 142 324 344 444 662 
7 30 142 388 412 494 573 677 
7 138 285 296 331 359 398 627 
10 14 70 128 311 333 441 659 717 736 751 
3 228 515 820 
11 47 147 211 224 261 269 276 403 425 469 755 
10 201 319 342 422 460 617 622 684 753 860 
8 10 264 328 383 552 566 808 860 
13 113 335 407 452 478 479 564 588 614 642 763 805 844 
11 7 212 224 344 348 354 460 519 595 822 847 
14 76 79 194 207 247 285 287 386 515 576 624 757 778 868 
14 17 30 81 112 172 179 276 284 474 569 630 650 761 837 
5 116 201 338 469 840 
10 29 34 91 190 221 377 538 641 695 771 
10 38 112 163 445 512 648 706 747 777 859 
9 20 75 532 565 568 608 634 733 838 
11 150 151 221 387 495 504 545 667 692 747 760 
10 30 93 171 184 263 351 421 526 553 855 
8 38 70 226 422 564 602 642 759 
15 126 138 285 287 319 343 399 439 444 451 453 459 609 741 781 
11 8 24 61 242 287 328 380 398 416 662 856 
8 34 259 387 433 453 665 683 856 
11 35 87 254 338 350 362 611 622 732 830 857 
8 191 373 377 442 452 668 690 842 
6 8 392 483 539 808 823 
6 126 191 204 287 389 413 
10 124 132 155 362 407 428 465 542 552 562 
6 16 410 434 457 571 606 
9 53 119 150 259 481 618 749 756 849 
14 22 57 61 145 252 415 439 461 489 614 617 725 759 800 
11 70 117 305 308 355 479 535 582 672 718 766 
20 82 90 94 112 215 267 280 303 309 317 387 409 491 500 559 573 655 695 822 854 
11 13 21 102 230 295 394 445 528 642 688 702 
10 9 92 262 295 391 463 610 614 654 706 
8 163 164 318 344 471 495 522 829 
8 51 121 123 146 385 388 790 865 
16 46 61 84 88 94 180 331 338 403 453 498 526 750 758 770 809 
8 217 385 392 408 510 644 681 790 
13 302 308 316 341 454 514 548 566 588 591 594 606 722 
10 140 307 423 487 505 577 646 684 767 833 
10 104 110 371 391 480 556 599 769 803 809 
9 71 138 229 286 345 634 639 772 821 
10 4 180 223 243 324 457 664 799 802 822 
9 72 231 511 592 644 663 686 823 860 
5 326 605 717 719 792 
9 41 71 144 176 335 387 595 609 867 
6 139 341 371 380 556 731 
10 19 113 149 496 650 652 683 695 739 803 
13 1 150 170 176 298 447 552 587 603 617 651 675 706 
9 5 224 317 350 457 604 610 665 691 
7 30 70 198 469 484 602 709 
8 27 33 102 510 522 544 681 787 
11 53 236 239 257 267 273 274 472 708 795 824 
15 65 132 159 166 170 257 314 390 454 458 624 663 694 731 834 
14 136 290 320 350 408 422 467 490 588 596 686 687 713 793 
9 59 166 217 263 265 277 375 739 791 
7 203 338 387 621 652 721 732 
12 7 71 301 319 369 437 507 527 539 544 572 719 
11 124 224 335 403 430 440 584 607 684 714 824 
6 28 96 155 188 228 685 
17 14 36 181 290 365 409 420 482 483 497 502 543 598 627 700 711 788 
10 6 110 129 306 355 380 448 494 587 701 
9 7 67 198 342 351 439 460 775 855 
14 58 185 204 223 250 341 357 396 397 400 494 645 733 768 
10 172 243 364 446 556 586 624 626 688 742 
9 151 247 304 340 412 426 549 579 766 
9 0 17 147 257 329 380 597 743 778 
8 19 122 139 180 551 739 779 780 
5 335 555 587 716 864 
12 72 77 171 246 330 465 607 677 701 744 819 832 
4 63 146 270 519 
7 43 86 207 332 440 693 695 
9 20 40 182 190 230 240 291 466 765 
13 50 71 81 113 171 216 249 331 350 496 579 631 805 
10 109 147 156 164 215 274 298 364 436 717 
8 159 171 457 572 667 668 713 769 
5 1 330 507 667 770 
4 176 189 683 770 
17 39 158 170 231 245 384 417 439 497 608 631 638 653 722 789 826 833 
4 563 566 567 868 
10 21 53 133 146 262 507 539 543 608 843 
9 47 212 338 408 424 499 509 556 559 
10 276 356 386 550 587 611 648 806 838 851 
6 37 231 300 408 541 866 
10 159 202 220 231 476 524 542 564 645 754 
11 65 137 297 306 318 322 431 436 485 651 763 
10 149 249 323 362 482 539 546 600 781 821 
9 88 202 457 555 611 617 738 740 813 
5 445 446 575 601 758 
4 8 421 544 747 
11 7 53 187 213 407 420 504 511 571 613 757 
8 47 128 140 276 397 442 584 665 
11 13 48 254 272 292 361 469 494 503 520 755 
14 3 7 26 31 201 225 235 389 457 480 531 564 673 695 
7 31 177 297 370 397 621 869 
10 51 88 138 295 349 364 489 533 583 605 
4 309 445 676 745 
13 1 24 110 238 263 269 289 337 404 548 553 732 858 
9 200 263 361 399 459 481 482 491 574 
10 53 124 154 425 532 576 609 635 664 745 
12 140 349 392 402 492 654 678 683 743 750 804 857 
7 73 134 271 352 406 803 864 
16 46 153 226 278 287 309 310 539 649 656 665 711 776 823 833 847 
18 4 5 139 141 171 175 244 320 403 436 516 524 554 556 590 785 827 837 
10 55 251 369 376 385 504 623 636 809 854 
10 64 76 160 193 528 568 630 710 727 826 
15 14 170 171 287 309 452 487 529 608 621 667 739 743 807 843 
11 53 65 107 108 197 201 242 322 511 561 857 
8 3 90 304 311 313 381 500 651 
8 71 72 116 170 355 608 628 651 
16 22 192 256 270 318 372 383 387 416 472 487 492 573 671 673 790 
11 6 58 141 150 361 499 501 527 591 611 613 
4 349 440 505 857 
11 59 100 119 168 224 291 377 541 624 697 858 
11 13 47 75 136 172 203 232 482 562 656 820 
6 31 139 249 511 663 695 
15 98 130 276 447 469 474 555 601 619 636 638 661 668 690 772 
10 15 229 311 337 482 588 672 679 707 817 
11 81 110 125 177 243 363 415 478 504 744 789 
11 41 124 277 425 595 601 618 684 712 734 745 
13 36 37 115 136 365 369 392 463 528 575 727 746 805 
9 54 96 112 287 448 504 570 755 761 
9 65 111 169 241 450 588 640 847 869 
8 21 283 349 446 568 781 808 845 
11 93 107 211 259 271 391 509 524 617 806 863 
8 6 12 357 379 412 478 649 673 
11 59 71 214 349 487 511 544 564 616 642 737 
5 143 424 506 643 725 
7 112 295 310 410 471 494 563 
9 5 39 218 275 338 424 472 687 772 
12 165 269 342 480 580 587 641 645 742 781 805 864 
5 351 394 460 599 756 
7 94 422 467 502 514 590 652 
7 149 156 269 293 327 533 663 
7 67 287 470 486 698 714 806 
10 249 326 374 403 430 446 487 718 785 861 
11 84 128 181 352 378 511 579 588 613 619 680 
17 81 110 165 167 215 251 290 403 423 426 478 490 498 587 607 661 715 
10 1 8 45 332 354 407 496 563 661 860 
7 75 88 129 185 532 726 869 
5 25 245 333 783 809 
4 63 623 679 711 
13 14 72 84 92 104 371 401 413 479 558 596 650 826 
5 66 74 169 346 370 
11 332 417 487 504 540 556 634 712 805 825 858 
7 190 199 301 509 545 665 681 
4 327 395 687 731 
10 58 128 171 202 212 374 535 647 693 696 
5 88 144 224 340 785 
11 24 141 245 246 267 367 442 489 576 675 700 
5 41 67 300 414 860 
9 49 55 105 450 512 557 610 734 807 
17 27 29 32 42 165 240 246 318 392 426 430 469 521 637 639 720 765 
8 187 244 317 322 582 636 723 724 
14 120 165 189 300 329 435 444 464 516 682 725 803 810 815 
11 61 103 313 322 332 515 541 800 816 847 864 
8 24 70 118 292 391 462 619 717 
11 113 181 247 489 503 545 709 710 746 841 853 
10 17 60 198 228 281 411 463 584 695 838 
7 153 161 241 294 531 603 633 
7 27 98 376 460 534 619 827 
14 88 105 172 210 225 532 548 554 618 694 771 804 833 858 
9 167 170 228 296 355 535 613 616 738 
10 35 63 93 129 212 224 398 474 696 786 
8 210 400 416 477 511 634 667 748 
10 46 197 238 345 469 495 511 607 713 782 
8 178 491 532 560 600 797 825 842 
