80 363
8 1 16 19 36 59 61 73 75 
9 0 3 6 7 11 15 47 57 71 
7 3 7 8 11 31 73 75 
9 1 2 4 11 15 20 26 45 72 
11 3 9 11 12 34 41 45 53 58 69 77 
10 16 18 21 48 49 50 52 67 68 78 
8 1 16 22 24 25 26 28 67 
13 1 2 10 27 32 33 38 46 55 63 71 75 76 
11 2 15 26 34 37 38 45 54 57 69 77 
12 4 18 26 29 35 37 41 55 63 65 68 73 
12 7 11 16 20 23 24 27 33 48 49 51 75 
14 1 2 3 4 10 15 17 29 41 55 69 72 75 79 
8 4 16 23 30 41 45 53 68 
7 15 36 37 51 53 72 78 
5 39 43 49 66 73 
14 1 3 8 11 13 19 26 29 42 57 58 60 75 79 
11 0 5 6 10 12 21 50 51 62 69 78 
9 11 19 24 25 31 50 52 58 78 
8 5 9 25 34 44 49 58 73 
7 0 15 17 27 55 57 66 
7 3 10 29 31 36 63 70 
8 5 16 29 39 48 58 66 77 
7 6 35 47 56 58 62 73 
10 10 12 24 28 31 38 53 64 69 79 
8 6 10 17 23 47 58 64 73 
12 6 17 18 28 51 55 56 57 61 63 73 74 
8 3 6 8 9 15 30 43 75 
10 7 10 19 38 43 50 63 71 74 79 
8 6 23 25 33 36 52 55 65 
10 9 11 15 20 21 41 49 73 78 79 
5 12 26 55 61 65 
7 2 17 20 23 57 62 68 
4 7 66 68 70 
11 7 10 28 37 38 50 51 53 54 57 74 
12 4 8 18 44 45 50 58 67 68 73 76 78 
11 9 22 41 42 48 64 65 69 70 74 77 
12 0 13 20 28 44 59 61 62 65 74 78 79 
6 8 9 13 33 46 51 
6 7 8 23 27 33 68 
7 14 21 44 66 68 69 78 
8 46 50 51 52 57 61 72 78 
10 4 9 11 12 29 35 46 61 69 78 
3 15 35 48 
9 14 26 27 54 56 74 76 78 79 
5 18 34 36 39 75 
9 3 4 8 12 34 47 51 62 75 
8 7 37 40 41 52 69 73 79 
8 1 22 24 45 52 56 69 77 
7 5 10 21 35 42 54 72 
11 5 10 14 18 29 58 61 63 69 76 79 
11 5 16 17 27 33 34 40 57 62 66 73 
10 10 13 16 25 33 37 40 45 62 73 
10 5 17 28 40 46 47 57 62 71 73 
7 4 12 13 23 33 57 77 
7 8 33 43 48 56 64 76 
10 7 9 11 19 25 28 30 68 71 72 
7 22 25 43 47 54 78 79 
13 1 8 15 19 25 31 33 40 50 52 53 70 74 
13 4 15 17 18 21 22 24 34 49 62 65 68 72 
6 0 36 62 63 65 75 
7 15 67 69 71 74 75 77 
8 0 25 30 36 40 41 49 77 
12 16 22 31 36 45 50 51 52 58 59 69 79 
10 7 9 20 25 27 49 59 71 73 77 
5 23 24 35 54 71 
7 9 28 30 35 36 58 59 
10 14 19 21 32 39 50 68 72 74 78 
5 5 6 34 60 68 
12 5 9 12 31 32 34 38 39 55 58 66 67 
15 4 8 11 16 23 35 39 41 46 47 49 60 62 70 71 
6 20 32 35 57 69 71 
10 1 7 27 52 55 60 63 64 69 70 
9 3 11 13 40 48 55 58 66 74 
15 0 2 9 14 18 22 24 25 29 34 46 50 51 52 63 
10 25 27 33 35 36 43 57 60 66 72 
12 0 2 7 10 11 15 26 44 45 59 60 76 
6 7 34 43 49 54 75 
9 4 8 21 35 47 53 60 61 63 
13 5 13 16 17 29 34 36 39 40 41 43 56 66 
11 11 15 23 27 29 36 43 46 49 56 62 
80 423
20 1 3 10 11 13 18 20 25 38 39 42 49 58 65 67 68 70 74 76 77 
11 0 2 3 14 24 26 38 62 66 73 77 
14 1 3 4 5 12 15 24 27 48 63 65 71 73 75 
17 0 1 2 8 12 13 21 24 29 42 48 50 54 58 64 65 77 
9 2 32 34 37 38 65 68 73 78 
12 2 7 15 16 19 21 28 33 39 44 51 64 
11 14 44 48 51 52 60 61 62 67 73 74 
11 5 8 11 30 33 37 48 52 60 65 72 
9 3 7 14 26 27 54 56 57 76 
6 13 39 65 68 69 78 
13 0 14 22 24 27 28 30 40 51 65 68 72 75 
13 0 7 13 14 15 19 27 33 34 44 50 56 74 
7 2 3 16 25 30 44 51 
11 0 3 9 11 16 23 24 48 52 62 78 
9 1 6 8 10 11 21 23 45 67 
10 2 5 11 27 29 32 37 42 57 78 
9 5 12 13 25 37 43 47 61 62 
16 18 20 21 23 27 30 37 50 55 56 58 66 67 72 74 75 
10 0 17 19 21 53 55 57 63 64 65 
10 5 11 18 27 44 57 61 65 73 79 
11 0 17 25 34 45 53 57 61 68 69 75 
10 3 5 14 17 18 25 37 39 42 53 
6 10 30 33 47 54 76 
13 13 14 17 25 34 40 42 43 53 55 63 72 79 
8 1 2 3 10 13 31 35 67 
14 0 12 16 20 21 23 30 32 52 59 63 69 71 77 
7 1 8 46 56 67 68 69 
13 2 8 10 11 15 17 19 42 51 52 54 70 73 
8 5 10 34 38 47 48 51 69 
10 3 15 39 56 61 62 65 66 76 79 
12 7 10 12 17 22 25 45 48 54 55 57 64 
9 24 35 42 50 67 69 71 76 78 
6 4 15 25 34 49 58 
6 5 7 11 22 49 71 
15 4 11 20 23 28 32 40 44 46 48 50 55 59 64 73 
7 24 31 51 56 58 66 78 
5 45 49 61 66 71 
11 4 7 15 16 17 21 58 62 69 71 72 
11 0 1 4 28 45 48 56 57 65 72 74 
9 0 5 9 21 29 55 60 75 76 
7 10 23 34 42 50 56 57 
5 46 47 50 59 68 
13 0 3 15 21 23 27 31 40 48 52 67 71 73 
6 16 23 51 68 72 76 
10 5 6 11 12 19 34 49 54 56 76 
10 14 20 30 36 38 47 51 56 65 72 
3 26 34 41 
11 16 22 28 41 45 52 61 63 70 77 79 
14 2 3 6 7 13 28 30 34 38 42 52 53 61 71 
10 0 32 33 36 44 56 58 59 62 69 
10 3 11 17 31 34 40 41 57 71 76 
13 5 6 10 12 27 28 35 43 45 54 59 64 78 
11 6 7 13 25 27 42 47 48 62 63 73 
10 18 20 21 23 48 54 55 58 66 70 
11 3 8 22 27 30 44 51 53 55 68 69 
14 17 18 23 30 34 39 53 54 56 57 58 63 65 66 
18 8 11 17 26 29 35 38 40 44 45 49 55 58 60 72 74 76 78 
13 8 15 18 19 20 30 38 40 50 55 62 69 74 
15 0 3 17 32 35 37 49 53 55 56 61 64 70 77 78 
7 25 34 41 49 51 65 77 
6 6 7 39 56 65 78 
11 6 16 19 20 29 36 47 48 58 69 79 
11 1 6 13 16 29 37 49 52 57 65 79 
9 2 18 23 25 47 52 55 67 73 
10 3 5 18 30 34 51 58 68 77 78 
20 0 2 3 4 7 9 10 18 19 29 38 45 55 59 60 62 66 69 77 79 
8 1 17 29 35 36 53 55 65 
11 0 6 14 17 24 26 31 42 63 70 77 
13 0 4 9 10 20 26 41 43 54 64 73 78 79 
14 9 20 25 26 28 31 37 49 54 57 61 65 74 77 
9 0 27 47 53 58 67 71 72 76 
11 2 25 31 33 36 37 42 48 50 70 73 
11 7 10 17 23 37 38 43 45 56 70 74 
13 1 2 4 6 19 27 34 42 52 63 68 71 74 
10 0 6 11 17 38 56 57 69 72 73 
6 2 10 17 20 39 78 
11 0 8 22 29 31 39 43 44 50 56 70 
11 0 1 3 25 47 58 59 64 65 67 69 
13 4 9 13 15 31 35 51 56 58 60 64 68 75 
8 19 23 29 47 61 62 65 68 
