840 4206
12 124 176 178 470 494 512 534 593 599 610 717 796 
8 33 62 178 286 389 591 696 810 
8 23 53 149 445 531 594 670 727 
11 87 223 234 256 277 308 442 465 512 677 738 
10 63 110 183 225 252 287 357 366 481 674 
14 30 33 86 130 183 354 407 408 468 492 554 600 622 816 
13 26 34 96 102 156 191 353 468 675 698 764 777 820 
8 12 61 395 450 569 668 733 753 
9 108 187 427 645 650 655 687 743 806 
11 68 165 218 305 504 510 554 576 610 625 689 
7 132 347 355 392 435 690 705 
12 18 20 165 250 268 375 396 484 522 532 707 738 
9 7 120 130 369 393 441 539 659 765 
10 62 143 175 197 260 432 483 560 653 752 
15 52 87 142 256 272 336 362 441 463 487 591 633 730 776 806 
10 149 218 244 360 628 636 723 739 799 818 
8 210 241 592 699 707 731 762 813 
7 82 171 333 355 362 487 489 
11 11 103 231 259 262 413 421 581 627 742 792 
6 107 171 363 490 557 589 
13 11 89 164 298 415 463 551 603 608 679 730 735 752 
12 200 206 256 343 428 473 484 539 544 628 748 809 
9 147 202 275 308 342 540 652 811 821 
10 2 196 210 214 371 385 404 542 603 763 
9 163 278 302 314 371 398 428 486 838 
14 145 238 262 316 320 337 421 467 505 630 654 675 753 808 
10 6 59 100 278 439 455 456 670 675 767 
7 122 165 304 385 569 697 728 
7 40 54 162 411 595 805 819 
6 45 64 95 597 643 748 
12 5 73 185 201 245 285 451 472 516 725 728 820 
4 225 266 555 785 
12 103 123 231 261 283 311 335 355 361 414 590 709 
11 1 5 36 81 143 222 356 423 516 579 794 
20 6 77 115 207 234 303 344 360 426 428 441 452 477 524 527 650 680 750 760 770 
7 92 116 187 284 363 364 700 
10 33 51 73 104 197 263 269 316 409 705 
13 89 148 164 194 295 316 527 603 676 706 707 721 793 
10 54 74 89 163 233 579 641 643 712 826 
8 150 163 346 428 510 583 592 791 
13 28 209 225 306 312 354 375 405 513 518 652 790 802 
9 50 429 447 545 549 622 684 760 839 
8 43 188 203 229 324 382 476 654 
16 42 188 193 204 244 325 333 453 577 584 598 616 620 677 748 757 
3 72 202 808 
10 29 62 444 486 503 505 537 633 639 738 
7 144 250 543 550 720 729 759 
14 93 97 153 200 326 334 412 448 491 515 702 726 737 762 
11 57 81 231 269 359 439 459 635 688 700 830 
8 161 209 271 352 374 472 475 777 
11 41 158 173 340 350 505 536 542 550 572 795 
9 36 212 262 327 364 587 610 648 677 
6 14 501 511 527 761 772 
10 2 118 166 167 172 220 272 277 309 690 
13 28 38 107 172 336 374 409 515 558 666 734 755 764 
7 133 290 336 377 406 673 687 
11 58 256 291 315 328 354 393 664 782 819 832 
9 48 76 80 151 244 353 357 369 570 
15 56 82 128 133 207 223 298 399 540 565 603 615 623 642 686 
7 26 215 354 371 524 526 771 
13 181 213 218 317 392 394 407 408 445 483 558 603 826 
14 7 202 297 413 459 564 571 632 639 650 719 753 779 815 
15 1 13 45 63 111 158 336 382 405 485 529 562 575 686 737 
17 4 62 98 113 143 145 158 224 293 425 438 454 471 602 691 702 828 
10 29 88 210 316 335 363 545 728 781 836 
5 148 322 384 426 689 
7 157 167 327 498 501 677 679 
4 194 383 423 534 
4 9 200 485 584 
12 77 128 155 170 277 362 456 534 580 596 725 763 
8 283 365 464 477 490 545 595 774 
7 203 349 468 545 546 681 798 
11 44 84 244 259 296 362 414 442 502 668 689 
10 30 36 132 215 274 287 361 443 586 826 
10 38 85 106 248 351 364 378 517 757 817 
10 152 156 286 297 336 365 399 509 524 578 
13 57 118 147 213 262 289 355 415 435 481 626 645 800 
7 34 69 99 399 585 738 740 
10 142 236 341 507 598 696 756 786 828 834 
8 249 274 340 586 613 673 800 806 
10 57 100 305 315 490 567 633 708 757 823 
13 33 48 97 106 123 451 495 555 580 626 692 777 815 
13 17 58 180 263 301 309 333 391 398 442 584 759 834 
10 127 149 364 457 506 655 659 688 704 789 
9 72 317 431 506 554 596 710 814 830 
11 74 124 253 275 367 482 515 684 732 814 830 
10 5 186 188 390 426 513 525 607 807 824 
11 3 14 189 337 422 521 577 605 663 699 771 
10 64 92 318 349 353 373 410 554 677 724 
8 20 37 38 97 453 561 594 623 
8 133 149 238 338 364 739 746 761 
11 137 178 226 409 439 542 614 622 736 764 831 
9 35 88 95 166 223 269 387 544 807 
8 47 139 181 342 380 388 686 688 
9 139 151 180 278 440 525 533 702 782 
10 29 92 100 120 223 384 596 655 726 792 
13 6 105 142 285 287 342 346 407 491 504 599 623 738 
20 47 81 89 98 126 144 190 259 265 396 458 478 503 538 566 635 689 765 784 786 
16 63 97 159 255 307 322 450 495 609 648 656 709 775 818 824 838 
8 77 114 125 320 356 674 729 800 
7 26 80 95 106 247 405 776 
4 260 270 300 612 
9 6 116 214 224 288 371 509 702 803 
11 18 32 243 251 279 367 448 518 742 747 832 
13 36 134 149 188 230 331 432 607 616 640 660 831 833 
19 96 126 287 289 291 333 381 422 443 460 495 496 512 552 641 752 786 810 822 
6 74 81 100 107 137 300 
13 19 54 106 147 369 401 431 435 520 653 744 747 784 
10 8 231 234 251 454 553 669 718 724 828 
8 121 242 262 400 447 523 641 814 
11 4 285 286 414 485 567 601 645 746 753 802 
7 62 209 377 490 500 668 824 
10 169 181 222 224 274 305 307 572 583 635 
13 63 117 118 217 327 329 342 466 520 581 717 758 816 
11 99 271 383 453 593 599 645 646 714 734 833 
11 34 301 378 464 639 723 766 767 793 808 839 
10 35 102 207 275 379 390 469 513 519 608 
14 113 144 421 515 566 573 578 613 627 629 684 727 805 814 
7 53 76 113 250 436 521 573 
8 179 330 407 489 557 617 680 781 
8 12 95 146 345 420 725 732 767 
13 109 183 275 277 453 470 519 523 537 643 733 750 794 
15 27 127 180 238 278 333 358 365 416 606 622 645 729 740 776 
11 32 81 181 189 378 512 535 574 655 732 801 
12 0 85 196 317 476 483 498 505 582 660 734 795 
6 99 239 320 473 526 836 
7 97 105 286 395 429 482 483 
13 83 122 247 348 372 410 498 500 648 733 739 753 799 
11 58 69 199 216 385 515 543 577 751 788 826 
6 157 194 211 325 415 472 
12 5 12 172 193 244 256 365 508 762 782 786 799 
5 207 240 368 414 541 
9 10 73 198 370 497 547 591 663 800 
10 55 58 90 159 235 375 376 563 658 829 
8 104 162 194 236 467 566 578 748 
8 150 272 284 444 621 658 680 727 
14 158 233 244 332 383 473 539 560 573 579 678 725 829 838 
10 91 106 154 263 301 323 516 551 639 701 
5 401 539 636 638 788 
9 93 94 183 323 558 582 657 689 775 
13 218 248 263 285 362 413 503 567 596 611 619 807 830 
8 173 223 354 612 685 711 745 747 
7 14 78 96 286 567 651 835 
9 13 33 63 375 491 553 600 709 752 
11 46 97 117 192 334 395 417 508 599 694 760 
12 25 63 207 261 279 283 299 323 413 433 681 738 
13 120 167 261 290 315 433 535 559 587 613 669 787 805 
12 22 76 107 255 319 324 405 512 643 662 762 816 
7 37 65 326 445 447 504 593 
7 2 15 83 90 104 359 456 
7 39 135 184 336 395 536 548 
7 57 94 268 340 539 563 611 
16 75 201 405 407 616 661 668 676 696 699 742 764 765 789 790 819 
10 47 180 195 272 288 298 336 365 631 689 
10 137 171 193 371 376 459 461 628 711 782 
5 69 194 195 703 755 
12 6 75 204 226 230 246 375 449 463 559 718 826 
8 66 129 206 245 291 577 718 796 
11 50 62 63 136 266 414 425 502 588 782 788 
8 98 133 209 404 560 616 682 726 
8 186 225 451 462 503 555 579 712 
8 49 191 243 283 440 527 676 799 
14 28 134 175 210 362 370 430 509 554 686 719 744 780 830 
9 24 38 39 182 185 226 255 488 800 
8 20 37 195 209 441 697 735 764 
13 9 11 27 261 280 282 326 339 379 575 620 658 808 
11 53 92 216 243 308 362 496 534 685 742 835 
8 53 66 146 268 390 433 660 754 
3 285 389 501 
12 112 282 302 363 409 464 483 562 661 675 695 770 
15 69 187 210 336 566 603 649 658 663 692 698 713 720 723 834 
16 17 19 154 193 199 246 257 371 467 561 565 623 667 780 805 824 
7 53 54 130 187 503 596 777 
14 50 141 224 248 311 318 323 391 469 485 562 586 682 726 
6 397 523 645 705 768 796 
13 13 162 309 343 344 396 421 616 624 730 777 807 825 
9 0 335 415 514 565 588 670 688 797 
10 202 249 259 372 530 544 687 743 784 834 
10 0 1 91 197 206 293 375 534 590 631 
9 119 258 295 297 343 537 643 680 815 
15 82 94 122 153 250 291 362 533 681 683 709 712 742 791 829 
11 60 93 112 123 216 262 310 452 497 524 668 
11 163 229 303 402 421 495 710 749 773 785 786 
17 4 5 121 139 248 289 372 394 453 465 511 532 593 620 654 815 822 
9 150 222 242 292 352 520 788 824 836 
13 30 163 239 358 374 405 465 486 504 543 575 677 755 
10 86 160 192 259 263 326 392 408 536 738 
7 8 35 170 172 745 787 822 
18 42 43 86 104 220 350 401 403 453 487 608 638 746 768 777 802 803 832 
9 87 123 308 531 603 628 769 810 834 
9 97 195 263 298 324 346 441 472 691 
11 6 161 215 384 532 639 650 666 806 809 812 
4 144 186 596 632 
10 43 130 154 171 251 395 451 459 703 728 
12 37 67 129 134 155 475 489 532 640 677 763 839 
11 153 155 164 190 225 259 316 425 595 661 830 
6 23 124 421 454 505 648 
10 13 36 178 435 495 577 579 652 699 728 
12 132 236 260 364 383 386 473 590 610 781 802 807 
9 128 171 270 337 344 577 722 788 795 
9 21 47 68 333 509 599 627 771 772 
8 30 152 211 220 224 491 757 797 
10 22 44 61 177 248 290 315 345 447 698 
5 42 71 355 748 783 
7 43 156 209 236 531 559 737 
11 250 310 369 484 583 632 637 659 666 743 792 
16 21 157 178 250 266 359 361 429 430 573 614 634 719 738 806 812 
14 34 58 116 131 145 369 457 511 633 647 649 663 758 822 
11 284 367 480 482 555 562 624 636 696 720 749 
18 40 49 111 159 164 204 236 373 397 432 459 462 504 562 600 725 744 834 
13 16 23 64 162 170 278 432 549 648 699 769 776 791 
13 129 201 249 383 409 426 446 451 642 681 756 760 799 
11 51 291 344 401 464 485 515 669 740 799 837 
6 60 76 435 632 641 656 
7 23 102 269 312 743 748 817 
9 59 73 191 229 442 460 475 768 779 
9 128 166 181 284 521 620 678 707 781 
12 113 329 410 474 513 527 539 572 609 657 676 682 
9 9 15 60 140 304 343 488 668 795 
5 397 470 598 643 790 
18 53 188 201 237 304 379 425 508 512 534 595 614 623 661 662 671 682 724 
7 262 279 468 513 536 787 826 
9 33 112 184 292 308 496 538 715 750 
11 3 58 92 95 141 275 279 308 393 503 659 
11 63 102 112 173 201 385 393 497 596 650 810 
8 4 31 40 160 195 316 777 811 
7 91 156 163 255 373 411 494 
8 253 417 463 478 550 554 596 713 
7 283 408 526 729 741 757 760 
11 42 182 215 258 275 305 318 394 468 641 675 
15 104 156 256 358 497 555 562 629 631 653 745 749 751 766 775 
7 18 32 48 108 331 600 686 
9 381 610 624 661 669 706 747 769 836 
7 38 136 239 413 512 766 767 
13 3 34 108 282 289 442 454 496 554 611 659 676 768 
6 133 304 690 697 779 828 
13 78 134 198 204 209 355 412 502 525 651 687 814 835 
10 220 303 305 338 350 509 556 572 745 750 
9 25 90 122 290 338 349 381 455 802 
7 125 185 233 472 582 688 749 
8 131 260 358 368 400 416 520 591 
7 16 367 499 634 638 719 813 
9 109 184 259 273 323 454 541 626 694 
7 103 161 166 279 403 485 584 
14 15 43 57 72 130 136 272 273 407 453 461 705 739 755 
7 30 157 263 332 408 448 609 
10 156 171 330 429 454 559 604 745 755 771 
9 100 127 451 515 520 658 659 728 765 
12 74 140 173 183 202 344 355 405 642 736 780 824 
14 79 177 211 259 305 607 608 611 689 723 751 754 771 777 
11 11 46 118 180 205 206 347 421 431 687 787 
15 103 108 193 258 315 353 434 446 605 617 622 663 721 786 813 
5 4 508 540 588 780 
6 85 227 348 569 665 669 
7 540 584 718 734 770 778 817 
11 98 147 163 226 265 343 523 566 594 597 812 
18 3 14 21 56 130 230 324 331 429 437 472 528 595 727 736 772 782 798 
7 171 316 534 551 574 742 814 
9 179 229 251 305 396 409 545 634 682 
14 18 72 97 177 186 195 242 249 310 611 676 687 748 758 
9 13 101 198 240 579 702 739 765 827 
10 32 145 146 165 581 587 657 673 679 812 
13 18 25 51 76 109 181 221 352 417 456 577 683 804 
10 36 82 137 140 186 190 245 574 649 729 
10 299 325 346 378 621 625 643 722 732 792 
6 97 255 275 355 432 446 
13 31 158 206 303 308 362 429 465 521 561 597 614 760 
6 365 453 463 467 572 577 
10 11 151 167 284 338 493 495 572 621 794 
11 36 48 92 214 275 367 440 447 451 465 490 
8 101 199 349 359 443 461 479 616 
7 49 114 293 499 565 571 776 
11 14 53 135 153 244 348 448 504 574 744 780 
8 242 244 279 319 414 472 521 678 
11 73 79 112 320 417 536 544 588 617 643 787 
16 22 85 116 121 223 229 265 269 307 328 430 534 598 621 754 812 
4 382 392 554 735 
10 3 53 69 121 287 300 321 493 499 821 
9 24 26 94 122 210 316 691 696 748 
14 103 145 221 223 243 273 288 419 423 499 556 589 683 712 
9 165 331 356 394 459 581 633 753 828 
4 387 567 630 774 
13 165 169 234 416 445 453 503 585 631 651 687 725 796 
12 32 70 145 161 228 287 316 389 414 614 719 826 
11 35 135 208 216 268 436 577 713 784 787 812 
10 30 96 110 140 168 437 445 522 684 706 
11 1 75 110 126 142 292 305 389 456 648 817 
11 4 73 96 105 277 283 381 454 461 675 764 
7 102 153 279 362 520 680 783 
9 76 105 183 234 400 569 589 624 805 
12 55 146 202 238 392 427 550 742 753 770 773 779 
8 56 105 157 180 212 402 444 766 
16 184 222 286 377 474 523 526 546 553 593 616 675 739 790 825 831 
9 63 178 271 331 561 648 746 767 792 
10 300 344 487 493 518 636 684 705 710 748 
9 37 179 402 414 444 533 579 660 762 
5 72 357 507 605 792 
9 61 75 179 487 651 671 736 803 836 
7 20 58 153 190 383 642 704 
11 145 264 392 400 505 555 653 660 667 738 815 
12 101 106 277 294 301 322 365 424 523 538 597 750 
14 82 115 137 300 363 413 449 491 565 579 620 634 683 813 
6 24 169 365 368 672 748 
13 34 182 237 266 316 379 441 453 477 602 620 656 702 
11 27 218 220 235 440 538 613 645 691 809 818 
13 9 80 112 229 237 249 258 286 484 490 491 529 627 
8 40 333 392 618 653 688 737 754 
7 98 112 275 338 484 671 700 
14 3 22 166 189 222 223 266 385 401 525 554 744 751 756 
14 53 82 175 323 387 416 436 536 591 592 632 650 671 826 
10 181 205 259 346 420 526 662 671 742 749 
13 32 173 349 469 524 533 554 623 728 733 735 787 820 
11 40 214 331 362 409 577 781 786 799 811 834 
5 370 377 413 461 740 
8 24 342 386 536 583 636 681 736 
13 56 80 146 202 251 341 369 372 442 458 467 741 838 
14 25 36 37 64 195 225 257 278 283 303 331 477 506 710 
6 60 84 124 486 498 531 
11 88 173 229 330 360 420 521 716 787 810 822 
9 147 273 469 524 527 692 694 710 757 
12 25 99 125 274 348 414 458 541 565 694 743 772 
7 277 580 596 635 744 752 797 
8 65 98 300 329 359 706 818 835 
15 137 139 145 173 242 309 395 401 480 635 648 677 729 741 829 
9 42 147 190 256 466 552 636 667 672 
12 43 129 264 357 385 386 388 395 478 607 663 778 
9 47 148 165 186 367 393 420 599 645 
7 51 66 113 431 449 584 730 
9 56 275 508 551 626 642 692 809 838 
13 113 217 322 330 367 606 659 718 772 787 791 793 822 
7 119 246 318 329 567 631 748 
13 104 231 256 280 293 312 316 474 476 657 745 815 837 
5 136 245 612 631 637 
13 17 43 82 105 122 200 306 431 682 683 819 820 831 
8 47 144 463 493 596 675 690 817 
8 32 64 176 369 415 538 722 725 
19 14 54 55 62 75 150 153 170 469 485 653 689 691 701 703 771 772 777 820 
14 25 87 199 399 422 498 526 539 541 546 596 611 618 806 
17 90 237 238 268 307 365 371 379 386 411 423 484 497 510 515 573 749 
6 165 463 615 773 786 838 
8 50 79 151 522 534 559 611 657 
8 78 315 489 508 599 653 768 820 
7 22 93 96 113 314 499 517 
10 21 175 179 218 255 376 428 740 799 814 
9 34 175 199 212 248 294 390 621 790 
7 120 202 432 476 511 765 782 
8 39 96 190 264 310 376 459 691 
10 10 250 414 479 502 539 583 626 631 635 
13 127 253 272 320 402 502 547 653 661 697 752 774 800 
14 71 88 238 270 311 383 417 533 554 606 687 764 772 798 
5 50 188 237 381 825 
6 74 436 447 471 604 734 
3 49 184 262 
11 6 57 88 251 417 513 544 605 639 758 779 
12 5 40 56 59 141 382 404 495 505 597 688 782 
14 10 17 32 76 203 236 248 265 398 510 511 573 689 700 
8 33 99 280 432 442 573 625 690 
8 4 57 296 325 527 546 622 772 
10 122 185 230 240 369 461 490 553 699 701 
16 48 149 206 270 322 369 423 590 598 608 622 626 629 636 639 644 
8 15 34 318 362 363 371 493 831 
7 32 73 206 402 536 548 561 
20 14 17 69 72 140 162 166 180 266 288 312 360 364 370 383 492 517 522 575 628 
13 19 35 64 169 301 360 425 488 495 601 644 650 769 
15 35 51 74 83 90 198 362 373 391 540 562 563 609 671 683 
14 70 75 122 130 153 267 300 302 338 488 542 593 660 679 
12 4 391 423 514 543 586 613 687 817 819 824 833 
13 85 103 208 241 269 326 329 475 638 692 704 715 828 
5 131 240 302 484 569 
14 12 57 107 205 207 315 335 358 359 416 538 658 676 752 
11 132 162 313 362 412 560 585 594 599 636 755 
14 23 24 59 102 154 171 338 360 387 427 438 527 738 802 
8 127 177 183 315 482 617 620 740 
7 88 209 226 364 563 636 790 
9 49 54 185 396 467 502 515 612 819 
16 11 40 133 143 156 178 389 442 511 588 592 639 704 728 737 784 
7 133 154 343 346 658 728 782 
10 55 111 292 313 424 491 559 760 767 837 
10 74 115 123 264 395 488 543 623 641 663 
13 116 165 220 303 338 469 486 499 525 596 640 651 705 
4 93 520 584 775 
11 105 232 238 287 350 418 483 618 685 694 698 
7 42 62 276 354 424 713 792 
10 67 114 136 198 211 298 349 362 426 620 
7 65 95 191 388 531 700 778 
14 23 27 128 224 308 325 439 441 483 529 580 704 776 813 
8 198 314 325 338 405 419 654 803 
11 92 281 309 371 437 455 665 687 722 783 797 
6 93 325 384 433 601 669 
7 1 168 283 286 375 611 696 
11 86 116 167 344 453 525 532 556 685 820 828 
10 82 173 364 366 445 593 651 671 697 745 
11 10 60 186 276 290 299 306 564 793 808 834 
10 12 56 223 224 326 402 495 606 613 662 
8 60 183 229 280 399 402 577 740 
14 7 126 144 150 193 323 325 378 399 472 508 649 664 690 
18 11 97 175 258 374 416 466 513 521 559 574 578 609 686 688 714 758 762 
6 174 209 219 641 689 788 
10 24 82 355 402 468 516 529 623 669 706 
15 58 75 77 337 394 395 400 544 605 685 695 705 784 787 829 
10 109 240 289 299 399 417 485 492 513 642 
17 107 138 188 212 308 323 411 504 505 548 566 591 635 659 772 782 786 
13 182 291 295 348 361 393 394 398 442 514 621 669 772 
8 188 243 493 514 760 779 784 794 
10 23 159 354 444 472 475 558 583 604 638 
11 40 62 100 147 152 185 248 386 685 713 831 
4 55 435 546 711 
11 5 60 96 119 152 244 529 547 576 686 828 
11 5 60 186 228 245 500 582 631 688 713 826 
13 36 54 91 169 211 258 312 424 427 428 566 801 824 
13 88 127 217 440 536 552 675 720 723 740 757 792 825 
11 28 226 338 401 435 523 530 659 667 717 725 
4 47 236 370 485 
13 18 61 140 145 233 301 313 464 545 568 642 745 755 
15 32 72 110 131 158 273 283 295 320 347 429 447 466 649 719 
12 20 76 129 176 335 458 610 624 754 782 785 833 
9 122 240 282 309 369 396 470 594 691 
16 144 227 262 274 349 353 400 418 438 518 563 581 588 597 631 798 
4 381 417 594 613 
4 279 386 524 580 
9 120 310 318 326 451 470 647 790 793 
9 18 25 117 175 182 196 250 593 679 
6 87 105 337 545 643 815 
7 33 67 279 338 359 366 793 
10 300 377 382 409 435 487 571 591 723 729 
6 63 158 195 220 363 776 
12 34 65 86 211 383 446 463 593 692 700 708 809 
6 8 290 371 409 564 700 
14 21 24 34 39 343 409 465 514 530 541 616 706 748 790 
10 41 126 206 246 256 266 414 593 677 752 
4 162 206 275 455 
10 84 107 250 327 333 477 498 788 818 830 
12 13 104 209 210 265 345 356 510 532 682 703 829 
12 145 146 167 388 461 564 593 617 749 784 794 833 
3 251 492 764 
13 10 76 107 197 213 406 411 424 461 534 644 661 678 
13 118 284 309 351 458 490 558 576 610 617 661 774 805 
6 256 285 387 471 528 611 
10 63 371 417 581 594 600 649 743 748 830 
8 26 48 91 385 510 573 586 610 
14 94 161 269 304 410 517 661 669 681 742 763 780 804 835 
10 12 14 34 164 190 303 385 529 601 649 
11 3 72 82 215 234 315 356 375 402 527 802 
8 73 105 270 506 677 688 751 818 
13 45 135 291 295 404 500 559 633 696 734 759 798 803 
11 2 60 148 282 285 391 517 551 632 646 752 
8 211 251 265 426 556 681 703 828 
17 41 109 148 202 269 351 414 458 524 538 598 629 662 718 755 763 769 
9 47 103 245 272 505 568 593 681 816 
10 156 301 327 552 562 626 678 691 762 799 
11 7 98 472 544 546 578 584 591 640 702 712 
11 30 81 160 193 211 247 269 420 465 741 793 
7 34 181 473 593 649 778 810 
13 43 89 114 121 183 188 244 267 282 303 390 478 558 
9 63 108 196 234 242 246 287 456 695 
7 26 238 387 430 567 707 759 
14 26 69 149 262 286 454 474 499 535 545 609 699 738 803 
8 83 207 538 552 728 760 790 803 
10 97 315 320 415 436 447 552 719 753 824 
11 48 61 154 193 209 280 346 486 577 652 815 
2 105 215 
21 154 244 270 287 313 358 433 435 469 541 550 560 571 585 642 669 701 758 767 798 827 
8 160 209 503 606 652 769 785 826 
10 14 20 156 227 267 334 339 426 539 775 
8 70 115 169 212 413 521 559 812 
14 3 183 185 266 269 428 451 515 591 600 643 685 793 830 
8 113 324 396 414 524 529 591 672 
7 25 134 171 267 315 374 677 
13 5 6 71 221 229 398 488 575 579 689 707 746 791 
10 116 173 311 319 336 379 461 470 557 782 
11 0 121 219 416 420 469 611 660 662 737 767 
7 63 351 437 498 582 822 823 
13 30 49 129 190 239 256 273 395 404 450 559 671 819 
10 21 125 136 198 452 496 732 753 794 834 
9 217 292 331 456 574 588 607 695 729 
13 49 194 215 367 404 527 557 604 620 627 664 693 787 
7 42 124 331 345 521 699 770 
9 34 70 303 316 431 560 629 661 791 
7 97 227 325 453 632 650 764 
3 270 347 758 
4 208 323 549 696 
6 4 76 508 540 559 623 
11 85 126 208 372 568 587 607 625 676 775 811 
12 13 60 124 126 169 381 385 490 557 582 820 830 
11 11 21 205 305 307 338 368 729 748 761 798 
20 62 68 110 173 212 243 336 400 412 513 576 583 609 620 647 663 701 737 783 793 
14 24 45 185 317 379 459 493 521 541 603 610 721 761 803 
7 14 17 188 294 297 424 766 
10 163 218 363 365 378 468 511 529 719 787 
13 17 119 194 341 520 566 614 619 662 668 733 801 823 
11 19 70 80 111 269 305 358 436 483 667 725 
11 47 96 143 201 301 305 377 640 712 793 834 
12 5 362 400 434 511 522 612 666 696 702 816 838 
13 268 277 294 334 360 403 486 499 552 567 633 652 815 
6 0 226 610 748 814 837 
11 81 98 105 182 197 268 354 363 393 520 796 
14 105 166 222 234 473 531 532 565 635 645 735 770 781 818 
10 132 181 224 230 338 524 582 643 721 775 
12 66 124 127 317 337 431 471 525 537 583 674 705 
10 241 271 277 279 342 379 456 493 606 612 
7 111 127 408 444 698 767 830 
5 52 66 168 732 808 
11 72 158 236 347 348 374 506 513 555 574 696 
15 45 97 140 160 172 223 282 462 543 592 658 691 720 815 824 
9 9 96 148 185 209 272 401 636 659 
14 25 45 50 124 196 299 354 401 448 545 623 632 714 836 
6 83 84 316 443 502 803 
4 78 296 639 698 
13 130 144 220 252 328 341 395 481 535 570 675 719 739 
7 75 102 162 200 237 622 753 
9 9 39 338 355 432 439 512 540 674 
14 52 183 207 345 355 375 488 492 526 617 630 800 801 815 
13 0 3 105 123 147 220 233 510 559 653 657 659 776 
12 40 86 116 217 221 353 396 400 485 502 558 699 
9 176 366 402 403 428 533 601 715 820 
13 47 54 85 117 128 212 247 338 374 465 519 747 785 
7 30 33 137 398 613 642 686 
8 74 342 362 440 445 536 617 661 
7 40 103 294 417 524 569 599 
3 116 121 515 
12 107 113 184 240 247 288 380 489 495 588 635 641 
10 87 118 216 266 273 318 396 464 476 486 
11 11 285 340 362 492 602 622 648 660 736 771 
12 109 121 174 255 292 300 411 567 596 633 775 838 
14 34 59 75 181 311 319 419 447 466 497 518 769 770 834 
9 86 94 236 308 379 390 498 648 832 
11 59 125 228 292 310 337 511 532 638 662 691 
14 34 37 52 161 217 319 357 371 442 475 652 783 795 810 
4 256 437 579 608 
11 62 305 385 398 407 441 466 488 593 638 711 
5 177 411 428 585 649 
9 2 189 204 317 384 496 660 762 777 
10 11 183 191 194 390 432 496 526 536 734 
12 94 180 295 311 349 514 591 642 643 646 724 728 
17 0 67 69 166 178 220 257 275 340 435 589 591 598 690 743 753 813 
10 123 146 456 508 628 658 728 762 790 793 
13 50 150 186 221 274 309 314 361 410 517 532 785 839 
8 45 121 179 498 554 588 710 778 
14 97 222 300 304 335 369 447 457 544 572 600 601 637 698 
11 12 21 136 138 151 217 337 347 463 547 787 
9 22 58 252 254 364 481 510 676 710 
13 131 242 320 337 428 461 486 606 727 748 782 799 837 
7 23 50 91 365 565 595 599 
12 46 128 185 366 378 503 568 612 691 729 751 753 
8 21 92 177 274 353 399 450 538 
11 41 64 70 71 258 413 422 456 505 597 661 
9 71 292 337 357 406 450 557 820 830 
7 132 348 407 539 552 671 703 
8 150 361 401 558 640 660 718 835 
6 41 210 480 747 820 836 
10 46 50 227 290 461 582 645 660 713 720 
8 20 137 257 328 445 589 620 633 
11 105 324 410 449 457 458 493 547 633 692 708 
7 108 143 292 358 611 705 821 
16 5 9 84 88 162 227 234 276 308 311 349 537 759 761 766 779 
10 31 81 160 208 230 299 502 577 581 763 
10 237 279 390 446 570 623 649 667 703 709 
10 19 119 469 475 483 546 569 623 696 786 
14 54 60 139 404 436 453 513 548 577 618 640 710 711 827 
13 146 156 204 246 340 377 396 444 464 472 481 512 698 
9 13 136 159 370 461 477 572 696 737 
8 89 171 266 293 361 578 597 709 
9 62 169 173 208 209 230 364 449 810 
7 133 151 364 373 417 583 724 
7 61 392 427 433 708 806 821 
12 58 171 176 271 301 320 496 542 584 596 682 759 
11 97 117 134 170 255 401 409 489 604 644 652 
14 80 110 140 142 281 330 455 493 523 624 666 728 737 837 
8 413 448 482 543 657 697 714 795 
9 7 27 253 289 368 518 557 614 788 
7 57 508 556 655 670 742 761 
7 61 271 424 461 595 690 734 
12 50 112 217 237 267 268 538 560 650 680 703 770 
14 117 118 136 206 338 355 356 439 605 633 636 683 787 827 
9 123 257 263 272 396 474 502 627 704 
7 62 165 185 362 468 599 633 
6 9 407 436 485 649 816 
17 43 87 128 157 197 199 262 267 284 312 394 459 555 558 612 799 819 
7 75 117 134 396 450 561 612 
13 33 38 136 160 197 260 295 301 468 528 600 620 675 
11 69 81 321 385 419 582 601 636 647 755 806 
9 18 113 261 280 417 438 555 586 733 
14 124 139 239 408 471 483 497 550 580 650 665 752 758 829 
13 39 112 205 314 347 404 485 498 563 588 639 650 729 
12 43 68 82 243 254 327 380 450 565 662 754 774 
9 77 282 370 461 530 599 608 739 786 
11 73 79 173 366 439 581 613 616 681 688 790 
7 51 146 261 482 649 753 817 
13 158 176 252 274 375 417 474 520 537 583 640 698 741 
9 19 279 289 534 551 603 744 800 809 
6 32 178 198 359 718 838 
12 1 14 132 240 309 401 424 450 465 466 533 534 
6 16 39 309 375 503 798 
16 0 114 148 183 292 365 391 421 426 429 433 448 452 529 645 690 
9 2 89 255 370 416 418 438 630 753 
8 28 70 195 220 256 542 571 614 
17 69 84 95 140 172 192 224 227 321 334 337 379 523 565 604 666 707 
14 29 255 266 300 354 417 545 561 603 639 717 739 766 777 
10 43 78 219 275 359 447 534 626 637 671 
14 0 96 114 144 200 326 341 370 518 542 575 585 638 743 
10 5 143 209 231 438 465 538 579 744 820 
8 110 363 388 441 514 538 580 837 
5 63 303 522 615 677 
14 20 23 37 58 60 170 189 486 589 597 656 761 777 815 
8 246 351 404 475 566 596 608 625 
7 87 251 296 353 399 573 707 
11 122 329 349 393 462 499 541 651 697 721 803 
8 86 104 249 325 474 482 626 675 
13 20 116 188 249 359 528 585 604 649 673 688 731 735 
10 98 217 245 364 396 456 485 669 688 735 
15 0 9 51 198 232 415 436 439 486 494 611 614 616 669 674 
13 140 151 234 249 259 337 340 389 437 470 553 610 794 
10 101 141 332 374 492 499 543 577 578 653 
10 79 117 146 304 366 393 418 516 586 759 
11 91 206 220 266 283 489 569 595 610 636 753 
5 58 339 602 694 730 
14 43 104 152 159 175 270 292 428 586 610 663 667 736 738 
13 119 251 274 372 433 436 511 517 622 631 727 735 806 
8 306 337 381 558 692 735 757 811 
7 140 489 620 633 676 688 772 
13 43 165 183 216 301 303 372 383 475 485 551 579 619 
7 135 264 268 275 344 402 644 
11 5 41 91 122 251 357 359 509 522 617 814 
16 58 89 96 171 220 311 378 398 481 505 556 557 686 760 765 839 
6 175 208 232 289 415 567 
7 9 264 356 482 604 795 828 
10 76 81 242 328 347 359 449 598 607 825 
9 18 117 200 305 475 574 708 782 826 
9 15 21 154 189 362 535 677 717 820 
8 117 230 359 447 477 646 655 728 
7 25 281 511 594 731 738 810 
12 153 178 230 282 330 332 347 408 417 617 770 830 
13 61 192 205 213 309 445 478 505 670 693 700 813 819 
15 14 45 80 207 280 444 493 523 551 552 573 575 619 637 688 
4 206 241 258 301 
10 48 97 112 321 323 347 401 496 520 771 
16 15 138 208 294 314 324 359 370 373 504 573 580 614 668 689 802 
6 205 332 538 598 633 773 
9 138 188 241 367 404 526 529 599 662 
14 45 61 115 137 191 353 359 375 507 583 597 675 725 732 
11 104 194 379 450 491 548 558 588 699 725 730 
9 38 105 109 213 229 378 397 520 764 
11 58 211 248 298 328 400 413 461 516 533 686 
15 29 38 121 147 179 219 264 274 422 465 497 533 668 735 757 
7 359 363 435 566 621 725 740 
14 8 76 110 114 122 174 304 326 496 550 593 652 753 786 
4 114 445 533 629 
8 207 420 485 580 668 742 756 768 
13 51 98 127 196 210 286 293 323 522 525 654 762 796 
14 170 207 263 395 414 438 441 452 530 556 576 587 608 695 
11 8 34 61 191 224 309 363 478 572 582 583 
7 142 236 282 297 379 391 606 
14 22 40 197 459 462 493 527 566 645 655 665 682 684 807 
12 13 107 230 299 306 336 341 348 512 612 759 793 
9 25 42 183 386 648 670 780 785 839 
11 8 83 95 123 570 629 652 689 698 759 772 
5 98 213 303 603 757 
9 139 217 261 331 340 512 568 724 774 
14 133 135 165 170 247 369 376 503 535 725 744 790 836 837 
12 12 83 205 223 234 247 329 401 411 504 512 758 
12 104 124 167 295 299 365 470 522 531 548 550 729 
13 152 169 195 220 232 348 435 436 440 477 517 545 743 
11 147 220 310 393 447 470 489 526 584 638 811 
11 87 132 170 207 251 325 378 485 616 666 813 
7 56 395 475 744 803 816 820 
5 253 387 582 652 730 
10 54 191 205 492 567 596 663 689 710 809 
14 171 299 324 411 490 556 616 688 698 721 760 793 802 815 
11 7 72 111 152 181 218 489 636 643 647 800 
15 108 146 212 232 253 388 398 402 440 461 609 610 770 792 831 
6 2 26 176 570 632 654 
12 220 297 307 309 310 364 391 472 547 598 680 749 
5 302 324 466 697 745 
4 55 79 261 608 
8 4 99 498 510 610 710 748 824 
14 6 25 26 169 229 287 292 334 410 508 579 607 639 695 
13 37 152 161 217 234 259 369 482 540 619 703 805 814 
18 3 43 51 66 88 185 194 323 429 443 467 602 628 714 731 740 772 782 
7 136 216 273 435 449 757 793 
7 20 66 261 365 421 754 819 
9 34 119 135 179 288 572 671 697 823 
10 71 145 180 211 314 440 446 448 586 704 
12 159 173 217 220 258 333 432 565 652 702 761 786 
10 180 262 279 301 333 364 573 689 690 760 
7 41 85 117 285 294 652 805 
8 141 166 381 390 399 405 465 745 
11 58 62 93 162 231 396 407 516 623 642 823 
12 8 55 177 236 250 259 282 349 366 387 762 827 
20 48 83 93 176 239 306 354 396 408 443 586 608 609 619 633 667 744 768 784 827 
15 9 65 72 97 139 153 249 336 355 397 468 636 655 666 683 
13 10 53 235 334 356 395 534 571 593 683 713 795 806 
13 63 190 278 304 336 346 416 449 503 526 543 715 753 
8 81 170 319 328 367 426 552 618 
5 475 632 706 725 747 
7 144 242 319 320 381 615 699 
8 169 399 454 474 649 675 709 727 
13 1 78 152 208 278 389 444 480 492 502 557 560 744 
11 27 164 235 348 391 568 606 672 680 815 830 
12 6 170 202 381 500 507 538 559 588 655 667 789 
14 16 87 152 197 210 358 456 476 513 640 694 726 788 824 
10 35 48 307 355 384 426 427 632 741 819 
5 137 336 358 461 485 
10 47 63 94 102 260 303 450 492 682 818 
11 155 193 336 432 446 547 556 572 676 755 782 
8 83 298 367 375 385 574 681 755 
9 10 36 174 244 294 379 399 498 553 
8 37 232 285 322 398 428 693 767 
8 11 16 37 216 455 468 596 605 
5 80 426 552 564 627 
9 32 98 143 180 556 561 695 717 801 
10 84 182 294 316 319 537 540 558 666 674 
8 141 154 406 529 558 741 800 811 
7 38 160 180 279 450 491 762 
10 170 227 284 382 405 408 550 690 738 832 
8 114 396 505 568 677 768 773 815 
5 222 367 514 691 783 
1 318 
8 0 113 411 597 628 709 747 792 
9 108 156 157 254 329 447 548 590 829 
9 61 162 206 241 283 414 458 488 508 
8 46 170 208 410 503 550 826 827 
7 37 251 486 497 606 667 792 
7 199 264 335 387 737 759 762 
6 15 115 170 249 410 424 
6 88 108 220 533 563 657 
15 30 69 120 136 209 282 335 411 490 639 640 644 658 693 787 
6 47 95 159 173 699 795 
9 2 117 135 256 541 617 695 739 807 
14 27 30 64 193 197 247 311 375 376 457 533 535 567 629 
14 46 99 122 228 263 323 424 474 484 543 583 660 783 832 
7 14 20 175 327 615 640 665 
4 16 608 630 677 
9 85 120 123 264 473 501 639 742 821 
8 7 121 127 311 489 581 824 826 
10 54 114 124 254 351 444 532 571 736 739 
11 20 164 276 311 496 608 609 617 618 643 753 
9 91 248 256 297 314 522 616 734 796 
13 47 62 204 306 375 470 485 560 567 722 759 777 800 
14 3 11 45 77 96 145 186 206 299 371 456 616 630 713 
11 15 90 127 244 260 292 508 585 597 727 734 
10 77 122 212 313 343 372 394 410 644 677 
7 228 315 323 451 588 700 711 
12 18 103 152 166 180 257 290 310 440 570 647 732 
9 8 177 205 214 320 438 534 599 661 
13 107 162 209 272 308 321 589 600 658 664 688 696 750 
11 141 187 230 237 246 331 391 413 672 685 775 
5 90 110 188 293 468 
9 103 107 141 232 515 549 693 717 836 
17 21 29 43 134 203 214 259 278 294 302 330 428 438 484 494 541 674 
9 182 208 230 239 310 338 433 671 792 
6 34 121 222 237 300 744 
6 128 230 249 308 443 543 
11 13 20 105 143 321 348 369 429 445 582 802 
22 7 25 61 110 127 280 290 458 473 509 534 543 587 594 614 645 691 735 760 786 813 822 
9 167 249 275 306 415 584 679 813 819 
11 54 155 185 244 246 370 413 447 580 703 704 
5 78 211 308 647 761 
13 43 74 80 201 228 319 410 618 643 656 678 773 817 
14 113 207 259 353 396 461 479 582 659 771 795 796 824 827 
13 46 82 444 455 554 565 613 653 655 722 737 787 836 
13 34 41 144 211 228 266 377 403 457 623 667 683 753 
9 52 90 484 486 554 570 603 682 756 
13 16 47 130 147 295 396 449 531 535 648 687 712 722 
6 23 69 194 440 447 555 
12 6 54 91 152 164 287 349 434 478 641 783 799 
9 12 97 152 247 260 345 623 779 813 
10 115 230 233 291 487 554 597 787 830 839 
11 26 115 120 233 293 377 461 470 500 706 802 
8 174 188 215 234 341 647 688 714 
7 189 210 232 363 447 462 524 
10 34 169 254 290 476 496 524 572 631 669 
12 59 87 200 246 249 336 522 635 758 772 800 803 
15 52 200 256 320 329 336 349 357 401 402 619 655 677 771 822 
8 182 290 339 637 714 757 778 804 
6 70 281 348 436 584 657 
11 98 139 230 380 463 482 497 523 745 783 788 
9 14 100 122 210 271 385 425 512 803 
15 6 49 81 172 175 188 225 249 336 531 597 603 737 822 833 
6 254 325 384 452 537 773 
9 61 215 235 290 353 403 554 765 790 
7 162 171 248 252 272 440 654 
7 64 119 198 216 312 496 792 
16 56 94 130 154 158 256 345 354 376 401 415 469 541 627 677 703 
9 203 288 387 485 527 715 729 764 775 
9 97 107 177 284 375 399 403 433 688 
7 31 182 415 462 515 536 654 
15 78 97 105 130 182 251 312 339 401 557 585 645 682 753 815 
17 146 187 221 250 274 284 311 318 329 399 475 488 539 573 725 759 766 
10 128 138 158 184 199 397 431 569 699 775 
3 83 152 698 
13 40 152 219 292 344 373 420 428 457 535 586 658 779 
7 39 180 210 329 468 477 820 
14 18 95 205 264 293 296 382 410 669 717 721 749 781 832 
15 37 115 329 392 420 423 451 465 485 491 535 653 667 678 800 
7 33 121 268 403 433 473 611 
10 50 124 199 218 527 568 625 690 726 758 
8 0 157 174 282 495 648 736 758 
5 176 201 321 387 810 
8 71 256 349 417 444 461 484 592 
12 15 127 130 161 211 212 312 343 449 541 577 764 
14 76 79 99 132 163 348 511 589 668 711 737 771 793 814 
5 123 409 489 511 709 
11 40 110 188 198 238 371 442 636 667 752 767 
14 102 188 297 386 444 456 457 486 506 606 664 771 776 826 
3 262 440 773 
8 28 117 146 171 289 436 676 684 
10 8 14 79 191 206 337 564 580 617 690 
7 86 92 140 175 198 652 727 
6 25 44 115 165 392 501 
7 21 191 304 328 426 589 666 
10 1 105 189 224 318 452 527 562 630 797 
7 22 225 312 482 618 662 711 
7 191 206 255 261 275 284 464 
11 16 241 251 301 385 534 632 663 753 754 765 
11 84 85 109 117 236 257 343 494 622 676 800 
16 61 81 179 183 299 331 422 459 493 503 511 603 667 697 714 786 
7 5 113 147 448 492 576 664 
8 74 214 254 286 334 366 587 757 
8 15 98 304 322 431 443 496 702 
12 28 56 152 333 366 374 472 577 632 679 700 754 
15 6 30 311 333 336 341 390 483 514 546 549 600 628 664 791 
5 22 277 553 564 732 
10 105 183 187 207 318 329 471 753 772 777 
5 80 471 489 680 686 
14 86 98 111 171 184 248 366 409 458 503 674 699 733 758 
5 175 292 350 410 626 
14 38 60 73 128 156 221 283 309 408 462 627 720 733 803 
8 260 461 558 573 687 688 720 758 
10 63 78 108 235 280 367 390 407 446 625 
8 133 136 180 323 399 432 582 718 
15 48 84 85 140 162 195 431 438 465 483 500 546 631 697 766 
7 91 104 292 333 360 405 669 
7 56 103 188 525 713 729 792 
6 104 114 366 415 433 777 
11 78 82 170 177 189 209 312 392 473 491 524 
6 142 166 236 322 440 548 
10 64 125 184 232 297 505 549 658 747 759 
8 212 331 377 494 541 567 601 658 
10 24 98 136 315 328 339 492 523 590 839 
8 41 115 194 536 623 654 766 838 
840 4138
7 32 108 146 328 666 688 735 
6 48 81 86 196 296 404 
9 224 304 441 488 551 604 699 723 838 
10 17 127 351 391 503 545 688 744 751 836 
9 88 183 222 283 293 341 345 583 609 
10 122 163 172 225 291 307 378 394 511 746 
14 36 81 151 170 218 453 462 561 610 622 727 746 824 829 
10 87 157 305 366 429 478 502 605 753 811 
5 79 141 304 360 420 
13 75 119 145 172 196 222 235 262 645 699 727 735 779 
10 25 45 194 275 352 367 539 588 622 706 
12 36 110 193 250 418 458 467 547 561 665 708 788 
8 137 169 272 358 362 613 750 813 
12 62 107 133 193 247 336 365 403 580 582 719 750 
11 33 141 264 365 414 459 570 592 615 691 808 
13 23 29 51 84 112 156 218 246 268 421 550 737 738 
7 47 89 192 253 397 438 506 
11 3 90 105 195 407 442 578 589 647 720 771 
10 155 172 232 302 321 369 610 622 646 813 
8 223 264 293 357 478 593 719 790 
7 242 317 327 338 434 502 536 
12 30 95 131 221 268 269 595 663 665 717 788 825 
5 140 243 291 517 619 
13 15 192 301 406 422 457 486 514 539 548 557 653 752 
5 79 260 391 736 807 
13 10 30 59 73 107 293 404 413 460 503 515 685 717 
10 49 70 308 355 363 425 463 651 681 792 
9 62 134 167 312 366 371 489 508 664 
8 30 62 473 536 549 753 782 819 
9 15 174 179 184 241 368 457 520 777 
7 21 25 28 151 255 288 325 
8 304 320 412 420 478 602 771 822 
9 0 84 198 216 311 335 423 453 659 
18 14 38 67 128 156 177 218 311 369 476 517 526 563 576 665 668 689 729 
10 122 221 309 315 361 406 461 535 642 769 
10 50 86 163 297 312 507 519 556 575 743 
13 6 11 57 125 158 190 194 241 308 369 475 739 740 
8 78 88 198 255 377 431 457 640 
13 33 47 51 62 141 174 253 360 451 501 515 567 718 
12 277 296 405 413 461 509 514 542 545 721 826 831 
12 181 192 193 429 460 505 534 538 603 652 702 763 
6 200 256 296 455 538 609 
10 312 341 418 463 474 566 571 599 623 645 
6 496 515 521 533 602 688 
3 594 664 697 
6 10 93 171 381 653 818 
16 63 121 123 145 204 205 279 293 300 348 354 433 435 514 628 708 
13 16 38 97 154 200 236 335 567 645 698 706 718 724 
9 1 117 274 591 603 674 772 779 838 
11 26 72 132 134 187 247 420 558 563 682 770 
11 35 294 349 441 454 490 519 639 733 734 786 
7 15 38 102 167 594 719 758 
6 152 250 281 456 476 734 
12 70 120 135 173 254 304 342 487 544 656 692 707 
11 139 157 180 339 419 457 567 615 658 748 766 
9 146 170 214 233 248 253 273 627 708 
11 90 164 207 242 353 363 381 386 413 635 660 
15 36 96 164 244 449 473 479 535 643 645 649 655 718 744 821 
9 92 99 122 126 141 403 450 454 816 
8 25 147 218 392 572 582 699 808 
11 79 164 310 314 368 433 443 500 559 745 774 
7 121 186 287 295 485 786 824 
10 13 27 28 38 140 195 258 416 636 711 
10 46 129 211 276 415 444 490 571 575 633 
10 131 159 163 249 328 338 344 377 597 716 
12 104 180 196 219 242 275 380 484 485 506 622 658 
9 81 175 287 361 368 441 607 727 739 
12 33 97 102 164 299 313 384 431 490 570 687 738 
10 88 122 201 428 582 596 604 788 792 835 
14 179 183 316 346 353 424 442 565 573 577 595 669 765 810 
10 26 53 108 157 281 331 335 503 771 831 
10 182 202 241 258 281 489 563 565 581 762 
12 49 91 128 186 216 295 398 533 554 580 730 820 
12 25 87 91 252 282 319 431 460 570 574 699 740 
11 98 216 267 278 355 621 727 734 791 825 827 
8 9 110 148 275 404 450 546 740 
8 136 210 313 387 418 648 734 811 
6 485 553 682 767 823 834 
11 37 140 373 389 469 567 618 648 690 703 755 
10 8 24 60 149 207 258 353 373 404 682 
8 155 350 464 487 666 719 721 791 
9 1 6 66 192 475 491 629 695 758 
14 86 109 186 243 368 385 439 458 518 545 663 739 749 772 
6 84 238 357 638 697 815 
10 15 32 83 303 448 490 557 652 721 781 
9 185 252 320 393 401 605 716 756 769 
6 1 35 82 173 656 668 
15 7 73 115 123 165 201 261 376 380 455 568 595 613 647 733 
7 4 37 68 143 230 452 643 
18 16 129 144 152 224 238 326 350 378 388 397 405 648 661 722 771 818 826 
9 17 56 142 192 485 601 661 667 820 
14 72 73 117 144 162 171 208 248 324 363 410 534 581 756 
8 58 101 261 359 436 446 484 711 
11 45 236 246 252 404 445 469 533 591 766 803 
7 144 202 328 627 691 739 775 
9 21 166 206 389 438 620 749 807 820 
7 57 198 202 361 548 591 677 
13 47 67 176 212 273 283 355 385 431 597 676 796 824 
14 74 105 114 121 240 289 374 455 572 654 686 726 770 813 
7 58 380 522 538 638 786 805 
9 102 213 289 360 382 450 639 653 759 
8 92 139 159 276 285 391 743 791 
12 51 67 100 333 406 438 460 475 609 653 662 816 
6 141 233 390 395 563 679 
8 65 416 549 621 637 746 781 824 
9 17 98 201 321 459 545 724 817 838 
10 294 410 437 489 506 513 564 569 576 594 
16 13 25 127 137 172 281 307 321 441 449 462 476 691 706 718 738 
10 0 70 113 646 687 796 800 812 828 831 
7 82 134 151 442 461 671 731 
17 11 75 136 162 179 202 235 261 327 371 484 503 512 515 668 766 824 
11 262 352 419 509 672 729 748 755 766 768 798 
12 15 195 372 410 420 432 545 614 685 703 753 767 
15 108 248 262 264 288 292 295 312 411 436 481 517 632 648 767 
9 98 166 197 273 274 319 375 470 760 
8 87 295 325 337 419 433 502 797 
5 237 314 360 643 717 
10 48 91 136 248 306 361 436 579 803 830 
2 121 444 
13 9 143 163 229 284 407 510 530 624 664 716 778 823 
13 53 123 166 250 348 437 515 596 601 619 727 761 804 
10 46 61 98 118 297 322 364 551 583 604 
12 5 34 58 68 388 532 561 578 635 639 750 757 
10 46 87 120 190 229 329 335 474 595 635 
9 205 217 231 463 577 744 762 806 828 
10 36 402 544 550 563 603 651 772 773 834 
9 58 127 204 256 260 422 674 820 839 
13 3 107 126 386 505 556 564 608 617 630 692 708 718 
5 33 72 274 275 367 
12 63 89 205 354 396 402 497 514 574 638 715 780 
8 171 203 273 350 531 536 620 689 
9 21 64 144 186 232 607 724 738 778 
11 49 180 250 327 353 448 495 638 651 675 831 
6 13 232 271 451 558 611 
16 27 49 109 209 214 310 439 449 480 534 543 555 570 697 731 745 
7 53 167 428 586 705 707 754 
12 76 110 117 222 254 377 439 544 681 796 809 835 
12 12 107 164 201 264 268 278 310 524 718 764 786 
4 279 349 574 618 
7 54 101 204 371 430 795 811 
14 22 62 78 149 256 305 319 358 438 496 510 523 711 774 
10 8 14 38 58 103 147 199 256 261 781 
10 90 231 232 295 429 622 676 679 770 789 
6 88 119 321 379 688 707 
14 89 91 94 131 268 342 344 378 398 439 498 512 640 699 
9 9 46 154 224 326 440 480 655 740 
6 0 55 406 416 449 805 
7 59 141 233 498 586 673 690 
7 75 504 521 697 761 784 810 
9 79 140 212 263 575 669 765 773 828 
8 154 175 246 331 431 613 768 778 
17 6 30 109 202 214 307 317 421 445 531 555 650 671 707 728 747 793 
10 52 89 218 255 273 314 318 570 575 803 
8 185 309 511 548 723 763 766 783 
14 47 145 150 188 195 238 254 391 454 539 609 706 759 831 
10 18 80 186 212 296 342 477 514 585 622 
5 15 33 559 706 769 
9 7 54 70 216 254 403 555 706 825 
7 36 220 248 312 367 464 746 
8 64 101 300 341 457 622 628 669 
6 271 311 426 655 689 774 
8 200 281 339 450 494 599 684 809 
9 91 110 185 223 501 518 554 797 829 
15 5 35 64 119 207 223 227 296 301 371 403 555 597 602 750 
12 56 57 60 67 137 280 437 462 541 657 692 722 
11 87 180 300 312 324 381 414 419 585 693 707 
12 95 114 120 221 376 389 394 496 531 684 758 829 
12 27 51 135 285 317 358 378 473 520 727 808 829 
9 189 315 450 526 585 587 604 622 626 
9 12 309 424 430 658 697 722 808 814 
11 6 55 223 291 293 649 651 683 694 737 747 
11 45 91 130 311 503 554 642 687 698 793 807 
9 5 9 18 107 182 478 685 763 787 
14 53 86 211 264 293 330 401 421 467 522 541 623 633 813 
9 29 38 204 278 618 624 717 735 752 
3 66 150 781 
8 97 206 233 391 456 573 718 811 
9 33 199 334 509 627 662 691 798 809 
11 182 227 282 429 587 604 609 687 734 767 815 
10 29 69 110 214 267 321 329 366 388 799 
13 54 65 132 165 187 212 339 472 486 530 590 596 793 
7 40 338 375 431 635 782 831 
13 71 172 178 294 340 369 437 530 626 643 665 719 806 
9 4 69 264 552 696 744 765 801 813 
9 29 292 331 392 432 611 681 713 811 
13 85 153 162 209 218 307 323 360 481 571 606 680 817 
13 61 72 82 131 155 296 304 342 464 519 544 611 665 
15 49 180 267 268 269 538 565 576 577 578 602 656 660 695 701 
5 154 207 330 470 809 
11 168 216 268 282 380 463 566 610 712 728 746 
9 36 123 218 304 454 522 683 758 795 
6 456 476 545 603 638 648 
12 16 23 40 81 90 280 288 349 482 648 709 717 
11 11 13 40 216 227 302 310 318 332 524 675 
9 10 36 240 403 544 581 600 752 770 
11 17 62 112 154 196 235 242 282 440 789 819 
11 1 9 65 195 241 253 273 336 410 629 773 
7 114 214 247 317 366 628 692 
7 32 37 96 268 336 549 736 
8 141 177 216 341 555 612 807 829 
8 41 47 161 329 360 365 450 628 
13 68 87 105 137 223 272 276 284 406 484 631 664 801 
15 71 94 96 110 151 296 339 369 377 457 581 605 741 755 814 
8 130 294 383 449 495 609 657 703 
9 46 126 139 174 384 444 598 807 832 
8 46 124 129 277 379 394 421 510 
10 95 176 249 329 351 360 497 534 605 619 
8 56 79 163 188 458 530 545 740 
8 91 335 342 382 384 589 664 813 
7 134 185 309 426 445 725 752 
7 76 324 460 555 598 618 764 
11 63 173 275 316 364 432 550 570 589 695 735 
7 97 149 155 180 407 636 771 
10 100 242 249 264 266 520 722 728 798 811 
10 55 134 151 179 197 243 245 491 644 735 
8 250 405 430 508 698 754 817 836 
13 32 72 74 157 189 193 199 459 530 593 709 747 753 
10 124 299 340 354 376 419 546 567 683 796 
20 6 15 33 59 152 185 190 227 324 377 412 464 550 555 580 608 611 664 700 763 
11 65 285 398 554 597 649 653 655 683 686 727 
7 158 443 646 669 722 772 819 
8 21 34 166 409 507 564 597 686 
7 4 9 136 434 436 757 796 
13 19 162 163 170 201 369 471 483 598 728 741 782 793 
14 2 89 145 256 262 380 516 599 620 649 655 684 695 813 
9 5 258 262 267 335 401 404 433 768 
7 377 404 529 553 626 641 832 
7 163 178 193 218 409 442 680 
8 287 348 359 393 409 484 524 604 
11 119 123 238 452 471 493 588 594 708 714 739 
9 88 330 409 558 593 655 685 706 811 
12 124 142 279 300 319 367 479 517 600 618 629 742 
10 18 131 133 142 295 446 605 683 695 697 
8 55 103 147 176 301 490 491 720 
2 362 400 
8 9 110 195 236 312 526 602 707 
6 47 93 235 413 775 834 
5 116 245 610 713 776 
11 83 89 154 229 239 407 446 481 652 685 762 
6 238 277 476 491 626 749 
10 98 194 261 297 338 420 460 752 772 838 
11 29 36 71 196 278 337 410 457 463 666 719 
11 20 56 65 195 213 301 369 371 514 626 729 
16 22 82 214 254 255 265 329 370 398 401 537 620 642 679 769 817 
9 57 334 399 407 456 613 682 768 802 
4 214 237 335 599 
9 15 93 150 274 324 412 492 521 536 
6 13 49 197 554 657 729 
10 55 91 113 117 158 475 536 558 662 781 
9 64 206 213 349 407 459 620 746 788 
14 11 52 120 132 215 259 311 374 386 482 698 732 786 801 
4 398 551 633 651 
8 73 85 93 303 417 430 586 785 
9 16 38 55 196 576 582 663 677 769 
12 53 136 154 157 243 286 395 396 510 736 739 799 
11 30 37 152 243 328 409 439 507 551 707 790 
11 41 126 140 141 224 265 429 481 564 657 728 
7 259 297 469 495 565 603 784 
9 62 71 79 225 311 494 501 714 832 
9 250 257 319 573 677 722 776 788 789 
9 24 126 313 447 493 554 661 734 825 
12 87 92 110 141 240 335 343 372 425 463 466 766 
9 9 111 113 224 225 446 491 492 580 
9 149 300 337 338 407 488 509 572 699 
10 14 19 113 137 173 183 213 318 321 820 
9 243 256 365 550 576 598 670 721 747 
15 213 316 334 406 472 488 512 513 543 612 616 648 766 771 831 
9 74 179 187 225 358 499 774 802 824 
13 15 21 137 144 187 189 198 326 346 619 710 723 733 
11 21 187 314 458 468 511 608 651 714 773 820 
6 364 390 413 450 478 734 
7 133 160 588 605 659 782 800 
5 12 201 622 665 683 
12 55 97 114 130 152 196 392 562 582 629 639 828 
10 48 114 128 246 314 341 455 639 671 690 
8 10 65 75 128 211 321 372 517 
11 63 101 201 325 336 387 420 531 534 724 822 
6 39 205 239 402 532 547 
14 74 137 174 241 293 341 400 424 494 584 682 687 730 751 
12 46 138 231 417 495 604 647 699 778 782 822 831 
10 164 192 327 362 377 697 721 785 819 836 
12 52 70 71 107 161 284 287 393 461 529 535 808 
12 73 178 189 195 290 310 329 404 453 488 621 707 
8 4 97 648 675 710 763 787 837 
10 119 201 281 373 547 562 617 716 720 826 
11 101 167 219 394 414 427 553 557 577 685 761 
12 254 298 325 326 394 469 491 577 681 720 762 802 
15 61 66 228 281 365 404 440 463 468 471 510 598 670 700 708 
15 30 113 192 308 343 348 349 445 510 570 604 675 721 743 787 
3 98 100 466 
5 282 358 410 436 780 
10 5 22 170 314 399 407 417 508 516 755 
9 113 184 369 379 434 507 598 706 808 
12 4 19 25 46 170 173 278 422 447 491 577 752 
5 50 106 182 203 379 
10 61 72 113 115 142 232 503 549 591 707 
14 1 39 41 155 163 186 202 428 496 543 655 713 715 776 
12 35 121 240 257 306 340 471 613 708 769 785 804 
8 286 337 381 579 659 725 750 765 
11 67 217 400 415 451 520 531 717 754 775 831 
11 46 159 165 231 263 464 515 525 652 703 790 
14 23 163 233 242 318 394 447 476 515 557 655 687 813 835 
9 18 193 352 419 479 689 721 727 803 
9 84 252 426 476 593 732 745 782 823 
13 2 8 31 53 186 190 327 490 552 561 591 605 758 
8 7 140 476 570 650 653 693 701 
11 117 297 333 354 445 561 576 600 655 747 831 
9 5 107 151 185 342 355 428 603 625 
6 26 36 288 419 543 667 
14 34 153 169 209 311 324 353 373 450 458 474 683 746 809 
11 60 134 137 193 282 391 502 582 693 695 822 
14 32 33 160 171 250 258 309 522 555 621 641 709 735 760 
12 27 35 42 113 158 165 235 317 490 497 537 758 
7 67 76 260 379 404 469 834 
9 60 116 152 269 274 291 548 710 780 
2 34 168 
3 69 211 266 
9 20 151 167 197 312 341 456 733 741 
10 152 193 264 301 374 489 490 503 752 830 
10 73 114 140 231 259 434 483 516 767 822 
10 31 85 333 369 417 422 454 640 647 743 
10 18 105 107 143 179 264 275 474 486 533 
7 121 423 581 663 678 748 806 
2 185 734 
12 91 165 210 218 246 309 337 410 457 556 598 777 
11 30 115 276 286 486 524 566 567 642 663 793 
8 89 145 268 286 353 454 568 829 
12 20 110 132 280 304 418 467 540 551 607 624 708 
7 0 64 94 255 332 679 727 
8 123 179 200 206 243 282 421 827 
8 173 188 230 359 380 477 654 672 
4 70 150 184 713 
11 193 328 389 468 519 611 644 647 699 708 779 
8 102 306 320 379 402 452 677 717 
6 177 244 266 403 801 824 
11 32 47 70 123 208 225 245 261 410 567 644 
12 13 196 198 276 377 382 477 572 680 685 736 759 
10 115 241 263 298 324 341 436 621 657 759 
14 20 64 181 240 263 355 356 417 470 530 552 687 716 747 
11 54 161 180 202 350 421 470 570 701 782 792 
12 182 217 297 350 489 507 557 671 677 748 757 782 
15 4 42 159 199 274 278 317 337 381 392 460 533 707 719 815 
15 53 144 155 186 208 307 382 469 530 637 668 721 747 774 794 
7 261 288 460 538 619 729 745 
7 64 144 444 674 749 771 800 
3 4 478 579 
10 69 268 350 415 551 561 597 607 641 801 
4 447 453 623 694 
13 46 120 228 288 442 503 515 517 526 625 664 756 765 
12 50 138 192 249 288 466 616 658 659 667 688 745 
9 80 89 130 339 340 346 450 618 838 
8 3 206 383 493 495 537 545 554 
6 10 111 302 503 578 672 
15 56 69 79 132 309 326 461 525 669 737 746 747 752 829 833 
10 46 129 217 306 363 376 414 684 721 794 
10 26 74 97 307 338 579 603 608 711 829 
7 338 520 533 675 688 738 825 
7 19 83 499 510 587 593 670 
11 12 140 167 267 290 366 567 592 702 743 802 
11 92 228 330 393 481 664 677 692 695 717 819 
11 8 38 100 116 185 200 206 404 541 555 773 
6 34 66 96 117 479 800 
7 12 234 280 389 603 766 819 
9 26 56 91 354 530 574 575 637 670 
9 121 211 270 414 426 575 592 642 802 
13 13 14 200 265 287 418 553 655 662 693 732 823 832 
10 7 27 179 197 358 473 477 490 656 726 
9 10 128 158 231 412 438 643 648 732 
10 29 60 66 82 660 663 711 713 748 766 
18 18 33 36 182 202 223 242 292 320 402 482 516 558 645 712 716 731 800 
9 243 378 421 425 534 604 618 718 806 
10 27 110 139 163 242 478 621 732 745 798 
7 112 261 275 559 583 640 793 
6 78 79 284 309 424 672 
5 98 250 318 558 601 
8 114 181 525 546 575 623 793 794 
7 87 166 217 354 668 754 778 
12 37 64 136 202 218 226 280 336 624 769 788 832 
12 5 89 144 167 370 394 518 536 560 614 685 830 
13 143 205 292 294 313 333 397 398 401 463 471 703 775 
11 65 87 99 189 224 330 565 630 636 640 713 
12 45 56 165 298 341 477 552 569 579 633 737 763 
9 100 208 336 342 465 549 587 650 739 
7 203 351 388 397 613 702 832 
5 67 204 208 769 830 
7 82 97 592 594 639 760 839 
8 56 127 250 435 526 639 782 839 
5 76 276 443 630 650 
11 89 122 179 383 494 519 627 653 689 696 828 
15 78 95 166 332 362 570 584 592 600 607 663 732 748 766 775 
13 103 270 474 492 596 689 718 724 732 739 776 785 839 
13 3 24 101 154 176 310 436 580 631 656 698 714 761 
9 59 184 273 341 596 655 668 706 744 
12 85 228 281 359 409 496 511 566 581 715 727 806 
10 5 166 205 285 286 301 378 410 512 562 
3 103 254 805 
8 129 254 471 600 622 668 670 732 
5 16 89 379 383 705 
15 72 144 219 243 251 379 426 494 507 607 651 677 684 723 765 
7 244 291 490 516 607 730 822 
3 234 278 299 
11 85 173 225 243 379 537 628 686 741 796 814 
12 125 129 277 333 369 409 447 476 481 731 744 816 
12 13 58 157 163 194 334 451 476 539 548 710 723 
19 1 25 75 79 93 225 226 282 287 313 360 473 480 512 643 726 738 768 800 
8 39 89 215 440 528 653 740 808 
12 23 34 102 146 201 266 462 549 556 677 724 800 
17 17 119 212 238 244 249 263 291 428 440 449 540 588 622 659 788 807 
6 440 496 605 763 830 836 
15 221 227 228 230 255 393 402 417 467 494 553 587 645 725 801 
15 91 106 112 196 241 290 324 335 394 509 592 611 622 629 644 
4 113 507 779 780 
10 31 218 246 367 477 524 591 628 641 651 
10 25 39 56 236 270 511 559 560 594 644 
7 14 165 285 354 364 597 671 
13 63 299 346 470 490 572 639 688 691 718 738 741 791 
10 62 104 146 493 503 517 537 562 610 650 
8 252 279 291 320 338 409 489 803 
9 11 42 76 327 365 462 611 671 762 
12 54 111 115 165 217 302 308 425 466 705 722 775 
15 8 31 49 112 240 276 424 432 449 590 693 708 730 782 825 
13 15 151 173 205 329 339 370 501 557 625 703 707 727 
7 23 126 293 320 530 531 623 
6 32 322 560 713 722 747 
9 69 169 278 373 420 589 603 635 648 
9 26 261 370 419 449 573 588 713 785 
7 160 209 303 364 398 446 661 
3 285 522 577 
13 68 135 296 307 407 435 450 476 486 711 722 736 747 
8 7 40 142 178 256 676 712 744 
12 139 169 215 252 534 539 551 562 565 641 678 758 
16 37 67 73 97 150 181 454 497 548 572 599 604 623 753 763 810 
10 112 184 211 420 579 648 678 723 792 829 
10 46 60 115 225 453 465 526 553 573 670 
10 20 222 292 319 468 503 595 651 744 767 
6 46 386 428 454 738 755 
10 92 113 117 222 290 337 391 600 729 831 
12 106 120 164 182 469 514 626 647 733 745 764 812 
11 16 95 102 140 367 464 489 496 653 654 751 
12 82 134 136 144 255 497 582 595 704 786 810 816 
9 145 195 287 405 407 408 490 591 653 
6 2 50 66 107 460 485 
10 17 69 109 227 348 482 594 737 745 756 
6 60 220 387 586 638 793 
6 63 118 204 344 733 829 
12 93 151 209 288 306 504 509 524 678 684 697 811 
10 92 232 238 262 426 470 675 722 726 786 
12 260 293 301 347 402 497 631 678 689 708 712 793 
6 84 132 541 609 619 679 
15 57 107 134 146 203 407 420 425 462 472 602 612 633 754 779 
15 58 75 100 161 168 200 270 309 350 428 545 575 649 713 773 
5 38 133 299 403 557 
10 88 229 333 555 570 628 729 758 761 826 
8 6 32 282 347 433 646 779 823 
9 50 58 154 190 320 326 431 435 604 
7 41 87 98 274 458 786 833 
11 52 176 191 244 317 466 654 688 761 769 779 
13 23 29 37 54 159 202 241 324 557 606 633 695 812 
13 11 82 207 269 309 455 467 493 542 620 626 722 776 
8 14 105 216 249 515 523 572 807 
13 25 40 73 102 210 240 341 343 441 528 623 700 837 
9 34 39 109 281 353 464 688 747 781 
9 6 107 164 406 418 449 689 701 789 
13 26 42 124 189 241 261 287 379 502 565 568 576 727 
9 80 158 186 218 300 438 461 550 636 
8 382 433 520 576 620 784 825 835 
8 261 289 349 419 456 548 558 648 
7 11 173 327 409 458 599 790 
8 269 287 332 434 530 580 607 728 
11 78 93 257 286 313 342 437 528 589 678 773 
11 114 188 338 339 415 446 543 569 584 589 780 
9 223 229 287 297 379 396 494 553 751 
8 180 266 449 501 537 674 678 700 
8 28 57 167 366 404 611 687 760 
9 42 123 309 321 390 525 628 723 781 
9 36 81 102 248 510 576 597 717 835 
17 33 52 107 191 239 301 303 305 402 403 428 492 529 543 589 795 797 
10 155 330 336 366 381 412 502 687 713 762 
9 7 19 31 172 270 345 371 530 602 
16 57 231 302 361 503 531 534 545 576 635 658 663 673 687 698 752 
13 134 145 404 486 502 526 634 680 684 686 697 765 799 
10 113 185 238 256 359 402 590 616 781 804 
7 192 250 369 442 487 554 622 
5 223 319 577 627 705 
13 65 92 110 201 228 499 509 567 625 696 718 808 815 
13 61 65 77 90 441 545 547 577 589 607 737 739 759 
11 23 180 321 325 428 480 569 582 645 665 697 
8 53 80 482 569 593 601 641 668 
8 2 263 266 282 530 654 740 825 
13 27 71 106 318 340 417 438 574 622 716 749 753 824 
14 50 63 67 84 233 304 312 318 366 399 415 440 505 714 
8 81 214 233 239 262 286 293 756 
12 246 262 390 476 552 576 600 653 654 793 802 810 
13 229 260 351 416 458 526 535 563 566 667 679 774 775 
16 161 258 278 388 398 409 471 550 552 585 600 618 761 775 826 830 
15 132 203 257 279 351 519 536 547 550 570 572 599 672 743 822 
11 43 140 166 296 393 408 438 558 595 730 821 
13 129 206 312 431 439 447 571 672 712 723 753 811 827 
6 144 147 532 620 777 814 
7 267 357 484 598 683 706 751 
3 60 523 599 
12 38 162 258 421 472 556 587 609 654 686 688 787 
9 7 20 115 310 463 477 480 573 776 
14 3 25 70 110 171 295 318 348 352 416 434 479 692 731 
3 148 445 658 
6 40 127 490 525 702 809 
7 16 65 106 573 738 756 820 
11 35 221 255 292 340 398 411 536 609 625 667 
7 27 215 291 565 582 609 611 
9 39 111 177 263 410 445 484 689 718 
13 119 140 205 254 287 288 357 475 531 537 553 728 815 
6 5 153 269 393 413 588 
7 110 144 266 394 404 561 749 
6 106 266 546 659 723 787 
11 23 39 46 129 155 242 437 522 640 765 774 
12 25 38 43 110 120 300 301 348 459 554 671 742 
8 224 291 319 369 399 542 633 811 
8 22 33 113 231 275 348 416 822 
5 82 162 378 590 641 
12 35 50 186 332 388 495 596 625 715 769 783 802 
9 29 167 213 299 356 465 653 697 816 
8 43 148 246 564 630 647 656 820 
8 99 173 190 311 427 514 790 818 
7 140 459 500 599 624 651 673 
9 137 193 228 325 412 445 756 776 794 
9 300 353 375 474 505 568 598 709 786 
14 33 168 235 348 386 433 480 493 544 640 660 732 734 825 
9 538 716 734 740 752 766 784 796 832 
5 405 460 469 599 772 
10 226 281 476 580 601 602 642 690 740 832 
14 119 180 182 207 216 338 342 363 422 468 478 488 679 820 
13 130 151 166 276 299 422 479 510 558 560 724 772 814 
7 122 277 498 573 667 687 708 
7 43 72 93 321 341 356 770 
17 40 91 134 206 276 370 430 479 537 552 610 615 620 684 705 733 820 
4 34 57 281 493 
13 20 28 130 246 248 378 495 507 589 608 653 673 702 
13 243 312 351 401 416 472 510 534 640 647 686 748 756 
8 40 41 99 187 343 527 690 759 
11 10 23 154 403 430 601 606 648 710 787 804 
5 327 407 553 567 772 
8 164 173 360 448 578 677 734 757 
4 39 458 516 835 
11 134 266 296 308 470 476 563 690 694 771 794 
8 53 125 136 186 194 526 752 765 
15 3 39 82 105 112 191 207 351 450 479 485 607 646 819 839 
6 75 217 375 513 654 741 
7 11 277 284 485 495 622 776 
12 23 96 153 314 403 431 466 684 695 713 782 820 
9 28 104 198 295 382 406 591 656 809 
10 15 125 211 218 265 464 494 495 713 716 
7 2 121 251 255 327 346 430 
17 183 304 338 381 492 494 534 609 623 629 630 650 679 768 778 811 827 
10 77 226 285 365 409 433 471 510 540 830 
13 72 162 171 219 247 260 351 482 515 665 678 719 833 
13 134 151 157 163 199 210 218 311 360 452 557 750 754 
7 35 127 324 406 501 717 784 
15 23 84 285 301 340 421 451 457 555 593 599 636 704 762 823 
11 49 133 230 248 369 374 466 496 531 660 676 
6 60 156 372 413 730 812 
9 378 413 423 531 569 601 624 643 778 
12 6 11 122 304 306 346 512 697 738 740 784 802 
9 273 284 394 416 430 581 589 765 786 
12 33 49 71 103 125 493 543 704 728 763 775 821 
9 106 127 221 256 521 596 763 769 835 
10 69 71 187 257 380 430 463 508 629 687 
10 42 189 325 393 493 567 591 637 722 782 
11 38 47 54 78 217 325 335 358 484 540 566 
5 87 326 463 525 787 
10 106 381 470 486 487 560 623 673 809 838 
18 14 67 73 134 152 211 288 305 339 389 452 495 644 680 719 732 764 814 
6 42 63 185 497 587 667 
16 59 98 263 336 415 431 459 495 617 623 626 632 658 726 741 824 
13 69 176 259 425 433 502 506 532 653 694 742 761 835 
9 73 129 138 363 489 622 624 639 824 
10 35 63 149 152 363 364 375 450 792 807 
16 33 106 187 253 265 306 463 465 475 479 492 732 786 787 797 822 
10 69 124 187 285 286 293 427 483 485 834 
6 17 122 187 352 541 589 
6 117 298 345 355 381 432 
13 13 72 218 262 391 468 529 715 730 737 763 775 781 
9 71 91 194 202 322 393 562 691 748 
13 13 59 68 253 273 310 439 486 508 637 792 814 826 
8 4 121 372 638 641 661 757 836 
7 278 389 470 685 724 736 794 
10 155 165 168 494 614 644 647 700 769 798 
5 135 147 252 443 822 
8 168 178 357 382 409 501 571 835 
6 10 229 271 407 425 511 
17 17 208 211 424 469 470 476 485 536 562 578 603 683 761 777 784 786 
7 180 420 481 518 637 724 762 
12 48 93 96 295 304 412 440 549 566 661 723 760 
9 14 358 364 385 389 410 668 785 815 
10 19 216 230 303 357 487 557 605 698 741 
9 44 51 106 229 385 413 442 641 668 
9 21 69 87 123 434 439 496 658 798 
10 68 120 180 390 392 519 564 622 656 799 
9 64 97 163 219 221 346 414 475 635 
9 204 210 223 265 287 292 324 499 525 
16 42 161 224 245 431 467 495 500 523 528 557 676 687 775 828 835 
15 194 231 306 389 396 436 492 494 634 676 678 700 736 749 759 
10 90 120 374 487 529 539 560 609 657 724 
11 31 43 163 187 235 449 478 529 642 710 803 
12 40 48 125 191 257 307 355 362 424 589 704 798 
16 2 68 121 168 178 228 279 288 370 431 454 697 702 706 712 772 
12 7 85 202 206 232 271 304 408 593 650 708 727 
5 185 457 539 645 759 
13 66 131 327 346 389 398 399 468 485 545 710 723 755 
10 127 218 269 355 536 674 680 682 704 809 
14 4 41 102 154 178 203 448 501 507 508 552 601 626 716 
7 6 18 189 237 416 534 799 
10 133 184 186 218 332 410 418 473 508 754 
4 199 266 449 650 
9 12 87 150 244 297 383 682 692 760 
6 112 378 585 671 761 782 
8 14 54 534 682 792 799 811 822 
5 266 349 481 677 812 
6 127 284 572 627 649 761 
10 78 138 174 210 231 350 370 494 661 827 
9 22 120 206 268 343 448 660 697 839 
15 95 130 224 243 249 458 465 498 534 664 671 673 708 764 834 
6 74 104 282 311 337 371 
23 6 10 18 65 142 155 159 168 272 396 407 410 482 489 547 574 596 659 748 774 786 802 805 
12 42 173 347 375 422 431 460 552 569 572 686 795 
10 119 174 327 377 523 560 574 667 703 831 
7 307 348 421 484 507 519 651 
11 168 182 226 239 242 437 458 572 609 651 796 
9 55 94 177 388 483 617 739 760 771 
10 46 159 197 200 401 412 452 474 647 780 
10 81 196 231 273 410 552 565 646 687 723 
8 127 380 387 521 552 660 717 728 
9 201 391 447 643 739 806 810 826 835 
3 113 572 637 
7 63 173 251 381 449 457 516 
6 480 600 639 703 788 838 
11 56 122 123 181 424 479 597 668 734 788 796 
6 62 212 380 464 557 730 
9 104 342 363 566 582 590 632 667 750 
10 83 99 129 132 191 443 583 740 787 821 
14 50 100 122 273 274 385 386 415 574 634 688 756 775 799 
8 37 144 320 372 380 514 526 537 
11 226 311 346 412 430 487 518 583 594 670 680 
7 34 171 243 325 364 529 602 
9 57 88 116 182 367 404 560 631 721 
15 214 332 335 410 413 570 585 690 694 702 715 734 794 796 825 
10 9 42 47 57 369 409 486 606 667 751 
8 18 108 220 453 545 629 736 754 
13 17 87 279 320 332 437 521 537 585 628 693 742 789 
15 76 78 89 113 191 192 266 283 367 424 432 466 539 757 783 
10 57 170 219 224 450 617 658 724 748 796 
12 151 305 382 387 416 552 605 612 673 688 763 781 
13 26 125 132 170 251 269 398 412 434 523 625 626 835 
7 40 84 238 300 661 735 836 
17 23 45 100 102 219 305 388 405 438 440 492 520 536 573 710 714 766 
10 98 330 438 456 488 492 501 546 779 809 
13 57 145 160 219 224 230 296 301 306 365 392 696 813 
10 53 86 187 366 391 521 549 596 731 808 
9 164 203 247 256 337 601 692 727 798 
10 54 65 169 349 479 504 572 595 649 816 
10 32 271 298 349 407 513 622 694 710 761 
9 56 187 368 526 558 619 630 672 773 
10 89 90 260 426 583 591 618 652 667 718 
6 102 177 248 365 709 816 
9 21 82 253 322 325 368 389 479 705 
13 27 44 119 201 208 218 348 359 620 704 754 793 828 
13 11 21 33 182 186 272 486 554 668 682 685 708 823 
4 0 80 241 794 
12 90 308 349 493 507 532 571 624 637 645 661 695 
13 33 86 110 342 376 392 396 487 592 594 635 665 745 
7 69 149 159 220 353 732 800 
10 265 287 357 363 396 433 641 674 693 735 
14 109 151 274 340 414 418 515 614 620 687 706 710 806 818 
8 111 330 352 373 495 497 660 721 
8 147 479 523 536 569 620 650 834 
8 48 126 344 472 608 670 719 775 
9 132 193 283 288 356 446 770 813 834 
11 97 142 429 558 599 600 713 725 731 773 784 
14 96 253 259 333 340 359 398 406 541 616 721 760 774 816 
10 322 430 432 445 447 469 472 554 600 808 
12 103 142 243 328 448 493 530 552 683 713 738 803 
17 185 227 336 480 570 608 641 691 708 716 727 737 765 766 789 830 834 
5 26 136 184 286 814 
11 49 77 79 244 278 608 613 615 665 794 819 
12 170 190 217 219 232 272 309 499 589 679 685 709 
9 161 166 224 354 398 445 480 534 548 
14 25 112 172 230 238 285 336 378 584 665 683 810 831 838 
10 98 219 221 401 480 501 537 623 688 774 
17 67 108 171 178 278 301 338 473 477 479 532 565 599 629 671 716 829 
15 0 3 43 143 349 356 415 456 461 501 639 650 686 791 797 
11 33 130 160 302 388 390 447 462 509 792 836 
9 78 147 274 529 538 543 644 710 717 
8 14 94 107 177 415 581 680 796 
11 53 127 164 197 359 503 613 657 700 797 821 
8 165 305 310 365 420 647 670 696 
6 170 347 543 573 644 659 
12 81 187 211 224 232 310 359 457 548 667 698 767 
5 183 388 484 655 693 
16 44 83 134 148 169 232 280 445 480 486 520 561 604 619 816 829 
13 47 171 215 250 391 479 593 695 705 728 736 747 808 
8 2 9 59 73 144 263 279 332 
9 218 287 460 472 585 600 692 709 731 
5 187 305 339 462 762 
7 40 358 383 505 536 604 644 
8 78 112 203 300 379 421 624 634 
8 439 557 563 603 608 664 762 827 
10 135 397 419 483 534 663 698 717 743 751 
14 10 47 107 154 156 157 230 292 392 499 604 671 724 741 
14 53 135 143 151 165 235 255 282 295 341 421 736 821 835 
16 11 46 55 127 229 287 297 327 332 420 447 532 605 620 665 680 
7 192 216 311 525 662 683 700 
11 268 283 314 403 539 602 607 653 659 671 690 
9 62 92 140 355 368 428 723 815 834 
7 189 369 429 447 497 604 728 
14 184 237 296 331 368 380 423 425 450 477 548 550 676 679 
6 229 258 269 391 490 653 
9 129 296 393 519 580 644 795 827 835 
14 64 85 119 284 338 369 489 527 550 609 680 687 810 829 
13 21 25 116 174 192 299 333 359 475 556 630 690 705 
15 38 47 57 107 127 137 176 370 390 415 484 509 661 731 744 
12 13 19 51 80 182 241 341 554 570 674 723 829 
5 17 233 284 286 764 
13 39 80 84 265 280 288 302 342 354 643 672 677 781 
13 89 164 169 213 220 259 419 423 428 446 458 566 791 
16 2 153 268 398 403 432 474 497 513 591 607 629 711 719 748 763 
13 47 105 131 276 390 406 531 584 590 601 649 706 749 
5 209 298 409 676 751 
6 98 366 404 446 572 747 
18 6 9 66 74 120 167 219 302 328 393 421 463 605 657 680 739 787 799 
11 151 189 213 223 256 468 510 563 630 698 712 
9 33 111 242 247 343 436 452 833 834 
10 72 278 399 420 496 559 580 636 732 737 
10 109 134 369 402 503 656 676 700 718 758 
15 250 303 365 367 371 389 390 396 526 570 576 669 730 754 820 
8 50 87 268 317 437 444 534 794 
14 50 52 74 76 178 260 270 323 526 527 541 635 644 802 
10 0 9 174 211 214 311 652 670 782 822 
14 24 198 254 336 428 584 600 646 698 707 741 746 784 810 
11 15 170 353 381 442 485 580 680 730 792 805 
13 15 67 107 131 356 404 415 435 506 561 679 808 823 
15 36 66 82 94 229 254 382 390 485 627 631 727 746 820 829 
14 36 73 75 145 207 405 488 527 529 561 638 742 781 809 
11 202 223 317 401 415 546 572 593 706 736 822 
7 231 515 573 647 740 814 837 
10 35 101 288 320 358 495 705 752 777 837 
11 3 57 124 183 392 402 429 434 718 792 827 
9 60 134 303 343 349 371 437 442 668 
13 5 6 104 158 189 249 309 353 736 739 757 772 834 
14 151 170 216 265 306 338 342 353 423 428 461 698 726 782 
11 54 111 322 340 368 389 537 581 622 649 723 
8 82 95 239 344 489 512 600 724 
8 12 13 122 163 298 555 637 829 
8 3 278 438 471 499 645 705 725 
12 23 174 194 209 240 293 318 353 479 527 544 743 
7 7 28 112 216 431 489 497 
10 135 215 299 376 449 555 611 646 664 732 
8 78 111 202 291 435 607 786 827 
9 85 91 348 442 491 506 524 537 639 
7 122 222 340 541 583 648 746 
9 51 81 166 190 304 312 430 452 731 
8 100 154 336 337 485 538 600 606 
12 114 311 385 473 591 613 627 677 763 796 819 825 
13 120 148 285 391 452 456 494 573 589 614 617 659 763 
11 71 124 238 286 418 477 557 590 701 704 837 
15 40 153 172 218 283 381 408 431 563 564 580 650 723 760 761 
6 137 210 437 570 620 720 
12 69 149 183 298 348 398 480 514 544 562 680 832 
13 54 93 110 111 153 261 266 362 368 389 527 653 680 
8 77 112 113 178 319 434 695 829 
6 111 150 225 244 404 552 
13 34 85 156 243 253 297 377 384 456 519 564 585 813 
8 49 98 142 194 533 675 774 816 
10 17 31 70 89 212 266 344 543 627 793 
11 48 82 125 220 240 528 531 540 604 746 800 
11 125 149 196 269 360 450 469 660 676 775 813 
12 60 140 160 267 342 493 514 622 677 686 770 806 
14 94 236 299 379 389 419 493 494 563 580 599 639 674 773 
9 237 259 296 390 458 502 524 547 781 
6 29 324 498 589 743 829 
9 119 131 150 279 376 552 560 791 792 
10 9 48 332 411 449 453 456 654 798 818 
6 129 290 314 411 470 628 
14 84 104 141 175 248 461 474 481 580 650 721 740 776 793 
16 28 181 223 271 279 303 339 340 386 420 548 566 614 735 747 788 
4 153 519 648 826 
11 148 257 465 527 556 561 589 676 736 829 835 
7 252 280 297 390 425 592 813 
15 50 61 99 137 250 439 446 455 525 562 576 589 622 755 797 
11 172 283 288 501 513 539 568 576 638 727 795 
10 11 21 68 249 259 377 407 634 635 782 
6 142 195 259 462 647 680 
6 19 255 300 467 522 809 
7 74 80 101 415 688 722 778 
11 26 68 339 432 575 582 615 689 737 744 778 
16 151 171 180 223 325 372 375 443 447 492 664 771 781 797 809 823 
10 342 354 375 524 543 584 644 666 682 733 
7 139 190 476 623 715 787 819 
13 97 108 136 217 222 401 527 626 635 644 649 691 760 
8 115 162 476 576 688 692 786 793 
9 111 177 213 371 585 595 603 657 779 
9 179 254 480 596 610 615 639 727 806 
9 108 271 344 361 369 404 406 669 772 
7 183 201 250 334 346 409 835 
11 244 267 286 358 364 492 519 561 622 734 818 
7 93 117 152 302 417 602 679 
4 120 297 481 539 
5 99 146 395 622 737 
9 124 182 322 370 393 631 671 774 799 
8 24 95 171 199 204 407 459 575 
12 14 59 167 169 281 292 405 484 656 678 698 738 
13 136 161 177 188 309 505 549 569 608 654 740 790 793 
9 69 148 431 439 492 631 685 716 736 
12 7 76 139 176 184 213 230 445 497 516 552 615 
5 108 437 457 559 616 
13 12 18 98 173 183 208 224 301 655 675 769 773 785 
9 169 202 401 498 531 570 582 681 742 
7 83 178 341 484 510 592 711 
10 58 102 402 439 520 658 662 677 697 770 
4 105 185 215 243 
7 45 89 522 671 779 802 831 
10 28 195 220 280 359 362 545 682 760 795 
13 72 90 95 126 264 269 506 521 530 534 548 732 739 
7 57 496 563 638 692 707 833 
13 31 276 279 310 319 399 495 517 576 586 615 735 741 
9 77 119 303 365 453 557 665 738 793 
10 6 61 97 104 110 267 334 489 572 574 
12 21 74 157 260 356 420 465 488 526 644 760 835 
8 39 89 284 452 494 582 631 783 
9 74 329 497 552 618 704 715 744 755 
7 108 124 149 273 388 599 664 
19 6 162 166 167 199 326 353 355 432 444 687 697 716 719 739 750 767 777 784 
8 117 318 378 384 408 494 553 680 
14 39 70 108 132 154 181 266 279 299 306 436 624 685 818 
9 204 226 258 365 377 383 527 529 765 
5 353 455 554 729 821 
12 77 125 236 313 577 620 673 675 680 711 729 746 
18 68 136 301 465 475 542 564 573 587 599 631 651 707 715 784 801 825 837 
7 3 215 280 408 583 652 689 
6 283 460 742 743 762 835 
8 2 48 105 240 350 569 634 685 
6 126 385 386 390 545 619 
