970 4832
13 21 40 266 347 518 576 644 662 734 877 879 890 966 
18 4 19 23 80 230 385 413 416 587 591 617 639 665 741 769 818 828 957 
6 87 196 493 554 584 593 
7 12 59 163 343 743 833 852 
15 1 22 42 87 151 155 163 207 235 380 454 586 595 606 921 
14 46 66 116 168 174 273 302 468 617 669 714 752 768 918 
10 155 182 210 462 487 488 613 670 803 868 
11 121 285 359 420 427 481 494 498 654 865 931 
9 359 423 495 588 648 713 738 784 887 
8 132 237 420 697 757 826 917 935 
11 34 111 251 298 339 351 404 624 633 635 840 
11 28 49 264 316 386 403 433 493 569 764 963 
13 3 136 259 318 343 375 406 526 641 719 770 801 842 
8 246 472 533 556 657 836 845 938 
7 83 99 247 248 481 734 906 
17 81 90 103 104 181 266 300 315 558 628 658 789 793 823 860 864 920 
9 209 246 281 485 495 510 617 725 776 
10 32 38 117 411 469 522 614 703 958 964 
7 155 383 514 665 743 910 940 
18 1 28 116 163 170 233 361 450 486 491 683 813 826 856 861 876 890 928 
13 61 93 98 236 471 526 580 600 687 734 792 796 798 
15 0 84 135 173 185 193 287 348 383 398 679 739 835 837 913 
12 4 65 116 262 339 361 448 669 715 775 803 905 
5 1 31 107 447 954 
8 269 307 316 354 426 461 474 809 
11 34 64 146 234 435 520 592 739 809 873 932 
12 150 189 283 343 401 410 449 502 530 533 676 804 
7 162 166 199 669 718 891 943 
12 11 19 74 262 285 321 362 516 610 697 755 799 
10 30 38 63 87 380 602 609 692 902 966 
6 29 70 283 777 801 915 
9 23 74 76 222 283 665 769 869 935 
10 17 93 156 204 286 394 547 788 798 883 
8 99 166 199 410 456 699 841 927 
11 10 25 175 245 533 537 714 725 734 766 965 
7 74 276 373 408 416 518 531 
12 55 175 243 273 307 329 398 477 584 858 951 967 
13 52 177 225 231 250 427 476 526 646 708 821 822 926 
18 17 29 45 91 97 139 203 233 394 438 487 490 519 571 714 730 752 912 
14 53 92 156 170 175 298 372 440 584 742 766 797 843 865 
13 0 170 214 256 275 300 411 428 473 554 606 792 847 
17 131 133 147 214 257 383 449 458 546 558 570 675 740 750 840 846 912 
14 4 93 126 241 350 387 471 536 637 638 649 695 725 916 
9 225 294 520 607 676 844 862 879 941 
5 145 728 872 887 910 
10 38 144 222 246 438 558 600 664 704 950 
8 5 164 440 452 615 662 771 960 
10 97 98 142 166 212 248 333 443 709 956 
10 69 236 248 303 534 654 785 845 847 961 
13 11 251 253 300 319 433 452 523 602 655 843 910 937 
7 145 480 505 507 665 715 882 
8 63 181 412 568 625 665 905 916 
20 37 70 183 232 281 298 316 320 333 400 413 435 439 481 509 512 695 715 738 916 
6 39 97 115 725 733 811 
15 80 82 126 144 205 329 404 459 530 700 836 838 856 910 944 
13 36 78 154 291 445 577 604 609 632 635 660 663 942 
10 138 294 377 485 677 691 709 780 826 861 
10 115 244 277 403 452 527 815 874 913 920 
7 71 89 121 598 686 883 916 
10 3 73 247 363 509 594 609 699 770 922 
9 146 216 323 514 520 547 682 718 934 
8 20 80 117 258 607 750 760 776 
8 89 95 132 141 520 590 649 718 
19 29 51 65 195 279 339 352 375 474 513 548 597 694 724 768 785 802 905 919 
9 25 84 90 104 489 698 765 852 956 
11 22 63 177 287 407 529 598 695 724 851 884 
10 5 193 197 259 266 289 327 512 535 817 
9 78 229 238 327 357 453 460 468 499 
4 227 295 432 697 
11 48 368 480 565 652 665 727 731 776 798 879 
9 30 52 228 421 537 594 632 704 935 
12 58 101 307 408 461 479 509 519 565 752 814 932 
10 123 237 275 338 385 534 572 573 674 934 
5 59 499 603 702 865 
7 28 31 35 515 557 791 961 
10 97 112 119 247 305 431 517 648 872 963 
13 31 81 98 273 274 304 409 574 639 690 702 759 874 
6 96 221 259 430 552 629 
10 55 67 182 323 336 600 632 749 928 939 
16 149 215 253 282 384 450 516 520 529 542 776 780 897 904 908 938 
13 1 54 61 287 297 330 348 372 444 591 789 832 964 
8 15 76 83 315 681 764 845 927 
13 54 87 296 386 506 572 668 713 862 874 937 965 968 
11 14 81 308 384 428 487 544 739 769 934 964 
11 21 64 272 382 398 509 632 698 700 829 833 
10 187 203 232 271 379 475 765 781 913 942 
6 163 595 666 717 892 940 
10 2 4 29 82 142 166 412 422 424 529 
12 119 332 333 387 426 643 774 792 810 818 850 932 
7 58 62 149 212 233 697 790 
12 15 64 151 350 391 467 576 601 608 687 828 937 
14 38 236 496 663 688 701 716 744 747 809 845 908 909 916 
10 39 432 439 501 579 754 856 896 897 903 
14 20 32 42 194 374 385 400 407 460 525 538 727 754 925 
9 151 301 351 357 594 598 631 735 821 
19 62 96 134 159 207 219 263 339 382 413 662 695 702 746 810 872 887 919 937 
8 77 95 371 449 557 800 894 923 
15 38 47 53 75 133 261 291 377 385 391 431 432 622 747 856 
13 20 47 76 192 349 499 684 794 798 800 816 845 904 
7 14 33 128 162 394 618 935 
11 256 439 447 481 522 568 704 745 749 851 968 
7 71 269 552 606 682 697 882 
8 212 330 347 606 629 682 816 917 
10 15 195 374 427 467 491 494 606 628 644 
13 15 64 134 203 222 230 565 612 758 847 896 959 966 
9 163 589 617 689 708 719 726 842 940 
8 129 288 511 629 753 785 907 947 
7 23 234 429 572 804 859 948 
9 218 397 404 422 521 565 641 706 838 
7 132 211 278 290 768 881 953 
13 124 172 173 310 434 444 532 611 641 784 841 849 863 
11 10 130 223 364 390 469 493 606 721 809 894 
12 75 113 118 137 408 543 599 607 718 790 878 909 
11 112 366 372 439 452 552 617 678 699 821 921 
7 429 467 581 786 851 852 886 
11 53 57 136 340 528 543 601 649 846 881 923 
12 5 19 22 171 421 532 569 622 668 727 739 781 
7 17 61 297 303 379 400 491 
8 112 271 382 457 535 617 665 684 
17 75 88 186 199 268 276 321 330 336 530 607 620 642 727 738 813 950 
8 248 280 286 336 626 627 634 704 
6 7 58 207 510 615 622 
7 287 334 399 570 613 685 817 
6 72 412 768 791 859 923 
10 110 202 292 294 363 386 409 762 774 964 
12 166 225 285 292 311 368 535 555 625 643 952 959 
9 42 54 137 197 232 579 611 619 969 
11 142 330 378 425 444 541 565 586 612 649 665 
11 99 143 189 359 527 627 813 896 905 943 955 
10 106 206 416 426 478 578 755 805 819 914 
8 111 275 278 311 476 638 802 809 
5 41 141 307 372 691 
10 9 62 109 204 263 339 461 699 705 816 
10 41 97 191 241 579 598 625 717 786 928 
11 95 104 403 539 566 678 732 799 810 896 904 
14 21 142 144 271 307 330 348 420 449 507 559 681 757 917 
10 12 115 171 287 559 577 665 872 914 960 
14 112 126 382 403 456 617 666 671 718 722 739 755 903 947 
11 56 176 206 220 228 398 449 471 516 547 638 
9 38 150 208 383 385 447 591 791 902 
9 381 507 628 646 692 722 812 884 918 
6 62 131 336 574 884 897 
14 47 87 127 135 190 241 329 336 383 743 788 896 922 968 
9 128 326 362 739 741 806 811 829 910 
11 45 54 135 270 440 571 600 658 665 775 844 
12 44 50 229 253 292 593 632 635 645 759 802 903 
11 25 60 209 219 224 299 517 656 818 925 962 
6 41 233 290 468 526 856 
7 203 220 288 390 662 675 871 
7 79 89 225 400 574 705 899 
6 26 139 240 788 836 898 
10 4 90 94 153 246 382 411 416 862 938 
6 314 589 694 736 795 807 
11 151 181 311 395 422 435 515 550 637 747 786 
9 55 288 379 545 557 734 798 875 902 
9 4 6 18 199 520 646 725 840 911 
12 32 39 162 191 221 419 515 633 654 718 835 876 
8 377 558 623 778 818 851 883 956 
11 215 224 313 427 432 487 710 719 771 871 952 
10 95 179 214 276 292 516 551 648 702 719 
10 233 314 412 692 722 741 810 864 924 969 
9 230 243 404 447 677 714 723 855 930 
18 27 99 156 213 252 257 295 306 315 333 402 682 699 718 722 764 922 950 
15 3 4 19 86 105 204 209 253 474 651 712 723 799 898 907 
10 46 228 230 409 412 417 462 470 542 879 
8 186 237 349 356 368 561 620 755 
12 27 33 47 87 125 199 256 288 323 548 920 936 
12 189 196 298 320 322 359 415 444 505 590 594 732 
7 5 469 524 639 741 781 882 
11 176 313 351 491 500 523 525 561 732 847 957 
12 19 39 40 176 223 224 260 525 585 643 686 946 
12 116 136 292 424 531 566 587 634 705 748 752 893 
6 110 465 521 821 826 963 
6 21 110 508 843 885 921 
7 5 440 454 512 775 906 962 
11 34 36 39 217 339 401 483 552 688 835 946 
12 138 169 170 177 178 190 484 485 601 622 672 814 
10 37 65 176 229 271 427 474 634 721 919 
7 176 262 495 580 719 872 955 
9 159 334 345 597 645 832 850 860 863 
7 235 248 552 636 669 800 869 
10 15 51 153 210 297 355 522 557 684 949 
11 6 78 214 260 392 399 576 678 847 888 962 
11 52 191 194 282 300 383 475 500 681 773 940 
10 247 456 509 511 665 704 738 845 872 924 
8 21 432 508 668 756 819 927 938 
12 119 165 222 322 368 374 511 562 725 766 922 950 
9 85 212 367 630 662 705 751 764 875 
8 235 289 497 556 816 834 885 899 
8 26 128 167 358 360 585 602 603 
13 142 176 214 235 249 406 525 540 589 746 850 923 960 
7 133 156 183 270 428 557 684 
8 98 198 251 421 465 750 786 967 
7 21 66 305 323 502 575 956 
12 93 183 195 217 444 446 455 472 691 697 806 897 
11 63 103 194 260 558 739 769 847 897 929 946 
9 2 167 260 373 454 530 637 880 884 
15 66 126 248 369 400 629 710 720 739 766 832 842 853 898 965 
5 192 344 697 774 893 
14 27 33 119 155 166 255 264 435 553 630 736 759 761 959 
12 344 370 379 403 505 511 515 548 559 588 796 945 
8 230 276 374 382 649 894 926 928 
6 124 291 493 573 798 868 
13 38 85 104 148 232 275 328 330 413 481 588 594 617 
14 32 132 163 278 301 309 319 347 448 661 710 744 954 956 
6 54 380 484 703 757 787 
12 129 138 270 369 418 465 523 556 731 736 820 945 
13 4 95 121 223 307 349 675 720 726 785 805 832 895 
11 139 271 311 382 431 593 614 678 696 748 851 
12 16 146 163 229 272 352 499 509 608 622 893 937 
7 6 181 240 656 841 890 969 
9 109 215 264 304 413 467 628 655 887 
7 47 89 102 187 231 493 842 
8 162 308 488 504 551 625 728 821 
12 40 41 159 182 190 235 343 456 473 689 698 906 
11 79 158 211 285 520 588 710 730 733 783 947 
7 60 256 367 424 647 802 941 
13 175 194 250 508 640 654 687 691 724 732 852 888 957 
14 108 219 272 320 542 571 582 644 664 669 929 944 952 961 
15 95 146 218 252 313 383 426 429 531 548 608 683 791 860 927 
7 138 148 263 528 605 799 851 
8 77 156 229 355 367 486 488 932 
10 31 45 104 186 407 558 727 770 954 963 
7 111 170 207 265 296 414 688 
10 146 158 170 290 385 438 463 646 698 847 
12 37 43 125 149 297 394 441 530 726 740 830 860 
4 336 360 427 929 
8 68 421 558 643 654 672 920 953 
6 70 138 164 377 691 941 
13 67 145 177 209 221 256 266 278 312 609 698 737 750 
11 1 104 161 164 201 323 390 447 550 716 820 
8 37 212 259 334 604 630 821 891 
13 52 85 126 203 252 295 325 425 474 643 756 952 957 
13 19 38 89 147 160 431 689 774 805 855 901 903 925 
11 25 107 331 447 543 607 733 737 789 827 866 
13 4 180 188 190 214 395 578 733 780 854 925 932 965 
7 20 48 91 296 335 633 733 
10 9 72 165 267 514 615 637 721 766 915 
9 67 247 393 507 558 646 685 810 880 
5 405 464 642 683 888 
8 150 210 254 569 588 653 703 890 
13 42 133 142 264 460 516 527 663 671 689 732 751 878 
12 283 389 396 474 513 580 621 627 677 701 807 841 
8 36 161 458 538 571 693 789 876 
7 57 318 386 612 619 784 816 
8 34 271 372 399 412 449 536 624 
12 13 16 45 151 248 286 307 407 608 643 878 926 
13 14 59 75 184 238 314 334 397 707 709 741 892 968 
12 14 47 48 120 180 197 246 476 582 678 831 963 
7 190 440 712 872 887 900 903 
8 37 217 272 326 393 417 538 832 
8 10 49 192 271 362 606 636 717 
7 162 219 232 420 572 593 901 
8 49 79 145 163 454 653 827 928 
6 240 309 337 340 531 579 
13 199 323 561 593 624 630 637 645 649 655 789 861 927 
13 40 100 166 216 229 345 354 464 576 603 765 944 946 
8 41 162 274 393 467 696 799 864 
9 61 341 349 433 541 564 677 712 911 
9 12 66 77 231 369 521 740 869 872 
11 170 182 195 196 463 503 715 747 881 889 921 
6 97 473 703 799 916 946 
12 22 28 178 423 436 510 693 728 799 900 928 937 
9 95 132 220 308 553 649 658 890 911 
7 11 199 211 241 778 820 872 
6 223 499 505 558 720 819 
9 0 15 66 229 280 369 669 688 733 
7 237 515 597 598 698 780 782 
7 119 354 533 604 688 744 924 
6 24 101 270 382 524 774 
10 144 191 206 269 303 561 751 779 782 856 
11 85 118 135 177 208 245 251 757 868 883 913 
9 84 209 218 250 277 313 714 770 863 
12 5 36 76 277 444 456 533 620 649 674 833 947 
10 76 257 281 612 729 740 775 859 899 954 
18 40 72 130 203 303 475 555 556 557 581 647 662 668 692 762 920 922 941 
11 35 119 159 201 343 366 746 828 849 858 881 
10 57 272 273 354 401 488 815 823 864 928 
9 109 130 204 229 320 366 628 840 910 
10 63 426 578 677 702 765 907 909 950 962 
10 120 266 294 327 382 451 540 620 646 842 
7 16 52 274 327 658 666 825 
10 79 183 306 437 444 545 600 684 695 768 
13 26 30 31 242 318 486 510 756 757 799 820 893 901 
8 299 303 389 462 535 780 846 867 
8 7 28 125 215 319 366 770 778 
5 32 120 246 520 684 
11 21 65 80 122 136 314 495 627 629 659 846 
13 106 148 154 166 354 427 428 468 603 667 788 811 876 
7 66 188 324 343 567 632 849 
11 109 147 224 330 404 518 529 693 778 806 809 
12 55 97 202 449 541 596 618 623 646 649 859 933 
11 124 125 145 159 171 315 373 419 467 571 963 
6 371 428 488 507 836 937 
16 43 56 124 280 314 332 369 408 409 533 746 770 779 794 857 949 
9 68 162 232 487 618 637 656 677 945 
7 82 223 236 416 511 650 964 
10 80 117 181 225 301 377 422 547 662 939 
9 10 39 52 167 337 431 558 783 929 
12 146 284 315 334 346 387 424 425 428 658 845 961 
6 15 40 49 183 346 906 
10 94 204 297 387 509 532 834 835 853 887 
9 5 308 502 516 537 694 715 925 962 
13 48 117 270 275 284 381 395 482 518 523 537 684 737 
14 76 211 318 379 397 519 559 635 735 774 792 802 805 871 
11 75 193 318 425 499 561 610 621 833 958 964 
9 162 282 356 699 731 736 777 923 940 
14 24 36 71 131 135 207 246 357 365 378 596 608 676 899 
10 83 213 263 302 319 473 497 714 748 923 
12 204 254 313 331 438 480 549 622 659 779 851 948 
8 110 430 484 548 685 751 818 831 
14 125 130 153 208 348 463 493 699 705 753 767 770 855 938 
7 229 412 578 619 796 816 841 
13 158 169 219 272 309 675 737 755 815 842 853 867 924 
9 152 160 247 287 294 382 418 534 673 
12 15 81 162 292 299 425 643 775 781 801 841 876 
8 11 24 52 414 622 736 834 964 
8 342 404 523 556 766 851 883 919 
14 12 244 283 304 305 420 426 498 602 621 689 797 818 903 
12 49 204 285 308 423 427 437 506 747 753 807 875 
12 52 167 218 278 322 515 552 666 683 684 903 930 
5 28 119 346 449 905 
7 167 186 320 513 534 789 850 
11 60 78 166 193 230 255 419 468 495 513 693 
4 289 350 763 875 
6 232 372 437 568 825 946 
6 143 250 668 861 888 917 
14 66 67 280 281 340 356 418 621 725 758 762 860 866 961 
7 203 440 563 661 751 757 799 
8 36 54 142 504 512 683 779 916 
18 80 102 119 127 135 203 290 341 391 395 455 547 578 605 708 804 850 868 
4 234 309 415 780 
9 88 294 334 444 446 617 696 859 894 
7 47 52 88 162 345 543 610 
11 122 179 231 247 299 332 340 358 538 713 788 
5 236 662 712 901 967 
20 78 119 120 141 142 226 341 356 366 372 451 521 534 648 739 758 830 837 851 895 
8 254 298 360 422 532 639 868 950 
6 72 384 742 849 869 886 
8 10 22 63 95 132 175 618 894 
11 115 254 327 334 394 462 588 773 807 918 940 
9 258 330 336 424 491 717 739 877 883 
5 317 377 521 750 841 
17 3 12 26 214 276 289 370 379 404 511 615 653 714 716 784 838 878 
8 198 200 350 371 572 798 854 952 
8 179 256 333 503 794 822 846 942 
6 299 300 321 486 920 963 
6 0 102 204 390 636 713 
7 21 80 135 311 525 585 741 
10 98 165 207 258 367 570 606 628 758 960 
11 42 90 324 344 532 630 691 701 786 887 935 
8 10 94 169 521 657 663 840 850 
4 63 209 481 578 
10 369 439 489 539 718 778 896 925 926 968 
14 24 256 268 277 288 376 475 623 655 666 821 838 941 968 
5 181 221 469 751 889 
10 165 306 327 336 379 402 429 588 631 779 
12 67 94 307 393 447 469 484 649 672 683 814 964 
6 189 334 470 611 695 730 
16 7 8 128 167 397 442 447 468 498 525 739 758 794 798 820 839 
9 189 226 337 442 532 603 852 908 913 
11 19 22 478 495 622 623 655 706 768 795 829 
11 28 143 251 394 478 518 689 708 798 816 879 
4 59 124 462 471 
10 111 394 405 553 655 691 726 734 845 918 
5 307 395 473 641 663 
10 113 276 278 285 336 414 501 676 867 958 
7 187 216 221 349 418 481 940 
6 69 125 165 186 476 721 
13 197 206 259 266 294 353 372 401 413 674 723 733 800 
6 200 343 522 590 595 690 
10 96 293 344 379 448 519 545 728 777 779 
14 39 80 113 131 245 325 336 369 540 579 644 758 903 966 
16 35 196 292 379 412 487 563 591 594 610 641 668 688 785 812 825 
8 93 103 186 201 471 557 572 831 
7 12 63 464 532 670 785 924 
7 354 567 625 663 665 874 898 
11 56 97 157 228 297 342 459 510 564 743 842 
11 127 307 538 571 657 740 843 858 875 883 949 
12 85 117 154 200 304 343 356 371 373 576 664 799 
8 4 29 205 547 561 584 615 674 
6 140 303 428 650 774 870 
17 84 95 118 137 151 201 208 269 280 314 437 467 559 658 730 854 957 
11 18 21 41 139 142 183 219 632 639 665 935 
14 79 83 338 489 580 595 673 675 741 776 822 831 893 910 
12 1 72 93 97 139 224 447 561 755 756 858 875 
5 11 82 124 244 502 
10 42 88 299 301 604 614 637 672 673 708 
6 483 527 621 643 779 909 
10 242 284 459 481 607 679 696 847 850 908 
11 111 148 230 347 413 434 448 490 494 662 698 
9 90 97 330 397 403 559 788 808 861 
4 182 698 818 910 
7 238 250 257 357 421 788 891 
14 32 38 99 225 340 362 364 626 646 683 690 806 939 961 
12 153 235 303 330 365 464 606 773 781 869 885 941 
6 242 465 520 538 580 798 
8 108 247 304 359 391 462 625 914 
9 21 36 84 138 431 508 566 731 822 
6 122 182 245 522 746 753 
11 52 93 117 149 197 537 646 673 702 797 841 
10 26 175 277 369 662 704 717 771 823 933 
7 162 356 478 742 750 912 919 
15 11 57 134 137 200 391 521 652 657 671 806 808 830 860 925 
9 10 54 108 161 290 317 343 444 519 
8 239 364 741 748 771 793 809 864 
4 12 190 577 774 
9 65 93 222 246 426 436 903 911 965 
9 35 71 112 294 632 637 727 780 868 
9 76 124 164 294 570 609 664 732 906 
10 26 33 423 435 556 610 841 869 872 892 
8 17 40 151 511 557 596 799 876 
16 51 87 123 160 164 245 312 373 470 538 651 657 684 791 825 841 
12 1 52 95 203 211 369 390 422 604 804 842 863 
11 223 316 366 419 457 612 767 796 840 865 879 
6 167 331 489 538 771 934 
9 1 35 129 151 296 460 486 516 730 
15 164 250 469 496 551 604 728 736 758 765 795 821 855 886 927 
6 206 314 327 367 592 793 
14 156 292 323 414 475 501 583 591 648 740 756 807 838 876 
12 7 9 135 252 318 430 444 459 471 827 916 920 
9 70 116 192 227 393 429 510 603 809 
9 87 108 153 297 337 413 528 731 901 
13 8 262 319 410 427 475 601 614 657 749 792 838 959 
9 87 171 216 299 341 485 750 794 848 
8 127 232 299 305 315 585 819 865 
16 24 88 129 219 279 318 407 429 519 563 704 771 777 851 881 924 
10 7 37 103 158 177 226 288 319 423 752 
11 40 83 191 288 293 299 381 498 702 885 934 
15 107 114 219 356 421 426 439 606 611 680 681 745 755 873 920 
11 77 310 420 480 553 564 573 610 715 793 957 
8 75 97 208 233 298 398 705 738 
14 68 92 97 158 185 462 476 535 664 753 780 782 909 943 
10 11 49 258 547 689 692 727 870 921 933 
4 110 390 537 561 
9 25 52 153 199 410 778 853 870 885 
7 262 407 533 666 879 897 920 
12 282 319 325 382 456 520 708 850 888 935 936 944 
12 38 45 224 309 486 532 567 584 654 730 776 854 
10 52 92 100 113 353 429 473 518 687 837 
12 39 46 144 174 249 328 456 494 518 566 580 846 
6 225 526 587 599 815 828 
7 359 360 501 520 583 712 779 
7 47 632 661 735 862 868 899 
19 80 110 127 167 194 273 282 332 404 420 451 523 542 586 675 709 739 767 901 
6 55 682 704 738 845 956 
9 194 332 477 584 628 746 890 911 956 
12 23 100 139 161 230 234 357 359 385 623 727 817 
7 22 204 371 390 478 638 739 
11 26 41 96 135 138 245 291 321 604 699 877 
13 19 79 486 512 622 635 663 666 721 778 779 871 954 
6 280 336 444 600 658 815 
13 46 49 57 113 652 751 776 802 862 929 957 960 965 
2 67 499 
14 4 174 196 253 485 526 599 643 711 758 781 819 847 946 
5 194 330 492 740 863 
13 33 137 184 214 273 437 440 530 623 625 636 907 949 
5 118 414 492 773 876 
6 41 243 481 489 560 828 
7 54 377 389 420 524 636 943 
12 67 93 241 416 462 465 480 637 661 778 848 906 
6 24 71 132 634 660 878 
12 6 164 284 340 363 397 432 460 547 567 744 960 
8 224 260 311 473 474 539 932 941 
11 239 256 375 395 497 529 637 650 772 851 911 
12 172 192 206 396 460 739 755 777 783 786 815 945 
6 514 561 654 870 883 918 
11 90 103 114 211 257 292 382 545 565 703 786 
11 5 67 147 288 323 359 482 487 516 600 927 
11 17 111 168 355 357 417 541 624 694 704 842 
12 164 358 412 483 484 497 689 738 788 830 887 895 
12 20 42 138 363 374 420 545 579 594 648 821 878 
5 13 194 633 821 865 
10 40 214 261 308 365 439 463 730 821 841 
14 24 63 163 177 232 242 463 589 650 674 727 772 799 821 
15 85 183 275 354 419 423 492 498 506 533 660 696 728 909 931 
12 37 130 248 368 432 557 606 667 669 769 831 844 
8 36 446 562 657 719 797 919 931 
9 129 361 362 402 448 494 738 891 897 
6 71 602 626 789 795 829 
8 50 69 309 430 460 696 760 829 
16 7 14 52 100 203 352 367 389 458 483 484 568 697 737 793 949 
7 303 468 645 686 719 743 802 
9 175 388 470 481 548 580 625 680 952 
12 176 205 310 357 470 481 533 578 705 749 790 833 
10 16 56 176 424 454 606 645 817 849 892 
9 19 221 283 346 416 438 450 510 859 
14 6 38 83 158 295 373 468 540 559 639 724 782 849 941 
8 6 213 221 277 293 590 763 953 
11 64 353 384 415 458 533 543 699 830 879 953 
3 38 390 543 
10 19 103 117 169 341 510 518 573 626 654 
11 455 457 475 493 523 610 702 736 753 823 921 
9 2 11 111 202 212 311 492 640 747 
8 7 103 390 440 478 522 557 913 
9 8 16 178 287 323 361 582 652 935 
6 91 417 554 581 699 701 
12 188 308 464 470 500 558 562 588 718 726 756 907 
8 7 318 359 428 475 578 797 834 
13 67 73 98 209 265 305 453 555 672 801 834 845 961 
10 169 183 497 514 537 599 657 661 774 912 
10 92 366 419 442 514 531 708 735 801 837 
7 26 193 302 386 719 842 943 
11 260 345 504 547 566 582 621 632 658 784 921 
4 213 329 503 723 
13 50 167 200 265 534 554 699 709 717 758 797 856 877 
5 82 319 475 630 947 
7 50 135 140 238 293 621 677 
5 173 185 217 398 828 
10 52 59 71 84 184 209 301 573 647 717 
13 16 121 262 283 377 421 486 491 640 676 793 926 963 
12 106 184 186 200 296 343 411 525 631 738 847 848 
9 52 66 174 329 450 527 535 592 622 
7 63 242 322 323 580 719 770 
14 18 60 237 466 500 501 546 641 654 736 781 852 947 966 
9 74 153 156 200 267 320 522 680 912 
13 28 79 138 159 241 302 416 468 517 765 864 888 964 
7 75 146 516 585 733 801 911 
11 0 35 290 303 362 439 440 491 594 792 883 
8 38 71 304 371 404 426 544 719 
14 25 43 60 62 79 155 215 286 396 437 442 728 751 764 
11 108 172 259 336 342 351 403 660 853 894 923 
11 17 100 181 370 399 494 515 682 807 848 925 
12 49 169 206 303 317 444 492 770 779 810 815 961 
7 168 269 459 551 852 880 888 
13 93 169 170 190 348 359 511 661 696 714 846 890 938 
8 12 20 37 147 441 454 571 698 
13 57 128 241 388 512 620 635 660 708 770 800 802 845 
11 115 220 422 563 614 630 699 828 845 865 904 
8 65 79 87 290 464 540 890 892 
9 26 54 119 196 225 456 644 661 757 
7 35 171 219 254 501 878 953 
13 110 116 301 337 350 360 375 438 610 734 762 828 860 
16 13 26 34 268 273 294 436 475 484 489 594 606 608 651 660 852 
11 48 72 314 322 336 505 624 724 796 864 919 
10 66 118 125 284 432 512 604 641 676 954 
4 42 245 756 796 
10 34 70 302 303 400 434 500 568 683 880 
16 93 243 250 334 378 396 412 415 546 559 589 614 711 748 807 923 
8 134 353 463 561 629 761 855 910 
12 190 280 372 487 529 582 600 658 740 834 866 929 
4 127 258 291 469 
6 79 164 218 444 721 742 
9 112 115 234 333 489 490 586 612 926 
9 83 519 547 580 654 757 836 887 888 
7 154 282 371 467 471 880 899 
11 41 514 538 547 570 659 724 758 783 801 962 
18 32 60 138 297 330 380 433 462 503 544 546 649 757 831 858 859 897 918 
10 63 166 200 219 310 483 655 734 813 926 
4 309 680 705 816 
6 153 230 676 683 772 896 
5 159 213 417 524 807 
11 77 101 113 175 180 320 590 610 611 840 886 
9 199 263 364 430 569 671 705 756 791 
13 2 40 496 505 576 593 669 680 779 801 809 900 960 
6 125 275 499 826 900 953 
16 13 188 206 275 317 410 639 666 674 752 759 783 787 794 820 908 
15 74 96 154 181 191 275 374 411 476 494 563 735 756 795 917 
12 15 41 45 157 195 222 227 238 265 298 497 737 
8 135 136 200 304 382 391 487 538 
5 458 602 632 862 959 
14 165 169 255 270 305 380 385 434 466 539 676 773 843 958 
7 186 477 497 731 767 856 924 
9 328 373 426 528 557 817 878 885 890 
8 258 377 430 588 636 677 733 781 
10 69 71 104 108 127 467 699 718 762 957 
7 134 171 398 440 503 614 637 
6 289 376 438 462 677 744 
8 51 100 325 481 537 864 899 922 
6 11 116 240 553 687 882 
9 41 122 349 409 546 582 711 735 836 
16 38 144 218 243 292 378 526 576 635 647 720 767 779 817 839 883 
7 72 82 107 252 344 374 869 
8 72 202 430 491 509 620 855 890 
10 76 141 149 601 616 856 892 919 925 944 
7 193 652 749 775 878 918 939 
13 0 90 182 256 379 554 571 703 722 747 751 758 770 
5 55 136 406 665 712 
18 129 235 279 312 330 352 484 498 609 612 649 716 739 748 852 854 925 959 
10 92 126 133 254 372 471 618 655 658 890 
15 20 178 242 384 396 440 483 513 544 583 654 708 719 859 949 
6 114 275 496 637 658 708 
8 218 248 495 503 540 570 596 873 
11 419 442 580 589 642 704 743 827 879 914 930 
8 2 36 39 380 438 446 758 932 
11 170 189 348 425 517 607 648 699 861 877 910 
10 4 127 444 543 758 766 787 811 880 957 
9 1 171 441 597 758 764 856 935 959 
14 8 200 203 215 240 340 356 497 564 624 681 741 808 818 
11 105 152 190 474 538 583 609 635 771 810 950 
7 62 167 370 488 552 824 828 
10 1 80 139 373 419 777 794 800 843 892 
11 25 418 512 598 614 616 680 766 770 798 802 
12 2 145 208 252 255 554 668 694 826 876 930 957 
12 59 70 94 167 203 373 471 518 533 624 733 757 
6 4 86 370 384 841 902 
7 291 307 411 582 661 755 900 
9 63 179 267 587 620 700 747 846 860 
13 58 65 94 133 267 592 613 639 794 806 833 868 926 
7 112 441 454 500 682 901 906 
10 20 45 78 144 282 451 468 540 625 924 
10 90 115 176 423 574 622 653 796 895 943 
8 29 49 189 318 479 560 636 935 
9 73 189 256 288 360 421 652 830 932 
10 55 231 268 387 413 417 449 535 635 724 
7 220 330 655 670 731 898 937 
16 4 40 101 102 103 111 251 349 395 429 476 485 533 663 871 934 
10 43 61 112 119 234 389 585 698 720 771 
11 90 209 219 246 307 533 676 747 847 912 920 
12 29 55 59 229 409 578 589 661 801 879 922 948 
12 28 305 333 373 410 430 492 532 552 615 824 899 
8 110 126 358 429 552 620 710 931 
12 104 127 244 274 414 543 578 676 688 724 846 934 
8 6 122 598 675 784 794 899 941 
14 17 208 387 423 528 538 566 592 724 744 768 836 864 889 
9 46 121 237 343 380 610 695 788 929 
3 574 592 757 
15 1 5 16 105 113 118 137 203 332 705 718 767 802 834 957 
8 99 291 295 339 579 749 843 912 
4 126 244 312 632 
16 119 165 273 280 527 573 597 611 666 674 708 765 776 778 851 922 
12 242 305 318 327 388 503 507 692 782 815 884 935 
16 97 116 121 176 209 309 316 361 450 512 601 712 769 860 863 930 
9 157 291 354 361 447 456 720 767 887 
10 10 245 255 469 534 588 594 643 655 920 
12 51 125 133 213 376 397 456 483 600 717 893 939 
7 120 394 479 491 716 718 798 
4 120 128 242 287 
10 15 103 140 211 278 349 446 844 868 924 
10 77 102 106 197 287 539 786 794 823 896 
8 187 199 231 255 350 506 528 948 
10 94 356 511 652 732 734 864 894 919 948 
13 55 70 78 84 145 289 383 408 443 503 560 619 925 
8 10 156 236 472 687 788 845 921 
6 120 171 177 461 662 893 
13 10 55 145 304 450 527 571 589 604 654 677 748 960 
13 180 251 347 456 459 564 602 657 716 779 830 882 950 
15 42 153 196 237 255 295 387 408 460 464 566 581 793 837 880 
6 42 130 138 448 823 848 
8 1 76 168 337 383 487 556 598 
6 217 493 510 839 865 954 
10 12 108 110 365 373 514 535 755 825 955 
3 119 239 583 
14 88 125 170 227 232 246 315 388 454 624 701 730 758 761 
7 0 103 218 372 530 741 852 
8 145 179 255 482 485 756 765 944 
12 37 140 155 224 238 280 291 394 400 671 744 812 
7 216 275 509 571 697 785 858 
11 8 75 159 336 419 471 585 653 679 741 778 
14 42 62 115 127 201 255 263 273 291 357 547 578 743 753 
5 296 381 464 474 942 
6 163 412 533 677 814 946 
12 69 403 452 495 575 603 631 682 798 810 887 962 
9 240 253 343 601 648 692 847 895 938 
13 7 48 156 217 227 438 466 491 514 544 580 635 899 
14 49 211 255 354 361 364 548 579 605 624 684 755 821 965 
7 146 210 295 749 888 915 959 
13 13 351 378 403 412 423 477 500 636 658 660 706 900 
15 15 144 263 281 299 382 451 503 540 579 581 657 756 884 908 
8 287 309 546 692 785 786 874 953 
8 55 461 475 521 527 533 657 724 
16 204 328 443 460 500 525 530 596 609 699 712 800 805 844 903 967 
13 0 46 95 148 187 275 297 335 390 401 634 673 914 
8 55 91 241 351 365 376 450 606 
9 45 218 379 409 432 711 790 861 938 
18 1 18 31 50 51 69 118 127 136 144 184 376 383 577 767 822 885 956 
16 86 137 281 320 354 436 450 556 620 683 717 772 789 833 859 893 
6 288 476 858 879 955 959 
10 82 116 185 275 326 373 593 696 815 890 
12 5 22 27 180 218 266 476 554 750 779 933 955 
6 6 375 605 861 931 965 
5 137 241 403 553 646 
6 176 227 357 387 499 841 
6 314 384 387 400 662 939 
8 72 273 369 380 474 556 620 708 
11 41 148 207 313 384 444 613 683 702 759 932 
14 26 43 307 366 510 535 550 561 608 612 782 794 932 955 
15 56 161 242 258 279 295 507 564 567 635 651 722 730 857 876 
10 113 134 182 208 248 682 845 868 928 951 
7 21 389 648 680 798 805 817 
13 429 483 515 549 554 592 679 685 723 783 843 948 955 
9 81 135 183 429 588 684 703 794 909 
11 60 101 102 162 445 522 599 652 678 743 827 
14 19 219 239 320 329 357 394 537 550 666 675 869 883 895 
15 98 118 181 191 282 286 303 320 412 655 681 755 812 833 947 
8 122 238 310 680 738 808 836 839 
4 58 170 482 745 
9 20 90 217 439 569 633 816 922 943 
8 91 175 223 266 268 373 612 724 
11 105 214 233 241 318 362 433 470 821 839 883 
8 76 370 394 697 720 785 872 885 
11 56 131 194 217 228 350 364 721 767 910 939 
10 29 140 160 275 433 621 653 659 707 814 
5 243 262 290 323 789 
8 63 152 302 469 593 714 791 964 
10 42 52 65 95 282 358 615 759 792 851 
11 208 257 332 389 475 480 525 668 814 854 890 
12 9 28 68 89 101 194 198 481 647 690 814 841 
11 64 84 214 224 229 267 390 392 526 607 821 
20 33 59 113 132 162 306 311 449 489 496 505 528 565 585 661 748 772 817 824 835 
9 54 84 597 756 847 853 863 893 910 
7 91 242 350 496 643 783 839 
13 73 76 95 159 279 400 428 492 675 805 874 892 931 
10 17 205 240 261 467 576 681 746 908 913 
12 45 70 100 120 184 401 426 445 469 583 935 954 
11 132 149 171 187 311 431 484 549 553 617 843 
7 108 361 657 828 870 889 953 
6 247 692 840 892 910 963 
15 37 105 330 362 387 437 501 527 580 581 620 674 852 874 943 
7 47 56 247 444 505 749 888 
11 158 197 204 215 611 805 841 859 871 888 902 
4 454 538 570 664 
9 163 249 258 335 442 577 622 661 902 
4 8 82 334 347 
10 5 34 38 161 272 308 343 525 694 751 
10 22 50 52 260 302 430 746 799 913 966 
9 91 230 343 578 626 636 786 834 933 
15 86 133 251 341 401 505 509 625 666 790 818 820 821 865 874 
13 27 60 62 112 137 156 162 353 497 565 617 626 969 
16 12 105 158 159 178 477 482 502 513 519 580 720 827 895 958 969 
8 197 207 265 571 607 623 690 719 
11 111 177 237 368 450 542 691 800 804 886 944 
9 137 140 160 162 576 677 826 843 925 
11 161 163 369 504 680 734 745 764 857 879 883 
14 63 65 217 487 534 546 604 612 614 660 688 881 891 942 
8 16 34 42 53 155 186 327 763 
7 105 207 225 364 497 869 935 
11 69 93 116 119 222 408 433 447 474 837 947 
9 44 213 262 371 417 475 520 901 947 
6 274 885 908 932 938 946 
11 38 215 358 382 416 438 473 643 677 761 945 
11 69 206 306 398 422 562 605 821 832 869 953 
11 134 167 169 217 241 409 631 765 788 796 889 
13 53 215 234 235 236 266 369 517 564 594 835 842 934 
11 0 14 20 34 154 364 532 548 631 723 847 
9 94 304 443 501 557 570 779 898 925 
11 152 199 206 306 316 417 492 514 868 930 954 
7 229 234 303 313 481 558 840 
13 8 52 119 184 431 445 470 478 511 685 783 787 879 
16 21 25 83 116 137 143 195 197 336 341 359 444 448 465 578 872 
11 41 225 259 274 378 419 455 540 760 878 901 
12 1 143 160 168 247 348 384 405 588 644 648 944 
8 39 338 402 542 768 861 893 941 
8 3 18 142 377 482 583 649 682 
10 91 204 268 462 567 614 646 774 783 841 
7 100 429 686 723 911 937 950 
12 95 190 276 294 399 446 703 715 776 807 821 877 
10 91 97 153 260 319 493 576 597 608 961 
12 171 208 308 405 538 578 635 699 817 895 936 963 
10 78 100 423 484 575 618 656 709 854 888 
9 41 61 192 229 342 402 424 669 832 
16 187 241 270 310 328 355 452 520 576 714 775 796 828 872 926 932 
11 5 38 71 171 427 556 806 824 872 906 909 
8 106 311 319 399 432 492 649 829 
4 92 93 834 841 
12 28 129 137 165 313 385 429 465 596 641 655 684 
14 185 232 283 385 419 497 536 553 557 645 658 700 879 956 
14 9 135 205 271 283 328 530 544 547 594 616 785 932 945 
16 104 327 336 349 359 372 417 454 505 546 576 584 586 587 643 943 
11 76 145 199 556 675 695 851 858 864 917 936 
5 61 480 740 796 899 
6 199 539 643 730 807 814 
7 124 275 327 532 565 836 942 
6 324 488 725 831 900 902 
9 11 81 162 187 520 587 723 768 808 
12 64 85 256 279 417 516 620 645 732 818 882 961 
11 34 39 186 197 237 317 586 592 799 834 875 
13 311 414 444 562 571 617 623 665 691 801 823 878 890 
10 5 63 109 123 282 361 614 742 764 907 
6 1 31 83 195 476 622 
13 12 59 222 272 285 294 311 513 523 527 576 592 874 
8 46 158 401 405 415 426 589 607 
8 464 474 550 666 699 773 870 948 
9 183 340 395 457 561 772 778 789 955 
13 88 124 198 233 269 304 381 406 500 744 807 886 942 
8 22 144 174 274 315 575 751 869 
12 16 61 69 79 384 438 452 620 746 914 949 965 
10 30 306 371 426 465 591 846 885 908 929 
13 157 264 285 290 353 435 450 460 620 648 773 869 881 
16 270 294 309 329 356 371 388 442 450 523 554 571 636 669 735 835 
11 56 79 235 267 284 331 408 432 859 878 924 
9 85 116 168 315 395 454 514 564 826 
6 267 270 432 487 621 676 
12 215 298 465 546 556 680 701 738 744 811 872 887 
6 8 110 244 343 503 613 
11 48 63 106 207 373 375 647 659 690 757 932 
13 114 133 153 192 350 465 467 629 659 716 787 815 938 
5 205 556 586 738 786 
12 32 142 150 288 334 391 393 470 615 633 732 969 
15 15 80 234 243 255 322 479 666 693 773 902 907 912 957 963 
6 89 112 484 664 717 940 
8 74 123 139 219 412 553 694 954 
9 20 40 88 304 423 518 695 889 959 
8 15 405 418 430 481 510 637 843 
12 98 294 345 359 424 556 591 598 613 629 676 681 
9 152 361 417 479 557 871 882 886 962 
12 20 200 312 414 534 536 601 732 751 760 822 910 
6 39 318 400 477 498 505 
17 20 32 69 98 154 202 344 359 362 396 592 626 652 679 811 828 834 
19 28 134 163 220 257 261 262 283 328 379 411 474 715 766 842 859 870 873 921 
9 96 98 180 369 527 591 661 721 929 
13 12 30 315 499 501 517 546 554 609 767 812 897 934 
12 63 130 145 216 304 452 482 527 592 617 881 966 
5 6 22 859 947 955 
7 26 107 330 413 721 830 876 
11 129 207 233 304 661 679 702 710 828 925 950 
8 143 194 290 394 403 598 752 964 
15 152 242 319 340 419 522 538 551 746 761 774 817 831 903 914 
6 391 403 588 685 764 959 
11 24 25 91 111 130 290 405 421 554 873 963 
10 88 95 134 160 238 523 589 652 876 953 
7 53 143 288 586 783 798 906 
6 140 373 646 684 801 878 
7 19 119 128 548 862 881 942 
8 71 176 357 651 692 696 697 761 
13 57 277 313 441 451 465 523 621 668 786 833 837 882 
9 98 102 132 188 244 312 362 549 687 
12 66 122 447 485 563 571 679 699 748 807 940 969 
11 1 88 146 157 310 318 392 588 717 765 825 
5 129 185 265 425 454 
9 206 230 264 283 359 556 717 842 876 
19 37 94 113 172 213 231 354 417 471 472 473 474 655 689 698 717 731 746 919 
8 37 345 384 398 665 796 862 865 
11 15 277 401 492 629 638 767 862 890 893 956 
7 590 610 699 752 847 945 956 
7 281 325 373 412 641 818 921 
9 9 19 56 172 555 593 722 781 929 
7 234 253 420 583 682 719 967 
13 1 90 276 441 458 508 528 532 590 706 751 798 805 
7 84 143 361 479 480 753 902 
9 225 336 403 470 489 603 636 804 836 
9 248 310 374 384 476 547 763 807 850 
7 80 179 197 207 250 731 750 
10 3 84 273 305 484 598 666 684 815 961 
12 188 301 316 498 499 540 617 716 754 766 798 956 
9 21 156 175 301 699 733 779 952 967 
11 13 54 150 293 544 570 614 685 762 830 950 
9 21 336 439 501 637 727 815 882 952 
7 54 108 343 354 419 423 856 
8 359 571 640 685 689 701 907 965 
11 10 41 155 278 351 414 552 707 737 868 965 
18 33 110 210 242 312 315 342 400 410 412 473 595 672 697 710 744 754 928 
13 12 105 197 212 280 313 377 413 469 502 733 799 820 
13 39 49 173 378 561 591 618 680 705 722 793 861 897 
8 43 144 476 628 661 868 890 955 
17 13 48 81 91 98 184 299 364 445 499 527 528 633 678 953 955 962 
10 41 115 284 287 345 440 525 597 612 777 
17 40 48 104 169 182 195 224 389 454 511 608 653 700 734 824 856 863 
5 424 460 511 522 638 
7 110 276 289 338 485 487 856 
12 88 179 190 322 330 351 389 437 831 856 906 954 
15 65 100 114 157 208 220 309 317 336 426 464 620 695 759 925 
12 3 64 114 217 360 514 524 533 578 644 708 880 
7 197 301 313 435 521 700 881 
9 235 344 382 438 578 696 749 857 932 
8 161 233 311 417 539 573 893 944 
15 19 54 92 97 147 270 505 562 574 587 838 847 849 850 926 
5 294 677 723 854 918 
9 36 276 378 385 547 647 667 759 866 
13 107 123 274 291 332 486 547 580 666 710 780 799 803 
13 15 179 219 225 327 403 532 597 622 895 916 939 945 
12 19 56 255 326 391 585 664 670 742 843 896 965 
9 43 82 151 443 452 560 813 822 823 
10 110 179 272 413 455 622 700 847 910 930 
12 15 160 257 277 405 516 534 568 614 631 759 895 
10 7 39 73 414 425 472 528 640 717 822 
6 234 327 540 858 907 964 
5 284 313 366 911 918 
14 6 202 271 330 337 408 443 598 628 678 736 840 844 924 
14 31 180 259 338 395 410 572 683 726 731 775 778 870 956 
10 381 433 435 466 706 772 799 869 916 933 
8 148 158 304 450 606 710 795 874 
15 44 75 95 136 178 184 249 259 264 410 690 739 751 752 783 
6 25 429 582 799 809 950 
10 57 76 82 376 659 702 708 717 770 871 
11 154 187 319 324 378 385 766 898 904 927 945 
13 19 156 243 288 315 411 419 457 593 677 804 810 820 
8 0 341 449 505 585 746 931 944 
15 112 241 246 343 461 471 531 563 575 740 767 780 812 880 892 
15 0 43 69 164 362 414 436 489 583 609 667 723 738 756 880 
11 196 238 524 537 545 586 637 852 878 879 935 
10 109 115 260 276 426 724 778 802 813 853 
10 50 101 168 569 636 765 795 815 837 891 
13 32 58 157 271 317 341 378 466 518 571 683 689 723 
10 65 140 141 196 621 658 905 922 926 956 
11 173 188 395 428 435 563 665 690 729 777 941 
7 114 338 417 552 721 774 795 
12 8 44 95 211 249 301 350 470 544 623 652 783 
14 182 217 239 326 437 516 524 544 656 709 710 749 904 953 
9 260 355 614 706 732 792 900 943 958 
17 0 19 210 240 263 446 525 529 563 573 579 668 696 767 823 844 948 
8 27 231 393 478 724 882 924 938 
10 86 247 410 485 529 574 591 702 707 878 
13 171 198 209 283 384 625 634 666 700 742 823 855 940 
7 96 111 201 332 339 521 631 
10 207 336 470 601 653 683 719 748 860 864 
11 92 104 128 134 142 353 550 629 861 944 953 
11 79 92 141 194 195 436 478 547 801 843 907 
7 150 163 197 376 605 735 875 
11 149 188 274 307 443 545 568 610 613 654 760 
9 249 262 554 555 596 657 763 889 917 
11 233 252 283 335 422 444 599 728 740 924 938 
11 29 139 154 595 710 712 763 789 829 915 932 
12 92 137 145 233 249 318 320 372 407 661 807 939 
7 79 98 134 528 875 888 908 
6 22 51 63 128 321 884 
10 14 174 214 300 409 460 599 752 811 850 
12 106 163 279 456 497 768 789 839 866 897 930 932 
10 79 91 360 389 556 658 703 729 777 904 
8 91 112 279 388 432 475 681 752 
15 18 44 49 54 143 278 384 392 539 585 691 700 707 796 863 
9 155 258 263 407 446 464 517 745 867 
9 38 41 402 500 515 608 618 789 938 
8 21 57 85 271 360 494 703 715 
8 129 136 397 583 662 776 807 937 
4 30 237 656 902 
10 42 51 52 58 91 261 329 420 860 870 
8 9 102 135 326 557 759 900 940 
12 5 140 340 364 466 547 575 857 867 923 935 967 
11 63 95 177 317 402 477 534 574 631 821 955 
11 15 57 166 227 275 346 420 429 436 608 624 
11 4 113 173 260 433 492 503 633 799 825 968 
12 59 142 162 186 275 568 609 620 687 884 938 954 
10 96 115 123 190 306 308 521 538 918 965 
13 160 184 268 313 375 426 562 600 628 780 868 891 901 
15 93 146 233 235 302 353 403 522 574 578 632 722 735 805 851 
12 37 201 246 353 510 543 548 598 751 856 884 968 
8 33 81 185 219 255 417 468 875 
9 19 78 133 201 253 262 277 678 841 
10 195 218 226 298 452 540 615 777 800 826 
8 161 320 583 593 622 736 863 907 
7 7 475 477 611 670 702 877 
19 25 71 88 221 235 463 584 603 675 676 729 751 757 785 854 902 907 950 968 
6 291 401 433 669 716 870 
9 60 72 83 415 428 606 612 733 801 
15 9 31 70 99 350 383 437 495 587 602 621 704 726 880 918 
4 166 437 748 759 
10 49 82 90 95 209 262 293 605 745 914 
14 13 79 151 185 311 525 653 664 729 786 891 901 912 922 
9 78 297 394 575 625 673 691 860 903 
11 18 86 105 183 306 340 367 790 817 893 917 
11 43 216 228 275 354 395 463 487 613 742 885 
8 55 85 345 650 724 762 774 813 
10 27 128 432 459 502 601 687 708 758 889 
13 54 218 256 437 574 645 721 741 855 877 896 945 964 
10 200 206 295 465 730 757 824 860 875 944 
9 170 175 195 256 261 325 454 651 729 
12 106 137 215 273 506 514 684 727 728 803 958 963 
8 107 309 609 630 631 680 772 890 
7 181 294 378 456 481 580 776 
13 45 119 162 186 279 337 589 636 745 805 836 873 932 
2 36 678 
8 125 158 218 232 344 483 835 837 
13 109 227 488 489 531 555 659 706 731 810 845 888 896 
12 23 204 222 274 450 535 640 704 736 791 850 922 
12 128 178 641 667 669 676 680 773 803 844 845 919 
14 47 64 157 193 204 445 446 665 756 823 824 834 869 884 
12 1 169 217 232 382 430 452 565 586 593 617 789 
7 17 305 366 561 719 889 947 
11 104 125 199 423 560 578 587 656 667 792 808 
8 46 136 190 349 452 462 554 635 
12 48 74 218 299 327 394 499 523 747 765 833 965 
9 146 174 182 279 302 546 652 795 845 
13 11 75 172 222 248 292 346 510 707 748 789 809 947 
13 17 80 83 124 296 305 316 357 516 694 806 866 944 
14 34 82 197 235 407 452 655 670 776 839 840 861 923 961 
7 0 29 104 372 514 715 802 
7 36 192 335 661 827 835 918 
9 82 100 142 247 353 354 921 926 932 
7 126 160 210 718 719 788 817 
970 4829
8 120 213 231 335 550 577 667 946 
10 73 77 204 430 466 471 565 568 794 926 
9 26 276 292 323 454 478 702 867 922 
16 83 133 157 237 266 307 501 546 559 573 613 742 767 810 931 933 
9 10 55 89 126 264 463 493 803 875 
11 337 377 507 517 522 656 676 712 795 814 942 
15 73 102 205 354 387 413 423 554 572 606 612 618 815 931 963 
8 30 107 332 352 475 617 693 915 
11 187 194 232 278 396 470 582 599 702 789 883 
11 60 62 267 351 468 473 634 785 942 943 959 
14 4 68 207 224 374 458 596 743 812 818 867 888 939 944 
8 95 216 361 448 575 700 803 886 
12 167 213 351 395 428 537 542 717 729 810 940 958 
8 41 75 137 248 559 727 783 856 
11 111 127 238 408 570 592 604 693 841 953 964 
5 87 101 352 370 709 
9 241 321 375 409 526 765 874 879 917 
14 87 96 156 244 357 392 464 520 525 595 649 767 854 875 
8 201 332 483 503 579 665 793 881 
4 82 166 353 691 
5 88 167 464 626 872 
11 225 356 403 523 565 589 666 684 703 869 886 
10 33 50 141 196 357 537 618 676 685 867 
7 151 224 254 355 525 590 677 
6 68 357 496 566 744 809 
9 236 358 374 590 595 602 656 775 957 
7 2 239 280 503 661 700 885 
11 58 130 429 484 524 643 653 761 820 830 871 
8 77 121 242 384 401 793 815 880 
8 197 466 554 594 664 738 779 969 
11 7 266 298 304 375 415 432 778 877 886 894 
10 410 592 668 709 710 751 771 892 916 962 
12 65 139 164 262 389 508 558 563 573 602 797 904 
9 22 110 242 371 376 517 532 725 867 
8 77 254 419 456 525 744 770 802 
8 182 246 371 377 435 582 607 675 
14 47 109 120 290 306 397 474 497 534 593 601 700 812 831 
7 92 129 141 461 476 547 643 
9 134 259 267 435 437 446 471 819 921 
10 177 211 366 380 415 499 752 827 905 935 
12 92 101 139 243 365 389 410 578 627 660 689 889 
4 13 88 121 594 
13 184 205 356 374 414 447 526 551 627 742 830 847 956 
9 334 429 475 567 712 751 776 836 953 
7 111 113 302 320 499 555 599 
8 49 137 677 726 730 870 880 893 
10 62 104 213 262 326 343 381 484 895 948 
10 36 67 231 259 262 471 710 762 765 889 
9 86 272 278 366 482 581 694 870 918 
14 45 69 78 103 241 262 607 658 668 901 920 922 937 958 
9 22 102 114 133 221 285 303 588 654 
8 207 484 549 751 765 863 883 930 
6 285 315 655 753 871 916 
8 181 221 231 399 476 481 543 911 
9 219 247 250 288 362 418 644 681 856 
6 4 124 237 722 798 928 
7 187 371 373 652 668 720 770 
13 181 359 380 489 573 597 682 710 731 831 871 947 962 
8 27 79 82 261 321 534 902 940 
10 134 202 407 428 526 532 614 776 842 882 
12 9 98 221 284 367 412 598 616 623 767 824 881 
8 138 162 194 263 606 613 707 942 
12 9 46 67 349 393 458 474 497 533 536 564 964 
16 216 265 298 384 461 485 557 576 579 682 685 694 730 799 813 929 
10 77 185 366 452 766 788 800 801 828 831 
5 32 119 770 910 963 
11 204 222 274 400 415 459 685 740 773 916 937 
10 47 62 324 333 388 596 662 706 855 960 
10 10 24 142 275 305 383 398 541 707 785 
13 49 118 132 225 273 467 523 562 666 695 774 928 952 
10 105 187 349 421 498 665 801 844 860 939 
10 86 98 243 269 332 438 700 827 842 937 
6 183 211 300 622 668 837 
9 1 6 196 234 462 465 524 545 905 
10 153 154 198 287 341 474 770 806 907 941 
15 13 172 233 237 241 242 274 376 460 467 590 604 649 877 946 
12 101 149 235 271 329 595 603 641 742 828 855 959 
8 1 28 34 64 548 575 878 927 
10 49 170 211 273 472 516 538 681 749 763 
9 58 92 250 306 359 504 562 739 882 
9 160 408 413 570 588 742 841 908 963 
9 127 142 270 309 334 360 448 532 947 
11 19 58 202 277 337 607 652 699 814 851 893 
8 3 283 703 794 891 897 946 962 
12 225 252 301 317 394 549 590 643 647 657 777 937 
13 125 164 172 200 203 324 328 424 627 697 706 783 945 
11 48 71 144 162 235 241 299 507 728 769 794 
7 15 17 358 581 649 691 894 
13 20 41 356 416 483 702 715 719 766 800 890 908 943 
11 4 98 103 396 516 565 587 655 666 786 958 
11 125 167 233 346 387 441 608 771 810 928 935 
7 265 420 449 532 709 901 960 
12 37 40 79 176 270 341 359 361 376 462 515 668 
14 279 283 288 316 319 339 441 631 650 702 710 858 864 876 
14 111 182 203 209 628 675 686 705 786 791 806 915 932 933 
6 11 204 261 778 821 878 
9 17 388 411 465 545 581 669 853 916 
9 126 258 554 694 696 698 796 803 807 
8 60 71 89 147 486 624 833 879 
9 109 228 306 429 510 524 819 864 953 
7 138 178 333 340 580 585 701 
17 15 40 76 111 203 258 320 351 404 457 681 685 698 773 800 819 888 
11 6 50 382 604 790 803 814 919 956 960 962 
7 49 89 120 195 543 560 877 
17 46 139 155 255 313 406 416 436 527 629 725 770 815 840 847 852 918 
12 70 111 170 488 557 598 609 644 702 813 871 881 
7 394 484 540 558 833 854 873 
7 7 115 422 423 438 771 963 
9 141 470 471 539 561 668 814 834 850 
14 36 99 196 304 312 342 377 437 513 614 623 743 805 903 
10 33 137 457 590 594 648 649 738 819 893 
8 14 44 94 101 105 355 485 921 
14 166 253 296 368 403 491 520 736 772 782 802 889 929 967 
9 44 211 244 254 392 468 556 626 674 
13 50 342 369 381 408 450 576 577 590 645 794 803 962 
9 107 394 445 481 507 580 797 929 947 
7 162 168 356 528 633 829 846 
10 135 181 219 435 542 686 711 750 777 966 
9 69 282 315 418 515 540 595 768 799 
9 65 183 245 418 552 613 720 736 843 
14 0 36 103 122 154 156 194 267 436 455 545 673 713 810 
10 28 41 199 267 564 665 742 849 903 954 
7 120 161 168 225 457 782 856 
4 278 368 750 849 
15 55 258 333 363 386 529 568 578 663 698 714 739 755 852 893 
13 85 90 212 239 369 418 508 577 660 745 934 962 965 
5 4 97 486 609 813 
5 14 81 524 704 855 
12 145 330 384 411 468 561 573 575 695 810 860 897 
11 37 236 251 380 512 612 674 697 723 730 936 
7 27 251 350 469 624 643 864 
8 237 293 450 466 552 631 675 861 
9 69 158 332 457 546 568 648 682 850 
12 3 50 179 218 435 479 564 707 733 743 860 887 
10 38 59 218 219 258 364 423 503 513 953 
8 117 144 297 452 601 842 889 930 
8 161 179 206 328 411 625 763 833 
12 13 45 110 241 249 339 575 648 679 899 927 956 
13 61 100 285 322 368 413 492 575 649 776 798 824 849 
11 32 40 104 220 237 380 616 674 753 917 955 
6 223 243 321 410 534 901 
15 22 37 108 179 197 299 327 495 616 653 703 715 797 807 900 
13 68 81 286 332 349 428 582 590 700 728 731 885 954 
14 146 188 192 214 228 313 442 519 567 597 602 730 769 786 
14 86 135 154 160 188 191 213 224 256 313 723 839 877 916 
8 128 266 277 362 482 486 938 962 
6 143 336 461 848 850 947 
11 98 339 422 480 505 645 673 753 797 815 859 
7 229 275 505 643 664 930 934 
9 76 356 360 489 505 592 677 904 917 
5 491 500 504 702 810 
4 23 158 176 733 
7 448 543 583 763 784 810 942 
10 74 400 516 620 655 833 897 939 941 945 
9 74 120 144 212 267 401 498 585 811 
6 104 435 520 576 709 739 
12 17 120 164 200 265 466 495 595 631 651 698 766 
11 3 198 376 658 668 686 690 751 762 790 819 
10 132 151 186 344 462 553 557 635 690 713 
8 332 506 537 729 739 764 846 922 
9 80 144 192 457 591 762 775 795 867 
10 122 136 362 482 581 647 747 769 779 952 
8 61 86 116 177 262 527 901 940 
13 266 310 362 425 448 487 559 565 593 739 744 815 941 
9 32 85 156 239 626 669 843 856 932 
8 196 227 390 651 737 792 804 844 
7 19 112 188 530 614 769 849 
17 12 20 90 242 249 314 316 350 402 419 453 476 674 710 823 943 946 
8 116 122 236 256 275 552 936 968 
6 590 646 779 789 824 891 
15 78 105 331 346 374 453 519 600 622 629 805 823 861 872 925 
6 395 439 556 641 643 931 
6 75 85 402 439 768 921 
3 237 309 459 
12 183 220 224 227 251 337 375 555 654 822 833 923 
9 381 452 531 766 773 785 817 884 895 
9 92 151 337 391 398 429 492 724 890 
6 39 162 209 290 526 770 
13 100 267 480 572 580 651 654 660 671 676 705 779 843 
10 133 136 141 196 253 477 491 565 685 834 
9 355 399 521 561 630 750 818 842 916 
9 53 57 117 214 223 252 590 724 923 
11 35 94 269 299 480 535 577 729 796 818 965 
11 72 119 174 204 218 259 438 615 687 866 886 
10 42 299 355 463 525 608 610 638 641 724 
9 64 222 269 273 334 422 754 786 861 
6 158 542 565 745 753 864 
9 8 56 70 404 446 575 660 772 914 
12 143 144 166 215 222 307 414 683 730 910 920 924 
6 333 626 767 769 887 903 
12 274 280 315 357 443 488 665 842 845 867 931 944 
14 144 275 281 400 473 549 597 705 746 820 833 839 869 916 
5 143 160 327 452 957 
6 242 469 557 641 820 852 
4 8 61 120 254 
10 103 199 289 367 452 639 702 707 767 886 
13 22 73 109 165 179 223 346 347 478 517 536 564 719 
9 29 141 374 433 722 762 821 869 947 
8 74 157 534 671 784 801 806 915 
12 121 195 275 320 378 469 470 629 691 701 803 945 
13 85 156 322 383 449 474 476 498 602 612 746 769 947 
6 18 281 518 628 886 962 
12 59 82 252 264 271 290 378 483 561 594 788 800 
10 85 94 101 229 271 382 452 466 786 944 
12 1 66 95 183 246 290 327 550 684 743 825 932 
15 6 42 222 229 357 428 472 489 542 695 704 804 811 821 941 
7 136 349 463 529 659 660 712 
9 10 51 211 348 451 595 633 697 884 
9 366 461 609 648 686 724 803 875 910 
6 94 177 728 767 799 863 
6 256 290 467 647 747 911 
10 39 72 78 113 207 429 532 572 751 926 
14 125 154 266 281 319 361 440 453 493 621 720 753 919 927 
10 0 12 46 144 301 405 541 639 796 966 
9 143 181 247 411 492 520 627 851 890 
5 188 686 846 880 904 
8 11 63 322 486 550 704 809 944 
7 427 510 575 728 791 843 918 
14 133 134 183 285 297 324 561 610 662 680 691 716 874 939 
9 54 117 134 545 554 639 760 828 839 
7 139 174 414 588 622 738 838 
10 50 53 60 297 388 430 506 530 547 917 
18 66 185 188 205 254 286 425 452 495 565 589 650 674 685 735 824 927 949 
11 140 181 196 250 346 351 400 487 658 789 845 
18 10 23 144 174 272 309 337 340 422 473 494 536 733 792 877 946 955 965 
9 21 69 84 122 345 400 437 506 628 
4 238 498 901 956 
13 165 174 337 428 503 528 556 647 706 729 777 813 818 
12 99 143 265 375 419 426 643 705 751 768 898 926 
9 148 203 205 299 361 443 569 608 816 
13 359 415 438 457 499 545 553 838 865 886 943 946 968 
9 0 47 53 257 407 484 653 857 901 
11 8 346 360 440 451 468 580 592 840 872 880 
6 75 90 264 362 507 633 
10 73 373 431 500 532 533 614 622 634 699 
12 76 86 364 395 506 557 644 663 707 712 915 965 
11 25 129 168 268 568 722 755 834 926 954 957 
13 3 55 75 131 139 173 297 307 504 642 680 743 947 
9 14 226 304 328 426 498 557 764 949 
9 26 125 164 257 406 563 669 684 872 
7 340 357 478 540 620 816 928 
12 16 49 75 86 137 350 378 381 496 507 540 565 
11 28 33 75 167 193 324 388 466 506 569 838 
12 40 71 140 336 528 638 666 669 688 766 807 882 
9 17 113 300 368 437 818 842 865 951 
12 119 263 292 314 315 452 556 575 745 763 787 819 
8 35 204 449 535 612 873 924 936 
8 54 214 479 550 587 656 804 927 
11 13 259 271 287 290 292 613 778 806 809 858 
10 137 167 316 353 458 560 609 795 814 928 
11 54 79 223 323 461 541 547 793 863 943 968 
9 129 130 174 495 514 534 572 740 851 
13 84 181 202 310 434 448 481 534 712 781 827 838 927 
9 112 179 265 351 419 529 614 661 759 
12 23 34 113 194 222 436 486 721 742 875 912 945 
7 104 281 450 754 830 899 948 
6 144 168 210 699 792 916 
7 231 239 549 551 571 620 635 
10 97 101 124 134 305 392 624 718 737 804 
12 38 47 183 248 437 485 623 696 739 780 884 969 
9 261 311 331 372 465 517 625 908 966 
7 58 95 260 429 576 645 764 
8 32 46 47 49 162 278 648 704 
10 61 245 305 342 482 546 638 754 901 935 
13 4 202 233 641 670 697 719 732 805 852 857 934 963 
13 63 91 156 228 253 305 388 490 507 532 580 760 794 
11 3 30 145 163 212 274 318 445 528 545 792 
14 9 38 120 121 154 178 314 387 444 622 628 644 709 732 
5 236 473 702 798 817 
7 71 182 185 455 517 535 680 
7 81 92 345 603 658 805 902 
10 76 202 203 248 303 432 465 469 663 906 
6 48 224 479 530 553 677 
8 69 78 185 345 364 445 723 745 
9 66 75 190 266 304 460 473 499 956 
20 68 148 168 191 199 324 456 478 523 541 550 585 593 594 668 693 706 774 848 952 
9 2 322 353 475 563 574 646 669 783 
8 82 145 441 449 465 559 750 841 
12 8 48 123 262 296 392 618 684 802 853 862 919 
10 93 354 381 544 634 752 798 903 948 949 
11 26 190 309 315 401 603 696 812 833 872 925 
10 191 201 212 255 474 482 654 882 911 926 
5 118 473 745 759 853 
9 83 93 638 690 744 805 909 952 963 
12 60 290 345 419 652 698 704 708 735 739 833 891 
15 50 52 138 218 442 474 484 514 547 570 644 651 738 817 882 
8 142 222 424 443 784 888 936 946 
9 74 248 365 368 404 466 712 833 948 
11 54 93 323 325 409 527 579 631 732 777 868 
6 195 385 424 431 488 665 
16 36 177 202 204 210 248 284 337 358 419 613 745 790 880 896 966 
5 384 477 575 679 831 
12 2 245 248 295 366 532 606 626 636 700 907 966 
11 131 309 432 603 620 642 711 772 789 904 936 
13 365 424 505 667 669 681 690 714 726 858 880 902 942 
15 292 337 395 411 526 547 645 678 712 724 840 907 926 932 967 
8 112 278 566 568 582 713 779 837 
12 135 218 221 237 341 524 596 601 671 801 914 943 
12 30 63 310 410 419 426 595 633 634 858 931 937 
10 86 141 182 184 229 323 435 461 860 863 
11 72 244 357 366 547 556 651 705 851 856 862 
9 84 213 314 343 418 464 677 715 771 
9 44 428 549 578 672 783 822 857 952 
8 50 271 313 358 422 454 572 875 
10 30 109 238 274 618 648 805 913 957 960 
14 68 258 263 265 324 327 334 340 389 484 498 908 966 967 
10 36 79 99 387 568 576 630 717 892 945 
7 3 188 237 374 402 658 671 
9 357 389 393 499 559 570 675 714 863 
8 81 173 224 280 293 367 748 758 
11 163 252 298 377 435 598 600 715 825 858 940 
8 260 369 539 567 662 709 750 923 
6 109 342 403 487 649 875 
5 104 143 144 303 713 
6 167 245 267 301 665 749 
17 52 118 190 245 280 316 390 433 558 612 617 658 664 709 751 795 895 
10 93 167 249 315 329 448 659 669 756 821 
9 84 382 398 505 648 720 740 792 946 
4 266 351 561 782 
8 93 212 338 453 676 822 879 926 
9 44 101 199 330 388 444 504 528 656 
19 16 58 140 359 400 448 453 515 618 672 704 770 775 796 869 893 898 910 940 
9 138 200 216 276 599 643 810 840 904 
7 2 250 288 299 444 484 608 
12 67 85 218 242 275 305 332 546 568 584 845 918 
7 288 376 418 436 556 811 864 
10 46 347 389 417 531 566 632 733 864 905 
8 141 192 204 305 563 676 808 941 
9 85 136 238 341 565 653 704 742 964 
7 76 316 413 436 443 662 915 
9 128 320 390 640 655 687 764 868 914 
9 170 260 413 514 555 600 876 880 959 
14 7 18 71 132 142 159 324 347 531 610 763 822 828 889 
8 67 100 124 189 578 623 763 946 
11 43 81 185 305 341 457 460 497 678 790 904 
10 0 462 515 633 779 787 819 846 853 883 
6 146 243 373 386 897 912 
12 5 82 174 176 224 227 290 295 414 600 601 610 
3 319 471 673 
8 93 137 147 413 488 883 901 915 
13 100 224 240 305 380 418 447 500 560 564 602 889 912 
14 74 92 297 328 334 395 470 487 504 542 560 603 848 934 
13 109 114 263 312 499 544 549 651 660 662 774 796 841 
9 46 301 422 475 675 795 855 858 914 
4 158 357 582 619 
9 225 270 273 284 384 582 814 861 932 
9 90 170 196 223 232 404 579 630 767 
7 196 326 332 408 413 728 967 
10 207 406 457 628 672 719 744 864 906 967 
11 62 70 142 206 420 484 766 775 814 903 935 
10 130 167 241 495 556 619 726 845 887 892 
13 9 12 101 223 253 318 366 367 391 406 576 578 707 
11 7 15 374 436 639 641 757 778 829 854 893 
7 19 249 276 400 504 593 829 
7 6 279 367 704 746 856 928 
10 23 111 180 184 495 506 515 570 869 945 
14 21 42 88 116 149 537 652 712 740 741 755 798 827 946 
16 17 22 24 190 205 240 300 308 344 376 496 529 784 791 894 962 
9 25 87 290 303 453 529 558 642 946 
10 57 79 92 230 321 421 456 466 532 726 
9 81 149 232 554 607 623 717 755 867 
8 11 92 212 229 458 574 626 919 
9 54 145 161 163 233 427 545 603 794 
7 124 414 451 487 504 900 951 
8 134 235 273 374 377 520 541 840 
8 40 287 294 528 717 887 956 968 
17 39 48 64 208 292 300 351 386 523 533 729 764 862 877 895 902 963 
18 60 195 309 351 354 417 420 484 512 515 530 642 648 806 819 894 958 966 
10 112 123 138 244 287 425 517 695 836 884 
7 114 125 311 491 544 870 907 
5 15 699 712 714 967 
12 33 35 56 461 528 591 633 699 855 896 922 942 
11 260 411 500 546 592 593 644 760 822 945 967 
8 56 234 336 470 690 759 834 967 
15 10 25 42 170 197 307 352 364 408 506 594 614 649 737 925 
11 16 30 174 228 430 440 460 498 502 892 928 
10 33 75 92 157 325 357 549 633 760 893 
7 5 35 109 310 364 482 957 
9 199 202 241 379 600 780 792 904 905 
5 378 382 541 564 679 
11 39 57 129 139 340 537 571 597 872 899 915 
10 46 114 175 241 279 385 563 720 828 872 
10 102 203 317 379 462 542 607 664 686 846 
8 68 200 490 532 570 796 914 967 
11 28 63 128 291 345 469 702 738 804 862 871 
6 289 381 555 773 904 905 
11 124 336 366 387 436 552 753 799 843 885 961 
15 6 90 267 306 386 524 571 597 630 640 766 826 843 867 962 
10 67 96 221 242 265 320 580 755 779 834 
14 32 40 305 308 326 432 445 451 493 521 676 705 707 824 
8 165 315 330 491 663 665 677 897 
10 176 351 515 595 635 714 769 821 862 905 
8 17 113 258 278 448 549 745 786 
7 62 308 594 611 757 800 968 
8 84 106 115 552 555 717 951 969 
13 12 171 235 295 341 445 488 510 600 769 781 877 927 
11 8 89 398 464 485 632 667 799 813 816 896 
7 36 546 689 721 878 888 905 
8 68 176 317 396 424 474 605 734 
7 53 180 453 548 639 790 834 
15 66 153 191 223 225 321 353 512 548 665 701 769 843 881 953 
10 28 154 280 511 577 594 611 822 824 924 
8 167 172 307 426 461 515 771 961 
12 21 112 312 462 474 561 575 613 640 659 680 915 
9 101 187 287 346 500 583 697 785 840 
12 213 418 557 579 601 608 623 643 834 837 931 952 
10 104 239 348 351 448 550 628 799 803 844 
6 59 231 640 654 726 780 
9 14 80 114 347 374 613 630 677 746 
8 16 288 645 809 811 873 919 963 
7 31 40 140 298 591 789 859 
12 96 128 136 214 295 372 437 564 594 658 803 877 
9 60 438 452 652 831 926 927 945 956 
12 6 80 138 329 331 339 347 548 721 795 840 964 
11 42 188 220 337 363 421 502 530 640 734 808 
13 30 39 66 230 459 487 490 508 638 749 806 815 888 
10 88 104 424 471 593 611 778 824 867 966 
12 326 367 500 505 510 548 653 729 813 854 871 909 
10 54 118 119 125 301 325 340 405 473 866 
12 34 167 228 253 284 290 298 524 576 659 697 731 
9 91 349 367 465 583 652 753 908 927 
10 70 359 414 483 485 675 684 707 799 960 
14 107 147 185 224 303 343 539 548 651 674 713 738 846 932 
7 6 107 134 439 623 659 795 
7 85 286 289 294 398 416 720 
6 163 222 368 496 810 863 
6 228 238 298 402 582 834 
9 217 362 567 571 600 633 766 839 958 
15 12 59 142 205 227 302 508 544 547 649 712 811 883 916 967 
14 27 43 99 176 211 261 567 593 676 680 766 784 907 911 
7 1 221 375 510 734 751 892 
7 234 289 486 584 719 867 926 
14 30 271 293 389 466 502 564 565 668 692 698 706 771 830 
10 197 315 478 603 633 743 812 884 896 907 
6 252 641 730 903 912 964 
11 35 38 117 133 155 299 310 441 562 662 681 
11 104 120 254 325 329 352 386 507 537 817 943 
11 38 109 225 244 259 411 560 683 734 767 939 
8 71 107 183 230 412 445 661 722 
8 171 172 423 595 607 701 824 934 
5 212 232 375 526 658 
12 90 93 277 435 457 518 594 630 648 659 758 849 
10 143 285 466 576 606 666 899 937 946 953 
6 190 229 286 329 523 745 
7 267 320 323 513 593 640 864 
11 115 266 273 389 395 438 452 502 566 788 834 
9 38 187 536 537 565 766 814 929 967 
7 42 340 533 617 674 678 710 
15 11 81 152 163 252 316 321 392 406 556 560 576 632 768 961 
6 91 200 246 277 613 711 
8 114 131 255 685 744 819 910 947 
6 207 232 363 389 542 758 
18 64 135 175 192 195 203 222 245 412 445 494 522 525 546 550 594 640 737 
8 167 170 212 319 321 358 399 813 
5 2 303 494 830 928 
14 120 269 523 566 608 670 677 682 774 796 831 877 896 944 
9 34 275 359 572 575 577 626 664 832 
10 101 110 122 132 160 230 334 348 441 639 
11 10 62 249 361 550 596 674 722 787 842 910 
12 66 173 415 460 558 619 683 784 869 894 907 967 
5 75 274 334 375 459 
11 37 63 146 208 250 299 371 402 641 684 771 
12 73 92 158 335 382 403 504 522 562 761 837 930 
9 4 184 206 573 686 745 771 810 957 
9 17 20 301 396 471 535 555 851 949 
10 73 96 260 271 277 420 530 744 778 886 
15 1 29 131 156 203 242 287 359 432 442 517 581 753 754 842 
9 69 75 210 558 633 684 709 799 839 
9 9 113 128 232 521 534 579 581 912 
9 130 193 199 271 384 503 517 741 799 
9 8 108 199 341 373 658 683 796 826 
9 1 38 47 108 338 416 464 556 689 
8 78 205 583 679 734 854 915 938 
10 9 191 224 268 274 282 418 682 718 947 
14 36 62 74 200 281 285 398 403 640 667 701 718 767 841 
9 7 43 276 343 558 633 744 764 898 
11 37 53 167 200 490 530 566 601 687 769 960 
11 179 291 570 701 703 750 760 799 841 960 966 
13 2 196 240 275 433 538 647 672 685 711 853 890 949 
7 133 247 272 792 827 897 898 
7 147 178 182 674 714 730 780 
14 53 115 252 529 599 667 744 791 852 860 894 949 955 969 
12 48 145 161 263 281 377 600 635 791 885 893 961 
9 18 88 202 421 621 632 679 782 843 
14 27 46 51 106 231 285 305 323 349 367 558 598 615 892 
10 63 111 259 396 421 516 681 806 888 936 
12 98 126 145 216 254 431 502 528 530 573 684 963 
10 163 223 312 341 363 415 692 693 741 808 
12 105 190 289 339 395 619 684 708 756 781 820 933 
8 57 149 205 587 641 653 881 968 
10 265 383 415 476 544 550 608 766 831 923 
9 112 150 179 369 390 515 554 701 814 
7 138 176 214 569 769 834 902 
6 4 212 389 506 887 931 
7 224 452 454 584 668 828 890 
12 141 156 222 251 350 355 710 743 802 918 927 933 
7 24 241 357 425 642 753 965 
10 36 62 334 597 767 807 814 822 889 966 
11 70 154 200 226 238 305 375 844 857 891 908 
10 39 44 230 274 308 342 636 703 873 899 
11 150 234 340 372 404 417 629 783 792 841 922 
2 3 648 
12 375 414 432 445 486 542 639 705 881 891 916 968 
13 18 26 134 227 469 526 638 684 730 745 792 939 959 
10 79 150 237 320 341 353 363 462 543 730 
15 147 148 149 294 317 417 523 540 550 725 789 795 805 885 887 
14 159 221 225 235 242 355 374 493 526 582 584 799 802 821 
12 5 86 115 233 241 265 436 575 586 673 873 953 
9 32 125 415 428 831 838 882 964 967 
8 568 638 706 756 829 898 930 952 
8 99 217 395 417 430 589 681 751 
5 401 696 768 845 944 
8 129 367 400 579 668 677 774 801 
9 109 134 444 534 625 668 720 779 861 
7 251 285 331 519 575 803 859 
13 92 118 321 335 355 367 391 402 491 736 824 925 954 
10 78 89 153 485 584 725 760 766 864 909 
10 5 33 196 260 269 368 466 469 669 879 
6 201 441 530 549 562 958 
8 143 170 514 757 769 831 915 950 
9 17 112 155 214 364 559 740 898 950 
8 180 389 468 537 549 705 861 866 
5 5 452 462 632 761 
10 21 69 275 366 443 455 505 640 842 896 
16 27 73 99 127 297 387 419 555 622 649 696 828 854 916 931 952 
11 17 23 34 184 452 665 709 711 780 821 858 
14 16 42 59 177 295 440 503 506 810 837 858 878 903 916 
7 104 162 288 699 745 779 867 
15 116 227 243 266 320 365 371 486 539 555 641 714 871 936 967 
8 124 206 253 357 358 481 669 941 
17 166 221 272 367 414 465 476 486 518 557 595 642 792 864 878 896 905 
7 175 326 332 599 750 786 791 
17 33 59 81 91 211 234 265 292 359 383 609 663 887 906 908 924 964 
6 62 234 366 447 623 735 
13 36 58 140 198 251 252 468 513 575 577 637 695 731 
14 182 246 269 464 616 648 716 726 738 823 848 860 877 968 
6 62 196 224 446 696 807 
15 12 22 159 356 380 436 446 521 593 633 635 766 834 903 948 
10 78 478 583 594 686 743 789 841 869 872 
9 108 311 422 528 557 571 744 767 914 
12 106 118 240 241 505 577 600 692 833 915 925 932 
12 68 213 250 275 364 379 552 626 703 757 873 916 
13 12 117 186 205 341 382 451 502 648 780 807 866 927 
9 53 103 152 504 761 788 823 824 842 
8 279 342 369 428 490 737 770 775 
13 73 96 120 219 230 266 362 559 570 574 695 764 814 
9 3 132 263 324 372 397 452 582 714 
10 37 221 250 285 295 300 428 763 899 932 
10 77 399 400 413 417 422 776 833 841 938 
14 51 84 191 257 302 342 376 392 518 521 564 625 675 941 
17 0 204 216 247 275 406 452 458 490 505 631 632 669 681 793 841 906 
6 42 257 716 728 750 943 
13 119 131 168 386 394 541 675 714 841 887 889 927 943 
5 158 230 272 769 801 
11 6 29 97 219 360 491 613 678 692 812 918 
13 44 174 331 385 394 464 524 528 705 811 918 923 929 
14 113 171 227 245 300 325 350 448 471 630 691 695 802 839 
12 63 105 158 193 235 238 405 530 539 712 724 879 
18 32 106 315 358 459 467 475 484 567 634 640 720 758 853 872 940 949 956 
7 3 13 163 277 308 520 545 
12 103 249 340 341 437 448 598 626 637 638 726 769 
10 108 128 180 202 218 318 403 730 905 962 
8 69 79 435 462 518 800 879 900 
7 32 239 276 327 381 884 919 
16 62 121 133 196 340 379 411 432 549 726 754 757 765 793 907 911 
14 1 21 89 163 179 186 222 241 328 432 446 624 631 663 
10 24 296 326 445 455 476 712 788 859 936 
8 43 143 311 427 429 558 696 890 
14 1 124 132 236 296 306 324 509 571 607 749 813 829 907 
10 229 242 492 611 704 722 780 859 908 916 
15 14 80 285 308 355 383 477 545 690 770 796 855 883 886 908 
9 257 380 387 427 539 568 728 812 902 
10 6 178 211 251 303 456 647 858 876 911 
8 3 32 57 128 463 486 647 877 
6 276 361 545 701 824 841 
17 11 77 128 137 138 187 217 245 291 403 456 507 514 534 760 843 958 
15 63 114 155 261 306 351 419 442 448 630 649 785 885 904 950 
15 0 114 125 182 401 456 534 540 597 660 793 816 838 863 939 
9 40 124 302 333 351 614 734 751 942 
11 18 63 288 346 405 468 512 662 764 791 968 
8 100 115 178 232 265 388 621 935 
13 48 87 96 161 466 468 656 756 870 874 936 949 960 
13 8 35 142 296 344 345 426 506 546 620 827 846 893 
8 152 404 420 472 538 589 745 778 
6 324 431 494 506 516 596 
8 100 154 275 606 640 681 724 802 
4 507 590 877 892 
5 89 247 489 599 820 
14 50 80 220 601 610 646 831 859 861 862 898 900 911 959 
7 21 222 510 583 625 756 942 
14 23 25 75 84 110 114 142 169 181 586 620 720 845 903 
6 160 371 410 731 840 947 
6 14 31 149 232 372 871 
12 36 163 275 353 372 416 429 444 537 614 748 924 
16 29 41 110 202 275 374 393 401 411 441 452 538 672 703 884 904 
15 17 25 76 118 156 207 298 391 439 530 686 739 784 811 844 
7 10 67 297 458 584 797 869 
10 57 143 191 380 387 497 577 722 804 927 
9 60 105 310 484 560 626 671 855 871 
9 8 44 322 481 531 587 686 716 852 
19 170 310 331 337 378 395 427 482 540 641 656 664 694 712 744 752 766 911 939 
10 36 135 297 337 405 476 588 734 813 966 
6 25 32 143 200 340 696 
9 76 270 280 293 341 362 433 618 739 
6 14 75 102 706 758 798 
4 398 715 754 776 
6 6 61 292 442 585 953 
12 35 49 82 360 382 439 568 685 710 753 842 883 
12 90 184 229 323 405 455 490 642 685 695 882 925 
8 105 126 208 249 532 735 943 957 
11 184 218 332 337 588 686 752 812 818 819 890 
6 393 401 416 569 815 902 
7 6 129 200 246 315 890 921 
13 3 61 119 248 290 403 408 449 554 668 689 867 896 
11 59 109 166 234 253 374 578 593 689 756 901 
6 183 484 812 813 847 894 
8 60 139 141 535 814 855 921 929 
5 7 315 447 676 699 
9 6 22 278 304 321 603 623 774 874 
9 344 350 459 488 653 670 691 718 897 
14 153 240 257 293 582 590 635 792 794 822 858 934 944 945 
6 212 483 580 842 906 915 
9 72 170 220 234 267 524 724 824 843 
12 60 109 259 333 360 405 423 533 618 672 715 851 
5 98 130 258 565 720 
9 136 260 513 549 589 638 777 779 812 
12 20 113 164 189 292 361 456 541 560 598 685 947 
9 40 42 85 214 662 692 811 912 914 
12 94 201 225 267 348 406 675 683 693 782 883 936 
9 104 170 199 500 675 697 722 732 929 
11 180 306 346 387 408 441 556 576 783 835 873 
9 93 131 156 288 550 565 643 758 763 
8 326 396 448 483 522 550 723 830 
15 116 207 233 298 335 371 376 427 433 467 475 537 880 896 957 
9 9 234 279 298 558 741 790 834 841 
12 158 257 391 482 537 620 675 687 752 772 866 878 
6 292 499 690 700 723 796 
3 534 560 691 
13 184 243 263 283 415 503 509 560 625 778 901 931 939 
13 195 213 219 352 399 457 502 646 700 856 901 907 943 
15 330 387 403 407 414 444 452 474 523 558 585 658 665 852 946 
15 76 171 184 193 264 352 434 461 489 528 600 680 692 819 839 
11 237 293 358 367 496 530 608 799 882 927 959 
14 27 37 84 130 148 171 228 322 405 631 728 812 858 898 
9 54 105 235 267 285 372 774 790 956 
6 114 147 261 295 409 935 
10 169 276 588 639 650 681 776 802 822 884 
9 84 161 210 227 478 572 573 827 946 
14 110 132 137 208 262 304 317 367 441 501 535 542 825 891 
15 17 75 87 110 138 312 374 428 524 576 677 817 836 864 867 
8 93 222 646 721 760 811 882 936 
8 156 165 178 285 300 342 422 712 
9 56 82 284 356 412 420 829 879 967 
14 27 141 231 328 417 489 619 684 692 712 715 734 772 887 
11 50 174 178 281 407 661 680 732 779 795 865 
11 52 89 153 330 716 736 782 815 843 846 930 
9 5 25 247 320 581 600 819 840 851 
1 84 
15 49 157 223 270 307 315 411 440 470 640 677 684 685 815 869 
12 206 316 403 419 423 441 691 693 776 782 814 938 
9 40 125 178 187 206 342 577 911 926 
6 26 253 438 654 773 785 
14 67 218 311 329 342 435 579 627 696 765 833 929 934 945 
9 124 235 271 390 532 565 698 852 933 
9 29 148 315 382 456 600 773 817 867 
12 18 70 121 190 289 314 390 400 525 640 667 786 
9 21 69 89 243 442 696 809 824 898 
9 0 294 396 474 481 665 752 773 927 
15 31 49 56 72 92 108 157 275 432 494 512 513 613 785 885 
15 96 164 239 243 276 294 316 517 529 550 720 774 825 897 958 
7 264 455 619 713 757 841 898 
11 178 198 297 307 598 751 812 816 889 928 929 
8 302 321 348 478 594 623 819 863 
6 120 147 338 507 705 894 
13 113 129 139 167 222 422 447 458 480 737 757 845 863 
14 35 94 131 308 343 421 549 552 628 629 635 803 857 923 
10 5 22 178 319 327 389 429 617 740 791 
15 23 45 149 272 301 390 408 455 512 649 658 706 726 894 905 
6 295 334 447 554 685 834 
6 137 291 379 472 483 741 
9 218 237 269 403 429 641 654 750 791 
13 54 78 101 294 435 485 510 550 585 646 736 821 877 
9 57 63 132 455 473 733 902 950 959 
7 188 437 459 470 628 773 857 
15 21 204 239 278 421 461 467 486 488 503 653 658 891 928 969 
16 22 63 66 101 179 222 450 478 607 608 626 658 678 767 865 923 
15 94 117 157 208 215 382 463 538 595 599 610 710 785 850 884 
8 183 330 476 635 701 720 748 751 
5 243 709 891 900 932 
9 40 397 471 613 614 735 752 854 948 
13 157 158 283 294 373 570 636 696 721 795 813 840 959 
10 19 87 199 218 556 619 637 659 744 925 
9 432 487 540 554 627 641 653 733 921 
8 7 14 275 487 628 659 767 824 
7 48 63 97 600 796 830 841 
11 69 128 205 368 534 545 556 608 701 932 949 
14 97 259 280 511 524 536 567 602 662 666 690 698 868 924 
8 85 129 207 264 404 419 629 738 
12 97 101 124 156 284 432 663 696 764 791 899 904 
10 82 234 256 370 371 527 617 722 782 804 
13 11 26 36 71 142 292 636 639 779 800 809 823 922 
12 100 199 400 439 474 477 491 574 687 695 706 815 
12 2 8 88 93 105 150 195 268 384 732 741 936 
8 21 83 141 477 499 541 594 954 
18 127 205 216 262 284 321 328 354 569 706 756 772 865 867 885 890 944 964 
10 94 178 191 228 300 389 502 521 555 673 
14 67 85 227 275 432 509 604 677 701 704 839 861 889 892 
9 61 68 133 195 235 351 389 421 792 
6 284 488 819 874 903 916 
11 15 31 91 155 267 311 315 467 525 688 793 
11 31 47 57 93 167 447 495 607 686 765 914 
8 117 293 449 478 525 794 796 914 
20 5 43 206 235 252 287 295 356 370 428 557 566 600 651 653 776 785 858 896 913 
10 120 158 296 313 422 670 760 761 886 892 
14 124 294 308 370 391 480 528 546 552 810 814 897 916 931 
9 88 141 301 310 605 623 653 731 924 
6 218 535 551 599 655 797 
5 12 306 360 365 394 
7 258 473 474 619 723 803 922 
8 88 196 264 348 431 778 905 956 
17 56 119 212 317 381 424 513 558 590 624 669 687 768 807 830 882 937 
7 254 397 413 650 690 868 943 
9 55 197 236 438 458 569 597 629 699 
8 129 144 273 632 636 718 725 940 
11 176 181 184 208 295 557 585 622 871 919 961 
8 33 104 505 516 723 727 774 795 
12 45 294 350 359 407 535 560 564 677 801 894 930 
3 13 725 788 
9 86 142 209 217 347 551 571 643 826 
6 12 159 182 227 366 417 
14 45 63 129 143 188 434 480 503 504 561 744 750 754 915 
9 57 142 419 534 591 715 768 788 932 
8 264 267 288 629 654 702 926 953 
9 133 151 224 326 682 692 780 950 963 
13 398 414 430 437 472 578 601 653 791 862 873 916 937 
11 222 284 533 609 689 789 797 825 831 917 929 
8 112 119 515 655 681 786 810 965 
9 165 258 374 452 544 674 771 820 947 
10 29 110 220 285 384 422 535 697 808 829 
9 79 124 155 159 163 259 284 595 603 
7 66 251 317 356 520 676 954 
11 356 469 487 634 679 702 749 776 788 874 912 
9 3 42 76 80 121 254 328 810 871 
10 10 109 133 204 237 433 495 538 773 905 
13 24 34 163 283 348 450 465 475 481 539 600 691 730 
16 125 186 245 273 282 290 392 443 463 503 527 583 771 799 802 834 
5 191 200 354 408 748 
2 161 210 
8 309 593 687 746 783 805 819 916 
6 78 314 415 568 741 790 
12 117 123 180 277 311 477 531 551 680 730 870 889 
15 31 43 51 157 211 228 315 430 510 578 671 687 824 855 889 
10 39 279 600 610 635 667 689 807 816 910 
15 52 139 147 186 212 386 420 466 496 607 758 830 865 885 940 
12 185 255 263 466 564 605 730 755 770 855 895 897 
8 124 236 356 360 388 754 940 962 
8 316 488 509 581 589 614 704 792 
7 352 393 519 541 564 670 674 
7 309 441 451 558 604 631 753 
4 253 282 373 765 
10 219 265 372 376 477 516 575 650 713 922 
8 27 462 522 543 713 803 805 840 
4 47 157 160 197 
10 78 136 152 245 332 333 547 631 825 858 
10 159 238 261 330 366 475 545 579 698 898 
11 16 47 51 564 662 710 759 800 816 931 951 
15 64 88 156 175 243 349 387 427 429 446 490 516 537 600 962 
16 3 17 60 189 195 209 346 437 474 497 539 685 693 816 880 897 
8 118 172 228 448 511 720 731 957 
16 86 143 161 166 189 200 391 395 400 476 492 519 553 560 843 858 
15 34 56 65 74 104 177 321 544 570 754 772 844 872 875 926 
14 31 90 107 301 402 432 461 463 737 745 772 835 890 969 
10 112 187 293 635 653 704 770 771 908 958 
13 66 101 175 385 661 664 667 683 743 780 858 886 899 
11 69 275 342 455 512 618 644 669 725 806 963 
7 25 160 321 349 544 885 889 
9 43 59 138 548 605 646 659 712 741 
7 84 117 227 288 625 831 905 
12 30 95 248 352 416 465 583 638 719 872 892 927 
13 29 161 169 178 296 335 388 513 527 625 654 700 812 
12 259 378 407 480 525 542 569 733 773 790 829 879 
6 252 395 488 794 828 836 
8 112 122 318 483 628 655 659 699 
8 13 85 276 302 500 630 748 959 
8 152 198 286 357 429 459 595 951 
12 9 68 175 404 576 661 668 686 712 799 843 862 
9 89 94 143 185 203 392 531 665 736 
6 245 335 458 813 855 958 
8 64 202 445 543 566 727 731 741 
11 8 169 223 293 410 505 538 735 848 921 937 
11 102 157 290 334 399 634 644 749 780 893 950 
11 94 217 357 481 482 531 579 676 680 698 734 
16 165 224 256 266 317 378 479 500 503 530 620 707 756 893 911 930 
9 18 28 250 550 564 577 709 826 829 
9 1 83 86 114 265 362 620 711 781 
13 5 160 249 315 343 413 423 505 654 690 725 851 903 
15 97 182 213 321 342 383 455 470 570 636 694 711 810 875 880 
9 32 115 141 147 596 716 735 922 923 
6 55 138 268 279 356 604 
15 63 118 209 386 396 406 421 467 469 477 506 642 745 785 952 
8 64 88 101 202 393 562 700 765 
8 64 70 198 297 512 553 726 871 
11 34 112 278 495 506 556 585 646 745 815 964 
14 4 11 97 102 114 199 208 406 411 514 675 718 761 855 
8 165 205 247 258 384 597 699 900 
10 109 170 264 270 283 304 505 748 761 842 
9 74 94 198 248 367 415 485 774 932 
9 97 141 243 497 536 542 720 752 945 
6 327 414 487 738 811 823 
8 24 216 248 409 666 700 812 818 
15 3 12 90 120 128 150 152 322 425 463 526 714 736 742 796 
11 154 205 325 409 428 555 595 627 650 808 890 
14 10 36 280 433 554 571 610 615 625 643 671 779 809 815 
15 63 105 126 227 396 417 453 568 601 615 690 787 821 879 947 
16 5 82 102 108 249 345 349 446 491 497 545 616 659 714 840 948 
14 6 28 104 147 163 415 611 655 658 701 802 812 899 920 
8 229 240 396 577 671 752 765 767 
8 175 268 285 436 649 664 879 927 
9 10 180 182 227 244 610 809 828 868 
16 38 99 101 110 157 245 335 367 450 610 641 656 672 708 748 859 
7 27 191 193 488 587 737 913 
10 95 197 205 316 391 506 525 681 813 826 
9 174 302 319 332 372 401 497 620 646 
7 167 170 535 543 700 808 833 
16 60 138 169 222 389 401 416 439 515 543 574 622 666 693 751 873 
11 204 310 648 669 735 763 848 861 876 879 890 
5 387 470 728 793 821 
8 39 71 252 356 479 582 647 938 
12 64 76 219 332 381 494 524 781 818 839 878 940 
10 116 352 353 509 568 652 738 780 793 960 
9 27 42 255 432 454 632 694 720 753 
14 36 57 64 291 412 455 490 508 519 588 735 777 861 947 
2 456 908 
15 98 106 136 153 174 191 280 284 287 540 548 662 823 840 965 
16 108 179 236 373 388 399 405 426 445 492 537 634 678 745 924 965 
6 630 771 858 935 942 956 
5 43 368 649 781 950 
5 72 296 405 462 526 
8 220 230 242 252 508 577 853 957 
12 144 191 219 427 467 556 641 706 828 886 937 959 
16 104 232 295 322 364 404 413 591 656 690 761 814 833 850 869 901 
17 14 80 277 342 474 477 500 538 548 550 552 574 634 670 694 905 906 
14 59 71 135 180 190 244 458 466 523 543 607 621 805 847 
13 119 164 178 217 386 387 400 483 575 622 655 769 785 
8 70 165 406 498 595 770 865 907 
9 190 223 324 350 511 590 674 879 929 
12 116 159 215 335 382 422 582 655 891 895 915 919 
4 42 104 615 842 
6 146 275 341 535 789 825 
6 121 123 138 166 441 880 
6 108 132 146 686 840 925 
9 82 214 251 300 464 623 656 795 875 
9 104 124 193 264 481 599 640 663 942 
8 96 278 282 335 478 558 838 935 
7 17 106 352 417 472 524 689 
14 67 76 127 343 371 570 598 616 751 754 787 803 879 933 
9 13 54 122 164 300 354 639 886 929 
6 231 264 302 498 675 683 
17 93 248 294 298 310 343 525 526 572 620 643 712 763 769 773 835 899 
7 147 410 514 566 569 588 819 
7 70 128 133 299 481 535 913 
11 131 170 185 345 513 521 588 706 825 831 897 
8 278 300 366 384 391 588 734 785 
11 51 209 250 299 308 425 577 672 674 875 953 
13 93 99 130 186 325 326 348 444 516 530 649 932 937 
9 230 244 654 685 704 753 844 926 955 
5 183 418 521 542 635 
18 2 10 22 33 160 190 360 387 416 431 527 613 649 664 704 873 893 954 
5 288 330 696 721 818 
12 21 191 197 321 355 459 538 596 658 840 879 958 
6 45 48 369 581 750 874 
12 27 52 57 105 384 417 528 592 598 724 742 801 
13 20 170 232 239 280 380 381 538 558 770 778 894 925 
10 106 246 409 499 507 541 630 734 824 867 
7 16 218 581 618 708 741 870 
11 4 17 208 254 303 312 770 796 851 863 914 
6 93 331 572 825 890 897 
13 30 75 103 144 224 366 395 411 455 535 573 586 681 
8 77 95 397 526 530 635 828 942 
14 16 98 319 517 557 562 652 780 813 817 825 845 855 869 
12 28 45 215 232 290 294 331 633 767 796 849 897 
7 18 60 105 400 489 502 934 
12 59 79 243 281 285 508 608 642 650 720 897 967 
8 8 51 335 339 428 570 607 628 
10 175 207 259 368 433 563 594 646 686 961 
10 26 142 386 482 505 576 668 704 753 775 
13 11 21 30 183 195 201 230 465 570 713 773 839 856 
12 133 189 350 365 493 505 532 552 653 909 941 952 
7 10 101 286 397 415 485 938 
17 40 47 112 135 332 340 497 552 671 706 750 751 775 895 921 930 945 
15 88 176 214 478 494 567 610 612 704 771 811 825 876 907 936 
10 83 169 284 498 502 648 684 688 846 961 
10 31 306 350 375 430 484 586 706 713 778 
13 45 82 110 124 321 352 376 482 582 790 792 867 922 
11 30 87 357 367 459 481 615 673 677 726 872 
7 46 175 315 366 754 846 889 
11 290 371 396 433 455 523 530 613 633 712 936 
15 83 128 153 336 390 479 619 669 714 754 767 861 876 880 882 
12 228 321 475 479 509 520 588 643 666 670 764 961 
11 137 255 380 442 499 547 698 773 815 858 962 
7 141 363 562 588 688 804 933 
13 49 91 140 162 226 231 263 339 614 638 639 840 930 
8 58 270 294 366 492 571 611 682 
11 109 121 189 279 349 434 526 537 590 708 795 
12 32 149 215 293 322 334 378 385 576 594 698 924 
15 39 73 326 378 385 391 397 530 561 677 719 743 777 841 957 
6 271 348 532 550 621 841 
13 74 292 295 369 429 433 459 564 568 639 844 890 944 
11 80 88 260 305 420 498 532 569 570 772 832 
5 283 417 516 887 919 
8 65 188 208 321 450 458 752 929 
10 53 210 281 429 564 572 588 600 660 792 
7 254 336 340 434 468 627 741 
4 304 712 820 860 
11 187 297 330 343 383 539 627 710 711 875 962 
14 7 94 198 235 329 339 380 403 472 519 540 621 730 846 
18 31 52 66 96 144 180 191 256 428 502 524 526 541 569 708 714 734 748 
5 16 139 149 221 735 
7 48 104 217 324 495 554 555 
9 102 212 278 361 409 563 724 846 909 
3 49 188 815 
8 38 111 172 612 616 692 789 889 
10 2 49 159 371 500 700 718 760 797 893 
10 174 181 311 490 555 675 685 797 946 948 
9 188 246 401 532 593 696 715 834 904 
9 170 280 374 515 540 608 691 850 872 
13 1 211 228 236 281 295 319 412 431 660 732 770 865 
17 77 137 212 222 247 252 395 412 420 495 542 552 597 642 667 778 817 
11 55 69 90 240 249 354 375 454 671 684 959 
14 63 112 115 446 555 616 629 662 671 735 845 856 910 945 
10 51 135 148 462 509 655 726 792 889 901 
12 3 6 171 190 298 405 493 524 638 714 765 944 
14 94 164 204 295 345 422 540 547 688 695 731 806 864 959 
7 3 94 488 495 663 855 900 
8 125 148 264 341 439 620 662 881 
8 39 90 263 349 580 645 835 853 
15 129 168 246 286 293 485 528 566 581 628 650 702 890 896 964 
11 49 66 71 84 298 442 720 734 789 839 864 
6 145 472 548 659 827 888 
9 10 70 153 218 437 503 577 600 638 
10 12 58 162 310 321 558 723 753 755 828 
9 74 153 163 205 327 529 549 887 954 
11 5 9 61 152 294 371 578 589 835 852 878 
12 9 88 167 230 250 297 436 551 552 609 639 721 
10 10 190 203 216 455 511 620 704 907 931 
13 85 153 199 254 306 355 372 412 620 662 807 889 929 
15 0 75 83 167 224 230 286 317 333 356 358 442 640 647 923 
14 57 81 115 146 197 200 237 450 473 591 626 737 813 831 
8 46 255 279 287 537 689 814 923 
10 222 238 279 464 478 481 558 581 695 963 
8 519 520 576 682 733 790 836 969 
5 244 363 394 765 784 
10 69 161 275 283 302 405 509 524 799 887 
11 14 43 99 134 400 442 507 606 732 863 959 
8 121 142 236 515 703 740 867 941 
4 139 224 481 865 
11 42 102 137 226 274 365 412 558 644 719 835 
12 25 192 236 304 377 463 609 633 768 838 905 958 
12 12 49 89 367 427 518 575 669 772 787 869 957 
13 9 76 331 503 588 642 682 690 783 839 928 932 953 
9 67 91 102 304 421 476 477 581 829 
8 386 402 448 482 724 884 891 898 
15 31 57 83 102 114 125 145 201 357 387 561 755 766 899 914 
12 6 65 80 107 264 283 366 409 486 733 774 949 
10 14 62 328 413 434 508 532 704 802 936 
8 125 182 224 235 496 736 833 834 
11 117 213 260 290 292 305 367 416 477 497 601 
16 112 295 305 347 348 370 372 373 383 428 446 459 508 528 652 882 
9 168 230 250 365 393 489 502 535 579 
7 29 259 394 481 684 771 950 
