960 4779
12 21 40 266 347 518 576 644 662 734 877 879 890 
18 8 14 29 33 90 240 395 423 426 597 601 627 649 675 751 779 828 838 
7 10 107 216 513 574 604 613 
7 42 89 193 373 773 863 882 
13 62 82 127 191 195 203 247 275 420 494 626 635 646 
14 7 96 116 166 218 224 323 352 518 667 719 764 802 818 
11 15 215 242 270 522 547 548 673 730 863 928 
12 5 145 191 355 429 490 497 551 564 568 724 935 
10 1 50 439 503 575 668 728 793 818 864 
7 17 222 327 510 787 847 916 
14 2 58 76 134 211 351 398 439 451 504 724 733 735 940 
10 138 159 374 426 496 513 543 603 679 874 
12 126 256 379 438 463 495 526 646 761 839 890 921 
7 16 361 376 602 663 686 787 
10 1 21 30 123 223 239 387 388 621 874 
15 6 102 231 240 253 254 331 416 450 465 708 778 808 939 943 
14 13 30 67 71 127 369 406 441 645 655 670 777 885 936 
10 9 202 208 287 293 581 639 692 784 873 
7 187 193 335 563 694 845 923 
12 150 180 218 306 353 360 423 551 640 676 681 873 
17 64 77 107 112 127 141 179 261 293 298 436 671 726 780 800 887 934 
16 0 14 54 58 60 294 345 383 395 403 497 558 593 608 889 949 
11 108 110 186 285 336 482 559 581 668 889 935 
6 59 87 189 261 337 677 
8 249 509 547 556 594 666 701 714 
8 115 284 314 396 484 685 770 842 
16 56 126 190 249 387 410 449 543 603 661 670 709 762 790 793 936 
5 132 432 436 469 939 
11 57 230 282 354 542 565 601 642 763 796 890 
11 1 47 105 149 320 328 353 377 670 892 899 
7 14 16 53 263 327 370 583 
7 149 173 287 384 386 532 593 
10 48 152 252 318 413 476 524 606 714 867 
9 1 182 192 277 429 496 529 740 786 
7 104 246 332 515 585 873 877 
12 130 141 150 182 381 424 626 723 758 766 868 881 
9 415 535 603 633 667 689 758 837 944 
11 296 389 405 422 547 595 601 620 797 846 896 
17 95 157 270 271 375 425 471 477 519 583 613 774 818 867 870 899 951 
12 174 190 212 372 443 482 546 560 565 688 762 830 
16 0 55 213 237 268 314 336 570 614 656 675 700 811 828 873 954 
12 88 274 329 541 543 557 624 667 793 859 868 956 
16 3 51 63 168 233 243 333 339 405 513 546 661 770 807 891 956 
9 141 142 153 199 229 420 655 724 950 
7 122 191 359 377 394 456 585 
8 254 398 413 436 594 672 696 888 
8 95 137 201 241 487 624 900 912 
13 29 163 210 319 508 567 568 612 636 682 718 803 913 
7 32 268 515 549 716 728 783 
12 104 224 355 415 417 531 741 743 790 809 923 942 
8 8 104 183 236 424 491 518 645 
10 42 72 97 99 257 307 474 573 691 922 
17 171 228 268 508 519 590 703 752 801 818 836 840 853 920 933 955 959 
10 30 95 123 126 309 329 352 530 627 645 
11 21 350 358 436 620 622 666 684 745 869 944 
12 40 95 166 336 472 474 492 546 580 628 704 841 
13 26 92 224 251 256 279 282 307 310 589 698 854 937 
11 28 143 335 349 367 438 484 519 685 814 847 
12 10 21 72 121 196 484 543 582 589 651 669 701 
9 23 278 324 366 563 596 663 837 953 
10 21 200 285 300 390 461 613 746 816 923 
9 216 222 249 384 420 636 690 727 868 
9 4 320 463 473 489 709 715 752 761 
8 42 244 314 373 442 695 825 909 
18 20 74 87 110 209 248 283 332 429 459 503 520 537 640 654 724 730 744 
7 235 444 511 598 702 827 937 
12 164 286 355 452 481 608 641 853 857 919 926 949 
8 16 95 280 303 585 748 899 908 
7 106 136 232 239 247 278 907 
3 85 222 487 
12 169 281 366 453 466 528 532 577 599 680 785 928 
8 16 233 349 406 444 516 747 811 
15 51 58 130 231 284 302 332 342 388 555 575 637 755 843 957 
8 109 172 219 368 406 407 508 768 
5 64 344 448 547 710 
7 371 413 647 817 847 862 869 
10 10 114 172 298 384 515 739 830 841 858 
12 20 151 152 182 287 452 517 568 580 637 752 866 
5 110 148 319 441 518 
9 82 223 236 500 532 649 828 839 939 
16 126 164 193 284 295 361 427 431 440 453 687 691 808 815 819 849 
11 209 219 252 270 294 366 513 711 754 886 893 
8 4 79 248 614 697 778 860 907 
11 240 330 450 516 612 657 806 818 881 909 912 
9 263 339 383 442 499 694 724 889 919 
10 69 238 348 364 475 598 664 666 795 799 
10 164 180 209 248 356 452 742 758 890 919 
8 23 64 151 583 654 705 880 928 
7 41 141 165 411 421 423 528 
13 3 129 342 343 397 436 653 784 802 820 828 860 942 
6 1 170 233 254 718 811 
9 183 382 423 499 608 633 640 719 860 
15 56 102 279 539 706 731 744 759 787 790 852 888 951 952 959 
9 486 493 555 633 808 910 950 951 957 
10 259 439 450 465 472 525 590 603 792 819 
15 38 46 53 55 67 126 227 377 427 433 670 674 707 811 897 
16 5 183 221 246 294 306 350 426 469 500 749 782 789 833 897 959 
8 51 112 144 162 469 547 655 898 
12 131 160 242 370 400 486 494 500 540 541 731 856 
10 51 105 312 469 619 804 914 918 920 936 
6 106 165 259 293 525 749 
10 208 398 581 589 623 664 710 846 887 891 
9 15 92 136 253 422 705 759 835 850 
7 179 376 494 511 770 793 846 
14 34 49 50 125 226 370 549 602 642 666 669 781 803 819 
9 29 99 320 389 408 416 751 798 944 
13 68 100 180 229 292 299 360 786 814 886 905 916 923 
8 2 20 187 285 337 496 719 837 
8 22 110 142 264 304 453 648 791 
12 73 173 228 317 448 627 634 652 751 795 871 936 
9 22 64 78 108 219 373 452 519 531 
13 161 193 274 346 376 424 425 562 686 696 784 863 893 
14 20 97 189 246 254 268 393 486 627 653 732 756 869 905 
10 138 226 311 387 392 411 682 817 873 881 
11 76 147 219 307 338 651 657 724 737 837 902 
8 25 119 140 262 362 725 763 877 
11 5 239 304 305 339 443 647 835 850 908 956 
8 311 346 388 489 739 850 887 940 
9 145 204 216 258 626 632 708 729 820 
6 115 611 722 797 875 957 
11 166 185 537 550 619 627 672 681 687 881 958 
11 58 133 155 240 251 326 463 610 642 648 698 
7 44 151 152 159 229 580 883 
9 14 53 152 159 671 708 718 783 954 
4 162 234 366 807 
11 104 329 352 420 484 608 698 700 769 792 815 
15 12 26 53 80 95 335 347 537 583 642 702 709 728 785 952 
11 4 16 20 140 210 228 537 544 565 625 660 
9 176 208 216 566 581 769 817 864 883 
10 89 150 174 195 221 258 274 593 639 809 
13 35 72 148 248 434 517 526 564 576 667 877 887 939 
10 98 211 388 438 452 547 747 750 783 948 
7 27 283 447 454 624 790 855 
6 121 348 698 757 833 955 
6 10 368 374 485 696 746 
7 260 279 306 398 467 609 919 
17 68 102 232 259 371 425 492 503 589 597 669 671 798 834 857 875 947 
9 46 154 212 264 386 462 622 709 825 
11 11 113 276 294 382 589 631 677 813 931 952 
15 185 346 395 400 447 451 468 484 632 676 736 766 780 788 958 
11 115 127 190 212 257 288 379 721 779 954 956 
8 20 35 43 88 200 344 544 655 
12 43 108 146 272 393 411 457 487 577 649 683 929 
8 57 351 661 674 794 845 933 940 
8 97 172 532 577 685 711 757 941 
10 7 118 163 540 542 607 612 630 711 896 
11 142 253 384 413 471 478 588 657 866 890 929 
12 114 418 457 460 470 584 627 728 857 867 872 947 
9 78 130 354 493 655 762 799 892 949 
8 29 31 317 375 705 873 890 958 
8 19 35 129 251 523 536 732 906 
8 77 87 122 273 447 578 772 932 
9 32 77 122 123 673 721 783 856 949 
6 43 279 308 313 759 835 
8 137 223 498 603 645 704 716 906 
10 121 232 316 343 356 436 471 558 668 707 
10 221 312 364 478 490 667 731 808 835 946 
8 38 465 591 670 785 856 920 949 
8 178 376 472 590 611 675 792 833 
11 11 122 123 346 527 592 747 787 820 852 925 
12 98 196 205 294 408 413 468 691 700 752 852 933 
10 111 172 207 269 285 509 544 641 695 712 
11 97 124 238 319 417 697 727 746 815 869 929 
12 47 145 178 247 260 421 464 694 731 740 872 947 
17 66 80 86 242 281 286 324 335 344 362 431 711 728 747 751 793 951 
13 88 100 185 245 250 294 515 692 753 764 840 939 948 
12 5 55 120 281 283 462 465 470 515 523 595 932 
8 251 302 414 421 433 626 685 820 
6 42 276 333 365 400 625 
15 70 207 223 278 285 387 409 411 448 504 533 594 679 683 821 
6 90 570 625 740 842 882 
11 52 195 289 426 464 604 613 636 638 674 845 
14 73 76 144 161 173 283 301 348 349 385 650 710 768 811 
13 31 109 172 285 429 561 668 703 724 771 842 885 889 
5 39 129 245 614 670 
5 186 191 328 669 715 
8 128 221 263 299 613 627 685 948 
8 297 353 402 524 586 668 737 873 
12 158 163 239 350 374 375 387 681 682 798 819 869 
9 20 103 231 438 480 636 683 843 930 
8 19 86 106 349 483 716 801 940 
6 315 398 567 578 830 878 
12 33 35 77 288 306 316 319 480 493 797 881 914 
11 50 91 96 269 338 467 554 612 779 814 941 
7 431 483 529 661 668 845 947 
13 120 139 165 342 383 457 472 475 563 581 664 756 781 
11 22 175 189 211 281 448 540 749 802 804 958 
10 18 107 225 259 366 393 399 445 737 813 
11 202 290 353 461 472 539 639 685 691 828 879 
10 23 112 186 272 313 469 497 541 696 959 
12 26 39 140 222 265 311 324 435 576 630 838 897 
13 4 7 44 175 389 407 458 472 711 713 938 955 956 
8 33 579 600 614 771 890 905 954 
11 3 18 80 111 345 449 522 559 647 805 934 
5 296 587 640 810 854 
9 4 129 171 375 411 592 706 724 903 
10 58 160 213 594 608 630 857 859 868 885 
5 342 348 457 548 685 
10 222 403 433 511 561 593 610 697 810 891 
8 43 207 314 557 561 697 818 849 
13 60 141 319 400 410 429 456 522 532 543 588 655 805 
7 46 400 477 596 728 737 908 
12 17 188 269 346 452 475 477 675 829 855 864 888 
13 4 234 240 244 277 288 317 525 674 727 773 871 879 
6 118 391 636 668 670 800 
10 160 248 328 553 623 753 796 849 851 934 
9 249 356 362 385 811 834 842 852 880 
10 161 169 199 229 442 491 525 735 737 925 
9 17 101 128 278 497 551 581 827 926 
14 64 81 86 225 272 330 363 538 543 627 752 792 876 918 
11 47 127 495 540 546 605 625 652 715 852 892 
14 10 131 186 215 264 426 447 511 529 581 684 822 865 945 
10 39 137 140 345 355 454 468 739 783 845 
9 40 196 515 700 749 828 832 881 921 
6 285 339 500 527 759 860 
5 6 211 378 727 949 
11 2 61 118 128 386 402 449 523 626 719 888 
7 254 367 384 600 609 817 950 
11 5 19 444 512 537 634 654 657 707 871 933 
10 73 81 110 114 304 361 584 739 878 939 
11 458 590 604 637 641 674 682 802 838 907 920 
17 96 129 156 176 235 283 505 534 545 594 607 627 632 892 907 915 924 
17 9 61 69 190 198 228 289 359 402 405 507 524 584 659 767 836 903 
9 14 79 154 169 252 517 594 788 840 
9 5 49 56 231 357 369 488 490 934 
6 187 209 422 573 742 785 
8 104 113 236 245 293 324 442 716 
8 95 331 426 479 504 687 739 888 
12 52 109 127 222 351 448 495 584 780 794 884 914 
7 43 106 122 207 403 427 494 
7 28 267 501 638 723 734 752 
8 15 72 179 224 272 305 470 784 
12 68 136 155 307 362 372 384 418 715 804 843 856 
9 42 71 90 442 509 566 669 835 939 
7 124 203 391 466 736 762 953 
10 65 221 299 397 440 470 570 619 788 901 
8 50 79 226 374 379 589 847 932 
13 40 241 291 306 337 339 361 502 618 714 778 904 908 
8 85 162 239 277 316 579 762 917 
14 14 68 116 178 238 244 318 389 396 429 493 532 830 930 
10 1 15 83 121 203 477 724 825 847 931 
10 46 237 258 407 470 616 730 781 869 908 
9 6 98 164 316 386 641 700 878 919 
7 42 408 503 818 837 902 952 
11 63 203 239 424 526 722 778 789 925 933 951 
15 165 174 226 280 299 426 558 664 671 749 788 855 896 902 952 
9 34 96 112 263 369 403 746 826 859 
11 4 68 163 269 342 365 452 619 687 913 920 
14 64 82 86 130 205 374 406 585 686 713 726 763 850 938 
9 24 26 61 206 575 613 634 734 935 
7 165 261 496 544 654 674 737 
11 56 121 150 167 339 341 373 524 600 829 935 
8 32 81 223 281 324 477 609 806 
14 15 102 146 372 532 547 560 563 651 705 772 796 831 917 
8 15 45 90 112 217 506 663 754 
4 294 324 405 825 
6 12 56 274 295 603 872 
9 51 140 369 543 644 740 768 771 826 
6 118 129 241 261 309 767 
18 94 100 136 187 305 337 368 374 381 389 393 399 533 605 671 802 811 921 
10 135 163 334 361 523 702 704 744 863 937 
10 20 23 250 258 468 571 636 824 832 916 
7 115 327 350 463 498 697 865 
8 30 84 176 246 321 540 669 672 
10 108 137 211 277 317 529 561 695 703 735 
7 190 301 531 627 744 774 958 
10 0 278 352 535 570 641 742 770 779 856 
6 230 409 505 514 746 767 
7 40 48 52 112 648 690 742 
11 161 183 202 247 383 389 442 604 703 867 956 
6 6 38 81 567 586 631 
7 38 427 509 510 610 692 694 
11 142 189 209 231 280 459 530 614 670 850 896 
5 151 322 464 714 942 
9 41 111 129 256 515 705 733 736 810 
6 4 725 836 851 881 942 
7 138 168 295 696 752 845 955 
13 33 203 238 264 440 452 529 616 645 670 700 829 943 
13 59 68 169 208 266 291 476 622 739 750 785 869 909 
18 56 92 135 153 284 327 499 579 580 581 605 671 686 692 716 786 944 946 
11 67 245 272 286 381 404 784 866 887 896 919 
11 70 164 166 186 252 406 453 540 867 875 916 
7 28 56 303 386 432 694 906 
12 64 132 166 172 221 300 360 506 658 757 782 845 
16 25 72 80 279 312 314 355 367 388 421 476 545 634 714 740 936 
11 22 60 107 161 169 173 214 435 766 774 933 
11 66 164 280 428 559 566 667 722 806 817 890 
10 17 31 77 454 622 646 892 893 935 956 
11 140 182 203 358 366 449 453 539 612 685 930 
8 171 222 326 347 483 530 934 942 
3 188 698 862 
7 237 278 506 687 819 821 851 
8 106 371 560 633 634 674 809 873 
11 17 20 100 226 328 351 416 544 563 787 852 
13 21 81 96 138 160 165 255 404 564 638 752 763 927 
13 80 256 276 348 376 379 697 789 844 866 871 894 897 
9 37 194 444 518 577 635 681 729 833 
6 177 563 647 704 764 783 
10 20 76 451 552 604 622 659 698 699 823 
13 106 176 235 245 376 400 409 424 487 579 791 922 941 
7 60 283 301 322 590 734 829 
9 172 265 300 310 624 633 709 754 879 
7 72 167 337 614 683 777 904 
12 67 282 473 619 675 694 706 747 784 785 788 855 
7 108 116 219 363 550 666 720 
7 116 231 259 626 775 897 920 
13 19 96 135 182 237 569 570 588 622 710 904 918 939 
15 51 56 114 232 372 444 465 675 712 797 811 898 934 939 953 
7 153 449 502 748 809 827 949 
13 53 258 339 415 515 554 572 582 585 651 762 869 943 
9 56 301 356 405 416 628 753 759 814 
12 113 117 190 509 541 546 587 733 750 829 837 850 
9 99 156 284 421 433 501 724 805 959 
9 153 189 337 554 588 763 813 831 938 
13 25 40 63 199 284 335 404 477 514 634 706 803 944 
8 181 354 418 555 621 688 701 876 
14 155 182 238 242 348 378 584 590 638 652 655 740 823 954 
9 109 149 203 264 478 519 696 716 741 
12 32 239 590 652 670 723 730 757 768 782 839 952 
9 47 78 162 182 200 348 362 464 603 
10 29 62 105 370 588 720 726 746 786 821 
7 263 374 582 696 794 924 954 
9 273 300 379 498 531 741 826 858 894 
10 5 410 416 488 592 611 679 787 808 893 
14 59 164 190 226 252 255 428 432 442 511 752 758 812 880 
8 342 535 572 686 703 704 923 950 
5 121 289 381 484 940 
8 9 30 262 279 563 584 839 900 
9 29 175 205 293 484 533 560 578 758 
6 41 53 125 430 843 955 
6 83 209 467 532 663 920 
4 15 227 413 778 
13 34 64 72 344 371 400 465 481 543 746 850 883 887 
11 42 168 359 365 460 580 703 801 891 897 939 
5 260 659 667 838 934 
14 18 57 126 164 314 447 511 561 565 625 717 748 775 878 
8 22 40 55 351 386 397 415 600 
12 23 107 237 259 302 313 343 534 644 646 817 896 
7 114 183 438 473 560 758 825 
11 42 84 116 214 237 251 309 570 588 768 943 
3 399 907 957 
11 251 528 594 601 616 626 632 711 781 794 908 
16 72 89 185 197 247 325 382 401 473 480 494 538 635 697 807 914 
6 89 155 337 527 609 674 
9 74 141 164 332 417 524 544 561 923 
7 21 193 212 585 714 782 908 
11 111 117 139 159 202 480 514 625 647 759 826 
9 0 126 289 440 462 600 606 727 871 
14 85 133 172 197 295 316 319 489 580 685 735 744 769 876 
14 57 71 172 180 370 408 469 471 539 593 633 730 751 952 
8 54 96 178 262 569 625 723 898 
10 10 143 228 293 336 581 609 633 729 896 
7 5 53 125 266 723 766 815 
6 19 29 177 188 455 532 
7 28 148 315 360 420 576 822 
10 7 49 66 212 284 421 457 479 609 811 
11 86 155 206 310 399 497 558 568 653 754 802 
6 224 404 540 546 723 733 
6 54 288 380 477 884 954 
12 44 222 333 404 454 633 693 811 840 841 883 906 
12 19 106 283 354 406 554 586 597 752 769 872 899 
9 13 80 219 237 260 416 698 836 939 
10 115 164 206 232 319 365 392 551 594 742 
11 209 304 372 426 448 463 628 651 662 793 943 
6 85 156 465 606 690 725 
16 168 247 333 362 408 453 458 479 509 536 750 769 805 809 831 850 
12 59 70 81 124 187 288 469 559 630 879 935 940 
12 57 217 284 521 538 665 666 698 749 811 838 872 
11 73 134 259 453 537 577 748 767 857 875 938 
6 16 224 246 257 537 546 
13 30 98 104 320 349 485 496 644 746 782 817 825 936 
9 75 136 292 332 421 502 580 748 770 
8 39 232 253 307 363 537 624 799 
9 3 63 110 251 404 495 557 620 868 
10 11 134 178 236 248 259 321 494 631 876 
10 38 149 178 195 543 572 584 845 894 904 
12 13 103 111 158 295 299 388 709 777 782 798 877 
8 29 44 95 582 651 722 748 931 
7 215 316 399 401 759 798 863 
18 12 140 236 295 322 397 542 605 614 647 722 798 826 829 845 876 903 923 
7 358 441 468 481 722 808 823 
8 35 259 280 326 504 731 799 937 
9 91 138 342 475 614 850 908 946 948 
9 21 84 185 269 581 605 758 809 863 
10 31 61 76 146 217 232 467 566 853 886 
10 172 206 398 481 584 599 616 624 690 907 
11 31 137 216 242 282 336 422 557 894 908 931 
9 14 26 113 169 178 390 449 603 791 
12 14 72 117 131 284 376 442 566 662 816 846 938 
11 37 105 191 239 259 269 467 539 663 672 766 
7 60 387 458 465 491 761 900 
13 204 234 423 438 516 518 584 619 665 674 736 753 874 
8 113 362 421 615 616 718 735 945 
4 112 142 187 259 
8 44 498 508 531 566 567 602 958 
9 1 21 139 438 532 554 690 820 950 
12 25 239 409 535 607 624 775 778 836 920 941 955 
10 89 235 336 379 435 439 607 643 920 926 
10 10 45 101 135 181 385 521 750 770 823 
8 187 259 340 356 378 677 797 889 
10 98 139 168 200 201 299 332 417 784 887 
9 342 378 639 649 659 696 703 819 952 
11 177 216 222 417 494 565 636 803 811 899 915 
11 21 198 229 246 415 512 567 585 627 730 845 
8 280 294 314 357 359 373 526 689 
11 37 42 222 255 310 424 512 589 647 812 903 
9 16 71 73 248 281 360 620 844 851 
9 73 191 241 652 761 788 817 912 956 
10 105 160 243 349 365 794 836 849 903 955 
8 169 267 299 396 515 627 891 899 
9 26 200 323 512 519 687 818 823 837 
12 88 113 142 169 195 424 426 448 478 543 627 702 
2 941 948 
11 32 45 75 146 160 331 425 447 463 518 794 
4 167 446 660 670 
10 36 49 309 336 403 593 601 655 883 888 
12 15 105 293 310 323 361 435 488 576 838 877 932 
11 49 162 344 400 402 458 632 708 720 841 895 
10 147 232 315 585 613 616 636 813 859 898 
5 561 594 638 789 857 
13 4 43 61 125 354 431 437 464 571 605 621 758 940 
13 88 163 167 284 312 355 371 392 602 640 661 772 810 
12 37 102 225 386 428 583 612 656 681 695 859 908 
10 1 19 88 91 391 605 768 847 873 903 
11 35 50 111 244 299 405 411 582 873 900 955 
14 38 111 136 413 474 598 606 628 635 665 691 725 756 797 
13 1 11 96 171 211 227 245 363 411 480 681 913 939 
16 80 95 229 271 489 497 554 646 662 713 744 782 885 899 914 926 
7 286 324 422 751 840 844 901 
9 7 33 64 173 200 239 452 545 751 
5 329 488 691 861 933 
12 80 164 184 420 453 579 592 635 727 770 816 937 
7 27 282 324 481 746 790 844 
7 95 167 198 312 599 833 879 
10 130 461 551 595 736 803 809 883 913 956 
7 190 285 397 416 612 802 878 
9 20 27 45 54 89 155 566 770 953 
10 420 480 525 692 697 766 767 831 841 959 
15 12 57 131 179 338 391 395 485 584 657 668 677 714 819 897 
7 8 10 94 397 541 827 860 
11 80 235 277 347 602 616 675 804 893 920 922 
9 16 78 380 531 565 705 847 850 885 
13 63 84 207 226 233 269 324 388 511 562 574 713 737 
2 39 116 
11 65 71 218 296 307 457 532 549 564 745 878 
7 187 577 595 618 686 750 938 
11 414 567 605 652 653 661 734 780 815 832 902 
12 132 139 151 211 335 413 466 512 590 739 784 953 
13 74 109 169 186 228 363 411 592 740 778 802 850 864 
10 26 193 216 288 308 387 620 828 889 901 
8 15 83 94 608 621 821 840 903 
5 10 139 298 524 591 
19 66 77 86 110 131 202 247 277 429 463 492 566 693 699 730 807 879 898 942 
13 70 80 108 281 288 365 368 431 525 559 589 617 751 
10 132 212 287 359 551 573 607 714 825 869 
8 353 472 516 634 761 778 799 844 
6 44 200 530 634 724 906 
8 142 147 185 197 355 444 564 665 
9 191 220 365 390 417 549 644 822 950 
12 64 272 476 586 599 627 630 685 742 743 835 918 
5 147 333 583 641 798 
10 60 188 434 654 753 778 804 864 931 959 
6 137 166 347 465 470 520 
16 12 62 121 262 363 413 452 525 566 639 683 751 798 821 859 887 
9 163 171 273 319 420 491 551 799 922 
13 15 94 157 166 307 332 364 390 462 608 701 703 714 
7 70 234 447 492 534 589 870 
10 135 183 330 384 389 481 597 605 676 944 
7 139 160 212 261 380 659 771 
14 27 96 97 99 189 349 366 588 616 619 634 791 815 932 
10 147 166 231 235 241 462 513 571 807 833 
8 38 146 155 349 563 739 759 936 
11 55 94 158 185 188 191 455 665 684 685 750 
10 62 303 338 342 657 666 727 759 867 880 
6 51 55 425 517 596 656 
14 85 185 202 382 504 520 542 548 551 580 710 782 829 922 
9 32 278 284 459 655 668 703 832 852 
13 38 201 202 240 252 314 358 508 591 788 793 822 906 
7 146 156 317 411 752 866 949 
9 227 355 365 539 549 687 827 828 841 
15 179 182 342 346 426 437 554 603 653 695 752 760 908 942 957 
9 66 332 380 385 432 467 533 706 763 
5 22 39 538 726 770 
6 180 184 289 655 746 766 
17 25 57 58 125 139 326 328 534 595 619 672 717 744 766 931 937 945 
9 134 370 438 498 625 661 693 874 896 
10 93 98 112 542 591 652 654 754 816 829 
10 46 69 142 299 567 662 724 802 924 936 
9 224 323 416 430 519 763 809 916 922 
9 62 117 348 427 647 671 834 840 874 
6 7 156 224 761 825 894 
10 50 207 390 464 568 569 653 782 822 878 
10 55 136 452 466 567 750 791 824 848 907 
8 93 148 182 239 673 705 750 805 
13 4 98 103 229 342 374 402 612 678 723 850 894 935 
7 12 210 228 373 514 771 810 
9 11 33 107 250 370 519 551 594 695 
11 7 21 189 208 356 427 582 745 764 844 929 
9 154 262 322 394 485 526 593 685 815 
8 84 91 279 528 718 778 788 944 
8 79 96 98 214 616 665 739 808 
7 230 312 795 803 858 911 939 
6 237 308 371 798 828 915 
9 8 64 136 243 551 585 602 672 770 
9 10 169 227 381 475 510 617 867 902 
4 221 267 804 947 
7 254 283 291 564 808 847 939 
5 222 514 632 634 905 
12 47 52 73 394 477 512 516 542 672 680 710 861 
9 24 161 233 271 311 365 553 772 809 
9 9 271 504 551 668 797 830 841 957 
14 65 103 198 211 324 335 442 531 554 616 674 678 791 929 
12 218 403 405 410 447 508 552 569 746 773 839 875 
7 2 11 42 81 470 778 901 
14 267 314 346 495 507 557 584 627 646 662 701 712 738 864 
11 34 48 76 165 166 213 274 309 409 557 824 
12 71 83 391 455 508 656 676 821 831 839 880 919 
7 77 130 223 474 536 557 773 
10 0 5 50 78 296 391 413 649 785 841 
8 38 52 57 110 317 410 488 496 
7 64 462 475 574 779 853 923 
5 367 398 550 867 903 
8 6 193 200 583 716 753 773 879 
11 150 166 216 260 550 659 660 796 804 861 891 
7 32 177 222 251 344 451 870 
11 94 100 203 207 437 453 463 575 626 857 952 
12 12 130 244 404 498 532 614 659 730 825 844 854 
6 159 214 343 580 812 870 
9 70 88 341 499 687 786 810 886 959 
8 33 184 211 264 277 677 745 855 
8 53 272 289 456 560 758 821 849 
9 49 110 265 322 394 441 511 532 707 
16 31 70 79 144 200 239 253 330 353 395 444 526 531 738 761 774 
8 169 259 328 481 692 885 926 955 
7 221 337 466 484 736 861 902 
9 36 266 325 396 555 846 855 886 891 
6 150 365 517 614 649 950 
13 64 120 126 127 218 368 369 372 556 564 781 816 834 
9 209 342 367 482 545 589 637 713 840 
11 92 188 288 349 389 479 784 799 824 872 934 
14 98 145 186 210 263 281 357 545 547 590 749 800 816 885 
10 41 98 189 311 439 596 613 633 672 748 
10 28 145 379 475 486 508 681 683 874 891 
11 11 26 41 58 200 209 257 332 375 411 571 
9 127 141 161 250 293 344 715 790 884 
14 221 284 429 538 540 594 622 688 720 890 902 904 947 956 
9 39 42 55 210 311 357 369 735 942 
13 6 24 37 74 97 131 253 540 630 702 770 825 944 
6 6 197 475 570 605 883 
8 48 104 444 458 479 708 748 952 
7 120 304 521 523 658 855 952 
18 7 19 208 362 434 454 464 475 496 503 510 557 587 612 709 746 805 921 
8 298 512 582 650 654 782 876 931 
8 205 509 626 644 702 784 878 910 
9 183 309 313 360 395 427 480 511 568 
6 72 93 315 535 811 832 
4 24 537 699 725 
13 41 199 373 386 514 515 517 551 637 683 716 790 893 
7 21 155 245 356 571 622 623 
12 22 193 286 366 453 639 658 729 752 841 906 940 
10 39 253 292 328 338 530 566 584 745 854 
14 173 198 199 264 335 344 419 564 638 665 666 704 725 883 
7 111 442 565 644 757 931 956 
11 18 59 185 253 293 297 327 471 671 950 957 
10 7 130 294 444 457 506 537 561 651 775 
11 28 39 127 335 402 441 562 710 910 930 931 
13 128 233 286 384 388 394 436 452 463 560 767 813 912 
14 47 181 270 394 403 446 487 492 622 656 707 742 942 959 
13 7 47 77 356 491 554 644 655 754 776 784 875 935 
7 306 350 491 512 825 899 952 
17 40 170 235 266 306 339 548 662 689 697 775 782 806 810 817 843 931 
9 261 420 470 543 558 610 782 803 842 
5 309 325 375 577 808 
3 51 225 454 
5 2 442 520 721 751 
8 8 72 249 525 597 694 819 916 
9 0 130 190 354 416 603 718 898 934 
9 70 142 144 296 368 445 572 641 709 
11 151 181 328 627 688 695 700 803 851 892 948 
8 192 238 279 299 431 616 938 957 
13 55 77 122 279 333 348 371 475 527 622 817 877 900 
10 17 22 101 128 185 208 211 279 351 383 
9 58 309 321 377 424 497 552 587 654 
10 30 38 87 126 422 460 522 799 834 857 
15 147 219 222 228 316 327 375 385 391 438 514 560 647 842 941 
13 34 44 67 248 309 345 403 418 503 696 720 821 959 
12 177 270 360 459 645 657 730 777 789 827 849 893 
5 194 311 551 582 904 
10 146 200 306 313 320 339 469 680 915 950 
13 56 58 101 136 138 236 405 453 466 538 686 701 941 
17 52 94 158 220 300 316 318 447 540 608 635 641 660 762 805 859 885 
13 157 451 477 486 620 660 681 838 857 882 886 893 905 
7 159 195 323 431 448 825 872 
13 21 31 129 198 349 415 498 794 797 834 901 924 933 
18 24 45 169 196 221 223 341 362 419 496 545 672 674 745 779 828 865 868 
10 37 166 434 445 484 736 818 889 943 954 
8 59 201 474 541 731 821 897 918 
7 1 136 360 467 575 606 881 
6 65 85 425 797 899 952 
10 70 385 433 459 654 693 777 829 864 880 
7 192 217 251 336 347 734 908 
11 1 28 37 341 415 609 650 701 863 879 912 
11 13 104 394 421 440 503 786 794 815 839 908 
15 11 26 36 94 154 256 319 387 480 576 629 651 812 818 910 
12 2 171 220 269 298 634 658 704 761 821 888 898 
14 210 259 279 379 383 420 423 446 467 548 715 741 877 916 
7 32 347 364 425 597 703 956 
9 145 221 396 397 454 608 935 952 958 
17 21 66 91 125 196 450 465 590 607 650 699 782 798 800 864 950 954 
11 135 217 252 343 351 355 601 632 636 878 904 
9 121 198 271 571 687 737 791 818 860 
5 119 158 323 621 645 
12 47 83 145 183 288 422 435 494 551 756 817 949 
11 2 38 60 171 176 249 418 541 697 842 934 
16 40 82 174 192 272 302 379 382 526 536 669 716 815 829 850 953 
7 392 635 790 802 829 864 922 
14 241 277 341 385 392 418 440 469 500 511 579 705 924 929 
3 453 504 675 
6 237 445 633 699 730 873 
11 99 120 235 247 303 391 469 484 632 680 740 
8 37 54 373 406 449 591 700 783 
9 14 315 420 450 611 623 725 793 882 
13 54 137 278 287 298 306 545 558 567 580 840 855 916 
7 101 205 558 621 747 786 875 
11 41 46 132 301 372 385 396 748 811 937 959 
10 127 168 170 210 335 346 350 485 676 942 
14 4 35 118 167 216 305 341 525 553 680 780 845 853 954 
21 1 53 109 112 120 147 176 209 221 265 403 409 411 459 514 578 762 840 883 909 935 
6 55 310 363 425 813 888 
4 603 637 727 948 
10 145 190 196 366 459 547 721 733 769 891 
7 138 270 374 651 748 857 867 
14 118 139 221 341 417 507 609 619 645 687 825 845 869 937 
14 36 91 93 292 301 349 351 359 541 618 639 664 824 917 
13 109 218 249 284 292 314 455 456 469 507 604 733 914 
10 4 296 342 425 431 590 615 890 903 952 
13 47 61 171 179 204 261 402 418 609 664 696 763 819 
10 72 77 220 538 557 629 640 734 803 873 
8 171 230 294 316 419 561 935 943 
13 17 129 188 401 463 559 633 657 714 725 727 800 871 
11 19 64 91 194 421 637 670 760 793 862 913 
13 66 161 220 242 266 460 577 590 719 776 867 870 937 
7 28 104 121 126 756 803 923 
3 397 708 720 
10 0 257 337 370 458 553 562 568 670 811 
13 16 50 53 154 277 586 611 632 673 719 839 841 921 
6 4 12 287 337 427 514 
9 75 116 193 297 346 379 405 489 584 
6 108 121 268 714 738 794 
10 1 79 142 401 518 536 686 694 723 796 
6 172 552 601 608 878 920 
15 58 114 253 309 363 377 564 603 631 692 694 824 854 879 908 
8 109 210 316 318 407 446 486 915 
10 89 112 356 446 480 491 707 808 865 941 
11 64 87 218 250 461 486 552 582 599 712 943 
14 16 43 97 141 148 200 316 415 476 483 568 734 757 828 
10 40 422 474 516 567 737 767 826 889 940 
11 83 114 146 218 438 473 586 639 690 758 933 
7 283 550 559 604 676 719 953 
9 222 298 334 401 468 523 526 693 718 
5 127 414 523 590 591 
10 26 42 143 184 421 446 485 771 797 886 
10 0 363 388 427 487 514 570 718 788 918 
5 13 59 254 330 389 
10 85 101 185 245 633 636 726 755 783 786 
9 367 391 425 457 472 500 561 797 908 
10 24 54 85 104 304 367 473 561 843 852 
11 5 36 41 130 156 286 334 739 789 862 930 
12 8 22 155 173 177 184 204 438 476 510 846 934 
12 58 104 136 175 233 263 614 717 833 859 921 958 
14 16 26 29 95 157 174 204 272 277 318 414 640 644 954 
9 20 123 136 245 259 279 489 563 676 
11 45 120 263 389 484 503 508 541 594 897 950 
6 6 152 493 645 801 933 
15 95 143 171 203 220 250 292 343 391 511 594 701 817 829 906 
12 1 40 158 202 303 307 440 617 697 743 898 946 
8 19 139 467 516 625 658 671 706 
9 23 138 399 438 529 700 799 870 936 
4 494 511 799 896 
9 11 169 323 755 782 826 837 839 885 
6 70 508 588 619 626 800 
12 19 120 178 296 422 426 542 591 689 817 841 935 
9 47 113 178 220 751 752 840 858 919 
8 142 169 179 302 463 542 557 723 
9 54 211 472 731 744 832 837 876 935 
14 25 57 144 167 176 188 197 288 348 459 472 498 725 738 
9 13 111 248 279 325 445 589 649 706 
12 80 120 227 247 291 410 479 528 610 632 842 921 
7 39 315 545 578 721 798 931 
9 36 404 570 681 716 779 850 880 914 
11 61 268 364 385 395 657 700 717 761 787 821 
11 51 80 160 188 425 430 820 841 917 921 959 
9 17 165 271 279 437 533 651 811 886 
7 359 452 485 599 659 780 809 
12 18 84 163 271 282 303 575 649 651 698 720 925 
9 63 161 264 422 480 496 578 731 765 
10 45 111 134 189 276 317 321 401 585 636 
12 82 162 198 199 262 295 342 437 570 613 675 711 
11 56 121 125 133 290 298 361 367 694 844 908 
7 298 452 556 608 618 917 936 
12 40 125 160 213 242 277 578 620 677 690 734 907 
11 24 58 315 465 514 589 601 674 792 804 942 
12 65 126 260 411 547 553 708 723 767 775 902 921 
13 52 173 264 269 325 333 401 465 476 606 762 925 948 
13 55 154 260 297 325 561 604 753 776 795 913 920 932 
11 87 102 149 253 274 441 493 616 835 873 933 
12 92 195 303 314 481 676 686 740 845 852 869 888 
8 95 155 218 531 567 653 727 842 
9 15 118 123 417 549 643 702 712 796 
12 26 62 126 137 301 376 551 577 821 874 888 900 
10 74 101 172 306 475 508 565 796 853 874 
12 81 144 145 164 191 341 697 740 815 885 913 916 
6 161 307 514 654 708 858 
6 191 248 427 442 538 800 
15 24 32 237 273 284 345 438 454 465 639 648 720 826 847 909 
6 62 175 210 232 544 605 
14 48 154 180 226 279 317 522 557 614 689 799 817 861 954 
8 335 484 669 690 735 800 887 900 
10 47 90 123 392 499 576 659 662 773 819 
11 5 91 107 216 641 645 658 722 751 796 903 
9 304 320 417 545 585 643 694 714 915 
7 140 152 574 630 688 877 954 
9 119 244 286 377 379 380 719 890 959 
12 35 230 318 350 352 357 494 649 683 702 756 815 
15 7 10 43 64 84 114 173 195 240 312 456 487 816 856 892 
11 115 275 364 425 556 561 621 639 685 854 881 
6 20 248 320 482 664 899 
15 61 162 203 215 347 431 473 629 639 707 864 888 933 940 951 
7 8 48 126 147 164 201 910 
9 118 296 351 559 771 777 787 817 834 
12 6 64 241 318 349 403 452 526 586 618 746 802 
12 92 98 156 163 381 596 684 695 807 876 894 933 
5 112 150 787 949 954 
6 10 274 311 357 630 634 
11 0 230 249 300 446 600 637 655 700 790 809 
8 10 207 264 348 392 546 717 738 
11 139 234 274 391 434 534 595 763 805 824 888 
13 114 177 187 201 207 250 442 610 656 815 867 885 938 
8 514 532 648 685 735 867 889 958 
12 76 117 212 219 227 278 447 471 500 667 804 943 
13 33 163 170 257 284 316 448 619 706 711 900 936 954 
7 49 317 322 605 748 765 779 
7 86 225 266 268 362 459 567 
4 49 459 675 861 
8 64 92 260 265 348 427 484 684 
7 54 444 497 529 560 594 792 
15 60 134 162 246 267 320 332 370 432 483 512 551 730 828 881 
10 71 131 159 164 303 623 783 836 909 957 
13 67 308 335 368 371 377 541 549 624 631 741 845 954 
12 96 100 186 213 245 367 540 772 774 775 819 828 
9 131 278 311 365 398 445 472 492 493 
16 1 105 109 164 349 428 429 453 463 574 682 719 757 758 865 933 
16 52 62 77 160 209 230 276 294 324 360 478 480 559 682 789 800 
9 165 205 310 391 461 522 704 922 926 
8 81 254 301 356 486 568 803 861 
8 72 664 679 786 803 885 940 951 
10 112 185 425 612 642 723 767 860 882 886 
9 133 144 283 318 562 655 751 927 937 
13 35 36 86 324 328 338 383 420 530 657 751 787 852 
9 92 102 153 214 310 346 378 471 473 
4 480 640 802 868 
11 12 62 390 407 455 490 532 604 690 814 924 
10 26 39 148 234 238 309 590 627 703 922 
11 28 115 248 294 313 481 488 636 736 772 950 
9 5 165 297 497 778 802 808 816 870 
3 695 741 860 
12 35 139 285 352 389 437 483 484 781 792 829 913 
13 222 258 267 368 437 566 656 702 756 770 793 801 894 
8 73 172 257 318 339 423 885 892 
8 125 128 348 360 365 630 794 942 
13 25 42 103 266 371 398 431 436 482 503 547 767 919 
9 173 192 257 468 495 661 729 850 877 
9 151 253 421 509 749 763 866 928 952 
7 3 203 512 517 522 718 884 
7 38 265 285 532 749 873 877 
8 305 335 396 564 570 702 749 785 
5 568 641 704 825 942 
8 16 302 376 586 599 729 878 901 
12 15 82 237 244 331 396 448 455 461 499 513 764 
11 1 140 183 266 520 594 689 741 811 862 955 
8 20 139 228 446 626 693 808 856 
6 104 185 241 341 537 766 
17 96 283 318 345 370 376 427 475 491 552 570 571 608 679 785 794 852 
9 48 123 131 152 212 297 620 664 747 
17 17 89 111 231 280 303 400 447 539 553 568 795 821 834 883 914 928 
10 70 126 157 225 278 303 518 775 782 810 
10 33 106 279 320 528 602 623 664 755 943 
12 9 13 92 159 293 323 690 729 732 758 848 926 
12 139 223 235 245 303 407 477 499 662 796 823 934 
8 96 244 295 419 586 667 752 798 
11 26 49 92 132 432 544 557 615 734 792 953 
12 108 299 387 469 492 511 610 806 838 882 936 942 
11 94 125 158 209 701 745 766 790 866 884 932 
13 8 26 41 103 164 363 477 621 640 767 800 803 939 
11 143 228 321 341 408 413 593 602 648 769 782 
7 85 109 501 704 784 830 837 
9 28 205 253 523 649 708 710 719 788 
11 37 119 182 307 399 425 510 593 598 661 665 
15 105 136 178 376 378 379 460 463 502 608 688 789 816 893 934 
13 85 148 372 381 455 464 539 583 677 678 716 921 934 
10 20 204 540 608 639 680 713 717 752 793 
9 52 180 333 673 767 826 944 951 957 
16 5 89 186 220 259 356 435 448 487 615 730 760 764 853 872 941 
14 47 104 314 402 434 501 571 578 637 642 754 755 793 888 
11 99 186 232 440 461 505 523 701 739 849 856 
9 193 200 312 365 493 551 590 736 931 
6 83 252 286 570 791 884 
9 42 124 342 452 470 731 827 896 898 
14 15 80 93 156 323 380 500 506 572 653 764 780 818 858 
12 49 129 292 308 365 383 434 488 509 693 734 922 
11 194 198 274 421 495 528 570 785 837 916 957 
19 40 71 90 95 172 206 259 307 355 359 367 402 555 624 644 692 779 844 885 
8 324 405 527 603 866 888 943 955 
6 138 187 313 418 566 628 
7 57 106 183 310 761 882 906 
12 80 125 162 352 446 469 498 602 614 711 723 737 
9 60 388 431 486 537 540 724 764 798 
16 75 113 128 217 286 337 370 407 570 580 612 674 681 716 729 819 
12 5 8 38 52 83 199 243 410 595 603 610 808 
14 80 94 104 178 291 401 438 575 636 718 749 817 832 929 
9 89 118 159 167 395 691 868 894 905 
14 169 291 320 450 463 516 530 585 596 604 690 709 784 933 
7 211 354 458 477 491 843 922 
7 298 316 380 398 410 788 842 
8 261 492 515 539 633 651 736 828 
15 63 137 240 255 338 370 454 490 526 547 569 592 632 776 932 
12 246 257 322 346 379 656 679 714 801 834 850 923 
11 65 208 308 439 479 586 807 830 853 874 924 
16 1 40 79 89 188 213 449 479 502 594 655 746 749 824 874 886 
14 202 251 277 300 311 379 475 486 599 614 615 674 766 900 
7 39 76 181 239 510 795 827 
8 253 313 365 437 516 856 875 921 
8 213 261 446 476 555 684 819 884 
7 96 133 158 296 433 470 669 
9 136 206 489 537 583 593 729 784 826 
10 102 116 153 156 233 459 705 867 928 943 
7 52 222 275 361 396 408 747 
11 36 59 107 114 243 311 410 679 684 795 810 
8 1 190 220 334 367 416 591 791 
13 12 79 318 327 512 516 602 645 679 871 909 937 940 
12 52 165 223 359 428 450 489 538 622 627 682 941 
12 55 76 359 417 437 479 510 518 559 645 681 691 
10 25 170 173 206 571 584 613 687 707 823 
7 72 179 232 329 570 666 822 
10 295 406 428 432 455 497 526 698 811 869 
19 18 143 171 184 212 276 283 375 379 403 626 632 706 748 868 873 878 923 929 
6 37 101 103 388 535 668 
10 9 57 75 236 240 423 441 506 714 860 
3 492 787 941 
8 80 199 205 408 530 586 804 943 
17 102 116 117 248 272 311 332 365 382 441 448 494 614 689 771 826 904 
6 205 275 291 406 578 856 
11 92 159 160 206 210 293 476 666 706 758 782 
8 52 66 384 520 626 710 802 827 
9 56 194 526 560 651 725 915 926 930 
10 132 202 245 303 529 535 550 622 902 935 
11 98 152 157 232 266 724 780 804 831 851 920 
10 66 136 147 196 368 419 525 583 591 631 
6 76 322 501 682 712 808 
11 41 196 246 418 422 463 590 669 861 878 884 
9 82 89 91 214 439 610 756 765 847 
13 430 508 523 534 716 743 754 859 865 882 893 896 944 
5 75 290 640 667 779 
8 3 6 111 260 378 383 601 928 
11 8 128 202 448 461 514 599 608 615 727 884 
8 211 262 594 653 751 861 875 912 
9 77 146 280 295 478 772 792 812 933 
14 32 38 147 269 281 473 504 521 631 641 737 738 835 926 
10 35 41 61 196 373 594 760 820 845 894 
15 54 75 112 162 178 241 278 309 454 632 706 844 892 900 940 
8 38 466 524 527 641 677 764 897 
8 109 203 218 295 347 639 839 925 
9 147 163 256 360 367 539 592 802 935 
16 17 19 34 40 113 149 177 292 423 424 618 637 705 774 845 874 
11 11 14 391 485 489 542 709 710 827 828 873 
12 119 136 281 368 512 568 623 831 865 882 897 911 
10 209 315 348 374 379 552 684 731 900 911 
11 0 34 115 130 376 416 580 605 721 771 774 
14 181 219 242 335 435 444 491 553 609 650 777 845 859 954 
11 0 188 203 301 366 433 452 522 601 651 948 
8 87 206 324 473 516 599 689 959 
11 35 83 113 120 182 213 275 597 725 746 953 
10 3 170 591 621 756 791 814 861 875 953 
10 122 128 332 359 415 434 548 561 627 784 
10 228 358 544 773 792 806 832 859 864 913 
14 16 173 196 427 441 533 540 590 679 711 737 755 768 811 
11 81 106 384 528 535 591 661 692 756 828 895 
9 20 101 117 130 280 332 400 463 717 
16 45 92 202 216 227 415 604 628 706 709 727 736 803 812 892 911 
11 21 22 84 173 399 449 595 656 738 902 908 
11 0 12 28 86 146 149 192 286 545 635 722 
9 42 101 198 333 409 523 535 542 630 
13 29 148 210 221 287 578 724 768 869 888 898 902 947 
10 81 111 287 323 440 557 586 591 798 861 
10 295 322 375 386 490 494 731 767 820 868 
2 417 886 
11 37 145 245 272 280 337 351 485 678 807 861 
11 95 96 190 295 305 333 438 596 672 870 875 
12 97 307 350 418 452 576 604 675 807 892 929 958 
11 29 38 67 360 402 409 427 569 598 726 905 
11 46 327 390 424 580 709 717 740 829 869 876 
6 235 428 449 513 593 777 
11 114 243 245 446 504 534 545 702 855 889 892 
10 195 222 379 405 408 423 450 521 635 719 
9 237 302 306 375 545 587 609 850 936 
8 106 112 192 507 591 820 899 916 
9 150 154 282 359 456 477 559 674 814 
8 68 82 220 221 340 385 492 700 
18 67 116 201 237 241 341 345 382 386 422 480 600 602 651 665 698 889 951 
7 63 83 278 627 714 747 839 
7 93 553 565 603 728 942 945 
4 501 875 876 888 
6 46 83 407 566 601 865 
10 47 247 426 434 640 704 711 766 884 947 
10 99 182 228 342 427 634 689 784 930 933 
8 221 402 502 588 652 720 854 952 
12 9 106 261 281 488 575 605 622 711 810 905 945 
5 238 253 633 691 699 
6 99 209 306 459 596 662 
11 66 84 86 135 242 280 516 682 770 920 931 
14 52 99 157 220 247 305 330 396 397 440 650 704 856 919 
11 12 213 259 551 645 669 687 691 702 799 831 
12 51 299 440 464 475 488 615 753 762 809 822 926 
11 18 49 60 106 325 344 379 520 642 826 845 
7 221 321 487 593 616 761 827 
6 159 207 244 694 703 871 
11 66 208 397 427 533 753 787 854 867 922 939 
2 294 757 
7 6 70 87 772 784 835 863 
9 142 146 162 497 511 616 819 845 898 
7 179 239 288 565 667 854 914 
13 138 240 377 386 461 484 552 562 565 570 688 805 919 
9 151 166 236 416 469 704 792 825 942 
17 52 143 160 218 244 285 430 593 657 673 705 727 731 751 821 866 914 
14 20 193 205 224 289 307 334 539 576 613 668 788 798 799 
15 7 22 249 251 287 366 494 568 607 627 638 681 684 855 872 
13 16 26 99 109 284 370 471 487 677 699 740 791 904 
11 56 65 260 381 431 484 624 632 641 757 839 
8 191 248 313 368 388 445 579 737 
16 15 27 79 130 165 219 233 306 307 333 361 426 501 506 793 926 
13 10 117 143 180 326 366 420 559 656 727 755 839 869 
11 144 183 299 396 412 584 589 653 802 840 848 
17 49 89 273 275 289 452 480 546 567 625 701 769 776 791 910 932 943 
14 15 277 309 339 363 595 638 654 739 786 812 835 849 942 
10 36 54 105 279 314 467 499 547 801 861 
5 211 392 484 910 916 
5 156 279 382 675 958 
8 136 147 163 184 505 545 892 913 
9 131 165 176 382 412 578 629 703 879 
10 21 66 148 152 157 215 308 478 612 732 
12 43 93 217 325 395 458 536 563 588 608 672 763 
9 38 92 93 164 244 727 755 801 908 
17 92 126 138 243 245 318 349 401 525 549 550 569 598 607 635 772 915 
10 59 234 307 436 447 614 658 790 881 882 
17 40 123 140 192 316 321 358 595 608 626 670 716 721 732 740 748 878 
11 52 133 191 276 329 396 408 424 533 779 812 
12 41 42 116 140 191 269 287 407 434 545 562 606 
11 72 93 119 340 480 510 563 579 747 801 810 
11 120 139 149 186 265 394 607 669 738 898 946 
14 52 92 96 189 312 437 461 528 567 585 624 691 722 880 
960 4809
7 73 457 587 717 732 848 912 
13 24 59 240 298 330 390 427 518 704 740 836 858 923 
11 88 90 97 236 243 477 596 646 694 783 855 
13 16 107 182 257 308 403 507 566 814 835 858 864 923 
13 37 195 215 285 504 561 610 617 724 770 856 915 932 
13 17 286 423 429 452 470 541 641 654 681 693 771 915 
14 93 278 295 299 329 398 607 656 683 726 741 810 864 878 
11 81 307 316 342 562 637 651 695 712 785 819 
12 79 81 382 492 654 688 700 732 770 880 897 913 
8 20 155 374 392 735 754 817 822 
8 78 230 323 341 445 660 687 777 
11 108 203 207 334 479 560 596 601 695 698 924 
8 109 176 426 442 473 604 628 852 
15 71 126 253 303 327 407 436 477 671 716 729 743 783 912 937 
10 35 156 158 200 245 279 316 454 653 683 
10 49 121 547 587 717 727 732 866 886 922 
16 3 62 81 209 303 332 435 584 617 643 653 784 802 836 842 848 
11 5 103 219 251 280 357 582 602 725 867 943 
10 224 372 457 464 502 548 666 740 852 869 
10 32 119 213 350 352 557 641 758 763 924 
11 9 136 293 294 310 378 517 534 684 768 906 
12 115 184 190 239 260 311 316 425 546 691 778 905 
10 93 196 279 517 563 701 745 778 887 892 
10 131 143 224 354 372 411 445 507 618 929 
8 1 162 218 291 501 517 628 798 
11 26 48 60 149 297 409 420 497 511 762 780 
7 25 186 671 751 805 839 956 
11 263 372 377 415 537 546 606 694 807 842 914 
11 39 44 114 168 286 373 394 633 671 802 953 
10 43 119 205 279 333 421 572 577 656 843 
3 252 598 677 
6 46 208 454 755 886 933 
14 19 126 168 192 269 287 306 472 489 583 600 691 746 907 
9 161 242 300 309 491 721 794 824 925 
5 170 235 322 658 947 
6 14 162 232 410 475 846 
10 45 61 277 282 289 343 462 644 869 910 
8 4 211 369 408 593 667 708 780 
12 158 213 253 372 382 490 549 559 600 747 791 912 
7 28 134 151 543 565 630 887 
7 237 325 365 435 509 550 740 
10 58 90 96 167 207 224 570 669 678 686 
13 223 405 481 522 523 564 584 705 729 775 815 889 914 
11 29 96 223 342 392 397 407 436 631 738 880 
9 28 97 226 231 372 387 580 722 867 
8 36 130 295 332 401 620 646 678 
12 31 79 143 268 274 332 479 504 572 877 939 950 
12 208 224 315 392 415 452 511 519 618 730 749 942 
7 25 68 80 400 415 486 582 
10 15 94 219 227 395 397 406 431 779 881 
10 158 192 347 361 396 480 733 808 886 916 
12 94 103 141 245 367 391 412 580 629 662 691 891 
3 111 144 617 
12 228 249 400 418 458 491 570 595 671 786 874 891 
9 95 399 494 540 632 777 816 841 901 
8 114 197 199 388 406 585 641 685 
5 156 244 784 833 837 
11 75 85 98 190 232 341 390 454 471 509 612 
12 41 122 175 216 380 408 411 620 654 859 911 914 
10 1 138 256 371 442 448 536 652 751 864 
11 25 141 189 260 269 294 432 453 798 849 859 
14 36 194 213 215 230 251 314 326 345 433 497 515 800 866 
4 16 440 717 782 
8 88 102 200 220 267 539 569 909 
10 112 230 275 456 496 506 674 751 756 818 
8 292 515 543 546 584 658 714 940 
4 84 259 441 554 
6 147 223 353 525 709 711 
11 48 99 115 167 217 540 718 739 848 932 956 
12 151 179 200 300 340 416 431 459 462 641 701 914 
8 393 431 535 603 808 829 927 933 
10 13 127 289 355 395 520 643 706 789 834 
11 133 151 158 302 359 416 581 605 637 667 706 
10 0 163 170 264 499 531 813 857 922 938 
10 76 112 115 143 543 701 750 783 869 946 
16 57 86 158 177 180 283 286 295 331 400 414 530 583 691 872 958 
9 74 389 411 423 424 451 454 646 874 
7 415 555 608 752 770 822 948 
11 10 82 126 352 407 440 583 604 893 902 957 
10 8 46 285 351 395 544 649 732 865 895 
10 48 94 109 252 418 496 729 743 836 884 
13 7 8 16 200 256 295 399 428 507 661 685 737 819 
13 78 104 176 253 420 556 599 615 694 739 751 896 922 
8 109 215 477 604 619 714 857 885 
8 66 99 145 421 467 636 891 929 
9 57 283 286 345 366 726 869 870 914 
9 75 130 184 317 613 649 750 784 909 
15 98 102 106 107 139 241 325 332 455 469 514 742 811 859 907 
12 2 63 122 158 216 482 490 528 629 715 742 846 
4 457 484 787 836 
12 2 41 101 142 204 403 447 469 612 680 694 913 
7 203 259 312 457 515 692 835 
9 135 383 388 545 563 717 816 883 938 
11 6 22 124 139 267 306 331 357 445 529 944 
12 49 51 80 221 296 356 626 671 718 833 870 912 
6 54 324 744 835 932 938 
15 41 43 124 140 288 315 364 380 457 612 653 706 710 720 840 
15 2 44 138 210 249 257 285 288 409 413 509 712 782 791 868 
12 57 87 169 251 269 342 348 406 614 835 876 901 
6 68 84 487 710 778 820 
10 164 507 567 634 853 866 870 915 917 951 
13 90 183 201 236 271 276 569 689 738 760 828 839 959 
10 63 87 274 320 362 428 541 582 636 803 
11 17 51 110 149 267 274 482 637 666 749 926 
12 82 263 322 415 509 580 598 600 615 701 754 907 
9 540 544 549 577 580 600 702 892 911 
13 87 110 118 266 272 284 394 465 486 492 531 911 958 
12 3 87 117 136 217 222 237 346 363 364 509 566 
9 11 232 275 332 715 738 792 872 908 
9 12 80 83 146 330 393 475 607 903 
10 103 106 194 196 198 296 303 307 518 857 
10 52 147 356 402 502 621 699 822 903 917 
9 64 74 365 410 499 553 593 748 755 
10 149 154 270 548 640 695 757 788 841 894 
11 28 55 273 277 290 365 392 411 480 841 888 
13 21 68 74 219 405 418 429 534 571 575 577 601 676 
10 181 198 515 642 658 758 816 909 919 939 
12 107 188 290 386 431 476 501 508 513 579 636 695 
11 106 172 241 282 293 328 386 497 555 565 941 
10 19 29 191 247 265 540 561 580 684 732 
6 152 153 168 501 693 732 
13 15 223 224 292 314 421 567 587 603 809 917 925 955 
11 58 88 153 213 289 390 399 519 581 679 772 
8 256 389 393 447 448 537 618 692 
7 93 96 177 307 743 845 932 
15 141 213 248 336 365 581 617 627 647 734 774 812 912 945 955 
8 13 32 78 260 336 424 494 542 
13 71 233 260 272 299 341 467 468 481 536 685 694 853 
10 308 359 395 421 494 711 843 861 929 935 
6 293 465 570 766 783 924 
12 45 86 141 179 395 502 646 648 671 710 737 926 
9 23 265 298 401 498 523 578 751 782 
8 189 251 424 558 619 726 742 849 
13 72 151 183 185 223 296 465 484 574 601 702 742 839 
8 39 251 319 616 717 794 901 955 
8 92 182 236 243 300 532 857 931 
6 20 107 376 466 848 947 
12 379 454 484 507 650 689 699 784 819 835 860 876 
12 59 97 152 193 356 383 513 562 652 721 804 889 
7 87 93 258 286 289 653 776 
4 96 161 714 894 
15 51 60 125 130 227 321 358 543 597 624 681 774 786 788 908 
12 90 206 256 293 472 487 616 748 848 910 933 959 
10 23 46 74 150 356 510 609 728 883 902 
9 52 308 519 575 732 748 834 913 957 
8 84 329 463 637 762 851 873 953 
8 109 174 342 507 546 763 807 892 
14 67 111 223 249 259 376 403 569 570 609 715 774 854 864 
4 493 518 671 826 
12 25 103 113 165 406 453 494 558 576 603 725 808 
7 143 213 351 421 661 669 759 
15 39 69 72 133 187 260 291 511 539 568 728 765 811 856 935 
12 120 138 211 285 296 412 434 460 485 686 703 846 
11 120 122 276 334 413 577 615 712 732 810 899 
7 113 218 585 691 709 811 839 
12 9 203 324 361 411 423 505 515 608 821 867 884 
16 14 56 160 314 322 432 460 463 617 686 704 746 750 772 786 871 
16 198 275 323 353 358 486 525 542 735 741 769 772 794 805 837 894 
13 14 38 50 72 75 88 243 503 619 657 696 870 881 
5 166 286 290 742 766 
6 156 164 289 676 678 775 
14 33 140 191 274 332 357 497 525 605 649 667 711 902 948 
7 24 35 381 519 540 806 810 
9 73 256 260 389 405 492 577 804 817 
9 100 160 415 424 428 626 734 900 918 
2 149 681 
8 159 420 515 555 735 756 782 914 
11 41 68 396 512 616 651 829 893 935 937 941 
9 28 32 120 232 287 421 518 605 831 
7 98 479 564 620 753 783 819 
12 34 73 232 268 333 534 563 663 699 719 766 834 
10 290 468 750 760 778 782 843 854 882 911 
9 118 302 460 578 669 673 751 806 829 
7 472 630 646 677 869 879 904 
9 146 201 277 356 621 755 926 939 959 
8 58 247 550 670 769 835 935 957 
7 12 82 184 357 389 474 739 
13 75 124 331 370 502 546 598 661 684 723 795 801 829 
7 194 199 270 396 499 886 929 
9 69 130 323 336 412 480 511 674 935 
8 75 242 297 309 349 496 838 922 
12 116 299 379 574 581 646 648 682 734 751 785 808 
11 3 135 229 265 378 498 501 592 612 631 908 
4 101 133 516 548 
14 21 86 176 195 251 384 394 429 496 735 750 778 857 923 
11 133 230 252 259 435 453 491 502 555 823 867 
7 26 211 296 298 586 854 891 
6 151 448 601 713 785 935 
9 117 508 683 720 724 727 751 837 875 
8 60 132 285 384 552 563 653 905 
13 21 57 207 286 521 528 540 572 639 650 885 939 946 
8 119 161 209 272 504 670 781 862 
5 32 50 331 575 863 
14 138 310 402 410 481 484 490 501 506 535 609 673 816 873 
8 61 110 178 332 346 420 540 689 
14 4 184 235 279 401 441 510 630 698 722 796 882 891 920 
5 22 110 495 629 828 
12 55 199 229 410 465 507 659 726 748 895 920 934 
9 110 116 157 214 393 570 642 821 841 
12 55 178 197 279 335 443 505 588 590 618 621 704 
13 14 63 69 81 227 274 278 339 427 759 791 866 954 
7 101 174 572 595 775 783 894 
5 459 501 630 715 827 
10 11 91 155 213 295 302 387 494 763 810 
8 90 235 245 249 438 731 872 874 
10 29 238 254 404 410 445 487 573 618 795 
14 142 219 222 244 308 321 430 436 555 628 704 752 860 901 
10 11 41 190 223 236 242 272 319 507 632 
7 31 47 386 447 674 762 846 
5 16 191 275 307 484 
7 97 454 544 622 707 894 957 
13 37 152 186 214 274 393 503 626 627 758 797 816 844 
3 252 679 738 
13 19 38 61 122 125 150 203 281 321 380 428 506 864 
12 198 211 256 369 386 391 500 630 675 733 824 825 
14 4 61 83 240 302 312 414 556 702 763 829 854 856 878 
9 58 88 239 249 383 406 584 686 923 
11 68 107 291 549 625 682 694 701 720 808 913 
11 24 154 250 283 477 489 684 726 837 907 921 
9 17 49 115 206 501 659 726 770 807 
10 63 291 425 484 566 673 727 734 862 933 
11 94 239 256 309 462 471 571 578 588 708 879 
9 107 206 256 322 452 453 505 766 903 
13 42 43 67 121 133 147 207 270 414 452 516 703 946 
13 18 23 41 47 121 306 454 493 531 569 648 720 755 
6 599 638 670 734 886 920 
5 44 364 544 644 808 
9 49 141 200 352 455 495 674 849 946 
12 53 230 268 310 389 402 442 570 669 702 868 876 
8 182 197 276 380 516 614 771 941 
12 10 61 64 185 228 248 412 493 521 628 852 891 
6 44 438 713 873 907 931 
10 35 57 108 168 170 375 539 603 757 862 
8 127 271 506 589 654 807 870 922 
10 272 390 402 429 666 715 767 785 796 821 
10 34 195 204 255 320 676 685 770 891 959 
9 2 101 135 207 247 571 745 779 895 
9 40 107 273 480 571 613 689 713 730 
13 205 379 463 495 634 661 704 774 798 859 883 894 944 
12 21 216 221 313 416 438 485 581 586 635 722 893 
12 1 215 305 361 533 570 598 601 683 734 755 797 
13 87 118 276 335 420 489 498 508 632 687 724 793 915 
5 33 180 207 551 811 
10 2 135 158 498 553 676 767 842 867 895 
13 56 206 271 330 353 401 437 442 630 740 784 791 806 
12 14 51 204 294 356 402 419 549 577 690 752 834 
8 247 286 494 776 832 855 874 916 
15 119 175 236 246 250 258 543 570 591 648 651 673 700 850 927 
10 125 230 385 589 633 815 829 909 920 937 
12 53 97 147 204 216 339 351 599 631 639 759 857 
6 218 247 293 419 894 952 
15 17 61 98 132 134 184 313 345 346 427 435 447 512 911 942 
13 30 80 185 212 346 397 484 503 547 552 755 805 841 
12 13 38 82 435 589 622 701 793 821 824 896 906 
8 205 398 536 574 637 841 929 953 
7 235 347 419 478 685 870 908 
13 59 81 123 142 163 214 221 222 354 511 617 632 820 
9 3 97 315 332 453 515 595 791 903 
9 139 247 352 380 383 498 509 542 567 
11 66 91 147 185 353 415 417 495 535 598 867 
15 21 60 126 127 151 163 392 584 694 722 725 744 822 863 938 
6 383 451 520 901 925 948 
12 337 373 402 424 425 562 666 685 855 873 897 929 
5 27 104 586 672 749 
8 73 315 366 378 643 714 751 820 
11 119 131 182 274 397 450 462 478 481 483 804 
10 106 276 304 307 356 534 571 676 778 827 
10 63 93 103 321 340 454 568 706 786 792 
11 46 170 228 347 417 497 522 767 786 806 844 
10 32 60 98 322 433 609 733 747 780 833 
13 113 178 223 322 391 437 448 537 591 677 745 855 940 
7 101 233 244 299 397 789 839 
12 106 127 191 207 234 387 408 541 578 611 661 830 
6 114 237 448 524 593 642 
10 46 102 103 161 200 211 265 421 514 638 
11 64 108 157 209 299 301 321 370 385 766 853 
10 101 153 229 241 266 402 496 515 582 925 
14 36 114 174 291 429 502 545 586 690 775 776 826 846 887 
7 6 200 299 351 459 742 800 
10 14 22 29 195 199 291 438 507 626 847 
5 17 538 594 901 938 
7 213 400 464 556 672 819 853 
13 36 118 587 616 643 665 678 751 798 803 880 909 955 
11 75 85 218 362 464 481 506 554 734 768 951 
7 106 320 447 530 547 794 903 
13 4 79 97 152 189 344 417 474 652 658 674 739 762 
12 5 28 75 85 139 159 190 246 531 760 856 875 
6 32 168 541 603 621 766 
6 96 97 459 717 772 919 
11 36 71 122 139 160 346 445 574 607 611 805 
9 114 117 159 171 379 649 700 723 847 
11 24 151 217 220 277 279 543 562 643 921 943 
6 65 121 530 686 699 725 
17 20 118 129 142 250 516 578 710 732 777 795 804 839 847 848 922 947 
14 20 60 245 295 363 437 541 604 635 757 845 856 928 951 
11 6 45 75 81 203 294 401 751 759 775 869 
10 94 110 133 152 186 397 488 634 730 956 
10 25 180 360 478 529 538 595 720 747 910 
12 1 131 186 339 457 503 608 653 654 703 709 795 
14 6 127 181 271 275 278 337 430 546 567 606 659 896 904 
8 33 69 135 417 645 674 689 923 
4 275 537 551 645 
14 72 172 203 215 459 511 565 626 730 773 784 796 851 925 
11 13 16 110 502 548 554 558 585 589 683 741 
12 266 321 353 363 393 426 449 523 530 617 696 761 
9 240 332 351 692 796 844 854 955 958 
10 32 93 224 341 403 649 770 885 941 943 
12 7 110 124 209 266 375 493 545 597 698 743 834 
9 3 128 144 206 380 419 426 483 660 
11 33 180 221 361 382 443 637 769 814 904 920 
9 20 193 228 341 437 530 628 732 884 
8 21 377 448 614 688 708 718 782 
12 91 215 342 401 420 543 714 731 753 822 883 900 
13 239 251 369 401 505 564 645 807 809 821 830 854 866 
17 61 121 156 353 375 395 397 437 506 564 580 695 716 814 847 881 893 
13 47 96 257 264 365 432 451 457 492 764 766 780 911 
10 7 14 21 334 392 568 751 823 828 898 
11 86 386 499 528 566 666 675 682 851 889 890 
6 473 546 552 608 720 746 
8 134 207 505 508 671 680 861 870 
12 102 235 284 326 380 526 531 537 657 686 761 807 
12 141 206 213 267 275 304 382 420 476 800 921 950 
15 34 104 156 222 269 270 407 518 557 592 687 714 759 823 855 
5 10 157 179 337 640 
15 95 155 413 443 600 708 752 755 783 786 793 799 848 943 957 
6 40 87 733 791 792 875 
10 61 320 423 431 485 572 747 800 891 919 
6 13 543 556 903 935 939 
8 118 414 474 485 590 629 778 942 
4 6 145 693 703 
11 1 109 244 352 410 573 575 690 800 833 915 
12 75 93 177 192 374 544 572 667 714 755 796 928 
14 16 45 46 87 108 161 194 257 305 377 438 522 684 910 
3 29 170 778 
5 11 153 316 760 844 
13 199 241 441 515 558 683 737 742 783 789 834 876 920 
9 125 126 179 397 484 603 814 824 911 
10 262 299 323 354 567 583 690 833 905 925 
4 356 510 566 776 
7 200 249 298 377 583 698 921 
11 69 267 448 505 552 605 663 719 779 803 931 
11 10 57 127 306 310 664 705 753 758 820 923 
16 7 43 98 146 312 360 392 458 463 484 557 581 586 598 628 934 
7 36 362 529 559 623 809 849 
4 285 358 727 941 
10 61 85 251 349 365 626 699 801 843 861 
11 107 194 251 252 289 368 623 676 802 844 872 
9 50 255 268 374 409 475 576 707 748 
6 98 437 550 682 815 856 
9 180 345 470 558 609 647 679 869 958 
5 19 372 379 598 851 
12 79 150 249 278 305 357 607 622 654 731 835 881 
12 19 78 227 258 330 411 512 553 598 874 878 957 
13 67 157 244 259 304 314 376 560 639 792 851 857 918 
6 23 256 337 638 683 823 
8 71 402 432 548 551 588 769 881 
15 94 111 138 143 174 245 266 338 392 584 637 755 901 909 941 
10 17 93 161 176 351 366 373 403 526 539 
9 141 157 344 449 464 598 784 785 794 
4 72 128 686 888 
4 297 342 659 734 
14 50 155 240 309 531 549 563 657 695 724 777 837 841 879 
12 102 283 343 569 592 703 778 795 812 850 868 911 
8 107 294 304 560 646 838 883 888 
11 96 107 226 395 404 406 518 540 585 792 845 
12 40 112 114 125 315 345 451 571 631 634 690 758 
6 85 264 357 390 427 816 
6 51 422 654 701 772 867 
6 346 451 502 639 902 907 
6 37 214 313 632 871 931 
10 177 275 393 564 608 655 680 800 842 903 
8 59 388 452 734 743 782 871 903 
13 18 23 27 38 44 350 495 556 619 726 845 887 892 
10 28 262 357 398 399 423 438 608 610 739 
12 9 331 347 438 500 703 705 821 842 893 918 957 
7 232 307 314 496 600 689 925 
6 136 147 353 495 832 874 
10 27 311 332 339 402 474 655 666 675 730 
11 20 182 264 448 524 729 844 904 932 933 947 
11 137 181 238 290 350 410 439 558 600 720 753 
15 58 96 213 229 258 308 320 429 436 539 607 709 785 814 898 
6 162 624 709 744 754 820 
8 8 38 309 321 437 874 927 943 
10 92 138 216 258 261 461 499 611 810 926 
6 184 189 403 696 811 929 
8 248 275 413 604 830 867 903 920 
9 117 118 208 214 317 743 794 822 825 
7 44 203 272 396 417 688 716 
9 55 92 371 437 626 796 865 877 898 
14 76 123 163 176 228 465 475 671 706 804 819 837 844 905 
18 1 57 122 234 366 392 395 459 487 490 505 617 623 781 794 869 933 941 
9 51 214 270 433 525 703 795 844 892 
13 9 43 47 114 260 316 342 356 390 532 585 911 948 
10 70 109 123 198 211 304 370 773 786 788 
9 28 106 184 476 568 635 698 740 806 
19 49 71 79 128 130 314 364 390 398 439 465 485 551 640 686 732 733 784 900 
10 50 167 178 387 399 522 544 643 863 932 
16 43 49 252 265 271 296 314 336 445 578 614 712 800 820 855 943 
10 6 254 373 395 570 669 679 699 737 741 
10 54 81 122 373 396 452 571 607 821 905 
7 48 53 75 281 473 606 787 
10 45 131 195 244 295 312 313 704 717 938 
16 111 193 228 234 245 262 276 355 377 561 573 685 686 753 912 935 
8 3 90 147 306 357 384 494 941 
8 205 364 420 446 721 748 764 822 
8 42 115 163 446 603 711 755 932 
11 49 55 98 149 216 364 459 524 581 603 763 
10 13 43 78 322 441 483 521 747 865 918 
9 37 58 272 454 687 723 789 847 856 
7 25 97 347 574 792 923 924 
14 35 112 193 197 205 330 379 440 489 605 806 852 896 938 
16 23 58 76 114 155 352 466 611 658 684 717 727 853 913 930 954 
9 51 152 179 230 502 701 876 900 955 
12 97 153 324 385 587 600 606 648 676 831 860 862 
9 75 215 223 328 434 680 852 854 866 
12 27 47 48 77 104 164 259 542 738 818 858 937 
9 69 72 239 449 501 542 585 705 806 
9 259 268 285 300 387 460 501 885 902 
8 53 80 115 507 550 718 877 880 
11 245 250 255 308 502 736 754 804 847 869 959 
17 25 82 166 194 241 312 321 404 589 601 697 747 760 791 857 878 953 
13 29 84 121 128 150 168 274 487 522 654 668 671 751 
9 367 436 579 611 768 778 795 885 935 
8 5 76 155 326 373 530 659 948 
9 76 126 132 164 262 508 599 750 794 
11 21 220 262 507 543 660 696 764 838 876 948 
10 12 304 308 541 607 624 641 852 854 954 
8 1 200 251 366 491 526 580 836 
13 81 102 164 213 495 562 574 661 675 713 740 759 780 
11 5 115 184 234 277 380 485 635 718 832 920 
10 206 299 446 588 727 749 771 778 793 813 
12 49 69 70 117 326 476 479 573 594 653 755 833 
9 60 156 315 355 477 481 522 880 894 
9 61 269 391 440 494 573 888 905 952 
5 152 414 435 496 955 
12 16 40 185 251 253 434 595 597 659 705 749 936 
9 13 43 206 380 422 611 681 817 944 
14 244 270 294 310 314 348 382 388 452 516 661 735 853 867 
13 204 231 239 279 332 373 374 546 725 820 821 839 850 
8 379 395 478 651 725 770 894 906 
9 62 78 410 433 468 496 606 700 774 
13 66 195 335 407 461 489 492 510 640 751 808 817 890 
11 12 59 228 244 462 509 631 649 816 862 905 
13 199 309 324 488 574 579 584 622 727 803 887 928 945 
2 468 583 
12 10 23 93 205 289 397 462 670 722 805 843 877 
7 404 405 430 647 765 834 935 
12 90 123 208 251 284 578 597 701 703 893 902 925 
14 59 123 187 270 273 311 340 378 506 667 793 802 905 928 
10 304 358 416 457 482 590 676 729 913 949 
2 265 576 
7 76 261 315 365 368 538 858 
9 5 47 222 223 371 399 437 665 718 
7 60 149 185 222 257 474 726 
16 14 31 57 76 137 210 224 267 408 496 500 529 562 695 768 887 
11 87 227 474 510 513 615 678 777 849 882 933 
9 64 570 596 679 683 769 787 910 914 
12 0 18 89 91 96 298 315 449 550 774 791 932 
6 53 342 563 661 796 944 
18 69 202 278 288 302 390 406 503 580 616 678 679 782 806 812 820 885 944 
8 152 156 172 417 629 754 784 894 
8 383 441 465 537 549 560 829 918 
13 36 69 221 265 442 445 594 603 655 666 787 887 906 
6 145 156 238 342 769 799 
7 18 281 283 358 584 710 859 
12 106 129 133 197 389 395 461 488 539 572 744 781 
4 136 411 504 565 
8 84 127 476 488 582 705 815 936 
6 127 171 440 444 577 904 
10 87 90 475 551 587 605 616 715 806 950 
9 5 349 571 601 661 894 932 941 948 
4 57 221 556 778 
7 32 142 173 584 664 711 935 
8 12 318 400 561 611 675 897 943 
10 176 285 328 377 453 455 683 684 712 913 
13 35 109 347 389 469 477 592 630 718 802 859 863 895 
9 117 321 394 431 467 779 783 799 855 
9 2 13 83 218 432 475 509 702 874 
5 255 265 297 439 491 
10 11 46 169 431 504 563 638 729 766 879 
10 50 114 179 237 616 869 897 900 921 925 
9 42 127 193 265 283 432 491 537 634 
5 88 103 449 749 945 
5 265 308 407 805 903 
21 89 133 137 193 209 220 252 336 342 537 580 622 684 691 696 788 810 845 891 910 958 
12 152 239 326 328 395 429 625 628 630 679 717 885 
4 48 106 157 731 
10 99 142 205 390 421 681 727 805 853 918 
11 296 443 465 467 502 570 630 728 789 853 954 
9 32 218 241 410 441 569 594 607 667 
6 38 88 193 390 889 932 
10 33 53 185 427 478 481 551 791 809 849 
9 8 106 163 315 441 581 657 750 899 
12 148 224 230 307 546 605 631 670 817 836 900 920 
12 54 126 128 149 203 246 403 433 674 751 849 934 
10 196 227 238 259 372 376 428 684 718 826 
14 64 80 180 184 276 375 434 440 454 497 561 733 734 822 
12 25 61 118 161 268 496 578 653 704 729 819 859 
9 131 182 241 243 258 581 594 639 641 
10 73 112 178 317 383 512 603 617 841 899 
6 214 374 454 798 823 936 
13 24 117 120 182 193 202 219 416 417 508 712 736 869 
14 18 111 130 177 185 277 303 368 412 419 488 803 899 954 
9 158 211 252 298 459 618 679 702 942 
8 4 46 191 466 479 523 752 940 
13 155 199 222 313 319 340 390 513 547 564 613 687 898 
14 64 193 213 233 283 314 448 520 631 651 785 870 910 946 
15 3 23 81 100 137 146 197 207 279 418 425 529 615 697 888 
15 117 188 241 319 424 501 539 670 672 719 729 768 810 929 935 
16 40 57 97 104 107 258 442 477 548 657 682 695 721 863 900 959 
9 143 195 338 441 455 843 878 948 949 
10 25 47 151 179 256 302 766 806 822 872 
9 167 251 352 499 662 732 800 877 924 
12 117 138 455 505 539 547 581 636 642 656 774 809 
9 87 274 520 614 622 690 836 847 894 
14 61 65 91 116 155 166 257 276 335 553 614 814 854 871 
7 183 223 229 293 437 705 813 
11 20 22 24 536 661 743 791 840 866 868 911 
8 1 110 148 168 322 364 581 860 
8 47 122 144 162 631 632 680 747 
11 71 261 506 514 600 665 689 737 762 801 914 
7 190 230 407 610 664 676 904 
12 42 268 332 396 421 432 554 609 615 673 831 896 
9 42 131 304 504 552 622 661 808 921 
5 273 378 406 718 918 
8 67 157 161 391 549 617 697 768 
7 320 357 427 645 689 817 901 
2 629 691 
10 88 190 317 554 587 646 762 771 777 959 
8 93 297 343 454 507 640 852 956 
12 75 284 292 304 310 423 697 737 744 752 819 896 
10 73 106 224 286 320 361 817 830 864 881 
6 135 392 652 719 889 915 
5 240 688 842 851 900 
6 20 115 170 266 556 750 
6 70 193 259 687 784 850 
13 59 127 254 517 603 613 638 690 714 826 872 918 933 
12 27 123 270 301 320 461 481 484 558 705 725 774 
8 280 297 451 540 797 798 814 824 
17 63 151 232 357 380 465 508 513 579 643 649 659 739 741 843 899 901 
14 54 68 105 119 162 190 194 364 538 697 700 719 935 946 
9 5 102 272 287 294 426 615 815 895 
10 126 157 258 415 416 817 824 868 950 953 
15 39 65 74 141 247 291 312 327 425 598 668 736 786 859 928 
12 79 105 210 226 331 396 545 567 663 755 770 825 
6 92 277 307 544 814 886 
15 21 27 65 146 177 299 318 438 493 550 649 741 830 839 936 
10 15 252 284 505 513 551 740 831 874 926 
10 18 113 183 303 355 509 574 656 769 825 
9 38 105 217 245 361 461 525 643 699 
11 40 175 348 418 457 546 621 709 810 839 922 
12 242 301 355 395 469 491 547 655 690 696 794 839 
8 189 252 318 340 523 644 854 956 
6 112 243 352 515 569 582 
9 66 283 303 522 528 573 822 834 896 
9 77 118 166 185 206 576 611 669 850 
12 82 215 281 327 372 471 534 605 657 692 704 860 
6 19 322 342 614 619 832 
9 132 149 303 335 349 379 537 560 885 
7 38 343 687 741 845 912 939 
11 11 353 363 461 558 587 719 745 807 822 843 
11 4 119 402 473 496 602 646 648 717 758 795 
12 7 138 262 291 428 454 793 820 841 861 886 899 
11 22 92 170 189 361 458 479 728 774 808 896 
11 42 169 313 314 370 505 614 630 716 789 946 
7 39 118 302 466 617 648 790 
10 3 107 220 317 338 669 724 762 809 959 
11 100 121 258 299 337 544 639 653 671 680 812 
9 151 267 316 394 572 608 613 868 922 
13 63 101 147 224 362 489 553 756 775 777 793 833 928 
14 41 53 129 147 198 228 240 247 398 456 488 651 926 928 
11 115 221 236 237 266 365 399 470 600 658 694 
18 29 46 190 201 326 331 465 568 626 658 726 736 748 785 833 858 870 887 
9 205 330 402 431 433 554 592 753 864 
13 133 181 254 289 409 428 443 548 697 737 739 870 938 
11 115 144 192 330 623 668 734 745 837 894 940 
10 149 347 450 555 609 637 640 755 769 942 
12 29 105 115 153 163 245 468 583 730 822 845 937 
14 131 172 221 272 293 397 447 497 697 779 789 796 844 918 
8 117 422 443 539 615 669 785 828 
14 44 51 104 105 119 314 427 459 484 608 740 767 826 887 
16 72 122 125 181 239 342 406 492 498 513 518 769 796 831 832 850 
9 17 48 102 276 467 553 793 826 831 
13 32 75 78 337 339 444 577 663 674 678 799 868 918 
11 16 42 65 216 260 356 443 464 472 734 866 
6 55 154 303 364 392 416 
8 186 239 263 277 342 590 726 759 
14 0 15 121 282 413 469 528 560 652 709 717 814 860 921 
6 199 221 355 430 600 866 
12 233 248 253 303 420 605 606 643 655 767 815 880 
7 199 328 449 586 739 751 773 
7 247 270 598 747 786 913 959 
10 182 322 362 475 573 594 632 648 890 922 
6 37 112 273 783 848 862 
9 280 431 462 489 498 592 617 723 924 
11 53 201 257 297 435 666 773 778 784 898 959 
6 2 11 456 600 707 744 
8 141 307 435 447 667 679 834 933 
20 30 104 177 240 259 342 350 352 358 543 591 639 645 723 725 763 858 877 945 954 
5 82 225 249 424 601 
18 32 38 104 105 324 375 379 413 520 571 588 596 703 731 742 743 831 874 
9 11 115 133 187 240 420 470 599 885 
4 17 561 703 760 
14 70 121 149 232 287 336 405 406 462 499 536 649 728 749 
7 12 78 83 294 385 784 819 
16 72 161 168 340 410 469 493 556 589 677 705 708 716 744 858 862 
9 27 299 400 413 440 589 626 633 665 
11 6 109 289 351 380 399 426 489 765 841 912 
10 77 155 298 318 370 373 568 580 638 800 
11 143 147 193 269 349 522 576 644 726 762 904 
9 4 373 521 619 635 713 817 910 928 
13 272 289 383 411 422 436 473 555 638 717 766 774 947 
10 57 90 96 182 680 706 765 793 796 818 
8 86 237 505 536 568 690 774 864 
12 98 229 311 397 514 515 557 564 661 872 890 925 
10 82 104 153 455 507 522 541 579 713 943 
10 134 142 167 282 459 469 480 819 942 959 
13 4 16 52 125 156 256 304 390 499 525 565 594 930 
10 23 47 123 199 205 503 672 787 852 871 
12 83 132 158 372 557 610 667 767 786 832 871 934 
9 45 58 169 728 751 773 798 874 940 
8 111 174 199 287 550 722 739 930 
10 210 253 351 443 484 514 523 703 805 832 
6 343 346 390 575 673 715 
6 141 381 426 694 803 903 
8 217 485 683 687 749 762 773 820 
13 94 164 211 279 302 345 388 572 606 694 713 760 842 
5 125 211 666 699 902 
7 12 24 206 230 310 342 485 
11 51 88 196 328 460 527 635 669 710 753 831 
11 39 173 195 202 214 244 475 485 488 564 673 
12 43 182 249 365 442 493 506 519 632 647 736 957 
11 54 207 241 256 369 519 592 631 792 801 837 
12 28 248 606 696 724 726 727 763 765 776 824 870 
8 100 238 296 365 481 676 862 919 
9 239 294 394 429 610 629 695 820 878 
6 84 102 117 513 761 870 
10 7 72 103 145 254 309 356 576 655 956 
9 225 274 354 479 536 608 611 754 888 
10 190 249 353 368 498 567 598 744 867 898 
9 113 323 395 441 529 576 760 780 936 
10 5 19 55 69 426 498 671 716 743 776 
6 116 198 273 513 785 857 
11 16 71 264 282 291 396 539 549 589 766 848 
8 36 226 552 609 656 726 771 955 
8 300 301 313 526 598 657 842 872 
16 2 45 76 130 173 181 363 528 561 695 853 868 876 906 924 956 
8 125 349 446 631 652 666 811 839 
11 130 181 224 247 413 561 565 592 691 770 923 
10 79 86 161 290 306 442 539 546 603 710 
4 137 190 689 810 
9 7 167 247 439 506 570 834 886 926 
8 59 138 285 532 587 647 900 939 
10 14 16 96 139 189 298 431 497 567 655 
9 5 8 58 233 298 351 367 421 890 
12 370 377 462 551 589 637 653 680 705 748 837 878 
9 6 29 513 548 644 695 738 748 935 
9 158 320 361 492 509 556 645 676 846 
11 34 65 116 285 411 571 572 753 767 855 921 
11 197 219 299 360 423 435 539 681 687 688 759 
5 10 308 425 743 830 
14 81 150 177 238 272 428 437 458 470 517 523 614 877 908 
6 51 512 714 735 913 942 
6 170 340 544 583 794 861 
4 341 472 521 711 
8 282 452 520 606 682 683 717 764 
15 18 103 234 262 317 377 462 595 627 647 744 785 851 859 958 
9 37 72 161 331 448 489 597 619 689 
6 421 543 575 673 824 924 
13 41 150 172 228 398 555 566 579 629 763 780 801 828 
8 175 191 225 445 493 508 718 805 
19 13 26 28 53 94 130 148 319 389 421 567 641 674 676 704 740 816 826 827 
7 263 281 508 618 785 849 858 
11 172 193 220 247 522 623 630 668 728 828 847 
12 64 179 208 227 285 300 494 583 671 737 780 916 
6 214 317 377 428 473 846 
13 115 160 235 243 266 346 413 449 521 634 657 671 825 
8 30 173 270 605 682 684 717 933 
8 41 45 160 282 455 459 583 914 
14 122 212 349 398 456 459 485 503 597 691 721 840 941 943 
12 90 319 370 414 519 567 612 655 766 774 784 873 
12 5 141 165 436 487 659 696 749 828 850 875 885 
8 181 217 317 348 509 665 677 805 
15 6 14 188 240 303 335 354 456 474 625 665 722 774 812 920 
12 20 119 177 218 332 411 474 484 495 677 760 765 
10 55 81 127 235 255 262 402 788 895 901 
9 41 152 156 216 292 320 359 395 402 
13 10 241 322 408 505 535 559 625 659 736 752 813 932 
10 8 311 387 533 659 710 754 761 929 941 
14 101 137 194 237 300 375 520 526 650 667 736 756 850 862 
13 245 277 330 337 365 514 536 551 613 738 748 771 844 
10 21 32 51 75 154 484 527 648 679 803 
5 91 123 305 556 954 
8 5 120 329 811 841 849 886 940 
14 2 27 82 90 127 217 260 571 624 626 831 876 882 918 
14 7 11 113 117 314 361 454 509 635 646 656 698 705 892 
13 158 304 384 425 484 551 633 681 723 785 797 924 944 
7 420 507 525 530 540 574 578 
10 11 195 307 339 394 695 708 791 836 868 
12 111 137 170 292 345 398 549 627 703 787 833 873 
7 8 247 290 440 540 815 831 
10 22 69 74 104 217 253 367 412 447 739 
10 105 133 215 228 477 503 785 823 854 949 
16 152 223 298 329 362 374 391 447 600 602 622 699 719 739 746 801 
11 1 156 199 206 238 401 497 556 671 811 930 
13 42 341 374 416 435 467 516 537 605 655 695 876 942 
9 71 72 96 267 389 612 795 935 954 
7 210 347 596 730 733 906 945 
9 37 221 311 324 605 698 745 816 870 
8 67 154 298 380 381 550 587 714 
10 96 99 130 293 464 629 649 688 899 949 
13 67 128 161 405 472 664 789 822 830 850 853 872 910 
10 7 97 153 397 474 501 778 867 886 938 
10 187 231 237 428 610 615 626 739 755 825 
17 65 83 140 264 312 322 331 536 662 709 745 765 811 844 872 875 959 
10 88 108 147 202 234 469 623 917 938 949 
6 13 314 387 564 605 641 
17 0 15 62 92 134 288 401 411 485 561 587 611 665 677 913 920 921 
12 68 94 311 418 429 452 475 495 524 670 810 864 
12 170 340 508 532 540 560 703 756 758 841 847 879 
8 96 188 217 224 297 318 379 764 
7 33 138 404 509 679 808 823 
9 44 195 239 260 445 621 683 741 753 
9 177 290 408 594 598 696 735 804 872 
10 4 188 241 361 566 633 733 738 749 808 
11 17 149 260 292 438 439 537 598 728 809 954 
16 6 85 132 197 218 219 372 453 572 586 609 633 644 765 815 919 
10 15 188 220 344 411 430 443 487 633 806 
11 143 151 488 563 603 620 673 725 788 901 916 
11 13 42 80 378 449 479 497 508 760 916 937 
8 47 237 296 302 377 577 707 862 
7 204 312 351 486 600 793 893 
15 0 8 15 79 119 120 144 153 293 310 395 512 801 855 906 
12 50 214 269 325 395 496 707 724 752 813 867 911 
14 125 164 181 220 225 240 283 360 371 496 575 584 770 827 
13 9 157 166 184 437 662 723 754 815 819 892 931 932 
9 419 501 543 572 631 687 689 896 940 
9 81 130 335 398 520 530 574 674 856 
9 43 101 108 212 415 656 690 724 824 
16 68 82 176 285 373 539 574 590 621 701 703 713 742 762 850 868 
11 1 18 40 244 394 428 547 580 671 883 937 
11 6 157 303 398 539 546 559 722 785 895 946 
11 87 88 132 133 159 278 335 600 739 936 956 
12 13 80 124 307 371 386 517 600 641 660 908 919 
11 95 260 381 465 530 596 605 639 666 775 924 
8 22 236 270 560 575 708 714 907 
4 32 156 318 703 
10 38 269 297 326 407 420 519 591 780 821 
12 112 142 144 197 347 404 572 655 656 690 843 928 
12 47 103 263 430 435 482 603 625 681 724 774 917 
11 74 86 156 171 184 424 492 534 877 925 934 
19 26 59 64 82 131 172 181 188 264 282 295 316 421 441 494 590 620 826 910 
8 77 206 245 324 504 530 687 733 
12 169 312 341 379 402 573 629 658 722 816 853 894 
11 9 104 381 419 460 638 688 735 771 869 927 
17 31 112 174 224 240 252 324 331 356 405 431 544 576 713 793 868 933 
10 64 166 569 689 719 764 863 882 910 913 
4 113 232 294 950 
9 19 116 211 341 365 561 719 931 940 
11 150 200 249 295 322 428 586 659 772 855 872 
14 101 171 286 334 420 602 626 640 684 729 775 869 896 921 
7 304 320 636 688 797 815 842 
13 25 145 208 285 520 528 566 609 625 739 764 827 829 
10 19 146 203 215 406 598 633 669 812 897 
8 315 404 425 665 720 756 762 890 
10 151 446 607 612 633 684 714 726 818 875 
13 129 159 170 222 275 287 315 479 511 611 643 680 929 
10 234 243 268 580 589 619 658 771 782 916 
7 20 283 422 454 508 525 956 
11 157 175 309 355 456 463 548 576 581 783 805 
13 4 8 77 219 235 306 439 544 648 734 786 842 928 
8 5 229 430 528 644 690 754 767 
8 122 156 157 288 367 759 850 877 
10 302 393 590 595 620 625 799 804 892 952 
15 125 141 147 238 440 457 513 537 563 611 613 680 683 749 789 
12 42 160 201 277 295 569 744 760 849 870 879 893 
8 139 246 277 338 633 641 809 861 
8 10 54 293 361 455 528 569 788 
16 21 22 99 171 184 266 328 333 362 422 430 471 595 712 791 800 
6 49 236 340 476 578 815 
11 25 37 269 315 428 640 669 674 747 920 937 
9 191 390 465 809 825 918 920 938 943 
11 62 97 131 166 171 311 371 459 767 820 840 
11 2 13 74 129 169 201 324 335 476 593 769 
17 16 56 86 137 244 302 358 395 460 535 595 604 680 891 913 941 944 
16 7 181 187 234 358 380 506 572 579 642 666 672 696 702 741 932 
11 53 141 156 267 268 324 393 543 591 619 770 
9 89 400 456 462 618 699 875 930 959 
9 113 141 393 484 685 728 777 801 938 
9 71 271 335 408 488 564 578 711 774 
2 565 830 
15 38 97 200 244 257 325 420 457 491 517 698 778 811 949 951 
8 108 267 325 353 364 409 632 902 
14 241 253 324 430 448 562 569 582 612 731 755 855 864 937 
15 33 134 157 284 358 386 390 424 551 663 810 827 856 930 931 
11 177 205 293 298 362 391 422 561 706 892 898 
12 195 234 302 305 331 388 458 578 581 612 908 912 
9 211 240 538 696 761 833 852 867 921 
8 24 60 238 282 500 538 620 953 
6 324 463 476 583 773 919 
10 61 278 321 326 330 370 397 512 608 778 
8 177 345 520 632 669 703 732 788 
7 16 28 346 448 475 874 954 
8 102 282 340 443 502 624 691 917 
9 138 163 265 293 389 419 723 773 868 
14 26 157 252 289 445 483 487 622 670 682 769 841 892 953 
14 162 172 244 268 394 410 416 459 469 511 727 839 862 914 
8 27 146 219 233 313 320 560 817 
13 50 70 149 181 217 226 441 523 563 721 724 845 920 
9 121 313 343 491 513 566 725 776 781 
12 6 153 162 203 383 484 508 550 650 718 794 896 
10 87 151 154 242 384 647 693 704 714 791 
7 125 362 459 567 683 763 816 
9 73 430 516 687 733 846 894 936 946 
11 3 309 314 336 380 515 538 545 587 848 869 
11 42 248 348 467 541 589 700 726 735 761 779 
13 54 92 116 193 211 366 442 671 708 753 812 831 924 
12 9 163 436 441 493 526 531 542 610 807 818 918 
5 64 415 612 765 817 
12 7 81 137 169 281 389 497 530 604 616 735 916 
12 99 256 264 341 381 397 438 459 562 625 635 782 
9 155 198 234 253 313 374 399 438 747 
16 9 77 111 260 312 386 404 496 511 554 560 577 711 899 905 909 
8 185 316 322 354 500 702 721 934 
12 33 214 253 336 538 542 633 668 738 849 890 910 
8 214 386 544 548 676 713 781 920 
8 148 277 495 536 580 582 671 751 
8 202 266 671 734 762 794 886 913 
8 101 196 316 579 669 673 681 845 
10 70 167 172 177 215 248 461 762 885 898 
12 272 313 385 531 546 660 711 790 832 903 914 957 
14 168 413 522 547 581 582 600 629 694 700 816 850 936 944 
12 246 376 429 557 581 619 622 830 845 851 937 949 
12 56 94 269 330 337 431 569 572 699 797 913 937 
10 71 144 170 245 307 335 446 554 597 651 
10 3 91 95 98 137 175 351 843 881 930 
9 1 16 80 89 427 493 514 698 934 
11 56 157 188 218 361 389 575 632 655 904 925 
3 180 363 425 
12 26 101 133 154 271 293 438 546 550 551 647 806 
4 96 517 679 782 
13 54 113 114 198 252 254 361 499 562 607 693 719 805 
12 16 27 243 370 374 533 626 645 761 770 914 937 
13 29 128 171 345 445 510 539 560 748 835 848 860 946 
12 211 268 305 334 346 378 389 391 578 690 714 869 
12 124 294 364 372 484 559 577 808 828 832 880 941 
9 35 88 152 208 277 657 675 813 956 
9 279 290 293 314 408 419 514 673 719 
12 0 16 68 136 142 293 324 593 643 814 843 865 
11 60 132 227 343 455 491 494 672 693 775 824 
12 247 362 438 535 555 581 681 689 711 739 772 831 
12 145 302 317 350 353 533 666 832 853 881 884 916 
10 12 18 230 410 414 426 529 618 797 946 
12 100 127 275 281 411 437 487 488 646 711 753 851 
11 147 171 186 215 305 313 414 426 515 552 702 
11 2 246 262 270 322 397 476 658 732 759 793 
9 4 151 215 286 294 348 408 737 794 
12 73 83 110 135 184 249 353 420 642 904 926 940 
9 1 3 415 451 572 598 605 672 936 
10 58 60 87 238 464 475 497 543 666 930 
7 137 206 413 518 556 587 843 
6 128 319 345 562 663 776 
13 191 220 232 413 442 593 605 634 689 730 806 935 954 
6 192 260 396 475 509 756 
12 3 6 59 147 213 531 573 613 718 793 916 947 
5 79 388 407 848 887 
11 15 61 100 200 313 414 517 584 588 929 938 
14 17 44 155 185 243 259 367 385 437 639 712 733 797 940 
13 97 228 362 517 542 568 583 646 698 739 755 804 913 
18 18 36 74 85 173 295 349 390 419 480 501 754 760 814 844 895 930 950 
16 85 94 100 158 233 255 319 506 572 574 633 636 708 775 916 946 
8 156 369 371 515 618 619 873 958 
14 75 108 204 346 511 536 614 645 711 714 723 759 911 913 
7 145 193 231 262 680 699 871 
12 53 76 204 246 352 376 382 477 547 600 620 802 
9 188 286 325 681 714 765 787 915 937 
10 98 137 228 335 412 425 646 694 705 897 
9 46 388 418 445 512 598 661 750 772 
7 6 215 352 420 510 635 655 
6 173 221 361 479 719 775 
7 8 43 282 418 432 589 845 
8 49 158 314 351 355 531 835 851 
5 171 195 455 694 756 
7 92 143 238 312 363 740 950 
4 80 155 310 851 
11 83 190 306 417 422 459 485 558 601 681 829 
11 15 31 50 178 225 545 562 651 693 712 827 
10 22 39 277 372 443 454 462 572 580 865 
7 114 359 363 433 507 638 951 
5 42 138 317 490 532 
10 317 441 592 614 654 764 824 901 903 938 
10 51 53 84 186 195 230 235 326 484 784 
10 22 105 146 372 391 695 735 773 795 805 
8 78 167 239 314 374 447 731 775 
15 113 140 157 201 210 238 250 432 439 460 470 514 575 753 813 
9 79 197 236 243 475 541 685 741 869 
12 82 253 299 410 522 530 554 563 736 760 810 943 
7 8 262 473 480 763 876 914 
8 316 380 388 505 595 639 795 829 
8 153 492 499 502 539 562 710 822 
9 164 312 395 412 480 493 509 533 652 
13 54 98 134 206 261 280 356 526 539 685 728 890 921 
8 78 143 161 368 417 447 627 792 
15 109 111 222 257 284 327 370 371 385 483 624 830 890 914 930 
9 173 299 309 378 468 521 609 837 857 
11 21 189 337 389 399 433 442 448 822 936 956 
7 20 253 439 462 646 707 732 
7 32 87 104 218 231 368 745 
7 108 141 182 255 661 743 796 
7 63 86 116 248 282 356 822 
13 36 142 297 332 456 484 506 610 711 751 756 824 915 
13 58 105 106 171 251 315 336 362 392 517 733 872 923 
11 0 13 38 94 125 402 559 607 796 940 957 
16 8 90 144 217 411 449 474 591 662 717 756 784 827 833 868 872 
14 27 42 58 69 85 166 456 520 678 806 830 842 897 903 
8 4 5 100 241 330 532 875 910 
10 50 246 674 728 729 767 819 851 864 870 
6 100 111 121 715 749 803 
14 164 353 374 407 461 487 524 536 578 583 694 781 817 957 
7 116 288 326 634 726 743 799 
15 195 197 225 248 309 335 385 429 493 683 717 780 781 808 825 
14 218 291 321 339 480 523 587 658 717 760 797 901 926 941 
9 15 73 82 180 233 293 550 568 592 
9 1 3 184 216 300 341 409 648 911 
12 11 19 129 409 512 594 646 668 696 744 816 946 
12 33 121 261 276 302 337 375 447 480 614 750 837 
10 103 130 174 383 547 570 651 857 921 951 
6 70 247 382 754 947 950 
10 294 331 443 448 543 569 570 610 748 770 
12 23 84 128 178 254 262 384 508 688 766 866 940 
11 411 617 621 704 787 794 835 859 869 903 955 
7 135 231 340 369 735 758 794 
13 4 68 95 124 378 396 405 457 470 490 687 735 785 
12 31 70 142 220 378 390 455 536 597 677 755 937 
7 197 342 494 619 750 823 836 
17 128 151 167 175 179 187 327 402 422 446 472 508 540 656 706 862 943 
10 435 467 500 546 640 742 813 831 858 905 
14 13 167 248 415 577 729 740 780 793 832 833 842 875 933 
15 73 92 95 260 280 401 410 574 712 715 781 788 866 890 956 
7 46 116 174 190 327 559 652 
12 65 270 504 575 620 693 736 758 857 867 912 929 
14 118 167 229 306 344 356 390 403 470 679 688 784 845 921 
8 47 251 328 503 576 616 662 705 
12 17 291 306 324 382 397 473 615 679 781 896 935 
8 93 238 436 458 459 696 784 831 
5 125 443 482 598 707 
13 74 190 223 227 506 540 564 741 813 843 852 870 924 
8 34 136 293 378 611 864 927 948 
9 77 161 261 392 423 425 470 510 947 
7 449 510 702 710 715 791 832 
8 46 321 469 542 757 869 883 927 
6 100 283 294 791 888 926 
4 250 433 773 953 
8 28 145 254 420 542 798 805 952 
11 200 411 426 488 502 598 692 706 725 802 862 
10 121 125 134 282 305 412 434 644 930 956 
13 26 68 296 529 552 637 646 742 768 846 905 938 955 
11 78 144 175 210 324 352 374 631 830 912 918 
7 75 106 305 349 484 666 871 
13 101 142 174 235 419 509 528 566 591 595 616 714 787 
