400 404
1 33 
1 146 
2 45 47 
4 228 236 264 303 
3 204 251 329 
2 197 351 
0 
0 
3 70 120 293 
2 285 361 
4 74 328 350 352 
2 29 184 
4 62 102 126 317 
2 39 290 
1 333 
0 
5 63 140 171 213 305 
2 65 278 
1 56 
3 37 169 355 
3 80 259 297 
1 323 
0 
0 
4 95 142 180 375 
0 
1 234 
1 156 
1 380 
2 11 265 
3 88 281 342 
3 112 117 320 
5 78 174 264 286 396 
3 0 52 150 
2 150 220 
2 140 374 
1 355 
4 19 153 216 233 
0 
3 13 189 346 
2 333 397 
3 121 192 349 
2 339 384 
4 52 75 264 278 
2 57 109 
3 2 116 232 
1 73 
4 2 122 227 389 
0 
2 171 362 
2 99 127 
1 296 
4 33 43 61 301 
1 308 
1 374 
2 76 114 
2 18 340 
2 44 368 
1 350 
1 351 
0 
3 52 212 315 
5 12 69 139 163 383 
4 16 265 282 398 
1 87 
2 17 372 
2 117 204 
3 98 123 143 
0 
3 62 258 282 
2 8 308 
3 247 323 341 
1 140 
2 46 103 
2 10 305 
5 43 101 115 126 254 
3 55 119 375 
1 318 
4 32 143 189 227 
3 105 171 235 
2 20 144 
3 235 277 327 
1 208 
1 321 
2 124 367 
1 372 
3 211 308 318 
1 64 
1 30 
1 372 
4 112 210 266 356 
3 198 264 373 
1 373 
2 119 149 
1 273 
2 24 122 
0 
3 133 269 396 
1 67 
1 50 
1 212 
2 75 323 
3 12 287 340 
3 73 165 355 
0 
4 79 122 160 284 
2 118 365 
3 134 188 201 
1 325 
1 44 
1 138 
1 390 
3 31 90 394 
1 278 
2 55 279 
4 75 196 203 290 
2 45 160 
3 31 66 170 
2 106 222 
2 76 93 
2 8 141 
3 41 231 350 
5 47 95 105 205 304 
1 67 
3 84 263 302 
1 270 
3 12 75 218 
5 50 179 219 220 383 
1 356 
1 174 
3 168 209 301 
2 181 205 
1 289 
2 97 256 
1 107 
2 287 334 
2 312 356 
0 
1 110 
4 62 191 213 389 
3 16 35 72 
2 120 372 
3 24 164 250 
3 67 78 287 
2 80 204 
0 
5 1 194 203 253 327 
2 326 332 
2 163 279 
2 93 380 
3 33 34 370 
1 171 
0 
3 37 188 329 
1 186 
1 344 
6 27 204 304 308 332 384 
0 
3 206 345 376 
1 289 
4 105 116 302 306 
0 
1 395 
3 62 148 290 
2 142 203 
2 103 168 
0 
2 251 299 
5 130 165 228 257 280 
3 19 211 306 
5 117 250 274 313 352 
7 16 49 79 151 206 315 375 
1 371 
1 203 
3 32 129 256 
0 
2 311 382 
1 249 
0 
1 127 
1 24 
2 131 353 
0 
1 336 
3 11 307 391 
0 
3 154 257 362 
2 339 391 
3 107 153 370 
3 39 78 287 
3 262 281 367 
2 139 227 
1 41 
0 
1 146 
0 
2 115 251 
1 5 
2 91 391 
3 321 347 372 
0 
2 107 237 
1 211 
5 115 146 164 173 356 
5 4 66 144 156 243 
2 122 131 
7 158 171 215 319 332 380 397 
1 349 
1 82 
1 130 
1 90 
3 86 169 202 
3 61 100 229 
3 16 139 283 
1 360 
2 206 250 
2 37 308 
0 
2 126 339 
1 127 
3 34 127 337 
1 399 
1 118 
1 387 
1 300 
1 327 
1 292 
3 47 78 191 
2 3 168 
1 212 
4 279 297 328 350 
1 121 
1 45 
1 37 
1 26 
3 79 81 336 
2 3 318 
2 201 365 
0 
0 
0 
2 366 375 
0 
1 204 
1 372 
1 389 
0 
2 71 365 
0 
2 177 324 
5 142 170 215 285 295 
6 4 167 196 310 340 383 
1 345 
2 146 381 
3 75 378 397 
1 350 
2 133 174 
3 168 186 393 
2 69 265 
1 20 
1 300 
2 262 302 
4 190 261 312 313 
1 124 
4 3 32 43 91 
5 29 63 258 384 391 
2 90 294 
0 
1 314 
2 97 380 
1 125 
0 
1 344 
1 94 
2 170 393 
1 360 
1 361 
1 81 
3 17 43 113 
4 114 148 230 290 
1 168 
2 30 190 
3 63 69 384 
3 213 292 330 
1 105 
3 9 250 335 
1 32 
6 102 135 143 189 289 339 
0 
3 132 159 287 
4 13 115 163 279 
0 
3 226 283 364 
1 8 
1 266 
2 250 357 
1 51 
2 20 230 
1 388 
1 167 
3 224 260 318 
4 52 130 369 379 
4 124 160 261 364 
1 3 
2 122 156 
2 16 74 
2 160 169 
1 184 
6 53 70 86 156 216 384 
1 393 
2 251 382 
1 176 
3 136 262 385 
2 170 262 
1 268 
3 61 171 374 
2 328 377 
2 12 361 
4 77 86 236 300 
2 206 357 
1 31 
2 83 199 
1 354 
3 21 71 101 
1 249 
2 108 395 
3 147 382 395 
3 81 146 225 
3 10 230 316 
2 4 153 
1 283 
0 
3 147 156 206 
2 14 40 
1 135 
1 285 
2 183 235 
1 220 
1 345 
5 42 187 218 287 376 
5 56 102 251 346 387 
2 71 379 
1 30 
0 
2 155 272 
3 158 252 338 
2 39 340 
1 199 
0 
2 41 207 
6 10 58 121 230 255 361 
3 5 59 369 
2 10 170 
1 181 
1 322 
3 19 36 103 
4 90 128 136 203 
2 295 319 
0 
0 
2 214 275 
4 9 276 317 350 
2 49 186 
0 
2 292 302 
3 106 237 247 
2 241 387 
2 84 190 
1 57 
2 301 351 
2 150 188 
1 172 
6 65 85 89 141 199 244 
2 91 92 
3 35 54 315 
4 24 76 171 241 
2 158 339 
2 316 396 
2 254 381 
2 301 341 
4 28 149 206 269 
2 253 378 
3 176 310 326 
3 62 127 251 
5 42 156 265 282 308 
1 312 
0 
3 223 340 366 
1 298 
3 47 139 245 
1 111 
4 184 187 198 265 
0 
3 257 274 309 
1 112 
3 162 325 326 
3 32 97 377 
3 40 206 254 
1 63 
1 221 
400 384
3 188 273 321 
2 54 103 
2 36 381 
2 282 391 
1 13 
1 287 
1 66 
1 352 
1 371 
5 72 179 207 210 336 
1 238 
1 98 
1 382 
2 4 292 
1 67 
2 29 318 
0 
1 150 
6 175 225 308 338 356 394 
0 
2 266 274 
0 
4 190 220 227 273 
2 250 260 
3 126 135 341 
1 239 
3 66 263 282 
2 191 334 
1 157 
3 15 109 276 
3 59 85 294 
4 75 332 386 394 
1 241 
5 40 77 181 218 399 
1 173 
2 273 294 
2 2 124 
3 103 127 302 
2 204 217 
1 232 
4 33 44 128 183 
0 
1 371 
0 
3 40 111 357 
0 
1 156 
0 
4 64 86 121 132 
0 
2 164 266 
2 105 399 
2 102 253 
1 332 
4 1 107 186 357 
0 
2 260 289 
3 93 172 384 
1 143 
2 30 254 
2 65 332 
1 321 
4 66 190 290 314 
1 362 
3 48 110 218 
2 60 156 
5 6 26 62 134 167 
3 14 151 283 
0 
0 
1 285 
0 
5 9 92 105 157 242 
2 272 390 
3 96 166 290 
4 31 93 192 333 
0 
3 33 278 318 
1 285 
1 198 
2 150 345 
4 188 241 274 362 
2 85 138 
2 110 300 
1 203 
3 30 82 153 
1 48 
2 107 373 
3 95 278 314 
0 
0 
0 
3 72 110 205 
4 57 75 109 300 
2 103 229 
3 88 114 376 
1 74 
3 166 190 236 
2 11 302 
3 109 212 370 
3 183 313 346 
1 296 
2 52 112 
4 1 37 94 244 
0 
6 51 72 170 268 299 390 
2 164 308 
2 54 87 
1 363 
5 29 93 99 299 336 
3 64 83 92 
1 44 
4 102 157 257 305 
0 
1 95 
2 123 307 
0 
1 134 
0 
0 
2 161 339 
1 48 
1 169 
2 115 359 
2 36 259 
0 
1 24 
1 37 
2 40 250 
2 295 305 
2 279 302 
3 158 165 321 
1 48 
2 181 346 
2 66 117 
2 24 352 
3 289 344 363 
1 310 
4 82 277 358 392 
6 146 166 198 239 250 313 
1 143 
1 245 
1 361 
3 58 140 329 
2 342 365 
0 
3 139 227 236 
1 396 
2 221 317 
3 195 243 394 
5 17 80 152 264 306 
2 67 190 
1 150 
1 85 
1 364 
0 
4 46 65 295 317 
3 28 72 112 
2 131 322 
1 363 
0 
1 120 
1 341 
0 
3 50 106 350 
4 131 173 203 324 
4 74 97 139 312 
2 66 215 
0 
3 122 318 358 
1 105 
2 213 369 
2 57 214 
4 34 165 238 244 
1 268 
2 18 284 
0 
1 316 
0 
1 9 
0 
2 33 133 
2 225 235 
2 40 100 
0 
1 298 
3 54 283 326 
0 
2 0 81 
1 304 
4 22 62 97 151 
5 27 240 248 277 332 
2 75 240 
2 236 369 
1 373 
4 149 235 334 369 
3 272 345 377 
0 
2 79 139 
0 
1 252 
1 202 
1 201 
3 84 165 367 
2 38 243 
1 92 
1 326 
1 9 
0 
0 
1 9 
1 385 
1 99 
1 171 
2 172 345 
3 167 252 357 
1 317 
4 38 228 390 392 
3 33 64 349 
2 294 344 
3 22 249 276 
1 148 
1 351 
0 
0 
2 18 182 
2 246 257 
3 22 146 287 
1 217 
2 94 350 
1 325 
1 362 
3 39 363 367 
2 266 369 
3 290 305 387 
2 182 195 
3 97 146 193 
1 292 
3 10 173 335 
3 25 139 272 
3 191 192 392 
3 32 81 274 
4 72 316 344 347 
4 149 204 318 362 
3 103 173 260 
4 141 287 352 396 
3 226 311 327 
0 
3 191 263 371 
1 220 
4 23 128 139 259 
1 381 
2 200 215 
1 52 
1 59 
0 
1 348 
2 112 226 
1 277 
3 124 250 288 
4 23 56 244 380 
1 362 
0 
5 26 248 326 396 398 
2 150 344 
0 
3 20 50 233 
2 342 355 
2 105 174 
0 
0 
0 
3 73 196 239 
4 0 22 35 385 
3 20 81 241 
0 
3 29 220 285 
4 138 191 258 372 
3 77 88 317 
2 130 335 
2 312 371 
0 
2 3 26 
3 67 186 377 
2 175 330 
3 70 78 276 
1 322 
4 5 227 245 304 
2 259 295 
2 56 136 
4 62 74 234 379 
0 
2 13 237 
0 
3 30 35 219 
3 129 156 288 
2 101 298 
0 
3 185 296 343 
3 105 109 338 
2 83 93 
2 302 356 
5 37 98 130 301 322 
1 372 
4 189 287 389 394 
4 112 129 234 384 
1 150 
1 115 
2 18 106 
0 
2 137 386 
1 246 
2 166 280 
2 100 139 
2 62 88 
0 
2 177 242 
4 148 156 216 278 
4 15 77 169 243 
0 
0 
4 0 61 131 329 
4 158 286 302 337 
1 382 
1 165 
1 230 
3 186 206 263 
2 246 375 
0 
2 143 321 
2 284 383 
0 
5 31 53 60 191 334 
1 75 
3 27 195 332 
2 238 279 
3 9 109 351 
1 322 
2 18 299 
1 120 
0 
3 24 162 359 
3 144 267 352 
1 298 
4 136 219 242 264 
3 80 196 214 
2 100 133 
1 242 
1 256 
2 218 394 
2 164 229 
3 222 336 357 
4 7 135 245 342 
1 392 
2 380 394 
1 267 
3 18 301 361 
4 44 54 215 351 
2 138 169 
2 123 341 
1 399 
2 142 356 
6 63 81 231 243 261 396 
5 108 136 159 232 387 
1 154 
1 144 
0 
2 203 232 
0 
4 171 193 195 233 
1 99 
4 8 42 248 280 
2 277 303 
2 87 194 
0 
1 327 
1 95 
2 196 283 
0 
1 290 
2 260 354 
2 2 251 
3 12 323 398 
1 330 
2 57 305 
2 211 273 
2 31 310 
2 234 363 
0 
1 304 
3 73 105 217 
1 3 
4 138 217 240 353 
0 
6 18 31 149 304 349 354 
0 
4 147 245 263 362 
0 
2 263 382 
3 33 51 360 
