40 36
1 3 
0 
3 9 15 23 
5 0 11 19 21 28 
0 
1 37 
2 11 12 
2 20 32 
3 17 20 25 
2 2 24 
1 22 
3 3 6 19 
1 6 
2 35 39 
3 18 26 36 
1 2 
1 23 
2 8 26 
2 14 21 
3 3 11 31 
4 7 8 28 32 
2 3 18 
1 10 
4 2 16 27 38 
3 9 32 35 
1 8 
2 14 17 
1 23 
3 3 20 30 
0 
1 28 
1 19 
3 7 20 24 
0 
0 
2 13 24 
1 14 
1 5 
2 23 39 
2 13 38 
40 45
1 16 
1 2 
1 1 
0 
3 9 16 27 
2 26 28 
0 
2 22 27 
3 13 17 34 
2 4 12 
2 22 31 
4 15 17 21 26 
5 9 28 29 36 37 
3 8 30 33 
2 18 29 
1 11 
3 0 4 37 
5 8 11 26 38 39 
2 14 31 
1 27 
0 
3 11 36 39 
4 7 10 34 39 
0 
0 
2 32 33 
3 5 11 17 
3 4 7 19 
3 5 12 33 
3 12 14 39 
1 13 
4 10 18 32 33 
2 25 31 
4 13 25 28 31 
3 8 22 36 
0 
3 12 21 34 
3 12 16 39 
1 17 
5 17 21 22 29 37 
