100 255
10 19 36 40 51 63 68 69 71 75 83 
5 3 17 36 50 63 
2 10 80 
4 1 13 40 77 
3 10 56 63 
8 9 11 28 69 70 71 79 87 
3 67 75 87 
5 28 56 58 92 93 
7 18 27 37 50 56 63 69 
7 5 23 45 50 55 71 74 
8 2 4 16 39 56 81 92 95 
3 5 48 75 
6 27 40 55 58 82 95 
2 3 53 
5 27 31 45 59 62 
4 45 66 76 80 
6 10 19 34 43 60 85 
5 1 45 61 65 88 
3 8 59 70 
5 0 16 37 60 75 
0 
4 36 41 51 76 
4 57 62 66 79 
5 9 35 54 60 94 
4 44 46 54 70 
5 40 69 78 81 98 
4 29 53 56 93 
6 8 12 14 50 67 68 
3 5 7 50 
6 26 57 59 66 67 79 
4 43 89 95 98 
5 14 32 48 75 82 
6 31 33 38 40 54 67 
5 32 34 63 68 82 
7 16 33 42 78 79 85 89 
4 23 50 57 94 
8 0 1 21 37 39 43 85 96 
6 8 19 36 39 80 96 
4 32 41 68 82 
7 10 36 37 45 53 57 66 
8 0 3 12 25 32 54 68 97 
6 21 38 52 67 70 94 
6 34 46 50 52 81 87 
7 16 30 36 64 82 90 98 
4 24 46 63 65 
8 9 14 15 17 39 54 67 86 
8 24 42 44 61 64 74 85 87 
5 54 63 66 72 74 
5 11 31 72 81 97 
1 91 
10 1 8 9 27 28 35 42 52 64 92 
2 0 21 
4 41 42 50 66 
5 13 26 39 60 62 
9 23 24 32 40 45 47 67 87 95 
5 9 12 76 89 99 
6 4 7 8 10 26 92 
8 22 29 35 39 66 90 94 97 
5 7 12 62 69 91 
6 14 18 29 68 79 93 
6 16 19 23 53 65 75 
3 17 46 90 
6 14 22 53 58 70 97 
9 0 1 4 8 33 44 47 81 89 
5 43 46 50 68 92 
6 17 44 60 72 73 90 
7 15 22 29 39 47 52 57 
8 6 27 29 32 41 45 54 72 
8 0 27 33 38 40 59 64 82 
5 0 5 8 25 58 
8 5 18 24 41 62 88 89 94 
3 0 5 9 
5 47 48 65 67 88 
1 65 
6 9 46 47 81 86 91 
6 0 6 11 19 31 60 
3 15 21 55 
3 3 78 85 
3 25 34 77 
5 5 22 29 34 59 
3 2 15 37 
6 10 25 42 48 63 74 
7 12 31 33 38 43 68 84 
1 0 
2 82 95 
7 16 34 36 46 77 95 97 
3 45 74 88 
5 5 6 42 46 54 
5 17 70 72 86 99 
6 30 34 55 63 70 90 
6 43 57 61 65 89 99 
3 49 58 74 
6 7 10 50 56 64 98 
3 7 26 59 
5 23 35 41 57 70 
6 10 12 30 54 84 85 
2 36 37 
5 40 48 57 62 85 
4 25 30 43 92 
3 55 88 90 
100 259
7 5 12 17 59 76 78 84 
4 20 42 60 80 
8 77 78 80 89 91 95 97 98 
3 14 16 26 
5 41 42 61 76 99 
5 0 15 52 55 62 
9 7 9 19 23 29 36 55 56 93 
6 6 20 39 58 63 69 
5 49 66 68 84 95 
6 6 21 22 25 78 98 
6 37 44 57 69 70 82 
0 
5 0 27 50 54 66 
3 47 54 56 
6 3 68 73 75 79 86 
6 5 21 30 37 78 79 
2 3 83 
2 0 80 
7 20 29 53 66 75 82 93 
3 6 71 80 
8 1 7 18 24 25 52 63 70 
5 9 15 51 79 86 
6 9 24 56 84 89 91 
5 6 26 50 86 97 
5 20 22 66 79 94 
6 9 20 30 62 63 78 
4 3 23 57 92 
5 12 28 33 73 97 
8 27 31 37 45 58 75 86 89 
8 6 18 55 59 60 69 71 85 
5 15 25 45 57 59 
5 28 34 42 59 75 
7 45 63 65 73 76 77 82 
6 27 35 38 64 70 77 
8 31 40 43 68 71 75 76 88 
6 33 72 87 92 93 98 
10 6 46 52 54 55 58 87 94 95 99 
7 10 15 28 77 81 87 93 
8 33 43 49 61 62 78 89 91 
3 7 42 53 
3 34 91 93 
3 4 65 79 
6 1 4 31 39 57 60 
5 34 38 56 64 86 
3 10 75 88 
5 28 30 32 46 91 
3 36 45 85 
1 13 
2 49 98 
6 8 38 48 68 86 96 
2 12 23 
1 21 
4 5 20 36 53 
4 18 39 52 86 
5 12 13 36 62 90 
5 5 6 29 36 86 
7 6 13 22 43 72 87 98 
5 10 26 30 42 99 
7 7 28 36 65 69 70 73 
10 0 29 30 31 69 73 74 76 78 97 
4 1 29 42 97 
2 4 38 
7 5 25 38 54 76 87 88 
7 7 20 25 32 91 92 99 
3 33 43 79 
4 32 41 58 91 
5 8 12 18 24 94 
1 94 
6 8 14 34 49 73 93 
6 7 10 29 58 59 74 
4 10 20 33 58 
4 19 29 34 89 
3 35 56 81 
7 14 27 32 58 59 68 87 
5 59 69 81 89 90 
8 14 18 28 31 34 44 92 98 
7 0 4 32 34 59 62 85 
6 2 32 33 37 83 98 
7 0 2 9 15 25 38 59 
6 14 15 21 24 41 64 
4 1 2 17 19 
3 37 72 74 
3 10 18 32 
3 16 77 93 
5 0 8 22 92 96 
3 29 46 76 
9 14 21 23 28 43 49 53 55 91 
7 35 36 37 56 62 73 98 
4 34 44 62 91 
7 2 22 28 38 71 74 90 
5 54 74 89 92 97 
9 2 22 38 40 45 63 65 86 88 
6 26 35 63 75 84 90 
7 6 18 35 37 40 68 83 
5 24 36 66 67 95 
4 2 8 36 94 
3 49 84 98 
6 2 23 27 59 60 90 
9 2 9 35 48 56 75 77 87 96 
4 4 36 57 63 
