170 407
6 70 72 112 131 144 164 
7 6 29 55 96 113 138 139 
6 6 19 20 59 102 121 
2 108 169 
7 8 17 71 79 117 132 151 
3 36 62 161 
5 1 2 20 26 49 
6 13 45 67 78 110 156 
5 4 31 67 140 158 
4 14 45 78 152 
4 11 44 84 121 
4 10 58 110 140 
1 83 
3 7 51 69 
4 9 57 116 143 
3 67 94 156 
3 61 69 137 
6 4 33 43 121 122 138 
5 30 43 47 107 128 
5 2 34 138 143 150 
5 2 6 38 102 166 
3 45 62 74 
3 30 166 167 
6 24 66 71 77 116 140 
5 23 32 59 125 145 
3 57 92 111 
7 6 28 49 66 104 137 153 
3 55 80 84 
9 26 55 70 74 130 135 160 163 166 
2 1 131 
8 18 22 54 64 85 106 118 140 
5 8 41 68 114 141 
7 24 33 99 139 149 153 159 
4 17 32 81 85 
3 19 62 121 
8 60 62 68 71 108 119 129 153 
3 5 116 146 
4 65 68 156 163 
4 20 59 146 165 
6 79 99 103 115 161 162 
4 95 113 125 136 
5 31 42 53 71 133 
7 41 47 61 88 127 142 153 
5 17 18 45 51 95 
4 10 90 109 113 
7 7 9 21 43 55 79 83 
2 55 106 
5 18 42 54 84 102 
3 55 90 147 
6 6 26 70 138 165 167 
5 53 59 110 138 141 
2 13 43 
2 89 115 
4 41 50 67 137 
5 30 47 68 105 166 
11 1 27 28 45 46 48 64 87 92 103 154 
3 93 102 105 
4 14 25 73 134 
5 11 105 120 146 152 
4 2 24 38 50 
5 35 68 96 120 122 
6 16 42 67 86 91 146 
8 5 21 34 35 63 78 93 99 
6 62 86 91 120 140 167 
6 30 55 94 104 132 149 
3 37 115 159 
6 23 26 73 154 159 164 
9 7 8 15 53 61 108 129 131 166 
8 31 35 37 54 60 97 112 134 
3 13 16 127 
4 0 28 49 122 
9 4 23 35 41 76 99 104 107 113 
2 0 93 
5 57 66 74 83 137 
6 21 28 73 97 98 129 
2 130 145 
5 71 95 111 130 153 
6 23 109 130 160 166 168 
5 7 9 62 116 158 
4 4 39 45 82 
5 27 114 133 134 152 
4 33 101 147 159 
3 79 159 164 
6 12 45 73 125 141 147 
5 10 27 47 128 160 
5 30 33 87 96 98 
5 61 63 119 121 166 
5 55 85 93 108 163 
5 42 120 131 136 147 
3 52 142 152 
4 44 48 126 135 
5 61 63 128 142 168 
5 25 55 112 118 160 
6 56 62 72 87 157 163 
3 15 64 95 
5 40 43 76 94 133 
3 1 60 85 
3 68 74 110 
4 74 85 106 120 
7 32 39 62 71 116 122 156 
0 
4 81 105 113 125 
5 2 20 47 56 118 
2 39 55 
6 26 64 71 116 131 132 
4 54 56 58 101 
3 30 46 98 
7 18 71 111 130 138 141 150 
9 3 35 67 87 115 122 137 140 157 
4 44 77 116 142 
5 7 11 50 97 113 
4 25 76 107 133 
3 0 68 92 
6 1 40 44 71 101 110 
3 31 80 122 
4 39 52 65 108 
7 14 23 36 78 99 104 109 
4 4 134 151 153 
5 30 92 102 155 156 
4 35 86 145 168 
7 58 60 63 88 98 153 158 
7 2 10 17 34 86 135 159 
11 17 60 70 99 108 114 132 133 140 143 164 
2 133 168 
1 134 
6 24 40 83 101 136 153 
4 90 133 135 160 
2 42 69 
4 18 84 91 148 
3 35 67 74 
6 28 75 76 77 107 135 
5 0 29 67 88 104 
7 4 64 104 122 139 155 168 
7 41 80 95 111 122 123 126 
5 57 68 80 117 124 
7 28 90 121 126 130 151 164 
3 40 88 125 
5 16 26 53 73 108 
6 1 17 19 49 50 107 
4 1 32 132 153 
7 8 11 23 30 63 108 122 
4 31 50 83 107 
4 42 89 91 109 
6 14 19 122 146 154 168 
2 0 167 
5 24 75 119 151 167 
5 36 38 58 61 143 
4 48 81 83 88 
2 128 161 
3 32 64 167 
2 19 107 
5 4 117 135 145 167 
9 9 58 80 89 153 154 155 158 168 
12 26 32 35 42 76 117 120 125 139 152 166 169 
4 55 66 143 152 
6 118 132 152 157 158 161 
5 7 15 37 99 118 
3 93 108 155 
5 8 78 120 152 155 
6 32 65 66 81 82 121 
5 28 77 84 92 126 
4 5 39 148 155 
1 39 
4 28 37 87 93 
5 0 66 82 122 135 
2 38 49 
8 20 22 28 54 67 77 86 153 
7 22 49 63 144 145 149 151 
7 77 91 119 123 132 143 152 
2 3 153 
170 415
3 18 19 41 
4 23 31 81 91 
3 38 79 133 
8 31 50 107 112 114 122 134 159 
0 
5 7 14 28 88 106 
5 39 42 137 147 151 
6 5 10 60 97 140 151 
3 22 99 154 
6 27 36 45 68 117 133 
6 7 39 54 133 156 164 
3 56 77 93 
5 44 93 108 144 145 
7 15 28 68 83 100 126 138 
5 5 29 55 125 156 
6 13 21 48 73 124 157 
5 21 45 47 97 122 
3 26 77 138 
3 0 157 163 
9 0 33 47 63 118 138 146 148 149 
3 26 108 163 
8 15 16 30 36 46 109 129 130 
7 8 90 107 112 121 133 165 
4 1 41 76 87 
2 60 168 
7 54 58 66 92 120 123 168 
3 17 20 150 
7 9 31 47 59 68 76 95 
6 5 13 43 96 100 138 
5 14 58 118 131 151 
4 21 37 79 139 
9 1 3 27 37 51 56 86 100 156 
4 43 48 87 121 
6 19 87 88 97 144 152 
5 98 112 122 137 159 
4 44 69 125 150 
4 9 21 83 121 
6 30 31 43 65 81 102 
7 2 47 65 73 98 110 160 
5 6 10 51 90 106 
2 50 102 
8 0 23 95 122 124 150 151 163 
4 6 63 83 148 
9 28 32 37 56 82 88 113 119 153 
9 12 35 50 64 79 85 108 137 162 
4 9 16 146 164 
7 21 50 57 88 161 162 167 
11 16 19 27 38 51 60 67 70 130 163 164 
8 15 32 65 84 113 145 150 168 
6 84 102 131 151 158 163 
9 3 40 44 46 51 68 70 89 94 
8 31 39 47 50 81 95 141 145 
0 
1 148 
7 10 25 61 84 107 125 130 
4 14 85 144 159 
6 11 31 43 81 151 155 
1 46 
8 25 29 82 104 111 125 133 142 
5 27 89 113 155 168 
5 7 24 47 70 123 
5 54 64 119 144 163 
6 67 123 139 140 142 165 
4 19 42 151 156 
5 44 61 127 128 144 
7 37 38 48 109 130 149 152 
4 25 78 102 167 
4 47 62 101 120 
6 9 13 27 50 99 149 
4 35 86 100 168 
4 47 50 60 90 
3 131 140 157 
3 95 104 155 
2 15 38 
2 91 126 
2 77 123 
2 23 27 
4 11 17 75 106 
5 66 93 116 150 160 
7 2 30 44 104 117 125 147 
4 94 96 102 143 
6 1 37 51 56 92 107 
4 43 58 96 136 
4 13 36 42 116 
6 48 49 54 134 138 144 
6 44 55 90 94 102 118 
6 31 69 116 120 146 162 
4 23 32 33 129 
5 5 33 43 46 137 
4 50 59 92 123 
8 22 39 70 85 98 110 141 154 
6 1 74 100 141 145 166 
6 25 81 89 104 134 157 
5 11 12 78 100 105 
4 50 80 85 100 
6 27 41 51 72 113 120 
7 28 80 82 128 139 145 150 
4 7 16 33 146 
5 34 38 90 156 158 
2 8 68 
7 13 28 31 69 91 93 94 
4 67 108 126 152 
8 37 40 49 66 80 85 104 155 
3 137 149 160 
8 58 72 79 92 102 116 161 168 
2 93 138 
5 5 39 77 145 163 
4 3 22 54 81 
5 12 20 44 101 119 
5 21 65 141 146 159 
3 38 90 156 
1 58 
5 3 22 34 113 130 
6 43 48 59 95 112 151 
2 3 166 
0 
7 78 83 86 104 120 140 150 
4 9 79 127 140 
3 19 29 85 
3 43 61 108 
6 25 67 86 95 116 130 
3 22 32 36 
6 3 16 34 41 123 139 
6 25 60 62 75 89 122 
2 15 41 
6 14 35 54 58 79 165 
4 13 74 101 149 
4 64 117 149 169 
3 64 96 138 
4 21 87 140 163 
6 21 47 54 65 112 120 
3 29 49 71 
1 156 
5 2 9 10 22 58 
4 3 84 92 167 
1 146 
1 82 
8 6 34 44 88 103 141 152 167 
11 13 17 19 28 84 105 128 149 152 161 167 
4 30 62 96 122 
7 7 62 71 116 117 129 142 
5 51 90 91 109 137 
4 58 62 140 145 
2 80 159 
7 12 33 55 61 64 84 145 
10 12 48 51 91 96 106 142 144 150 164 
6 19 45 86 97 109 135 
3 6 79 168 
3 19 42 53 
7 19 65 68 103 126 127 138 
10 26 35 41 48 78 96 116 145 153 167 
9 6 7 29 41 49 56 63 113 167 
5 33 65 101 137 138 
2 43 150 
2 8 90 
5 56 59 72 102 168 
7 10 14 31 63 98 110 132 
6 15 18 71 92 161 162 
2 49 98 
5 3 34 55 109 143 
3 38 78 103 
4 46 104 138 157 
4 44 46 86 157 
8 18 20 41 47 49 61 106 129 
4 10 45 47 145 
4 22 62 125 169 
2 91 114 
7 46 66 134 137 138 150 151 
8 24 25 48 59 69 104 147 155 
2 127 165 
