200 489
4 112 144 174 197 
7 25 66 109 143 156 157 196 
2 42 61 
4 18 83 92 192 
3 12 80 106 
4 11 33 62 188 
5 27 49 92 138 174 
6 18 91 109 125 156 189 
3 72 90 163 
4 10 105 157 187 
2 9 98 
4 5 34 52 195 
4 4 67 172 199 
3 75 133 141 
6 24 72 82 160 161 177 
5 36 49 53 113 190 
4 111 116 123 160 
4 42 106 133 150 
3 3 7 84 
7 40 44 86 91 97 136 160 
2 45 187 
4 63 123 144 161 
5 55 71 115 140 144 
4 95 99 155 188 
3 14 183 193 
7 1 40 61 73 95 134 161 
4 34 61 90 196 
5 6 38 44 102 106 
6 47 106 179 181 187 190 
4 57 68 78 198 
3 59 110 113 
5 33 40 67 154 173 
5 50 74 86 132 195 
9 5 31 47 59 70 104 115 133 195 
8 11 26 71 85 112 166 177 195 
2 37 81 
4 15 38 61 127 
3 35 88 139 
6 27 36 48 78 96 170 
3 45 102 145 
10 19 25 31 54 81 88 94 145 173 176 
0 
4 2 17 44 138 
4 52 98 135 196 
8 19 27 42 53 76 92 143 195 
5 20 39 53 133 194 
3 138 164 170 
4 28 33 153 181 
7 38 54 56 109 128 133 188 
7 6 15 62 77 92 98 191 
6 32 76 96 123 155 193 
1 176 
6 11 43 127 132 137 183 
8 15 44 45 58 60 127 142 164 
3 40 48 112 
6 22 62 114 137 142 151 
4 48 85 162 171 
5 29 83 138 139 170 
4 53 139 182 198 
7 30 33 77 100 148 169 199 
6 53 66 68 107 149 163 
8 2 25 26 36 146 165 166 184 
6 5 49 55 84 130 142 
6 21 93 98 145 161 167 
5 98 130 141 150 152 
4 124 169 178 193 
7 1 60 115 153 164 169 180 
6 12 31 123 133 186 195 
5 29 60 135 175 196 
3 114 187 193 
3 33 71 183 
4 22 34 70 177 
4 8 14 131 197 
4 25 77 111 197 
4 32 80 92 152 
4 13 157 172 173 
2 44 50 
12 49 59 73 96 115 123 126 135 161 168 183 186 
5 29 38 82 127 157 
1 115 
3 4 74 153 
2 35 40 
7 14 78 89 106 108 161 162 
7 3 57 108 142 147 172 196 
10 18 62 101 102 109 112 133 148 183 194 
7 34 56 126 143 166 168 193 
3 19 32 151 
2 105 184 
5 37 40 89 102 190 
3 82 88 93 
3 8 26 99 
8 7 19 94 102 116 140 148 164 
12 3 6 44 49 74 143 180 183 184 185 188 198 
6 63 89 106 109 127 130 
4 40 91 143 165 
2 23 25 
6 38 50 77 108 116 176 
2 19 188 
7 10 43 49 63 64 128 182 
4 23 90 146 165 
6 59 123 128 130 150 175 
1 84 
8 27 39 84 88 91 157 164 178 
1 142 
3 33 161 164 
4 9 87 165 175 
9 4 17 27 28 82 93 107 157 194 
4 60 106 145 156 
4 82 83 96 174 
9 1 7 48 84 93 139 172 181 190 
3 30 173 189 
4 16 73 166 181 
6 0 34 54 84 173 196 
4 15 30 118 189 
3 55 69 120 
7 22 33 66 77 79 144 193 
6 16 91 96 125 161 162 
3 119 159 191 
4 113 136 148 194 
1 117 
4 114 131 162 181 
1 155 
3 129 162 179 
9 16 21 50 67 77 100 127 129 179 
3 65 129 185 
3 7 116 162 
2 77 85 
6 36 52 53 78 93 123 
5 48 98 100 177 183 
6 122 123 124 133 147 163 
9 62 64 93 100 149 169 177 179 180 
3 72 120 138 
3 32 52 153 
11 13 17 33 45 48 67 84 129 157 163 173 
3 25 191 192 
3 43 68 77 
5 19 118 172 189 194 
5 52 55 141 153 185 
8 6 42 46 57 131 146 181 192 
4 37 57 58 109 
3 22 91 191 
3 13 64 137 
6 53 55 62 83 103 184 
8 1 44 85 92 94 162 170 196 
6 0 21 22 115 169 172 
5 39 40 63 107 163 
3 61 99 138 
3 83 129 183 
8 59 84 91 118 155 171 183 192 
4 60 130 150 169 
4 17 64 100 149 
3 55 86 161 
4 64 74 167 171 
6 47 66 80 132 137 163 
2 31 178 
5 23 50 121 148 194 
5 1 7 107 164 184 
8 1 9 75 78 102 106 133 167 
1 168 
2 117 188 
5 14 16 19 185 199 
11 14 21 25 63 77 82 104 116 151 166 196 
8 56 82 116 120 122 125 143 173 
6 8 60 129 133 145 153 
8 46 53 66 91 102 104 156 182 
5 61 94 99 105 192 
6 34 61 85 111 161 193 
3 63 152 157 
3 77 85 158 
6 59 65 66 130 144 149 
6 38 46 57 143 173 183 
3 56 148 152 
7 12 75 83 109 136 144 175 
8 31 40 75 110 112 133 162 170 
3 0 6 108 
5 68 100 105 172 189 
5 40 51 96 180 190 
6 14 34 71 128 130 183 
4 65 102 154 184 
5 28 122 123 130 183 
5 66 92 130 176 189 
6 28 47 109 111 120 138 
3 58 98 164 
13 24 52 70 77 84 92 128 147 148 170 177 179 194 
6 61 87 92 142 156 178 
5 92 124 137 160 190 
2 67 77 
4 9 20 28 69 
6 5 23 48 92 97 159 
6 7 110 113 136 175 180 
6 15 28 88 109 176 185 
5 49 117 134 140 193 
5 3 134 138 148 165 
8 24 50 65 69 85 115 166 191 
7 45 84 106 118 136 155 183 
6 11 32 33 34 44 67 
8 1 26 43 68 83 112 143 161 
3 0 72 73 
3 29 58 92 
3 12 59 160 
200 523
5 4 58 80 117 193 
7 13 21 46 58 108 129 168 
2 60 112 
6 37 66 92 93 132 152 
9 0 56 82 88 113 119 153 175 189 
5 10 16 39 68 93 
11 8 26 35 42 73 146 147 152 158 174 177 
8 45 78 79 101 120 149 181 186 
12 6 13 67 96 116 123 128 135 152 154 173 178 
4 93 107 153 157 
1 5 
6 16 67 90 108 113 182 
4 54 69 174 178 
7 1 8 142 164 171 185 193 
6 17 74 98 140 153 164 
5 33 82 162 181 192 
8 5 11 65 81 82 84 107 199 
5 14 22 98 99 184 
6 24 43 46 75 99 164 
3 39 119 169 
4 27 41 109 130 
5 1 91 100 117 161 
4 17 35 162 197 
2 66 112 
3 18 105 183 
10 32 66 76 110 123 131 153 189 191 197 
5 6 65 102 117 193 
2 20 127 
6 59 63 69 103 111 127 
3 42 68 84 
4 88 119 173 185 
8 48 61 85 126 130 151 166 196 
4 25 52 76 146 
6 15 67 155 166 172 177 
3 80 161 163 
3 6 22 174 
6 37 56 107 155 167 178 
6 3 36 82 89 123 193 
2 50 129 
6 5 19 56 69 125 197 
2 55 132 
3 20 125 164 
3 6 29 160 
3 18 92 108 
3 114 141 183 
5 7 49 59 101 124 
5 1 18 78 160 173 
8 81 92 107 120 123 132 138 172 
6 31 79 119 130 159 173 
4 45 72 131 149 
6 38 63 81 82 149 170 
4 60 84 90 198 
3 32 91 161 
4 75 84 158 163 
9 12 80 115 127 129 150 167 173 179 
3 40 140 184 
6 4 36 39 91 121 192 
5 113 127 129 157 175 
5 0 1 150 163 188 
6 28 45 87 121 165 181 
9 2 51 65 71 77 164 166 171 184 
5 31 66 86 94 127 
4 74 118 144 189 
3 28 50 138 
3 77 84 129 
7 16 26 60 79 111 148 156 
8 3 23 25 61 71 124 172 199 
7 8 11 33 75 122 169 178 
4 5 29 148 166 
5 12 28 39 75 85 
1 191 
7 60 66 77 95 102 132 142 
2 49 100 
6 6 93 115 123 177 195 
5 14 62 147 174 189 
8 18 53 67 69 88 124 170 194 
9 25 32 81 105 109 112 118 132 145 
5 60 64 71 107 197 
7 7 46 127 130 136 160 193 
5 7 48 65 100 122 
6 0 34 54 112 136 178 
5 16 47 50 76 151 
7 4 15 16 37 50 135 151 
2 105 179 
8 16 29 51 53 64 137 165 189 
5 31 69 123 143 170 
5 61 94 136 153 196 
4 59 123 124 199 
4 4 30 75 136 
7 37 111 131 140 142 144 198 
6 11 51 109 155 165 173 
7 21 52 56 146 147 159 162 
5 3 43 47 132 134 
5 3 5 9 73 100 
4 61 86 129 172 
3 71 151 170 
4 8 106 115 173 
5 112 114 123 130 137 
3 14 17 126 
7 17 18 132 138 139 141 162 
8 21 72 79 93 102 135 149 199 
4 7 45 167 169 
5 26 71 100 164 177 
3 28 126 158 
3 132 182 184 
6 24 76 83 125 171 197 
6 96 137 155 159 170 182 
6 9 16 36 47 77 123 
6 1 11 43 166 180 183 
5 20 76 90 144 165 
2 25 162 
7 28 65 89 124 130 150 163 
9 2 23 76 80 97 120 150 169 185 
4 4 11 57 143 
3 44 97 117 
8 54 73 96 130 142 175 180 189 
3 8 149 173 
6 0 21 26 114 149 171 
3 62 76 125 
7 4 19 30 48 161 171 174 
5 7 47 112 133 144 
6 56 59 122 153 157 171 
7 67 79 121 130 131 168 173 
14 8 25 37 47 73 85 87 97 107 133 153 181 184 189 
5 45 66 75 87 111 
5 39 41 105 118 190 
6 31 98 103 137 148 162 
11 27 28 54 57 61 78 135 180 181 194 195 
2 8 145 
6 1 38 54 57 64 94 
9 20 31 48 78 97 111 115 122 168 
7 25 49 89 122 150 154 176 
11 3 40 47 71 76 92 99 104 138 177 179 
4 120 123 170 196 
3 92 173 188 
6 8 82 100 127 158 197 
6 78 80 86 88 155 175 
5 84 97 106 126 147 
5 47 63 99 132 169 
4 99 146 168 191 
5 14 55 89 145 155 
5 44 99 143 183 199 
5 13 71 89 115 194 
4 85 113 141 150 
6 62 89 109 120 159 173 
4 76 128 140 165 
5 6 32 91 139 149 
6 6 74 91 137 162 168 
3 65 68 126 
8 7 49 50 100 116 117 146 150 
7 54 58 111 112 131 143 149 
5 31 81 82 95 187 
5 3 6 8 178 186 
7 4 9 14 25 86 121 123 
3 8 131 177 
6 33 36 90 106 136 140 
1 65 
5 9 57 121 158 175 
5 6 53 103 135 157 
5 48 91 106 144 174 
5 42 46 78 165 185 
4 21 34 52 119 
8 15 22 91 99 110 126 147 193 
5 34 53 58 111 183 
6 13 14 18 41 60 102 
6 59 84 90 109 145 160 
5 31 33 60 68 108 
5 36 54 101 170 177 
5 1 122 130 139 147 
5 19 67 101 112 138 
7 50 75 85 95 106 133 167 
6 13 60 105 117 119 121 
5 33 47 66 94 183 
11 8 30 46 48 54 90 96 116 122 134 144 
7 6 12 35 74 119 159 185 
5 4 57 115 136 157 
1 131 
7 6 33 73 102 132 154 167 
6 8 12 36 67 80 152 
4 54 83 132 183 
5 108 115 127 187 197 
5 7 15 59 123 127 
3 11 104 106 
7 24 44 108 141 163 172 179 
6 17 55 60 104 123 199 
5 13 30 112 160 174 
2 7 152 
2 151 180 
4 58 134 191 197 
7 4 25 62 74 84 115 123 
1 125 
4 25 70 139 188 
2 15 56 
6 0 13 26 37 78 162 
3 75 127 142 
2 73 127 
3 31 86 133 
8 22 25 39 77 105 135 180 188 
3 51 89 199 
7 16 66 87 100 141 184 198 
