20 57
4 2 7 18 19 
5 5 12 13 15 18 
6 0 3 5 11 16 19 
7 2 5 12 13 16 17 18 
5 5 7 9 10 17 
7 1 2 3 4 7 12 15 
6 8 10 11 13 17 19 
7 0 4 5 10 13 17 19 
2 6 18 
5 4 11 13 14 17 
6 4 6 7 13 15 17 
7 2 6 9 12 13 15 18 
5 1 3 5 11 13 
8 1 3 6 7 9 10 11 12 
4 9 15 16 18 
6 1 5 10 11 14 16 
5 2 3 14 15 17 
7 3 4 6 7 9 10 16 
7 0 1 3 8 11 14 19 
5 0 2 6 7 18 
20 47
6 8 12 14 15 18 19 
5 4 5 6 14 16 
1 12 
7 5 11 12 13 14 17 18 
6 1 6 8 9 18 19 
4 1 3 12 16 
6 1 4 8 11 12 16 
3 9 15 17 
5 0 4 6 14 17 
5 4 7 12 13 15 
3 15 18 19 
5 3 6 13 15 17 
7 0 2 3 5 6 9 15 
3 3 9 11 
5 0 1 3 8 17 
7 0 7 9 10 11 12 16 
4 1 5 6 15 
5 3 7 8 11 14 
4 0 3 4 10 
3 0 4 10 
