240 607
4 112 144 197 223 
7 26 103 116 117 156 199 218 
3 134 199 208 
4 72 87 155 181 
2 45 96 
5 20 42 85 131 167 
6 43 61 108 141 215 233 
3 74 111 206 
2 27 157 
3 51 69 212 
4 42 147 174 236 
4 66 142 190 200 
7 51 52 68 111 124 128 188 
3 39 148 155 
2 95 122 
6 30 166 170 212 217 223 
3 39 63 127 
4 47 161 182 199 
4 49 65 109 138 
4 45 49 105 138 
7 5 99 120 141 153 175 214 
5 23 69 96 125 231 
4 34 92 96 208 
8 21 51 124 126 132 135 172 183 
4 98 128 179 182 
4 56 90 177 196 
7 1 27 51 63 172 202 213 
7 8 26 35 64 126 181 208 
5 51 62 80 86 130 
3 40 63 129 
5 15 43 94 194 212 
4 78 113 170 213 
7 74 101 108 114 165 193 196 
1 173 
5 22 62 132 178 215 
8 27 72 84 107 123 174 226 238 
1 115 
4 71 97 103 238 
6 89 91 144 163 168 223 
9 13 16 47 62 77 83 176 210 230 
4 29 58 90 128 
5 61 164 169 236 238 
5 5 10 108 123 145 
7 6 30 136 188 211 216 225 
3 107 184 193 
6 4 19 53 108 109 140 
7 57 100 116 135 158 206 227 
6 17 39 65 73 112 154 
7 98 117 118 136 173 219 231 
7 18 19 128 133 180 196 202 
4 79 122 131 133 
12 9 12 23 26 28 96 105 120 175 213 224 229 
5 12 53 128 138 200 
6 45 52 85 125 146 194 
4 82 88 95 207 
2 145 226 
3 25 149 235 
4 46 61 73 133 
3 40 81 97 
8 85 104 112 115 124 157 175 237 
2 88 166 
4 6 41 57 145 
7 28 34 39 139 158 211 212 
11 16 26 29 98 132 137 162 186 206 214 238 
7 27 78 113 170 187 210 212 
3 18 47 134 
5 11 106 122 135 223 
1 179 
7 12 111 119 133 157 165 181 
11 9 21 97 134 137 138 139 142 166 187 190 
1 161 
4 37 143 151 211 
4 3 35 158 199 
7 47 57 87 151 170 227 232 
4 7 32 89 114 
3 127 134 148 
2 159 162 
4 39 95 105 180 
5 31 64 99 110 219 
5 50 114 156 165 237 
4 28 94 159 174 
6 58 95 118 126 197 213 
3 54 164 228 
5 39 108 109 148 188 
4 35 91 103 149 
6 5 53 59 122 141 193 
6 28 91 141 165 167 217 
5 3 73 90 146 197 
2 54 60 
6 38 74 127 167 183 238 
9 25 40 87 109 117 119 120 146 228 
5 38 84 86 156 166 
5 22 103 210 227 232 
4 95 107 161 196 
2 30 80 
9 14 54 77 81 93 144 178 186 212 
7 4 21 22 51 97 100 145 
11 37 58 69 96 128 151 167 179 188 196 215 
6 24 48 63 163 216 220 
5 20 78 118 178 238 
5 46 96 112 132 199 
7 32 121 157 171 176 206 220 
1 163 
6 1 37 84 92 105 217 
3 59 218 232 
8 19 51 77 103 123 145 164 189 
4 66 112 137 203 
6 35 44 93 109 163 222 
10 6 32 42 45 83 167 185 193 218 230 
7 18 45 83 90 107 150 210 
2 78 170 
4 7 12 68 215 
8 0 47 59 100 106 117 143 203 
6 31 64 176 202 233 239 
7 32 74 79 148 170 184 199 
3 36 59 158 
7 1 46 143 161 170 177 208 
10 1 48 90 112 159 160 165 171 187 190 
8 48 81 99 129 162 163 185 233 
5 68 90 145 168 222 
12 20 51 90 132 152 159 164 171 188 190 209 214 
3 101 201 215 
6 14 50 66 85 144 148 
3 35 42 105 
6 12 23 59 153 204 227 
5 21 53 131 136 205 
5 23 27 81 151 166 
5 16 75 89 159 163 
7 12 24 40 49 52 97 231 
7 29 118 135 143 152 209 233 
4 28 166 179 190 
5 5 50 125 135 184 
6 23 34 63 100 120 157 
7 49 50 57 68 137 156 179 
5 2 65 69 75 166 
7 23 46 66 129 131 143 229 
6 43 48 125 147 169 198 
5 63 69 106 133 185 
6 18 19 52 69 139 219 
5 62 69 138 206 220 
2 45 210 
4 6 20 85 86 
6 11 69 154 163 180 224 
6 71 112 116 129 135 179 
4 0 38 95 122 
8 42 55 61 96 105 119 152 197 
4 53 87 90 150 
3 10 136 226 
7 13 75 83 114 122 213 236 
6 56 84 180 190 224 237 
7 109 146 156 178 214 216 222 
6 71 73 97 126 175 212 
4 120 129 145 216 
3 20 124 236 
2 47 142 
7 3 13 170 174 180 214 222 
5 1 79 91 133 150 
7 8 59 68 101 132 184 200 
4 46 62 72 115 
6 76 80 117 120 127 212 
3 117 164 218 
7 17 70 93 116 183 196 220 
6 63 76 118 184 188 224 
10 38 98 102 107 118 127 142 178 201 225 
6 41 82 105 120 160 220 
6 32 68 79 86 117 233 
7 15 60 69 91 126 130 134 
8 5 86 89 97 108 176 193 198 
2 38 119 
4 41 136 206 208 
8 15 31 64 73 110 114 116 155 
3 101 117 120 
4 23 26 179 205 
3 33 48 209 
6 10 35 80 155 192 204 
6 20 51 59 151 217 224 
5 39 101 113 167 195 
4 25 116 203 221 
6 34 95 99 150 163 239 
7 24 67 97 130 133 143 172 
7 49 77 142 149 155 207 220 
4 3 27 68 218 
3 17 24 233 
4 23 89 161 194 
6 44 114 131 157 162 216 
3 108 118 137 
2 63 95 
4 64 69 117 208 
6 12 43 83 97 120 162 
1 105 
6 11 69 117 120 130 149 
1 202 
1 174 
7 32 44 85 108 167 197 213 
3 30 53 183 
1 176 
6 25 32 49 93 97 161 
7 0 81 87 145 193 200 227 
3 136 167 228 
7 1 2 17 72 100 114 218 
5 11 52 157 197 221 
3 121 163 206 
4 26 49 113 191 
3 106 112 177 
3 124 174 205 
3 125 172 204 
8 7 46 63 101 139 169 201 220 
2 54 180 
7 2 22 27 116 169 187 230 
6 120 129 173 211 226 239 
7 39 64 92 109 140 222 228 
5 43 62 71 209 234 
8 9 15 30 62 64 95 151 159 
7 26 31 51 81 148 193 239 
5 20 63 120 150 155 
5 6 34 97 111 121 
6 43 98 150 152 184 218 
6 15 86 103 175 225 239 
7 1 104 108 160 181 199 216 
3 48 78 138 
8 98 101 139 161 164 180 206 228 
2 177 200 
5 107 119 150 155 210 
5 0 15 38 66 236 
5 51 142 149 162 175 
3 43 163 217 
4 35 55 147 209 
5 46 73 92 124 197 
5 82 90 198 210 220 
2 51 135 
4 39 108 208 233 
3 21 48 128 
5 73 92 104 236 237 
7 6 113 118 129 165 182 230 
1 211 
1 56 
6 10 41 148 153 223 232 
4 59 79 149 232 
6 35 37 41 63 89 99 
5 113 178 209 213 217 
240 665
4 44 65 127 133 
4 43 113 173 182 
9 19 24 86 121 133 156 173 179 185 
4 54 98 148 178 
4 14 77 93 139 
9 21 34 59 98 132 176 192 215 221 
7 81 83 88 101 121 141 182 
4 34 78 104 149 
4 77 84 129 213 
5 15 52 108 209 236 
4 15 62 109 118 
2 48 58 
6 66 80 98 105 135 230 
5 123 145 153 207 225 
5 4 77 104 119 178 
10 9 10 24 34 58 62 65 85 98 182 
8 49 100 103 109 133 166 193 215 
2 126 168 
4 38 139 155 225 
3 2 79 152 
4 33 117 176 219 
5 5 40 41 116 164 
9 32 52 61 63 65 139 185 195 203 
6 68 81 84 161 163 235 
4 2 15 154 197 
6 66 124 133 191 232 234 
3 30 37 44 
8 28 34 35 37 58 97 130 194 
6 27 49 51 143 156 201 
5 92 142 144 179 225 
7 26 42 75 97 108 120 153 
4 79 93 96 168 
8 22 47 103 123 136 180 210 229 
4 20 39 83 142 
9 5 7 15 27 79 84 93 136 218 
5 27 36 71 187 200 
9 35 46 133 137 151 187 188 225 230 
7 26 27 64 84 112 115 120 
8 18 69 89 100 114 159 205 219 
3 33 40 202 
9 21 39 53 57 108 147 149 206 232 
8 21 76 91 125 164 185 205 239 
6 30 125 162 184 207 220 
5 1 80 136 188 200 
7 0 26 83 129 166 231 237 
1 126 
4 36 67 105 195 
3 32 113 210 
4 11 49 152 178 
4 16 28 48 116 
2 78 239 
5 28 84 152 194 200 
6 9 22 78 116 206 219 
7 40 84 174 185 189 214 221 
2 3 140 
5 63 92 93 114 220 
7 93 133 161 163 164 187 208 
4 40 198 219 224 
13 11 15 27 76 113 125 174 187 192 203 206 208 226 
3 5 86 188 
3 73 116 212 
5 22 72 105 128 171 
5 10 15 75 132 170 
3 22 55 71 
4 37 82 107 169 
8 0 15 22 106 132 147 148 234 
6 12 25 95 122 141 220 
6 46 85 100 102 221 239 
4 23 212 231 237 
7 38 77 97 113 133 158 227 
7 75 91 114 120 149 162 188 
5 35 63 169 175 196 
4 61 131 139 197 
9 60 112 118 121 167 174 189 190 194 
3 83 122 180 
7 30 62 70 99 117 142 167 
4 41 58 128 200 
8 4 8 14 69 98 118 178 212 
4 7 50 52 101 
9 19 31 34 80 88 93 180 181 201 
7 12 43 79 94 109 146 163 
8 6 23 114 121 164 199 231 235 
3 64 83 197 
6 6 33 44 74 82 189 
11 8 23 34 37 51 53 95 111 201 229 232 
5 15 67 86 104 149 
7 2 59 85 103 109 195 200 
5 151 162 166 181 234 
4 6 79 188 194 
4 38 127 147 161 
5 153 160 212 233 238 
8 41 70 92 95 161 187 226 228 
6 29 55 91 134 175 219 
8 4 31 34 55 56 79 131 136 
5 80 117 131 157 207 
8 66 84 91 165 199 217 227 230 
9 31 101 130 134 154 172 178 185 207 
7 27 30 69 105 109 115 238 
6 3 5 12 15 77 221 
4 75 154 217 225 
5 16 38 67 115 164 
7 6 78 96 107 119 159 238 
6 67 142 198 201 204 230 
11 16 32 86 117 128 152 160 185 206 231 238 
4 7 14 85 202 
6 12 46 61 97 112 125 
5 65 146 176 200 226 
4 64 101 155 230 
5 9 30 40 197 234 
11 10 16 80 86 97 129 139 147 151 159 215 
2 168 210 
5 84 145 151 159 218 
11 37 73 105 125 132 163 172 178 183 205 238 
4 1 47 58 69 
9 38 55 70 81 118 144 154 190 228 
3 37 97 100 
11 21 49 52 60 153 171 172 206 215 223 230 
9 20 75 94 103 123 209 213 228 234 
6 10 73 77 114 152 218 
7 14 101 145 164 173 190 213 
7 30 37 70 162 163 182 232 
6 2 6 73 81 152 154 
7 66 74 176 195 201 202 210 
5 13 32 117 176 214 
2 25 129 
8 41 42 58 105 112 196 207 223 
7 17 45 157 172 196 234 237 
6 0 89 141 182 187 206 
10 61 76 103 134 144 156 192 209 220 226 
4 8 44 109 124 
3 27 96 197 
3 72 93 94 
4 5 62 65 112 
11 0 2 16 25 36 56 69 148 164 179 193 
6 92 96 128 145 146 239 
3 12 147 217 
5 32 34 43 93 155 
7 36 151 185 188 205 212 235 
1 223 
10 4 18 22 72 109 142 183 202 209 223 
3 54 153 222 
6 6 66 127 145 163 190 
7 29 33 75 102 139 185 189 
2 28 163 
4 29 114 128 165 
5 13 111 119 134 141 
5 80 106 134 178 202 
6 40 65 89 109 135 226 
4 3 65 133 230 
5 7 40 70 85 188 
4 182 198 207 233 
7 36 87 109 111 137 177 186 
7 19 48 51 103 118 121 177 
7 13 30 90 116 140 168 227 
6 24 96 99 114 121 194 
3 18 107 136 
4 2 28 128 194 
2 94 126 
2 69 215 
5 38 101 109 111 207 
3 90 103 227 
5 23 56 89 91 195 
5 42 70 87 120 171 
8 23 56 80 112 120 141 143 172 
11 21 41 56 81 100 119 133 203 210 217 227 
4 95 144 190 216 
6 16 44 87 231 237 239 
4 73 75 188 224 
5 17 31 110 153 197 
3 64 71 173 
2 62 201 
4 61 116 162 178 
6 96 112 116 126 163 180 
5 1 2 119 169 198 
4 53 58 73 190 
3 71 92 202 
7 5 20 106 122 123 193 236 
4 151 152 182 209 
8 3 14 48 77 96 112 146 171 
4 2 29 133 194 
7 32 74 79 172 191 196 198 
3 79 87 225 
10 1 6 15 120 127 150 177 199 234 239 
2 112 139 
2 42 218 
8 2 22 41 53 96 103 137 142 
2 151 191 
9 35 36 56 58 91 127 194 200 232 
9 36 43 59 70 88 137 149 167 202 
6 53 73 83 142 219 237 
6 73 114 119 141 165 174 
5 25 180 186 226 231 
3 5 58 128 
3 16 133 176 
9 27 51 73 88 154 156 179 187 236 
6 22 46 86 122 161 236 
5 71 125 126 180 211 
9 24 72 82 108 130 168 207 238 239 
6 57 102 150 173 180 204 
4 81 95 182 224 
8 35 43 51 76 86 106 187 238 
6 28 79 84 102 122 170 
7 39 104 122 139 146 175 188 
3 22 58 164 
4 102 198 223 229 
4 38 41 112 137 
6 40 52 58 103 116 127 
9 13 42 94 96 125 150 159 197 228 
3 56 58 220 
6 9 117 128 139 177 220 
6 32 47 110 122 164 238 
2 196 216 
5 60 68 77 90 137 
4 8 117 119 225 
3 53 123 215 
6 5 16 109 116 158 214 
2 165 211 
4 95 99 135 164 
5 34 111 118 184 233 
6 20 38 52 57 92 189 
8 42 55 66 128 208 209 222 225 
4 5 53 67 98 
2 140 220 
5 116 125 138 139 204 
4 57 167 199 228 
8 13 18 29 36 99 181 213 220 
7 58 91 106 128 147 191 235 
5 69 95 153 160 164 
6 91 114 117 207 224 232 
3 32 84 204 
7 12 36 95 102 107 116 148 
6 44 68 81 103 166 191 
6 25 40 84 120 187 228 
4 90 150 218 237 
7 25 65 87 108 117 126 182 
4 23 81 137 226 
4 9 176 194 195 
6 44 68 126 166 189 233 
8 90 97 101 103 112 197 200 210 
7 41 50 67 134 166 182 197 
