250 628
4 112 144 197 223 
7 16 93 106 107 146 189 208 
3 114 179 188 
4 42 57 125 151 
4 5 56 214 236 
6 4 35 81 117 226 244 
5 48 81 155 173 246 
3 41 136 188 
3 77 201 219 
1 122 
3 47 74 194 
9 32 80 90 168 169 185 228 241 245 
2 68 145 
4 18 25 190 217 
1 114 
8 16 20 62 67 73 112 136 200 
5 1 15 109 223 244 
5 29 100 116 160 189 
5 13 85 89 145 178 
6 128 149 170 182 204 243 
6 15 41 87 114 143 249 
4 41 99 103 215 
6 47 120 128 131 168 179 
4 83 113 164 167 
6 30 64 151 170 214 238 
5 13 26 135 165 239 
7 25 78 133 160 214 225 243 
3 71 191 214 
3 59 182 233 
5 17 113 131 205 240 
6 24 121 189 216 223 229 
3 62 90 93 
4 11 59 153 223 
6 53 90 151 163 186 202 
4 38 90 102 182 
4 5 126 152 158 
5 132 134 187 206 211 
7 54 78 93 108 114 207 241 
4 34 50 109 147 
5 68 171 176 243 245 
3 103 118 140 
8 7 20 21 119 171 194 199 208 
5 3 78 155 164 218 
4 67 68 99 209 
8 47 63 82 105 153 174 204 212 
5 47 89 224 243 244 
6 59 96 142 154 241 246 
11 10 22 44 45 91 107 113 179 222 231 233 
4 6 183 192 207 
5 62 116 127 202 212 
5 38 75 146 186 207 
4 57 130 136 143 
2 58 180 
3 33 65 171 
5 37 62 70 82 142 
1 77 
9 4 68 87 95 98 107 140 158 220 
4 3 51 58 136 
3 52 57 102 
8 28 32 46 83 102 155 156 218 
9 63 68 93 117 137 145 169 184 219 
5 88 105 128 130 226 
7 15 31 49 54 184 200 213 
4 44 60 115 243 
7 24 161 169 183 207 215 231 
9 53 133 170 173 174 178 202 223 226 
1 183 
5 15 43 151 159 219 
8 12 39 43 56 60 152 193 247 
5 131 150 207 212 234 
1 54 
4 27 79 86 100 
4 97 100 195 205 
4 15 104 184 195 
5 10 129 184 226 235 
5 50 133 149 214 229 
4 135 158 166 237 
4 8 55 81 189 
8 26 37 42 82 118 119 158 198 
3 71 86 144 
4 11 102 121 224 
8 5 6 77 106 130 132 182 207 
5 44 54 78 96 147 
3 23 59 212 
8 87 103 158 178 186 188 189 215 
4 18 133 209 219 
3 71 79 140 
8 20 56 84 102 107 116 182 217 
1 61 
5 18 45 133 175 229 
5 11 31 33 34 243 
6 47 108 124 145 153 172 
4 104 157 161 199 
8 1 31 37 60 103 163 176 196 
5 108 168 204 218 223 
2 56 193 
4 46 82 118 230 
3 72 214 228 
7 56 102 124 143 168 224 249 
4 21 43 165 203 
6 17 71 72 108 167 243 
5 113 121 146 158 208 
8 34 58 59 80 87 98 121 210 
4 21 40 84 93 
5 73 92 121 147 207 
6 44 61 162 188 219 225 
6 1 81 116 138 152 167 
8 1 47 56 87 108 216 234 243 
13 37 91 94 100 107 109 140 213 214 219 225 241 244 
7 16 38 108 164 197 198 220 
4 129 161 184 238 
9 129 149 156 161 168 185 187 206 211 
6 0 15 179 193 239 243 
4 23 29 47 101 
5 2 14 20 37 208 
6 63 125 148 166 171 240 
6 17 49 87 106 166 181 
4 5 60 154 158 
7 40 78 96 206 220 228 237 
6 41 78 164 188 230 243 
4 22 125 178 227 
6 30 80 101 102 104 179 
4 9 138 157 180 
2 146 227 
5 91 98 188 209 231 
5 3 115 120 136 225 
3 35 157 237 
3 49 202 216 
4 19 22 61 184 
5 74 110 111 203 229 
4 51 61 81 154 
4 22 29 69 249 
4 36 81 177 223 
5 26 65 75 85 89 
3 36 160 238 
8 25 76 147 181 191 225 238 246 
10 7 15 51 57 125 155 191 193 199 240 
2 60 165 
3 106 122 145 
3 141 244 248 
7 40 56 86 108 145 179 187 
3 139 206 222 
2 46 54 
5 20 51 98 182 213 
6 0 79 162 205 218 242 
10 12 18 60 91 138 140 179 183 219 249 
6 1 50 101 123 169 193 
6 38 82 104 135 161 248 
2 115 235 
5 19 75 111 152 157 
3 69 207 209 
4 3 24 33 67 
6 35 68 106 149 189 215 
4 32 44 91 237 
5 46 117 130 231 238 
6 6 42 59 136 178 248 
3 59 111 173 
5 92 122 126 149 247 
9 35 56 76 78 84 101 117 169 225 
3 67 207 224 
4 17 26 134 212 
5 64 92 110 111 147 
3 105 144 188 
2 33 93 
5 23 42 109 119 209 
5 25 99 137 213 229 
3 76 115 116 
4 23 100 106 225 
8 11 22 94 98 111 171 213 243 
6 11 60 64 146 158 228 
3 19 24 65 
6 39 41 53 115 168 178 
2 91 183 
9 6 65 156 180 191 206 219 231 237 
3 44 65 196 
3 89 180 231 
4 39 93 187 201 
3 132 178 237 
8 18 65 84 120 155 171 177 247 
9 2 22 47 112 121 140 145 195 196 
6 52 122 173 175 194 215 
4 116 135 209 215 
6 19 28 34 81 87 143 
6 48 64 66 145 172 230 
7 60 62 73 74 110 128 235 
4 11 111 231 240 
3 33 50 84 
6 36 111 140 176 189 194 
10 2 7 84 105 119 124 162 195 230 242 
10 1 17 30 77 84 152 187 205 222 228 
1 13 
5 27 135 136 173 222 
2 48 209 
7 68 95 112 136 146 203 233 
5 10 41 180 187 249 
4 72 73 179 188 
5 93 174 179 205 221 
3 0 109 215 
2 78 109 
5 41 92 136 230 243 
3 15 62 219 
4 8 176 210 244 
4 33 49 65 127 
6 99 129 193 211 234 240 
3 19 44 94 
7 29 72 144 189 196 244 246 
7 36 111 118 141 173 208 221 
9 37 48 50 64 69 81 104 150 159 
6 1 41 101 114 206 219 
7 43 85 124 150 164 181 192 
3 102 201 224 
4 36 111 203 230 
6 44 49 69 83 160 219 
6 62 108 143 165 168 228 
7 4 24 26 27 75 97 108 
7 21 64 84 152 180 181 197 
3 30 107 127 
2 13 87 
6 42 59 94 144 222 229 
12 8 60 67 85 105 108 145 173 200 208 212 244 
3 56 109 118 
2 196 206 
6 47 141 189 191 218 244 
7 0 16 30 32 65 94 132 
6 45 80 98 159 210 225 
9 26 105 108 125 135 158 167 224 238 
4 5 61 65 74 
3 120 123 249 
6 11 97 118 169 189 213 
6 30 75 89 129 165 218 
6 96 119 183 188 199 211 
7 47 64 124 154 173 175 185 
0 
4 28 47 193 239 
3 69 107 203 
5 74 148 184 237 245 
1 4 
7 76 118 126 153 173 177 235 
6 24 110 134 135 154 225 
4 25 112 233 246 
5 29 115 136 185 203 
4 11 37 46 108 
2 144 188 
12 19 26 39 45 63 90 100 107 112 119 168 199 
9 5 16 45 108 139 201 205 219 222 
3 11 39 235 
5 6 46 135 205 239 
4 68 157 178 249 
3 139 147 155 
7 20 98 131 145 194 227 247 
250 665
3 8 166 176 
5 163 177 195 202 232 
4 80 199 221 229 
6 37 55 132 159 174 233 
8 58 68 92 96 99 119 132 216 
8 62 113 116 122 146 179 206 228 
2 118 160 
4 9 110 126 196 
4 0 29 102 202 
6 7 46 105 148 187 188 
6 24 72 157 186 188 190 
7 26 72 82 90 171 184 187 
4 27 29 101 235 
4 42 125 183 192 
5 15 56 58 67 81 
9 14 43 49 50 52 73 112 145 209 
5 42 44 136 149 194 
6 63 113 115 150 196 222 
6 24 46 57 69 102 236 
5 20 23 95 181 237 
7 19 28 41 85 134 150 194 
5 25 167 172 181 224 
3 79 101 136 
7 19 26 88 175 179 229 230 
9 10 18 42 47 83 103 131 134 139 
8 21 65 85 96 110 155 201 215 
5 11 23 175 225 229 
7 12 58 97 99 156 224 239 
6 20 91 112 132 166 249 
7 8 12 66 88 124 180 236 
5 69 81 159 205 242 
3 89 95 178 
3 95 133 223 
3 117 214 244 
2 132 158 
2 72 223 
2 171 204 
6 3 60 102 108 173 211 
3 90 103 154 
5 45 49 74 81 185 
4 83 112 113 240 
8 20 88 128 156 158 159 182 203 
7 13 16 24 168 189 194 227 
10 15 58 70 119 132 137 151 153 171 211 
4 16 108 172 215 
6 39 107 145 178 201 244 
5 9 18 122 179 217 
2 24 92 
3 77 102 164 
8 15 39 75 101 116 117 203 237 
7 15 65 84 163 200 215 217 
2 138 156 
8 15 103 122 138 158 174 194 219 
8 92 109 125 148 154 183 196 222 
3 176 182 203 
4 3 111 119 177 
11 14 65 71 74 120 127 142 143 147 201 240 
5 18 106 189 207 232 
6 4 14 27 43 66 190 
5 72 132 152 212 246 
3 37 107 246 
7 66 71 158 159 179 231 246 
5 5 96 113 222 229 
6 17 86 121 153 157 162 
1 91 
5 25 50 56 116 222 
9 29 58 61 67 70 78 96 141 248 
5 14 66 72 158 163 
6 4 85 96 100 115 168 
7 18 30 93 99 182 202 216 
5 43 66 178 185 237 
10 56 61 80 85 87 90 156 182 221 223 
10 10 11 35 59 67 99 140 184 242 247 
4 15 197 211 237 
5 39 56 112 214 248 
11 49 92 102 105 119 148 152 172 190 203 225 
4 92 96 102 225 
2 48 177 
5 66 79 142 179 228 
4 22 78 151 191 
8 2 71 101 142 198 201 204 230 
11 14 30 39 85 96 120 128 153 174 199 206 
3 11 138 182 
5 24 40 183 213 237 
4 50 98 159 234 
10 20 25 68 71 81 168 205 230 240 248 
5 63 89 97 153 235 
5 71 115 178 184 192 
11 23 29 41 90 131 162 171 177 182 204 237 
5 31 86 208 234 244 
6 11 38 71 88 121 159 
7 28 64 173 191 192 226 243 
11 4 47 53 75 76 93 108 194 198 213 219 
7 69 92 102 168 215 234 243 
5 105 128 196 197 216 
5 19 31 32 112 150 
12 4 25 62 66 68 76 81 138 157 163 164 172 
5 27 86 102 140 170 
4 84 200 211 227 
9 4 27 69 72 124 139 163 204 220 
8 68 112 117 136 175 185 197 233 
7 12 22 49 80 102 113 119 
10 8 18 37 48 75 76 93 97 101 162 
3 24 38 52 
6 143 159 174 188 245 246 
5 9 75 94 195 207 
3 57 134 175 
8 45 60 131 165 168 185 192 215 
8 37 44 92 163 182 223 242 249 
5 53 123 152 221 242 
6 7 25 121 148 240 244 
2 55 176 
7 15 28 40 74 95 100 136 
6 5 17 40 62 101 200 
1 205 
5 17 68 87 166 214 
8 5 49 65 164 180 189 215 247 
5 33 49 100 124 202 
3 6 148 207 
6 4 43 55 75 101 129 
3 56 81 167 
4 63 90 110 223 
4 5 46 52 168 
3 109 141 240 
4 29 99 117 192 
7 13 53 174 181 188 198 235 
5 7 138 226 232 234 
4 56 133 169 213 
5 41 81 94 138 235 
3 119 160 229 
1 194 
5 24 88 107 133 209 
10 3 4 28 34 43 59 146 189 197 224 
4 32 127 131 214 
6 20 24 106 155 160 162 
3 164 199 204 
5 16 22 100 112 181 
4 43 149 204 210 
9 51 52 82 96 126 128 152 219 237 
4 24 99 213 218 
2 72 97 
6 66 123 144 188 206 244 
7 56 78 80 168 169 175 235 
3 56 104 182 
3 141 208 214 
4 15 45 208 231 
5 5 132 158 205 211 
3 56 171 186 
8 9 53 75 110 118 193 221 224 
5 16 137 193 227 247 
6 17 20 95 193 240 245 
2 43 79 
7 59 75 109 138 178 219 231 
7 43 63 81 86 183 201 205 
3 38 53 190 
4 25 134 196 248 
7 27 41 51 71 208 219 223 
4 10 63 96 229 
9 34 41 52 61 67 146 196 217 218 
8 3 30 41 61 84 90 104 239 
6 6 129 134 183 195 215 
1 193 
4 63 88 102 134 
7 1 50 67 96 99 108 204 
7 48 96 116 135 165 198 217 
2 107 164 
4 0 28 115 205 
4 21 120 171 203 
8 42 68 85 93 107 122 142 231 
4 127 142 179 246 
3 97 203 234 
7 11 36 43 88 147 167 206 
6 21 44 75 96 207 221 
3 37 91 188 
7 3 52 81 104 125 206 227 
6 23 26 100 106 142 221 
5 0 54 111 197 226 
4 1 55 77 88 
6 31 45 70 87 152 212 
7 5 23 46 61 78 169 202 
4 29 116 221 245 
6 19 21 125 136 182 185 
10 41 54 69 71 82 88 108 143 181 243 
5 13 53 83 153 160 
4 11 72 87 207 
6 39 70 100 107 181 234 
3 10 147 214 
3 9 11 239 
7 9 10 104 125 141 173 245 
5 42 57 116 132 213 
4 10 58 75 154 
2 79 91 
8 13 87 91 107 124 200 222 246 
6 148 149 150 161 233 245 
7 16 20 42 52 92 130 216 
3 1 105 160 
8 7 17 53 94 155 158 219 221 
6 73 94 100 132 176 242 
5 80 92 125 164 218 
4 2 81 135 219 
4 50 98 113 192 
5 25 45 56 80 153 
5 1 8 69 117 179 
7 41 49 54 75 167 170 247 
7 36 80 88 99 135 137 163 
7 30 85 114 146 153 166 211 
5 5 81 141 171 174 
5 57 105 118 172 184 
4 89 144 145 156 
2 15 131 
1 137 
7 37 43 73 98 146 205 227 
4 59 178 241 248 
5 83 92 127 139 189 
7 33 74 115 133 144 186 232 
8 25 44 50 93 107 116 160 249 
4 4 69 94 194 
4 46 50 158 164 
4 139 158 198 219 
8 52 92 138 152 156 196 199 218 
2 99 228 
8 2 71 109 148 172 175 180 196 
5 17 53 62 65 192 
6 32 35 71 108 121 156 
4 21 27 132 148 
3 26 75 76 
3 91 126 176 
6 42 98 149 174 211 249 
5 5 78 220 233 240 
6 2 23 26 62 129 157 
3 23 80 85 
4 61 145 152 168 
6 1 57 126 214 240 248 
5 3 100 193 228 239 
6 84 89 93 126 170 185 
5 12 86 125 128 142 
2 18 29 
8 19 49 70 73 83 88 138 249 
0 
4 27 159 187 233 
8 40 56 85 110 123 150 228 232 
1 212 
5 30 72 108 109 197 
3 91 93 182 
5 33 45 89 110 141 
5 104 150 180 188 193 
6 59 60 61 104 169 192 
4 72 116 149 203 
6 66 74 85 155 212 232 
5 28 108 215 227 237 
