260 652
4 112 144 197 223 
7 6 83 96 97 136 179 198 
3 94 159 168 
4 12 27 95 220 
4 16 174 196 239 
5 31 67 176 194 241 
6 1 21 95 113 186 223 
3 66 118 248 
2 121 139 
3 32 196 223 
3 94 170 228 
7 58 59 75 118 131 135 195 
3 3 134 141 
3 60 87 219 
7 110 114 156 161 167 206 230 
1 192 
7 4 63 84 101 172 188 232 
4 19 150 206 239 
5 178 199 220 232 254 
6 17 53 80 126 153 182 
5 49 69 127 131 243 
7 6 64 137 145 148 185 196 
4 89 119 170 173 
7 25 59 146 165 209 233 245 
3 119 149 223 
7 23 51 106 133 187 198 216 
3 33 176 242 
3 3 133 184 
4 53 71 145 180 
8 50 118 145 152 158 209 237 240 
1 194 
5 5 60 130 176 213 
8 9 47 59 82 98 149 201 213 
5 26 67 225 251 257 
2 219 221 
8 50 69 74 129 153 168 183 189 
4 59 93 113 172 
3 119 222 227 
5 73 75 142 157 179 
5 146 198 221 226 235 
4 93 170 179 233 
5 70 71 102 212 255 
7 54 73 96 144 195 203 242 
4 203 222 223 241 
5 63 109 121 208 213 
7 46 62 68 134 177 186 188 
6 45 126 135 150 205 259 
5 32 58 133 143 205 
6 65 105 126 174 247 253 
3 20 50 162 
5 29 35 49 75 156 
6 25 54 140 148 160 220 
1 142 
9 19 28 120 139 147 150 159 192 210 
5 42 51 67 97 175 
1 128 
5 96 115 168 169 231 
9 63 68 93 117 137 145 169 184 219 
7 11 47 75 92 115 117 213 
7 11 23 32 36 158 174 187 
4 13 31 76 204 
6 109 117 131 155 163 179 
9 45 68 105 108 109 113 137 158 161 
5 16 44 57 105 255 
4 21 68 128 242 
5 48 89 143 207 226 
4 7 90 95 117 
6 5 33 54 127 134 148 
8 45 57 62 64 131 134 229 239 
5 20 35 124 204 215 
5 41 135 190 232 241 
6 28 41 125 141 206 221 
5 113 136 144 215 231 
6 38 42 153 217 253 254 
4 35 108 148 206 
7 11 38 50 58 80 207 226 
5 60 146 196 220 222 
4 90 115 171 222 
0 
7 92 132 148 203 223 231 233 
5 19 75 81 163 239 
2 80 155 
6 32 102 107 116 182 217 
1 1 
3 16 103 199 
3 198 237 258 
5 93 112 201 254 258 
5 13 124 184 244 257 
3 106 173 233 
6 22 65 99 113 118 242 
3 66 77 151 
3 95 231 245 
8 58 79 103 125 144 169 225 250 
6 36 40 57 86 188 242 
6 2 10 136 212 230 238 
8 3 6 66 91 99 111 161 221 
4 1 42 56 147 
4 1 54 187 213 
4 32 112 211 237 
8 89 95 108 114 148 170 184 199 
4 123 231 249 258 
9 16 107 138 211 212 217 223 239 242 
7 41 82 145 178 179 201 249 
8 84 92 125 148 202 231 251 258 
5 108 132 134 153 158 
7 48 62 63 109 123 169 173 
3 25 88 256 
6 82 101 155 178 196 201 
7 62 74 99 104 119 178 193 
6 44 61 62 105 148 152 
4 14 182 204 213 
6 95 122 146 188 201 212 
6 0 86 98 118 167 247 
7 6 36 62 72 89 187 206 
4 14 99 176 257 
6 56 58 77 199 220 242 
3 82 128 217 
6 57 58 61 66 130 210 
8 7 11 29 89 112 156 170 259 
5 22 24 37 108 258 
3 53 145 189 
2 8 44 
4 111 127 172 218 
3 100 105 250 
5 69 87 193 216 250 
11 71 92 103 126 160 173 181 203 239 241 247 
6 19 46 48 125 155 192 
4 20 67 122 257 
6 55 64 116 229 233 239 
2 35 143 
3 31 117 149 
6 11 20 61 68 210 241 
6 79 104 168 211 224 248 
7 25 27 47 163 167 233 256 
7 12 45 67 68 104 155 225 
4 11 46 70 188 
6 1 72 94 153 170 175 
5 21 57 62 202 204 
2 101 258 
3 8 53 164 
4 51 163 252 259 
4 12 71 175 245 
3 38 52 146 
5 47 65 129 196 209 
7 0 42 72 92 150 222 239 
7 21 28 29 57 102 120 202 
6 23 39 76 111 142 240 
2 53 96 
9 21 51 67 74 79 99 103 109 209 
5 24 32 130 187 203 
5 17 46 53 144 255 
4 90 174 216 246 
3 29 109 204 
6 19 35 73 104 136 205 
2 182 255 
11 61 81 107 126 134 162 177 190 202 208 242 
5 14 50 118 197 248 
3 38 175 189 
4 29 59 62 104 
5 2 53 177 195 196 
6 51 125 164 185 247 253 
3 14 62 95 
2 49 155 
7 61 80 133 140 180 240 249 
3 139 160 233 
4 23 201 236 248 
3 178 195 201 
4 14 112 133 220 
7 2 35 56 132 173 223 253 
5 56 57 92 105 234 
7 10 22 40 99 118 136 208 
2 77 182 
6 16 36 122 211 224 249 
7 22 88 105 125 168 202 236 
7 4 48 59 151 211 234 240 
7 54 136 141 157 249 251 256 
5 5 26 31 114 186 
4 45 155 159 185 
8 18 102 107 108 166 188 232 258 
6 1 38 40 61 102 223 
2 28 163 
3 125 225 232 
6 19 82 110 154 171 200 
3 35 208 240 
6 27 57 87 99 202 258 
3 21 160 177 
6 6 45 176 212 239 247 
6 25 59 97 113 149 222 
8 16 45 93 111 135 178 198 207 
3 35 120 157 
4 70 155 226 236 
0 
3 15 53 126 
2 108 124 
6 5 30 205 219 237 244 
5 11 42 159 166 210 
8 4 9 21 76 107 143 159 242 
2 0 156 
6 1 25 39 85 188 238 
6 18 84 99 115 200 208 
4 182 199 203 221 
8 32 86 102 107 111 165 166 240 
8 103 137 145 155 173 184 210 225 
7 42 43 79 125 149 200 228 
7 60 69 110 137 152 243 253 
8 46 47 153 194 223 227 230 250 
6 14 17 71 74 113 210 
4 65 75 188 242 
5 44 155 170 183 199 
5 23 29 143 148 231 
9 53 117 131 195 202 206 233 236 242 
7 98 101 132 172 174 218 251 
7 41 94 101 111 186 231 253 
6 31 32 44 58 97 110 
0 
3 69 72 251 
4 25 124 151 250 
4 73 82 101 116 
3 122 211 258 
4 13 34 57 194 
6 3 18 51 76 115 167 
7 34 39 71 95 200 242 258 
6 37 43 76 77 144 187 
11 0 6 9 24 43 79 101 168 179 205 255 
2 132 172 
5 33 92 134 181 202 
5 39 65 75 190 227 
3 37 205 226 
3 10 203 237 
2 68 128 
3 14 94 205 
9 56 72 79 91 100 103 209 212 250 
5 16 18 70 178 181 
8 23 40 79 88 128 133 164 210 
3 169 174 256 
1 39 
4 165 173 190 210 
6 29 85 98 194 228 246 
2 94 198 
10 4 17 68 80 101 125 128 144 186 248 
6 29 146 163 174 183 201 
7 5 43 70 125 131 250 251 
12 26 42 64 89 93 101 115 155 196 207 210 221 
2 20 204 
2 87 194 
3 23 91 141 
3 151 237 251 
5 48 112 125 160 186 
5 7 132 156 165 239 
5 100 102 163 172 175 
8 92 123 124 205 216 231 241 257 
7 33 103 175 211 215 241 246 
1 140 
6 48 73 160 168 204 212 
3 18 73 86 
5 41 63 150 154 223 
4 106 133 175 234 
5 33 87 114 127 250 
10 85 86 100 103 119 138 178 184 218 221 
3 46 118 140 
260 699
8 47 76 78 80 154 200 210 218 
6 41 54 57 134 136 208 
3 85 128 211 
7 13 22 80 121 123 132 146 
8 87 93 94 96 117 156 189 253 
5 65 67 159 172 217 
6 65 115 117 152 224 257 
7 27 38 50 83 217 231 234 
3 55 141 197 
5 24 73 89 133 192 
6 85 90 99 142 224 246 
3 33 149 211 
11 51 55 105 106 143 148 184 204 232 235 240 
6 3 144 164 175 189 234 
2 35 49 
7 38 42 93 132 134 191 259 
5 31 104 125 145 179 
6 20 57 79 115 171 227 
5 38 50 128 174 211 
4 36 42 125 259 
4 17 58 148 258 
3 117 147 250 
3 3 39 167 
2 82 243 
5 9 109 151 157 222 
4 26 116 129 180 
6 25 48 52 77 84 188 
5 7 63 92 93 220 
7 45 85 113 115 116 139 160 
7 102 123 128 161 198 210 259 
7 43 48 62 64 82 122 224 
5 16 60 103 199 237 
5 43 66 109 190 247 
3 11 59 136 
3 97 122 184 
6 14 71 112 113 199 233 
7 19 37 56 135 172 187 189 
4 36 86 104 248 
12 7 15 18 46 62 82 98 118 143 212 229 245 
5 22 54 83 96 122 
6 52 58 79 181 189 247 
10 1 110 116 119 165 172 187 188 192 246 
6 15 19 68 126 227 252 
5 30 32 61 185 257 
4 102 122 182 216 
5 28 52 191 199 204 
7 38 79 99 151 166 203 220 
8 0 117 124 167 202 234 238 243 
3 26 30 146 
3 14 145 251 
9 7 18 70 73 81 99 144 251 257 
6 12 135 140 243 254 258 
7 26 40 45 66 119 224 230 
3 107 127 141 
11 1 39 77 84 136 157 162 164 167 233 259 
7 8 12 94 96 149 190 234 
5 36 89 94 220 234 
6 1 17 58 108 210 244 
15 20 40 57 61 71 74 88 117 121 141 159 172 194 234 244 
2 33 167 
4 31 92 165 228 
6 43 58 67 116 209 249 
7 30 38 131 172 228 231 234 
10 27 64 87 98 122 130 155 176 201 208 
4 30 63 112 156 
6 5 6 129 159 183 209 
5 32 52 77 152 250 
9 5 61 95 120 130 138 142 150 206 
5 42 97 139 202 216 
8 85 126 157 166 172 177 199 232 
5 50 174 200 210 246 
3 35 58 96 
8 81 99 100 134 151 158 173 259 
8 9 50 77 92 98 137 203 250 
8 58 84 93 110 133 201 202 221 
2 87 125 
7 0 83 102 108 109 117 237 
5 26 54 66 73 85 
9 0 85 96 112 159 174 198 239 255 
11 17 40 46 116 121 140 179 189 201 237 254 
4 0 3 86 92 
3 50 72 104 
7 23 30 38 199 215 230 244 
7 7 39 76 125 126 219 231 
5 26 54 74 126 167 
11 2 10 28 69 77 78 91 125 128 152 175 
9 37 80 91 110 151 170 177 191 220 
7 4 63 75 117 138 156 183 
4 58 104 108 178 
3 9 56 105 
2 10 136 
5 85 86 108 203 251 
10 27 60 73 80 167 183 192 218 250 259 
6 4 15 27 74 171 248 
4 4 55 56 194 
2 67 197 
6 4 39 55 71 78 218 
4 34 68 128 227 
5 38 63 73 165 242 
9 10 46 50 72 188 195 202 212 249 
6 72 116 204 210 212 233 
3 111 155 201 
6 29 44 76 141 186 255 
3 31 183 240 
7 16 37 81 88 161 215 258 
5 12 89 112 139 245 
4 12 148 153 155 
5 53 119 154 159 249 
7 57 76 88 91 178 233 239 
6 24 32 76 142 209 227 
5 41 74 86 164 169 
4 101 164 208 226 
9 35 64 78 105 117 148 149 155 215 
5 28 35 122 253 259 
2 212 235 
8 6 17 28 121 168 174 236 251 
9 25 28 41 61 79 100 216 244 247 
11 4 6 21 47 58 76 87 112 174 208 228 
4 38 132 179 184 
6 41 52 107 172 213 225 
5 67 134 152 156 236 
6 3 58 79 115 198 250 
9 30 34 39 44 63 113 166 177 181 
6 3 29 143 201 222 223 
4 47 199 232 244 
7 16 19 75 83 85 130 196 
5 42 69 83 84 247 
4 53 161 194 213 
6 2 18 29 85 97 237 
4 25 65 155 187 
4 63 67 125 195 
5 62 134 170 201 251 
6 3 15 118 202 216 259 
4 9 74 226 247 
7 1 15 72 120 131 190 239 
3 36 51 144 
6 1 33 54 90 150 210 
4 73 176 205 208 
3 67 87 212 
4 28 68 105 187 
4 51 79 159 202 
6 8 53 58 102 171 238 
4 10 67 109 149 
6 12 38 123 194 216 240 
6 13 50 135 168 180 206 
4 16 49 202 204 
5 3 48 164 191 242 
1 21 
5 12 20 106 112 237 
5 11 55 112 142 180 
2 67 136 
5 24 46 72 86 222 
6 6 66 85 120 173 228 
3 106 173 239 
3 0 107 202 
5 63 101 106 112 129 
7 4 64 87 120 191 196 203 
7 24 54 69 175 183 190 254 
2 72 257 
7 5 58 65 78 107 140 196 
2 28 237 
4 29 104 127 189 
3 54 195 206 
3 196 208 234 
5 13 54 110 111 146 
3 41 60 98 
3 46 69 122 
8 22 47 54 59 84 92 193 209 
2 115 144 
4 110 207 209 256 
4 86 131 199 235 
5 17 93 141 182 237 
9 5 36 41 58 62 69 119 204 235 
3 72 152 153 
7 18 70 78 115 117 191 193 
6 13 85 157 203 222 240 
2 63 137 
4 69 86 122 252 
2 88 108 
6 16 79 118 191 215 236 
5 25 144 149 193 259 
5 40 122 219 235 246 
4 44 171 228 258 
6 65 87 92 103 157 219 
6 12 34 118 195 208 237 
6 43 191 215 219 237 255 
2 102 245 
5 36 41 129 139 255 
3 26 41 99 
8 4 13 36 40 79 161 191 250 
6 32 55 134 157 222 231 
12 15 45 86 146 156 174 179 185 189 201 231 236 
5 9 41 92 198 206 
4 167 174 180 217 
4 58 94 127 143 
6 99 130 162 184 220 247 
4 125 156 159 163 
3 8 95 219 
4 29 78 121 192 
8 31 35 45 69 82 124 170 248 
3 0 70 224 
9 63 74 79 101 123 131 191 256 258 
11 47 68 74 99 132 140 145 154 224 231 236 
6 46 73 91 156 175 235 
5 12 45 100 145 172 
2 137 242 
5 67 144 162 192 221 
5 169 210 243 246 253 
7 1 63 111 117 137 163 184 
5 61 65 109 167 169 
8 0 29 57 70 100 136 207 237 
6 2 11 18 227 231 252 
6 38 99 100 114 138 223 
7 119 127 226 246 254 257 258 
0 
6 82 104 112 179 185 236 
6 44 68 116 132 143 218 
3 5 7 193 
4 0 92 96 216 
5 83 181 183 185 197 
5 27 46 56 86 195 
3 74 206 254 
5 24 123 151 175 190 
2 123 212 
7 6 10 30 52 200 202 231 
1 119 
3 111 133 213 
5 17 42 97 109 211 
9 60 62 117 152 182 237 242 249 253 
4 38 230 247 250 
3 52 82 229 
8 7 62 83 190 191 202 211 224 
3 12 69 124 
5 35 54 100 108 252 
8 7 13 47 55 56 58 62 163 
7 12 114 170 172 181 203 252 
7 115 120 179 191 202 215 257 
12 31 76 79 128 148 160 171 184 185 210 228 258 
2 47 141 
4 78 108 134 153 
4 12 103 143 175 
0 
4 98 146 205 228 
4 23 47 51 207 
5 57 58 82 116 124 
3 38 105 186 
6 10 41 70 181 207 213 
8 32 40 116 126 133 195 229 255 
3 37 93 199 
4 61 99 107 228 
7 21 66 73 92 121 189 229 
6 49 50 91 115 131 259 
5 42 177 211 233 235 
4 4 113 207 228 
5 51 79 157 213 221 
5 78 102 185 187 247 
2 169 201 
6 6 43 50 158 213 236 
7 20 51 104 182 201 213 237 
10 15 19 29 54 72 92 113 132 180 251 
