290 746
5 112 144 197 223 264 
5 66 67 106 149 168 
5 34 99 108 208 223 
3 5 130 181 
5 54 76 119 165 201 
7 3 26 44 91 124 198 216 
3 43 138 190 
2 162 180 
3 42 206 233 
5 73 149 207 285 286 
5 23 66 79 83 143 
3 51 58 250 
4 105 241 245 287 
3 16 61 85 
6 16 130 151 168 239 255 
5 25 54 185 241 274 
6 13 14 181 202 235 257 
7 24 51 97 124 153 259 279 
4 66 70 182 241 
7 44 52 55 92 103 233 263 
6 45 48 136 170 257 276 
5 52 76 88 197 227 
7 34 96 151 178 232 243 261 
3 10 45 188 
5 17 112 163 263 281 
3 15 91 226 
8 5 31 58 65 71 122 150 153 
3 74 168 238 
4 121 223 275 287 
2 107 265 
4 38 225 227 280 
9 26 41 46 101 125 140 155 254 288 
1 110 
6 126 131 198 200 267 282 
5 2 22 49 236 288 
6 57 62 71 225 234 288 
5 90 91 122 232 275 
7 39 58 81 129 180 188 227 
8 30 153 172 173 191 228 274 286 
6 37 123 175 191 197 263 
5 57 66 219 228 243 
7 31 50 104 115 190 200 262 
8 8 86 126 147 195 268 274 281 
3 6 147 269 
4 5 19 105 211 
6 20 23 53 61 73 262 
6 31 222 230 233 242 275 
3 113 143 221 
2 20 137 
9 34 68 87 140 141 203 237 242 267 
11 41 52 72 80 104 119 154 211 228 251 253 
5 11 17 111 272 285 
5 19 21 50 136 264 
8 45 131 139 153 177 185 201 287 
10 4 15 89 92 93 97 121 142 145 285 
4 19 201 209 269 
3 150 191 245 
7 35 40 77 96 153 158 180 
6 11 26 37 151 158 172 
4 116 119 214 224 
4 70 150 161 270 
7 13 45 97 139 148 220 236 
7 35 74 89 168 199 270 286 
3 168 232 268 
4 83 123 181 239 
3 26 142 264 
9 1 10 18 40 91 115 117 167 192 
1 1 
7 49 143 198 218 226 228 255 
1 193 
6 18 60 192 197 206 272 
3 26 35 89 
3 50 109 205 
7 9 45 162 201 222 230 249 
6 27 62 176 180 218 278 
4 137 157 224 284 
6 4 21 107 121 126 250 
2 57 116 
6 153 167 192 214 233 258 
4 10 104 129 233 
7 50 137 213 231 239 264 276 
4 37 118 178 267 
2 262 288 
4 10 64 142 267 
6 93 133 155 169 184 267 
6 13 171 189 198 205 236 
10 42 106 107 112 118 134 137 197 230 253 
8 49 99 131 154 208 257 264 269 
9 21 92 94 113 118 223 237 283 287 
3 54 62 71 
5 36 124 175 198 216 
8 5 25 36 66 151 166 271 275 
6 19 54 88 257 279 288 
7 54 84 149 173 215 228 239 
4 88 97 146 226 
3 118 137 252 
6 22 57 140 226 247 269 
7 17 54 61 94 106 195 250 
3 139 226 240 
4 2 87 139 278 
2 115 159 
4 31 184 229 275 
1 256 
7 19 171 205 215 249 262 270 
9 41 50 79 107 143 145 151 192 229 
3 12 44 242 
7 1 86 97 162 166 172 206 
5 29 76 86 104 159 
3 2 198 252 
7 72 115 128 152 197 263 286 
4 32 131 201 288 
3 51 198 220 
5 0 24 86 192 194 
4 47 88 193 219 
3 162 251 258 
7 41 66 100 109 118 188 206 
5 59 77 199 212 268 
4 66 168 185 262 
6 81 86 88 95 115 242 
3 4 50 59 
1 183 
6 28 54 76 192 219 261 
4 26 36 124 189 
5 39 64 130 212 285 
10 5 17 90 122 131 159 171 177 211 269 
4 31 156 185 199 
6 33 42 76 225 243 244 
4 149 170 232 238 
1 109 
6 37 79 135 195 204 283 
8 3 14 123 186 221 233 256 273 
7 33 53 87 110 124 232 276 
2 199 270 
3 84 177 239 
5 86 200 213 238 277 
5 129 157 217 240 246 
7 20 52 186 188 193 206 287 
8 48 75 80 86 95 219 263 289 
2 6 183 
7 53 61 98 99 192 199 244 
6 31 49 96 179 211 248 
4 49 156 257 284 
7 54 65 83 145 192 239 248 
6 10 47 68 104 260 270 
1 0 
8 54 104 142 216 230 248 255 285 
2 94 237 
5 42 43 214 236 244 
5 61 157 175 252 279 
6 1 9 93 127 154 283 
9 26 56 60 154 178 182 185 205 218 
7 14 22 58 91 104 164 254 
8 109 168 171 177 201 234 261 283 
7 17 26 38 53 57 78 280 
6 50 87 149 150 187 278 
4 31 84 245 261 
4 125 141 198 272 
4 75 135 148 213 
4 57 58 182 266 
7 100 107 124 195 238 277 278 
1 224 
5 60 229 258 260 262 
6 7 73 106 114 209 273 
4 24 228 241 244 
4 151 196 198 270 
2 4 280 
3 91 106 283 
4 66 78 219 228 
11 1 14 27 62 63 117 152 206 208 217 231 
1 84 
8 20 127 188 194 195 197 218 257 
6 85 103 124 152 172 236 
6 38 58 106 171 185 187 
3 38 93 176 
3 207 257 259 
6 39 90 148 180 252 285 
6 74 173 194 205 217 250 
7 53 124 133 152 272 286 289 
4 22 81 150 250 
3 140 226 282 
6 7 37 57 74 175 250 
5 3 16 64 191 207 
4 18 150 158 203 
5 120 138 239 244 253 
4 84 101 191 273 
8 15 53 117 125 150 172 191 226 
3 130 136 239 
4 154 172 199 286 
9 23 37 115 136 170 189 239 240 282 
6 85 122 188 238 266 274 
2 6 41 
8 38 39 56 181 184 185 247 258 
11 66 70 78 104 112 121 139 142 220 266 280 
3 69 113 136 
3 112 170 176 
8 42 97 129 159 170 228 232 283 
4 164 229 231 288 
9 0 21 39 70 86 109 170 264 279 
10 5 33 68 85 90 108 111 156 164 282 
7 62 116 125 132 139 187 246 
5 33 41 134 240 277 
8 4 53 55 73 110 152 211 247 
3 16 216 272 
4 49 182 238 250 
3 129 243 289 
5 72 85 103 150 176 
7 8 70 106 115 136 168 230 
3 9 174 181 
4 2 87 168 284 
3 55 162 242 
1 253 
6 44 50 124 140 201 285 
2 116 123 
3 80 134 157 
3 59 78 147 
3 93 103 239 
4 5 90 145 202 
4 135 168 176 222 
4 68 74 150 170 
6 40 113 121 137 167 232 
3 61 111 192 
3 47 130 256 
3 46 73 217 
6 0 2 28 88 224 266 
5 59 75 160 223 272 
3 30 35 126 
9 25 68 94 96 98 179 185 273 286 
4 21 30 37 275 
8 38 40 50 68 93 163 167 195 
7 101 104 161 196 255 259 284 
6 46 73 86 145 206 232 
4 80 168 196 278 
8 22 36 63 127 131 195 219 230 
7 8 19 46 78 79 130 272 
4 35 152 246 247 
1 16 
6 34 61 85 147 171 267 
4 49 88 146 271 
8 27 127 134 159 189 203 260 288 
14 14 64 80 93 133 142 183 186 188 215 240 241 264 285 
5 98 135 188 200 239 
5 12 15 18 163 239 
5 46 49 105 118 209 
6 22 40 126 204 267 288 
7 126 139 147 163 183 248 281 
5 12 56 155 274 286 
3 135 199 234 
9 96 191 201 234 250 263 268 282 284 
5 140 142 145 244 261 
3 73 103 261 
8 11 76 97 176 178 180 203 247 
3 50 114 286 
4 95 108 148 175 
5 50 86 183 210 277 
3 31 151 285 
4 14 68 145 229 
3 102 130 221 
8 16 20 87 92 141 170 174 282 
4 78 114 161 191 
3 17 174 229 
5 143 161 238 263 286 
6 22 121 152 155 248 249 
7 41 45 82 103 117 161 274 
7 19 24 39 109 137 247 260 
7 0 52 65 80 87 197 239 
2 29 280 
4 158 189 192 223 
7 33 49 81 83 84 236 243 
5 42 63 116 247 271 
6 43 55 87 96 124 289 
6 60 62 103 132 143 164 
3 91 237 268 
7 51 70 156 177 202 224 233 
4 130 162 184 226 
7 15 38 42 189 245 262 281 
6 28 36 46 91 101 227 
3 20 80 131 
4 134 159 200 253 
5 74 99 154 159 231 
4 17 92 148 197 
5 30 153 165 192 265 
4 24 42 244 274 
6 33 179 188 198 247 257 
6 88 129 149 152 166 195 
5 75 141 208 229 247 
9 9 51 54 123 145 175 211 239 254 
10 9 38 62 109 177 187 226 245 251 260 
5 12 28 53 88 136 
9 31 34 35 82 92 110 196 238 243 
4 137 177 204 269 
290 722
4 73 98 160 271 
5 24 145 172 191 270 
4 20 35 156 174 
7 51 67 103 217 234 250 279 
4 36 62 217 238 
10 56 64 122 203 209 212 258 265 280 285 
4 56 95 153 254 
3 22 218 278 
4 17 77 111 161 
6 28 121 141 193 245 262 
7 92 99 142 177 209 213 218 
1 263 
5 92 120 123 149 194 
7 25 31 122 225 236 240 255 
5 33 138 144 227 247 
8 128 135 187 208 213 215 218 284 
8 37 76 78 131 172 216 274 279 
4 8 133 147 173 
13 54 88 106 116 119 133 162 166 186 204 217 239 289 
2 142 266 
5 2 70 133 170 219 
6 44 84 163 204 263 266 
11 7 25 48 59 83 91 116 137 162 169 268 
4 46 213 243 267 
5 1 28 89 164 262 
11 13 22 35 60 70 78 82 90 146 228 270 
9 70 84 143 184 215 224 230 235 257 
6 28 159 185 195 231 269 
9 9 24 27 180 198 199 250 257 272 
6 98 102 117 162 228 275 
9 35 44 61 84 152 153 172 222 260 
6 13 143 162 168 169 177 
5 40 70 251 262 278 
11 14 69 84 108 149 165 206 211 230 269 279 
5 36 72 89 100 106 
4 2 25 30 42 
10 4 34 61 77 92 106 163 164 257 269 
5 16 128 226 263 287 
7 59 148 208 227 234 248 277 
5 96 117 135 162 258 
2 32 79 
2 128 268 
6 35 116 164 247 263 272 
5 52 84 93 171 248 
4 21 30 114 281 
1 221 
4 23 50 149 248 
6 83 189 196 203 213 276 
7 22 123 129 131 152 188 278 
2 135 249 
3 46 151 227 
5 3 86 121 227 283 
5 43 53 169 204 209 
6 52 63 143 198 204 257 
5 18 89 107 193 198 
7 107 151 169 207 238 239 245 
6 5 6 72 125 256 262 
5 128 151 181 228 234 
5 65 188 216 219 288 
7 22 38 92 112 157 204 209 
7 25 108 149 161 209 227 231 
6 30 36 83 183 235 288 
5 4 76 232 253 254 
5 53 139 172 204 270 
3 5 229 275 
3 58 84 103 
3 83 115 252 
5 3 97 133 164 214 
4 71 85 128 242 
4 33 90 139 168 
9 20 25 26 32 78 138 226 255 258 
2 68 260 
5 34 56 134 177 264 
3 0 115 143 
5 89 135 178 190 216 
4 112 187 214 265 
3 16 62 270 
3 8 36 111 
6 16 25 70 159 217 272 
4 40 113 179 247 
3 234 239 246 
3 112 120 127 
3 25 88 127 
7 22 47 61 66 111 214 225 
9 21 26 30 33 43 65 106 118 144 
3 68 273 289 
3 51 265 267 
5 112 144 180 215 270 
6 18 82 123 154 281 283 
7 24 34 54 74 177 196 214 
3 25 69 192 
6 22 94 118 139 241 279 
9 10 12 36 59 98 168 198 235 286 
8 43 103 132 184 188 206 224 287 
3 91 174 251 
8 6 116 157 166 204 234 239 276 
2 39 160 
3 67 127 224 
5 0 29 92 183 218 
5 10 118 120 155 210 
7 34 137 169 210 243 246 253 
4 199 237 241 280 
7 29 142 162 170 173 174 266 
3 3 65 93 
2 131 216 
6 168 173 180 184 208 211 
7 18 34 36 84 140 189 240 
3 54 55 262 
4 33 60 171 197 
8 128 131 155 189 207 246 258 282 
1 123 
5 8 77 83 277 287 
6 59 75 81 87 145 288 
4 79 184 261 282 
3 44 127 288 
4 66 73 139 210 
5 18 22 42 95 133 
5 29 39 151 166 195 
6 84 91 99 158 169 231 
4 18 195 203 265 
7 12 81 99 157 184 234 253 
5 9 51 161 173 244 
4 5 13 170 247 
5 12 48 88 110 165 
2 225 244 
3 56 137 162 
1 274 
5 81 82 97 114 263 
9 15 37 41 57 68 109 142 212 263 
2 48 257 
0 
6 16 48 104 109 242 257 
3 93 138 288 
6 17 18 20 67 116 259 
2 72 225 
8 15 39 49 74 165 173 263 285 
0 
5 22 100 125 182 227 
4 14 70 132 184 
6 63 69 91 115 182 225 
3 106 203 279 
3 9 194 215 
6 10 19 102 128 270 282 
6 26 31 53 73 217 254 
4 14 84 87 173 
6 1 112 178 209 255 274 
3 25 166 246 
1 17 
3 38 149 209 
8 12 33 46 60 148 218 229 230 
1 224 
7 50 55 57 117 178 186 239 
4 30 48 262 287 
3 6 30 280 
2 88 259 
4 99 109 195 205 
4 2 169 216 232 
8 59 95 120 209 252 256 263 286 
4 118 205 229 289 
2 27 78 
3 0 96 276 
6 8 60 121 182 234 238 
8 18 22 29 31 39 102 125 220 
2 21 36 
7 24 36 42 67 167 239 273 
5 33 123 135 186 209 
5 18 95 117 146 254 
3 164 218 287 
5 31 69 92 105 169 
10 22 31 52 55 100 118 156 168 233 271 
5 20 102 122 190 206 
2 43 108 
7 1 16 30 63 183 245 262 
8 17 102 105 121 135 144 184 223 
4 2 94 102 230 
2 199 240 
3 194 235 258 
5 10 31 72 89 285 
5 74 145 151 247 265 
2 79 234 
4 28 87 105 230 
2 57 289 
4 137 139 161 202 
7 61 98 172 185 193 210 282 
9 26 93 105 113 120 138 173 211 231 
4 27 183 225 285 
5 18 151 165 205 228 
2 15 75 
7 48 58 93 197 200 248 272 
5 47 106 109 246 276 
4 74 170 198 252 
1 1 
6 90 199 234 250 267 287 
4 9 54 183 263 
6 12 141 176 238 264 265 
7 27 117 119 155 219 247 257 
5 47 89 221 249 252 
5 108 188 228 241 282 
6 28 53 54 92 190 285 
6 28 101 175 192 231 262 
4 188 237 242 289 
3 239 252 268 
1 182 
5 5 47 119 140 251 
8 18 21 52 53 59 63 95 281 
5 155 158 186 227 271 
4 33 93 170 238 
3 55 109 238 
5 15 38 105 218 236 
9 5 10 52 59 60 145 148 157 165 
7 99 100 115 183 211 226 278 
4 33 105 184 210 
4 5 128 231 260 
5 10 15 23 47 260 
8 67 75 83 89 236 255 266 275 
5 15 26 87 141 222 
6 16 58 74 104 156 244 
7 3 4 18 78 143 250 284 
7 7 10 15 98 149 167 208 
3 20 58 195 
3 162 246 264 
4 45 196 253 265 
2 30 215 
2 173 288 
5 26 93 97 150 279 
8 13 83 124 134 139 185 243 282 
5 37 70 210 244 246 
8 14 38 50 51 60 137 205 280 
5 25 29 57 186 197 
5 64 149 158 237 266 
7 26 33 149 174 180 284 286 
7 27 60 118 184 199 212 263 
2 62 156 
1 169 
10 3 38 57 80 95 120 161 179 192 277 
4 26 61 92 176 
4 13 208 214 254 
3 101 200 229 
9 4 55 161 194 206 207 271 279 289 
7 18 55 80 95 151 164 201 
4 13 106 175 273 
5 91 101 197 266 282 
4 68 131 200 262 
4 23 100 225 274 
6 121 124 216 226 257 277 
3 9 55 172 
8 80 100 109 146 189 220 226 249 
8 14 42 79 122 178 195 260 278 
5 38 43 46 188 249 
4 49 196 246 248 
5 3 28 192 217 273 
3 32 94 203 
5 66 157 190 196 201 
5 62 100 120 221 254 
7 6 62 143 166 236 253 274 
4 13 70 145 214 
2 56 157 
8 26 28 36 53 129 131 195 244 
5 5 39 70 109 176 
3 133 154 287 
5 30 71 212 213 247 
3 113 273 277 
9 9 24 32 56 107 152 172 199 242 
11 11 21 37 42 127 128 135 157 193 231 269 
3 72 194 220 
7 5 75 86 119 178 194 221 
6 19 21 102 214 229 241 
3 23 86 192 
4 22 41 201 283 
4 27 33 36 263 
6 1 25 63 76 87 142 
4 0 169 205 238 
4 28 42 78 188 
6 85 164 240 250 261 282 
5 16 126 145 243 254 
3 29 64 214 
4 47 95 160 189 
5 38 111 234 244 261 
5 7 32 48 210 247 
7 3 16 33 91 140 224 238 
4 5 101 153 227 
3 44 88 204 
8 109 113 142 183 197 225 241 273 
3 51 88 268 
3 15 217 230 
5 5 135 177 185 198 
4 92 157 230 287 
8 37 93 111 152 167 192 259 286 
6 58 61 112 114 132 223 
6 18 85 158 181 200 238 
