360 937
3 112 264 354 
3 98 251 316 
4 68 83 151 276 
5 129 151 194 240 276 
6 30 48 95 128 202 330 
2 71 123 
3 24 42 185 
5 24 144 278 356 357 
5 22 65 78 82 142 
2 177 309 
3 100 142 216 
7 74 188 209 226 297 313 357 
4 39 170 226 259 
8 93 114 147 169 235 281 308 337 
6 98 118 176 180 292 351 
7 80 91 128 269 299 350 353 
7 98 132 219 238 282 306 318 
6 85 115 189 251 306 333 
3 46 75 268 
4 117 168 268 286 
8 21 156 224 251 258 264 315 343 
4 20 191 285 355 
4 8 162 264 316 
3 72 230 262 
9 6 7 114 188 193 248 272 287 302 
1 67 
7 119 124 191 193 260 275 297 
4 152 204 227 241 
6 64 73 127 182 214 324 
7 37 53 72 95 143 194 241 
8 4 108 109 127 164 210 222 309 
7 33 55 121 164 173 326 350 
4 78 218 228 290 
7 31 35 144 217 223 230 342 
3 139 220 326 
4 33 88 96 297 
6 177 185 188 197 230 310 
2 29 96 
6 103 122 175 272 302 354 
8 12 58 73 165 182 205 207 303 
3 145 158 246 
7 159 167 213 229 315 355 356 
6 6 43 67 88 91 231 
4 42 73 133 288 
5 91 110 167 172 194 
5 82 89 103 277 280 
5 18 147 227 238 347 
6 90 132 141 213 229 309 
6 4 77 108 179 195 303 
5 57 93 173 231 289 
4 107 229 305 355 
1 72 
5 159 214 242 244 271 
3 29 346 355 
1 151 
4 31 84 180 353 
5 89 137 279 283 321 
6 49 79 152 239 349 354 
2 39 177 
5 203 217 264 283 308 
4 65 90 194 307 
8 85 103 111 136 148 198 258 347 
3 252 278 338 
5 167 198 238 274 289 
13 28 77 185 203 212 219 250 323 324 329 335 351 354 
5 8 60 120 153 224 
10 89 96 101 125 127 151 256 270 316 320 
5 25 42 264 338 356 
3 2 213 318 
4 233 242 299 323 
5 76 89 100 153 282 
4 5 80 99 214 
8 23 29 51 94 137 166 255 310 
5 28 39 43 205 294 
3 11 148 174 
3 18 192 238 
8 70 224 258 268 302 315 323 345 
7 48 64 99 101 107 148 185 
6 8 32 101 204 208 214 
3 57 103 323 
7 15 71 98 141 178 223 336 
3 128 215 325 
4 8 45 197 199 
6 2 98 124 242 331 338 
4 55 167 185 351 
6 17 61 90 146 218 312 
1 190 
1 198 
6 35 42 104 173 203 268 
12 45 56 66 70 105 187 260 271 299 311 317 351 
4 47 60 85 220 
9 15 42 44 155 173 174 241 262 330 
2 341 350 
6 13 49 163 272 295 312 
4 72 164 208 288 
4 4 29 220 336 
8 35 37 66 111 184 244 267 273 
6 104 106 111 289 333 359 
8 1 14 16 80 83 302 309 354 
5 71 77 210 247 303 
5 10 70 145 227 283 
4 66 77 78 183 
4 185 203 210 335 
8 38 45 61 79 198 228 282 300 
10 88 97 149 164 293 303 327 331 334 354 
4 89 113 197 341 
5 97 118 151 200 333 
6 50 77 123 214 315 331 
4 30 48 150 224 
5 30 147 231 290 333 
5 44 123 124 199 332 
10 61 96 97 113 115 117 191 255 336 352 
3 0 182 256 
5 105 111 144 270 337 
6 13 24 191 193 202 216 
9 17 111 168 174 175 177 198 270 334 
2 157 264 
7 19 111 168 218 220 255 327 
8 14 106 141 152 164 197 345 348 
3 26 180 322 
3 65 225 328 
4 31 232 237 246 
4 38 134 156 307 
9 5 107 110 133 220 224 274 275 317 
7 26 83 110 138 166 174 355 
4 66 180 226 240 
4 240 244 295 336 
6 28 30 66 161 244 338 
8 4 15 81 161 244 281 303 339 
5 3 165 221 273 285 
2 134 288 
2 277 315 
4 16 47 178 288 
3 43 123 318 
3 122 130 221 
2 148 309 
4 61 187 229 300 
3 56 72 219 
6 124 150 154 179 186 290 
5 34 177 206 207 334 
6 171 211 239 241 242 265 
8 47 80 118 240 261 266 336 348 
6 8 10 180 198 212 272 
3 29 222 265 
7 7 33 113 146 217 240 283 
4 40 100 245 322 
3 85 144 320 
4 13 46 109 170 
8 61 74 77 135 232 259 278 357 
4 104 184 199 338 
4 108 138 292 308 
9 2 3 54 66 106 250 283 312 354 
6 27 57 118 173 328 349 
4 65 70 245 253 
9 138 187 193 196 242 249 264 269 323 
3 91 158 216 
3 20 122 164 
6 116 158 218 238 298 332 
4 40 155 157 328 
6 41 52 221 241 293 345 
3 163 272 279 
3 127 128 191 
2 22 326 
7 93 160 236 264 267 293 338 
8 30 31 94 104 118 156 250 347 
6 39 129 256 267 271 339 
3 72 124 340 
6 41 44 63 84 323 330 
12 19 115 117 191 212 217 219 222 288 314 353 355 
2 13 303 
6 12 147 177 303 317 343 
4 140 307 341 359 
11 44 182 185 199 228 232 252 270 283 305 355 
6 31 49 88 91 152 292 
5 74 91 115 124 304 
5 38 115 183 220 269 
5 14 179 219 298 339 
15 9 36 58 115 139 170 216 219 245 268 279 303 311 336 357 
5 80 132 201 307 351 
4 48 138 176 338 
8 14 55 119 125 142 189 213 239 
4 197 295 332 357 
9 28 39 112 172 190 198 202 210 266 
5 101 175 214 277 291 
8 96 149 247 256 262 267 289 322 
11 6 36 64 77 84 102 172 279 305 315 351 
2 138 216 
9 89 136 154 216 234 235 286 293 308 
8 11 24 36 223 227 242 287 353 
6 17 180 249 258 275 298 
6 86 182 197 217 267 305 
9 21 26 111 114 161 168 278 303 312 
3 75 265 295 
6 24 26 114 154 310 337 
10 3 29 44 60 219 234 258 299 315 356 
8 48 216 255 265 313 330 341 347 
1 154 
7 36 82 105 118 181 190 212 
7 61 63 87 103 115 142 182 
7 82 110 149 172 265 266 359 
3 106 212 323 
5 178 263 300 324 347 
6 4 114 182 279 339 358 
8 59 64 88 102 209 223 321 342 
4 27 78 205 232 
4 39 73 204 244 
1 139 
3 39 139 236 
4 78 94 225 320 
5 11 203 218 301 326 
7 30 99 102 182 235 244 322 
1 140 
6 64 142 168 197 200 215 
5 41 47 68 180 236 
8 28 52 71 78 107 183 275 347 
2 81 212 
9 10 114 155 177 186 187 195 258 335 
7 33 59 144 168 190 299 306 
7 32 85 117 157 209 245 339 
10 16 64 137 168 176 177 194 222 258 348 
7 34 90 95 117 123 175 306 
4 129 134 159 282 
5 30 143 168 219 286 
7 33 80 188 203 226 323 358 
6 20 65 76 108 123 329 
4 120 208 251 258 
6 11 12 125 223 241 281 
6 27 46 100 188 239 319 
6 32 103 172 243 249 302 
7 41 47 50 136 239 257 348 
3 23 33 36 
6 42 49 109 278 296 334 
8 121 148 172 204 238 239 305 358 
1 69 
4 187 194 238 342 
6 13 187 210 241 271 324 
4 163 207 213 263 
4 121 264 292 295 
10 16 46 63 75 157 232 234 243 277 297 
8 57 140 180 227 229 232 269 274 
8 3 125 126 141 144 283 324 336 
9 27 29 91 140 159 226 235 284 288 
7 52 69 83 140 154 188 351 
3 228 238 287 
7 52 96 126 127 128 205 210 
7 145 153 177 218 282 303 304 
4 40 121 302 335 
3 99 184 255 
1 24 
5 154 189 228 284 330 
5 64 151 164 254 273 
4 1 17 20 225 
4 62 172 261 293 
2 153 324 
2 250 286 
6 72 111 117 195 247 299 
7 66 112 165 184 274 288 331 
2 229 343 
8 20 61 76 189 194 216 219 225 
3 12 148 288 
3 26 89 318 
3 141 252 280 
6 23 91 184 271 300 303 
2 201 236 
10 0 20 22 59 67 116 154 163 237 332 
6 140 143 192 195 199 329 
4 141 182 199 279 
7 96 163 165 184 190 274 341 
6 18 19 76 88 177 278 
5 15 154 175 239 349 
5 66 113 115 172 306 
7 52 89 165 235 262 273 299 
6 24 38 93 142 160 322 
5 96 129 250 271 311 
6 63 123 239 256 267 304 
4 26 123 189 214 
3 2 3 355 
4 45 131 183 238 
6 7 62 148 191 231 268 
6 56 160 177 185 202 266 
3 45 261 345 
4 13 128 226 325 
7 16 70 103 221 245 303 354 
8 56 59 100 144 151 172 240 344 
2 241 249 
2 21 129 
4 19 187 222 254 
6 24 188 243 314 319 326 
11 43 94 130 132 168 241 256 259 329 337 344 
4 49 63 97 184 
3 32 109 138 
2 183 344 
4 14 150 173 237 
5 104 159 163 187 252 
2 73 336 
5 93 126 181 192 237 
3 231 312 323 
5 11 26 35 238 359 
3 157 176 189 
7 15 69 89 194 217 255 271 
4 103 136 201 262 
1 209 
6 24 38 76 98 228 246 
12 39 48 99 104 128 169 170 177 191 245 262 282 
4 174 245 274 328 
5 50 172 185 190 232 
5 16 17 217 220 270 
5 60 122 171 178 348 
5 13 59 150 187 346 
5 9 30 47 98 135 
5 36 72 193 315 350 
3 89 177 273 
5 85 93 151 191 296 
4 11 195 318 349 
2 168 287 
8 20 41 76 107 131 185 194 310 
5 1 22 66 344 346 
3 89 123 170 
6 16 68 133 260 313 357 
4 227 287 336 354 
3 66 146 208 
2 56 203 
5 119 145 184 210 272 
9 64 69 76 79 154 167 200 223 296 
7 28 64 201 235 240 253 346 
2 81 281 
5 31 34 162 209 287 
3 104 117 347 
4 120 152 158 304 
4 64 224 265 288 
5 4 91 167 195 249 
4 83 104 107 256 
5 110 157 181 264 349 
4 17 97 106 109 
6 104 115 139 231 336 352 
4 64 102 216 246 
10 80 95 111 126 141 177 240 294 319 334 
5 13 113 193 288 353 
7 62 67 83 127 149 163 179 
6 128 165 176 202 218 342 
1 166 
6 92 105 171 195 267 342 
5 33 203 234 339 341 
3 20 170 257 
5 283 288 291 316 345 
5 76 118 159 280 344 
4 53 308 316 324 
8 46 61 164 195 201 214 327 348 
6 118 141 219 229 307 347 
5 57 152 269 313 332 
4 15 31 92 310 
7 14 64 84 89 178 185 242 
3 111 334 359 
5 15 55 168 188 337 
9 0 38 57 64 98 104 151 282 319 
8 21 41 50 53 124 168 172 276 
4 7 41 67 194 
6 7 11 148 177 181 318 
3 202 223 232 
5 97 171 199 297 352 
360 866
7 15 78 160 237 296 337 346 
6 26 56 61 98 175 334 
4 74 224 259 351 
8 30 85 201 233 274 307 310 317 
8 96 177 226 246 254 257 258 350 
0 
8 100 105 112 116 140 143 255 304 
3 207 297 323 
7 83 86 110 144 201 213 237 
2 249 284 
5 78 150 227 248 268 
4 81 106 177 273 
4 116 131 160 294 
5 21 155 163 286 313 
5 18 37 113 125 196 
5 0 22 106 331 350 
1 64 
5 22 173 213 283 334 
1 14 
1 162 
3 100 315 323 
5 13 75 97 299 344 
4 15 17 115 263 
4 97 173 236 257 
4 136 217 254 318 
4 164 210 264 344 
2 1 257 
5 85 86 219 311 319 
3 41 201 355 
4 139 209 219 316 
8 3 34 159 202 206 213 286 310 
2 42 322 
2 47 160 
1 104 
4 30 41 127 199 
4 59 97 135 151 
3 102 157 318 
5 14 79 120 228 251 
4 69 142 160 239 
4 191 211 300 325 
6 112 132 230 290 313 336 
5 28 34 193 241 339 
7 31 52 73 127 269 320 337 
8 113 183 209 210 258 286 296 353 
4 66 150 321 352 
4 102 192 205 221 
3 64 253 303 
4 32 134 301 353 
6 150 179 255 306 325 345 
3 151 229 263 
3 126 201 213 
5 61 117 184 209 307 
5 42 78 107 186 221 
4 97 181 301 319 
5 97 138 181 239 267 
4 95 113 228 320 
6 1 72 245 288 292 337 
2 164 253 
7 74 114 127 193 318 341 351 
3 35 155 213 
3 207 216 327 
4 1 51 108 185 
5 87 161 233 343 358 
4 70 179 247 251 
9 16 46 66 92 137 180 246 260 317 
6 74 124 170 227 261 278 
5 44 64 84 183 268 
2 188 358 
5 94 154 175 202 310 
4 38 73 118 333 
5 63 135 162 183 214 
5 75 237 275 329 356 
7 56 76 110 214 215 224 277 
9 42 69 138 213 272 289 300 303 335 
8 2 58 65 134 151 265 275 344 
6 21 71 235 238 278 351 
5 72 138 223 241 353 
3 144 326 328 
5 0 10 52 79 342 
10 37 78 101 128 179 203 251 291 297 331 
3 263 295 346 
6 11 217 250 263 305 337 
4 222 245 273 354 
7 8 128 181 200 222 297 340 
3 66 223 303 
8 3 27 153 177 210 242 285 321 
4 8 27 145 312 
5 62 163 325 335 340 
3 180 253 355 
3 197 280 328 
3 187 241 277 
4 112 240 271 307 
5 64 127 277 326 345 
3 94 119 335 
4 68 93 183 198 
4 55 168 235 251 
5 4 102 142 247 326 
8 21 23 35 53 54 124 157 314 
7 1 103 109 119 270 327 329 
1 280 
4 6 20 233 258 
4 79 142 160 220 
4 36 45 96 116 
3 98 148 353 
2 33 202 
5 6 123 197 217 346 
4 11 15 156 309 
4 52 193 321 337 
6 61 168 275 295 313 346 
4 98 156 273 291 
5 8 72 190 264 265 
5 144 156 295 338 356 
5 6 40 91 264 285 
3 14 43 55 
2 58 236 
5 22 136 257 317 326 
10 6 12 102 133 138 146 159 172 301 317 
9 51 139 146 154 187 254 275 329 332 
5 69 160 224 289 307 
5 93 98 219 256 313 
4 37 145 158 245 
1 335 
5 151 191 240 323 338 
5 105 126 158 162 242 
5 65 97 221 294 356 
4 14 133 157 280 
5 50 123 174 180 279 
7 34 42 58 92 220 225 253 
5 79 83 143 196 306 
3 218 239 265 
2 311 313 
1 12 
2 40 237 
9 116 125 149 207 213 218 259 331 344 
6 47 74 233 235 258 289 
2 35 70 
7 24 115 149 161 199 249 343 
2 64 346 
5 54 73 76 116 336 
5 29 117 189 237 348 
4 6 153 325 352 
4 150 227 270 293 
6 38 96 101 221 237 347 
5 6 128 209 255 299 
5 8 77 111 198 323 
4 86 120 147 189 
4 116 117 278 308 
2 145 274 
5 103 189 202 228 239 
6 133 136 185 215 257 342 
9 10 44 48 141 184 215 229 238 256 
7 35 49 74 122 168 287 355 
4 248 263 293 297 
4 85 140 234 351 
5 68 117 160 181 280 
4 13 59 246 336 
8 106 109 111 161 213 266 310 352 
3 36 97 125 
6 120 123 163 207 269 311 
4 30 116 249 283 
12 0 12 32 38 101 118 154 208 279 309 325 352 
5 62 136 156 322 351 
7 19 70 123 224 248 278 344 
6 13 87 158 203 249 251 
4 25 57 312 327 
3 200 251 313 
4 179 180 184 233 
1 319 
5 95 108 151 169 324 
4 168 180 193 305 
5 65 176 275 334 340 
7 216 220 239 256 283 295 343 
4 116 202 312 314 
7 17 23 187 247 285 343 351 
3 126 187 221 
3 1 68 288 
5 170 186 276 325 358 
8 4 11 85 260 295 317 339 351 
3 283 291 332 
4 48 63 79 166 
7 64 88 126 166 169 241 293 
6 53 54 83 154 231 276 
2 222 297 
7 43 66 70 94 283 320 341 
6 51 150 166 188 198 232 
5 61 149 225 234 327 
8 52 176 191 218 223 242 314 337 
7 90 117 173 174 205 266 329 
7 67 184 198 220 281 329 332 
4 139 145 148 218 
4 110 220 295 296 
6 39 122 186 260 306 347 
3 45 283 309 
11 41 58 107 169 219 220 233 283 297 334 359 
1 250 
3 202 222 307 
4 14 128 225 247 
4 89 105 227 247 
8 94 144 184 188 248 261 323 336 
4 34 136 209 296 
4 83 165 258 291 
8 3 8 28 50 212 266 269 305 
9 30 68 104 148 172 195 207 235 327 
3 79 163 289 
2 233 235 
3 45 187 254 
3 30 230 357 
9 7 60 133 158 202 254 295 334 348 
4 160 251 276 340 
7 29 43 51 143 199 303 340 
6 25 43 85 234 285 302 
3 39 306 351 
2 201 239 
8 8 17 30 50 59 73 133 156 
2 70 72 
5 72 149 150 240 283 
4 60 171 327 334 
4 24 81 105 263 
5 129 133 186 189 268 
5 27 29 119 193 275 
7 101 127 171 188 190 193 229 
6 45 52 124 142 174 273 
6 82 83 182 195 245 257 
3 76 84 186 
5 2 72 118 162 313 
3 127 185 196 
4 4 292 329 357 
4 10 65 141 197 
3 37 55 148 
7 49 150 220 238 267 282 310 
5 40 206 236 243 310 
5 181 267 296 330 343 
3 184 306 352 
10 3 62 100 134 166 193 204 272 289 337 
5 153 185 210 237 252 
7 75 95 134 202 204 299 312 
4 23 114 230 294 
10 0 8 71 132 139 142 234 279 290 312 
5 75 150 229 281 353 
9 38 54 129 148 171 212 265 307 344 
6 91 122 215 255 262 308 
5 41 76 90 180 300 
4 85 123 186 243 
2 230 242 
1 277 
5 56 82 120 222 348 
3 4 64 155 
6 63 96 173 196 197 337 
4 10 152 162 198 
5 9 136 159 163 309 
3 81 194 348 
9 37 63 79 95 163 165 208 288 309 
4 234 285 321 348 
4 46 57 88 127 
5 4 24 117 205 207 
4 6 48 143 240 
5 119 150 171 288 351 
8 4 23 26 115 149 222 278 321 
5 4 43 100 134 200 
3 2 133 340 
3 64 177 191 
5 65 198 270 292 346 
1 240 
6 22 49 80 81 152 217 
4 25 110 112 292 
7 74 110 129 239 285 315 336 
6 156 187 201 309 345 350 
3 54 229 231 
3 10 66 218 
4 42 158 201 356 
7 98 141 261 280 304 306 343 
4 91 291 292 344 
2 73 233 
4 11 82 109 221 
3 3 147 296 
7 71 74 108 117 170 219 327 
4 176 181 208 341 
7 72 90 92 244 289 301 348 
5 65 75 146 162 257 
7 126 160 237 304 310 330 347 
6 89 99 125 154 270 292 
4 188 238 324 353 
3 229 292 330 
8 17 159 171 178 183 192 193 215 
1 9 
8 85 112 173 210 252 265 295 357 
4 13 30 43 299 
1 151 
4 56 175 251 256 
8 73 118 134 203 233 277 309 327 
3 40 237 304 
6 79 109 178 200 271 305 
8 56 226 261 264 271 280 282 338 
5 141 152 180 324 348 
4 12 124 236 345 
9 80 108 111 171 177 190 207 285 304 
8 0 43 190 199 231 274 335 350 
6 7 79 83 152 182 193 
1 356 
5 21 143 235 286 315 
3 39 73 241 
5 47 53 116 277 341 
3 210 304 323 
5 46 73 84 209 309 
6 6 270 279 290 295 302 
7 81 169 201 291 321 328 337 
6 48 128 191 211 232 270 
6 3 51 91 118 195 239 
4 146 240 311 312 
8 106 160 192 249 251 266 289 303 
8 3 30 68 156 229 230 279 351 
4 27 130 158 308 
6 86 164 172 235 237 308 
7 13 40 108 119 130 165 224 
4 97 172 186 346 
3 20 265 299 
1 29 
5 3 64 115 116 177 
3 24 36 58 
3 27 53 167 
3 42 55 183 
6 44 85 107 252 257 305 
2 31 161 
7 7 20 122 144 198 302 331 
5 168 281 293 333 336 
8 39 48 87 140 160 176 327 330 
4 77 92 96 115 
9 60 98 164 185 202 216 275 289 325 
4 77 89 305 347 
7 71 98 117 187 188 226 331 
4 231 279 282 325 
6 15 79 133 323 329 350 
3 117 178 188 
2 69 324 
7 1 17 170 193 207 216 342 
5 73 87 93 121 296 
6 40 138 155 198 265 324 
10 0 42 56 81 107 186 233 247 305 341 
3 111 122 292 
2 41 177 
6 83 87 170 208 209 259 
5 58 183 276 301 337 
3 78 149 334 
6 62 136 171 173 231 270 
7 21 25 74 133 162 239 271 
4 48 92 266 294 
8 0 80 105 108 137 261 314 358 
4 142 191 279 328 
7 139 207 245 250 252 277 293 
0 
5 4 15 266 296 331 
10 2 58 75 153 161 173 177 211 256 310 
5 44 140 156 160 232 
7 43 47 76 103 238 281 359 
1 82 
3 28 88 151 
5 71 111 124 269 298 
4 206 226 285 359 
4 62 67 176 346 
3 193 353 357 
