370 963
3 112 264 354 
3 88 241 306 
4 48 63 131 256 
6 99 121 164 210 246 355 
5 8 55 88 162 290 
4 21 73 327 345 
1 125 
8 74 208 286 287 303 346 359 363 
2 4 62 
3 87 219 359 
3 42 116 322 
7 78 99 116 187 203 247 276 
5 50 106 139 319 340 
8 17 39 105 151 178 207 313 333 
7 36 40 152 211 284 295 332 
6 119 149 200 203 291 325 
7 59 78 122 146 158 267 297 
7 13 19 81 136 163 217 246 
3 88 277 328 
5 17 78 96 170 305 
7 24 51 58 64 115 143 329 
4 5 75 145 289 
3 44 96 346 
5 32 219 293 298 353 
5 20 32 47 62 161 
6 202 207 274 276 343 358 
4 37 224 299 313 
5 125 134 188 243 275 
8 44 87 103 122 145 193 244 291 
7 147 148 166 203 249 261 348 
6 61 83 149 192 201 354 
5 40 95 235 245 307 
6 23 24 150 223 236 348 
3 134 215 321 
3 72 80 281 
6 150 158 161 170 203 283 
2 14 58 
8 26 73 126 223 253 305 329 344 
5 105 122 145 147 243 
4 13 74 87 175 
13 14 31 77 85 131 147 233 273 274 278 302 323 326 
2 296 356 
4 10 184 302 321 
6 52 57 79 281 288 302 
5 22 28 151 154 334 
6 90 101 210 265 307 316 
6 65 81 161 271 342 358 
5 24 144 208 244 324 
5 2 61 119 246 368 
3 124 174 199 
5 12 274 329 357 359 
2 20 68 
4 43 132 141 242 
2 163 259 
4 117 204 346 350 
5 4 74 134 207 294 
3 91 96 220 
6 43 234 248 295 314 339 
6 20 36 84 109 213 326 
9 16 92 110 118 143 155 205 265 354 
3 247 273 333 
8 30 48 150 181 221 257 272 355 
13 8 24 156 174 183 190 221 294 295 300 306 322 325 
6 2 79 112 183 341 353 
7 20 72 74 203 217 263 267 
4 46 199 273 291 
2 136 241 
7 144 153 210 234 276 300 353 
4 51 181 267 286 
4 101 268 311 340 
3 130 185 366 
3 157 296 322 
3 34 64 327 
4 5 37 77 346 
15 7 39 55 64 85 95 129 142 150 172 208 210 216 257 294 
5 21 197 300 304 310 
1 186 
7 40 73 114 168 211 248 293 
6 11 16 19 115 185 272 
5 43 63 92 241 243 
6 34 129 155 273 362 369 
4 17 46 185 203 
4 95 151 223 317 
2 30 182 
3 58 177 354 
6 40 74 139 169 234 341 
7 140 213 224 252 264 270 304 
5 9 28 39 160 363 
8 1 4 18 100 101 168 189 257 
3 255 264 343 
5 45 173 196 213 330 
2 56 96 
5 59 79 95 211 249 
6 106 129 135 228 230 235 
3 138 182 208 
8 31 74 82 92 138 145 190 343 
8 19 22 56 91 126 227 309 365 
1 251 
3 239 257 264 
6 3 11 119 268 322 340 
8 88 175 190 319 329 353 357 360 
7 45 69 88 112 125 209 353 
4 116 149 198 331 
5 28 107 198 299 315 
3 120 194 367 
7 13 38 187 246 289 328 329 
7 12 93 141 274 303 305 307 
6 103 119 183 264 280 357 
2 170 304 
7 58 170 237 336 338 347 361 
6 59 298 304 305 307 328 
3 142 206 272 
8 0 63 101 122 268 318 320 355 
5 171 226 237 249 282 
4 77 175 178 250 
4 20 78 138 280 
7 10 11 102 130 272 277 286 
4 54 159 181 332 
6 59 230 234 284 285 327 
8 15 48 99 107 133 161 169 350 
4 104 160 206 220 
6 3 205 209 260 301 358 
7 16 28 38 112 194 288 342 
5 179 216 238 274 330 
5 49 141 193 205 283 
4 6 27 101 193 
5 37 96 167 205 295 
1 163 
2 178 306 
4 74 80 93 217 
6 70 116 139 240 282 353 
3 2 40 256 
5 52 171 200 207 311 
4 119 182 212 339 
9 27 33 55 160 200 228 230 231 254 
6 93 213 234 239 309 321 
6 17 66 137 155 169 229 
4 136 163 206 302 
6 94 95 115 142 165 208 
5 12 85 130 154 231 
3 86 213 275 
6 52 106 124 320 347 366 
6 74 111 138 218 255 270 
5 20 59 183 346 362 
5 47 67 287 320 349 
8 21 28 38 95 167 193 348 369 
3 16 248 256 
12 29 38 40 173 179 182 228 235 250 255 309 348 
3 29 185 336 
4 15 30 102 312 
8 32 35 61 74 153 173 233 267 
6 13 44 82 246 339 359 
4 14 194 246 263 
5 67 150 156 163 273 
2 44 139 
8 59 80 136 176 282 310 313 339 
4 62 153 171 278 
6 71 163 266 277 281 349 
3 16 35 332 
4 117 297 304 356 
11 87 120 134 168 173 175 178 244 270 309 311 
6 24 35 46 119 241 304 
4 4 223 237 263 
16 17 53 127 137 153 157 209 243 261 271 274 288 317 321 341 359 
5 3 167 189 239 362 
2 138 355 
4 29 215 252 301 
7 126 145 164 192 232 311 352 
12 77 88 160 210 213 239 262 273 297 305 330 351 
5 85 119 136 176 326 
7 19 35 108 109 294 324 348 
5 113 132 156 176 312 
9 74 213 250 275 285 293 297 305 361 
7 90 147 150 160 289 352 366 
7 49 62 302 311 317 322 344 
8 39 100 114 160 183 314 340 350 
5 155 169 171 193 231 
7 84 211 229 230 281 288 303 
9 13 114 128 160 198 202 217 262 328 
7 123 147 204 213 230 321 341 
2 202 240 
7 61 68 117 193 218 227 347 
5 83 94 133 147 190 
11 62 63 107 143 175 185 259 274 298 339 355 
9 42 211 235 274 284 332 349 360 366 
5 70 78 81 148 183 
2 76 189 
2 11 105 
5 27 200 201 294 306 
5 88 164 186 237 335 
8 62 95 100 182 193 217 240 329 
5 211 230 237 251 349 
4 30 167 193 238 
9 28 124 125 145 176 181 190 192 228 
4 104 122 152 350 
1 316 
4 90 238 286 369 
5 75 222 280 289 367 
3 102 103 178 
3 49 65 214 
5 15 132 134 188 212 
4 30 188 228 300 
4 25 178 180 331 
9 11 15 29 35 64 81 242 348 355 
4 54 179 270 364 
7 59 121 124 126 223 259 349 
4 111 120 137 283 
5 13 25 55 132 235 
7 7 47 74 94 138 215 291 
6 101 121 163 228 263 369 
7 3 45 67 74 168 266 273 
9 14 77 92 177 184 191 231 271 361 
5 133 200 284 339 345 
11 58 86 90 135 140 168 172 179 242 309 327 
2 199 263 
6 33 166 208 296 314 352 
6 74 123 230 231 297 350 
6 17 64 129 178 190 329 
5 142 181 282 305 335 
4 9 23 238 300 
5 56 120 274 302 305 
5 61 62 226 260 280 
4 197 225 230 358 
9 32 37 82 162 205 253 265 331 335 
2 26 86 
3 222 226 278 
4 113 221 225 359 
5 96 181 238 239 350 
8 93 134 147 193 201 209 242 274 
2 136 177 
12 93 118 134 177 179 191 216 222 245 291 324 343 
5 134 139 176 211 216 
2 167 303 
3 40 150 304 
7 57 67 85 118 135 236 353 
8 31 93 147 184 207 297 311 354 
3 32 234 335 
6 109 113 162 189 191 349 
6 123 192 196 219 227 347 
7 98 135 164 168 227 277 365 
5 130 180 190 265 268 
5 1 66 79 161 360 
6 52 203 213 228 324 367 
5 27 38 79 163 328 
5 28 47 160 270 298 
3 31 230 335 
9 3 17 48 105 151 152 258 313 339 
3 11 60 327 
5 57 77 146 281 359 
3 29 92 113 
4 114 147 172 338 
2 97 191 
2 86 166 
4 37 223 299 357 
3 134 297 348 
4 89 142 147 300 
3 2 131 146 
7 61 74 88 98 339 344 351 
4 246 314 322 329 
3 53 183 205 
3 121 221 317 
2 29 163 
2 168 178 
7 64 152 162 209 214 289 300 
6 0 86 89 98 107 293 
4 45 59 223 240 
2 157 210 
5 16 64 68 150 359 
4 69 99 112 240 
1 337 
7 86 142 160 204 244 287 355 
4 46 163 211 292 
6 61 78 111 116 304 335 
9 40 60 65 80 153 168 210 366 368 
11 25 40 50 106 123 163 183 184 220 228 367 
5 27 140 172 292 310 
3 11 25 67 
5 18 116 157 239 302 
4 40 156 225 311 
1 368 
6 107 115 197 221 317 333 
7 34 43 157 177 248 315 345 
6 113 130 155 218 295 346 
4 35 124 206 358 
5 14 118 184 212 309 
3 118 172 288 
6 7 68 116 196 287 364 
5 7 144 270 286 341 
8 43 122 163 177 285 301 310 348 
8 21 105 173 197 263 298 303 340 
2 4 338 
5 15 28 65 208 230 
3 271 275 342 
5 23 77 172 264 363 
5 55 62 74 170 188 
6 14 57 62 126 282 364 
4 41 71 215 326 
8 16 159 168 172 216 235 254 346 
7 23 110 183 244 289 310 365 
3 26 103 253 
8 62 67 75 201 219 255 263 342 
5 121 166 288 306 347 
9 40 42 43 137 174 220 277 313 316 
5 7 106 177 232 289 
9 75 86 108 110 159 161 233 272 326 
9 19 37 106 110 168 172 218 220 343 
10 1 62 128 188 301 329 349 357 360 361 
4 31 45 106 110 
1 330 
6 96 135 147 160 213 284 
5 75 155 275 288 298 
7 69 132 160 167 174 235 278 
2 149 171 
5 13 26 155 246 302 
4 57 175 215 258 
2 103 281 
7 45 195 302 335 340 347 351 
7 82 163 174 260 280 323 326 
1 112 
3 12 100 337 
4 112 141 144 337 
5 33 42 135 163 179 
6 10 62 71 99 174 258 
2 40 317 
4 47 170 230 242 
3 15 62 362 
6 40 58 169 296 304 317 
6 5 72 118 213 247 367 
6 18 105 110 178 243 352 
9 20 37 50 100 105 190 217 258 306 
4 90 123 168 308 
5 102 202 223 346 349 
5 14 117 158 184 336 
4 13 60 280 334 
4 44 333 356 368 
8 189 218 223 236 245 272 316 358 
3 109 148 332 
3 269 319 320 
3 109 250 290 
8 57 133 151 155 183 212 246 257 
6 12 69 99 175 289 316 
5 63 85 163 179 287 
4 46 122 292 300 
5 25 89 95 230 305 
3 37 174 257 
3 5 212 281 
8 7 22 54 73 143 282 297 331 
6 109 141 181 238 301 316 
9 29 32 145 147 170 203 254 288 369 
8 144 157 184 191 205 237 306 331 
7 54 119 175 194 216 227 365 
3 168 257 316 
4 167 173 215 328 
7 23 63 67 100 101 130 234 
5 0 30 59 84 235 
7 3 61 112 165 183 203 270 
3 41 159 334 
5 50 100 107 253 306 
6 25 46 121 222 283 335 
8 7 9 50 151 163 226 248 267 
4 100 184 241 306 
5 109 172 211 306 365 
4 80 143 164 325 
3 7 87 293 
3 204 286 295 
5 96 239 298 350 361 
5 70 141 173 184 273 
5 104 197 242 274 327 
4 48 273 279 334 
5 80 145 196 209 348 
370 891
6 40 117 138 158 319 344 
4 47 143 333 348 
5 10 144 217 351 359 
5 143 193 212 288 300 
3 6 176 260 
3 121 140 197 
4 4 134 285 325 
2 33 84 
1 232 
2 149 364 
5 2 13 103 125 327 
3 14 122 270 
4 83 159 222 243 
4 10 182 219 283 
5 11 108 154 208 288 
3 180 340 341 
4 121 213 221 274 
3 82 236 350 
4 69 176 223 348 
6 41 45 52 125 149 209 
3 140 192 305 
1 227 
3 142 228 300 
4 138 176 214 230 
2 159 214 
5 31 114 155 263 286 
4 82 155 173 252 
4 182 202 291 316 
6 81 101 199 259 282 305 
5 140 188 286 316 337 
4 52 245 262 354 
10 25 86 112 113 161 189 199 256 284 368 
2 233 297 
5 7 51 64 80 236 
3 90 140 283 
4 116 168 276 305 
7 48 99 118 138 254 332 366 
3 206 281 293 
4 118 174 241 266 
4 112 141 220 255 
5 0 108 192 312 330 
6 19 85 126 169 227 255 
5 60 78 193 285 340 
4 187 230 234 279 
4 83 172 294 347 
6 19 89 214 237 247 351 
1 86 
6 1 57 66 177 256 333 
4 36 211 285 357 
5 147 162 170 279 351 
6 142 168 213 256 322 336 
8 33 75 126 176 222 279 313 330 
5 19 30 112 211 296 
2 192 362 
6 74 134 155 182 290 343 
2 74 289 
5 67 94 115 146 295 
7 47 145 183 237 264 271 305 
5 98 99 108 161 308 
8 73 132 149 160 163 195 279 296 
6 42 101 111 180 355 358 
4 90 163 318 336 
2 141 214 
3 90 92 124 
10 33 82 121 148 199 223 271 311 317 351 
2 258 290 
6 47 187 220 233 275 307 
6 56 167 190 218 299 349 
5 101 120 142 217 260 
5 18 118 198 322 346 
4 80 112 155 191 
1 280 
5 145 155 160 271 344 
4 59 150 262 345 
6 54 55 98 226 280 316 
5 51 125 253 284 320 
5 114 264 313 332 347 
2 80 296 
4 42 118 133 367 
3 144 160 274 
7 33 70 77 130 209 269 302 
5 28 171 221 227 237 
6 17 26 64 101 158 160 
5 12 44 85 297 322 
3 7 179 257 
3 41 83 126 
4 31 46 131 336 
2 158 333 
3 146 275 338 
3 45 211 347 
6 34 61 63 196 212 294 
4 143 161 194 254 
6 63 94 112 260 334 335 
2 186 198 
6 56 92 105 123 278 299 
0 
2 194 338 
8 187 247 256 306 311 319 332 345 
8 58 74 203 219 283 290 298 331 
8 36 58 128 149 203 206 275 339 
4 135 153 305 342 
8 28 60 68 82 131 202 215 302 
1 363 
7 10 150 190 239 322 337 361 
3 128 132 212 
6 94 162 235 297 308 332 
3 192 319 325 
4 162 335 340 368 
5 14 40 58 228 281 
4 131 273 294 320 
1 336 
1 60 
7 31 39 52 70 92 202 340 
7 31 142 148 153 194 266 279 
6 25 76 138 140 163 194 
5 56 247 259 297 347 
2 35 188 
2 0 161 
8 36 38 69 78 121 194 242 353 
4 127 299 326 342 
4 68 170 213 236 
8 5 16 64 118 133 149 259 337 
4 11 136 180 294 
4 94 173 211 253 
3 63 310 340 
4 10 19 75 274 
8 41 51 85 157 170 196 207 363 
6 119 151 193 278 329 360 
6 99 104 133 142 160 280 
3 159 327 342 
4 80 133 137 280 
7 86 101 109 159 173 194 293 
5 59 104 226 316 344 
8 78 121 128 130 160 213 257 299 
3 6 54 278 
5 100 150 192 330 364 
4 122 255 326 356 
5 130 140 167 335 364 
8 0 23 36 114 203 227 257 323 
3 148 194 196 
10 5 20 29 34 114 137 223 238 305 356 
7 39 62 190 249 250 254 303 
6 22 50 68 113 128 354 
5 1 3 91 169 324 
6 2 79 145 158 270 330 
9 57 72 144 205 264 270 334 338 357 
7 56 88 151 178 190 238 284 
4 49 174 233 293 
7 64 113 139 168 176 197 231 
7 9 19 59 99 121 262 343 
6 73 103 135 214 263 296 
8 127 146 162 197 219 241 253 366 
2 157 198 
4 100 113 250 302 
3 14 203 248 
7 25 26 54 70 72 157 232 
6 181 218 239 261 271 305 
6 126 152 155 260 269 362 
10 0 82 87 144 188 215 220 239 311 334 
9 12 24 129 131 164 225 288 328 350 
10 59 72 79 82 128 133 202 250 253 309 
7 31 58 91 117 272 347 348 
7 49 105 107 151 273 319 360 
7 59 61 114 257 283 359 360 
7 159 168 218 232 269 294 350 
3 262 282 367 
2 245 267 
4 67 137 207 227 
9 35 50 148 164 188 201 263 276 309 
5 41 143 196 317 350 
7 49 120 126 230 284 287 323 
4 81 184 212 304 
4 44 225 324 326 
4 26 123 131 303 
4 38 147 237 364 
5 219 260 299 313 367 
7 4 18 23 51 148 199 263 
6 47 184 221 264 315 332 
3 146 293 338 
2 84 183 
3 15 60 122 
3 156 242 285 
6 13 27 54 285 292 363 
3 57 179 323 
3 171 177 285 
1 194 
4 93 193 302 314 
3 43 66 97 
4 29 116 158 168 
2 31 344 
6 67 103 141 146 202 230 
3 70 326 355 
10 20 40 53 106 135 193 221 276 283 350 
9 3 42 127 186 192 259 288 322 335 
12 91 96 113 114 118 131 139 185 250 296 342 359 
4 59 233 258 273 
6 90 126 139 169 271 284 
7 5 148 151 217 324 335 357 
5 69 93 152 276 348 
9 28 31 64 176 210 252 289 319 326 
2 203 313 
2 168 205 
6 27 101 112 160 190 303 
6 98 99 138 154 200 322 
0 
3 145 201 207 
3 37 99 237 
6 126 167 205 223 271 292 
3 14 214 277 
2 19 80 
2 199 316 
7 48 52 89 123 221 250 293 
5 3 90 104 171 356 
6 16 50 120 133 327 349 
7 23 24 45 62 150 208 248 
3 101 158 328 
3 262 292 313 
6 2 68 197 227 263 268 
3 67 156 164 
11 13 98 151 175 246 259 283 285 322 358 359 
4 39 66 158 262 
6 16 81 177 192 211 324 
3 12 51 292 
8 18 64 140 207 243 273 285 332 
4 304 310 330 347 
5 159 172 227 337 366 
4 74 132 239 277 
8 21 41 81 138 167 217 225 325 
4 22 108 246 261 
2 344 362 
6 23 43 170 190 269 338 
3 148 300 352 
5 8 155 164 301 324 
5 32 66 147 195 297 
3 43 291 310 
3 105 339 358 
4 17 33 120 267 
7 45 57 81 174 206 256 263 
4 140 146 271 272 
5 103 156 158 226 280 
1 332 
2 38 151 
2 118 181 
7 12 223 296 333 336 361 364 
2 352 366 
2 30 166 
4 219 228 265 333 
3 45 97 115 
5 154 214 260 324 338 
1 141 
7 141 153 160 194 211 293 338 
3 256 280 326 
3 26 199 268 
5 75 123 151 160 307 
5 36 91 141 283 303 
4 39 41 136 325 
10 31 47 50 97 237 251 305 306 328 343 
5 84 133 138 163 284 
5 65 195 303 325 354 
7 28 115 121 193 219 266 361 
6 4 68 92 157 175 248 
6 156 228 280 290 329 363 
6 30 73 149 165 216 220 
9 25 150 168 176 217 237 335 346 350 
4 57 76 145 177 
3 246 283 362 
3 38 113 259 
3 166 236 337 
2 217 252 
4 80 157 164 230 
4 11 144 145 313 
11 57 64 72 156 196 207 238 284 312 315 322 
5 161 238 275 296 342 
5 109 162 195 223 359 
5 16 79 125 302 332 
6 66 88 99 272 307 356 
5 35 168 192 198 332 
3 208 226 316 
3 94 127 134 
7 43 49 51 59 113 326 363 
9 71 74 128 130 239 251 261 307 337 
2 37 108 
2 28 165 
10 13 34 98 163 192 219 254 265 296 311 
8 31 75 146 170 196 257 271 319 
11 6 42 48 181 182 184 219 223 322 346 365 
3 25 29 360 
2 170 294 
5 3 14 159 193 354 
4 55 199 294 304 
4 54 65 98 261 
3 27 234 292 
5 182 207 216 222 291 
8 37 131 147 178 211 250 345 362 
8 44 90 109 122 164 287 289 352 
1 56 
9 52 59 77 150 194 243 272 283 306 
5 32 83 105 115 233 
3 98 353 366 
7 67 94 119 133 175 316 364 
4 3 22 231 364 
1 232 
7 80 101 153 186 274 346 347 
5 141 173 202 254 258 
3 171 224 289 
8 20 28 35 57 100 140 156 256 
7 97 256 296 344 358 359 367 
4 66 253 275 280 
3 58 105 330 
3 160 168 340 
4 124 224 234 348 
4 64 97 158 283 
3 40 271 340 
9 51 76 175 200 216 270 324 328 360 
1 186 
3 177 271 333 
7 27 29 74 132 210 277 299 
3 64 169 323 
2 61 338 
6 0 97 106 162 199 284 
4 75 109 354 369 
1 329 
9 50 69 83 103 193 203 219 271 285 
5 138 170 183 317 342 
8 143 172 197 221 232 248 313 326 
5 6 106 227 255 258 
10 119 136 172 191 199 251 279 324 353 355 
3 10 129 213 
4 159 215 256 313 
4 127 261 321 340 
9 40 51 135 144 224 308 352 355 362 
3 98 333 364 
10 36 76 97 105 177 223 240 274 276 339 
7 1 47 87 243 246 315 331 
3 92 145 158 
6 92 107 137 193 197 263 
6 50 61 86 110 243 363 
6 29 103 121 225 267 280 
8 88 96 145 178 230 248 250 318 
3 99 235 332 
8 15 42 107 112 124 309 312 329 
2 15 363 
6 100 119 129 194 272 323 
3 54 149 256 
6 0 72 132 189 229 306 
4 73 97 293 363 
5 69 263 285 302 363 
7 44 76 89 115 161 224 302 
6 1 18 161 198 310 357 
2 67 213 
7 17 159 164 169 192 263 368 
4 2 45 49 64 
4 231 244 294 330 
3 118 298 326 
5 30 142 258 288 320 
4 60 191 326 330 
5 136 140 212 275 357 
5 48 145 197 348 356 
4 60 219 235 306 
6 2 163 194 219 273 306 
6 127 162 163 286 313 364 
3 103 243 259 
6 53 157 229 265 293 330 
9 102 126 182 261 279 336 341 345 346 
9 9 135 137 174 243 299 300 331 360 
1 285 
5 36 151 225 244 298 
4 78 165 175 306 
3 31 107 350 
1 320 
