380 966
3 112 264 354 
3 78 231 296 
4 28 43 111 236 
7 69 91 134 180 216 325 343 
5 15 48 122 250 345 
3 23 277 295 
2 65 376 
8 138 216 217 233 276 289 293 353 
1 367 
3 129 269 311 
5 16 222 336 357 374 
6 77 93 137 166 297 353 
6 19 199 220 253 275 341 
7 21 48 77 183 203 265 377 
5 144 155 192 333 363 
10 4 50 53 141 175 262 281 325 349 361 
7 10 107 137 211 273 328 355 
2 47 269 
4 97 148 266 340 
8 12 115 183 210 217 223 274 302 
3 129 223 293 
4 13 79 181 233 
3 126 158 345 
8 5 63 68 123 147 162 177 276 
3 306 311 378 
5 26 93 108 130 317 
8 25 39 53 207 216 270 325 357 
8 115 158 174 193 216 264 315 362 
6 2 207 208 226 309 321 
6 58 110 132 198 241 250 
6 54 78 133 273 283 345 
4 177 250 263 375 
3 150 231 337 
2 77 85 
5 152 155 164 197 277 
1 41 
7 45 98 195 225 277 301 316 
7 66 83 106 108 204 365 378 
3 125 356 364 
9 26 70 86 172 212 217 241 262 265 
1 284 
7 35 101 219 238 295 300 322 
3 187 194 208 
6 2 46 49 229 309 320 
7 94 149 191 200 272 288 368 
5 36 144 215 231 339 
6 43 70 106 186 244 302 
6 17 97 219 295 345 370 
2 4 13 
6 43 103 158 186 188 215 
4 15 267 276 377 
1 286 
3 55 228 315 
6 15 26 131 135 173 306 
5 30 68 178 183 307 
4 52 309 323 370 
5 66 91 147 172 276 
8 67 143 161 169 194 206 256 316 
4 29 84 312 372 
5 177 208 248 284 299 
12 63 171 189 198 205 236 309 310 315 321 337 340 
5 82 115 186 344 356 
6 63 65 194 208 254 258 
6 23 60 62 178 252 270 
2 103 208 
9 6 62 99 108 165 189 231 255 308 
6 37 56 124 210 229 344 
5 57 199 242 271 360 
4 23 54 104 374 
3 3 203 229 
4 39 46 222 268 
7 229 263 273 307 320 328 350 
6 79 81 87 128 165 362 
4 159 163 169 338 
3 253 307 350 
4 83 128 241 311 
4 95 205 354 356 
6 11 13 33 229 255 373 
6 1 30 161 168 272 290 
5 21 72 169 225 297 
2 92 243 
2 72 225 
6 61 105 174 204 269 376 
9 37 75 162 235 246 274 286 292 326 
3 58 169 372 
6 33 96 97 164 185 253 
4 39 238 247 326 
5 72 166 183 300 344 
1 329 
5 155 193 326 349 355 
4 159 161 166 344 
6 3 56 100 126 330 337 
4 80 95 248 304 
5 11 25 119 201 257 
2 44 130 
6 76 92 105 123 130 255 
6 85 121 175 193 297 312 
11 18 47 85 159 169 193 197 200 220 233 317 
5 36 180 210 243 292 
5 65 145 187 278 379 
4 91 116 186 260 
5 41 155 239 298 341 
6 103 104 179 312 341 343 
7 49 64 102 143 207 288 304 
5 68 102 106 180 314 
8 82 95 166 233 332 334 343 357 
8 37 46 104 280 286 287 289 310 
5 16 110 174 240 347 
7 25 37 65 222 272 274 309 
7 111 166 177 189 222 370 373 
4 29 107 176 318 
4 2 109 192 295 
6 0 170 175 184 309 331 
3 216 365 369 
6 154 155 197 253 281 289 
7 19 27 61 206 265 311 325 
4 100 295 299 350 
3 129 186 363 
5 156 239 276 298 334 
6 93 130 186 238 250 328 
1 223 
4 96 182 220 310 
2 4 163 
4 23 95 163 291 
3 66 187 348 
4 38 195 237 308 
5 22 91 196 348 377 
3 236 343 373 
8 72 75 249 305 345 373 375 376 
7 9 20 117 149 342 363 368 
10 25 94 95 119 189 201 250 268 282 342 
3 53 260 303 
5 29 152 223 246 289 
3 30 219 296 
3 3 262 324 
2 53 353 
5 137 156 235 272 287 
6 11 16 136 184 347 363 
4 7 272 334 376 
3 162 317 338 
5 201 209 348 354 357 
7 15 165 187 192 246 285 343 
1 257 
5 57 103 217 277 297 
4 14 45 156 353 
6 99 212 232 284 336 353 
3 229 236 346 
2 23 56 
6 18 215 321 349 352 378 
4 44 129 193 300 
6 32 168 271 282 286 354 
1 320 
9 34 132 268 275 327 348 353 355 358 
4 198 224 263 265 
4 114 178 241 367 
9 14 34 89 101 114 157 183 335 369 
13 118 136 144 164 174 177 191 220 224 262 275 297 347 
1 155 
6 22 27 49 224 287 373 
6 73 90 97 246 286 365 
9 187 246 249 275 298 309 333 341 366 
6 57 78 90 169 194 344 
7 23 83 139 294 324 348 374 
4 73 122 123 294 
11 34 85 156 177 214 239 249 257 261 269 325 
6 65 72 141 235 298 312 
10 11 87 90 105 109 230 239 245 250 272 
5 224 250 260 296 334 
7 78 150 295 313 314 365 372 
11 57 73 79 84 97 161 177 263 267 282 327 
5 112 184 250 259 367 
4 60 179 229 267 
6 39 56 201 226 235 355 
2 53 360 
10 27 82 107 156 229 244 268 309 325 366 
10 15 96 112 186 225 235 283 300 311 317 
2 110 304 
7 23 31 59 109 156 164 169 
6 54 63 154 275 276 369 
4 102 171 181 292 
8 3 98 104 191 228 252 275 364 
7 21 179 226 245 252 266 364 
3 121 188 233 
6 13 19 54 87 155 203 
4 112 137 170 305 
3 85 251 346 
11 46 49 61 100 117 119 175 284 309 367 376 
6 42 99 124 141 160 262 
3 49 182 259 
5 60 65 109 130 236 
2 231 303 
4 44 156 180 313 
6 14 111 141 203 309 316 
9 27 89 96 97 149 210 304 327 363 
6 42 57 62 161 268 365 
3 36 125 295 
3 126 253 329 
5 34 97 114 244 279 
6 29 60 153 204 260 267 
5 12 67 203 243 333 
6 44 97 234 289 295 348 
7 93 130 140 172 237 255 346 
0 
9 13 69 183 192 199 236 267 268 334 
4 37 82 198 343 
6 60 76 273 296 326 379 
3 57 115 268 
9 26 28 103 219 247 250 319 353 373 
7 28 42 59 62 64 294 299 
5 140 257 298 310 376 
5 19 66 98 193 211 
4 16 210 223 275 
5 39 145 332 353 354 
2 299 332 
1 164 
6 45 49 148 285 331 364 
6 3 7 26 27 113 220 
5 7 19 39 143 293 
2 269 336 
6 41 47 133 207 293 371 
7 12 97 121 156 216 226 269 
2 225 371 
5 10 70 108 109 343 
9 19 20 120 132 211 247 335 364 367 
4 153 156 158 167 
7 36 79 81 175 221 278 369 
6 28 172 181 220 259 346 
2 261 289 
4 52 180 299 345 
10 43 66 69 71 77 146 171 174 250 276 
3 166 237 312 
6 1 32 45 65 190 242 
2 145 313 
5 7 21 97 105 182 
2 200 334 
7 83 136 165 172 175 248 303 
7 2 60 127 146 189 203 277 
3 125 201 230 
8 41 86 119 258 263 270 344 352 
4 101 118 164 166 
2 107 287 
4 29 39 75 154 
4 67 231 305 316 
4 80 98 199 278 
3 46 174 197 
2 166 181 
6 83 132 141 159 160 251 
5 86 207 223 298 347 
5 59 92 235 284 319 
5 128 160 164 298 329 
12 4 29 31 119 130 166 167 170 207 229 327 329 
5 185 246 295 314 332 
3 63 180 181 
7 12 74 85 114 196 256 356 
2 62 378 
7 65 77 95 201 292 308 378 
5 57 253 285 322 373 
5 93 142 164 209 349 
4 62 238 264 327 
5 170 188 226 289 366 
7 100 131 167 198 306 347 356 
6 164 227 276 306 311 348 
6 15 39 134 156 187 308 
6 31 71 153 169 238 351 
4 0 27 258 333 
5 13 39 115 153 369 
3 18 181 291 
8 50 169 171 198 203 271 306 361 
8 70 130 152 174 194 203 206 366 
10 9 17 82 164 218 220 288 329 362 365 
3 26 63 238 
5 67 150 267 289 370 
11 44 78 108 136 138 166 312 332 340 343 344 
5 16 30 71 205 330 
3 19 83 108 
7 12 152 156 160 178 180 211 
8 7 23 50 56 118 178 229 261 
7 5 34 36 143 236 373 378 
7 99 225 243 284 288 312 315 
2 197 327 
1 106 
2 15 114 
4 130 150 169 337 
4 30 175 331 357 
8 40 59 145 186 248 278 373 376 
5 141 215 256 306 340 
8 51 83 106 150 159 304 316 340 
4 106 136 158 240 
4 44 103 269 278 
8 7 106 114 132 200 227 259 271 
3 78 340 375 
2 123 266 
5 83 98 179 255 343 
5 7 20 217 219 329 
6 162 163 208 321 342 362 
9 5 41 47 111 116 168 195 200 251 
5 1 133 167 205 356 
7 11 79 96 143 156 299 370 
7 101 118 160 165 209 247 249 
7 59 116 208 213 228 297 305 
4 41 87 149 175 
3 36 338 353 
3 19 46 305 
4 131 190 235 363 
6 92 103 176 193 286 361 
5 128 184 242 299 302 
8 24 53 260 261 267 285 348 356 
3 54 71 74 
5 65 125 255 262 363 
12 28 43 55 60 108 112 160 174 186 192 343 362 
5 60 106 121 209 369 
7 9 24 75 115 175 261 313 
8 58 96 102 165 230 272 278 317 
4 168 191 232 311 
4 104 168 251 356 
5 27 52 60 278 376 
5 36 57 192 242 286 
5 25 97 139 175 312 
1 110 
4 207 248 355 374 
4 43 71 151 372 
4 28 60 148 294 
2 41 256 
1 55 
2 134 162 
6 3 15 26 115 164 174 
5 83 86 89 205 339 
6 152 169 193 250 258 279 
3 16 71 119 
8 88 196 249 250 269 293 337 377 
2 91 273 
4 112 215 283 350 
6 105 212 213 251 272 354 
4 14 160 199 264 
6 105 118 138 167 203 234 
2 155 223 
3 10 145 218 
5 32 60 91 282 329 
3 73 139 301 
2 45 326 
6 18 60 272 285 286 290 
4 12 101 102 160 
3 129 130 294 
10 3 102 105 127 141 204 222 272 292 309 
8 61 66 87 90 161 238 272 377 
6 4 22 30 47 128 228 
4 146 185 201 226 
5 107 137 156 247 260 
8 124 126 140 152 162 200 261 306 
4 15 89 148 257 
4 71 74 116 331 
1 263 
2 148 238 
9 7 11 135 144 145 152 207 212 301 
7 0 76 140 150 212 332 359 
5 16 89 152 172 319 
8 38 61 76 253 260 296 306 314 
5 10 26 105 140 283 
1 152 
1 354 
2 67 173 
3 15 267 304 
5 27 72 269 294 309 
7 14 117 129 137 193 303 308 
6 38 180 181 215 223 379 
7 37 113 159 168 194 269 373 
4 160 174 259 268 
5 8 154 170 186 223 
2 44 129 
6 113 155 178 225 265 310 
5 47 55 109 271 297 
2 219 221 
4 58 84 168 320 
10 77 109 127 128 158 207 256 277 284 365 
4 10 68 162 319 
4 31 128 290 378 
8 6 82 128 138 186 209 284 315 
5 13 50 126 329 344 
7 24 37 148 254 255 277 375 
3 99 205 364 
380 940
4 15 217 262 370 
2 140 310 
3 9 72 93 
4 12 49 113 339 
3 18 98 344 
5 130 131 264 356 364 
3 44 204 358 
4 100 170 277 324 
7 78 121 125 132 205 229 289 
4 2 199 251 364 
1 265 
3 159 245 317 
5 3 134 172 210 226 
3 134 189 350 
5 68 109 217 240 379 
4 0 88 106 185 
6 94 114 203 228 334 354 
5 90 150 173 196 371 
6 4 58 156 186 207 261 
8 94 111 203 273 299 300 348 376 
3 27 112 196 
6 40 104 194 207 223 379 
2 211 261 
4 48 215 267 375 
6 49 125 176 195 215 331 
5 55 89 261 336 348 
4 151 207 274 299 
4 20 123 231 266 
4 97 181 301 319 
7 52 93 136 194 222 354 372 
3 138 230 285 
5 110 153 157 202 331 
4 73 195 248 314 
5 93 116 126 230 288 
3 236 245 356 
2 168 367 
4 98 170 295 303 
6 70 142 252 278 323 366 
7 91 105 162 213 263 309 366 
5 60 77 176 275 360 
2 21 233 
7 65 92 152 173 200 308 361 
3 69 284 375 
4 66 87 118 267 
9 6 132 186 213 220 254 358 359 368 
4 87 234 309 368 
8 52 63 66 98 182 199 313 323 
5 60 235 238 278 351 
5 23 175 193 305 378 
5 3 24 230 232 264 
5 198 237 264 315 339 
5 59 99 105 139 350 
8 29 46 55 255 288 301 343 375 
4 211 234 262 343 
6 68 121 140 162 237 280 
7 25 52 114 194 318 342 375 
3 84 127 163 
1 228 
7 18 69 79 84 195 268 370 
4 51 162 245 293 
6 39 47 102 156 192 295 
4 105 136 172 259 
5 92 141 160 175 200 
4 46 100 213 228 
4 147 214 230 344 
5 41 175 254 314 347 
6 43 46 191 241 247 257 
4 96 153 155 366 
4 14 54 267 292 
5 42 58 124 202 355 
2 37 334 
2 231 335 
3 2 203 297 
3 32 183 336 
3 167 295 311 
5 89 216 234 267 327 
3 141 159 307 
5 39 79 80 207 219 
5 8 100 118 273 294 
2 58 77 
2 77 281 
8 104 164 173 223 228 236 249 262 
10 94 110 174 181 189 222 289 310 364 367 
4 140 204 269 287 
7 56 58 144 181 238 309 322 
1 115 
5 150 203 243 292 375 
6 43 45 122 154 158 238 
6 15 161 234 296 307 331 
5 25 75 164 291 297 
5 17 107 280 285 313 
4 38 146 199 309 
5 41 62 164 185 211 
4 2 29 33 200 
4 16 19 82 296 
7 150 208 214 219 260 332 345 
5 67 176 178 201 232 
5 28 257 269 307 357 
4 4 36 46 170 
3 51 115 326 
7 7 63 78 120 168 279 303 
4 224 240 317 360 
5 60 106 251 267 377 
3 179 225 269 
6 21 81 108 233 271 313 
5 38 51 61 341 371 
3 15 102 276 
7 90 130 143 169 180 336 366 
8 104 137 222 273 304 318 327 345 
2 14 195 
6 31 82 213 228 258 262 
5 19 137 254 268 289 
3 20 121 291 
7 3 115 143 195 248 292 334 
3 16 55 283 
7 85 99 113 125 167 305 339 
6 33 200 271 301 317 344 
4 250 279 349 373 
7 43 78 142 208 263 309 311 
2 307 322 
8 100 130 181 243 302 303 307 356 
4 8 54 112 376 
5 87 160 315 361 374 
2 27 230 
10 69 134 193 199 263 267 286 303 330 342 
7 8 24 115 136 182 294 353 
6 33 160 256 264 285 319 
2 56 318 
4 148 238 287 320 
7 154 189 211 233 245 358 366 
4 5 107 120 158 
4 5 178 230 346 
5 8 44 144 267 342 
5 258 295 316 338 348 
6 12 13 124 137 304 313 
7 162 199 226 231 250 322 345 
8 29 61 125 142 203 266 306 328 
7 108 111 134 147 195 198 254 
4 30 184 259 260 
5 51 152 198 342 368 
10 1 54 83 205 206 219 269 283 320 345 
5 62 76 163 279 299 
6 37 118 136 147 228 250 
6 107 113 156 176 338 351 
6 84 132 178 191 224 311 
5 198 231 310 364 367 
5 91 170 229 257 349 
6 64 137 142 235 334 336 
2 128 278 
3 177 304 353 
9 17 86 95 165 204 218 272 297 361 
5 26 246 283 326 377 
5 41 139 167 319 364 
3 31 67 173 
2 87 129 
3 67 160 203 
6 18 60 143 167 174 245 
3 31 169 316 
4 87 130 188 370 
4 11 76 259 271 
4 62 122 126 155 
1 88 
7 38 54 59 135 190 227 255 
4 56 141 313 357 
7 81 89 92 170 225 232 299 
6 150 170 199 233 246 336 
6 169 215 232 280 305 320 
6 74 115 152 156 279 292 
6 35 100 186 293 304 326 
7 107 157 166 206 278 310 352 
10 7 36 98 146 164 165 180 217 263 373 
1 225 
3 12 61 283 
5 17 41 81 153 262 
3 82 156 271 
4 48 62 65 260 
8 24 39 96 143 205 253 274 357 
2 149 218 
4 96 131 144 375 
4 103 238 267 310 
3 107 170 331 
7 28 82 84 120 260 282 336 
3 46 125 373 
4 73 264 294 315 
4 138 186 222 227 
6 15 92 312 325 349 351 
8 18 44 168 184 195 231 232 284 
0 
5 158 226 323 353 365 
7 13 82 129 222 339 345 365 
6 162 193 217 327 356 372 
3 66 144 222 
4 60 225 287 302 
5 48 124 190 339 357 
5 21 29 55 218 287 
11 24 32 58 109 113 137 186 203 255 341 364 
3 17 20 290 
2 237 256 
7 50 137 139 145 238 257 299 
8 9 46 91 124 135 165 240 247 
7 41 62 93 116 207 208 346 
1 96 
2 31 69 
9 16 19 72 86 136 155 195 341 378 
8 6 83 150 206 231 234 347 361 
4 8 140 176 333 
4 140 169 204 228 
8 18 21 26 77 200 226 290 304 
5 95 118 200 327 372 
4 238 262 308 367 
2 12 353 
6 22 53 92 129 276 296 
2 265 358 
7 38 44 63 110 215 230 283 
5 64 95 248 270 321 
5 23 24 166 213 252 
5 75 225 235 274 308 
7 0 14 170 190 331 342 346 
4 150 177 194 327 
4 77 95 140 246 
2 44 267 
0 
11 29 82 108 184 189 191 228 297 325 328 335 
5 21 81 229 250 296 
5 101 144 254 292 322 
8 103 164 171 192 216 237 286 355 
5 12 135 188 207 278 
4 162 184 317 354 
10 16 57 63 81 110 142 206 222 236 266 
5 8 146 223 336 351 
8 30 33 49 64 123 131 213 295 
11 27 71 135 145 186 204 234 258 277 355 371 
6 49 96 164 166 186 365 
6 40 104 129 165 239 249 
7 45 53 75 88 204 231 249 
5 47 147 216 311 328 
5 34 81 228 250 351 
4 50 54 197 225 
11 47 84 87 128 179 198 209 258 271 291 339 
2 233 268 
5 14 101 199 246 247 
4 66 364 378 379 
2 250 336 
4 86 120 270 337 
3 309 349 353 
7 11 34 59 129 156 251 333 
6 151 165 219 240 295 361 
6 66 199 240 344 359 367 
5 32 113 214 342 371 
5 81 233 234 355 357 
7 117 135 142 223 236 242 336 
9 9 102 245 259 262 269 278 309 321 
3 37 215 356 
1 176 
7 44 65 111 137 224 255 357 
7 52 162 195 254 256 293 343 
5 126 197 255 302 351 
8 66 97 146 198 288 336 358 366 
6 110 133 231 238 307 359 
8 61 138 159 251 273 308 320 373 
6 95 138 175 181 361 365 
6 18 22 25 308 340 342 
9 0 53 81 110 173 209 251 306 352 
6 38 118 124 170 322 334 
8 5 49 50 126 183 266 315 340 
3 10 212 332 
8 27 136 228 264 302 344 346 371 
10 23 43 68 75 102 124 132 179 220 275 
5 58 111 239 301 376 
7 83 97 103 140 251 277 320 
2 214 243 
5 104 116 159 174 238 
1 150 
6 19 78 108 259 323 378 
5 26 176 216 297 339 
2 39 267 
3 106 211 290 
3 7 231 269 
6 37 47 148 169 226 251 
5 100 117 141 167 348 
3 54 90 166 
4 80 307 365 369 
3 181 318 340 
5 114 140 151 172 213 
3 42 186 353 
5 30 90 126 302 335 
4 124 225 330 346 
4 83 128 192 194 
5 33 52 257 302 344 
5 8 82 111 297 361 
4 196 207 276 376 
4 89 112 238 371 
6 68 86 113 167 224 320 
4 59 168 255 302 
5 78 125 183 298 311 
6 36 60 74 133 230 246 
6 88 94 211 223 297 353 
7 72 89 150 222 274 289 296 
2 294 376 
5 19 26 141 164 198 
2 19 307 
4 28 52 116 268 
8 120 192 256 266 285 288 293 350 
5 36 100 120 124 362 
6 108 134 149 168 207 312 
4 48 115 166 340 
2 136 262 
11 76 88 97 119 120 258 281 300 326 341 347 
6 41 209 216 259 261 322 
8 38 45 84 91 118 244 251 356 
5 1 82 145 169 179 
6 74 118 144 235 294 367 
3 185 304 313 
7 46 90 104 134 163 312 360 
2 32 65 
5 50 122 183 264 341 
3 133 157 358 
5 11 101 116 227 355 
4 55 108 127 282 
3 28 126 152 
8 128 140 166 259 269 292 352 368 
2 214 251 
9 84 119 135 224 263 308 328 367 369 
6 37 46 188 273 324 335 
2 7 323 
3 185 222 372 
5 99 151 168 307 344 
5 75 108 190 208 218 
4 136 222 235 322 
0 
3 124 286 370 
6 24 31 88 180 217 363 
3 95 265 368 
2 205 245 
6 16 70 113 147 263 337 
4 71 222 285 323 
11 25 73 107 147 165 181 229 242 250 257 372 
2 243 334 
2 133 143 
7 3 50 115 189 193 238 274 
4 261 264 282 305 
8 105 195 203 307 315 360 361 368 
7 55 124 132 139 217 248 261 
4 52 53 255 365 
7 4 64 116 247 266 288 326 
5 95 108 135 140 189 
5 131 200 217 266 286 
4 65 204 307 356 
4 19 25 133 279 
4 117 146 185 244 
3 13 51 302 
6 47 143 185 229 236 256 
4 169 262 320 366 
7 125 149 188 210 244 284 296 
3 16 29 227 
6 69 225 231 249 317 366 
7 5 34 120 190 252 309 347 
8 97 163 176 193 249 254 359 365 
6 6 44 129 212 257 316 
4 44 247 258 357 
4 39 101 313 341 
8 41 122 150 204 246 260 289 341 
1 303 
2 331 369 
7 5 9 82 145 152 195 241 
7 188 189 232 260 281 343 357 
8 37 38 67 107 129 257 352 355 
7 35 82 145 209 247 311 322 
6 44 45 139 320 332 341 
3 281 322 363 
5 0 58 158 330 372 
6 17 105 231 248 266 291 
6 29 190 208 325 336 370 
5 117 170 182 259 375 
1 122 
8 23 42 52 55 86 178 373 378 
5 19 121 268 290 298 
2 102 151 
5 48 203 241 273 375 
3 14 21 241 
