400 1000
2 112 354 
4 58 211 276 385 
3 3 71 196 
9 2 9 31 74 120 156 283 330 363 
4 42 170 265 317 
3 177 195 338 
2 256 390 
7 76 77 93 136 149 153 213 
2 207 339 
4 3 89 131 205 
6 136 157 245 261 305 334 
4 133 166 346 367 
9 13 35 101 147 174 203 309 329 391 
5 12 117 249 260 297 
8 53 83 134 137 225 259 346 365 
8 25 49 61 170 200 274 336 391 
3 35 89 311 
4 118 169 287 361 
7 115 183 210 217 223 274 302 
3 108 202 272 
3 37 139 191 
5 63 95 282 356 361 
4 63 78 93 192 
7 201 206 273 275 342 357 379 
3 191 266 280 
10 15 60 69 123 178 210 320 363 379 398 
6 48 96 147 194 390 391 
7 37 120 132 219 271 293 359 
5 31 40 193 217 272 
6 42 52 114 294 367 380 
3 123 245 326 
5 3 28 64 150 158 
5 203 206 215 248 328 
1 70 
6 105 202 232 284 308 323 
9 12 16 51 68 91 93 189 350 363 
5 88 319 327 373 389 
8 20 27 113 153 158 182 203 206 
2 203 358 
5 116 135 192 197 219 
5 28 69 83 257 260 
7 82 162 173 282 337 379 388 
7 4 29 119 199 309 380 396 
4 148 248 328 386 
3 89 216 338 
3 60 110 135 
5 176 231 259 261 288 
2 317 326 
3 26 76 313 
3 15 59 232 
4 112 116 154 287 
3 35 141 265 
5 29 244 258 324 349 
7 14 59 84 188 301 377 395 
6 58 83 95 145 205 294 
4 178 238 363 394 
9 91 127 142 225 333 351 360 367 398 
9 129 130 135 141 157 160 220 253 324 
9 1 54 141 153 179 308 322 368 372 
5 49 53 268 342 360 
4 25 45 169 274 
8 15 141 150 207 231 273 297 350 
4 142 228 247 362 
5 21 22 193 236 354 
3 31 74 344 
2 149 175 
2 144 190 
12 127 161 171 205 218 226 248 284 286 292 333 370 
5 35 236 339 343 349 
3 25 40 188 
7 33 79 133 176 213 258 371 
4 2 113 200 310 
3 132 309 335 
5 127 216 223 327 345 
5 3 64 199 255 327 
2 97 248 
4 7 48 205 382 
5 7 129 159 224 331 
9 22 92 165 176 204 216 222 256 394 
6 70 277 295 296 363 384 
1 133 
5 93 102 181 313 330 
3 41 130 174 
5 14 40 54 134 250 
7 53 106 129 135 228 230 235 
5 99 143 169 373 380 
2 112 321 
3 110 192 248 
5 36 95 354 372 379 
6 9 16 44 194 343 397 
7 106 210 225 354 364 388 392 
5 35 56 204 348 378 
5 78 104 153 286 328 
9 7 22 35 81 113 214 230 300 374 
3 242 326 385 
8 21 54 88 124 163 164 239 372 
7 26 98 100 176 240 321 337 
4 75 112 186 320 
7 96 145 212 311 313 322 336 
6 85 232 239 241 262 398 
3 96 165 272 
10 12 120 170 172 207 279 334 345 357 390 
3 81 244 316 
2 162 304 
6 92 112 254 259 268 393 
3 34 121 272 
10 84 90 128 132 182 183 225 281 309 317 
4 206 265 311 325 
5 19 267 271 322 363 
3 130 307 361 
7 45 87 155 192 214 250 306 
4 126 138 216 370 
7 0 50 86 97 104 300 338 
5 37 71 93 142 252 
3 29 223 351 
3 18 218 379 
5 39 50 197 239 310 
4 13 169 321 350 
3 17 180 317 
8 42 164 220 260 288 290 291 314 
8 3 27 101 228 249 324 336 385 
5 105 125 139 199 365 
5 131 227 298 321 364 
4 25 30 264 341 
3 95 277 339 
4 121 338 365 384 
5 111 190 227 242 381 
5 56 67 73 272 288 
5 106 167 229 271 297 
7 57 77 84 182 203 305 313 
11 57 82 109 183 189 192 238 260 265 319 358 
4 9 122 148 299 
6 27 72 106 228 288 308 
5 11 70 80 136 333 
7 14 83 161 181 233 285 302 
6 39 45 57 84 147 264 
3 7 10 133 
7 14 177 205 208 234 279 386 
5 111 222 325 336 340 
4 20 121 148 342 
7 258 265 317 338 343 345 348 
8 51 57 58 61 156 182 221 223 
7 56 62 113 167 293 307 333 
11 85 229 263 281 291 294 308 337 341 379 392 
3 66 159 209 
4 54 98 275 338 
4 171 264 304 383 
11 12 26 135 172 234 260 283 318 326 351 397 
4 43 131 139 296 
6 7 65 213 243 267 293 
10 31 61 180 278 315 340 350 358 362 370 
4 178 302 365 379 
5 263 272 278 283 305 
9 7 37 58 92 223 249 259 295 333 
7 50 260 278 279 330 337 352 
8 110 194 198 213 258 324 390 399 
6 3 141 264 284 334 372 
5 10 57 271 296 305 
4 31 37 184 395 
9 77 144 229 244 268 309 325 366 390 
7 57 190 200 248 265 276 282 
3 67 134 234 
4 41 103 371 372 
4 95 229 241 352 
7 95 119 215 252 276 299 388 
7 78 100 214 233 254 352 373 
3 11 185 351 
2 128 142 
2 185 325 
7 17 60 85 117 190 321 346 
6 4 15 101 175 184 262 
4 67 146 222 389 
3 101 147 346 
3 41 192 390 
5 12 82 242 348 355 
6 65 170 211 305 328 364 
6 46 70 78 96 231 328 
4 5 137 220 361 
6 25 55 151 216 313 348 
4 58 234 290 297 
5 118 150 194 234 324 
7 81 134 186 241 247 300 385 
4 37 106 129 141 
7 18 106 130 286 317 318 384 
3 158 170 353 
6 166 168 243 266 296 349 
6 97 181 198 321 349 352 
5 209 243 263 355 360 
6 53 69 277 318 330 396 
4 35 130 190 370 
6 66 126 160 169 189 213 
7 20 24 229 250 251 362 395 
6 22 39 87 110 130 173 
6 28 63 264 310 343 362 
5 26 89 155 180 392 
2 5 392 
3 2 384 398 
4 39 116 239 353 
3 155 186 298 
6 42 74 121 227 287 375 
5 15 71 160 205 208 
4 23 230 321 364 
3 19 34 254 
7 12 32 37 38 129 314 360 
5 78 91 220 246 356 
7 9 54 67 76 137 200 315 
5 23 32 37 107 340 
3 8 61 101 
4 137 200 269 327 
3 144 187 309 
5 18 25 90 389 396 
4 1 175 282 290 
2 98 317 
5 7 70 149 155 190 
5 93 110 165 239 250 
2 32 164 
6 44 73 78 111 178 356 
3 18 28 353 
5 67 115 221 289 324 
4 27 39 253 284 
9 57 119 177 204 232 234 328 347 365 
3 141 218 364 
4 78 138 171 287 
9 18 73 114 141 153 258 296 312 382 
4 77 237 274 325 
7 14 56 90 106 249 285 348 
4 67 257 334 393 
9 122 126 199 262 271 309 339 344 381 
4 62 84 120 132 
7 128 143 159 163 191 276 373 
5 84 93 201 354 389 
5 46 61 176 313 348 
7 34 49 99 220 236 352 384 
5 134 165 259 292 295 
8 137 147 161 179 180 220 271 352 
7 84 237 257 265 268 269 361 
3 63 68 232 
2 224 235 
8 55 130 332 337 344 348 372 375 
6 95 99 116 197 214 327 
1 96 
4 99 163 181 314 
7 94 126 174 247 273 384 387 
8 149 185 187 255 289 346 358 382 
3 52 102 159 
2 10 30 
2 204 317 
5 62 181 242 308 380 
9 32 43 67 75 87 160 306 327 347 
6 13 120 153 225 358 383 
5 83 110 191 214 305 
2 191 253 
5 113 164 296 311 340 
4 57 219 251 328 
6 104 165 202 256 390 398 
2 74 243 
6 6 78 254 261 311 330 
6 40 226 235 264 276 347 
6 52 70 140 155 223 376 
6 14 46 104 153 233 320 
6 13 40 119 130 147 154 
6 10 46 256 268 287 344 
3 99 170 227 
4 143 152 187 371 
7 123 135 146 156 193 257 387 
9 4 51 107 130 140 160 235 293 363 
3 24 185 281 
2 108 149 
5 59 104 159 235 261 
3 208 235 397 
0 
6 27 108 128 157 227 234 
6 19 28 100 105 127 152 
5 23 61 242 379 387 
6 15 18 60 224 352 374 
2 23 145 
7 1 160 164 229 257 329 374 
4 79 124 188 360 
4 150 152 154 387 
3 101 137 154 
3 24 318 394 
5 106 143 266 339 360 
4 21 41 160 211 
3 3 147 152 
6 34 67 156 219 307 344 
3 134 225 294 
3 67 92 183 
6 17 50 199 222 261 349 
5 46 119 127 132 318 
2 218 243 
4 119 179 211 345 
4 119 143 397 398 
2 67 233 
5 27 142 149 265 318 
7 29 54 143 285 305 313 366 
3 79 153 233 
7 79 148 157 185 223 252 319 
5 13 61 128 179 371 
3 122 198 384 
3 131 164 354 
4 93 112 181 362 
2 53 311 
6 18 134 151 339 382 393 
2 370 394 
3 103 146 359 
7 10 129 152 157 175 250 294 
2 110 248 
4 109 142 284 360 
6 34 58 132 143 247 321 
8 12 42 72 106 159 209 227 344 
3 71 116 193 
6 16 98 107 252 256 301 
2 223 350 
7 48 81 98 129 178 231 294 
3 119 203 241 
3 150 205 357 
2 102 360 
9 4 47 106 118 140 183 212 246 350 
6 147 183 188 280 288 293 
4 36 130 296 373 
6 25 97 259 332 370 386 
8 86 96 117 122 169 186 201 308 
3 58 98 108 
1 34 
7 52 57 120 155 180 218 354 
6 107 138 159 168 224 335 
4 30 47 94 147 
7 36 73 74 208 239 248 351 
8 32 43 92 175 176 220 253 363 
3 12 276 334 
7 3 81 154 188 256 373 396 
1 77 
2 238 320 
6 56 67 133 142 153 334 
8 10 101 156 226 329 333 342 360 
3 72 325 375 
4 15 98 120 138 
5 41 96 143 154 238 
6 5 44 112 125 140 145 
6 8 68 124 227 281 302 
6 138 150 206 252 342 362 
3 123 143 393 
6 23 59 139 334 340 361 
4 68 89 140 193 
8 64 227 238 261 284 309 356 376 
4 73 101 140 290 
6 11 14 169 172 243 367 
5 220 248 257 375 398 
8 91 140 174 178 225 231 238 370 
5 52 68 185 186 287 
6 35 61 117 150 312 317 
6 56 114 147 166 327 398 
8 154 163 165 186 232 234 274 399 
3 184 197 217 
7 0 63 88 90 230 299 324 
4 174 187 362 392 
5 21 204 216 344 370 
4 23 101 315 382 
5 38 130 150 243 249 
2 27 304 
9 56 59 187 203 277 281 307 316 334 
6 17 21 109 177 235 342 
8 62 150 191 193 300 340 355 397 
8 3 25 35 55 79 108 265 328 
5 90 122 175 201 221 
6 14 121 125 151 220 384 
2 159 294 
5 11 29 56 346 389 
3 58 384 385 
0 
9 67 111 150 189 303 320 348 356 374 
6 70 162 263 297 374 384 
6 58 88 95 156 162 238 
6 36 85 165 229 319 330 
6 93 274 276 370 371 391 
4 199 238 335 347 
2 258 344 
1 53 
2 91 385 
8 23 25 41 88 115 143 151 273 
4 29 42 85 247 
2 126 227 
5 76 223 243 302 357 
2 146 249 
10 79 125 183 196 232 242 298 365 368 371 
6 1 94 120 181 368 378 
3 43 137 320 
4 242 264 273 278 
3 41 90 164 
5 36 171 210 230 367 
7 6 26 101 155 159 173 254 
4 12 15 26 374 
6 90 143 194 195 355 398 
4 104 226 302 341 
4 55 78 280 303 
3 53 158 191 
4 42 188 210 330 
5 89 147 269 291 362 
9 25 56 99 196 254 291 347 351 392 
2 155 352 
400 1027
5 42 132 145 161 317 
3 108 158 301 
6 71 123 231 260 336 387 
5 10 30 146 224 258 
5 35 110 122 278 334 
5 7 32 208 316 351 
4 140 224 344 362 
7 5 53 94 137 195 355 373 
3 97 189 244 
6 27 70 74 119 248 337 
6 3 70 123 189 314 337 
2 63 121 
4 27 36 147 303 
4 190 262 387 395 
5 119 191 301 327 372 
8 31 97 111 168 219 269 315 372 
4 40 139 238 323 
3 153 323 350 
6 29 50 77 185 238 283 
5 118 209 236 257 288 
6 58 258 312 339 346 380 
6 106 107 116 169 316 391 
8 73 90 101 104 220 237 351 361 
5 54 229 232 272 345 
4 125 143 255 328 
3 136 138 170 
7 60 99 126 201 249 295 329 
4 9 12 168 200 
8 29 62 75 117 149 311 334 362 
8 18 28 73 123 176 195 217 335 
6 3 124 204 328 352 385 
3 15 49 128 
4 5 310 320 325 
4 70 143 245 357 
5 75 123 251 305 341 
6 4 80 208 239 275 362 
6 12 149 198 217 232 257 
3 111 224 239 
4 112 179 195 309 
4 94 173 233 266 
8 16 64 114 120 130 281 338 340 
1 193 
4 0 48 215 293 
1 90 
2 228 332 
2 153 247 
3 86 239 375 
5 151 167 249 376 394 
5 42 76 136 253 271 
6 31 69 143 144 271 283 
5 18 116 134 289 310 
0 
4 201 322 382 391 
10 7 95 100 121 134 263 279 343 358 391 
8 23 113 134 188 191 260 324 389 
5 63 215 252 309 393 
1 137 
6 123 176 216 265 348 387 
5 20 78 82 162 376 
5 109 171 182 206 329 
5 26 117 123 222 395 
3 62 90 211 
5 28 61 179 200 226 
3 11 55 165 
3 40 211 349 
10 73 79 84 125 197 210 324 326 349 380 
1 354 
2 72 122 
3 110 321 394 
4 49 112 223 247 
8 9 10 33 117 133 210 253 276 
7 2 93 109 219 297 343 387 
4 67 174 299 379 
5 22 29 65 355 385 
4 9 238 364 377 
7 28 34 79 90 246 276 318 
8 48 80 131 162 176 185 203 323 
4 18 288 333 337 
5 58 159 276 290 311 
6 65 75 90 260 350 378 
6 35 76 111 164 208 250 
3 146 252 294 
7 58 115 149 273 344 374 390 
5 101 269 298 368 392 
6 65 107 173 228 274 276 
4 218 233 300 351 
6 46 100 159 160 164 213 
3 179 220 375 
3 110 235 394 
10 143 149 213 217 236 253 280 292 340 386 
8 22 43 61 75 79 189 248 308 
4 96 104 125 159 
5 103 184 274 323 356 
8 71 134 191 213 225 338 346 387 
3 7 39 350 
5 53 98 214 259 382 
6 91 154 316 353 374 396 
6 8 15 104 138 305 314 
10 95 106 143 170 175 194 266 289 329 390 
8 26 153 193 215 276 324 327 383 
5 53 86 255 330 331 
6 22 83 165 211 355 381 
8 160 161 174 224 238 275 300 356 
6 92 176 196 281 362 384 
5 22 91 97 231 251 
5 119 132 194 207 240 
8 21 98 155 188 267 321 324 360 
6 21 84 127 155 247 365 
4 1 173 175 348 
5 59 71 187 314 363 
9 4 68 88 115 154 168 222 247 311 
8 15 37 80 136 173 216 267 284 
5 38 69 149 194 229 
2 54 379 
4 40 137 324 331 
4 82 110 118 264 
4 21 50 128 221 
4 28 60 70 230 
2 19 115 
6 9 14 105 254 291 319 
4 40 314 358 386 
9 11 53 163 170 237 322 351 385 398 
8 4 67 211 257 303 320 368 393 
9 2 10 29 34 57 60 132 303 316 
6 30 146 253 264 286 376 
9 24 65 91 174 206 248 285 322 368 
3 26 205 265 
2 107 258 
4 31 116 172 386 
1 309 
5 40 188 236 257 340 
2 76 135 
7 0 105 123 226 289 318 361 
2 70 315 
7 50 53 54 93 177 199 253 
5 131 223 310 340 361 
6 25 48 111 164 200 205 
10 7 56 114 222 235 259 261 334 335 387 
2 25 97 
5 16 191 288 318 330 
6 6 235 241 261 278 302 
4 154 183 199 237 
3 170 232 247 
9 24 33 49 89 98 214 232 278 347 
5 49 192 244 330 353 
4 0 208 337 356 
6 3 81 124 266 285 327 
5 12 196 203 342 343 
1 230 
5 28 36 82 89 112 
5 257 294 297 322 325 
4 47 190 204 350 
2 171 341 
6 17 45 99 159 173 367 
8 96 110 141 167 203 227 273 332 
5 106 107 243 334 354 
4 247 340 363 378 
4 189 319 341 392 
4 1 246 382 392 
6 78 86 91 153 191 225 
6 86 102 171 182 186 328 
4 0 102 169 349 
3 58 76 388 
7 121 221 249 252 259 309 330 
6 80 86 136 292 322 391 
5 63 101 206 275 351 
2 309 346 
4 47 154 177 397 
7 15 27 110 181 274 361 385 
5 21 161 174 252 268 
8 25 98 121 142 180 200 210 355 
4 59 152 160 333 
3 128 188 289 
9 39 84 108 111 153 253 266 286 334 
7 72 102 125 169 178 295 296 
6 98 108 327 341 342 350 
7 29 57 76 103 213 283 350 
7 134 167 235 275 279 311 393 
3 174 267 333 
8 38 62 87 228 243 251 357 386 
4 170 281 283 391 
7 168 224 227 234 243 274 286 
4 59 160 231 381 
3 141 327 377 
4 92 244 293 352 
7 18 76 186 208 216 278 330 
6 160 185 198 251 358 362 
6 109 211 243 245 326 372 
9 54 106 130 172 247 259 306 355 380 
6 8 10 90 157 276 359 
7 13 151 192 194 219 235 372 
8 14 54 93 139 159 239 250 293 
2 144 190 
4 41 99 313 392 
5 98 105 112 190 387 
3 7 29 38 
3 103 147 341 
4 65 295 353 357 
4 36 186 202 224 
6 134 141 228 271 304 392 
7 27 62 136 170 209 348 390 
4 26 52 235 299 
5 198 206 289 325 393 
4 76 147 154 291 
4 30 151 249 305 
4 126 136 297 387 
5 59 125 165 202 392 
3 105 288 313 
9 5 35 80 145 185 224 355 370 376 
3 19 200 232 
5 65 70 170 295 308 
7 61 64 101 122 187 233 343 
2 236 295 
6 86 89 93 176 286 302 
6 95 143 231 233 244 255 
5 42 55 99 217 242 
5 57 111 185 287 380 
6 29 36 89 215 258 380 
3 85 387 395 
4 15 71 190 285 
4 22 87 231 386 
5 116 163 283 321 327 
7 60 110 137 265 352 376 388 
2 69 135 
11 3 6 37 102 181 198 208 268 282 390 395 
5 93 159 232 328 335 
4 62 132 283 352 
6 154 181 282 287 327 393 
10 44 84 179 199 247 261 273 294 296 311 
4 23 112 283 346 
7 117 148 237 307 342 347 364 
7 2 104 182 214 220 369 370 
9 23 36 142 143 209 225 291 372 373 
7 39 85 211 214 237 272 348 
3 181 298 327 
9 88 137 140 177 190 201 300 344 354 
6 19 89 130 212 321 358 
8 22 121 141 230 233 251 255 379 
4 16 18 74 102 
10 35 37 46 191 253 262 267 361 385 395 
1 105 
4 140 279 356 394 
2 215 249 
4 155 179 181 187 
7 8 144 184 214 248 270 392 
3 33 187 347 
4 75 158 296 372 
8 45 69 107 110 142 156 188 228 
6 9 90 125 244 286 329 
8 26 47 163 204 242 252 284 369 
4 80 191 265 308 
8 34 104 179 186 237 325 334 358 
6 55 81 163 169 249 375 
10 48 70 89 124 134 173 239 308 365 396 
2 119 264 
5 24 100 214 237 287 
4 269 298 383 391 
7 19 36 122 130 150 336 357 
6 3 20 127 217 265 382 
4 95 137 163 188 
6 2 54 79 323 329 348 
8 137 140 228 282 296 328 335 346 
2 13 239 
3 53 274 327 
5 115 124 254 274 293 
9 57 126 222 250 258 275 302 330 333 
4 39 98 146 173 
7 106 111 178 239 299 334 398 
4 169 224 291 347 
3 15 83 256 
2 244 317 
5 48 49 199 318 380 
4 23 233 296 334 
6 82 154 228 284 311 353 
10 84 92 168 181 263 264 284 288 294 355 
5 35 102 165 177 265 
7 70 75 78 84 99 189 328 
2 346 381 
5 4 140 143 185 348 
7 53 177 241 296 312 316 377 
3 89 355 393 
3 40 103 180 
3 224 227 261 
7 18 49 176 180 221 226 229 
5 111 249 273 274 297 
6 125 146 219 337 341 343 
5 124 173 181 213 248 
3 216 227 255 
6 19 77 139 207 274 386 
6 50 98 132 172 202 331 
2 78 322 
6 119 203 232 268 306 326 
3 89 164 385 
4 42 184 191 264 
5 81 150 228 274 338 
6 26 174 197 210 212 324 
7 174 228 246 261 272 279 321 
6 71 150 205 284 304 313 
4 83 234 256 318 
3 72 201 267 
6 85 102 235 320 330 372 
2 1 14 
6 140 213 265 307 317 399 
7 12 122 123 332 347 381 394 
5 199 297 339 377 389 
5 34 97 204 307 360 
2 188 291 
4 230 302 305 309 
6 90 210 250 253 318 373 
7 38 55 129 163 166 307 327 
6 32 50 135 317 338 398 
6 28 78 110 177 228 273 
2 20 279 
3 193 207 297 
5 10 97 109 120 399 
6 15 133 320 373 382 387 
6 5 21 96 123 279 327 
5 0 270 302 310 378 
6 75 132 139 271 298 308 
2 119 157 
5 32 122 300 315 331 
6 68 106 221 236 296 339 
6 52 121 125 150 164 290 
5 16 17 76 92 260 
6 54 65 99 106 114 295 
5 32 150 202 251 352 
4 65 187 291 397 
12 14 99 146 175 183 221 227 234 263 309 316 363 
6 24 30 160 225 261 276 
8 26 59 98 248 260 340 363 396 
7 100 139 144 163 185 265 300 
5 100 114 289 320 335 
4 44 154 303 359 
4 77 171 178 265 
8 4 28 137 155 173 251 267 272 
5 29 137 225 261 331 
2 2 257 
5 9 10 77 145 285 
6 40 93 294 310 355 379 
3 20 304 321 
8 40 89 130 135 156 329 356 360 
7 34 152 157 175 196 285 384 
4 147 175 230 377 
5 53 71 147 211 285 
6 6 82 235 376 389 395 
3 23 347 398 
6 20 93 166 229 261 277 
7 143 230 245 268 303 345 375 
6 57 108 200 233 260 278 
3 64 65 161 
6 17 79 94 151 175 176 
5 5 22 85 121 165 
5 30 184 222 226 325 
5 96 144 197 273 370 
4 66 155 235 355 
10 7 73 101 170 188 208 274 280 338 354 
5 92 102 145 241 340 
5 33 179 197 257 375 
6 53 120 186 236 251 376 
3 189 332 394 
3 106 305 340 
6 22 132 135 168 239 371 
6 6 28 35 103 186 363 
7 109 156 327 329 362 368 389 
3 74 230 368 
3 107 253 376 
0 
2 153 392 
5 83 122 125 363 364 
2 231 249 
3 208 231 353 
2 361 398 
7 14 15 187 190 232 246 300 
6 7 232 308 315 378 393 
3 82 96 392 
5 46 87 252 347 357 
8 47 58 124 208 222 344 358 365 
5 74 183 279 304 342 
4 79 156 317 373 
4 72 113 237 338 
7 20 65 188 216 217 271 397 
4 101 182 277 303 
6 52 95 158 258 315 394 
2 99 256 
2 103 341 
7 30 73 121 168 239 292 394 
6 89 120 128 179 220 288 
10 2 13 57 71 93 137 194 205 218 315 
2 162 222 
4 54 304 344 363 
4 82 98 200 224 
6 21 52 53 164 180 256 
9 83 157 158 193 199 206 244 367 374 
7 55 122 177 202 227 280 373 
8 47 68 88 241 303 359 382 385 
7 13 60 218 224 239 344 398 
3 96 253 329 
4 167 326 380 399 
6 121 267 310 345 371 395 
3 302 314 397 
