450 1081
2 112 354 
4 8 161 226 335 
5 96 305 327 370 416 
4 6 133 213 287 
4 65 117 371 389 
2 88 399 
7 3 168 169 185 228 241 245 
2 248 380 
4 1 79 121 195 
6 75 96 184 200 244 273 
8 21 54 234 255 288 310 376 422 
3 166 228 340 
8 46 83 224 254 305 308 396 430 
7 81 100 168 180 289 319 393 
4 20 102 156 378 
1 133 
7 78 146 173 180 186 237 265 
3 19 113 429 
3 50 300 332 
6 17 163 168 247 262 277 
3 14 337 404 
6 10 60 82 269 344 358 
9 85 94 148 203 235 345 404 423 446 
6 68 119 166 362 363 381 
6 39 51 190 212 321 330 
6 59 83 138 278 288 350 
4 107 193 305 427 
4 86 192 278 286 
5 277 280 289 322 402 
1 90 
9 71 168 250 274 289 381 398 421 423 
4 101 262 275 363 
9 177 231 247 333 373 378 402 423 426 
1 368 
5 108 226 245 302 329 
4 124 138 312 315 
6 82 162 173 337 379 388 
5 64 144 254 325 341 
4 138 218 276 334 
6 24 51 173 249 299 324 
3 392 394 421 
2 394 403 
3 97 334 430 
3 197 426 430 
2 196 398 
2 118 444 
8 12 55 121 146 202 227 331 444 
5 118 144 169 231 291 
4 207 267 392 423 
12 63 99 114 197 305 323 332 339 370 443 444 449 
7 18 56 72 75 135 168 435 
6 24 39 166 180 226 230 
5 69 143 161 309 414 
7 223 232 289 313 355 379 432 
4 10 166 252 271 
4 46 159 202 375 
3 50 252 391 
2 327 373 
7 251 285 342 350 372 408 410 
6 25 67 104 404 408 414 
3 21 194 414 
6 80 123 160 205 318 388 
3 88 198 347 
4 49 282 371 378 
5 37 97 115 294 422 
2 4 132 
2 357 426 
6 59 74 139 246 328 401 
5 23 71 77 111 249 
6 52 72 90 91 158 179 
4 146 155 234 383 
5 30 68 122 166 442 
6 50 69 181 352 375 381 
5 98 100 105 283 353 
3 67 182 189 
5 9 50 170 252 308 
4 93 352 370 377 
4 68 130 279 351 
6 16 99 228 238 266 386 
7 8 160 190 223 272 405 447 
6 61 169 270 286 356 430 
4 13 319 378 421 
9 21 36 93 94 169 302 331 333 409 
7 12 25 107 188 204 281 355 
5 317 416 418 427 441 
6 22 273 280 282 303 439 
5 27 249 395 445 447 
5 120 192 258 270 303 
6 5 62 93 165 307 449 
3 192 334 339 
6 29 69 114 287 436 440 
6 69 132 133 175 231 448 
5 150 196 210 443 447 
7 76 82 88 142 183 240 417 
8 22 82 116 199 236 258 294 350 
2 104 348 
4 2 9 212 250 
4 42 64 98 354 
5 73 97 131 282 443 
6 49 78 194 236 307 448 
5 13 73 251 280 391 
8 31 180 307 363 403 431 433 434 
5 14 303 324 399 411 
5 114 146 206 372 415 
6 59 95 166 237 260 303 
4 73 135 212 423 
2 142 442 
6 26 83 119 198 250 389 
5 34 211 227 377 439 
4 141 167 322 343 
8 114 259 262 308 330 335 389 428 
3 68 148 299 
5 0 158 218 238 332 
7 17 193 286 306 358 410 427 
6 49 90 103 110 201 318 
2 64 422 
7 94 117 120 146 191 298 395 
7 4 116 166 177 181 249 443 
10 45 47 287 294 346 367 372 374 377 443 
5 23 107 139 178 180 
10 87 116 178 192 218 370 404 422 432 435 
7 8 46 150 154 192 227 277 
4 71 270 333 419 
5 61 186 305 346 434 
7 35 132 167 175 200 246 396 
3 239 269 293 
8 132 230 267 292 302 310 314 378 
8 180 243 257 388 397 403 408 430 
5 273 299 309 345 383 
7 235 253 254 327 413 417 432 
7 77 158 224 290 299 407 427 
4 98 159 338 372 
6 65 91 124 126 175 386 
13 3 15 91 144 159 183 240 281 305 344 419 430 436 
1 311 
3 50 105 371 
5 152 164 373 410 434 
4 145 294 313 432 
5 25 35 38 142 187 
3 67 119 340 
4 171 266 397 422 
4 109 172 181 447 
4 93 106 138 307 
3 52 185 257 
8 37 47 133 150 227 333 340 420 
3 137 210 233 
8 16 46 70 103 116 153 267 408 
4 182 279 314 420 
6 22 111 175 182 298 338 
5 208 263 269 322 407 
4 92 121 144 442 
4 175 176 242 426 
6 136 233 256 286 339 401 
6 146 228 256 259 328 362 
6 121 184 312 353 431 435 
3 70 321 373 
4 14 304 325 437 
0 
6 69 112 130 169 215 248 
5 55 131 133 212 416 
4 61 79 336 379 
4 1 52 205 351 
6 36 193 253 341 370 373 
4 19 307 398 441 
2 136 243 
5 88 215 261 316 342 
9 11 23 51 54 71 104 117 169 322 
3 109 124 258 
5 6 13 19 30 50 
7 6 47 80 82 158 166 239 
5 75 229 236 310 318 
2 140 254 
2 141 270 
3 16 36 39 
2 382 431 
8 91 124 132 148 151 225 369 400 
6 151 254 256 350 369 387 
3 32 117 292 
6 119 120 268 306 392 422 
5 69 189 338 374 437 
11 13 16 51 101 119 127 250 327 386 427 436 
7 72 117 141 206 236 241 278 
5 74 147 148 247 344 
4 93 133 228 263 
7 9 154 296 328 369 402 405 
9 6 143 282 363 412 432 440 443 444 
3 16 123 273 
1 138 
8 83 207 212 219 223 247 250 362 
2 74 179 
8 24 79 237 263 374 377 401 435 
4 116 234 246 270 
5 27 87 89 120 121 
6 26 113 162 297 369 446 
5 60 99 232 393 418 
2 8 235 
6 44 92 268 283 312 446 
4 43 49 267 409 
4 62 107 308 377 
3 94 215 286 
3 9 124 291 
4 114 268 287 344 
3 46 55 397 
3 22 342 412 
1 83 
2 61 161 
3 103 181 240 
2 48 188 
4 149 249 257 347 
2 331 376 
4 92 145 245 393 
3 108 325 401 
7 24 96 105 159 188 227 248 
4 3 307 344 408 
0 
4 158 165 199 299 
1 312 
3 240 241 374 
6 38 112 120 235 243 296 
3 188 226 380 
3 265 335 442 
3 261 386 440 
3 286 310 370 
4 53 79 188 424 
4 12 130 251 364 
2 175 410 
5 1 34 51 219 449 
6 46 108 121 144 212 313 
8 6 11 78 153 183 348 386 424 
1 170 
4 51 126 275 330 
6 32 47 91 273 356 397 
3 53 194 288 
5 145 152 234 307 404 
4 10 70 191 233 
8 22 129 195 218 247 267 356 381 
7 94 99 170 181 274 294 392 
6 16 104 190 240 263 286 
7 78 112 250 298 396 426 447 
3 125 169 291 
7 93 133 206 217 237 292 384 
9 6 181 217 246 272 273 321 359 444 
2 151 321 
5 127 164 218 317 381 
4 9 266 279 295 
4 6 34 210 247 
6 67 124 191 241 283 426 
8 19 32 182 188 235 245 391 443 
5 7 158 212 350 379 
9 39 68 86 117 208 255 306 325 345 
9 30 96 107 180 188 238 262 340 374 
5 58 100 224 348 435 
4 54 56 75 394 
5 129 162 254 321 346 
8 12 37 129 171 176 253 327 435 
3 10 249 276 
5 152 153 176 265 349 
7 127 143 208 277 295 378 419 
5 87 94 167 271 329 
5 110 153 299 317 432 
3 104 335 390 
5 165 221 375 418 422 
6 19 31 110 250 280 409 
6 149 183 190 237 312 434 
2 302 368 
6 16 220 256 309 332 446 
4 78 140 244 321 
7 48 126 146 197 235 432 441 
4 178 196 201 371 
4 21 125 149 347 
6 80 87 122 172 191 441 
3 54 258 335 
5 79 241 283 291 400 
8 9 85 128 186 231 241 296 406 
6 30 236 302 345 411 425 
5 31 230 308 359 409 
5 38 255 282 339 390 
6 19 28 121 257 317 416 
4 25 27 181 330 
4 77 147 244 372 
6 28 85 100 262 373 400 
6 83 133 292 313 340 448 
7 63 85 98 185 276 334 379 
5 73 196 246 272 428 
2 381 433 
2 58 418 
7 27 80 113 152 199 222 237 
8 3 90 118 201 293 347 374 381 
7 10 25 232 358 359 368 421 
5 13 28 30 53 408 
6 130 324 383 400 411 414 
6 47 200 239 272 372 389 
7 126 177 240 281 346 356 425 
3 125 287 447 
7 64 94 118 137 236 332 405 
4 244 257 406 424 
3 184 218 273 
2 193 304 
5 116 148 238 335 369 
6 39 111 128 130 215 259 
3 18 372 399 
2 326 374 
6 34 82 126 264 274 307 
6 85 87 102 104 372 404 
2 156 297 
10 2 12 26 49 123 133 315 348 361 435 
3 113 178 249 
10 88 99 101 142 163 213 233 302 335 444 
8 12 75 110 198 275 353 406 447 
4 52 128 265 425 
4 10 126 170 222 
2 134 386 
6 35 154 196 216 263 397 
6 53 137 227 281 326 405 
2 126 147 
2 35 305 
1 165 
5 84 243 259 277 430 
4 61 114 170 415 
3 13 81 358 
2 331 443 
8 24 155 241 242 253 266 398 446 
5 28 109 149 166 447 
3 49 375 411 
4 39 102 290 389 
6 37 156 211 249 393 424 
3 301 313 337 
5 2 57 129 180 254 
7 67 153 184 331 380 399 439 
2 34 258 
4 24 110 230 278 
7 46 82 209 320 328 411 426 
5 18 49 112 265 294 
5 32 82 122 144 427 
6 38 42 89 282 379 395 
8 1 110 220 260 271 298 307 395 
2 160 427 
3 20 36 326 
5 131 148 179 343 376 
5 49 89 152 276 423 
7 11 139 144 250 281 364 370 
3 37 162 423 
4 58 165 203 375 
2 109 338 
5 21 133 182 201 213 
4 22 128 249 274 
5 118 123 253 292 380 
5 62 208 269 287 445 
5 95 228 251 305 422 
1 256 
6 25 58 94 176 248 376 
2 77 161 
2 72 76 
3 73 154 308 
2 0 97 
3 53 83 389 
5 80 231 235 292 400 
1 66 
5 21 113 288 319 392 
4 241 275 288 396 
0 
2 305 411 
3 23 153 188 
4 23 31 101 185 
3 224 340 442 
0 
1 419 
2 118 419 
3 33 264 288 
8 175 176 184 193 298 385 403 436 
8 2 49 76 120 162 222 340 417 
4 4 63 135 268 
10 58 103 118 131 279 291 300 303 379 397 
6 32 57 136 155 162 280 
8 118 179 190 217 250 287 301 394 
7 55 72 261 323 342 394 395 
5 10 209 338 350 449 
6 76 108 118 190 198 389 
6 14 32 63 81 126 257 
9 36 53 160 248 282 334 372 430 448 
4 7 219 328 346 
7 23 30 72 235 243 284 287 
3 174 399 420 
3 70 128 290 
1 240 
1 369 
6 78 132 180 221 228 311 
1 176 
3 36 61 127 
7 4 107 110 291 324 355 377 
2 260 276 
4 56 100 247 448 
5 40 48 178 236 358 
4 13 194 210 325 
6 40 41 252 374 375 401 
6 86 116 334 335 375 407 
7 12 124 238 359 413 418 439 
7 127 140 202 231 312 372 400 
4 30 44 163 321 
7 5 102 300 328 382 428 444 
6 175 272 280 290 356 397 
7 67 152 190 211 394 411 426 
4 28 32 184 412 
4 41 101 127 369 
6 20 22 59 120 233 303 
6 79 184 294 313 419 422 
4 273 295 308 448 
3 130 149 395 
7 58 59 127 146 213 289 429 
4 82 197 262 275 
6 58 113 136 225 415 433 
7 102 274 290 323 331 361 401 
3 185 203 402 
2 129 396 
5 52 59 60 290 439 
3 103 318 410 
4 2 84 159 277 
4 93 129 370 434 
5 84 194 261 285 396 
6 122 133 257 366 367 405 
4 144 147 382 428 
4 30 40 81 288 
9 10 64 115 120 140 178 261 348 405 
8 22 30 32 48 105 339 341 434 
4 223 228 295 325 
3 274 292 309 
8 32 43 66 151 238 246 331 401 
7 26 84 113 130 180 333 336 
4 110 283 399 420 
2 17 408 
8 12 42 43 80 127 133 317 379 
3 101 154 174 
7 53 120 129 137 185 259 267 
3 101 284 410 
6 101 123 136 263 417 423 
7 50 120 154 190 251 254 305 
4 90 133 180 369 
2 156 179 
0 
5 85 108 328 396 414 
3 90 185 221 
4 84 163 267 270 
5 71 106 150 220 364 
8 49 92 98 117 118 185 247 320 
8 45 46 49 185 241 307 399 447 
2 86 347 
5 22 193 196 265 321 
9 79 86 92 141 238 293 308 322 444 
6 91 99 281 379 391 406 
4 49 88 226 376 
450 1131
7 41 81 130 252 284 288 368 
5 134 269 280 304 427 
6 107 113 212 385 390 418 
4 93 398 419 445 
1 275 
4 212 350 408 414 
7 17 89 102 216 218 241 272 
2 137 187 
3 115 326 399 
5 118 142 341 357 434 
6 38 61 206 222 332 410 
5 18 62 176 301 381 
1 276 
8 18 144 157 183 194 350 380 422 
7 72 123 154 168 177 195 315 
2 168 217 
5 44 79 178 348 438 
5 6 34 86 139 225 
5 11 13 114 156 328 
8 22 93 123 139 166 334 363 433 
6 28 58 124 179 225 227 
9 55 70 137 188 250 309 310 314 363 
4 19 214 255 410 
4 30 155 373 443 
8 41 58 85 97 145 191 303 362 
4 102 123 157 408 
8 66 156 205 238 322 379 401 413 
3 104 153 421 
5 20 168 213 336 411 
7 153 190 211 233 243 277 444 
10 23 127 164 191 196 215 287 310 350 411 
7 56 96 118 179 227 230 286 
6 40 115 116 248 294 438 
10 48 124 125 138 188 202 239 264 320 436 
7 17 41 126 207 229 371 391 
4 139 152 214 260 
8 55 167 221 224 260 319 347 439 
4 145 244 246 419 
7 10 137 264 313 354 393 407 
8 51 76 140 253 290 333 384 401 
4 32 144 189 224 
5 0 24 34 252 295 
5 75 82 153 299 446 
2 133 424 
1 16 
2 200 265 
6 136 180 208 263 337 422 
9 49 83 96 186 232 278 343 368 383 
6 33 153 166 271 378 411 
8 47 101 173 205 247 284 321 367 
3 78 138 403 
3 39 190 404 
4 200 348 396 417 
2 104 167 
3 130 222 265 
5 21 36 91 218 294 
8 31 135 222 252 273 339 375 380 
7 267 280 304 306 379 380 432 
3 20 24 366 
8 73 103 115 279 285 305 322 346 
7 67 96 112 150 340 402 417 
3 10 316 385 
5 11 98 150 236 259 
4 111 130 293 354 
5 90 97 236 237 375 
0 
8 26 134 171 174 199 202 315 329 
6 60 93 161 331 395 409 
6 222 267 303 327 373 432 
3 207 298 318 
7 21 75 168 191 206 389 411 
4 84 179 364 398 
6 14 206 217 221 363 442 
2 59 246 
6 216 244 247 254 304 325 
6 42 70 148 247 296 441 
3 39 259 296 
6 207 222 315 402 426 445 
6 50 152 168 309 329 339 
3 16 114 320 
2 134 337 
4 0 106 223 224 
8 42 112 126 127 135 221 291 358 
6 47 99 139 143 175 418 
6 71 168 191 326 440 442 
7 24 237 240 247 256 287 299 
4 17 98 248 410 
7 98 180 288 336 358 366 428 
6 119 200 253 360 364 425 
10 6 97 99 180 226 312 324 371 420 445 
6 64 192 275 317 344 360 
5 55 139 214 225 268 
2 344 423 
4 3 19 67 267 
2 273 429 
4 137 183 205 409 
8 31 47 60 99 132 220 375 417 
8 24 64 89 108 172 276 359 395 
5 62 86 87 206 359 
5 83 89 96 251 341 
4 190 278 303 405 
4 49 188 203 209 
6 6 25 160 173 286 396 
5 59 130 189 366 382 
8 27 53 151 153 164 175 321 346 
2 323 383 
5 81 162 350 358 428 
4 2 211 366 441 
7 97 138 144 259 346 370 382 
5 273 287 395 400 411 
4 168 175 296 365 
11 63 129 134 174 240 265 279 291 312 314 329 
7 60 82 134 197 327 362 367 
6 2 222 310 391 392 422 
6 18 79 122 198 313 342 
10 8 32 59 145 189 199 329 366 421 425 
5 32 216 411 420 425 
4 187 211 221 422 
4 9 31 168 218 
4 88 198 220 342 
3 122 224 300 
4 232 305 337 422 
5 114 120 183 348 381 
7 14 19 25 298 355 386 399 
5 20 33 241 366 395 
7 33 156 164 251 272 321 438 
6 34 82 335 360 432 446 
6 30 82 156 163 174 428 
5 189 324 351 379 382 
5 111 293 328 392 416 
6 0 54 63 103 153 382 
3 193 336 439 
6 96 164 220 224 230 291 
3 43 195 335 
10 1 66 80 111 112 211 227 231 389 427 
2 56 82 
4 46 170 324 330 
5 7 21 38 95 397 
7 33 50 108 141 241 333 353 
7 17 19 35 83 91 209 373 
5 39 154 254 339 348 
5 138 146 347 357 399 
9 9 222 232 314 343 358 392 405 445 
3 83 201 388 
9 13 40 108 183 238 282 361 382 442 
3 24 37 115 
7 141 182 187 240 249 254 410 
2 301 387 
1 75 
4 257 375 398 431 
4 60 62 208 299 
3 104 378 402 
7 35 78 201 205 287 337 447 
11 27 29 42 48 104 130 164 170 176 227 309 
4 14 140 300 330 
7 23 185 227 285 339 368 444 
8 18 26 125 127 193 398 431 446 
6 13 25 178 312 344 389 
5 187 193 251 413 445 
3 171 194 347 
1 102 
2 67 308 
6 106 165 258 331 412 426 
6 127 275 293 328 404 412 
8 30 104 125 132 153 205 301 343 
5 162 250 307 368 447 
8 19 48 181 184 204 267 285 345 
4 36 53 299 436 
9 14 15 28 70 78 84 110 118 198 
3 213 288 383 
6 136 153 250 360 388 446 
4 66 159 443 447 
2 97 360 
3 49 102 292 
7 66 111 127 214 290 308 329 
6 83 104 110 262 277 342 
5 11 153 279 403 436 
5 14 206 251 301 441 
5 16 157 213 326 371 
6 20 31 71 196 200 236 
5 46 87 89 211 359 
2 166 302 
3 146 346 352 
6 13 95 122 144 191 449 
2 166 243 
5 155 194 268 395 448 
4 47 282 292 342 
9 7 117 146 158 197 290 313 358 438 
5 21 33 101 319 449 
9 40 103 115 128 278 316 337 433 445 
4 29 51 100 425 
8 24 30 70 84 183 200 366 447 
2 90 334 
4 131 156 158 405 
5 13 159 185 262 309 
5 14 133 286 327 384 
4 30 179 329 417 
5 112 187 273 373 379 
6 114 119 168 257 260 424 
6 66 115 210 253 355 399 
7 45 52 88 179 191 312 435 
3 143 152 295 
4 33 66 229 344 
3 101 269 339 
3 166 326 376 
7 26 49 95 152 164 219 353 
6 10 70 72 98 177 243 
7 34 69 77 215 254 271 306 
4 46 150 254 290 
3 101 139 281 
3 199 316 426 
7 29 107 117 134 180 225 226 
5 2 5 251 277 401 
8 28 169 178 237 243 412 420 437 
7 22 35 91 174 222 260 306 
3 30 207 225 
8 6 74 116 258 260 292 368 434 
6 15 72 247 318 418 440 
6 6 55 118 227 295 377 
4 205 223 340 377 
6 96 119 132 260 269 397 
6 36 72 82 117 264 422 
10 10 54 56 68 77 113 142 214 267 291 
3 81 219 324 
5 36 40 81 120 132 
10 17 20 91 211 215 264 350 410 419 425 
3 89 211 245 
10 20 31 134 153 155 218 281 333 389 400 
0 
4 34 202 244 248 
6 31 132 293 308 394 445 
5 134 236 283 322 432 
4 47 121 142 399 
3 29 270 393 
5 318 340 341 354 361 
0 
4 62 64 179 231 
4 64 85 213 377 
2 26 144 
4 33 275 289 382 
7 85 111 146 264 296 379 412 
5 6 124 138 385 445 
0 
7 29 184 206 213 289 313 394 
6 37 74 229 314 362 365 
4 226 412 427 441 
4 37 73 291 350 
5 49 74 75 85 217 
5 32 86 229 271 438 
4 146 319 381 403 
6 21 165 170 289 350 397 
8 99 125 158 177 212 328 338 370 
4 0 41 56 355 
4 39 88 199 335 
11 74 140 146 207 208 262 350 367 398 402 440 
2 22 268 
5 85 297 306 320 424 
3 149 198 329 
8 162 216 264 287 300 404 411 423 
4 62 76 108 284 
8 35 36 198 214 216 220 293 449 
0 
3 175 194 254 
2 46 357 
6 33 38 221 225 240 258 
4 45 54 111 316 
0 
7 57 68 93 166 222 336 412 
5 91 185 255 348 431 
4 1 203 220 318 
6 233 299 312 340 343 381 
4 48 207 248 334 
2 6 125 
7 56 94 109 197 348 413 442 
1 393 
5 4 90 163 239 319 
7 12 97 305 311 313 341 344 
3 29 175 212 
5 47 100 189 360 427 
5 59 111 176 378 413 
5 1 57 339 390 423 
3 209 227 351 
4 144 186 289 447 
2 231 383 
6 0 49 259 329 438 442 
7 59 155 166 300 311 366 403 
3 31 102 195 
7 30 85 109 152 258 391 408 
4 0 87 169 423 
6 239 243 250 282 329 413 
4 39 174 187 208 
9 82 111 132 222 246 330 367 410 440 
5 173 186 216 352 358 
6 63 129 163 230 260 414 
5 32 55 301 311 380 
4 41 201 218 395 
4 75 76 110 240 
1 256 
5 69 123 315 336 357 
7 42 85 150 167 270 353 446 
5 120 154 258 285 370 
8 11 147 164 177 294 345 373 376 
2 181 387 
4 24 68 100 391 
5 1 57 74 342 438 
4 59 121 276 422 
7 57 207 214 256 368 416 417 
4 165 313 404 423 
5 161 174 230 371 376 
5 21 78 153 194 320 
5 21 30 113 409 416 
6 276 285 294 316 385 398 
7 89 111 157 200 270 332 377 
10 38 114 187 243 276 307 330 331 373 392 
7 21 111 142 244 382 403 430 
4 14 66 77 298 
7 61 189 210 265 311 317 413 
4 90 316 425 444 
5 69 217 234 269 363 
4 36 188 249 275 
6 33 79 256 309 391 434 
4 49 104 125 426 
5 26 59 231 376 390 
1 105 
4 89 128 136 223 
1 74 
5 8 84 178 204 365 
4 68 112 195 329 
7 18 129 163 251 354 403 432 
11 66 78 111 115 174 196 257 284 289 327 335 
6 136 154 291 313 375 426 
4 67 162 313 416 
3 10 312 424 
5 39 138 227 381 407 
4 19 192 271 391 
6 126 133 253 329 374 426 
7 28 87 131 267 298 351 445 
7 46 80 121 152 189 378 383 
2 251 449 
6 56 78 140 155 203 280 
4 60 219 234 270 
6 9 99 234 276 342 408 
6 114 119 175 186 304 341 
5 47 142 164 270 437 
8 90 92 157 202 276 370 405 438 
2 166 301 
5 59 104 108 182 380 
7 36 141 159 374 403 426 448 
7 16 52 122 140 268 273 407 
3 356 366 374 
10 5 13 30 106 225 246 250 254 419 426 
4 128 281 336 378 
2 182 292 
3 138 205 299 
4 38 63 234 328 
4 123 199 252 383 
1 349 
5 9 141 263 298 422 
8 82 87 106 142 187 292 418 423 
3 97 98 180 
6 88 90 126 170 172 278 
3 144 234 438 
3 24 112 244 
4 19 21 72 318 
4 71 88 365 446 
5 110 244 326 364 391 
9 58 87 103 107 115 124 191 285 349 
4 49 112 254 291 
6 0 47 155 165 216 306 
2 402 444 
4 108 251 300 344 
6 34 89 178 308 407 438 
3 385 407 421 
6 23 68 139 197 301 313 
6 335 347 349 377 392 409 
6 56 64 96 149 330 435 
4 204 301 308 322 
7 218 219 237 312 374 443 444 
5 48 151 279 337 351 
5 26 57 128 197 240 
6 13 56 57 294 346 393 
5 11 122 249 270 333 
9 103 108 128 130 144 239 314 390 419 
6 47 105 169 283 337 355 
3 39 195 434 
5 2 61 241 311 372 
2 123 388 
2 147 302 
3 143 170 386 
4 70 134 157 227 
5 2 280 322 382 441 
8 34 113 287 303 320 334 365 448 
6 113 129 142 313 374 394 
6 38 233 274 380 398 402 
6 230 243 392 412 413 428 
6 67 97 109 124 185 295 
2 52 102 
4 137 220 250 408 
7 3 71 149 156 254 311 393 
5 8 123 141 199 232 
2 109 227 
3 26 39 212 
6 60 77 151 254 369 393 
7 50 176 249 285 314 328 347 
4 51 163 258 307 
4 100 142 193 344 
1 430 
6 38 333 348 371 372 444 
6 5 25 287 341 397 436 
4 67 95 310 374 
6 10 22 86 146 225 291 
7 28 30 48 70 109 116 258 
8 162 163 213 240 245 267 394 441 
7 26 158 273 279 289 316 394 
2 5 293 
0 
5 129 306 310 331 444 
5 52 60 96 196 306 
6 2 83 217 358 421 444 
5 3 37 225 350 382 
3 89 116 213 
4 27 115 372 418 
8 13 46 113 117 121 221 305 357 
6 92 258 280 288 307 358 
4 43 198 256 332 
7 88 115 116 190 225 317 434 
8 77 162 210 321 330 335 347 350 
4 1 134 245 278 
4 87 106 127 394 
1 94 
2 314 406 
3 149 156 268 
5 57 68 126 231 328 
2 19 189 
5 9 216 320 384 425 
2 200 375 
4 33 167 176 408 
2 213 343 
10 16 32 125 187 248 284 304 344 361 371 
2 36 131 
4 84 217 254 291 
6 75 107 177 245 390 412 
5 72 84 144 273 284 
3 23 171 377 
8 29 155 317 369 377 407 416 418 
9 3 77 89 142 158 189 230 241 336 
6 42 126 156 170 299 364 
5 152 165 171 191 282 
3 185 347 391 
4 183 188 260 338 
