470 1135
3 112 354 456 
3 141 206 315 
6 56 265 287 330 376 412 
3 73 227 450 
4 37 291 309 452 
1 299 
6 48 49 65 108 121 125 
3 108 380 422 
4 35 355 376 464 
5 20 64 93 280 313 
8 34 55 88 110 176 222 404 466 
4 120 263 300 441 
9 14 65 68 156 190 277 296 364 376 
6 29 59 133 195 277 331 
3 12 98 287 
7 211 279 306 313 319 370 398 
2 131 225 
3 141 391 423 
5 233 238 317 332 347 
2 386 453 
6 9 88 110 297 372 386 
8 92 155 210 242 352 411 430 453 
7 54 105 152 348 367 450 462 
5 155 177 286 295 448 
5 27 82 222 232 294 
4 116 228 350 431 
3 94 180 188 
7 24 158 161 170 203 283 391 
2 350 447 
9 13 89 113 128 220 237 260 262 358 
5 80 93 181 412 466 
7 44 130 170 175 199 220 223 
4 144 299 417 436 
3 57 293 307 
6 10 46 49 229 309 320 
9 8 50 92 101 189 269 379 450 466 
4 241 321 379 437 
6 4 132 254 330 380 405 
2 451 453 
3 50 431 440 
3 112 349 445 
3 190 419 423 
2 167 369 
3 67 393 407 
8 31 48 73 129 154 258 371 447 
4 49 74 136 196 
8 34 90 150 275 306 346 382 397 
14 58 166 184 193 200 231 304 305 310 316 332 335 395 428 
7 6 44 274 403 417 463 467 
6 6 34 45 283 357 375 
6 35 39 104 209 414 423 
8 62 86 128 152 205 334 420 439 
2 304 347 
2 104 374 
3 22 98 426 
7 10 58 327 361 418 426 448 
8 2 71 73 120 157 457 461 467 
3 33 224 444 
7 47 55 87 130 167 212 395 
4 13 72 182 331 
5 243 332 339 443 461 
3 232 360 454 
1 51 
4 249 318 348 413 
7 9 115 197 270 321 327 361 
8 6 12 95 298 316 317 384 405 
3 348 357 436 
4 43 183 300 344 
3 12 219 335 
7 106 129 135 228 230 235 413 
3 84 288 295 
4 56 252 334 390 
5 59 151 410 428 435 
6 3 44 56 164 313 385 
4 45 109 248 276 
6 146 176 209 258 391 433 
5 131 232 248 318 392 
5 257 316 359 398 399 
7 83 216 245 247 323 387 468 
3 94 171 245 
6 30 183 282 284 293 307 
6 115 122 124 145 281 454 
8 24 213 263 265 300 372 438 450 
4 78 97 320 462 
5 70 219 322 464 469 
2 219 392 
7 51 158 162 212 213 255 311 
5 58 146 205 251 265 
7 10 20 117 121 213 270 447 
6 29 121 204 299 355 463 
2 46 328 
3 167 205 405 
4 21 35 284 412 
5 9 30 187 348 449 
5 26 79 116 187 328 
5 65 106 135 246 383 
5 137 193 233 261 264 
8 83 108 129 204 216 265 297 357 
7 14 54 152 291 362 385 428 
2 234 311 
2 153 215 
5 35 147 166 297 436 
4 232 248 398 460 
5 136 162 317 338 448 
8 50 53 228 231 277 304 397 455 
3 22 242 438 
6 69 95 135 155 249 446 
5 177 197 301 318 427 
4 6 7 97 183 
6 74 261 289 292 318 363 
8 10 20 111 208 311 322 326 394 
5 110 230 405 412 464 
9 0 40 128 133 135 138 204 230 269 
6 29 242 256 282 434 468 
8 131 141 144 187 191 229 264 314 
5 64 81 280 343 429 
7 25 94 169 288 329 417 440 
6 88 123 131 156 202 352 
4 168 198 222 384 
8 132 169 194 212 216 280 404 467 
8 11 56 132 263 272 278 305 469 
10 6 88 89 147 157 193 231 403 421 422 
9 81 148 234 238 253 298 364 430 439 
5 117 201 221 271 450 
3 81 139 259 
9 6 126 200 215 239 296 337 361 400 
5 125 132 143 149 339 
2 371 465 
8 29 51 112 136 345 382 406 429 
8 44 69 97 238 257 376 397 442 
2 31 58 
7 16 76 114 117 228 368 463 
8 37 119 120 126 257 282 340 349 
4 13 112 279 446 
2 295 367 
8 69 95 106 112 231 308 414 421 
6 45 103 128 168 262 285 
4 96 176 290 431 
5 112 176 273 308 414 
5 124 140 147 263 303 
6 139 144 199 205 258 343 
7 1 17 114 349 380 381 447 
4 304 408 431 461 
6 126 188 250 373 401 404 
8 32 114 140 148 182 299 427 468 
5 81 222 226 406 458 
4 75 87 359 380 
4 101 121 139 170 
5 122 144 164 210 243 
2 126 381 
3 46 271 314 
4 72 256 385 445 
6 22 51 98 216 245 248 
4 100 243 286 373 
5 44 314 360 415 441 
5 21 23 106 237 390 
3 12 117 295 
2 56 121 
3 27 86 214 
4 173 180 254 262 
2 167 460 
1 27 
2 86 103 
4 202 251 319 463 
8 73 148 189 316 318 412 431 449 
1 322 
7 47 101 266 304 390 420 457 
7 42 58 91 160 304 340 403 
10 118 136 184 261 320 361 370 408 438 443 
3 116 119 416 
6 27 31 147 214 364 399 
3 79 399 431 
5 175 208 211 352 433 
7 159 186 206 214 217 218 310 
0 
9 31 172 178 183 190 194 218 221 333 
6 10 75 137 138 434 460 
9 23 107 279 282 306 340 397 409 433 
1 175 
1 392 
4 26 159 252 293 
3 30 191 262 
6 59 144 261 276 305 439 
6 67 80 108 175 226 368 
6 47 168 233 302 390 461 
1 431 
4 173 373 392 449 
4 93 94 114 467 
4 26 143 377 447 
2 35 164 
4 12 41 175 448 
2 114 181 
1 393 
4 47 96 121 207 
5 119 175 201 309 457 
3 13 353 429 
3 45 219 240 
5 64 107 263 300 364 
2 118 453 
3 31 140 429 
5 47 125 320 321 454 
5 123 194 278 286 339 
4 117 163 232 386 
4 27 234 304 458 
7 89 97 112 318 372 445 469 
5 51 87 91 140 265 
5 1 173 282 334 447 
2 193 455 
3 110 172 456 
3 50 75 282 
5 21 148 279 317 355 
4 15 172 387 442 
5 58 86 119 346 429 
5 82 86 88 214 322 
7 158 170 173 213 229 302 399 
4 100 125 417 437 
8 78 97 119 152 273 298 404 424 
5 173 270 330 353 376 
5 173 175 300 348 446 
7 68 84 85 196 226 247 301 
7 29 31 262 354 424 450 451 
5 123 175 289 374 458 
5 10 24 118 145 413 
5 31 231 321 334 350 
2 57 261 
3 16 256 399 
5 145 183 219 323 375 
7 3 241 270 346 397 416 436 
7 25 69 104 131 311 389 423 
5 34 114 214 355 442 
5 69 111 112 359 415 
7 47 104 121 135 223 244 269 
7 24 61 76 102 202 316 351 
5 18 96 184 297 381 
8 99 122 203 266 284 367 408 451 
4 69 275 435 453 
2 335 427 
5 29 155 250 423 466 
5 18 122 129 239 284 
5 125 238 272 394 447 
4 196 284 409 432 
4 36 227 318 376 
5 21 105 113 442 451 
4 60 148 153 336 
2 231 267 
5 78 79 152 316 388 
4 95 290 298 407 
5 78 219 257 367 438 
9 74 76 102 152 260 326 340 397 448 
6 63 106 278 324 381 432 
4 143 237 312 411 
3 87 163 278 
4 71 180 273 443 
5 122 254 314 335 362 
6 37 159 253 255 308 353 
3 86 254 354 
6 113 151 225 259 311 460 
5 77 129 132 247 448 
7 44 75 140 291 318 325 464 
5 124 256 263 316 463 
7 29 248 329 388 405 416 419 
9 96 109 168 182 224 327 344 458 468 
6 29 136 159 181 220 330 
9 11 82 120 139 197 259 302 342 415 
4 96 114 365 383 
6 2 82 87 97 205 364 
4 166 234 343 377 
1 244 
4 276 303 378 426 
4 35 112 231 306 
6 64 88 217 227 318 350 
5 123 150 352 385 398 
4 120 239 275 460 
5 138 216 252 373 423 
4 48 281 322 440 
3 46 235 272 
4 74 182 268 439 
5 12 13 104 312 391 
4 120 201 249 251 
4 15 133 177 210 
4 9 115 119 380 
4 81 274 308 381 
8 80 113 132 177 206 209 296 408 
4 27 49 305 353 
8 80 92 234 238 240 296 350 386 
4 136 305 433 464 
4 23 153 201 317 
5 2 14 372 421 440 
3 70 116 299 
4 109 221 448 463 
2 137 246 
6 4 98 258 340 407 423 
2 109 360 
5 33 80 180 329 468 
1 24 
5 23 70 134 156 359 
6 12 125 282 284 353 412 
4 20 97 101 233 
4 65 122 216 246 
6 5 32 89 144 288 322 
7 11 67 82 197 218 320 398 
3 107 219 383 
3 184 214 263 
2 139 268 
8 47 52 104 142 166 167 203 378 
6 47 120 182 283 285 318 
6 15 46 177 269 330 424 
3 33 80 454 
4 135 138 254 281 
4 4 34 194 422 
3 47 173 407 
7 86 99 110 228 256 331 458 
5 250 277 319 352 412 
5 9 15 73 373 391 
7 114 150 154 253 384 458 459 
3 1 432 444 
7 47 65 77 164 232 245 259 
7 18 65 103 210 286 321 339 
12 63 76 107 109 164 204 241 258 270 305 343 364 
3 15 163 312 
5 34 83 168 200 300 
5 36 64 200 223 317 
7 84 110 165 213 274 299 356 
5 78 226 331 391 455 
3 249 331 344 
6 258 329 345 409 424 457 
3 110 248 459 
5 55 64 261 386 450 
4 90 94 374 392 
5 116 260 293 325 404 
7 2 37 217 262 306 359 443 
6 13 59 311 323 324 392 
3 18 47 60 
2 175 447 
7 51 71 206 223 365 405 454 
5 47 68 236 253 442 
4 243 341 345 425 
1 125 
2 103 376 
6 60 126 201 317 392 416 
6 132 167 177 248 291 410 
2 336 415 
2 263 387 
6 115 140 266 318 434 467 
4 67 261 324 463 
3 128 325 336 
3 46 212 227 
5 18 52 399 420 446 
5 22 63 66 93 218 
3 40 132 141 
6 25 28 223 270 284 361 
1 232 
5 21 117 172 271 312 
6 195 217 254 283 296 391 
4 0 220 255 414 
7 8 89 210 229 358 364 410 
3 322 369 382 
7 49 66 97 384 386 409 440 
2 29 355 
5 77 146 230 295 330 
5 61 154 292 417 467 
5 55 64 125 168 350 
2 98 253 
1 109 
8 12 122 170 197 265 318 355 410 
2 264 334 
1 414 
5 22 134 234 247 385 
4 131 183 443 467 
2 42 356 
3 15 168 467 
4 44 127 385 462 
6 20 82 204 287 408 431 
5 143 153 186 273 313 
5 53 221 328 385 401 
3 49 226 417 
9 2 8 12 129 217 241 338 402 448 
3 188 266 400 
3 268 304 423 
3 35 36 458 
6 7 37 141 146 280 449 
5 141 149 233 249 281 
3 46 128 356 
3 95 264 301 
5 65 118 314 357 435 
7 73 98 151 271 367 371 374 
7 19 20 202 284 327 357 446 
3 78 211 342 
6 245 260 409 422 448 459 
1 228 
5 71 155 166 184 456 
9 17 27 75 277 313 323 353 408 450 
8 76 85 179 186 328 331 339 458 
4 43 192 433 464 
5 110 239 403 412 430 
2 47 58 
1 403 
6 46 104 129 177 227 248 
5 15 77 102 271 300 
6 77 170 171 214 225 347 
4 125 377 408 457 
2 143 374 
1 376 
5 48 121 167 394 396 
6 10 119 143 216 329 451 
7 37 65 91 111 260 334 422 
3 128 145 458 
4 43 246 291 310 
7 142 168 234 282 372 391 400 
6 177 240 325 357 388 445 
4 72 340 355 364 
4 21 250 418 446 
9 2 30 92 111 164 296 312 394 441 
4 63 69 222 438 
6 50 135 138 354 366 469 
4 154 230 263 341 
4 169 227 260 339 
6 32 48 116 215 360 375 
2 55 411 
2 41 260 
3 51 166 347 
4 121 135 287 432 
6 7 121 309 388 405 427 
8 17 41 50 228 237 273 291 378 
4 216 220 306 325 
2 336 464 
3 54 55 268 
4 107 144 236 422 
4 47 72 98 462 
5 115 128 195 199 212 
4 21 122 394 454 
10 25 39 137 142 164 171 185 372 446 462 
5 240 249 315 421 452 
5 75 172 177 285 393 
3 113 176 343 
3 72 235 384 
4 32 66 101 227 
3 36 215 450 
6 82 105 168 247 413 448 
4 51 122 182 276 
6 39 116 274 287 357 459 
4 11 154 412 455 
6 129 211 229 242 335 458 
5 60 168 252 330 368 
2 57 315 
5 40 151 204 409 449 
7 106 133 218 347 386 411 431 
9 28 44 88 141 188 206 239 333 459 
10 23 55 103 190 248 257 289 376 388 438 
7 93 164 186 380 445 464 466 
9 3 22 35 82 123 220 327 391 437 
5 38 220 234 242 404 
2 4 432 
5 19 21 38 198 235 
6 61 81 200 307 334 430 
4 104 207 323 441 
3 0 208 390 
5 56 166 194 325 400 
10 145 203 221 261 311 314 379 392 406 442 
5 314 326 388 440 447 
5 102 160 176 256 272 
4 56 60 142 184 
5 22 83 371 428 431 
7 48 89 131 163 259 289 344 
8 8 84 111 258 285 393 425 449 
1 127 
5 10 30 35 237 449 
8 48 56 119 187 343 360 368 370 
5 78 113 144 261 293 
4 84 120 204 414 
470 1169
8 63 145 196 258 317 318 322 371 
4 181 222 377 423 
7 81 299 369 392 409 436 448 
7 30 76 188 247 411 432 466 
3 252 333 423 
8 8 41 125 182 204 216 329 378 
3 183 351 396 
8 57 132 294 331 352 374 384 418 
10 5 124 226 263 290 295 314 386 409 449 
8 50 113 153 175 236 284 287 343 
6 55 130 131 263 309 453 
11 21 97 98 111 161 175 212 237 293 409 429 
5 57 138 160 302 322 
6 28 41 103 149 357 469 
7 68 71 107 166 194 286 404 
3 49 224 353 
10 27 76 117 156 170 224 249 313 426 463 
6 54 105 122 274 319 354 
2 339 382 
4 119 126 197 343 
3 41 134 425 
1 11 
3 115 180 454 
7 135 209 294 323 357 370 460 
6 61 107 172 197 212 383 
7 57 164 197 287 359 391 433 
5 27 64 110 220 280 
4 16 26 103 288 
5 13 61 254 402 450 
3 31 114 177 
5 3 96 188 231 451 
4 29 140 216 450 
6 100 130 151 217 253 258 
7 101 114 138 140 213 214 266 
5 156 253 283 459 465 
6 51 68 92 202 231 285 
4 42 104 119 406 
4 43 195 281 304 
3 111 130 293 
5 45 52 191 192 330 
3 427 464 467 
8 5 13 20 64 180 194 340 408 
6 36 151 215 229 423 468 
7 37 78 102 148 207 362 453 
5 48 184 277 300 315 
7 39 74 96 147 242 427 461 
5 223 234 238 380 459 
1 217 
8 44 141 169 172 179 229 250 447 
4 15 126 175 320 
5 9 92 129 412 427 
8 35 102 189 213 232 310 326 467 
4 39 70 80 225 
2 198 401 
3 17 240 241 
9 10 82 96 97 105 191 261 328 435 
5 62 66 98 341 456 
7 7 12 25 67 202 316 318 
8 66 69 76 85 116 128 290 440 
4 192 242 324 432 
9 71 93 101 163 215 296 349 456 460 
10 24 28 145 147 228 274 360 372 419 468 
7 56 86 192 275 317 344 360 
4 0 91 177 220 
4 26 41 248 327 
1 123 
7 56 58 81 237 299 345 367 
5 57 169 212 245 333 
8 14 35 87 129 172 236 340 423 
3 58 221 374 
3 52 217 307 
8 14 60 107 195 220 322 453 468 
3 77 375 388 
3 215 295 354 
8 45 136 152 268 279 290 436 461 
2 388 448 
7 3 16 58 177 365 373 443 
6 72 176 331 406 444 450 
4 43 174 285 297 
7 138 152 260 265 276 372 379 
12 52 111 180 282 287 327 393 418 432 444 465 467 
7 2 66 94 299 429 464 469 
5 55 273 361 442 443 
5 87 122 198 313 342 
6 94 138 148 278 315 370 
8 58 114 309 318 323 417 441 451 
4 62 269 346 396 
5 68 83 324 346 468 
2 196 374 
4 254 327 359 444 
3 153 318 351 
5 63 216 273 304 317 
8 35 50 107 232 261 346 354 441 
2 60 135 
8 81 84 97 122 208 240 247 258 
6 138 220 355 382 410 413 
8 30 45 55 271 306 370 394 450 
5 11 55 94 307 436 
8 11 56 208 311 353 409 413 419 
2 110 330 
5 32 101 292 308 312 
5 33 60 100 102 140 
6 43 51 101 143 297 303 
4 13 27 316 371 
5 36 106 198 218 384 
7 17 55 184 274 374 459 468 
5 104 211 412 422 464 
11 14 24 71 92 232 242 324 353 368 402 455 
3 156 343 443 
5 138 182 261 282 342 
6 26 99 335 388 397 402 
5 11 38 80 200 393 
1 122 
5 9 237 355 378 411 
5 29 33 85 132 223 
6 22 246 270 366 370 452 
8 58 149 259 272 278 284 335 417 
3 16 351 381 
6 179 221 279 333 362 438 
6 19 36 130 368 383 407 
6 192 224 269 358 364 422 
5 236 268 284 307 460 
4 17 83 94 112 
3 65 305 449 
5 8 197 270 351 365 
8 5 156 174 209 285 293 371 467 
5 19 49 166 357 414 
8 133 212 229 232 252 315 333 393 
4 58 288 425 468 
3 50 68 423 
7 10 32 38 119 159 254 400 
4 10 172 200 258 
5 7 114 196 200 390 
2 127 262 
6 20 200 218 239 446 461 
4 23 93 192 402 
6 74 193 226 268 313 363 
5 171 214 327 372 467 
9 12 33 79 84 95 109 140 176 420 
2 238 449 
6 31 33 101 138 431 437 
2 48 214 
3 145 204 419 
6 102 167 294 347 444 454 
5 179 296 389 412 457 
5 0 61 142 213 355 
6 162 251 289 310 406 418 
4 45 61 335 368 
5 43 84 213 294 438 
3 13 116 445 
1 238 
5 32 42 198 239 296 
5 74 79 177 265 373 
7 9 90 157 163 292 295 459 
3 180 325 369 
3 217 340 448 
6 16 34 108 125 316 431 
2 153 360 
3 281 331 418 
3 130 242 375 
5 12 280 319 336 371 
3 11 252 288 
2 146 212 
5 60 153 290 327 328 
4 25 285 311 435 
7 203 209 378 386 403 423 461 
4 14 126 204 357 
5 143 321 323 355 431 
6 196 241 312 412 434 452 
5 48 67 220 302 378 
5 16 196 233 345 354 
4 137 184 279 437 
6 24 48 68 131 212 236 
1 199 
6 78 125 293 439 448 454 
5 9 11 49 203 461 
5 77 138 220 276 287 
5 29 63 76 152 284 
6 257 272 358 409 418 465 
5 48 118 144 214 324 
7 22 41 80 154 219 306 429 
5 1 281 303 304 324 
2 5 109 
2 6 406 
5 44 105 171 440 454 
3 263 354 386 
3 219 400 460 
2 435 459 
6 3 30 259 384 432 435 
4 51 406 421 435 
2 209 268 
3 39 55 314 
9 39 59 62 120 135 204 285 369 454 
6 136 239 286 415 425 457 
3 14 41 364 
4 37 71 266 388 
11 0 88 132 168 170 203 220 251 255 293 315 
8 19 24 25 124 265 274 288 392 
8 53 83 104 151 218 344 367 380 
4 173 221 233 284 
6 111 131 132 134 213 369 
0 
3 35 57 303 
4 165 175 196 365 
4 5 142 166 192 
3 221 297 414 
3 234 301 461 
6 43 212 240 243 281 412 
2 94 98 
7 23 125 165 190 258 323 352 
1 219 
6 106 220 226 228 256 259 
9 11 24 67 127 162 172 207 361 428 
8 33 51 145 148 200 293 328 423 
8 33 137 141 179 219 252 348 453 
5 42 60 73 357 459 
8 5 31 91 317 426 430 452 463 
6 32 47 70 155 266 303 
5 104 134 198 365 382 
7 180 186 210 214 308 374 458 
8 26 63 71 95 169 176 196 211 
9 69 118 199 205 232 275 305 374 380 
5 1 345 387 397 466 
3 46 114 389 
3 15 16 120 
5 52 276 297 318 464 
4 8 136 211 387 
4 268 296 299 457 
3 61 211 366 
5 42 48 127 318 446 
4 296 344 345 383 
7 30 35 236 255 344 349 433 
8 51 92 107 127 221 424 431 469 
6 170 199 302 315 386 431 
6 46 206 285 286 328 347 
3 238 259 286 
8 9 68 121 172 231 303 447 466 
4 11 66 113 284 
6 46 139 150 235 340 383 
6 134 151 193 273 350 364 
3 54 94 207 
4 54 168 380 466 
7 45 59 107 159 385 434 463 
3 207 260 419 
2 245 353 
6 67 244 254 327 353 452 
4 115 326 378 416 
5 3 94 288 333 338 
2 64 294 
3 16 294 360 
4 48 383 421 456 
3 146 196 271 
9 4 127 161 214 299 328 351 373 433 
7 32 34 266 276 284 428 435 
5 28 89 130 245 270 
3 196 231 443 
2 211 454 
3 178 329 334 
6 0 32 94 131 209 405 
6 116 188 211 235 380 461 
3 79 243 281 
5 55 92 109 410 452 
5 133 396 420 442 456 
6 8 10 185 357 372 389 
3 284 437 438 
4 79 152 197 393 
6 33 195 217 253 322 351 
2 295 376 
5 74 121 136 190 227 
9 86 120 270 335 338 398 402 467 468 
6 115 124 254 269 284 423 
2 96 251 
2 116 178 
6 82 91 239 277 333 366 
5 17 61 105 197 330 
5 62 221 277 317 340 
5 79 176 225 253 326 
3 44 273 275 
3 84 116 375 
5 74 118 171 413 457 
3 26 160 437 
9 37 158 181 207 260 391 395 396 405 
3 80 109 415 
3 34 290 450 
9 9 116 121 177 199 237 253 264 270 
9 35 78 125 164 192 234 303 355 431 
4 14 193 234 235 
6 9 25 80 176 366 445 
7 27 128 161 197 247 305 407 
3 146 392 453 
7 8 58 74 163 283 396 426 
2 306 393 
4 100 153 306 447 
8 11 38 125 174 196 213 331 450 
6 7 23 143 148 248 249 
7 8 73 153 267 310 364 386 
6 60 144 151 227 230 299 
5 78 102 205 225 457 
1 433 
7 2 66 81 227 252 296 387 
4 44 319 407 446 
1 206 
3 12 169 233 
7 102 181 202 217 236 285 419 
3 37 91 181 
7 123 221 288 360 378 394 451 
5 96 180 291 292 365 
5 70 97 121 364 405 
5 100 219 379 401 443 
4 10 85 342 446 
5 51 146 295 349 353 
3 98 164 408 
4 100 168 395 413 
5 16 83 136 316 346 
2 8 191 
5 44 84 127 196 233 
6 57 103 156 313 345 370 
5 0 62 91 216 275 
8 0 57 85 90 225 229 320 342 
6 17 160 300 358 374 416 
4 49 318 325 432 
2 167 345 
4 0 12 71 266 
6 23 85 167 209 336 445 
7 59 87 107 179 181 442 456 
3 154 320 458 
3 51 246 276 
10 64 80 89 137 163 245 379 400 411 469 
8 55 163 213 234 252 355 370 445 
3 5 257 452 
6 39 99 274 357 381 401 
4 7 77 158 293 
3 383 387 431 
6 4 67 118 127 247 273 
4 257 364 382 420 
5 110 116 147 269 355 
3 160 323 350 
0 
2 247 269 
3 18 354 385 
8 41 68 155 238 275 346 415 420 
1 56 
5 83 109 309 318 434 
9 9 19 108 344 385 406 413 416 457 
6 62 198 230 231 343 365 
8 66 170 222 230 316 321 371 394 
5 86 87 92 313 340 
3 143 234 432 
3 214 377 426 
4 60 231 310 409 
5 239 336 376 406 413 
7 6 90 117 124 252 266 436 
4 7 209 421 459 
7 15 98 107 244 245 310 410 
6 17 73 92 170 185 339 
8 95 113 145 167 285 328 335 438 
1 366 
7 13 23 126 166 215 263 330 
4 120 178 319 373 
4 25 89 380 395 
6 61 62 157 249 305 378 
2 82 212 
3 43 118 423 
2 136 432 
7 120 194 239 295 307 334 463 
6 76 124 203 218 306 344 
6 115 228 273 287 356 467 
3 66 198 391 
5 107 119 147 381 403 
5 2 154 192 200 432 
6 23 84 96 115 316 328 
5 0 103 125 160 345 
6 61 79 137 263 447 456 
5 76 152 252 358 420 
7 7 69 88 105 219 221 319 
4 72 159 278 380 
3 267 350 399 
5 1 348 403 450 468 
7 5 113 165 169 246 305 360 
3 79 308 327 
7 46 198 221 241 259 359 375 
3 117 330 368 
5 18 95 218 334 416 
6 24 119 230 238 250 332 
5 7 104 188 421 451 
5 242 339 343 393 426 
6 8 165 185 233 295 406 
4 222 226 299 332 
4 72 75 110 195 
4 144 223 263 409 
1 132 
3 25 281 367 
3 2 197 289 
6 80 111 127 265 291 385 
5 96 305 345 444 450 
3 281 312 359 
6 6 86 262 281 290 450 
3 110 222 415 
2 269 456 
5 376 408 409 451 463 
4 130 186 327 439 
4 53 308 330 448 
6 28 107 110 135 269 415 
5 165 368 377 411 448 
3 14 448 458 
3 258 281 307 
8 36 77 146 183 189 343 350 386 
4 119 288 300 425 
3 41 311 399 
10 2 8 11 98 178 349 389 399 415 439 
3 95 261 353 
4 3 113 327 403 
5 50 106 144 168 207 
8 95 98 279 312 343 350 425 440 
2 126 205 
6 193 282 340 397 402 409 
5 246 319 343 382 466 
4 85 116 419 430 
6 7 80 146 158 178 428 
7 61 98 142 243 303 417 451 
6 138 262 334 340 373 448 
4 189 250 352 384 
2 106 120 
9 1 4 42 68 129 165 213 270 362 
1 232 
5 20 128 193 407 413 
6 16 216 290 348 385 462 
3 40 45 50 
3 212 253 418 
3 11 81 180 
2 216 417 
7 140 156 167 232 233 285 332 
9 3 59 80 188 320 347 363 369 452 
4 25 231 252 298 
3 168 242 342 
6 55 164 187 188 189 253 
4 2 74 97 351 
5 140 171 264 280 465 
4 118 148 264 355 
3 174 400 409 
3 58 184 413 
2 85 92 
3 82 262 324 
6 76 82 108 255 308 458 
5 77 80 89 143 394 
4 149 287 323 328 
4 134 229 300 309 
4 48 236 292 372 
9 2 75 155 174 401 403 404 420 451 
3 8 123 139 
10 28 31 77 96 283 293 377 394 396 458 
7 30 85 305 384 399 419 448 
7 115 168 216 245 261 329 432 
5 10 43 71 214 289 
6 22 143 174 184 192 256 
1 107 
7 56 60 250 262 324 372 398 
6 144 193 227 279 297 343 
5 219 325 404 443 450 
7 34 46 105 153 187 215 352 
5 23 60 121 186 469 
8 45 74 134 165 175 206 259 463 
1 426 
6 16 216 242 364 399 461 
4 40 81 106 225 
4 34 80 178 437 
5 3 222 236 241 416 
7 40 51 80 125 137 269 366 
8 42 61 71 87 105 128 269 377 
5 13 81 232 327 460 
