520 1277
2 112 456 
3 91 156 473 
5 187 230 276 312 439 
2 77 300 
3 91 109 252 
6 49 261 262 321 334 338 
1 270 
4 30 72 146 466 
6 64 80 124 153 340 373 
7 43 64 119 185 231 413 475 
6 78 221 258 399 480 483 
8 63 97 184 203 271 283 392 496 
4 51 133 187 409 
2 92 470 
7 33 60 67 73 124 338 432 
1 296 
7 43 75 336 341 420 435 450 
2 437 504 
4 109 296 371 385 
9 39 102 157 189 358 377 400 448 499 
6 47 243 345 357 496 518 
3 138 315 370 
3 23 351 463 
6 22 89 170 276 362 370 
5 287 290 299 332 412 
1 26 
10 25 30 112 136 151 243 260 283 285 381 
6 50 63 151 382 436 452 
7 47 87 92 116 137 140 498 
2 163 300 
7 7 26 104 118 292 295 475 
7 67 78 242 284 293 381 461 
4 155 171 379 459 
7 14 89 216 338 414 464 489 
3 481 483 510 
3 407 416 517 
2 271 367 
4 58 287 291 462 
2 183 307 
7 19 153 167 233 258 339 443 
5 77 153 179 204 326 
7 165 225 350 381 421 457 472 
13 78 186 204 213 251 324 325 330 336 352 355 415 448 
7 9 16 239 368 382 428 432 
4 193 267 285 433 
7 64 269 278 335 401 425 478 
3 134 220 239 
5 20 28 49 92 265 
1 64 
8 5 47 61 107 410 467 475 497 
8 27 64 66 113 150 450 454 460 
6 12 161 381 435 478 515 
4 93 276 363 473 
2 156 477 
5 101 108 212 230 409 
2 73 167 
4 312 381 411 476 
7 121 203 276 327 333 367 505 
6 37 247 265 266 333 354 
4 240 249 328 477 
3 14 135 179 
8 49 113 284 307 313 406 408 413 
2 204 415 
4 11 27 314 452 
8 8 9 45 48 50 155 414 432 
3 110 259 331 
6 50 136 164 428 458 491 
8 14 31 88 221 263 354 455 471 
3 90 164 480 
6 73 112 113 350 352 428 
4 124 140 217 291 
8 170 269 271 280 294 490 497 499 
4 7 73 209 382 
12 14 55 69 72 82 132 134 169 241 307 319 352 
4 130 272 414 517 
4 16 215 220 354 
7 84 233 237 287 288 330 386 
8 3 40 161 220 266 280 513 517 
6 10 31 42 168 225 402 
4 99 194 250 358 
3 8 163 380 
2 180 436 
4 73 127 278 439 
5 104 146 217 358 510 
5 76 104 215 352 479 
8 101 141 169 172 388 409 484 496 
5 112 144 204 370 509 
4 28 148 390 467 
3 67 247 309 
6 23 33 179 198 329 468 
6 68 202 218 368 430 498 
5 1 4 225 246 504 
8 13 28 47 123 150 243 301 452 
5 52 222 282 302 396 
6 168 261 281 385 402 511 
1 204 
5 219 247 250 276 321 
5 11 206 217 221 483 
9 237 244 296 317 322 324 393 419 458 
3 79 367 407 
9 140 174 192 202 205 252 290 325 375 
6 54 85 277 340 426 519 
8 19 221 262 350 373 416 441 487 
4 221 388 418 442 
9 30 83 84 189 287 349 367 371 435 
5 145 222 362 368 395 
5 146 218 256 428 446 
10 49 108 194 198 213 258 324 390 399 507 
7 54 107 116 166 345 379 499 
6 4 18 374 389 413 511 
6 65 126 165 240 257 447 
3 413 507 519 
7 0 26 69 86 358 382 405 
7 50 61 69 167 286 307 352 
1 410 
5 146 241 372 397 464 
4 28 108 327 494 
2 276 348 
7 30 145 222 328 335 415 509 
4 9 132 355 469 
2 211 384 
6 57 127 190 306 346 516 
4 174 180 233 318 
4 92 256 287 288 
9 8 14 70 143 247 270 300 353 415 
6 144 172 175 244 278 395 
7 110 130 171 249 253 433 485 
5 82 121 317 338 450 
3 374 420 453 
0 
4 74 126 132 384 
2 256 445 
7 73 119 130 146 175 178 489 
4 12 146 233 489 
7 46 73 150 205 231 341 494 
2 60 328 
2 26 66 
5 28 374 381 455 463 
2 21 296 
0 
4 28 70 100 493 
5 85 164 232 376 407 
5 157 253 272 290 467 
5 124 338 376 462 492 
7 86 125 154 303 339 402 484 
8 105 118 246 287 296 334 364 369 
9 7 83 106 115 132 133 269 366 516 
2 179 509 
9 87 179 212 215 356 437 486 506 514 
1 240 
9 50 92 134 328 333 340 344 368 371 
3 26 27 509 
7 279 282 306 340 397 409 433 
3 8 39 40 
4 144 242 391 432 
4 32 64 254 325 
6 1 53 248 292 426 499 
4 19 142 279 429 
2 225 296 
4 190 415 434 491 
0 
4 51 77 265 335 
0 
2 29 80 
5 66 68 141 327 417 
4 41 110 332 440 
4 108 235 405 481 
6 39 55 113 192 213 508 
4 78 94 194 258 
4 73 85 268 514 
5 23 71 325 326 459 
5 32 126 203 211 264 
5 85 125 231 345 415 
4 223 348 402 499 
4 100 122 214 494 
4 125 132 202 315 
2 242 504 
2 248 504 
2 132 201 
9 40 60 89 147 148 189 244 405 488 
5 81 122 190 298 460 
0 
4 227 336 467 487 
5 38 249 309 332 355 
7 11 195 243 341 371 392 446 
4 9 322 414 510 
4 42 264 349 433 
6 2 12 367 457 470 486 
1 311 
4 19 104 179 220 
9 121 159 180 201 253 361 390 466 517 
4 208 228 422 456 
4 100 167 301 388 
4 44 218 341 366 
5 79 107 168 325 360 
4 184 302 422 440 
5 200 241 284 342 502 
2 313 405 
6 89 107 312 355 359 404 
3 302 424 477 
5 196 224 349 372 486 
4 178 190 226 519 
6 90 100 175 211 322 478 
5 11 57 171 435 507 
8 40 42 62 86 95 325 434 506 
6 100 134 373 416 482 496 
7 97 240 291 341 387 444 495 
3 282 381 466 
2 191 367 
6 72 227 254 314 335 362 
3 214 259 474 
6 120 171 202 284 336 485 
5 54 148 378 432 459 
7 42 107 167 299 308 361 508 
9 174 210 278 337 354 365 368 484 501 
6 75 84 148 311 321 390 
4 33 265 305 378 
6 70 83 97 231 249 434 
5 90 106 193 315 349 
5 96 351 378 453 501 
6 46 75 77 189 282 493 
9 10 67 97 102 103 227 427 460 473 
5 93 105 118 250 435 
6 173 248 298 351 392 510 
1 200 
6 41 78 91 158 307 451 
1 201 
4 182 209 221 425 
4 191 250 323 425 
3 247 378 506 
5 2 54 271 307 410 
6 9 134 172 217 281 317 
5 141 267 316 335 375 
6 39 76 122 133 418 433 
3 382 449 465 
3 166 295 440 
1 296 
4 76 98 421 480 
0 
4 43 46 342 509 
6 59 110 149 206 308 461 
3 73 115 196 
5 31 154 176 399 503 
6 20 26 92 184 402 496 
4 98 125 179 413 
1 428 
5 91 145 299 381 508 
8 58 88 96 124 229 287 347 464 
6 156 177 223 359 433 434 
8 59 126 183 217 291 303 485 503 
6 79 96 222 228 389 410 
1 42 
3 4 100 461 
8 126 142 190 316 376 440 461 474 
7 155 209 338 354 418 433 466 
2 347 480 
6 106 123 131 282 300 452 
3 110 284 455 
4 10 39 107 168 
6 65 210 262 315 355 404 
5 26 267 299 303 383 
5 5 94 339 485 509 
5 5 102 259 375 508 
2 67 351 
4 171 186 269 423 
6 47 58 161 216 474 495 
3 58 77 268 
4 44 232 260 291 
3 169 266 421 
10 45 71 146 264 309 367 373 419 491 504 
6 6 124 369 371 394 425 
5 11 36 71 230 484 
3 74 142 287 
1 410 
2 376 449 
2 364 388 
10 2 23 52 57 96 117 344 360 437 480 
2 101 406 
7 45 82 125 214 291 415 459 
3 152 157 458 
3 71 77 299 
3 94 231 393 
8 93 152 207 220 256 334 460 510 
5 11 26 430 460 502 
11 31 61 196 211 257 352 403 434 448 457 475 
3 26 44 361 
3 113 415 464 
9 24 37 76 104 123 145 247 272 492 
4 76 123 296 395 
4 335 425 453 505 
5 24 100 142 329 415 
7 37 70 206 249 267 278 507 
4 30 156 322 494 
5 31 392 463 493 509 
4 71 311 479 508 
6 30 235 354 378 408 474 
11 15 18 98 138 145 158 236 288 306 352 354 
2 388 470 
7 180 223 300 362 421 422 475 
5 24 213 246 260 280 
7 3 29 124 256 298 355 510 
4 92 192 338 463 
4 93 195 199 464 
9 144 249 260 341 358 385 397 445 491 
1 447 
3 216 397 418 
4 121 152 296 490 
9 38 61 73 113 225 230 359 449 498 
7 213 240 320 404 461 483 495 
5 88 183 269 398 447 
1 506 
5 188 215 294 466 511 
5 2 56 198 427 502 
5 61 197 458 495 516 
5 63 209 333 343 377 
9 21 175 218 259 340 442 479 506 511 
6 232 253 327 399 422 462 
8 98 127 231 321 384 424 446 507 
4 122 354 357 413 
4 73 384 459 460 
3 308 393 439 
8 5 96 215 317 385 411 487 488 
9 98 185 202 292 354 368 405 430 486 
4 228 406 426 511 
5 42 98 107 397 419 
8 42 100 155 170 194 204 367 387 
6 40 170 356 369 431 477 
5 57 116 164 316 493 
8 59 118 135 150 414 468 471 507 
4 89 290 376 496 
3 42 76 425 
3 65 336 511 
4 24 165 183 453 
7 57 58 150 314 394 443 484 
8 5 145 282 338 352 406 431 495 
8 45 118 161 209 232 289 424 504 
7 16 42 182 211 331 372 389 
4 214 359 404 439 
8 5 14 33 127 143 254 301 334 
4 39 144 261 514 
6 8 101 150 152 315 378 
8 16 134 184 193 206 303 387 465 
3 196 239 434 
3 314 405 498 
2 150 276 
4 20 108 172 440 
1 121 
2 247 255 
2 117 173 
5 104 186 200 218 404 
4 41 69 102 509 
5 22 219 223 263 468 
11 42 69 73 84 113 284 296 334 375 460 489 
3 124 357 506 
12 58 67 75 214 254 295 296 318 322 387 452 477 
7 42 119 183 198 259 300 499 
2 148 326 
5 20 318 353 399 432 
9 19 79 83 112 303 361 433 465 507 
7 198 248 307 337 384 421 467 
4 194 276 418 478 
4 190 213 285 358 
5 23 105 209 298 428 
2 52 457 
3 145 275 516 
1 214 
3 146 193 402 
11 36 57 99 104 187 208 269 325 398 446 467 
8 43 90 105 150 214 322 399 462 
3 145 270 326 
3 21 23 86 
8 18 104 150 184 270 373 465 508 
3 115 200 336 
6 8 102 205 269 371 435 
5 109 128 137 417 493 
4 100 232 262 352 
6 141 143 253 274 329 440 
5 19 314 415 436 502 
8 212 216 219 229 295 340 397 402 
2 32 108 
7 80 402 415 439 441 514 515 
8 26 31 41 51 56 137 207 246 
5 27 43 72 112 234 
2 260 481 
7 120 130 317 319 359 443 473 
5 18 94 303 321 515 
5 76 388 408 425 449 
7 206 325 341 354 427 456 510 
6 85 103 192 275 297 386 
6 109 250 336 439 501 516 
4 87 107 190 215 
1 154 
6 11 184 223 293 419 488 
4 98 281 320 514 
4 270 333 475 498 
3 105 125 288 
3 93 489 508 
6 115 152 303 305 324 378 
3 309 367 428 
8 10 107 242 316 357 368 490 497 
3 19 517 518 
1 45 
9 78 94 144 173 243 366 378 380 421 
1 284 
5 198 259 308 337 349 
6 112 166 179 197 322 343 
5 61 277 323 334 489 
6 35 99 141 414 417 442 
5 61 295 386 447 461 
5 12 54 85 152 497 
5 49 114 230 250 273 
3 56 321 518 
3 24 475 489 
6 9 61 109 111 244 318 
8 33 64 74 185 328 407 472 517 
14 42 62 118 124 159 172 278 286 290 377 380 449 473 519 
4 35 102 205 475 
3 164 374 407 
7 103 233 254 305 360 427 518 
5 98 269 324 392 438 
2 16 128 
9 41 237 268 298 359 402 470 493 508 
4 191 195 298 316 
1 264 
5 199 317 335 425 476 
9 45 227 228 270 289 330 386 424 477 
3 101 156 323 
6 221 312 387 418 477 511 
7 43 66 69 106 245 362 398 
2 157 515 
4 90 283 322 441 
3 326 334 495 
7 14 43 64 154 212 357 487 
8 44 126 152 186 233 248 254 358 
7 159 204 217 248 284 342 496 
6 16 51 104 203 222 373 
3 27 81 377 
3 17 148 276 
2 419 511 
10 2 82 320 337 380 389 459 462 469 519 
6 165 195 235 253 345 376 
3 102 380 430 
4 103 315 407 503 
3 39 333 384 
3 206 451 500 
2 131 303 
5 106 184 317 367 498 
4 110 304 309 408 
3 19 42 284 
7 234 274 307 386 415 476 513 
3 16 50 127 
2 225 444 
5 27 63 92 256 354 
4 128 219 289 332 
3 50 461 476 
4 67 137 257 505 
3 0 191 387 
7 41 187 284 363 467 491 510 
4 66 98 279 313 
7 32 170 212 278 319 439 467 
7 50 180 221 282 283 319 352 
8 31 240 252 253 308 408 454 507 
6 37 143 316 368 439 470 
4 22 137 293 301 
6 33 115 247 286 302 514 
4 234 341 358 371 
5 7 190 207 254 311 
8 49 87 142 182 359 367 457 459 
3 89 328 351 
2 119 439 
5 13 187 297 421 462 
2 67 328 
3 41 414 499 
5 1 52 221 384 415 
4 210 253 265 295 
8 9 30 49 284 298 394 412 416 
4 56 424 449 454 
8 53 59 199 326 354 425 427 482 
4 45 51 202 360 
3 84 294 315 
5 10 68 237 255 276 
3 34 166 383 
2 205 477 
6 10 34 97 308 505 506 
5 85 144 214 271 333 
4 126 211 249 261 
4 148 187 200 322 
4 102 182 321 432 
3 179 321 392 
7 33 132 133 352 396 406 412 
3 71 306 399 
6 66 159 269 303 457 509 
4 143 287 496 505 
6 140 220 293 327 374 421 
4 116 134 174 292 
7 206 265 308 313 334 431 516 
8 11 20 85 205 243 329 434 492 
4 49 71 399 409 
6 28 90 307 343 394 446 
8 19 71 108 156 173 355 472 500 
2 444 499 
3 214 219 389 
5 196 283 312 377 513 
3 242 249 442 
6 17 91 176 177 269 335 
5 57 289 455 483 492 
7 148 204 229 310 315 353 483 
8 107 111 203 291 317 328 358 461 
8 167 213 246 262 294 371 396 421 
9 86 118 147 151 239 261 293 350 491 
8 34 83 185 223 282 300 387 457 
9 94 109 311 315 323 331 427 438 512 
1 511 
3 77 449 502 
6 148 169 339 380 393 464 
4 51 380 385 429 
6 121 146 313 364 389 495 
6 35 74 77 190 400 414 
4 20 400 411 418 
5 101 111 201 415 439 
520 1266
5 5 9 41 399 422 
9 39 153 155 314 317 324 333 364 376 
4 21 171 333 383 
10 57 105 127 135 197 249 330 383 490 494 
9 72 74 155 201 287 299 346 395 420 
8 0 12 95 137 164 180 317 446 
2 366 445 
2 133 494 
5 139 201 247 473 516 
7 0 39 127 282 324 367 431 
4 26 109 307 460 
3 194 284 482 
7 5 63 88 190 321 336 342 
4 134 147 450 509 
6 181 197 313 324 335 506 
3 323 383 505 
3 190 198 393 
7 46 121 159 165 280 391 403 
8 133 147 255 260 271 367 374 495 
10 64 166 211 277 302 316 328 349 351 366 
4 72 202 237 242 
8 2 23 104 105 135 246 361 390 
3 251 306 434 
8 21 133 142 147 241 265 275 476 
4 58 108 418 440 
3 68 177 355 
4 10 122 195 400 
5 73 106 349 406 437 
4 126 251 280 460 
4 40 377 402 488 
3 31 38 49 
9 30 32 59 87 90 321 356 444 500 
4 31 242 371 514 
5 131 229 233 239 300 
4 35 366 382 386 
3 34 98 468 
2 139 145 
6 42 97 197 289 309 475 
6 30 158 248 348 433 442 
7 1 9 269 279 321 451 461 
8 29 64 93 108 142 195 257 444 
6 0 66 121 165 244 265 
6 37 200 253 262 267 423 
2 140 226 
4 340 363 396 472 
2 89 466 
11 17 113 117 199 249 359 372 378 384 435 517 
3 331 361 510 
6 81 139 193 222 298 340 
10 30 108 123 147 281 313 358 447 453 511 
5 204 236 252 275 428 
1 498 
5 175 268 341 422 436 
8 105 123 158 234 242 320 416 458 
8 184 241 302 381 401 421 484 502 
4 98 334 471 514 
3 346 421 516 
4 3 200 338 396 
4 24 210 214 404 
5 31 152 425 443 464 
3 212 227 502 
4 168 201 288 338 
4 177 317 321 357 
4 12 145 293 504 
5 19 40 360 366 471 
2 275 334 
5 41 170 297 350 457 
5 172 265 288 333 413 
6 25 323 361 382 478 490 
2 279 312 
2 110 254 
2 133 245 
5 4 20 76 117 460 
6 27 122 222 228 357 360 
6 4 79 115 260 304 466 
3 145 253 434 
3 72 106 347 
4 137 187 274 408 
5 100 314 353 370 405 
4 74 154 190 421 
3 366 403 404 
5 48 228 254 378 456 
7 188 196 213 233 271 317 470 
5 300 302 334 410 476 
7 86 157 257 279 297 365 447 
6 89 206 243 355 364 492 
5 84 154 312 384 408 
2 31 235 
5 12 339 348 354 397 
5 45 85 277 333 344 
4 31 204 468 483 
5 141 192 201 287 397 
4 154 241 364 504 
3 40 100 101 
1 351 
6 5 246 260 353 444 476 
2 169 410 
5 37 245 269 350 475 
9 35 55 102 105 356 371 385 438 497 
1 401 
8 78 93 149 230 314 399 460 507 
5 93 218 228 260 442 
7 98 201 323 411 428 459 463 
5 107 329 338 352 456 
8 21 138 264 287 300 411 423 474 
6 3 21 53 98 258 414 
3 27 76 470 
2 103 386 
5 24 40 49 360 436 
8 10 143 226 293 453 466 494 497 
3 70 126 257 
4 216 281 310 436 
3 296 324 327 
5 46 280 347 468 503 
2 244 277 
4 74 232 334 445 
5 151 155 188 243 280 
6 46 72 191 208 384 450 
4 133 404 447 477 
6 146 152 364 406 416 485 
1 255 
5 17 41 233 254 421 
7 26 73 190 313 341 344 502 
3 49 53 256 
6 181 270 318 357 448 467 
5 162 167 251 479 486 
10 28 110 131 200 213 284 329 418 461 480 
6 3 9 213 234 261 511 
3 264 283 333 
4 273 393 470 484 
0 
8 33 126 180 266 412 461 490 513 
2 285 336 
9 7 18 23 71 118 183 282 381 478 
6 13 145 183 277 322 327 
4 3 21 340 406 
3 265 303 371 
9 5 77 234 263 286 368 417 427 435 
4 104 198 205 255 
5 8 36 48 262 486 
4 43 194 199 481 
3 91 369 398 
4 23 40 358 400 
8 109 175 199 221 342 357 374 474 
2 252 412 
8 36 63 75 134 170 199 345 426 
6 119 348 413 416 476 480 
8 13 18 23 49 173 174 189 328 
3 402 458 491 
5 100 280 421 461 484 
1 294 
2 116 358 
4 59 119 219 263 
6 1 208 212 213 222 480 
5 79 86 92 275 497 
4 1 4 116 261 
4 198 277 318 420 
6 84 223 284 406 436 494 
5 38 53 220 310 511 
3 17 270 479 
3 174 196 282 
2 254 401 
4 125 168 269 357 
1 514 
4 5 429 447 463 
6 17 41 166 243 404 445 
8 19 165 227 249 291 350 454 516 
3 125 168 381 
6 61 162 167 174 192 251 
3 96 392 417 
5 66 145 321 343 509 
6 2 177 219 277 384 445 
3 67 382 491 
4 147 287 301 447 
9 147 160 168 329 340 398 425 440 515 
5 52 143 362 386 406 
3 320 324 368 
7 25 62 171 230 248 355 483 
0 
3 230 320 389 
10 5 131 324 360 401 422 429 432 473 506 
4 14 124 298 321 
4 267 333 382 485 
6 133 134 235 265 272 515 
3 54 218 285 
2 249 479 
2 263 370 
2 77 298 
4 82 116 218 429 
4 147 216 238 367 
7 12 16 79 122 347 356 416 
6 117 237 349 445 492 510 
2 91 168 
4 48 426 456 482 
4 11 140 253 499 
2 26 40 
6 82 160 272 278 425 462 
10 3 14 37 252 275 317 329 374 451 485 
8 16 138 156 226 263 328 338 494 
6 46 140 143 145 285 309 
9 42 57 126 206 221 409 414 425 474 
6 4 8 61 91 102 229 
3 20 245 472 
2 339 503 
6 50 90 296 342 488 490 
2 138 343 
6 85 200 233 279 364 435 
4 279 328 405 467 
4 117 153 350 385 
3 232 439 477 
2 58 335 
3 19 234 242 
5 60 153 278 295 510 
6 82 126 127 153 384 417 
6 58 218 232 367 435 475 
5 321 343 415 434 517 
5 111 189 328 391 405 
1 279 
6 101 184 188 214 372 374 
2 152 171 
4 158 277 349 452 
5 143 200 364 459 469 
7 48 73 153 276 319 391 417 
4 157 311 500 505 
0 
4 236 358 418 519 
5 43 109 198 234 471 
5 60 166 331 369 404 
5 73 81 101 410 467 
4 33 201 343 393 
4 100 177 179 354 
4 237 287 495 509 
8 115 209 214 367 416 438 489 511 
10 33 82 121 206 304 314 353 401 477 497 
6 53 127 137 211 226 383 
5 87 183 286 309 428 
5 50 225 311 340 377 
5 20 191 231 275 460 
5 189 293 297 419 501 
3 33 294 421 
3 347 361 395 
8 23 54 92 282 399 417 472 491 
6 20 32 53 211 437 450 
6 85 116 165 244 340 391 
5 41 114 243 359 414 
9 71 97 202 285 307 347 424 500 513 
5 21 95 288 402 443 
3 8 309 366 
3 38 177 333 
5 3 46 166 185 462 
1 490 
8 22 28 125 168 289 332 452 461 
8 50 144 197 323 402 426 446 497 
5 42 75 194 285 296 
10 70 81 121 161 264 296 334 348 369 425 
3 18 120 138 
2 123 470 
5 40 84 110 317 355 
2 105 488 
3 406 506 518 
6 18 74 95 101 424 504 
4 127 155 316 396 
2 42 139 
6 137 152 186 198 350 416 
9 104 128 254 299 318 380 433 490 513 
8 23 41 67 136 183 322 484 488 
3 131 399 456 
4 42 182 437 455 
4 52 288 434 459 
5 39 97 162 409 462 
2 124 159 
6 18 82 272 462 478 480 
4 183 196 271 509 
5 129 288 370 427 466 
3 77 353 468 
7 23 50 65 154 197 237 450 
3 222 278 369 
7 19 89 114 134 156 171 220 
6 196 212 276 318 437 453 
8 39 69 84 206 207 217 465 491 
7 17 28 113 116 149 310 402 
3 49 111 288 
6 9 133 160 241 357 410 
4 128 285 335 464 
5 11 126 157 335 487 
8 132 184 199 245 253 283 299 339 
4 137 235 336 475 
6 4 91 104 173 231 330 
6 61 67 246 268 273 281 
3 37 251 477 
4 325 433 465 510 
4 166 302 419 452 
1 478 
4 63 109 238 365 
4 150 239 361 454 
2 212 435 
5 112 204 253 254 446 
8 66 84 238 308 384 398 425 445 
4 48 181 187 428 
3 4 264 285 
5 33 83 104 360 423 
3 173 358 451 
6 19 54 83 291 389 461 
3 136 307 353 
3 74 233 454 
3 368 415 515 
5 22 417 457 466 490 
5 10 245 303 431 461 
3 297 408 481 
7 37 199 235 247 375 450 476 
5 111 158 280 324 359 
5 223 236 392 438 484 
5 69 86 326 428 518 
5 14 49 122 354 468 
7 1 78 100 233 347 432 446 
4 326 364 440 459 
4 19 261 370 378 
10 1 5 62 82 197 257 363 388 396 475 
7 124 156 264 278 323 352 470 
1 222 
5 53 176 179 328 398 
12 12 31 39 62 170 181 215 386 399 421 498 515 
4 134 265 327 512 
5 15 68 102 252 318 
12 1 9 14 112 176 180 310 355 360 389 394 436 
3 290 395 490 
6 312 315 341 373 393 416 
6 112 134 322 334 434 505 
12 19 147 198 207 216 320 395 423 424 426 430 440 
6 103 126 174 197 481 508 
4 3 287 363 471 
5 47 227 356 456 471 
4 251 366 420 485 
9 1 2 67 89 128 182 248 401 411 
7 55 65 83 115 254 327 378 
6 14 210 283 284 436 516 
4 12 132 286 512 
2 399 459 
6 57 61 103 198 376 455 
5 88 203 285 364 385 
7 44 48 135 174 236 243 353 
4 52 122 326 405 
4 12 143 204 381 
7 170 205 215 229 345 387 407 
2 89 122 
4 145 343 378 406 
3 4 56 489 
7 76 113 190 240 245 314 451 
6 38 88 146 254 383 473 
7 19 27 191 220 424 477 512 
5 66 97 166 208 263 
3 19 94 436 
2 103 318 
7 78 95 233 274 303 340 378 
4 88 230 313 391 
5 25 85 177 257 324 
6 31 98 190 331 391 423 
8 62 73 124 143 162 282 488 498 
5 49 142 151 225 301 
3 46 244 310 
8 64 73 108 180 300 324 416 427 
6 21 47 68 240 294 387 
2 175 433 
8 44 317 330 367 376 395 418 494 
9 1 85 92 119 206 221 315 339 439 
4 84 293 377 499 
9 6 19 34 64 80 247 332 398 407 
7 9 18 189 214 232 363 479 
4 137 176 305 385 
4 141 227 254 276 
6 78 186 273 316 387 392 
4 32 98 136 518 
3 46 218 474 
2 326 470 
5 18 143 197 218 460 
3 309 377 495 
5 1 338 363 440 454 
4 29 236 365 375 
6 46 81 316 334 345 353 
1 518 
2 264 499 
5 54 133 167 342 488 
6 34 68 172 182 413 482 
8 2 3 15 234 348 386 456 481 
7 46 86 117 171 213 297 405 
4 98 208 339 368 
6 34 107 175 321 383 483 
3 343 361 370 
2 317 513 
4 179 302 324 443 
1 21 
7 17 216 222 243 354 356 454 
4 169 311 370 430 
5 16 129 229 326 509 
2 324 454 
5 4 240 325 328 363 
4 44 57 261 317 
3 88 91 460 
5 141 174 297 320 366 
6 0 100 241 266 321 337 
4 26 142 407 418 
7 54 99 161 180 233 333 460 
5 29 148 246 252 280 
3 17 80 411 
8 58 80 118 165 227 440 484 496 
6 78 207 216 341 384 466 
8 27 119 135 157 175 259 345 437 
5 343 366 400 429 495 
3 77 86 308 
4 200 269 501 516 
4 83 96 228 282 
5 102 104 333 403 412 
7 131 144 411 424 457 459 469 
7 67 146 382 417 429 444 502 
6 105 200 244 424 496 503 
2 215 305 
10 53 119 146 190 232 263 326 360 471 517 
7 137 169 213 222 241 306 413 
6 24 126 225 363 400 449 
2 238 291 
6 4 156 332 485 490 495 
9 54 56 79 121 149 239 321 475 483 
4 0 52 180 473 
7 42 104 300 328 356 438 454 
7 245 260 328 349 412 414 516 
8 59 174 196 200 254 297 479 504 
5 145 193 252 328 464 
4 137 273 360 439 
6 50 102 235 298 312 509 
5 164 180 188 407 413 
2 328 392 
3 9 307 442 
2 180 314 
4 38 264 290 362 
7 22 75 215 268 327 462 519 
5 46 137 206 214 295 
7 52 108 111 157 324 335 351 
6 27 242 267 278 406 503 
5 98 232 311 423 514 
4 209 364 427 472 
7 24 174 315 328 376 404 487 
0 
3 38 101 431 
4 59 246 389 453 
4 31 40 95 413 
7 6 115 165 171 191 297 470 
6 5 252 296 314 479 515 
7 49 84 118 164 173 449 488 
4 124 462 497 504 
3 418 447 515 
6 13 117 242 275 309 473 
5 39 197 301 347 504 
4 220 251 291 462 
5 49 109 278 443 494 
8 166 294 304 376 391 394 423 470 
2 267 338 
7 81 103 193 266 331 383 502 
3 66 306 412 
2 53 148 
7 102 221 268 315 337 412 509 
9 10 28 72 100 237 374 397 401 498 
7 39 126 131 149 251 302 307 
7 196 249 269 271 434 448 452 
2 102 164 
4 59 283 426 499 
2 279 290 
6 45 74 109 273 306 405 
4 124 207 228 499 
5 35 90 113 274 313 
3 221 412 506 
9 82 106 129 256 318 373 445 454 501 
6 55 64 226 330 331 416 
6 44 202 241 439 479 501 
5 8 180 348 422 450 
5 104 143 200 372 510 
6 37 97 214 286 317 421 
5 23 83 95 146 309 
7 118 209 233 289 349 506 510 
4 68 133 271 292 
7 125 159 185 367 425 446 472 
4 126 146 153 271 
4 140 308 329 383 
3 11 193 382 
5 90 177 386 421 493 
6 54 129 149 265 311 404 
5 119 182 197 332 420 
2 125 139 
2 284 440 
7 29 204 258 265 357 381 447 
2 232 346 
9 3 68 131 204 250 264 306 325 420 
4 148 172 241 279 
2 85 191 
2 483 507 
7 3 7 109 157 198 363 453 
5 18 231 375 407 420 
2 404 414 
6 98 109 154 233 252 448 
4 51 321 357 460 
5 194 365 380 464 467 
3 31 223 245 
4 238 409 470 472 
5 54 60 122 413 456 
4 113 203 414 437 
7 63 92 260 425 448 451 518 
3 15 223 327 
6 14 180 259 469 477 519 
2 100 493 
1 329 
7 13 170 231 272 393 428 459 
6 47 191 212 290 474 477 
4 49 127 158 232 
3 322 336 349 
4 131 245 264 388 
4 32 55 163 438 
6 174 183 305 321 446 449 
6 8 56 166 335 409 424 
3 46 215 416 
5 259 312 371 379 504 
3 225 434 506 
