530 1320
2 112 456 
3 81 146 463 
5 167 210 256 292 419 
2 47 270 
4 51 69 212 523 
5 211 212 271 284 288 
3 210 482 524 
4 76 396 505 521 
6 44 73 260 293 473 494 
6 29 95 141 323 385 497 
7 121 158 299 380 383 471 505 
7 74 93 161 173 282 386 448 
4 13 67 289 478 
7 12 340 408 435 442 448 499 
2 198 292 
3 146 396 428 
5 176 181 260 275 290 
3 267 334 440 
6 116 205 359 422 477 509 
6 168 187 210 258 309 356 
6 43 145 157 296 318 436 
3 105 160 310 
4 131 243 365 446 
3 46 132 140 
6 47 50 59 92 172 280 
8 273 355 379 394 486 503 526 528 
4 121 282 295 383 
9 112 166 182 268 308 313 337 358 361 
3 218 373 510 
5 9 303 317 491 494 
6 175 255 266 430 472 481 
4 71 151 332 348 
5 59 139 255 382 504 
3 84 134 159 
3 141 143 170 
5 57 66 167 404 500 
3 180 409 413 
3 92 294 418 
5 253 267 333 358 439 
6 53 166 242 268 293 415 
5 243 303 428 459 499 
15 47 62 145 253 271 280 318 391 392 397 403 419 422 482 515 
5 295 424 438 484 488 
5 20 238 312 330 478 
8 8 98 303 312 369 435 459 512 
3 157 243 262 
4 23 61 104 277 
4 3 24 41 65 
8 51 97 400 457 465 487 523 525 
5 92 129 429 433 439 
7 24 129 349 403 446 483 528 
5 4 48 233 320 430 
3 423 512 519 
4 39 147 165 472 
1 91 
5 225 294 324 389 496 
6 105 178 229 235 269 407 
6 35 138 156 157 224 245 
6 120 129 208 357 474 518 
3 24 32 440 
7 142 165 171 264 266 271 519 
2 46 262 
4 41 150 288 446 
3 239 257 389 
4 73 145 403 431 
7 47 231 261 294 343 476 518 
6 35 146 247 263 333 407 
5 12 261 304 343 344 
7 120 122 198 343 359 436 510 
5 4 377 476 478 501 
5 238 245 247 268 404 
9 31 119 265 315 317 352 424 490 502 
3 78 301 443 
7 8 64 129 232 374 379 513 
7 11 231 380 384 434 435 477 
4 79 296 401 415 
6 7 195 199 291 348 525 
4 210 305 361 469 
3 72 262 479 
3 75 267 523 
3 202 353 514 
5 1 167 209 280 421 
4 126 155 266 403 
8 84 140 180 208 211 427 448 523 
7 33 83 90 139 171 231 397 
4 92 163 405 482 
2 250 312 
4 170 189 320 459 
5 181 197 347 409 477 
4 192 213 471 517 
5 84 105 198 256 407 
5 54 165 225 245 339 
10 24 37 49 85 99 192 212 316 333 442 
2 11 123 
5 126 154 157 183 228 
5 9 101 112 116 378 
9 120 127 179 200 205 207 276 302 341 
8 48 238 278 430 464 482 492 495 
4 44 111 184 234 
7 92 124 187 273 366 485 526 
6 185 208 251 276 322 472 
6 95 211 241 265 427 525 
5 160 182 246 370 447 
6 161 167 194 358 430 468 
9 46 215 233 307 393 397 412 457 523 
8 21 56 90 165 174 282 302 352 
3 108 142 262 
8 125 140 164 262 286 325 400 417 
2 106 186 
5 140 234 246 492 516 
5 120 288 407 428 473 
2 98 518 
7 0 27 95 241 336 467 492 
2 143 409 
3 161 345 417 
5 201 278 384 391 471 
6 18 95 152 175 398 512 
2 241 414 
4 144 207 323 363 
6 71 123 178 184 237 322 
8 58 68 96 110 247 278 279 529 
8 10 26 225 248 278 331 393 516 
8 68 137 140 209 243 360 488 529 
6 93 119 201 205 385 437 
4 99 256 277 389 
4 107 300 346 379 
3 82 94 434 
2 96 284 
5 143 332 420 449 452 
7 49 50 58 73 363 406 493 
4 350 396 451 477 
3 22 189 342 
2 23 163 
0 
6 33 183 190 264 272 486 
0 
0 
5 122 263 312 380 524 
6 57 164 291 387 406 424 
5 32 84 211 458 496 
11 23 83 107 109 122 193 223 260 409 445 508 
9 9 34 202 338 379 388 426 456 461 
4 60 106 347 444 
5 34 113 128 208 243 
7 118 188 229 262 265 406 487 
7 20 41 64 152 172 180 276 
9 1 15 66 350 355 362 366 390 393 
2 53 517 
7 273 276 300 334 391 403 427 
0 
4 62 208 357 398 
3 31 206 277 
6 116 145 186 230 364 437 
3 203 353 510 
2 94 206 
4 82 311 330 387 
2 57 505 
4 20 45 57 94 
1 10 
2 33 522 
4 21 102 243 512 
5 11 103 114 252 400 
4 203 279 342 363 
5 85 132 292 329 393 
3 107 138 388 
7 53 60 91 105 270 430 431 
6 27 39 201 293 301 354 
7 2 35 81 103 306 420 490 
4 19 283 408 462 
2 199 259 
5 34 87 180 232 345 
4 60 84 257 519 
4 24 145 248 504 
3 11 186 514 
5 105 214 375 458 499 
4 30 116 253 415 
2 16 504 
4 261 392 412 510 
7 56 119 219 242 265 440 488 
5 96 236 266 287 341 
8 36 83 145 170 202 294 390 477 
4 16 88 214 298 
7 27 102 217 307 320 336 492 
3 94 134 385 
5 98 119 350 402 510 
6 100 195 271 322 341 361 
7 108 152 173 212 246 418 505 
5 19 99 319 442 467 
3 144 410 445 
5 87 131 371 491 509 
5 134 253 294 337 395 
3 217 350 442 
6 89 92 333 376 380 425 
4 140 307 429 482 
5 103 213 338 361 475 
5 76 185 199 492 501 
2 279 435 
3 88 376 448 
6 14 68 90 250 359 431 
9 76 169 195 282 325 391 405 462 513 
6 96 234 280 337 388 487 
5 115 123 166 258 343 
8 80 141 180 228 398 425 485 506 
5 153 162 207 368 413 
3 303 421 473 
5 18 96 123 298 498 
7 151 154 229 256 402 411 464 
9 96 118 203 289 364 423 440 451 454 
10 58 83 100 143 150 249 266 380 390 459 
4 81 122 317 430 
7 2 6 19 77 266 284 469 
6 5 83 101 139 333 367 
8 4 5 92 186 352 379 454 502 
5 89 194 266 477 509 
6 174 181 394 427 440 514 
3 104 385 494 
4 231 284 325 443 
3 182 191 517 
2 28 350 
1 178 
3 290 406 479 
3 273 385 516 
3 337 391 427 
4 140 224 383 419 
6 57 223 351 400 419 459 
4 55 91 121 499 
3 430 497 513 
1 325 
3 94 202 308 
5 56 144 206 415 474 
1 152 
6 65 74 84 216 300 467 
4 73 170 248 401 
2 51 104 
5 98 109 200 303 407 
3 56 288 382 
2 179 281 
4 119 278 422 504 
6 43 70 97 340 391 451 
5 63 278 444 518 519 
2 357 369 
7 101 112 117 263 281 436 457 
2 39 178 
7 22 40 45 122 143 160 470 
5 306 366 430 451 464 
8 57 70 91 309 325 389 404 437 
7 102 109 186 299 432 497 515 
5 66 70 120 385 479 
4 121 172 232 369 
4 208 417 470 510 
7 86 198 280 402 434 438 518 
2 100 454 
4 161 323 347 470 
6 38 41 175 190 327 426 
0 
3 30 32 509 
6 2 90 124 206 257 283 
4 63 171 256 286 
3 19 201 396 
7 169 264 322 328 374 446 459 
7 8 16 140 304 306 329 360 
5 65 67 177 399 449 
6 45 61 78 106 107 144 
5 66 137 241 285 496 
6 60 134 259 304 463 487 
7 71 101 144 178 422 438 515 
9 30 60 82 179 208 210 213 295 463 
6 17 38 79 327 451 495 
4 27 39 70 473 
2 56 293 
3 3 165 366 
7 5 41 60 185 286 412 462 
5 134 361 391 433 518 
10 25 99 148 221 313 344 358 367 385 505 
0 
3 16 283 332 
7 96 100 145 148 339 374 473 
6 46 124 151 391 481 509 
9 97 115 120 121 237 239 310 363 449 
4 120 162 196 519 
6 24 41 81 200 250 484 
7 236 241 360 431 461 477 504 
7 11 26 105 199 425 454 524 
9 168 256 275 302 332 398 453 499 501 
5 5 127 210 216 512 
6 263 350 401 463 522 523 
4 107 257 271 333 
2 179 410 
7 5 62 110 235 324 370 495 
3 12 207 473 
8 16 220 327 344 371 383 431 477 
3 76 138 410 
5 2 14 163 337 358 
6 8 39 166 269 407 488 
9 37 55 65 180 190 343 392 425 509 
8 26 42 266 332 354 366 479 528 
2 20 75 
2 331 499 
5 181 205 313 436 511 
6 10 246 443 480 501 523 
6 125 148 231 304 338 505 
7 72 166 379 416 443 448 467 
8 96 105 283 312 335 375 436 499 
11 29 40 44 204 234 313 335 396 444 447 503 
7 67 260 264 300 449 524 525 
3 77 433 479 
7 167 244 260 400 426 502 503 
8 104 182 193 344 358 395 420 476 
5 27 228 371 391 476 
6 19 245 337 359 501 521 
4 21 278 464 477 
3 155 321 367 
9 43 44 86 137 302 358 470 524 527 
7 27 273 298 303 347 406 526 
2 429 528 
2 71 489 
2 92 405 
9 29 71 209 320 369 410 449 463 517 
5 20 41 331 395 508 
4 187 378 429 446 
7 51 87 182 317 389 434 469 
1 311 
5 100 119 185 259 490 
5 9 118 252 327 514 
3 55 288 387 
7 107 199 216 227 245 329 476 
1 366 
5 253 267 290 323 455 
1 259 
3 163 260 325 
3 43 155 505 
3 121 297 318 
7 31 128 275 283 295 384 511 
9 38 66 92 192 211 286 389 474 503 
4 17 148 342 491 
5 302 303 343 408 433 
3 112 182 426 
8 27 190 200 222 292 309 459 492 
6 141 194 300 391 463 495 
6 91 276 347 384 421 467 
4 13 238 388 448 
4 96 179 185 525 
4 131 162 334 523 
6 65 67 68 201 294 335 
5 67 273 290 307 366 
4 114 170 375 523 
4 125 388 409 492 
6 88 142 252 313 339 373 
2 31 76 
4 50 370 462 505 
6 130 146 184 191 218 285 
3 224 368 495 
4 71 105 212 394 
3 80 153 452 
7 166 295 394 415 481 517 522 
2 25 146 
5 19 454 467 491 493 
5 58 150 240 394 395 
7 27 38 103 273 292 307 312 
6 18 68 198 309 431 528 
4 122 260 281 389 
10 27 77 185 194 272 397 403 423 440 464 
4 146 407 436 490 
5 118 129 162 278 514 
4 152 207 411 426 
1 22 
9 99 146 244 270 295 326 344 386 455 
4 211 273 311 445 
4 203 351 370 393 
6 44 240 248 317 471 490 
5 102 288 349 368 494 
4 189 290 308 525 
1 508 
3 28 347 490 
3 73 259 276 
3 174 302 345 
2 192 197 
5 69 402 439 442 467 
4 95 319 432 446 
7 25 73 125 141 212 301 442 
5 10 74 137 192 208 
3 383 447 461 
3 32 235 508 
9 10 26 223 290 381 407 443 467 513 
5 74 115 332 339 427 
9 9 123 183 215 221 247 273 438 529 
3 11 366 406 
5 138 155 324 493 516 
6 141 164 200 340 346 390 
8 55 63 124 245 320 333 360 506 
5 146 180 208 388 462 
11 41 115 148 199 222 238 272 277 308 338 509 
4 41 177 294 406 
7 104 121 146 163 368 455 470 
6 25 214 352 354 357 477 
5 190 307 318 357 422 
6 7 15 130 258 303 469 
4 41 84 104 361 
4 116 150 202 283 
6 261 421 449 452 459 509 
5 48 107 161 224 306 
4 75 232 285 470 
6 184 206 250 377 442 491 
7 41 50 64 82 148 361 510 
3 35 70 245 
5 85 199 316 452 489 
7 129 138 144 220 313 386 392 
9 56 66 90 110 234 293 362 383 527 
5 13 168 335 421 514 
8 36 88 113 140 346 481 505 524 
5 188 287 291 317 483 
3 206 364 522 
4 104 177 271 425 
3 36 203 464 
1 117 
5 39 75 175 229 354 
2 301 511 
3 107 114 249 
3 37 186 491 
4 2 41 223 224 
5 128 167 307 526 527 
5 81 204 339 399 408 
5 18 41 237 265 395 
6 52 207 361 461 475 484 
4 42 71 138 465 
7 192 202 282 294 412 431 498 
6 141 253 306 336 364 502 
9 83 101 148 214 222 384 440 444 476 
3 15 40 110 
4 49 193 314 319 
8 30 51 97 103 165 209 226 244 
9 64 165 198 281 290 359 425 436 459 
3 246 378 497 
6 49 272 305 335 515 517 
4 74 126 250 320 
8 13 44 74 196 487 490 497 506 
9 20 68 241 298 302 362 431 444 456 
4 123 152 245 526 
4 42 250 265 385 
4 38 49 377 495 
7 17 59 178 207 214 361 427 
1 480 
8 13 92 187 191 377 379 402 443 
6 72 216 299 301 383 442 
7 142 239 303 427 436 462 510 
6 140 188 367 448 456 518 
7 22 50 62 259 319 378 487 
4 102 303 381 486 
8 11 13 83 197 301 340 445 458 
8 128 261 278 304 317 399 485 489 
2 503 505 
6 130 207 238 244 267 508 
5 128 353 399 405 477 
3 283 487 499 
7 207 212 251 282 356 471 520 
4 327 366 393 471 
5 0 141 436 445 504 
4 48 104 241 515 
6 139 174 448 486 513 529 
9 40 44 87 208 224 259 337 399 431 
1 527 
4 141 281 381 423 
7 168 199 271 349 390 444 521 
6 1 264 266 285 317 338 
6 97 206 244 310 361 413 
2 48 424 
0 
8 112 187 231 301 339 356 377 383 
1 103 
5 77 210 320 396 513 
6 243 249 252 312 393 401 
7 10 89 115 369 454 455 475 
3 30 53 100 
6 8 110 204 268 276 289 
4 58 229 333 507 
3 194 423 471 
6 65 69 307 308 325 427 
11 18 74 88 130 180 213 281 290 310 394 452 
3 12 43 69 
5 78 220 247 295 305 
2 299 441 
5 30 277 354 409 511 
5 6 41 85 97 193 
2 50 410 
4 42 280 423 529 
3 99 202 449 
5 25 134 447 458 504 
8 48 144 200 264 435 446 453 508 
4 42 122 178 293 
3 315 405 449 
7 71 167 322 362 369 373 435 
6 29 189 334 356 402 418 
7 97 109 112 182 195 337 346 
4 129 356 387 503 
5 8 29 215 370 511 
7 97 267 288 338 351 439 510 
3 55 139 263 
5 9 226 246 432 435 
3 205 425 502 
8 13 40 174 225 283 297 302 453 
1 35 
5 69 195 283 299 309 
5 71 212 306 426 498 
7 25 303 306 333 450 493 517 
7 32 172 176 237 281 456 486 
11 7 10 156 186 273 300 330 349 409 450 510 
3 202 389 435 
2 474 508 
7 140 318 372 382 451 487 507 
8 18 189 213 255 277 294 391 399 
11 28 68 153 177 184 249 403 444 495 505 512 
5 298 332 416 481 494 
6 44 52 116 160 284 510 
6 73 199 226 383 458 469 
6 80 173 214 323 363 408 
5 41 246 265 433 457 
5 109 121 221 387 523 
7 89 147 217 317 354 433 503 
7 58 65 111 239 250 272 445 
5 52 60 171 239 279 
1 454 
3 7 309 462 
4 159 285 354 411 
10 4 48 79 83 104 285 299 342 345 516 
6 6 137 282 304 312 409 
6 48 76 101 304 341 371 
5 25 99 313 420 437 
5 312 407 420 460 529 
5 25 50 295 314 359 
6 120 122 385 458 484 527 
530 1277
2 197 350 
5 64 154 352 440 465 
6 40 171 186 192 490 503 
3 280 339 516 
5 7 123 134 145 316 
5 113 173 295 483 491 
4 163 318 393 437 
9 4 30 141 153 384 398 506 511 522 
6 97 104 225 396 441 507 
10 12 26 38 59 61 76 281 411 446 451 
5 211 292 293 323 434 
3 31 60 418 
8 9 84 279 288 293 387 411 421 
3 106 183 233 
5 28 50 172 281 459 
2 205 483 
5 135 168 411 468 499 
4 167 292 321 501 
4 60 397 422 508 
4 30 37 48 519 
7 37 65 68 299 334 422 478 
3 199 328 471 
6 67 165 169 175 236 456 
4 281 297 301 497 
3 362 516 522 
2 397 452 
5 9 49 141 161 491 
4 79 179 264 273 
11 14 79 89 131 261 271 353 382 397 431 484 
4 46 333 432 511 
7 7 19 33 445 498 507 512 
4 11 170 363 449 
0 
6 30 45 68 101 177 268 
7 150 270 274 356 406 516 529 
6 41 47 98 180 466 496 
7 152 194 252 306 335 411 453 
8 19 20 199 214 238 372 404 449 
9 9 47 53 111 273 305 321 344 497 
0 
7 2 56 200 293 366 447 461 
8 35 108 126 161 237 245 323 461 
8 165 222 283 362 382 402 465 483 
4 57 293 430 473 
3 283 358 453 
4 33 115 253 311 
5 29 103 107 297 505 
5 35 38 296 314 335 
6 19 61 76 351 475 508 
4 26 115 165 461 
5 14 122 126 162 406 
2 76 287 
4 121 127 232 490 
4 38 73 362 489 
6 67 174 341 434 457 502 
3 108 469 507 
5 40 151 163 402 435 
3 43 210 354 
2 210 322 
4 9 130 171 514 
7 11 18 153 253 259 388 391 
7 9 48 87 123 268 312 474 
3 130 238 419 
2 68 309 
5 1 76 126 213 480 
6 20 230 269 286 321 510 
2 83 314 
5 22 54 236 273 274 
11 20 33 63 75 101 225 303 472 480 497 517 
3 95 141 294 
9 101 103 135 211 277 322 393 493 515 
6 75 143 225 301 418 455 
5 110 119 247 342 500 
4 53 116 140 399 
3 479 488 494 
6 68 71 83 393 449 460 
5 9 48 51 64 296 
7 108 123 209 260 269 355 465 
3 198 285 408 
5 27 28 98 120 121 
1 347 
4 218 232 416 448 
2 117 358 
8 66 75 169 193 274 399 447 450 
6 12 256 271 285 338 397 
3 277 444 525 
6 166 251 312 359 488 498 
4 61 88 270 446 
7 87 127 215 232 263 267 327 
9 28 109 118 132 236 333 459 482 495 
4 167 179 230 428 
1 146 
2 178 506 
1 455 
5 96 213 296 363 523 
6 69 102 130 133 171 302 
5 94 236 301 330 456 
4 8 291 319 322 
6 35 79 250 317 438 473 
2 189 222 
6 152 254 365 474 478 511 
6 33 68 70 138 175 505 
4 95 254 320 404 
7 46 70 249 292 322 391 397 
6 8 184 226 236 305 474 
2 426 447 
6 13 191 357 480 508 511 
3 46 247 397 
7 41 55 77 296 385 433 472 
6 89 143 162 251 256 340 
10 72 149 156 194 263 276 347 392 481 524 
5 38 125 250 271 298 
4 131 275 294 344 
5 5 258 378 455 469 
1 527 
7 45 49 199 345 394 423 446 
4 73 192 243 476 
6 82 163 262 359 411 449 
4 89 132 177 182 
5 72 169 235 477 515 
5 79 174 419 448 471 
9 52 79 145 194 204 212 356 363 413 
2 50 393 
6 4 61 77 211 298 303 
3 180 446 475 
3 111 408 450 
10 41 50 64 198 222 244 365 380 397 497 
4 52 88 248 408 
4 139 168 314 395 
8 290 355 358 418 422 487 488 503 
4 59 62 95 243 
5 28 112 290 346 379 
7 89 118 141 282 322 345 524 
1 95 
4 4 165 393 437 
5 16 70 358 359 368 
2 233 393 
2 223 351 
5 101 260 339 380 482 
6 128 257 318 440 470 528 
4 73 226 316 517 
7 7 26 69 132 248 457 511 
2 146 232 
5 71 109 176 323 447 
2 163 251 
3 4 121 380 
7 91 142 267 285 301 358 435 
6 214 255 390 412 454 513 
4 236 298 302 515 
4 110 279 297 356 
3 34 468 493 
3 56 368 390 
8 36 100 179 195 237 295 402 463 
4 7 60 371 480 
4 1 247 261 407 
6 260 271 329 356 371 446 
4 110 264 288 308 
5 193 197 241 445 463 
2 199 327 
2 385 475 
3 175 449 526 
9 26 41 179 186 189 230 263 393 416 
5 50 109 332 398 447 
8 6 56 117 144 184 270 300 307 
3 185 223 290 
6 22 42 49 134 224 454 
3 86 208 315 
4 17 90 213 464 
5 16 128 314 431 453 
4 22 83 119 222 
6 31 172 181 241 390 502 
6 2 59 95 240 287 305 
3 14 170 517 
4 5 191 217 313 
3 54 120 204 
7 22 101 160 270 276 423 460 
8 143 242 284 296 341 418 452 514 
6 33 118 199 264 274 430 
5 92 190 214 430 445 
9 27 90 152 161 283 288 299 348 421 
3 35 124 405 
3 170 284 467 
4 118 284 392 438 
4 13 238 240 407 
6 104 163 265 311 396 467 
5 164 279 328 405 467 
5 2 161 318 353 510 
2 375 413 
3 239 446 454 
4 99 161 457 474 
2 178 350 
7 106 173 192 225 331 345 480 
9 2 116 191 211 251 401 423 495 514 
6 83 157 261 375 438 452 
4 36 110 121 293 
3 152 353 355 
1 524 
4 0 157 264 367 
7 78 126 246 341 351 455 498 
8 21 37 115 158 177 240 266 456 
3 40 316 321 
3 313 435 495 
3 269 277 514 
3 340 378 413 
4 121 174 385 442 
3 15 284 334 
3 261 432 482 
3 368 382 527 
9 166 255 277 328 350 429 439 478 526 
4 77 282 302 473 
5 57 58 341 364 483 
7 10 70 123 192 331 360 397 
3 121 260 445 
8 64 94 167 243 247 369 451 524 
4 37 147 178 336 
5 88 227 241 275 440 
4 244 262 317 336 
6 173 247 260 330 426 477 
3 81 409 464 
5 299 321 361 514 527 
3 266 380 421 
2 251 308 
5 42 99 126 169 239 
3 137 164 332 
4 165 324 391 434 
9 8 68 71 191 250 259 467 491 511 
5 104 140 259 313 324 
7 215 255 287 325 339 360 416 
0 
2 387 496 
4 65 90 161 235 
2 331 509 
7 52 81 88 142 312 324 489 
5 13 136 273 343 423 
0 
5 119 230 301 367 505 
11 22 67 89 96 104 148 293 346 403 426 489 
5 41 152 359 363 527 
5 37 62 183 293 526 
6 188 222 254 338 484 509 
5 171 183 199 420 473 
4 157 170 215 492 
4 176 395 411 413 
6 116 130 213 403 428 510 
5 126 216 282 321 453 
3 41 284 510 
3 198 298 389 
5 72 107 154 213 217 
5 127 141 258 377 393 
4 103 365 391 449 
5 98 111 225 262 386 
7 86 109 144 192 221 414 467 
4 36 301 351 480 
5 45 60 310 462 508 
5 100 102 239 273 503 
5 147 208 227 368 455 
2 84 109 
2 139 518 
7 113 248 324 432 464 509 529 
5 60 225 226 376 409 
7 77 138 155 212 217 393 506 
5 28 154 193 206 459 
5 117 216 250 285 490 
4 88 110 161 458 
9 27 156 177 197 277 353 367 394 414 
2 184 354 
4 199 220 462 525 
4 88 146 416 509 
4 33 61 403 475 
5 65 77 202 277 323 
6 34 87 163 175 380 508 
7 28 84 111 155 297 397 512 
5 295 304 328 481 511 
7 27 38 67 233 254 413 486 
9 34 67 83 177 335 410 436 493 528 
3 112 215 515 
6 110 175 308 354 403 505 
9 70 85 202 208 264 269 343 385 499 
4 332 417 431 515 
8 12 149 185 303 379 398 512 520 
4 3 458 483 491 
7 9 14 23 322 371 400 518 
4 132 209 244 528 
4 42 44 179 352 
11 176 181 182 205 245 293 306 328 405 422 431 
5 78 84 146 262 372 
6 65 363 368 397 402 444 
6 51 171 227 355 494 526 
6 12 156 179 305 328 438 
8 298 369 450 478 479 481 485 495 
5 129 131 164 487 514 
4 97 320 428 501 
7 10 17 103 364 379 461 515 
11 10 12 40 43 194 236 238 284 344 446 456 
3 69 112 373 
5 5 152 272 381 461 
6 47 76 94 108 176 407 
7 23 46 149 271 304 402 481 
8 111 123 148 246 289 339 360 507 
4 20 179 219 507 
2 163 431 
9 23 71 96 146 235 252 343 385 405 
5 95 148 209 498 526 
3 68 123 279 
4 272 297 331 465 
6 38 104 171 288 344 434 
5 36 284 332 385 420 
2 163 459 
4 156 221 276 513 
2 63 471 
1 253 
4 45 184 361 393 
5 61 86 232 403 413 
3 173 201 226 
7 47 66 128 168 380 391 509 
2 166 498 
8 4 140 200 375 384 403 426 502 
4 98 216 390 482 
6 6 139 186 393 445 454 
3 97 468 525 
2 102 291 
8 17 38 65 200 219 244 409 414 
7 58 70 97 103 132 281 481 
6 10 41 143 269 378 520 
6 224 226 232 258 450 511 
4 227 425 513 527 
0 
2 88 158 
8 21 185 208 272 284 288 408 528 
3 155 455 517 
6 96 217 387 427 497 522 
5 191 211 231 304 383 
4 162 223 278 306 
3 29 89 335 
4 20 205 433 493 
4 36 47 274 333 
4 214 216 374 477 
1 490 
3 84 239 369 
4 3 138 227 298 
3 109 203 365 
6 54 176 198 210 484 495 
2 72 468 
4 233 277 301 466 
7 38 112 293 305 425 469 481 
5 115 132 191 381 465 
4 131 236 386 452 
4 80 110 497 512 
2 179 444 
7 383 416 418 428 482 494 509 
6 0 190 208 388 415 487 
5 48 137 198 252 491 
4 1 283 360 495 
4 28 186 195 264 
8 57 265 276 379 384 389 467 475 
7 77 129 195 287 388 449 465 
6 34 121 149 155 449 506 
3 106 359 479 
6 44 82 129 135 146 469 
6 86 117 135 237 357 499 
4 211 227 298 352 
4 219 311 440 497 
3 24 42 53 
8 31 94 121 237 286 397 489 527 
3 210 292 456 
5 100 126 249 340 489 
2 40 492 
7 197 235 264 412 448 454 493 
10 135 151 207 255 286 377 412 419 500 527 
5 213 289 338 466 491 
2 430 471 
4 153 155 281 472 
3 37 285 505 
2 294 397 
2 336 469 
4 187 193 316 474 
3 259 429 473 
5 248 368 394 416 516 
5 113 203 323 490 494 
4 131 279 292 354 
7 126 138 145 220 270 314 409 
2 295 345 
4 28 42 207 433 
3 331 349 518 
5 7 316 354 401 504 
7 108 159 204 277 301 306 518 
4 250 346 391 420 
4 12 229 330 426 
4 60 350 355 479 
2 246 354 
5 147 151 170 317 505 
6 60 103 224 249 314 386 
4 110 182 418 498 
11 6 70 75 122 134 136 161 248 260 311 318 
4 115 264 377 447 
3 128 242 465 
2 8 184 
13 18 25 28 84 103 107 126 211 271 286 363 373 480 
3 7 162 279 
3 73 83 521 
5 281 493 506 512 524 
3 192 384 518 
8 42 56 152 286 297 425 426 446 
8 236 243 268 276 312 316 442 463 
5 37 102 433 466 479 
5 180 185 284 301 438 
7 34 50 418 422 435 524 525 
5 154 183 296 410 467 
4 78 125 127 328 
5 218 259 321 380 450 
3 274 407 445 
8 9 12 16 36 117 242 440 483 
3 147 367 368 
7 121 187 203 242 273 312 427 
3 251 264 321 
2 350 495 
7 81 161 227 267 349 377 435 
3 278 486 516 
9 11 71 129 176 349 392 406 483 519 
3 62 120 368 
5 240 306 386 484 518 
4 12 179 220 432 
6 18 20 129 284 406 465 
5 115 175 192 233 523 
1 513 
4 325 344 402 475 
6 105 217 236 316 387 402 
2 330 413 
4 90 243 291 349 
2 208 376 
6 43 177 178 370 514 523 
5 28 168 278 284 300 
5 29 206 258 421 434 
5 108 334 382 404 523 
5 10 54 224 305 432 
5 56 146 201 406 416 
1 274 
3 6 134 487 
6 98 182 193 288 405 499 
2 208 489 
6 1 139 215 361 411 523 
2 8 476 
2 204 403 
1 507 
4 85 286 348 485 
6 30 157 178 212 318 410 
8 9 87 115 124 155 188 293 402 
7 40 83 105 143 162 394 478 
4 81 120 367 510 
10 31 37 75 117 160 249 355 356 525 529 
5 83 125 289 324 409 
4 9 213 477 527 
5 25 176 193 346 485 
6 36 44 168 244 477 511 
6 147 165 188 318 367 475 
7 71 93 113 198 255 329 513 
5 22 96 199 293 364 
3 54 141 189 
3 263 280 523 
4 14 89 261 307 
2 75 175 
5 40 41 49 292 295 
3 253 266 481 
3 152 157 403 
3 167 218 258 
8 1 42 77 304 345 355 395 422 
5 35 343 369 404 481 
7 181 184 185 225 251 354 407 
6 16 150 319 342 475 523 
5 55 113 344 358 374 
3 139 482 502 
5 21 120 309 370 482 
4 68 108 371 473 
6 43 98 209 240 376 472 
6 61 100 104 189 375 517 
8 48 124 159 268 354 425 454 468 
3 116 441 509 
5 119 217 336 451 453 
6 20 100 208 289 447 501 
5 74 289 357 388 404 
7 64 68 106 153 191 252 397 
9 110 272 289 297 322 344 462 466 496 
7 89 138 206 317 349 470 471 
7 5 15 42 210 280 411 418 
4 28 239 341 420 
3 289 444 452 
2 273 417 
4 129 290 350 437 
3 74 86 129 
6 53 232 236 363 365 439 
5 2 52 262 337 378 
7 5 26 225 280 351 369 522 
2 241 366 
6 70 150 274 334 367 400 
4 74 287 349 378 
8 89 192 201 289 341 352 415 497 
3 35 229 481 
8 23 38 68 126 330 347 361 495 
6 30 86 198 302 315 392 
4 16 277 359 438 
2 72 368 
4 17 291 478 524 
4 54 170 316 470 
4 2 129 254 509 
3 384 505 518 
7 46 101 235 276 372 390 504 
5 7 92 260 356 400 
6 8 30 55 298 299 443 
5 18 48 106 253 270 
8 231 239 258 267 314 349 476 503 
6 65 186 243 245 448 522 
9 7 29 100 106 141 225 272 324 453 
5 30 271 279 347 400 
5 147 308 325 424 455 
7 59 176 192 202 219 290 430 
6 70 119 148 275 278 292 
5 3 24 34 377 417 
5 68 140 172 329 474 
7 257 281 383 385 401 420 504 
2 19 418 
2 279 323 
1 399 
5 7 24 330 491 510 
7 94 423 430 433 440 458 468 
7 110 132 196 213 400 406 501 
5 85 266 319 406 449 
5 160 208 238 287 302 
8 114 207 219 237 325 363 368 451 
4 139 274 282 328 
3 34 258 449 
