540 1348
2 112 456 
3 71 136 453 
5 147 190 236 272 399 
2 17 240 
4 11 29 172 483 
5 161 162 221 234 238 
4 150 422 464 538 
5 326 435 451 495 524 
6 180 213 393 414 469 535 
4 51 233 295 407 
9 21 58 199 280 283 371 405 492 511 
8 4 51 63 172 276 338 420 474 
2 169 358 
6 210 278 305 312 318 369 
3 58 152 520 
3 246 278 539 
4 21 100 115 130 
5 3 97 164 270 457 
6 179 242 297 329 498 517 
7 20 68 119 166 362 464 476 
6 19 96 118 236 413 468 
4 10 16 100 428 
6 23 145 226 332 418 426 
6 22 322 325 334 367 447 
2 40 537 
7 105 129 144 236 278 374 535 
6 35 123 354 408 424 510 
6 38 43 67 88 91 449 
3 93 523 537 
6 4 201 204 384 464 475 
6 130 172 181 269 349 530 
4 38 246 326 442 
5 62 184 260 310 335 
3 306 308 335 
3 211 220 321 
4 26 54 150 323 
4 49 53 224 426 
4 48 374 388 479 
9 27 31 59 163 276 352 378 403 525 
3 342 402 527 
16 24 59 99 135 150 233 341 359 368 406 479 480 485 491 507 510 
5 72 105 372 501 515 
5 64 68 304 378 396 
8 27 48 153 358 367 424 490 514 
4 72 201 287 306 
3 94 137 310 
1 87 
7 62 108 411 468 498 534 536 
7 37 43 92 129 429 433 439 
6 36 118 338 392 472 517 
3 211 298 408 
5 9 11 390 479 486 
4 103 121 428 522 
1 36 
7 35 159 228 258 323 430 512 
6 101 152 158 192 330 533 
6 68 69 136 157 503 512 
4 109 258 375 419 
6 10 14 330 501 524 530 
6 38 40 143 145 150 398 
2 130 485 
2 145 303 
7 32 47 85 103 235 384 456 
4 11 238 266 530 
8 42 85 118 167 300 342 433 534 
4 76 146 220 536 
6 106 145 146 383 385 461 
4 27 134 150 301 
11 19 42 56 157 256 258 281 477 484 486 507 
4 56 173 346 492 
8 73 75 110 182 248 260 293 516 
4 1 190 332 435 
6 41 44 110 115 249 422 
8 70 105 109 159 160 202 258 475 
6 115 129 362 366 458 515 
5 70 228 365 460 516 
3 65 161 405 
1 160 
3 193 321 472 
5 173 274 316 387 528 
4 221 250 361 498 
7 167 223 263 291 294 510 531 
6 149 161 210 242 302 468 
3 151 222 464 
3 86 297 359 
6 62 64 205 224 355 494 
6 84 204 220 370 432 500 
5 46 203 224 482 528 
5 27 104 197 255 406 
5 152 212 232 326 523 
6 167 187 291 308 417 534 
2 27 524 
8 48 105 108 134 179 486 497 501 
4 28 317 492 499 
8 45 106 127 132 134 203 229 268 
9 153 193 345 379 397 407 410 457 530 
4 20 137 457 520 
6 17 164 257 376 417 505 
5 130 155 201 351 518 
6 40 108 132 294 392 476 
8 16 21 101 225 302 442 448 475 
7 55 100 201 273 311 483 501 
9 138 224 228 243 288 354 420 429 537 
7 52 62 121 171 350 384 504 
5 88 369 393 491 515 
8 25 41 73 92 120 195 212 402 
5 66 94 343 437 449 
4 263 287 310 478 
6 47 92 99 166 187 232 
5 57 73 265 405 500 
5 70 72 202 227 294 
3 132 299 483 
6 0 128 326 403 509 516 
4 170 264 287 510 
3 199 340 513 
7 16 72 74 230 293 409 449 
5 196 251 257 310 395 
3 307 338 339 
9 20 49 64 168 272 295 325 378 440 
8 19 143 171 174 243 277 394 522 
6 105 144 222 226 406 458 
5 52 103 264 285 397 
3 295 341 374 
2 26 416 
2 253 513 
4 288 376 405 408 
3 306 349 436 
6 94 280 326 381 407 517 
3 112 259 477 
3 25 48 74 
6 16 30 60 98 469 476 
3 142 150 364 
3 94 99 111 
1 507 
7 67 92 94 219 363 394 521 
5 40 213 232 250 427 
7 1 56 271 309 395 425 462 
7 45 96 209 245 308 390 526 
7 102 166 175 213 243 248 521 
3 218 368 403 
4 334 375 408 411 
6 154 235 284 304 312 408 
7 131 468 473 480 484 508 511 
2 59 119 
10 25 120 226 363 366 390 424 481 493 517 
4 22 59 61 66 
5 65 66 270 419 460 
3 2 254 325 
4 220 264 398 471 
4 82 223 373 530 
7 6 35 40 59 67 131 212 
4 83 303 322 379 
4 14 55 89 483 
2 43 95 
1 141 
2 98 458 
2 165 434 
5 56 68 160 308 478 
4 55 173 236 257 
5 54 73 172 209 273 
5 73 77 157 254 500 
7 5 76 82 283 416 508 516 
3 5 192 506 
3 38 244 314 
6 17 97 218 272 369 429 
4 156 335 387 500 
4 19 108 138 397 
5 64 81 90 287 373 
3 118 258 296 
4 12 254 309 470 
5 113 184 225 333 495 
2 103 119 
8 4 11 30 159 202 311 442 462 
9 69 79 158 194 254 277 300 475 523 
5 119 256 286 307 361 
5 138 207 299 395 482 
2 204 288 
5 192 282 295 311 467 
1 345 
6 18 92 295 347 455 484 
7 8 201 252 271 291 485 519 
3 30 333 420 
4 70 219 342 367 
2 295 330 
7 32 170 241 361 379 462 503 
3 192 250 410 
3 190 282 510 
5 90 108 201 205 468 
5 239 292 358 483 506 
2 270 328 
6 2 71 186 272 281 392 
2 200 473 
8 55 162 177 185 198 331 440 512 
6 78 95 390 456 470 527 
7 173 233 283 329 386 437 536 
3 105 291 376 
6 116 245 415 442 502 523 
4 88 208 369 414 
4 192 288 406 458 
5 10 114 267 467 521 
5 191 209 355 364 417 
13 29 44 98 101 180 187 226 301 360 377 388 391 524 
6 73 110 172 301 311 380 
6 87 94 222 335 490 508 
4 29 86 176 358 
4 85 187 206 240 
6 205 209 236 311 359 439 
3 175 318 350 
5 197 219 265 339 524 
8 137 159 200 206 303 353 406 447 
3 13 82 236 
4 34 50 294 438 
3 89 105 150 
6 8 135 138 344 460 533 
2 310 422 
4 229 357 411 447 
3 227 386 422 
4 337 386 405 445 
3 139 164 468 
6 134 182 208 382 449 465 
5 34 65 86 148 260 
3 5 80 226 
5 83 120 203 316 375 
3 81 149 482 
6 36 85 87 102 334 412 
3 100 170 251 
7 22 120 144 201 221 431 535 
4 110 216 398 492 
4 54 75 102 373 
4 94 215 352 496 
5 115 269 396 447 507 
2 316 482 
7 89 108 135 249 250 377 389 
7 9 40 194 265 283 438 459 
1 5 
3 62 141 436 
11 2 20 25 158 206 210 254 314 378 399 412 
6 239 255 319 334 367 512 
5 5 63 344 409 427 
4 188 237 279 373 
3 3 205 245 
6 184 275 328 368 417 539 
5 18 82 274 278 358 
6 102 119 138 276 422 446 
3 163 274 506 
3 137 196 240 
2 15 31 
3 259 280 306 
3 70 138 290 
4 72 232 381 519 
10 80 135 185 232 288 294 340 412 425 539 
5 116 225 253 276 307 
3 180 327 377 
3 124 251 460 
7 147 160 169 173 236 386 459 
4 88 237 334 358 
6 68 174 274 290 367 410 
5 97 116 158 296 422 
7 54 57 68 73 168 265 309 
4 128 247 268 348 
4 32 70 220 401 
3 301 427 477 
4 356 386 428 513 
8 81 107 288 319 333 342 360 480 
4 113 121 148 492 
6 109 208 233 258 267 527 
3 63 289 388 
7 199 265 286 376 404 456 509 
3 94 259 324 
3 30 230 374 
6 17 146 189 319 443 514 
7 136 180 276 292 319 487 516 
9 2 118 164 190 319 343 373 439 494 
5 101 159 274 276 532 
10 79 242 244 256 273 349 400 462 521 522 
2 241 311 
8 11 38 243 251 271 273 367 522 
4 119 173 306 431 
9 13 15 25 242 388 481 498 525 537 
3 239 325 371 
6 10 127 247 283 447 468 
2 68 190 
6 177 186 319 409 458 491 
10 10 161 194 233 280 319 376 398 410 523 
2 141 317 
3 121 331 499 
5 174 267 291 414 489 
10 44 107 113 167 399 436 457 479 489 523 
7 102 125 176 198 250 263 439 
9 266 291 328 355 360 379 451 474 514 
7 248 256 326 389 429 451 512 
9 81 90 180 195 286 289 312 315 371 
6 188 271 295 370 371 503 
5 70 115 303 447 473 
12 81 99 110 211 250 304 305 368 382 419 444 500 
10 9 118 122 177 179 183 292 372 392 477 
6 168 257 315 337 479 499 
5 18 84 419 432 494 
3 50 299 507 
8 111 175 298 379 433 436 472 531 
4 64 173 412 530 
5 67 201 202 261 391 
4 82 100 329 458 
9 61 151 209 293 349 398 439 478 492 
7 42 141 294 311 336 400 513 
5 13 294 359 410 427 
8 33 44 126 247 277 346 391 426 
3 117 174 251 
6 33 90 137 157 399 442 
5 136 169 258 399 477 
6 32 45 107 116 214 394 
9 101 172 177 202 206 275 304 313 406 
4 13 141 291 470 
1 311 
2 163 236 
3 291 296 445 
4 79 222 231 496 
4 93 284 401 475 
5 13 207 339 368 402 
11 237 263 270 271 272 282 283 331 377 442 467 
1 434 
4 34 78 441 474 
7 23 151 347 419 451 493 530 
5 35 54 351 397 507 
2 268 352 
5 23 118 147 279 403 
7 7 31 89 112 127 290 375 
2 252 377 
5 189 241 289 359 507 
7 18 194 302 345 366 449 512 
3 55 58 183 
4 192 285 319 453 
4 22 71 338 381 
5 170 181 263 395 522 
6 23 140 224 237 255 393 
5 32 33 165 203 423 
6 304 337 358 424 460 465 
3 217 296 336 
10 11 49 117 332 341 354 378 380 453 454 
3 117 208 318 
4 114 250 432 529 
5 40 122 338 361 537 
9 39 64 182 263 346 366 383 407 517 
4 106 272 350 404 
5 213 238 399 461 476 
3 95 178 329 
5 69 306 342 376 445 
5 179 322 405 491 514 
1 259 
6 30 126 274 303 371 390 
4 103 207 343 364 
4 98 323 365 505 
4 38 229 324 456 
1 209 
3 26 102 338 
7 85 200 289 427 464 467 492 
3 262 425 439 
2 215 403 
10 12 43 188 204 242 255 336 460 524 538 
5 40 84 206 305 328 
8 201 263 289 373 418 454 478 524 
5 80 174 184 341 405 
5 19 74 383 474 494 
2 134 144 
6 131 200 350 372 395 410 
3 75 351 492 
5 74 144 329 342 414 
7 23 43 182 237 256 276 461 
7 40 139 241 294 318 475 490 
5 13 104 164 197 462 
3 86 292 372 
6 10 279 291 292 349 384 
4 41 295 364 370 
11 149 167 228 239 272 360 396 424 427 434 484 
5 25 37 122 269 537 
6 57 140 222 326 472 521 
7 97 125 195 267 283 346 503 
6 201 232 252 319 327 532 
5 38 42 118 236 338 
6 95 151 184 289 299 531 
4 202 338 387 480 
7 127 249 332 409 433 452 530 
3 219 294 530 
4 66 342 362 394 
5 29 62 103 371 394 
1 66 
6 194 216 217 254 262 476 
4 79 165 380 527 
4 37 201 266 278 
4 232 290 480 481 
5 51 137 144 193 349 
6 201 301 306 439 453 462 
7 49 99 190 295 401 471 538 
5 8 104 334 499 539 
7 119 134 310 383 384 398 430 
5 116 136 175 333 364 
5 42 230 373 501 524 
5 95 121 166 323 517 
8 59 148 227 283 303 394 490 492 
9 2 236 287 308 309 344 511 514 521 
4 274 304 422 434 
4 260 317 392 458 
4 39 105 318 471 
6 38 112 139 325 357 497 
3 267 343 412 
10 10 76 109 125 217 347 361 468 516 538 
9 40 88 120 198 209 311 413 475 527 
6 9 95 127 342 476 529 
7 26 50 125 140 141 505 509 
6 115 238 282 381 472 474 
8 95 185 256 283 305 364 426 472 
6 47 140 215 430 489 538 
6 224 236 250 300 404 436 
4 20 406 416 499 
7 8 197 286 366 416 443 459 
2 196 472 
5 123 161 413 414 478 
4 90 97 200 241 
2 22 360 
5 57 146 294 297 322 
5 11 102 181 429 508 
0 
8 6 72 214 216 243 257 400 473 
1 335 
5 26 43 144 336 373 
4 136 250 356 489 
5 22 36 306 410 532 
8 135 238 261 305 355 373 482 528 
3 21 52 262 
6 48 102 164 290 420 533 
5 54 394 411 467 500 
3 226 277 480 
4 86 297 340 528 
6 48 64 299 381 464 507 
5 156 320 373 400 466 
2 7 71 
6 126 235 287 299 412 446 
2 106 194 
3 211 233 441 
8 48 206 272 288 303 356 391 494 
2 118 192 
3 321 438 539 
7 31 100 172 196 308 319 532 
2 270 414 
2 294 539 
4 217 315 346 533 
3 243 436 465 
7 23 209 215 230 280 293 475 
4 100 515 530 536 
5 27 106 115 219 329 
0 
4 7 289 290 322 
3 381 480 493 
4 1 331 338 391 
2 338 360 
1 179 
7 0 62 193 267 352 458 517 
4 17 95 96 287 
9 74 120 155 198 282 302 401 456 531 
4 233 254 414 467 
9 75 146 213 253 336 358 504 515 526 
3 66 344 367 
6 136 172 184 274 369 391 
1 466 
6 6 19 29 83 355 433 
3 219 336 446 
2 434 463 
7 177 199 319 355 430 459 493 
9 20 47 82 142 187 218 280 405 482 
3 8 130 534 
3 169 193 312 
3 148 392 402 
9 49 78 299 375 409 410 415 518 526 
4 142 191 293 422 
5 11 289 321 362 409 
9 29 73 100 173 317 368 406 447 526 
6 19 99 130 344 386 407 
5 68 128 261 295 309 
6 107 157 303 360 416 495 
6 37 40 51 287 296 510 
8 40 142 263 380 389 431 452 495 
3 144 278 389 
7 87 175 223 231 427 468 495 
5 4 101 111 152 188 
6 68 142 179 373 495 507 
3 40 60 180 
3 51 68 92 
1 271 
1 528 
5 286 287 411 425 492 
4 43 203 368 398 
7 40 104 282 347 503 508 519 
10 10 69 93 227 264 303 355 365 398 489 
6 144 322 452 467 522 529 
5 85 272 297 362 439 
6 7 170 478 480 482 484 
3 229 316 518 
2 92 403 
4 18 47 80 278 
5 93 285 296 393 413 
7 86 109 160 165 294 430 527 
6 41 58 92 101 396 534 
1 196 
6 56 184 292 376 491 527 
4 103 460 517 531 
6 97 351 408 509 530 532 
4 162 188 244 514 
9 40 68 133 230 298 323 328 433 484 
5 142 161 203 420 491 
4 112 267 408 505 
6 26 40 81 113 186 479 
3 10 142 399 
6 54 56 192 237 290 329 
5 114 124 262 304 516 
6 43 270 289 347 399 506 
5 41 74 104 448 460 
7 70 75 112 161 271 405 513 
8 18 49 127 144 342 397 456 504 
4 98 472 496 531 
3 180 249 491 
4 14 96 527 532 
6 134 138 199 274 375 399 
6 52 119 274 276 333 493 
6 28 89 173 196 283 287 
8 7 58 91 201 208 358 360 396 
2 38 278 
4 137 460 472 475 
8 39 193 265 387 406 500 503 520 
5 79 87 427 432 488 
3 340 407 493 
11 30 58 63 95 149 300 322 381 382 448 505 
6 81 299 379 458 504 518 
6 273 377 426 442 505 520 
4 55 213 429 445 
5 47 64 90 469 501 
3 8 25 226 
4 47 65 194 448 
6 24 28 102 278 341 374 
5 6 358 392 405 411 
6 15 241 250 393 441 444 
540 1305
7 101 182 183 213 324 439 468 
2 288 471 
7 129 138 143 237 261 271 472 
5 13 63 373 395 517 
3 91 269 529 
3 273 438 471 
4 181 238 269 449 
4 42 71 251 321 
6 127 152 238 270 277 288 
5 229 256 284 287 518 
5 24 112 168 397 526 
6 141 244 342 346 352 413 
4 106 437 453 457 
3 3 127 497 
3 126 132 511 
4 42 142 234 254 
5 61 151 251 336 345 
10 130 140 182 312 322 404 433 448 482 535 
3 76 363 462 
5 42 454 507 516 521 
3 158 351 437 
2 508 531 
3 47 123 214 
10 75 195 199 281 331 441 454 460 466 517 
4 10 84 370 400 
7 35 77 135 189 218 294 336 
9 61 76 100 234 266 311 400 406 464 
5 114 146 162 185 338 
2 365 509 
9 92 165 246 260 395 413 448 524 532 
4 101 239 430 487 
8 40 119 139 159 222 240 300 536 
3 166 209 504 
5 73 168 314 452 510 
3 280 284 474 
5 25 178 451 469 490 
3 194 209 484 
4 106 139 226 276 
5 71 211 215 251 495 
2 143 354 
5 31 166 172 277 535 
3 96 385 512 
9 7 15 19 68 175 342 435 458 503 
3 87 448 486 
4 108 120 359 392 
2 145 289 
3 123 235 513 
4 22 62 405 513 
5 122 128 257 260 460 
4 115 159 321 444 
3 63 244 359 
4 112 344 394 481 
4 261 475 514 531 
4 80 269 305 536 
3 435 472 473 
4 251 277 401 479 
7 165 173 190 210 248 294 447 
7 231 233 265 341 407 452 523 
7 142 164 182 250 332 408 525 
5 82 194 203 331 426 
4 105 177 201 460 
5 16 26 517 526 532 
5 47 98 408 464 475 
3 3 50 288 
7 77 92 178 229 238 324 434 
6 144 231 354 494 516 517 
0 
1 247 
6 42 95 109 293 325 441 
3 212 469 493 
5 105 230 278 281 532 
7 7 38 79 93 146 205 529 
4 229 310 394 479 
6 33 74 121 250 260 474 
8 73 185 307 395 412 443 447 507 
6 23 265 274 288 392 489 
7 18 26 152 175 188 299 311 
4 25 64 98 254 
1 262 
3 71 130 515 
5 53 132 249 332 399 
6 101 114 142 145 183 314 
5 59 224 289 318 444 
3 255 283 286 
5 24 190 257 378 413 
3 105 138 497 
7 146 257 366 370 403 458 495 
2 43 373 
4 98 164 248 519 
7 112 142 211 217 429 471 481 
1 270 
4 4 198 219 386 
7 29 64 105 228 256 259 417 
4 71 121 441 530 
6 133 172 282 371 376 460 
8 68 244 251 289 358 371 442 487 
6 41 133 176 195 341 368 
4 176 320 339 389 
7 62 77 88 278 398 475 489 
1 522 
5 26 169 364 393 416 
7 0 30 81 137 188 421 520 
7 182 279 331 369 463 508 513 
1 474 
4 105 347 385 453 
12 60 70 85 92 104 264 293 316 398 447 457 465 
5 12 37 176 183 233 
4 188 412 499 504 
2 44 355 
3 68 191 220 
8 128 170 321 345 367 488 503 520 
3 192 345 505 
7 10 51 89 210 239 385 466 
6 400 403 463 467 532 533 
4 27 81 123 262 
5 49 283 339 372 531 
4 249 289 312 491 
1 501 
2 308 352 
5 31 247 248 257 515 
3 44 256 478 
4 73 93 188 488 
5 48 150 191 458 519 
8 22 46 114 225 255 313 400 490 
2 276 395 
4 190 244 266 352 
3 14 269 416 
5 8 13 128 229 317 
4 48 110 127 419 
6 2 279 297 313 370 447 
8 17 79 199 240 375 397 439 498 
4 194 256 260 473 
5 14 80 210 228 287 
4 94 96 372 397 
5 245 267 433 449 491 
4 25 145 252 313 
4 194 303 445 459 
6 101 203 430 441 499 526 
7 2 85 140 215 406 430 450 
5 31 37 307 311 355 
6 17 138 160 178 285 413 
3 11 443 533 
6 15 58 81 89 205 479 
10 2 39 160 181 188 191 232 265 395 418 
5 65 306 372 421 524 
7 45 81 135 216 246 496 534 
5 27 71 86 208 506 
2 344 461 
2 177 437 
2 298 509 
4 122 237 259 388 
5 16 309 318 378 527 
6 8 76 252 348 395 413 
0 
4 211 241 267 363 
1 225 
4 262 268 415 452 
8 205 247 259 304 381 415 477 514 
6 20 198 208 364 475 499 
5 31 49 335 350 538 
6 140 143 164 175 224 297 
2 252 479 
3 27 285 449 
4 181 227 373 375 
7 58 88 160 167 370 416 501 
6 29 56 198 354 403 480 
5 32 40 169 363 398 
4 164 183 390 428 
4 10 33 224 439 
4 100 166 412 429 
4 110 275 455 488 
5 226 240 375 443 483 
7 40 94 266 288 360 379 462 
5 56 210 273 287 463 
2 492 494 
3 42 76 160 
5 96 97 106 269 341 
6 60 148 292 387 397 501 
7 35 64 140 183 255 281 471 
2 300 305 
3 266 388 448 
5 6 143 163 199 436 
7 0 17 58 102 231 269 304 
9 0 81 106 167 178 245 302 468 518 
1 413 
6 27 74 230 280 488 502 
7 294 343 365 416 438 517 527 
5 214 262 338 358 529 
8 76 101 107 121 143 365 388 507 
4 25 323 352 389 
7 56 84 125 220 405 519 523 
6 109 122 143 297 379 452 
5 111 232 437 451 485 
5 304 421 439 494 513 
7 36 59 131 136 391 404 474 
5 23 96 226 277 520 
3 232 399 439 
5 250 263 311 425 466 
5 91 158 165 263 320 
4 23 130 181 218 
1 278 
5 60 237 304 467 476 
6 347 371 391 442 496 507 
7 59 137 404 436 474 488 509 
1 230 
4 71 142 157 468 
2 244 282 
2 344 522 
5 146 158 291 303 468 
5 32 36 218 288 368 
5 56 112 132 173 506 
7 38 89 154 244 382 463 516 
6 69 246 269 332 494 498 
3 0 336 393 
5 22 187 301 319 403 
6 38 138 225 250 450 503 
2 145 487 
4 89 355 371 373 
8 25 199 209 328 353 435 492 531 
3 91 343 458 
4 109 190 365 527 
0 
4 31 324 443 459 
3 395 421 479 
5 82 160 168 256 380 
6 123 155 215 372 425 536 
6 37 171 195 273 402 508 
4 163 348 394 434 
4 92 132 353 492 
5 9 64 72 127 269 
3 70 185 204 
8 57 65 182 260 337 445 477 522 
6 143 192 196 235 352 385 
4 57 106 332 445 
4 15 26 361 454 
3 46 232 355 
5 286 370 446 460 487 
4 2 150 201 409 
4 6 8 64 479 
5 30 112 242 395 488 
7 31 130 171 344 416 478 524 
1 154 
5 239 245 373 420 520 
4 339 379 388 412 
10 11 50 95 125 206 211 270 300 458 531 
8 134 183 242 341 416 442 499 534 
5 29 145 212 482 528 
7 67 119 157 282 331 433 523 
6 56 88 119 274 388 472 
8 80 116 267 281 365 403 479 498 
7 58 73 197 215 323 331 518 
11 7 16 38 55 95 255 263 342 391 420 538 
4 135 152 161 508 
4 292 478 491 513 
5 15 77 305 331 516 
8 83 123 178 251 466 471 500 505 
7 9 92 120 131 224 264 417 
9 48 84 86 119 274 306 326 349 459 
8 278 349 430 458 459 461 465 475 
6 92 150 157 426 453 497 
9 29 48 73 131 231 326 399 499 514 
6 2 52 318 372 437 539 
6 78 114 156 187 272 424 
5 197 198 251 390 470 
4 105 256 374 503 
7 57 75 143 327 406 495 516 
5 26 125 172 180 390 
5 134 154 249 348 501 
4 156 370 412 432 
10 4 6 53 126 176 182 212 229 482 510 
4 8 90 244 497 
3 2 363 466 
5 262 289 410 463 498 
4 5 173 226 493 
4 75 248 257 503 
2 170 417 
4 37 124 481 513 
6 8 40 55 195 478 488 
4 70 98 200 258 
5 102 129 365 376 494 
5 34 185 438 528 537 
8 23 70 178 249 298 321 397 497 
7 94 206 247 332 454 506 515 
3 83 115 483 
3 9 34 285 
5 140 162 284 332 337 
4 83 236 358 461 
5 9 132 173 351 486 
10 1 8 63 75 172 209 296 414 502 516 
5 45 82 95 116 272 
1 504 
3 208 376 503 
7 177 253 318 387 427 497 522 
3 68 105 335 
4 25 56 186 435 
1 484 
2 288 301 
5 129 160 191 327 430 
4 149 281 394 464 
1 76 
4 31 179 244 360 
4 214 296 429 440 
2 183 363 
6 136 208 311 455 499 511 
6 157 182 193 201 360 444 
5 53 179 254 314 380 
5 144 257 374 389 502 
9 74 139 389 422 424 434 488 500 515 
4 118 342 369 441 
3 151 393 439 
2 72 345 
11 26 76 139 197 303 352 357 362 440 448 535 
4 17 116 369 385 
7 123 129 135 316 373 398 518 
4 33 81 305 454 
1 430 
3 105 313 485 
2 127 320 
7 82 151 261 292 332 424 462 
3 214 336 533 
4 97 198 317 480 
11 7 49 110 281 344 380 386 425 470 505 512 
5 17 376 403 502 527 
4 189 250 409 450 
4 0 64 222 394 
3 68 370 418 
3 257 260 432 
5 265 297 379 487 531 
4 218 393 415 515 
2 430 434 
1 439 
6 23 59 102 247 250 254 
7 58 80 212 233 282 285 318 
3 368 396 499 
3 452 468 497 
3 159 293 441 
5 16 25 213 319 432 
3 231 285 535 
3 27 187 522 
3 97 115 243 
1 423 
5 57 96 176 245 377 
5 11 42 251 308 460 
2 186 219 
10 51 147 207 240 321 371 472 485 491 503 
8 16 110 111 310 431 465 466 486 
4 11 415 436 531 
5 104 202 372 385 468 
9 152 227 267 380 384 397 486 487 494 
3 257 258 361 
3 159 396 510 
4 20 287 435 478 
7 11 118 125 189 232 311 468 
2 218 228 
5 39 65 165 394 447 
5 108 139 217 235 534 
1 387 
4 311 389 423 445 
4 95 187 286 404 
4 44 50 388 483 
4 172 300 304 370 
2 234 349 
1 311 
8 18 154 166 271 302 383 392 498 
3 100 158 508 
6 28 186 188 220 249 279 
2 86 499 
3 110 430 510 
4 96 209 333 503 
4 102 308 312 537 
9 24 86 129 164 236 268 325 360 431 
6 94 95 202 217 344 505 
7 115 133 144 225 261 347 451 
10 3 87 163 217 242 313 380 384 489 539 
5 264 306 409 477 511 
5 130 163 171 386 498 
4 94 279 291 322 
2 341 399 
3 84 151 470 
4 172 191 243 327 
7 224 305 321 348 373 409 526 
4 157 416 494 514 
3 211 395 443 
2 363 442 
4 348 373 386 481 
7 41 104 112 232 312 347 469 
4 91 321 375 384 
3 177 292 356 
7 150 180 188 243 248 359 464 
5 97 189 306 307 357 
5 167 263 266 492 530 
5 194 202 251 403 416 
4 44 75 363 402 
5 100 213 309 328 514 
7 51 72 227 298 324 354 412 
12 3 29 74 124 143 152 223 239 382 451 479 509 
4 333 350 450 510 
8 10 130 133 177 281 348 401 431 
6 98 105 166 313 445 469 
5 80 196 260 377 487 
4 24 26 113 123 
2 55 397 
2 226 392 
7 86 113 165 214 249 322 391 
5 17 194 203 358 503 
5 47 190 468 501 539 
6 26 138 265 420 421 456 
3 57 424 477 
4 58 62 467 530 
4 237 323 374 380 
3 272 441 532 
1 534 
7 74 107 169 243 268 394 455 
7 11 29 84 140 152 184 487 
3 288 417 494 
6 156 157 328 346 470 537 
8 100 126 164 186 240 245 381 391 
5 92 256 275 414 495 
3 143 325 483 
1 128 
5 242 251 406 468 484 
6 101 144 193 223 406 539 
1 307 
4 340 357 506 519 
5 262 307 318 407 438 
4 197 225 321 509 
3 59 259 452 
1 292 
3 167 469 513 
5 89 169 301 441 480 
9 30 137 138 258 297 315 329 367 523 
3 345 370 397 
5 268 326 336 450 488 
5 17 134 247 434 534 
6 64 227 307 329 433 512 
5 42 54 218 294 351 
4 181 203 346 480 
6 12 20 148 192 261 505 
5 5 186 280 424 471 
8 0 130 168 193 196 309 330 532 
2 301 311 
9 23 68 93 137 308 335 410 429 509 
5 95 202 245 383 519 
5 74 141 171 222 382 
4 49 82 304 508 
7 136 231 233 357 398 503 508 
2 236 458 
7 56 74 105 129 354 484 489 
6 17 29 43 180 311 499 
4 6 134 162 493 
5 138 215 323 396 432 
4 35 192 372 395 
7 33 57 156 191 334 426 458 
3 12 104 259 
9 19 23 234 282 314 477 487 496 506 
3 170 303 412 
1 406 
2 12 105 
9 42 86 122 219 244 258 446 452 530 
4 136 222 257 258 
6 23 48 60 94 236 342 
5 147 258 286 470 487 
4 18 172 318 465 
5 102 113 173 211 272 
4 26 62 298 388 
6 105 258 345 462 502 518 
6 23 112 197 255 271 345 
4 113 201 408 500 
9 0 183 205 208 334 347 352 405 420 
8 35 69 385 398 428 471 498 521 
6 263 321 378 415 461 512 
8 1 5 89 178 255 438 469 525 
4 2 54 248 344 
5 54 131 508 536 539 
5 34 73 103 194 203 
6 52 62 98 158 258 496 
2 201 532 
6 157 231 374 407 454 491 
5 120 240 253 277 351 
8 55 72 142 161 223 238 249 395 
4 165 320 429 436 
4 51 89 276 384 
4 17 246 269 533 
5 171 283 359 418 506 
4 36 295 420 447 
3 192 316 344 
6 43 287 345 348 503 532 
11 30 95 216 236 327 348 399 413 454 461 517 
11 110 121 170 185 203 239 277 307 432 504 522 
4 75 98 373 447 
3 35 123 507 
6 116 134 253 344 477 531 
6 174 218 228 390 493 519 
4 69 273 449 492 
8 65 174 193 212 279 348 381 414 
5 38 86 265 417 509 
4 145 202 454 475 
7 13 85 259 270 281 292 334 
7 130 212 249 272 363 375 469 
9 107 137 158 245 260 303 333 366 448 
3 255 307 467 
5 117 164 177 267 405 
5 185 288 306 322 465 
13 42 110 215 264 274 291 344 368 404 445 486 508 522 
4 32 107 290 488 
5 111 255 321 371 437 
6 146 210 282 423 454 483 
5 19 74 188 202 490 
9 21 102 226 252 364 444 445 473 503 
7 28 149 203 395 425 441 495 
5 33 269 350 367 396 
4 14 303 374 535 
4 41 321 434 470 
7 46 47 102 193 253 276 428 
5 52 157 260 381 393 
6 79 119 282 307 328 520 
6 19 65 211 254 265 288 
6 3 23 61 65 186 487 
5 9 183 250 313 465 
6 88 122 190 423 442 492 
5 101 110 195 242 515 
2 19 469 
7 99 207 231 292 338 488 503 
4 57 190 247 430 
3 29 144 240 
2 58 471 
4 10 61 137 380 
4 151 186 220 322 
2 246 280 
4 4 71 187 531 
4 93 390 408 458 
9 21 52 115 218 244 327 346 491 529 
8 29 61 70 113 410 439 476 486 
4 113 141 319 482 
6 145 245 355 411 433 535 
6 17 40 311 337 511 534 
4 31 53 225 473 
3 280 369 415 
2 159 251 
5 261 373 405 421 473 
