550 1309
4 59 74 214 362 
1 96 
5 29 151 233 246 428 
7 133 174 313 383 459 507 527 
6 7 342 403 438 466 507 
4 232 257 265 375 
3 299 333 466 
2 4 145 
6 226 228 389 495 511 515 
6 155 223 227 261 357 475 
2 374 417 
4 109 265 375 498 
7 53 81 167 448 486 518 545 
3 15 293 396 
4 240 259 281 469 
7 13 29 31 195 214 240 389 
4 27 101 520 528 
2 117 155 
1 180 
3 87 163 383 
2 302 390 
2 159 349 
5 60 76 327 375 382 
6 169 202 263 342 503 515 
5 71 335 388 399 400 
3 164 303 390 
5 85 104 137 225 450 
5 16 84 271 320 528 
5 86 99 119 167 543 
6 2 15 132 282 452 543 
6 86 118 139 325 468 519 
7 15 71 181 193 308 367 431 
5 75 107 176 302 319 
7 132 174 185 210 254 357 452 
4 199 212 480 532 
6 45 278 398 426 429 524 
3 161 383 549 
3 260 267 525 
1 401 
5 116 225 356 390 540 
4 118 209 336 467 
5 143 225 232 243 414 
5 52 84 286 496 522 
5 76 229 285 375 424 
5 66 79 426 493 495 
5 35 49 121 156 474 
2 103 123 
4 264 320 364 538 
6 199 212 318 325 362 385 
6 45 78 152 270 361 457 
6 171 217 245 341 352 376 
2 312 490 
2 42 265 
8 12 61 88 230 254 348 363 515 
4 99 157 315 544 
6 176 225 240 375 492 526 
2 173 183 
6 68 185 324 328 341 529 
1 448 
9 0 167 211 314 421 435 446 459 536 
2 22 476 
5 53 105 184 341 503 
7 73 83 184 241 334 372 512 
6 72 144 222 280 433 470 
9 136 155 172 209 339 416 438 451 487 
4 67 202 316 516 
5 44 221 289 301 548 
3 65 400 471 
8 57 76 91 96 220 245 374 479 
5 168 217 310 386 465 
3 192 335 496 
4 24 31 355 501 
5 63 82 284 441 525 
9 62 130 200 210 310 320 393 413 423 
4 0 102 350 387 
6 32 123 187 251 439 464 
6 22 43 68 418 482 504 
3 163 321 368 
5 49 182 252 304 475 
5 44 393 472 491 497 
1 494 
2 12 165 
3 72 417 487 
8 62 182 250 342 399 465 486 497 
8 27 42 93 128 185 294 314 408 
8 26 110 126 203 221 261 449 466 
4 28 30 144 512 
6 19 265 267 324 462 520 
3 53 94 387 
4 220 358 448 547 
3 225 355 413 
4 68 230 495 502 
3 260 435 451 
4 84 105 401 455 
8 88 139 202 204 329 415 429 445 
3 230 323 349 
10 1 68 108 117 177 252 284 300 306 510 
3 155 445 542 
1 525 
7 28 54 155 312 318 516 529 
3 209 334 505 
1 16 
4 74 226 236 481 
5 46 139 202 207 263 
4 26 105 230 280 
6 61 93 104 273 280 319 
4 168 244 449 522 
4 32 190 315 373 
8 96 141 187 216 258 451 502 519 
5 11 112 176 283 364 
4 85 225 373 471 
6 164 200 212 224 306 540 
1 109 
5 156 206 210 263 281 
4 264 270 423 488 
3 169 170 372 
2 39 165 
7 17 96 179 218 290 304 354 
7 30 40 165 229 281 393 417 
4 28 127 436 525 
1 142 
8 45 220 303 333 372 464 517 544 
2 152 424 
4 46 75 266 523 
4 139 165 222 291 
5 213 303 312 456 516 
8 85 154 267 360 438 496 529 533 
4 119 170 211 342 
5 84 242 326 331 543 
0 
5 73 343 410 441 462 
2 275 458 
5 29 33 140 164 276 
4 3 199 254 508 
2 357 425 
8 156 220 304 340 363 367 387 471 
4 64 238 500 545 
4 26 311 317 450 
1 278 
10 30 94 103 124 160 285 475 491 493 516 
6 132 269 313 395 425 501 
3 108 179 186 
3 120 400 503 
5 41 166 413 451 475 
7 63 86 218 323 353 383 424 
3 7 166 435 
5 152 296 343 416 490 
4 267 274 422 536 
2 223 335 
6 204 327 361 435 481 513 
3 262 355 440 
4 2 162 450 498 
8 49 122 146 161 188 298 299 366 
5 328 332 420 479 514 
2 126 512 
6 9 17 64 97 99 415 
8 45 113 135 223 336 481 514 540 
3 54 295 349 
3 414 504 520 
6 21 284 400 434 440 506 
5 139 186 290 323 445 
3 36 152 213 
4 151 245 252 433 
5 19 77 222 313 405 
6 25 111 132 220 412 435 
5 81 116 118 124 234 
4 143 145 196 365 
6 12 28 59 387 420 466 
6 69 106 203 276 419 434 
9 23 115 210 230 317 417 447 502 520 
5 115 127 183 267 362 
5 50 225 278 350 502 
6 64 203 281 483 500 543 
3 56 207 419 
5 3 33 329 461 478 
6 203 256 274 455 541 547 
5 32 55 109 220 527 
7 96 249 253 363 456 476 504 
3 185 376 520 
9 117 141 251 283 315 367 392 402 492 
2 18 311 
4 31 325 422 510 
3 78 83 378 
9 56 170 192 364 392 412 466 511 531 
3 61 62 546 
6 33 57 84 178 231 238 
5 141 160 404 425 475 
6 75 108 282 364 370 457 
5 152 278 342 430 509 
6 254 292 315 338 402 529 
4 107 371 393 495 
4 260 336 406 485 
3 70 183 394 
1 31 
2 398 533 
4 15 306 527 543 
4 166 225 507 533 
0 
3 343 391 438 
6 34 48 133 383 415 489 
5 73 111 226 361 446 
3 218 501 541 
7 23 65 94 103 325 457 546 
6 85 168 172 175 364 428 
3 94 149 482 
2 296 474 
4 113 338 455 462 
3 103 173 486 
3 210 242 371 
6 40 64 100 266 329 539 
9 33 73 113 169 208 313 314 329 376 
3 59 127 521 
7 34 48 111 361 394 511 525 
6 125 161 251 396 458 480 
6 0 15 280 289 390 392 
2 294 359 
8 108 316 321 326 422 438 449 521 
3 50 69 315 
5 117 144 201 418 501 
2 226 339 
11 68 89 121 135 164 176 246 338 427 443 473 
7 66 85 231 235 499 501 548 
6 63 124 163 332 490 526 
4 9 148 156 381 
4 111 342 462 542 
9 26 39 41 55 90 110 171 196 336 
8 8 102 200 219 239 392 467 508 
6 9 314 339 398 456 548 
6 8 344 352 379 405 509 
4 43 118 270 323 
7 53 91 95 104 169 235 401 
3 185 221 367 
5 5 41 271 305 375 
2 2 531 
4 165 286 399 510 
3 221 230 344 
2 102 376 
4 307 336 407 532 
4 136 185 377 549 
6 226 254 297 420 477 516 
8 14 15 55 411 426 448 488 521 
2 62 421 
3 128 208 521 
7 41 289 380 449 494 518 537 
4 106 276 289 515 
6 50 68 162 287 318 423 
7 2 220 278 367 378 383 413 
0 
5 355 365 473 517 533 
5 177 289 389 404 504 
3 83 357 449 
5 75 179 213 328 397 
6 78 96 162 294 370 498 
5 177 293 433 475 492 
8 33 53 133 189 239 258 408 431 
4 333 350 461 496 
4 175 416 433 493 
3 5 390 546 
3 108 254 526 
4 14 350 354 450 
6 37 92 191 465 469 528 
7 9 85 273 319 353 523 538 
2 150 328 
4 23 103 113 548 
5 47 114 306 503 540 
7 5 11 52 87 323 333 410 
5 123 209 502 506 539 
8 37 87 126 147 170 388 438 539 
1 404 
3 140 387 521 
3 49 114 229 
4 27 232 332 468 
1 304 
5 105 261 332 421 426 
6 147 175 295 313 401 481 
1 131 
6 132 168 244 371 452 456 
2 488 512 
7 35 138 171 188 246 446 533 
1 449 
7 63 104 105 214 309 370 542 
6 14 113 118 172 302 516 
6 29 187 453 471 543 549 
5 109 179 311 466 514 
5 72 96 159 336 416 
3 43 139 425 
3 42 234 319 
3 245 468 517 
3 406 511 519 
7 66 214 243 244 249 405 422 
5 117 160 350 382 496 
2 124 356 
4 189 294 365 498 
5 13 253 395 427 464 
5 84 215 252 292 455 
3 157 274 423 
3 146 205 327 
3 239 327 367 
2 152 381 
6 6 152 316 320 326 459 
5 96 324 334 397 408 
3 66 315 342 
7 20 32 281 340 461 465 485 
6 25 121 125 399 465 544 
4 78 117 135 272 
3 232 436 541 
6 96 111 195 264 477 543 
3 237 397 431 
3 31 453 489 
4 280 358 371 507 
5 69 73 386 438 526 
8 137 180 283 325 360 364 402 502 
5 51 99 125 354 425 
9 3 140 163 210 274 374 410 478 525 
6 59 84 210 227 369 420 
6 54 107 179 189 217 301 
6 65 216 299 338 372 385 
3 137 169 360 
4 48 99 245 321 
4 32 105 261 286 
9 27 47 73 299 354 387 449 461 508 
4 77 216 318 473 
2 400 405 
5 95 144 160 229 265 
4 57 87 300 416 
7 30 48 181 202 311 392 546 
5 128 216 299 343 393 
7 22 149 296 297 373 453 542 
5 57 153 251 262 461 
8 94 174 209 210 330 375 402 483 
3 329 407 460 
4 128 360 509 539 
6 153 222 271 273 348 491 
6 6 121 255 265 496 540 
8 62 100 300 362 385 418 536 541 
5 24 70 148 403 505 
8 40 156 191 225 237 284 350 463 
1 492 
7 189 206 220 316 492 498 549 
5 64 219 227 394 405 
4 135 302 344 473 
5 50 57 61 478 530 
10 4 23 83 127 188 224 301 366 421 448 
6 130 146 198 326 516 531 
7 228 235 340 392 419 460 513 
4 349 356 483 505 
1 441 
2 438 443 
3 53 332 497 
7 21 95 157 345 407 411 480 
6 74 171 255 259 290 336 
3 427 490 501 
2 50 228 
4 144 261 367 433 
4 117 259 312 320 
7 71 90 150 248 475 484 545 
5 39 291 345 359 519 
5 9 33 134 250 529 
5 89 309 447 453 455 
6 215 356 426 429 504 541 
6 126 311 317 331 435 530 
4 49 149 200 212 
4 0 48 170 334 
4 53 135 177 489 
8 47 109 183 187 203 311 380 386 
5 166 248 292 424 513 
3 152 342 413 
9 31 135 179 231 246 297 353 373 456 
3 77 412 427 
2 314 428 
4 187 252 280 384 
7 190 208 276 309 391 433 462 
7 62 115 121 316 427 450 517 
8 107 110 327 367 374 453 465 466 
6 10 68 313 373 388 506 
9 5 11 22 43 55 232 329 427 471 
5 50 178 210 236 457 
1 238 
3 182 246 430 
2 228 481 
2 243 364 
5 223 298 453 490 527 
3 22 290 438 
6 3 19 36 144 199 246 
4 370 396 475 490 
3 48 316 334 
5 69 310 364 408 478 
6 74 88 135 167 269 320 
6 24 267 374 412 417 450 
4 8 15 249 526 
7 20 25 39 214 257 405 544 
3 198 371 432 
9 179 183 214 226 325 344 466 510 546 
7 73 79 118 190 326 433 508 
3 192 212 339 
3 140 293 443 
5 13 213 384 523 542 
3 251 300 307 
4 35 194 227 540 
5 24 83 234 303 444 
7 24 67 142 159 322 459 491 
4 38 93 230 274 
7 179 189 311 329 425 479 549 
4 4 335 479 512 
3 186 249 268 
6 163 228 289 322 339 390 
5 191 288 457 471 490 
4 237 330 349 436 
5 84 254 300 386 528 
1 441 
5 130 265 313 426 434 
3 240 349 502 
4 164 183 368 388 
6 73 90 143 246 366 538 
3 41 158 462 
7 94 155 199 424 466 489 532 
7 64 146 256 284 324 432 536 
5 10 82 118 169 388 
4 76 218 334 508 
4 168 173 344 424 
4 153 167 239 314 
7 59 241 273 342 435 497 500 
5 147 181 216 289 542 
5 73 114 245 295 440 
8 43 122 144 365 415 419 483 520 
6 134 140 186 285 312 402 
6 35 44 240 273 359 410 
7 220 293 351 368 372 375 531 
4 2 203 369 513 
5 35 94 359 526 543 
3 188 378 516 
4 31 254 307 527 
3 391 416 490 
8 63 162 253 256 353 371 393 490 
3 159 168 410 
8 59 92 145 149 164 360 421 535 
4 119 305 407 508 
0 
9 4 64 126 198 216 267 310 347 382 
1 75 
3 150 159 423 
4 72 130 346 409 
0 
6 220 347 395 460 495 516 
3 399 463 473 
4 94 97 160 529 
4 59 200 278 484 
3 169 358 514 
6 12 58 89 240 342 499 
9 85 106 216 243 250 279 320 479 548 
8 26 137 151 259 372 388 485 547 
5 64 92 108 143 486 
5 29 33 276 528 544 
6 282 308 327 358 373 381 
1 506 
6 93 175 206 294 358 523 
6 125 177 227 276 367 534 
6 49 187 202 376 406 462 
4 131 213 492 522 
4 3 59 299 400 
3 330 344 443 
6 174 255 302 320 328 503 
8 87 130 206 224 371 414 457 479 
5 336 444 493 497 512 
5 75 121 293 534 546 
8 69 83 260 302 303 373 500 536 
9 4 6 85 167 183 283 373 392 415 
2 40 226 
4 30 271 287 533 
4 14 260 480 546 
1 63 
7 67 110 135 282 375 406 532 
2 79 531 
7 220 248 321 340 444 483 513 
2 45 205 
8 9 78 139 143 186 253 355 384 
2 60 177 
3 239 306 544 
4 174 313 341 386 
7 68 153 402 403 449 462 515 
6 34 213 349 469 530 538 
5 102 149 156 274 379 
2 76 204 
6 172 329 345 424 473 535 
5 355 446 487 518 535 
3 191 302 450 
4 12 83 207 451 
3 64 82 484 
4 114 240 277 534 
4 199 308 363 415 
9 51 146 222 351 381 384 406 432 433 
4 79 139 332 400 
6 55 179 253 337 338 458 
6 44 139 256 463 532 536 
3 80 243 521 
5 8 44 91 190 443 
6 42 70 126 255 290 333 
5 79 83 348 421 463 
6 11 151 252 292 338 507 
2 221 448 
4 136 172 421 465 
6 71 140 201 218 221 351 
8 91 108 169 171 266 311 411 517 
5 23 61 142 264 461 
5 76 158 177 249 359 
5 100 335 345 509 538 
4 159 266 374 454 
7 3 4 196 309 498 511 526 
8 133 226 320 393 418 436 509 531 
5 188 228 331 505 508 
6 96 181 234 392 515 531 
5 8 183 212 288 507 
6 62 86 154 277 403 463 
5 149 344 365 428 473 
6 153 156 283 447 517 540 
6 8 23 53 244 479 510 
9 65 99 125 139 239 281 343 430 443 
7 121 248 287 372 502 514 543 
3 12 243 484 
5 30 108 288 356 532 
6 16 87 158 169 178 424 
7 211 216 240 242 269 494 528 
3 42 106 458 
4 123 261 396 455 
1 35 
6 37 72 98 119 212 313 
7 55 222 258 310 389 429 507 
5 3 176 195 381 431 
6 16 27 260 408 452 521 
6 57 99 126 189 357 445 
3 341 360 480 
7 183 233 343 427 472 508 510 
6 34 237 415 471 493 519 
6 126 194 196 248 278 468 
4 456 464 488 549 
3 435 483 484 
6 59 147 334 416 465 493 
1 243 
5 47 261 413 480 505 
4 209 266 267 331 
7 39 111 156 264 333 398 514 
5 175 201 305 334 359 
6 97 224 280 327 396 422 
9 28 29 128 172 195 282 306 429 517 
6 54 121 303 390 452 477 
3 12 136 355 
7 184 202 257 325 392 464 469 
3 89 175 450 
5 66 221 227 263 449 
6 36 238 282 338 402 534 
550 1401
3 8 211 510 
5 282 340 403 456 544 
6 64 76 180 250 311 315 
6 31 68 197 206 250 368 
6 95 166 190 344 371 510 
4 170 175 221 475 
7 55 132 147 163 187 230 363 
3 27 377 540 
4 0 413 417 542 
5 45 115 220 410 411 
9 14 135 146 333 375 399 416 431 541 
4 94 182 284 347 
10 17 57 97 117 155 193 211 226 512 525 
3 95 214 413 
3 10 265 398 
7 25 157 210 285 337 403 478 
3 355 396 532 
6 12 30 59 300 317 444 
6 40 97 191 224 321 323 
3 203 243 444 
6 74 98 294 394 416 445 
4 272 314 468 534 
2 266 328 
3 505 513 530 
8 63 268 287 343 356 365 411 481 
8 15 88 104 247 289 404 441 504 
1 475 
6 7 44 177 282 317 344 
3 249 313 475 
3 250 283 345 
8 17 147 299 388 402 421 479 487 
3 3 134 498 
5 280 305 335 377 433 
3 146 253 327 
5 40 94 168 215 221 
2 97 318 
4 140 171 355 520 
5 235 253 456 513 529 
6 93 219 252 394 466 482 
5 143 182 185 257 402 
8 18 34 219 233 271 312 456 537 
2 272 355 
8 69 113 164 315 386 396 420 505 
3 88 183 450 
2 27 525 
8 9 106 229 424 481 506 510 517 
5 129 482 487 514 516 
5 78 245 350 454 501 
4 108 135 272 530 
12 59 87 90 107 129 179 229 283 303 383 401 491 
2 77 538 
2 351 525 
3 96 138 351 
2 144 341 
8 113 170 250 351 421 433 493 495 
5 6 423 506 507 536 
6 200 207 265 359 543 545 
7 12 59 64 152 249 503 523 
6 139 151 188 471 486 516 
10 17 49 57 60 107 119 221 260 334 348 
6 59 198 252 379 396 491 
5 68 134 234 506 516 
2 116 202 
4 24 103 225 470 
6 2 57 225 350 374 518 
3 76 259 339 
3 262 284 475 
4 186 254 306 417 
4 3 61 70 102 
8 42 227 238 323 357 492 506 546 
8 68 138 210 294 346 379 397 436 
5 228 267 404 450 490 
5 73 191 226 286 328 
7 72 132 171 264 342 359 423 
8 20 208 242 263 298 391 442 503 
4 279 326 411 472 
6 2 65 157 195 234 415 
6 50 78 119 127 200 329 
7 47 77 200 205 268 338 345 
2 453 506 
3 291 331 530 
6 102 158 216 253 283 357 
2 408 533 
3 216 307 498 
2 160 299 
6 107 144 148 282 338 393 
4 90 185 342 367 
8 49 175 181 184 324 331 429 522 
5 25 43 195 248 485 
3 143 319 516 
3 49 86 219 
6 102 225 250 350 428 498 
3 268 284 526 
7 38 100 121 172 258 272 419 
5 11 34 144 161 462 
6 4 13 239 319 416 432 
5 52 413 435 499 535 
8 12 18 35 164 338 342 352 469 
6 20 435 476 511 531 545 
5 130 148 151 198 408 
4 93 159 228 511 
2 177 392 
4 68 81 91 506 
6 63 129 165 187 263 291 
10 25 114 143 168 176 228 353 416 428 546 
1 338 
4 45 128 245 369 
7 49 59 85 131 146 364 373 
5 48 177 296 333 414 
3 424 487 546 
7 246 313 346 355 360 411 425 
3 221 295 402 
4 140 406 474 497 
6 42 54 245 250 388 429 
4 104 216 255 526 
3 9 231 351 
4 62 163 190 289 
3 12 140 541 
6 155 253 317 387 394 456 
8 59 77 240 256 258 334 362 448 
5 139 311 351 434 522 
4 93 232 332 347 
5 124 290 334 338 349 
1 371 
6 122 163 223 409 412 413 
5 204 310 404 422 508 
5 141 214 242 408 507 
8 77 141 183 310 429 505 547 549 
8 106 273 275 407 413 488 540 541 
7 46 49 103 246 335 515 531 
6 99 243 327 380 416 480 
7 107 157 202 229 419 440 514 
6 6 73 183 210 222 502 
2 233 510 
4 31 61 272 400 
5 10 48 183 193 278 
4 182 268 281 442 
2 220 420 
8 52 70 201 227 335 369 373 383 
7 58 120 252 353 411 505 549 
5 36 112 117 311 452 
7 126 127 194 272 366 430 532 
2 462 484 
9 39 89 104 156 365 373 440 516 529 
8 53 85 94 346 348 371 414 435 
3 168 172 192 
9 10 33 107 183 252 320 409 427 445 
6 6 30 310 337 389 444 
8 85 99 208 261 400 422 517 530 
2 179 229 
3 156 195 456 
3 58 99 271 
6 57 219 293 339 400 466 
4 207 288 411 424 
3 158 203 238 
4 12 118 442 477 
5 143 150 425 426 493 
5 15 76 131 367 374 
10 81 154 284 355 385 453 467 469 497 500 
6 100 288 386 399 448 505 
5 84 245 366 368 427 
5 94 179 201 441 461 
6 173 183 194 402 465 542 
8 6 116 124 406 453 466 513 523 
5 42 97 218 236 258 
3 103 170 195 
3 4 280 307 
6 204 253 262 304 403 419 
5 34 104 145 240 336 
2 365 502 
7 5 54 165 178 184 286 363 
7 36 73 217 279 355 450 469 
3 93 145 537 
6 162 177 346 348 403 507 
5 315 326 328 344 413 
7 5 87 188 236 281 392 461 
5 104 215 260 407 420 
8 27 101 108 173 283 380 486 529 
4 170 251 400 419 
5 49 149 161 191 323 
3 2 366 509 
5 87 281 441 521 534 
6 11 39 136 259 433 548 
9 43 127 132 135 146 162 324 345 481 
6 87 170 241 255 350 451 
6 39 86 352 353 379 393 
3 67 351 536 
5 6 103 193 287 478 
7 58 175 323 384 390 487 539 
1 268 
5 4 116 476 485 501 
3 18 72 179 
5 145 216 332 334 394 
7 12 135 187 263 283 319 387 
4 141 162 251 291 
6 76 88 150 165 242 251 
5 223 260 383 449 525 
4 3 334 466 476 
3 60 99 296 
5 265 321 326 385 443 
4 56 77 78 538 
4 138 161 283 394 
5 62 131 268 360 470 
5 19 154 253 314 359 
9 125 167 252 298 309 338 356 419 494 
8 78 353 389 412 497 522 531 532 
6 3 260 335 368 390 399 
5 56 153 394 537 545 
5 74 148 212 360 436 
4 229 244 381 441 
4 15 70 132 499 
2 0 12 
4 208 398 421 435 
0 
5 13 126 309 344 456 
2 34 176 
6 81 83 114 192 447 487 
4 171 379 460 485 
4 164 256 441 484 
7 38 40 90 152 222 321 431 
4 9 137 459 478 
8 5 34 59 111 323 327 414 537 
3 132 219 381 
4 124 196 488 523 
7 18 226 229 294 435 498 548 
7 63 64 91 249 417 432 517 
6 12 72 224 354 377 380 
4 69 138 392 465 
7 71 100 104 254 276 328 448 
9 45 49 131 149 209 224 367 465 526 
3 6 292 334 
5 115 247 275 278 368 
4 121 303 320 435 
3 40 133 426 
4 61 76 363 420 
1 37 
6 164 175 296 358 433 541 
1 374 
4 69 154 320 536 
2 95 243 
8 119 168 274 401 440 456 505 548 
2 184 428 
4 74 126 195 513 
7 19 130 239 277 297 332 502 
6 209 294 344 492 494 530 
7 47 106 113 160 276 282 397 
2 110 129 
4 25 231 321 549 
3 88 317 467 
5 28 57 225 293 491 
9 2 3 29 54 91 113 263 273 326 
3 178 194 195 
8 38 60 139 146 204 360 394 440 
12 33 37 81 118 167 203 259 336 407 478 525 531 
5 67 228 314 337 452 
4 114 184 437 476 
2 119 218 
3 39 471 510 
6 93 119 164 262 297 491 
5 65 182 253 287 496 
11 59 176 196 206 269 341 394 442 453 467 512 
5 148 267 438 509 525 
7 66 167 258 357 360 383 418 
6 74 103 193 250 391 537 
1 73 
6 14 56 199 408 438 479 
3 22 412 533 
8 71 261 356 412 416 426 447 483 
7 24 78 92 136 189 202 362 
2 260 364 
4 384 438 442 519 
5 40 151 383 492 512 
6 21 41 48 93 134 141 
5 128 250 370 395 522 
5 240 331 379 415 504 
4 128 231 520 530 
6 228 245 308 419 446 515 
5 243 310 460 485 535 
7 135 231 364 373 430 455 478 
6 75 171 287 306 456 480 
3 32 166 328 
5 136 175 181 301 497 
6 1 27 85 245 529 540 
8 29 49 81 177 193 201 316 329 
4 11 66 92 158 
5 15 289 410 436 444 
6 72 170 349 477 481 488 
7 24 187 259 279 363 453 543 
4 153 159 386 422 
3 25 116 285 
1 122 
7 80 103 194 381 514 516 545 
4 230 307 313 319 
3 152 249 455 
6 20 70 224 244 322 338 
2 111 462 
7 108 198 236 341 360 440 452 
3 243 258 330 
3 74 204 438 
7 30 84 326 334 500 524 526 
6 17 309 412 470 532 537 
2 281 470 
3 343 353 535 
6 49 232 314 338 514 545 
3 167 320 393 
4 32 372 463 498 
2 67 279 
3 83 166 292 
2 276 366 
7 204 214 300 342 383 436 499 
5 125 127 147 277 355 
10 2 120 140 344 372 375 449 458 465 523 
1 40 
4 28 110 292 470 
4 21 203 254 303 
5 2 42 174 350 530 
5 283 355 364 464 493 
7 17 27 118 248 358 379 494 
3 35 374 487 
7 89 95 193 292 383 392 482 
5 146 232 238 304 346 
4 18 199 219 247 
3 294 430 488 
7 18 69 179 188 221 354 355 
5 87 183 368 372 525 
1 463 
8 75 174 199 250 299 346 432 463 
6 33 130 221 343 531 538 
7 22 72 174 228 280 369 468 
3 77 283 518 
2 297 434 
4 80 87 274 547 
6 121 192 243 388 510 539 
2 10 108 
8 59 119 122 192 197 230 299 394 
6 32 129 138 206 365 380 
4 168 253 458 459 
4 15 147 254 357 
9 78 85 97 105 122 204 294 303 424 
5 65 152 435 480 483 
5 1 365 435 455 501 
7 53 260 296 363 507 511 530 
4 73 86 97 309 
6 24 302 327 376 403 441 
7 4 27 174 214 244 311 540 
4 29 78 183 351 
6 70 110 144 173 320 326 
6 11 121 358 450 487 529 
7 59 144 173 423 444 469 504 
4 122 286 392 436 
7 47 64 91 184 315 459 474 
9 51 52 54 115 120 186 345 495 520 
6 97 185 362 399 418 514 
6 104 139 185 205 302 402 
4 226 323 400 530 
13 16 36 41 110 158 171 310 316 323 403 497 525 526 
4 24 204 267 470 
4 69 81 262 337 
4 236 317 347 539 
4 56 73 203 548 
6 110 202 208 252 262 296 
3 378 414 496 
5 119 268 352 384 529 
6 6 170 234 287 341 542 
5 107 269 278 316 513 
6 24 143 169 335 340 440 
6 141 160 180 308 380 543 
5 86 157 229 486 510 
6 3 160 206 231 324 464 
3 106 138 328 
2 273 412 
8 4 123 144 395 405 412 463 542 
5 305 311 324 382 419 
5 107 138 143 278 419 
6 64 157 237 318 484 501 
3 10 311 460 
5 343 395 418 451 498 
5 7 32 226 456 461 
1 361 
8 60 70 185 217 274 317 471 535 
5 130 177 226 335 366 
3 209 222 291 
2 372 503 
10 49 138 196 262 271 309 319 453 468 492 
7 188 270 362 470 478 505 549 
5 158 199 426 465 506 
6 42 159 288 446 486 512 
3 118 193 523 
6 30 113 332 409 491 495 
6 147 205 403 415 435 467 
4 188 206 492 549 
3 74 263 392 
8 101 175 227 319 349 391 496 519 
4 85 185 304 434 
11 20 38 118 192 201 207 252 260 334 427 488 
4 273 371 376 517 
6 16 42 60 439 452 539 
4 70 245 498 534 
2 14 212 
5 10 159 206 352 405 
6 134 148 152 178 354 507 
3 49 240 541 
8 30 39 111 162 353 452 491 515 
9 1 15 167 173 343 355 389 452 548 
5 25 71 125 505 513 
4 371 399 455 537 
4 112 163 408 416 
5 128 176 253 419 503 
7 82 99 126 265 406 472 476 
6 124 146 388 411 437 504 
4 9 285 494 517 
7 9 24 75 110 139 153 409 
8 124 205 266 267 300 370 371 421 
6 8 13 96 124 128 174 
5 108 144 221 361 428 
5 76 274 389 420 488 
10 10 20 95 104 130 267 406 428 433 532 
5 8 67 225 531 539 
4 262 352 376 457 
9 93 131 167 178 204 276 372 373 407 
5 42 137 176 234 415 
6 30 54 212 412 463 483 
5 125 148 288 452 533 
3 55 73 348 
4 45 109 153 338 
3 110 156 496 
6 156 233 267 385 489 509 
3 146 160 394 
5 91 104 241 414 416 
7 87 113 127 443 449 476 496 
4 141 278 322 464 
2 10 219 
5 95 225 326 517 523 
7 32 54 182 236 416 440 545 
5 120 330 393 491 530 
11 96 98 144 212 224 232 339 340 389 445 510 
7 70 208 285 309 349 476 541 
2 255 409 
5 261 265 270 298 515 
5 396 443 489 499 540 
7 131 143 240 252 296 365 433 
6 25 161 181 209 218 343 
6 74 136 155 260 270 518 
4 199 429 439 516 
5 17 19 147 285 348 
5 20 146 435 484 541 
3 276 386 506 
4 216 267 494 510 
4 119 159 228 452 
6 196 311 429 456 457 530 
4 43 71 171 347 
3 184 376 549 
9 140 254 296 396 402 403 422 448 488 
9 79 158 163 260 287 383 468 470 514 
3 47 455 477 
5 278 293 340 405 454 
12 1 37 40 118 150 214 240 279 377 449 508 510 
3 418 449 468 
3 311 336 503 
3 220 336 350 
4 217 277 375 507 
3 161 175 377 
3 94 142 295 
5 305 325 326 371 421 
3 316 368 430 
6 162 227 229 311 385 497 
4 38 152 163 197 
5 158 248 260 389 534 
5 21 328 383 453 457 
4 97 158 171 348 
8 63 202 300 301 313 356 384 453 
5 58 257 379 488 489 
2 75 408 
2 488 524 
3 112 350 529 
4 5 26 28 66 
8 98 190 197 255 408 429 436 529 
5 155 286 454 488 500 
6 15 187 220 253 278 384 
2 30 265 
4 130 279 339 540 
5 24 45 183 286 487 
4 38 46 319 485 
5 267 339 421 490 518 
5 142 218 374 445 537 
5 88 190 217 277 482 
6 58 177 367 386 498 523 
8 30 46 109 188 216 318 347 481 
10 128 223 286 322 394 415 452 471 473 477 
3 426 439 471 
3 71 483 516 
7 49 60 249 258 388 402 434 
5 69 244 271 383 390 
3 54 156 316 
6 204 244 317 410 447 510 
4 54 351 388 538 
6 259 361 392 425 429 525 
6 112 158 205 281 355 465 
8 31 83 91 224 305 376 397 486 
5 96 210 309 439 549 
5 158 299 477 517 530 
5 47 190 340 374 540 
5 132 169 243 525 533 
5 57 74 382 407 458 
4 25 274 348 409 
8 23 42 127 139 159 240 384 404 
8 45 55 61 69 79 102 385 446 
7 55 126 173 341 400 460 526 
2 125 456 
5 180 261 426 510 520 
12 0 4 45 133 257 332 367 435 447 456 494 509 
4 98 100 341 523 
4 12 260 271 386 
6 23 37 163 242 364 404 
6 46 131 291 303 352 453 
5 129 276 402 438 525 
8 46 58 61 89 143 291 443 490 
7 45 148 225 395 410 432 500 
4 64 329 442 483 
2 270 392 
4 36 275 351 509 
3 181 529 533 
4 87 120 205 273 
9 57 163 223 311 387 432 486 511 535 
3 299 473 529 
11 12 44 51 196 253 261 324 355 496 502 515 
8 92 114 229 299 355 507 528 529 
0 
1 526 
11 37 143 177 282 347 362 474 476 521 524 526 
12 23 48 80 148 244 275 315 341 354 434 449 500 
6 98 129 205 253 327 417 
5 16 141 205 300 416 
5 82 266 422 502 521 
4 21 181 397 467 
6 96 277 302 379 523 544 
3 55 186 238 
8 40 172 207 221 263 300 405 484 
4 50 200 327 495 
5 188 332 358 396 417 
7 7 128 282 344 439 480 501 
8 10 117 128 236 401 436 445 545 
4 8 162 363 371 
3 56 287 366 
2 1 535 
7 56 98 207 291 303 433 541 
3 69 104 109 
2 127 331 
5 182 224 240 359 403 
7 127 139 247 384 390 451 499 
