560 1325
4 59 74 214 362 
1 86 
5 9 131 213 226 408 
8 103 144 283 353 429 477 497 522 
4 302 398 426 467 
4 182 207 215 325 
3 239 273 406 
1 75 
6 146 148 309 415 431 435 
7 2 65 133 137 171 267 385 
3 274 317 547 
4 155 265 480 508 
6 47 328 366 398 425 431 
2 163 266 
5 119 141 329 423 425 
6 45 64 90 239 410 484 
4 360 368 489 527 
1 541 
2 437 513 
1 193 
3 102 190 487 
3 139 377 393 
5 107 155 162 475 508 
4 33 112 273 285 
5 95 148 159 160 448 
6 53 140 358 377 410 498 
3 190 346 533 
6 50 258 337 350 370 418 
3 263 372 522 
6 162 253 315 347 368 554 
6 168 219 289 399 411 526 
6 57 121 282 314 383 509 
5 328 381 406 450 553 
4 23 122 384 397 
4 140 192 219 452 
6 48 76 79 174 324 546 
3 189 412 419 
1 542 
3 246 486 520 
3 150 237 328 
6 67 251 333 340 351 522 
2 149 383 
7 76 102 162 315 371 461 510 
3 141 154 501 
6 53 55 113 185 220 538 
3 15 156 176 
3 306 362 406 
8 12 68 230 243 349 356 393 416 
6 35 98 172 290 381 477 
6 180 226 254 350 361 385 
2 27 310 
2 252 544 
6 64 206 230 324 339 491 
6 25 44 64 122 280 509 
5 179 194 329 446 480 
4 44 116 126 503 
5 117 256 260 273 461 
2 31 369 
8 77 121 224 331 345 356 369 446 
3 0 375 492 
6 72 229 391 448 458 559 
6 118 211 249 389 435 507 
7 88 146 299 336 487 506 523 
8 64 194 271 293 306 342 406 541 
7 15 52 53 63 160 360 548 
4 9 122 134 381 
7 222 293 379 394 399 523 548 
5 40 185 290 459 508 
5 47 110 186 265 471 
2 124 285 
4 133 279 337 539 
6 208 292 373 443 453 553 
6 60 76 149 169 179 333 
5 95 132 342 406 470 
3 0 173 198 
6 7 141 205 227 358 516 
7 35 42 72 80 365 435 487 
2 58 176 
4 83 162 181 187 
3 35 173 312 
2 76 552 
5 144 305 373 465 522 
9 111 132 143 204 239 296 405 425 519 
7 78 209 225 302 320 360 548 
2 90 231 
5 125 340 342 399 537 
4 1 122 157 450 
3 271 409 499 
5 62 127 264 394 452 
3 257 522 529 
5 15 84 275 450 466 
3 108 404 458 
5 130 193 195 406 436 
5 209 302 328 540 549 
6 144 219 251 267 273 477 
5 24 73 110 400 497 
2 468 548 
4 243 249 447 460 
4 48 128 253 424 
0 
6 121 131 376 480 543 548 
3 146 433 558 
3 20 42 151 
6 3 132 139 178 470 546 
3 296 369 479 
6 150 208 417 463 492 534 
5 274 342 375 439 546 
3 22 175 475 
8 91 172 270 401 437 449 461 543 
1 327 
7 68 95 367 417 421 474 492 
3 82 462 468 
6 23 174 239 354 355 557 
2 44 337 
5 338 377 449 463 513 
4 311 375 427 539 
3 55 120 260 
4 56 127 216 262 
5 61 327 410 440 479 
6 14 131 184 211 246 518 
2 116 347 
8 31 58 100 166 207 233 290 359 
8 33 53 65 86 268 358 367 511 
6 135 196 309 402 480 538 
6 69 136 140 199 240 371 
5 85 258 342 347 559 
1 55 
6 88 117 333 400 431 452 
5 98 252 435 534 558 
1 240 
4 92 150 205 459 
6 2 100 119 295 363 508 
10 73 82 103 145 229 265 288 292 312 396 
5 9 70 150 412 457 
4 65 210 216 349 
3 123 164 456 
7 124 158 348 364 366 389 551 
7 9 173 255 285 361 447 454 
0 
5 21 103 234 337 406 
7 25 34 124 234 272 296 549 
7 14 43 75 161 191 232 378 
4 230 350 494 541 
4 82 198 272 458 
6 3 81 94 305 393 505 
4 132 360 483 517 
7 8 62 101 224 256 404 497 
2 170 290 
9 8 24 167 215 275 302 412 413 480 
5 41 72 428 432 520 
6 39 105 130 133 170 205 
3 102 190 487 
3 281 394 539 
4 166 192 339 393 
4 43 444 534 550 
7 11 22 300 416 450 456 522 
4 45 292 325 447 
2 86 201 
4 136 219 226 407 
4 24 182 273 365 
5 24 64 166 358 381 
3 141 166 511 
5 22 29 42 78 283 
4 13 291 324 370 
5 135 166 309 324 480 
7 193 293 323 378 396 438 522 
8 121 153 160 161 164 224 465 518 
5 148 198 350 428 506 
5 30 317 334 377 417 
3 72 239 524 
7 147 150 267 284 383 436 454 
5 9 247 333 339 385 
6 48 108 305 399 403 513 
8 74 79 137 220 240 268 320 511 
9 35 112 270 371 403 435 487 512 522 
3 107 228 416 
4 45 77 415 512 
2 218 453 
6 103 252 424 452 472 526 
4 54 72 191 211 
4 49 212 261 268 
4 78 419 440 490 
6 5 159 282 364 370 457 
4 263 327 415 494 
7 119 224 262 285 308 372 499 
5 44 67 326 348 450 
5 68 200 276 346 425 
2 78 319 
0 
4 36 293 428 555 
6 20 26 151 407 423 458 
4 141 179 372 398 
3 34 153 544 
5 19 92 165 226 273 
7 54 63 203 235 309 395 530 
3 92 251 371 
4 123 291 331 462 
4 232 321 485 549 
3 74 143 167 
3 124 227 385 
5 186 204 411 528 535 
2 157 543 
3 251 283 412 
3 194 291 354 
7 82 200 209 322 323 338 385 
4 75 130 150 514 
5 52 338 371 488 502 
6 5 121 212 357 419 441 
6 71 105 225 234 335 337 
5 83 93 204 223 288 
7 134 229 234 239 335 362 434 
4 61 119 179 212 
7 180 207 211 299 382 437 550 
3 2 440 532 
6 0 276 292 322 408 412 
6 5 148 332 334 381 492 
4 117 134 307 343 
1 468 
4 177 247 327 445 
7 30 34 94 158 331 484 559 
7 44 173 261 389 414 473 531 
5 285 402 410 437 463 
4 66 230 311 364 
3 209 259 425 
5 58 146 166 184 374 
5 83 208 261 295 365 
5 2 49 158 193 504 
5 75 199 242 355 466 
2 175 283 
5 60 132 210 298 541 
7 47 52 142 222 241 312 437 
5 84 265 437 452 495 
5 141 197 291 348 387 
6 121 265 280 302 342 375 
5 139 140 208 210 258 
4 194 341 415 506 
6 252 297 321 340 384 397 
5 39 301 377 408 513 
5 350 439 450 455 485 
6 6 15 82 112 169 210 
7 124 129 173 391 401 509 553 
6 230 251 307 407 422 522 
3 227 357 449 
4 47 97 310 379 
4 258 334 462 553 
4 379 421 438 499 
5 38 119 336 359 555 
5 171 218 260 371 406 
3 308 325 385 
4 61 97 264 420 
3 382 496 500 
6 40 94 195 202 241 288 
10 51 128 178 236 285 289 348 381 427 461 
5 29 98 325 340 417 
1 49 
4 137 314 357 554 
6 56 146 288 355 365 442 
4 89 515 519 552 
6 27 125 234 244 382 533 
2 223 379 
5 56 116 247 343 477 
4 180 220 225 547 
4 117 184 386 499 
3 28 183 507 
7 88 249 301 306 450 468 556 
6 11 68 132 231 233 342 
2 13 486 
5 9 94 170 275 279 
6 122 173 180 292 316 521 
2 318 504 
4 108 174 344 405 
5 63 87 289 317 531 
6 140 143 448 466 538 544 
9 6 23 56 94 159 193 286 441 489 
4 10 106 291 371 
4 90 148 267 360 
2 186 214 
2 363 412 
5 281 386 394 540 557 
3 70 267 496 
4 53 233 331 449 
4 152 278 366 437 
6 31 182 293 446 478 515 
5 3 162 202 228 485 
2 170 432 
7 23 69 137 184 221 252 315 
3 273 294 334 
4 327 512 516 522 
7 132 209 251 256 384 498 508 
7 30 252 271 301 312 467 494 
5 48 67 121 147 470 
9 163 196 203 232 274 323 327 347 507 
7 71 132 156 214 268 306 385 
6 63 66 165 189 282 500 
3 286 340 519 
5 131 225 321 417 451 
5 82 104 140 451 487 
4 236 334 347 483 
6 229 340 392 480 552 556 
5 62 212 334 434 523 
4 155 335 520 556 
7 237 264 289 366 413 492 543 
5 4 83 93 148 233 
3 415 449 462 
1 414 
4 81 144 172 352 
4 46 63 264 292 
7 216 241 339 372 434 446 493 
3 184 248 435 
6 8 123 164 194 339 344 
3 50 243 557 
3 115 222 509 
7 79 132 230 289 416 436 486 
2 442 522 
4 31 255 366 506 
7 29 42 285 351 396 423 504 
3 268 404 457 
7 10 168 271 333 482 512 538 
2 269 440 
6 187 421 465 502 525 558 
5 83 173 437 442 518 
6 197 236 295 382 440 553 
3 204 214 557 
5 165 204 291 532 538 
7 35 52 163 164 354 409 420 
6 5 156 248 253 334 463 
4 185 443 495 538 
8 109 118 183 218 287 291 361 388 
8 12 32 39 93 431 446 512 539 
6 14 54 350 403 443 450 
3 348 370 509 
6 58 196 219 280 480 485 
2 215 513 
8 40 72 127 171 317 397 401 470 
7 168 215 244 286 297 299 325 
6 208 210 300 365 428 439 
3 62 246 475 
5 27 70 113 139 208 
5 114 204 206 529 538 
8 52 153 171 307 309 379 386 546 
7 40 85 236 253 294 298 529 
4 235 420 426 428 
11 63 73 85 106 125 233 265 372 375 450 487 
4 216 260 354 449 
2 270 309 
2 58 540 
4 26 186 403 409 
7 29 120 125 291 297 419 508 
7 136 185 232 252 330 380 522 
4 47 134 395 547 
7 27 49 142 167 238 329 519 
3 40 315 446 
4 305 424 466 495 
5 3 431 454 521 554 
8 112 203 324 343 428 440 441 538 
5 112 227 256 452 547 
4 47 58 388 547 
3 207 242 255 
5 25 75 122 160 460 
3 121 246 481 
5 16 64 83 145 275 
7 49 137 327 393 430 467 545 
3 0 46 210 
5 131 277 441 520 535 
3 136 182 222 
7 76 159 225 256 335 391 461 
7 12 136 281 301 314 525 530 
3 110 122 371 
4 16 29 416 454 
5 57 58 104 403 449 
7 27 163 182 330 451 495 531 
10 42 124 174 195 206 247 274 367 386 461 
6 28 184 191 307 342 518 
2 71 81 
2 224 380 
6 59 106 115 233 342 516 
3 100 387 551 
6 21 25 114 168 237 401 
4 141 165 449 503 
8 66 243 245 259 339 393 469 502 
2 348 374 
9 32 48 65 160 215 252 522 536 555 
5 212 250 258 321 466 
4 31 41 170 523 
6 33 236 288 401 525 533 
7 9 49 171 199 204 248 292 
5 262 278 339 371 392 
3 232 376 529 
5 327 356 417 513 555 
6 61 136 220 408 451 484 
1 419 
5 60 240 365 486 532 
2 298 386 
9 21 47 144 153 361 379 467 529 532 
5 66 88 152 278 536 
3 194 349 396 
6 132 165 315 395 401 438 
3 33 236 333 
4 4 12 191 495 
5 30 66 85 172 438 
5 95 127 412 429 521 
7 108 240 333 377 384 396 492 
4 123 221 415 531 
5 172 174 329 346 369 
4 91 146 316 494 
3 82 270 426 
8 6 32 46 63 73 92 139 247 
3 158 190 241 
4 2 214 237 389 
4 87 324 346 535 
8 15 25 118 221 421 442 494 504 
3 30 200 516 
9 36 133 148 202 214 277 400 427 559 
3 148 301 499 
5 220 304 434 503 539 
8 8 176 183 235 303 402 457 494 
7 47 155 175 312 368 490 506 
6 105 110 168 253 295 388 
2 27 487 
7 36 181 207 347 390 451 471 
5 249 324 341 453 483 
4 110 245 319 410 
3 241 456 519 
6 14 190 315 483 487 502 
6 98 178 352 474 486 524 
6 12 14 82 186 223 426 
5 4 341 405 425 536 
5 115 252 412 431 497 
7 149 167 189 335 341 354 509 
5 3 400 455 483 513 
1 361 
6 8 12 127 328 353 427 
3 149 284 454 
4 101 440 524 532 
4 210 299 307 414 
10 8 61 76 128 174 308 481 498 529 546 
3 92 170 312 
9 18 108 212 221 230 231 281 320 550 
4 165 245 396 399 
3 106 238 335 
10 118 181 213 318 321 354 433 478 482 522 
4 207 273 354 363 
5 256 313 320 410 483 
3 71 326 329 
2 154 456 
4 218 469 498 556 
9 54 58 282 307 328 351 458 482 504 
5 97 137 156 455 471 
5 24 60 272 492 515 
10 108 114 242 280 303 343 369 378 507 557 
10 32 86 90 155 185 238 264 329 342 501 
5 295 296 370 389 419 
6 34 88 127 178 231 355 
4 71 177 420 474 
6 137 170 353 368 432 482 
3 238 429 447 
5 135 155 422 444 478 
4 133 182 316 415 
5 60 91 143 190 446 
3 67 130 474 
2 97 358 
6 42 56 108 252 365 371 
6 111 196 244 303 500 558 
5 105 114 221 325 525 
1 483 
6 81 166 319 477 544 556 
5 90 227 272 352 382 
6 4 289 361 393 475 545 
6 96 111 217 264 515 519 
2 379 445 
4 73 103 290 333 
5 68 419 447 514 551 
1 178 
3 220 507 516 
5 110 424 453 459 475 
6 22 107 336 467 474 509 
0 
5 3 48 94 260 465 
4 282 440 456 535 
4 104 118 526 550 
8 11 54 100 123 148 164 298 331 
2 359 435 
5 317 440 446 454 497 
7 145 297 420 423 429 442 464 
4 15 219 389 485 
5 197 238 283 331 484 
7 38 266 312 391 424 542 547 
10 20 62 76 151 174 296 342 418 423 521 
1 206 
2 16 273 
2 181 416 
2 52 497 
8 59 105 110 215 301 401 448 553 
1 307 
10 142 183 289 404 410 415 499 514 530 554 
6 231 326 352 370 398 533 
2 250 279 
7 3 95 146 427 482 491 541 
4 25 288 435 445 
6 87 184 245 262 413 494 
3 250 293 462 
3 43 450 509 
4 206 319 379 423 
3 55 378 414 
5 226 269 315 410 446 
1 144 
5 62 167 235 314 416 
6 61 263 291 449 473 532 
6 11 22 67 131 288 347 
8 31 53 240 311 330 428 475 501 
2 42 545 
3 122 161 173 
5 174 176 287 317 328 
7 18 114 172 237 332 388 429 
3 205 471 494 
4 257 282 448 468 
5 75 287 375 411 473 
1 145 
4 119 166 320 372 
6 82 257 294 350 422 468 
6 38 149 300 363 524 528 
4 268 353 400 487 
14 3 28 40 81 89 155 165 174 241 287 313 348 381 440 
5 62 66 299 383 542 
5 169 424 433 520 550 
4 319 366 384 463 
4 30 178 479 553 
1 16 
2 200 520 
6 89 338 340 387 393 435 
4 194 366 494 536 
4 220 271 370 402 
6 213 323 391 393 433 507 
4 26 258 384 495 
3 105 128 154 
4 200 363 409 478 
4 381 394 426 530 
3 85 551 552 
8 44 123 272 317 323 326 338 354 
5 70 115 152 328 414 
3 93 278 345 
5 17 63 142 229 497 
3 37 486 523 
4 100 108 201 301 
4 51 192 272 465 
4 361 467 510 554 
5 35 103 106 339 435 
6 10 261 349 355 356 486 
5 64 66 83 96 100 
3 93 140 197 
5 154 212 437 479 524 
4 136 376 471 537 
4 80 257 298 537 
7 32 71 240 244 321 492 526 
5 29 255 353 494 545 
4 189 246 381 388 
5 264 298 300 445 465 
5 112 278 310 322 449 
4 101 128 319 462 
4 60 125 219 412 
560 1421
9 25 36 223 265 289 306 321 431 522 
7 52 154 217 424 464 504 524 
7 5 43 61 76 362 375 481 
2 44 243 
5 75 208 369 501 554 
5 2 75 127 193 268 
4 125 166 332 361 
6 50 67 321 378 472 505 
4 51 53 463 503 
4 154 313 337 533 
5 84 106 135 490 532 
4 138 204 463 525 
0 
9 135 143 160 218 423 442 498 511 520 
7 21 91 222 238 381 423 538 
2 31 94 
6 45 136 269 374 409 436 
3 320 384 546 
3 300 333 395 
7 176 328 417 431 450 508 516 
2 142 506 
6 14 267 292 322 364 420 
4 112 219 293 521 
5 39 113 160 166 556 
1 242 
5 0 43 74 258 423 
6 117 135 338 395 411 486 
8 80 113 255 327 343 514 553 556 
2 97 242 
5 38 52 90 131 356 
5 70 153 374 418 469 
8 15 92 163 173 197 282 371 466 
1 206 
3 260 345 468 
6 138 195 220 224 231 346 
7 175 180 207 209 273 440 545 
6 0 126 173 281 308 445 
12 181 210 238 241 258 280 330 380 434 454 534 552 
3 29 121 206 
3 23 147 458 
4 113 181 223 436 
2 207 404 
8 154 211 291 392 462 474 534 536 
6 2 25 442 525 526 555 
7 3 204 262 356 540 548 553 
5 16 127 224 478 498 
7 92 104 141 424 439 469 503 
5 50 152 191 265 279 
7 107 161 288 305 400 465 531 
4 121 393 403 490 
4 7 47 67 454 
4 8 68 313 553 
6 1 29 171 195 339 381 
4 8 58 138 544 
4 61 252 445 513 
4 61 172 306 338 
3 440 451 536 
8 68 203 217 257 328 400 484 536 
6 53 68 86 125 395 434 
8 71 117 157 217 335 370 430 472 
6 253 292 385 463 480 544 
9 2 54 55 306 340 361 396 489 540 
5 104 354 401 486 547 
4 209 247 286 467 
5 107 148 156 229 358 
5 206 211 274 344 351 
2 436 489 
6 7 50 251 291 490 530 
8 51 57 58 95 153 190 220 294 
2 322 447 
5 30 107 198 389 516 
5 59 167 439 476 480 
5 127 183 238 398 493 
5 164 189 459 465 468 
7 25 123 130 228 321 455 508 
5 4 5 261 379 555 
3 2 269 431 
4 290 413 438 538 
3 135 205 432 
7 210 240 261 312 398 412 559 
3 27 260 277 
5 100 331 411 508 524 
2 481 503 
6 127 208 382 386 396 513 
4 10 496 531 551 
6 91 126 144 147 194 404 
4 58 131 200 483 
2 125 340 
4 430 499 535 557 
5 163 459 488 513 521 
6 29 104 229 292 304 422 
5 14 85 190 423 540 
5 31 46 197 401 416 
4 168 177 422 541 
3 15 113 194 
9 68 180 243 302 441 508 541 550 555 
4 143 157 391 465 
4 28 110 285 551 
6 158 181 365 370 508 549 
2 311 350 
3 81 301 421 
3 208 235 334 
1 160 
7 105 150 248 312 382 389 451 
10 46 62 90 210 226 228 304 332 418 538 
5 103 256 296 379 467 
5 10 152 252 267 471 
7 48 64 70 185 229 233 244 
3 241 458 518 
4 254 257 258 473 
7 97 130 224 242 328 384 485 
4 302 358 400 527 
7 22 199 275 317 319 464 466 
11 23 27 40 94 152 158 233 285 286 411 500 
6 235 251 382 466 519 555 
6 175 270 315 342 532 553 
4 184 270 297 309 
4 26 59 147 294 
3 130 307 435 
3 192 202 287 
4 165 251 264 425 
4 38 49 177 377 
6 132 158 266 300 304 314 
6 74 157 258 316 410 454 
4 190 331 481 559 
6 6 58 87 219 283 385 
5 36 85 289 311 389 
11 5 45 72 83 166 174 241 317 330 552 554 
6 146 189 210 347 351 371 
3 335 404 472 
9 74 110 118 132 150 168 435 462 514 
6 29 86 141 359 498 520 
6 122 130 188 201 250 300 
3 200 239 500 
1 288 
9 10 13 26 78 209 283 329 390 456 
6 16 170 251 374 387 516 
2 139 174 
4 11 34 53 351 
4 137 307 308 375 
3 222 229 530 
10 46 131 183 213 281 295 297 325 328 506 
8 20 187 200 249 306 435 556 558 
4 13 96 341 363 
6 85 208 307 317 328 536 
4 185 262 512 559 
7 128 159 206 216 296 314 336 
4 39 85 117 220 
2 64 302 
6 198 247 256 298 397 413 
4 103 130 206 302 
4 303 440 495 501 
6 47 106 113 196 273 505 
6 30 68 161 237 332 351 
5 1 9 42 391 407 
8 172 174 229 333 516 527 529 545 
5 64 211 360 408 453 
8 59 96 123 162 231 358 403 550 
6 98 113 122 162 397 494 
6 146 200 243 336 485 504 
5 13 23 102 247 379 
4 48 153 393 536 
6 157 158 279 439 519 532 
5 31 89 228 402 517 
4 73 285 421 546 
4 120 166 261 362 
8 6 23 127 165 234 235 261 275 
5 71 204 389 408 502 
4 93 130 302 508 
5 179 185 282 334 423 
1 136 
4 52 213 222 238 
6 55 155 281 397 399 459 
6 31 36 298 318 354 422 
5 127 137 155 256 296 
5 35 115 217 226 551 
5 19 205 328 394 470 
5 93 121 249 381 391 
3 181 500 556 
3 169 181 298 
4 35 95 363 456 
8 37 40 98 178 179 189 410 502 
3 235 425 470 
8 72 141 332 378 389 418 436 499 
6 116 199 402 438 461 546 
11 107 145 169 197 206 207 278 353 386 408 417 
4 381 524 532 540 
5 142 316 392 525 540 
3 132 306 366 
4 73 128 181 393 
3 68 91 124 
4 47 230 253 267 
3 119 445 480 
2 5 226 
4 85 94 519 559 
4 34 52 419 500 
4 152 264 449 492 
6 31 92 185 198 297 407 
5 70 149 197 403 422 
6 112 184 235 239 326 449 
5 86 133 142 159 261 
6 132 336 371 399 402 467 
6 119 251 314 364 389 557 
6 57 216 301 461 484 487 
5 11 44 167 466 539 
5 78 176 317 369 489 
9 32 38 65 146 150 185 375 473 534 
6 35 41 185 267 309 540 
7 4 83 101 144 217 220 310 
6 35 63 135 212 229 344 
6 37 79 104 128 302 554 
4 42 65 156 263 
4 209 419 481 556 
3 141 171 463 
1 375 
2 247 264 
8 146 203 261 388 427 443 492 535 
6 1 57 59 175 208 381 
4 13 432 502 557 
5 22 125 387 484 534 
10 34 68 147 208 343 345 381 431 437 552 
0 
4 14 140 171 406 
5 0 40 298 367 517 
5 34 45 110 308 506 
3 243 253 306 
3 104 175 193 
5 270 304 350 465 542 
9 74 104 163 282 353 400 406 484 507 
6 64 90 107 140 155 209 
3 191 242 281 
3 34 157 533 
4 245 288 323 517 
5 107 113 277 486 548 
8 166 295 348 396 407 421 466 509 
8 101 114 166 182 199 356 427 443 
4 239 242 300 559 
2 153 383 
6 14 37 72 171 502 532 
5 133 199 236 253 469 
8 79 271 376 432 436 446 467 503 
4 37 108 127 345 
6 24 28 110 230 236 310 
8 3 95 159 225 293 347 351 428 
4 107 255 364 384 
3 232 481 506 
4 320 404 452 488 
6 63 149 160 215 265 555 
6 103 254 305 416 443 512 
6 142 177 269 419 444 494 
8 132 285 294 351 376 399 478 497 
8 67 114 120 136 202 339 363 480 
3 54 106 414 
5 60 191 225 239 304 
6 109 248 298 309 351 364 
3 27 244 549 
6 105 149 174 367 393 401 
7 57 109 267 395 399 406 543 
7 25 37 109 123 332 422 526 
1 262 
2 33 80 
9 75 79 165 166 200 216 401 534 536 
7 44 145 259 268 287 293 299 
4 211 395 517 533 
3 120 196 215 
6 0 47 247 454 473 553 
3 122 272 402 
6 21 106 191 207 257 469 
8 5 262 316 324 490 514 516 548 
7 16 76 249 361 419 481 486 
6 115 116 227 378 498 508 
4 240 402 427 451 
5 266 340 371 391 464 
5 35 152 401 492 527 
1 65 
3 112 166 552 
2 485 526 
5 80 233 297 360 455 
7 185 401 429 432 506 515 522 
3 47 162 300 
2 37 441 
5 36 141 172 230 512 
6 31 169 228 415 473 482 
6 125 135 306 335 432 453 
3 293 404 517 
7 97 113 164 250 369 378 468 
3 63 113 288 
3 119 262 555 
7 48 134 232 286 342 434 435 
4 0 126 403 407 
4 77 291 453 559 
6 42 67 290 377 408 510 
6 21 60 90 431 438 490 
5 22 243 262 284 323 
5 68 117 250 328 463 
3 141 234 530 
6 105 146 174 325 447 476 
5 116 141 197 277 500 
7 149 173 179 223 254 424 439 
3 262 470 471 
6 18 122 132 236 279 322 
3 100 203 342 
12 95 111 148 150 168 210 306 351 354 445 515 535 
5 151 325 395 539 543 
6 90 104 122 227 253 307 
5 48 248 312 339 377 
10 0 55 61 142 188 225 283 302 428 443 
4 118 139 144 304 
7 36 139 224 352 444 481 523 
8 116 207 254 368 389 414 449 537 
4 208 242 332 554 
3 99 126 321 
7 79 103 305 318 357 394 413 
4 9 51 347 540 
5 122 146 202 425 492 
5 115 342 370 371 508 
3 123 187 268 
5 112 127 144 205 475 
3 173 312 433 
4 112 400 436 518 
4 17 246 354 499 
5 0 7 74 311 460 
5 21 69 300 379 490 
4 232 293 377 540 
3 268 430 454 
4 141 296 303 355 
2 199 429 
8 27 358 368 375 426 505 522 559 
8 19 57 110 141 144 176 294 504 
3 135 514 531 
4 37 127 435 543 
6 81 124 371 418 548 553 
6 6 104 153 183 258 310 
4 18 155 451 515 
2 101 169 
4 59 129 283 538 
6 146 159 201 431 446 470 
7 9 391 399 426 470 511 550 
5 26 55 370 473 539 
5 52 251 305 492 539 
9 61 87 272 402 406 474 486 506 538 
2 143 504 
6 115 288 301 315 344 345 
5 27 220 390 413 484 
5 65 209 342 417 478 
7 33 220 241 342 447 522 535 
4 34 409 520 556 
4 128 243 313 516 
2 234 556 
1 528 
6 99 227 377 416 440 523 
11 65 128 138 153 243 250 254 302 411 513 521 
5 308 400 482 496 504 
4 185 228 443 527 
8 62 173 302 320 432 436 511 537 
4 325 400 529 552 
4 29 44 235 528 
1 312 
6 64 111 157 327 403 529 
4 131 397 470 475 
5 156 277 375 506 514 
4 6 61 269 365 
2 2 165 
6 143 180 251 365 385 481 
5 21 202 244 254 367 
4 98 361 363 511 
3 188 434 454 
4 223 256 364 559 
6 309 327 374 401 421 508 
3 4 205 285 
7 59 98 315 338 417 423 456 
9 31 128 201 272 315 331 373 473 502 
3 380 459 524 
2 371 535 
8 16 30 136 368 388 434 444 485 
6 2 139 206 214 327 360 
4 240 250 420 524 
6 121 291 305 323 350 519 
7 7 183 270 285 395 463 553 
8 75 105 160 322 389 432 536 537 
3 37 372 431 
8 14 52 177 186 217 220 469 505 
8 83 103 114 404 406 450 486 508 
3 237 550 552 
4 17 110 244 553 
3 60 125 363 
3 83 185 389 
2 136 219 
3 216 374 466 
10 70 103 126 167 183 202 309 379 386 498 
2 135 343 
7 96 154 177 272 337 433 434 
5 42 187 419 455 535 
7 49 161 189 256 516 547 559 
2 176 312 
9 18 26 58 257 263 303 378 480 495 
6 61 83 234 397 468 496 
8 149 158 172 359 396 418 506 531 
2 72 79 
6 172 201 250 257 337 445 
8 48 57 111 228 319 352 355 506 
9 62 92 256 261 273 278 368 430 470 
9 163 184 201 266 271 340 490 507 520 
8 49 157 198 289 358 422 454 462 
7 41 85 129 246 284 382 520 
3 431 441 521 
6 222 228 257 340 382 512 
6 154 197 234 289 547 551 
8 156 167 185 291 455 474 520 521 
3 16 346 548 
4 123 181 463 553 
5 26 81 113 351 480 
3 79 425 448 
5 77 149 312 343 529 
2 252 309 
3 282 451 464 
3 92 248 350 
5 19 185 344 370 457 
5 30 104 183 331 397 
9 195 212 249 269 392 458 504 542 555 
2 21 376 
7 100 164 234 368 441 541 550 
8 90 93 173 198 258 403 442 489 
8 13 14 25 91 169 370 527 549 
4 1 46 298 458 
5 120 182 314 412 458 
2 327 337 
3 216 235 271 
4 243 306 431 555 
4 278 326 478 552 
4 59 88 324 401 
9 0 19 76 220 292 336 380 405 428 
9 78 218 240 278 283 354 379 518 559 
4 318 391 449 512 
7 37 58 288 366 374 391 484 
7 118 130 142 288 330 486 530 
8 16 40 66 183 240 319 354 518 
2 220 497 
4 77 184 292 521 
6 46 71 162 298 517 529 
5 35 56 151 350 506 
4 95 280 405 421 
5 13 43 422 503 514 
7 216 235 248 306 353 459 507 
4 249 308 374 500 
7 36 54 192 302 399 470 479 
2 240 336 
3 69 296 345 
2 412 528 
6 196 199 309 433 461 465 
2 19 382 
6 56 103 271 333 415 478 
2 246 455 
5 156 283 290 458 511 
8 37 50 123 265 324 366 403 488 
7 74 277 392 408 452 517 551 
3 135 180 370 
2 417 469 
7 39 108 419 424 425 453 530 
7 73 89 172 372 443 471 548 
3 321 531 543 
4 184 203 449 462 
5 42 130 403 461 480 
7 8 11 60 213 294 378 410 
5 1 112 272 415 556 
5 48 73 96 227 449 
7 31 112 114 204 234 388 507 
6 63 105 201 240 494 556 
6 33 73 285 396 497 499 
6 30 46 239 267 381 457 
8 176 182 299 336 337 359 401 445 
3 106 299 459 
4 7 59 129 477 
7 109 206 265 282 338 371 518 
6 42 340 408 482 494 558 
2 317 359 
2 71 296 
2 472 512 
6 45 250 344 429 451 500 
2 445 514 
8 60 71 192 251 395 411 462 492 
8 2 82 124 212 245 269 308 363 
4 282 352 474 525 
3 86 484 495 
7 57 203 219 228 343 434 483 
7 110 159 276 374 534 539 550 
7 26 62 233 269 340 382 435 
2 203 512 
4 89 246 454 513 
4 61 66 205 422 
7 10 49 67 268 292 322 402 
1 495 
7 196 216 273 314 339 480 549 
2 72 505 
4 158 249 467 474 
6 151 395 483 491 503 546 
4 84 352 396 524 
3 250 437 468 
5 13 45 131 270 389 
4 88 183 320 468 
7 113 133 178 195 297 444 478 
3 4 151 513 
5 167 181 218 238 371 
6 8 46 82 240 442 495 
6 1 159 328 341 352 419 
5 7 152 327 381 493 
10 20 141 224 245 278 340 360 397 400 440 
4 228 402 443 466 
10 19 74 81 95 98 168 270 315 368 382 
1 234 
1 291 
5 13 337 354 365 453 
7 145 248 281 406 433 477 487 
6 54 83 89 351 488 501 
10 27 130 268 329 360 442 479 526 535 557 
4 278 302 333 534 
7 19 70 136 155 268 347 393 
7 163 223 232 263 284 439 455 
5 108 319 432 436 473 
4 114 162 194 377 
6 13 131 346 402 404 408 
6 22 89 351 405 408 438 
4 0 278 327 345 
2 308 350 
7 1 81 186 372 376 496 556 
4 11 43 187 482 
4 43 258 276 514 
5 111 155 273 353 423 
3 349 356 448 
6 155 355 358 413 439 557 
6 67 140 295 435 458 557 
5 48 84 329 397 460 
5 10 115 162 186 238 
3 9 231 263 
7 37 42 206 219 261 485 515 
8 88 216 302 345 373 392 514 552 
8 42 56 57 144 161 261 379 539 
3 309 354 379 
6 14 77 104 335 340 554 
6 204 303 338 339 485 536 
8 44 61 91 186 187 207 313 323 
3 93 95 421 
2 227 419 
4 257 303 330 460 
2 53 60 
2 35 155 
4 17 164 184 495 
3 62 393 407 
6 44 233 268 331 409 459 
4 98 255 423 492 
7 95 157 337 383 421 485 556 
5 84 97 175 407 455 
8 37 127 220 275 355 383 429 535 
9 27 44 51 115 265 331 378 384 410 
5 4 127 210 310 538 
8 43 75 95 114 247 287 419 428 
11 23 27 142 178 212 346 348 464 467 524 550 
6 88 202 218 514 529 530 
2 142 474 
10 79 124 145 194 236 290 327 367 393 432 
