570 1350
4 59 74 214 362 
2 76 556 
4 111 193 206 388 
8 73 114 253 323 399 447 467 492 
4 262 358 386 427 
4 132 157 165 275 
4 179 213 346 567 
0 
6 66 68 229 351 355 535 
5 43 47 81 177 295 
3 174 217 447 
5 45 155 370 398 484 
4 246 278 305 311 
4 33 136 534 556 
6 189 283 285 449 468 494 
3 89 260 334 
4 200 208 329 367 
1 371 
3 257 333 553 
1 451 
2 287 477 
5 167 183 434 482 489 
4 255 288 349 428 
6 43 55 400 453 464 465 
3 208 347 434 
5 108 127 160 248 473 
4 86 273 322 530 
5 67 80 100 148 524 
5 92 242 412 503 565 
6 57 78 264 407 458 528 
7 99 111 226 285 349 510 542 
3 73 199 545 
4 61 86 233 328 
6 13 54 67 335 387 414 
6 112 232 260 263 358 508 
2 196 362 
2 52 59 
2 172 397 
5 106 140 290 377 468 
5 196 380 462 469 480 
3 122 267 501 
6 183 209 269 422 478 568 
3 90 237 250 
8 9 23 71 138 140 198 270 305 
3 98 230 250 
4 11 369 425 469 
7 120 282 295 401 408 445 468 
5 9 139 213 331 422 
6 210 256 284 380 391 415 
1 329 
1 552 
7 61 203 227 321 336 488 567 
4 36 108 266 495 
5 154 169 304 421 455 
4 33 80 90 467 
6 23 70 209 213 226 414 
3 311 520 564 
7 29 155 262 276 287 300 377 
2 295 412 
8 0 36 138 300 357 367 468 525 
7 109 147 287 333 405 483 541 
8 32 51 186 223 374 393 410 447 
7 70 147 169 218 282 417 531 
4 225 413 481 493 
2 235 569 
7 136 222 237 242 366 391 520 
6 8 122 291 340 433 509 
4 27 33 292 435 
3 8 95 432 
4 78 136 338 495 
11 55 62 80 161 231 241 341 351 424 444 454 
4 43 110 358 395 
5 108 172 236 424 449 
5 3 31 380 444 466 
4 0 102 260 307 
4 98 168 220 391 
5 1 286 365 384 390 
2 364 503 
2 29 69 
4 241 311 472 540 
12 27 54 70 143 200 266 287 298 359 394 451 560 
8 9 92 186 352 368 445 463 503 
3 204 221 362 
4 244 459 461 518 
4 171 229 264 557 
2 366 504 
7 26 32 111 210 347 477 535 
1 328 
5 112 119 334 509 525 
4 15 155 451 505 
7 42 54 165 228 230 441 471 
3 232 325 351 
9 28 81 95 155 230 262 278 284 488 
3 109 399 496 
2 455 535 
7 68 92 218 224 422 435 564 
2 216 387 
2 531 541 
7 44 75 315 419 482 487 543 
4 30 360 485 535 
4 27 503 510 549 
2 373 449 
6 74 187 260 370 495 553 
4 296 342 371 413 
6 141 209 242 306 413 494 
2 330 478 
7 38 113 244 280 292 304 386 
1 158 
8 25 52 72 186 236 240 293 311 
6 60 93 269 275 428 493 
3 71 149 352 
4 2 30 86 566 
7 34 88 148 220 234 284 526 
6 106 134 186 298 322 462 
4 3 316 405 451 
1 503 
7 133 163 202 294 347 374 409 
1 497 
5 303 344 370 427 496 
4 88 392 482 491 
6 46 186 246 307 420 513 
7 143 201 234 238 297 338 469 
5 40 66 343 427 432 
1 198 
4 392 459 490 511 
2 298 481 
3 137 161 273 
4 25 170 225 479 
3 302 370 515 
7 139 223 259 282 286 306 390 
3 131 393 438 
5 130 178 184 317 556 
3 5 411 536 
7 116 290 306 308 331 493 537 
6 113 184 214 290 376 383 
0 
7 13 65 69 137 240 309 556 
8 126 136 162 186 439 469 499 540 
4 43 59 255 524 
7 47 129 214 358 405 478 552 
3 38 43 309 
4 104 143 231 343 
5 185 308 342 462 494 
7 80 121 141 216 309 394 514 
3 377 425 485 
3 198 199 266 
5 201 205 293 352 387 
3 60 62 358 
5 27 112 234 435 548 
6 110 273 306 332 479 533 
0 
7 152 242 258 412 528 562 568 
5 151 217 390 423 545 
1 285 
4 53 289 296 477 
7 11 57 89 92 238 329 421 
3 208 400 423 
3 5 194 539 
2 107 297 
4 291 324 370 561 
4 25 295 310 466 
9 70 126 165 265 295 350 368 410 494 
4 137 182 476 548 
4 116 294 372 450 
5 247 264 307 347 559 
4 5 90 161 440 
6 169 186 285 338 356 537 
4 21 221 227 273 
8 75 179 273 277 387 480 500 528 
6 53 62 166 180 371 515 
8 127 217 249 281 333 358 368 458 
2 84 248 
5 37 72 233 330 418 
2 257 437 
7 10 214 242 262 316 361 381 
3 367 416 423 
1 559 
6 9 188 238 407 489 495 
5 131 191 373 437 525 
8 6 168 214 319 357 380 403 467 
5 169 205 406 428 530 
4 265 341 411 490 
2 162 369 
2 21 41 
4 131 134 313 448 
5 142 191 412 428 463 
9 61 81 108 113 120 137 166 362 388 
3 102 519 567 
4 177 233 528 560 
5 14 254 340 475 560 
1 301 
5 178 185 206 246 509 
3 221 385 449 
2 2 472 
3 157 255 433 
3 266 383 390 
5 35 39 383 448 480 
3 237 472 535 
8 43 123 145 374 487 488 503 550 
2 31 145 
5 16 80 294 471 504 
8 121 146 253 267 329 474 536 558 
5 116 326 335 436 438 
3 51 308 373 
7 82 298 303 308 404 431 503 
3 146 180 265 
5 2 191 336 419 474 
3 225 461 553 
8 16 24 156 281 297 327 413 417 
7 41 55 104 321 323 370 481 
4 48 86 280 316 
2 425 545 
1 268 
6 6 47 55 256 409 525 
10 0 134 139 174 179 298 323 382 440 532 
6 295 303 330 356 460 541 
4 96 143 241 472 
4 10 152 170 286 
6 62 95 219 440 474 544 
1 218 
5 75 112 317 387 500 
5 82 167 192 263 411 
2 65 409 
6 61 129 306 335 406 531 
4 95 342 514 529 
7 63 127 207 228 351 408 447 
7 30 55 308 323 345 385 418 
3 51 167 284 
5 90 225 350 424 515 
8 8 84 244 289 313 332 376 389 
7 44 90 92 276 352 383 488 
7 70 141 308 397 408 413 443 
2 34 91 
9 32 172 188 315 325 433 477 493 549 
6 112 121 148 314 329 429 
4 64 247 339 516 
3 72 108 446 
6 42 65 197 318 409 549 
8 121 155 177 260 277 338 488 511 
4 377 394 505 540 
5 108 136 424 441 501 
4 70 79 216 518 
6 28 65 104 151 174 462 
3 250 254 350 
9 83 106 229 329 333 392 425 471 505 
3 351 366 443 
3 12 120 191 
5 164 235 304 347 544 
6 25 171 260 327 337 414 
4 170 469 473 506 
5 42 44 243 318 469 
2 297 560 
1 377 
4 3 201 429 565 
3 189 243 363 
6 22 138 194 353 442 447 
6 48 213 278 296 384 464 
2 18 173 
4 151 278 359 363 
3 129 357 381 
9 15 34 74 102 238 248 277 364 550 
2 371 432 
7 4 57 92 174 297 325 539 
7 34 221 437 455 527 533 561 
6 29 84 164 411 459 546 
4 161 181 205 322 
5 52 80 145 195 292 
3 40 201 558 
5 212 306 456 561 569 
4 41 109 415 432 
3 43 352 466 
3 286 481 552 
2 388 541 
8 26 126 149 167 168 277 314 560 
1 487 
3 5 109 350 
4 57 230 309 349 
8 168 238 260 273 322 507 511 517 
9 12 92 256 258 359 473 483 546 557 
2 422 449 
6 106 210 405 526 530 550 
5 170 208 422 488 567 
3 46 62 129 
3 14 375 480 
7 48 92 112 227 374 440 536 
6 14 30 153 166 286 549 
9 76 129 217 271 285 302 411 424 560 
7 20 57 60 80 396 448 536 
6 22 327 331 369 469 558 
4 154 229 349 534 
8 38 133 134 291 359 406 485 536 
3 66 159 290 
6 67 106 266 366 400 413 
4 108 146 344 536 
3 116 163 200 
8 9 46 58 160 161 215 479 512 
7 103 154 256 301 313 360 553 
7 121 158 208 251 262 435 440 
5 80 113 125 204 214 
2 361 561 
5 57 59 446 466 516 
4 190 296 450 530 
4 128 286 352 492 
7 118 204 215 315 360 387 468 
6 53 106 247 346 399 517 
5 12 43 402 432 458 
8 104 129 133 149 223 268 338 559 
9 74 120 164 341 378 401 434 552 557 
8 133 142 203 204 226 231 372 532 
5 136 140 143 276 385 
2 160 367 
9 12 56 79 108 320 326 377 432 443 
2 334 463 
6 184 229 296 420 472 515 
4 234 273 315 342 
10 98 233 303 314 362 377 443 470 511 564 
7 114 174 210 351 358 485 507 
3 131 220 394 
4 237 250 342 347 
5 179 352 462 466 535 
1 311 
5 51 209 382 445 456 
5 26 113 265 277 468 
4 3 209 214 226 
5 159 474 483 544 551 
4 91 233 262 467 
6 202 311 426 535 541 543 
6 208 248 288 462 465 540 
4 32 87 336 514 
6 16 49 155 201 234 244 
4 105 172 215 555 
5 47 133 288 393 399 
5 149 229 384 473 556 
6 18 60 170 244 462 545 
4 15 88 312 462 
5 33 202 223 409 544 
6 51 206 328 496 538 567 
4 248 477 500 567 
10 69 121 166 238 306 369 448 460 461 558 
3 235 446 541 
4 66 189 356 515 
3 70 181 307 
6 103 142 224 314 318 376 
3 122 141 371 
5 118 293 455 492 529 
2 226 383 
5 6 304 449 528 543 
7 24 86 116 164 247 318 566 
1 415 
7 22 30 276 289 452 457 490 
6 161 228 243 275 507 545 
8 8 70 91 225 245 316 466 512 
10 81 110 146 230 270 302 319 486 530 566 
3 255 393 468 
1 497 
2 8 516 
3 166 215 340 
5 59 179 259 411 465 
9 4 34 71 139 147 170 316 418 450 
6 80 258 278 290 469 523 
6 99 296 303 384 460 493 
2 174 299 
7 0 35 82 186 315 455 469 
3 254 258 370 
4 77 260 398 451 
3 76 371 379 
5 65 85 245 292 382 
6 16 59 175 310 489 548 
6 81 161 170 485 508 551 
6 45 182 288 338 384 488 
8 11 102 118 128 159 209 363 524 
7 17 103 169 261 343 365 372 
6 163 308 371 443 505 508 
5 101 178 203 481 505 
6 61 116 198 284 478 515 
1 283 
4 134 229 342 508 
10 38 57 144 239 252 311 315 419 552 569 
2 307 470 
2 365 409 
5 39 48 73 179 416 
3 174 259 502 
4 214 321 366 401 
5 134 195 196 230 345 
5 76 256 332 360 369 
4 192 226 309 561 
6 4 106 413 434 486 496 
8 33 96 146 168 220 303 474 532 
5 2 186 272 483 569 
3 229 469 538 
7 76 129 152 195 395 457 494 
5 48 65 75 455 471 
4 119 124 244 558 
6 61 130 331 353 486 506 
5 80 143 239 317 482 
3 71 390 556 
5 287 446 546 550 565 
5 37 231 500 512 550 
3 11 364 415 
6 3 93 304 331 488 515 
5 23 156 292 412 555 
6 46 307 382 463 491 521 
1 305 
2 179 513 
4 204 460 544 552 
4 60 114 139 280 
7 180 223 290 423 440 471 488 
2 29 177 
3 46 225 231 
8 116 213 222 237 335 379 542 546 
3 61 161 427 
7 132 181 221 264 286 357 465 
6 28 58 151 185 400 512 
9 63 103 104 208 231 292 386 483 512 
9 33 55 248 415 430 454 476 539 555 
7 48 269 348 398 414 533 556 
4 175 380 505 555 
3 62 208 456 
3 172 226 358 
5 98 206 377 449 562 
2 120 313 
3 53 155 468 
5 41 47 95 279 281 
5 152 156 175 406 474 
5 70 72 228 240 286 
6 45 144 211 244 505 563 
3 326 483 536 
7 4 118 122 410 482 549 561 
5 22 109 180 185 524 
5 234 253 454 515 519 
1 414 
2 204 541 
8 68 122 261 269 305 311 533 542 
5 66 194 233 450 568 
4 21 24 307 386 
4 67 95 148 297 
4 202 438 509 533 
3 173 178 263 
4 130 202 436 451 
2 137 460 
8 165 214 218 284 297 406 535 540 
3 90 240 458 
1 255 
6 231 245 311 315 372 459 
6 70 73 457 534 549 565 
5 46 81 321 465 508 
5 236 300 339 396 518 
5 3 10 61 225 255 
5 184 196 287 338 481 
7 14 72 101 192 279 346 419 
4 163 301 358 433 
7 19 80 89 114 364 438 474 
2 349 520 
1 23 
3 70 414 429 
6 53 94 263 344 362 391 
5 268 321 417 476 480 
5 349 390 444 493 536 
5 29 170 305 441 495 
5 83 124 264 443 490 
5 215 338 360 404 439 
5 83 207 338 463 464 
9 39 113 142 242 319 327 333 334 499 
7 81 185 312 401 461 514 525 
3 23 256 461 
8 23 327 357 411 445 503 545 569 
8 73 160 270 300 319 351 483 498 
5 3 54 179 325 506 
9 14 38 46 59 303 322 353 421 496 
11 39 45 121 137 249 250 288 359 362 389 484 
4 315 378 487 550 
5 90 200 244 391 406 
6 79 193 197 216 313 562 
7 25 249 278 332 506 546 566 
10 201 206 218 324 387 423 451 509 547 565 
2 189 486 
3 162 414 456 
5 20 86 154 233 337 
6 41 105 139 374 496 509 
4 127 149 295 525 
6 39 168 196 283 456 555 
6 63 125 209 271 373 448 
5 21 98 119 394 427 
8 60 278 324 388 413 426 466 493 
2 11 469 
5 99 144 290 316 368 
4 352 386 393 475 
5 98 198 274 470 546 
9 51 92 198 230 238 281 369 399 406 
4 21 177 367 518 
4 124 181 349 459 
3 119 401 522 
3 3 302 344 
9 63 109 133 233 360 457 483 501 554 
6 14 104 142 161 390 554 
6 52 69 102 177 458 532 
7 93 118 336 386 468 478 525 
3 117 354 528 
1 466 
2 137 462 
4 168 220 337 397 
3 40 240 493 
1 381 
10 28 77 81 100 115 198 204 465 527 568 
2 85 200 
7 89 239 244 372 373 416 425 
5 249 393 467 473 542 
4 277 316 350 509 
5 34 368 372 376 445 
7 66 88 191 436 474 478 507 
2 30 100 
6 124 238 277 315 512 529 
6 295 351 397 412 413 511 
2 120 403 
4 143 224 328 463 
9 128 169 228 313 340 374 399 429 561 
4 235 300 355 565 
2 277 304 
5 83 241 446 489 556 
3 187 429 539 
3 56 65 452 
3 401 539 541 
1 491 
1 359 
4 27 138 370 428 
7 59 88 178 213 463 479 496 
2 112 280 
2 263 503 
6 29 151 168 188 346 497 
3 224 344 511 
6 26 180 280 301 352 564 
4 62 97 223 566 
4 214 308 387 495 
5 149 263 415 432 436 
3 13 289 444 
8 8 86 94 99 197 319 326 440 
8 132 201 284 287 290 293 426 457 
3 133 166 560 
2 336 389 
5 157 262 414 519 521 
5 79 137 239 327 440 
8 60 97 215 272 326 339 431 521 
4 30 409 432 506 
4 98 326 346 548 
6 218 247 324 335 404 547 
6 31 152 211 333 350 465 
6 264 278 396 409 473 487 
2 474 544 
4 148 162 367 543 
6 100 233 237 285 427 444 
6 198 260 280 396 397 470 
2 324 368 
6 50 139 271 307 377 404 
5 18 102 207 296 563 
2 493 494 
5 330 400 414 416 480 
8 1 13 131 136 332 395 415 518 
3 84 278 307 
5 201 267 288 338 392 
3 164 176 306 
7 80 188 189 251 273 286 537 
7 159 263 268 299 385 427 515 
4 151 419 472 564 
2 425 553 
5 56 95 315 530 562 
6 28 253 396 444 474 516 
6 111 347 352 473 531 568 
6 6 51 187 281 336 337 
5 41 151 433 503 566 
5 64 268 377 388 465 
570 1458
3 25 380 422 
4 8 74 333 395 
3 531 539 556 
8 48 253 272 328 341 350 396 466 
7 32 48 191 233 348 385 448 
2 378 469 
3 39 144 179 
3 70 134 296 
4 1 30 125 446 
6 38 127 160 218 226 391 
4 196 495 520 550 
5 34 90 319 426 500 
5 171 225 299 346 352 
2 186 407 
4 187 218 402 567 
5 240 258 461 518 534 
6 56 182 215 357 429 445 
5 64 103 106 178 323 
5 98 112 150 191 416 
5 109 192 413 457 508 
7 110 181 191 215 300 389 484 
1 203 
3 236 321 444 
6 93 150 175 179 186 301 
6 109 114 141 143 207 374 
6 0 39 86 194 221 358 
12 73 102 130 133 150 172 272 326 346 426 444 534 
2 77 538 
3 308 482 550 
3 52 265 554 
4 8 212 479 536 
6 78 179 249 261 321 323 
7 4 208 291 292 321 485 543 
6 101 285 293 298 386 483 
6 11 202 222 329 341 378 
9 127 142 172 206 265 367 406 480 494 
4 300 354 481 498 
5 61 126 192 292 564 
4 9 43 130 216 
5 6 25 73 195 440 
5 151 276 300 444 486 
2 141 221 
4 100 122 313 506 
6 38 48 100 211 345 377 
3 457 468 553 
9 63 198 212 252 323 395 479 531 564 
5 59 98 368 407 544 
7 68 108 168 286 321 381 423 
9 3 4 43 182 221 314 392 409 473 
7 213 247 268 303 396 447 508 
4 239 286 371 432 
7 72 110 149 330 465 506 514 
5 29 70 199 541 546 
3 93 163 170 
3 233 286 540 
8 66 265 305 361 419 456 486 560 
2 16 565 
3 178 327 418 
3 98 225 364 
7 46 126 163 167 301 357 412 
4 63 158 315 340 
7 37 102 111 251 258 356 449 
4 76 129 366 484 
5 45 60 154 351 513 
4 17 349 472 497 
4 93 171 241 468 
7 55 223 253 274 325 411 425 
4 70 250 267 568 
5 47 298 378 475 491 
3 425 447 547 
8 7 52 67 129 303 307 317 434 
8 394 429 449 463 498 516 519 566 
4 51 279 479 548 
4 26 39 335 449 
2 1 169 
4 236 305 341 363 
9 62 242 271 296 304 356 481 544 556 
3 27 182 418 
4 31 160 277 401 
4 115 130 348 357 
4 113 232 269 350 
3 312 375 434 
8 86 153 186 195 200 251 265 499 
3 87 194 369 
6 150 218 241 425 430 568 
3 125 347 386 
4 25 82 313 433 
4 83 196 223 322 
2 124 525 
6 90 188 252 322 329 391 
9 11 89 126 142 144 220 248 334 454 
5 148 188 271 359 497 
7 120 135 339 505 549 553 564 
4 23 53 65 536 
5 278 338 524 527 528 
4 269 375 469 487 
4 100 156 257 522 
7 106 148 275 394 470 512 514 
10 18 46 58 188 190 322 328 403 455 456 
5 111 200 380 396 527 
10 42 43 96 142 195 231 295 390 435 462 
7 33 184 205 279 365 392 404 
4 26 61 217 364 
4 17 175 352 480 
3 212 222 307 
4 160 246 259 420 
6 17 97 147 347 539 565 
5 211 245 249 259 538 
6 47 178 236 330 374 545 
6 19 24 226 376 454 548 
4 20 51 153 255 
8 61 99 134 156 234 443 451 518 
8 18 137 150 372 374 397 440 461 
5 80 142 146 166 560 
6 24 174 242 331 349 367 
6 79 180 207 259 314 532 
6 218 240 335 348 397 447 
2 321 360 
2 170 383 
5 278 352 398 459 525 
6 92 213 294 417 430 559 
2 156 191 
2 42 342 
3 272 273 340 
5 88 161 168 469 540 
11 8 85 126 194 208 210 238 241 419 517 530 
9 37 59 90 125 136 193 322 443 445 
5 9 35 202 224 484 
6 142 152 163 371 434 511 
10 62 70 321 368 381 428 438 518 536 558 
4 26 38 79 415 
1 470 
6 339 388 397 439 538 554 
3 26 320 416 
4 7 111 390 527 
6 92 148 154 256 333 565 
5 126 194 270 365 384 
3 112 397 413 
8 151 153 208 312 495 506 508 524 
5 163 312 360 405 516 
5 156 283 328 475 488 
6 24 41 295 392 498 541 
9 35 90 100 113 128 207 356 375 517 
2 24 223 
5 6 90 210 353 493 
3 229 309 414 
3 113 165 443 
6 106 157 282 296 391 492 
7 91 97 135 336 337 363 377 
4 51 278 463 482 
8 18 23 26 84 112 157 348 554 
7 40 138 197 203 300 352 441 
1 128 
6 82 110 138 175 184 200 
6 63 135 215 331 333 393 
5 204 224 260 328 547 
7 96 111 121 140 174 479 488 
5 147 150 401 438 561 
4 60 216 292 453 
3 175 185 356 
7 9 78 105 266 322 327 444 
2 124 480 
2 166 498 
8 53 59 128 139 184 294 484 529 
6 362 408 419 448 466 529 
6 146 200 403 439 462 547 
10 113 162 169 178 179 250 325 358 380 389 
5 59 324 467 475 483 
6 47 124 230 306 439 454 
4 74 166 191 251 
3 53 118 249 
5 12 65 425 448 462 
2 26 35 
3 214 249 361 
2 114 156 
7 23 103 153 159 230 270 494 
4 182 309 494 537 
3 213 312 422 
6 17 57 108 166 388 407 
8 6 23 31 166 190 194 281 404 
2 115 186 
8 20 231 266 294 297 362 503 566 
9 16 48 77 176 229 254 422 437 522 
3 296 319 322 
7 101 153 163 271 344 476 528 
3 159 264 503 
8 13 23 82 180 218 279 364 406 
5 14 255 283 286 376 
6 89 91 98 247 264 379 
2 306 558 
3 98 179 236 
8 4 18 20 121 169 361 423 498 
3 19 37 374 
3 126 255 471 
6 25 83 125 136 179 453 
9 39 82 100 206 245 261 310 353 541 
3 10 87 560 
4 151 258 313 483 
8 45 209 259 407 409 445 495 501 
2 52 246 
5 82 99 153 165 406 
3 266 335 485 
6 34 127 244 442 513 523 
3 21 151 210 
4 155 474 508 554 
5 101 305 382 453 524 
6 35 195 208 214 292 315 
5 24 115 142 347 386 
4 32 125 138 206 
6 198 245 284 327 362 556 
6 125 144 203 283 492 554 
9 43 107 268 321 369 380 394 439 482 
9 30 45 104 296 367 383 502 505 563 
4 49 120 177 466 
3 173 206 257 
6 16 20 154 343 373 414 
7 38 158 277 398 503 559 563 
5 102 221 242 278 438 
6 9 14 84 116 186 369 
4 318 372 376 453 
4 90 246 355 375 
6 25 41 48 217 438 463 
7 34 104 243 327 375 411 500 
6 66 87 143 444 454 505 
6 127 155 271 298 367 434 
9 12 58 240 265 315 415 424 481 506 
6 9 109 265 284 434 458 
2 233 474 
1 329 
6 145 182 288 299 341 354 
3 168 175 504 
6 100 181 287 313 321 489 
6 80 280 284 291 428 518 
5 4 54 227 272 412 
1 111 
1 479 
10 22 75 108 190 279 281 310 329 335 341 
3 401 523 539 
1 125 
5 50 388 407 487 499 
4 15 116 225 300 
6 65 84 125 331 469 477 
9 76 114 217 316 340 342 374 477 535 
4 222 271 276 457 
6 202 252 262 444 469 493 
7 107 195 209 345 376 396 469 
6 105 199 220 369 460 495 
2 49 188 
2 90 446 
8 31 107 170 173 342 383 436 499 
6 67 166 275 502 530 533 
7 61 82 169 289 298 305 363 
4 45 89 244 466 
3 3 66 499 
6 182 364 422 431 531 560 
6 110 187 193 343 364 479 
5 135 277 390 516 525 
4 96 214 303 396 
3 15 61 197 
8 105 107 115 198 314 372 464 465 
4 155 394 398 551 
4 31 195 405 511 
4 244 290 321 423 
4 305 312 364 463 
4 185 188 428 563 
6 29 35 55 82 225 226 
6 160 181 201 287 345 496 
2 67 480 
4 49 211 364 379 
5 80 95 370 371 481 
3 136 175 460 
9 76 91 184 224 243 383 428 431 522 
8 3 26 123 233 295 315 361 431 
5 123 279 283 302 561 
3 66 293 331 
4 97 250 341 356 
4 40 243 475 567 
9 78 216 256 312 354 449 470 495 530 
6 94 119 149 217 327 371 
7 72 101 186 236 273 318 562 
5 232 312 349 368 548 
3 179 236 453 
6 147 296 363 457 485 486 
5 140 187 210 273 337 
4 209 226 232 504 
2 33 419 
8 47 50 54 187 343 379 461 536 
3 231 266 399 
3 229 317 473 
3 251 304 427 
4 262 311 436 460 
3 32 232 317 
8 32 37 158 206 347 508 518 525 
6 33 274 300 379 396 433 
4 120 163 181 334 
7 100 141 272 300 317 450 558 
10 7 76 147 183 212 282 341 388 518 523 
1 181 
6 33 68 224 251 331 395 
2 12 229 
10 20 36 40 151 240 293 295 328 459 483 
8 23 59 358 393 437 478 517 558 
3 273 394 460 
8 49 70 257 367 414 496 500 568 
6 76 289 315 335 367 551 
7 55 75 205 251 263 344 345 
5 168 189 343 366 437 
5 70 104 323 384 567 
4 28 381 394 481 
5 145 176 332 368 540 
3 195 236 532 
3 290 456 514 
10 81 138 139 177 263 277 280 320 403 499 
10 42 86 197 231 345 353 439 521 535 543 
5 48 115 259 433 517 
10 60 206 225 272 304 373 377 452 478 545 
3 242 421 444 
5 70 288 291 295 371 
4 219 279 398 524 
6 11 183 342 415 420 519 
5 133 312 401 409 458 
9 22 31 32 47 117 129 211 231 262 
10 87 89 98 126 160 183 356 376 472 553 
4 17 31 45 307 
4 167 400 516 536 
2 66 166 
5 26 346 352 379 486 
7 57 160 209 222 278 532 538 
9 3 98 140 155 300 330 435 535 564 
7 34 89 228 236 389 468 533 
5 51 108 328 491 529 
8 114 154 241 274 298 337 347 388 
3 309 453 557 
4 1 135 154 498 
6 90 294 388 478 494 537 
8 73 116 201 236 304 407 408 481 
3 148 464 500 
8 148 283 331 344 346 390 426 448 
3 94 435 437 
4 92 132 383 566 
3 60 123 242 
8 3 34 75 229 236 275 296 529 
5 122 242 249 319 504 
6 215 255 286 306 550 551 
5 184 305 337 478 514 
9 43 245 266 305 313 370 517 548 560 
4 12 26 326 337 
10 85 106 207 292 331 365 380 445 516 544 
7 4 79 116 150 407 495 520 
4 64 114 280 535 
3 3 80 536 
3 63 400 440 
10 12 103 119 151 326 400 417 430 488 520 
4 144 195 313 525 
6 36 229 277 375 385 465 
2 220 395 
12 61 76 142 159 275 322 369 373 428 447 493 494 
5 16 59 79 459 523 
6 25 166 301 402 477 569 
2 91 382 
3 117 139 400 
6 55 173 191 272 403 416 
4 164 181 209 487 
5 75 148 251 282 563 
10 58 102 186 254 255 263 268 404 442 455 
7 101 136 347 414 514 523 552 
3 62 306 396 
10 35 114 212 224 303 304 368 390 434 568 
5 46 129 280 309 367 
6 83 211 218 246 356 536 
4 269 345 461 514 
6 50 128 269 278 317 390 
4 112 219 259 543 
7 215 315 356 388 404 467 564 
7 24 108 112 192 242 495 539 
8 81 95 142 220 222 354 456 557 
6 109 187 219 245 322 509 
6 43 148 315 433 445 541 
3 5 34 68 
9 188 268 286 293 326 392 403 464 512 
8 0 99 166 211 347 431 515 524 
3 47 129 308 
3 205 359 534 
7 118 212 249 271 339 391 395 
4 136 307 440 524 
4 4 354 449 502 
6 33 85 207 401 534 568 
1 509 
9 132 178 239 296 331 334 373 490 531 
6 20 166 329 428 510 522 
7 100 134 256 337 367 371 475 
5 9 89 147 383 564 
5 48 101 141 379 525 
6 154 301 428 490 522 524 
6 71 97 211 260 302 308 
6 1 45 298 355 383 507 
10 3 49 99 245 257 293 366 461 510 522 
5 112 116 132 137 414 
6 119 216 260 318 446 515 
3 287 439 496 
7 324 351 352 360 515 550 561 
5 78 157 237 320 386 
6 14 358 414 419 430 537 
6 98 165 312 361 379 443 
5 101 179 364 373 467 
4 139 261 424 446 
6 35 186 200 410 453 494 
7 13 46 178 198 239 335 348 
3 164 335 460 
3 48 198 320 
1 406 
2 66 222 
6 59 233 502 511 533 554 
2 19 137 
6 145 215 303 365 397 402 
4 130 225 319 462 
5 18 133 361 470 499 
5 120 352 472 482 540 
2 57 77 
6 55 125 164 285 402 566 
3 105 319 432 
3 316 430 493 
8 0 177 182 254 427 474 528 538 
6 47 191 262 426 531 563 
2 225 405 
5 66 69 84 171 497 
7 11 26 337 423 451 460 506 
3 289 422 499 
11 129 232 264 271 356 389 393 439 477 482 487 
3 16 71 435 
6 84 120 352 402 421 515 
6 254 271 272 380 464 523 
3 50 420 456 
6 86 293 314 377 528 534 
7 70 81 128 224 226 367 551 
6 100 328 338 429 476 489 
5 249 290 491 503 559 
4 182 301 306 338 
4 129 157 217 221 
8 132 165 168 211 313 399 428 498 
4 39 112 351 384 
2 151 493 
4 202 364 481 516 
5 111 126 146 403 544 
8 22 26 40 160 223 244 316 549 
6 16 126 198 347 377 542 
4 8 248 398 405 
4 49 69 116 356 
6 4 164 171 337 509 563 
6 61 71 73 277 385 531 
2 295 546 
3 111 426 569 
3 315 485 549 
8 158 194 205 219 281 332 406 518 
5 90 109 168 223 544 
3 98 364 485 
7 55 98 311 375 432 495 518 
4 19 44 243 282 
3 226 320 544 
3 119 300 357 
7 246 270 290 302 408 426 506 
6 15 112 286 370 396 494 
5 100 165 171 415 528 
5 71 149 221 263 494 
6 259 336 379 431 526 527 
3 51 259 354 
4 3 164 213 252 
5 167 373 404 492 507 
4 44 65 329 476 
8 5 95 124 241 244 245 480 565 
7 97 131 277 416 501 506 545 
3 193 521 527 
3 64 322 417 
3 48 288 531 
5 204 227 422 476 566 
7 68 140 167 276 390 501 547 
4 184 435 468 474 
4 241 242 358 428 
4 301 315 334 344 
7 30 45 72 156 235 255 504 
6 35 103 161 267 469 506 
7 36 76 225 269 308 335 442 
6 28 149 211 417 428 520 
4 33 167 197 300 
5 20 62 127 163 551 
6 32 201 282 452 455 527 
4 40 55 282 326 
4 95 239 362 428 
4 140 156 352 489 
3 231 435 488 
2 388 393 
3 68 330 436 
4 147 210 467 505 
7 144 244 356 421 441 509 517 
10 35 175 176 334 356 406 461 463 541 559 
10 10 138 198 246 277 348 374 456 512 562 
4 266 303 399 540 
4 64 91 425 535 
9 36 71 141 162 191 333 439 547 569 
10 82 239 249 253 312 416 427 508 551 555 
5 11 222 303 336 506 
4 198 470 475 542 
5 212 250 385 412 536 
5 181 185 216 436 562 
4 230 284 342 479 
5 92 212 223 492 541 
9 42 51 138 225 426 460 470 480 500 
2 395 467 
7 19 49 138 204 292 499 551 
4 376 387 448 493 
2 389 396 
4 128 261 412 530 
3 97 379 495 
2 63 202 
6 51 97 311 344 365 370 
5 380 398 400 430 563 
6 71 139 256 324 347 442 
6 125 142 301 314 345 493 
8 15 111 129 232 292 296 453 456 
2 71 319 
5 10 348 352 482 533 
2 313 471 
6 96 182 271 389 393 396 
6 202 237 296 357 365 431 
8 94 138 205 318 380 384 393 566 
6 88 119 256 292 353 392 
1 464 
6 94 99 134 464 471 485 
5 94 184 422 433 462 
4 163 164 330 341 
4 125 250 277 511 
8 2 45 254 388 423 449 473 546 
3 115 310 327 
4 250 329 412 520 
6 15 26 382 386 433 554 
7 242 313 328 349 497 547 559 
9 30 93 129 286 324 350 369 502 568 
3 176 334 402 
6 27 107 132 327 422 544 
4 2 106 237 374 
5 54 124 309 417 496 
6 52 141 195 377 494 505 
2 445 501 
3 32 313 372 
8 46 76 347 443 454 458 538 550 
3 108 315 470 
4 52 450 531 558 
6 69 155 165 475 498 535 
4 72 109 280 345 
3 92 444 452 
5 10 28 343 400 544 
7 260 304 343 434 484 499 508 
1 365 
3 44 92 322 
7 29 132 150 204 210 412 534 
2 499 559 
3 2 76 209 
3 332 375 566 
5 129 189 295 301 546 
6 120 216 436 494 535 555 
5 55 113 196 254 345 
3 157 273 400 
3 279 495 503 
7 212 216 264 363 423 448 515 
6 37 45 92 328 373 391 
4 56 106 135 469 
7 71 181 339 419 474 524 557 
3 14 276 307 
6 67 84 303 367 386 536 
3 358 451 498 
