60 157
5 19 30 36 40 51 
11 5 6 10 11 13 17 25 29 43 52 57 
6 9 19 24 33 46 48 
2 10 34 
4 27 39 48 49 
6 1 14 19 24 32 51 
4 1 13 35 54 
5 11 14 29 56 57 
4 13 31 53 55 
2 2 22 
9 1 3 14 15 16 24 32 39 59 
7 1 7 29 40 52 57 59 
4 18 30 42 53 
7 1 6 8 17 45 47 48 
7 5 7 10 36 37 47 53 
7 10 18 25 28 41 47 54 
3 10 17 59 
8 1 13 16 19 26 41 46 51 
5 12 15 26 29 44 
9 0 2 5 17 20 32 43 50 55 
5 19 21 41 46 57 
5 20 22 33 44 55 
5 9 21 26 39 53 
1 56 
8 2 5 10 30 34 45 49 52 
4 1 15 42 55 
3 17 18 22 
5 4 34 39 50 52 
1 15 
8 1 7 11 18 32 36 44 50 
5 0 12 24 35 38 
3 8 54 58 
6 5 10 19 29 50 51 
6 2 21 45 53 55 59 
4 3 24 27 56 
7 6 30 47 49 51 56 58 
4 0 14 29 50 
3 14 47 53 
2 30 45 
7 4 10 22 27 45 52 54 
4 0 11 51 55 
4 15 17 20 43 
3 12 25 43 
4 1 19 41 42 
4 18 21 29 54 
7 13 24 33 38 39 50 55 
5 2 17 20 48 52 
5 13 14 15 35 37 
4 2 4 13 46 
3 4 24 35 
8 19 27 29 32 36 45 51 53 
8 0 5 17 32 35 40 50 57 
7 1 11 24 27 39 46 54 
8 8 12 14 22 33 37 50 55 
7 6 15 31 39 44 52 55 
9 8 19 21 25 33 40 45 53 54 
5 7 23 34 35 58 
5 1 7 11 20 51 
3 31 35 56 
4 10 11 16 33 
60 153
1 43 
5 11 24 46 51 56 
5 3 4 10 14 39 
7 2 7 33 41 46 50 51 
7 2 8 18 38 40 46 59 
3 11 45 59 
4 17 19 27 43 
3 3 8 35 
8 4 7 13 22 25 38 42 46 
5 17 20 23 36 38 
6 2 11 24 40 57 58 
3 1 5 10 
3 16 25 58 
7 8 16 47 49 54 56 57 
4 2 21 24 57 
1 59 
6 12 13 22 25 27 43 
6 6 9 28 35 53 58 
4 4 19 33 46 
8 6 18 39 44 49 50 53 57 
4 9 29 34 48 
3 14 33 35 
7 8 16 34 35 41 42 45 
4 9 34 37 41 
7 1 10 14 43 49 51 55 
4 8 12 16 42 
4 30 36 41 46 
4 6 16 28 55 
5 17 27 34 40 46 
4 20 43 49 57 
5 26 36 51 52 59 
5 32 35 40 43 44 
1 31 
6 3 18 21 38 47 52 
5 20 22 23 28 56 
7 7 17 21 22 31 37 45 
7 9 26 30 37 40 50 53 
7 23 35 36 42 51 55 57 
4 4 8 9 33 
4 2 19 45 51 
6 4 10 28 31 36 48 
6 3 22 23 26 47 49 
6 8 22 25 37 48 56 
9 0 6 16 24 29 31 47 48 51 
7 19 31 46 53 54 55 56 
5 5 22 35 39 52 
9 1 3 4 8 18 26 28 44 51 
5 13 33 41 43 59 
4 20 40 42 43 
6 13 19 24 29 41 51 
3 3 19 36 
10 1 3 24 30 37 39 43 46 49 53 
3 30 33 45 
5 17 19 36 44 51 
2 13 44 
5 24 27 37 44 59 
6 1 13 34 42 44 59 
6 10 13 14 19 29 37 
3 10 12 17 
7 4 5 15 30 47 55 56 
