610 1451
4 59 74 214 362 
2 36 516 
5 31 126 308 559 600 
5 133 203 327 347 372 
6 102 198 226 267 561 569 
3 75 542 576 
2 106 327 
3 347 349 510 
7 31 35 215 283 287 321 417 
2 373 416 
4 47 203 313 556 
5 44 363 395 422 428 
2 109 212 
8 14 36 224 318 320 484 503 529 
4 13 83 254 328 
4 153 161 282 320 
1 283 
3 128 204 424 
0 
4 76 266 504 520 
5 182 230 237 550 583 
4 56 135 296 308 
4 119 130 419 558 
5 59 277 296 329 417 
4 57 213 400 449 
6 73 152 165 185 233 609 
5 135 285 455 546 608 
6 58 79 265 408 459 529 
8 58 70 185 244 308 469 501 570 
3 116 462 540 
4 108 203 465 478 
7 2 8 168 220 247 480 600 
5 51 54 149 299 521 
3 111 334 341 
1 411 
5 8 62 336 486 573 
5 1 13 91 349 533 
4 43 50 61 377 
6 40 250 276 336 489 545 
4 65 114 261 274 
8 38 52 119 121 179 251 286 604 
2 168 188 
3 320 364 538 
7 37 134 147 253 297 513 587 
5 11 140 231 540 586 
4 50 146 157 181 
1 52 
6 10 232 259 425 519 534 
2 262 420 
4 264 279 414 565 
5 37 45 146 156 533 
4 32 231 235 248 
5 40 46 289 498 542 
5 89 210 221 234 311 
4 32 185 302 538 
6 146 203 213 314 371 502 
8 21 89 135 207 285 343 496 533 
10 24 132 151 168 205 335 412 434 483 547 
5 27 28 131 245 445 
6 0 23 83 151 163 410 
6 195 266 352 367 372 496 
6 37 102 376 425 518 594 
3 35 332 475 
3 90 427 573 
4 86 288 445 529 
9 39 66 136 146 246 256 329 349 359 
5 65 218 465 529 593 
2 239 264 
6 150 214 236 367 525 572 
3 317 387 439 
6 28 71 459 538 557 563 
1 70 
1 93 
5 25 276 346 507 575 
11 0 132 189 255 276 287 348 383 440 549 569 
7 5 129 295 311 388 406 446 
4 19 101 118 259 
7 95 310 312 369 507 565 600 
1 362 
5 27 125 353 452 589 
3 190 248 523 
3 260 267 482 
5 130 146 256 552 606 
6 14 59 219 282 495 525 
4 239 332 358 579 
6 115 190 222 238 244 448 
3 64 312 409 
3 321 558 564 
4 241 254 383 508 
3 53 56 159 
3 63 256 511 
5 36 160 165 221 508 
3 116 166 603 
5 72 94 133 425 501 
5 93 191 264 499 557 
6 77 252 298 327 369 562 
5 117 150 214 321 402 
5 190 338 436 567 603 
3 104 116 432 
5 411 461 465 518 536 
3 445 451 604 
4 76 161 276 479 
2 4 61 
6 138 177 249 263 313 555 
6 98 114 166 278 302 442 
2 247 382 
5 6 385 468 498 537 
4 127 180 207 242 
5 30 281 538 579 605 
4 12 162 231 577 
6 168 177 321 381 442 555 
8 33 150 228 286 323 382 423 554 
3 378 462 467 
1 183 
6 39 104 327 394 425 446 
5 85 183 366 465 601 
5 29 92 98 447 502 
4 96 264 528 596 
8 76 250 314 398 434 457 461 565 
5 22 40 255 517 562 
3 251 257 390 
4 40 141 433 558 
7 261 277 279 302 464 508 590 
4 134 210 296 303 
2 439 542 
5 79 127 374 412 436 
6 2 206 236 266 307 453 
6 107 125 240 360 504 551 
4 17 143 217 403 
4 75 185 273 385 
7 22 82 175 298 332 452 484 
5 58 154 247 332 452 
8 57 74 263 311 371 508 509 576 
6 3 93 458 462 550 609 
4 43 123 169 562 
5 21 26 56 385 586 
6 65 226 371 404 430 577 
1 159 
7 103 144 234 250 520 554 560 
3 329 362 484 
4 44 171 590 597 
3 121 310 485 
3 201 401 593 
3 128 150 333 
3 138 213 382 
4 322 355 401 592 
8 45 50 55 65 82 272 443 550 
8 43 188 218 273 291 333 417 512 
1 569 
7 32 187 265 467 484 527 567 
6 68 96 111 143 320 605 
7 57 59 279 296 395 448 466 
5 25 190 276 282 328 
8 15 179 273 387 480 500 528 580 
5 131 316 460 561 593 
5 171 223 248 258 348 
3 50 465 562 
3 45 198 433 
7 162 334 362 382 436 481 501 
5 89 137 431 480 487 
3 91 567 588 
7 15 101 190 359 441 447 534 
7 109 158 269 333 421 500 605 
6 59 197 220 243 307 434 
6 190 212 314 437 513 583 
4 25 91 218 484 
2 92 104 
2 449 576 
7 31 41 57 110 356 372 407 
3 134 249 275 
3 349 397 444 
5 140 155 301 333 407 
3 191 276 396 
3 243 283 546 
2 200 364 
3 130 393 551 
2 296 503 
5 103 110 188 195 561 
4 195 227 356 591 
7 40 153 224 434 547 548 563 
2 107 181 
7 45 180 236 413 446 563 577 
7 20 212 357 419 441 576 585 
6 113 115 260 262 498 563 
4 433 438 534 561 
6 25 28 54 129 209 335 
2 346 429 
5 149 411 503 592 608 
7 41 147 177 217 307 571 573 
5 74 200 311 469 505 
7 80 85 97 152 161 164 553 
4 94 172 255 335 
3 262 415 531 
7 243 268 327 385 477 594 602 
5 214 240 344 425 478 
5 60 177 178 295 461 
3 332 553 587 
2 163 245 
6 4 157 306 376 489 600 
1 338 
5 174 189 274 517 546 
4 142 209 334 490 
6 255 270 313 436 493 532 
8 3 10 30 55 330 345 367 440 
2 17 243 
8 57 246 320 411 480 525 549 568 
6 126 209 222 448 524 555 
8 56 107 258 416 505 516 521 551 
0 
9 185 201 206 295 305 413 457 473 529 
7 53 123 230 245 345 497 589 
1 368 
6 12 164 182 234 438 529 
9 24 55 144 273 315 332 393 543 566 
8 0 68 96 194 367 384 495 530 
4 8 349 366 426 
1 378 
6 128 188 257 371 375 471 
9 66 147 165 384 388 447 480 526 560 
4 83 340 355 432 
4 31 163 549 592 
7 53 91 401 438 505 515 592 
4 85 206 580 584 
4 155 231 362 513 
4 13 179 274 537 
1 287 
5 4 136 272 408 521 
3 178 443 532 
5 111 300 318 406 486 
1 543 
6 20 210 245 249 553 577 
6 44 51 109 223 404 491 
4 47 300 429 490 
4 25 286 314 528 
6 53 138 212 375 447 481 
5 51 262 310 397 477 
4 68 126 181 377 
2 20 573 
5 85 251 401 506 514 
5 67 84 290 307 526 
5 127 194 271 389 584 
5 88 287 420 573 605 
3 107 275 521 
6 163 173 193 204 377 534 
4 28 85 421 461 
8 58 197 210 230 362 547 551 557 
7 65 205 327 441 451 514 525 
6 31 105 131 318 345 590 
8 51 80 155 350 354 374 534 600 
4 103 169 230 319 
5 38 118 138 341 446 
7 40 120 238 267 333 429 463 
5 95 369 405 514 527 
4 43 307 425 565 
8 14 88 282 286 324 424 513 584 
8 74 119 191 202 415 451 519 566 
5 65 82 90 292 343 
5 120 217 376 410 423 
4 155 207 279 471 
2 47 76 
7 81 183 264 297 359 371 418 
5 39 122 263 417 422 
5 48 183 192 235 537 
6 103 132 261 391 545 565 
8 49 67 94 117 260 270 472 552 
6 27 149 297 437 571 598 
6 19 60 126 336 479 532 
7 4 81 251 308 457 487 513 
4 193 315 536 580 
7 162 277 300 333 451 456 532 
4 202 264 353 466 
4 240 369 580 586 
6 146 226 300 355 366 514 
7 129 147 153 213 307 520 572 
6 39 200 224 280 335 362 
9 169 242 317 383 410 451 504 544 551 
9 38 73 74 101 152 172 345 367 506 
5 23 122 269 373 378 
5 104 302 412 416 485 
7 49 122 151 258 499 562 573 
2 274 503 
1 108 
6 15 83 152 254 415 422 
7 8 16 173 458 567 573 575 
4 411 414 489 526 
3 26 56 380 
5 40 111 233 254 577 
6 8 74 225 241 337 559 
4 64 327 410 552 
3 52 315 467 
3 239 329 464 
6 147 331 373 402 544 567 
5 256 317 350 442 539 
3 341 436 480 
1 324 
5 75 195 209 326 547 
7 21 23 123 151 176 543 580 
4 43 260 265 383 
5 95 130 361 440 455 
3 32 390 460 
7 228 232 269 272 408 413 446 
5 171 374 412 551 597 
8 54 104 122 278 481 525 561 604 
2 123 373 
2 312 545 
2 209 561 
4 198 312 476 508 
8 126 163 188 239 253 273 489 559 
6 2 21 28 267 334 367 
3 444 458 565 
5 77 141 235 499 552 
7 53 75 132 189 378 386 592 
5 77 86 304 306 604 
7 10 103 202 367 505 528 604 
5 55 118 164 233 413 
5 213 268 289 354 400 
3 154 440 609 
6 69 275 292 341 509 546 
3 13 228 247 
5 249 345 448 581 598 
7 13 15 42 150 205 401 530 
4 8 87 96 110 
3 145 425 511 
1 111 
2 254 294 
5 371 406 427 479 489 
4 295 366 424 556 
12 3 6 95 114 193 246 288 360 440 509 545 607 
4 14 152 363 502 
6 23 65 139 290 502 606 
3 203 347 498 
3 291 468 531 
13 62 84 130 131 196 213 354 358 373 480 492 530 566 
8 143 147 162 171 251 269 533 560 
8 33 158 201 308 351 494 570 598 
5 57 185 191 274 354 
6 35 38 266 406 518 602 
6 287 338 536 553 584 601 
3 97 199 337 
2 597 601 
3 219 372 568 
5 33 250 293 317 504 
7 393 451 466 490 512 575 591 
5 56 256 457 480 582 
3 194 367 420 
7 203 210 247 276 319 450 563 
3 73 186 503 
4 3 7 330 540 
3 74 155 599 
9 7 36 65 170 215 397 460 513 601 
6 248 292 409 421 525 595 
3 334 398 402 
4 60 444 573 582 
3 79 270 370 
7 248 315 332 335 505 576 600 
4 145 219 272 527 
3 168 178 413 
4 182 365 370 416 
4 84 332 419 542 
9 65 161 260 369 384 400 424 467 600 
3 127 327 557 
1 298 
9 0 78 139 158 223 245 274 412 575 
2 11 328 
4 42 174 498 502 
5 357 383 426 496 601 
6 115 215 272 326 548 549 
11 60 68 203 214 276 308 313 344 449 570 581 
4 211 527 569 593 
9 77 95 252 271 359 370 385 495 586 
6 353 357 369 435 537 600 
7 55 132 136 217 260 325 569 
10 3 60 168 340 412 432 470 508 526 541 
7 9 277 291 303 332 591 604 
5 125 248 301 475 594 
3 217 234 559 
3 61 198 257 
3 37 236 243 
6 112 216 277 311 383 544 
3 446 499 574 
4 285 397 463 538 
1 110 
6 105 111 144 158 493 534 
8 74 88 275 297 365 378 474 503 
5 214 218 359 519 536 
6 106 129 135 193 369 566 
3 311 400 527 
4 69 153 402 404 
2 75 218 
2 240 413 
5 120 299 395 554 578 
2 263 556 
3 439 461 490 
3 175 213 342 
3 114 414 456 
5 11 151 390 396 462 
4 172 395 508 570 
4 170 235 349 380 
2 118 351 
0 
8 24 315 359 386 431 439 456 514 
10 142 145 221 238 320 511 530 586 599 608 
6 96 291 351 387 447 517 
4 128 442 458 601 
6 136 231 387 438 553 590 
1 252 
4 75 228 325 336 
3 168 171 538 
5 27 226 300 428 561 
4 86 350 466 501 
4 59 257 275 288 
6 34 99 187 205 284 557 
8 57 125 278 301 362 372 424 586 
6 181 209 300 314 356 389 
5 49 284 394 490 585 
3 192 255 282 
5 9 207 278 357 519 
7 8 23 147 261 479 568 601 
3 260 468 476 
4 22 182 358 451 
3 48 241 344 
4 162 244 350 438 
6 11 261 282 550 575 605 
4 111 257 461 517 
6 17 254 326 359 412 561 
9 47 61 93 114 194 253 322 484 558 
3 215 365 603 
6 63 325 475 549 596 602 
2 11 408 
3 186 232 251 
1 136 
3 159 400 495 
3 98 219 372 
5 121 157 184 477 508 
5 57 118 163 179 517 
1 370 
7 97 125 158 202 293 562 580 
2 164 265 
8 184 212 221 404 421 497 513 588 
6 69 124 392 400 544 577 
6 74 203 298 316 327 550 
5 161 182 246 454 470 
8 104 110 292 403 474 513 516 588 
3 146 227 567 
3 170 309 352 
5 58 64 100 564 578 
7 75 114 181 250 300 379 494 
6 116 161 218 234 402 557 
4 85 151 206 319 
5 24 167 367 479 562 
1 345 
10 100 246 255 269 275 342 419 466 510 561 
4 79 130 131 555 
4 126 470 480 504 
2 441 523 
3 26 298 464 
4 269 394 400 578 
4 118 209 267 343 
4 133 283 309 403 
2 27 70 
4 154 299 349 556 
7 99 118 195 244 392 423 493 
4 29 112 133 395 
6 251 380 518 575 600 604 
5 122 290 455 466 581 
5 30 66 99 115 156 
6 151 270 342 409 451 464 
7 112 149 289 359 505 510 537 
3 106 331 418 
3 28 189 489 
5 372 441 453 559 606 
4 217 258 576 603 
2 264 603 
1 209 
3 383 442 590 
7 62 374 427 485 513 533 555 
4 306 418 576 596 
4 193 235 433 562 
4 30 194 521 606 
5 101 266 325 417 449 
9 31 153 159 205 218 293 332 343 453 
3 158 234 302 
2 81 553 
1 57 
6 13 130 139 149 165 425 
4 141 278 475 489 
2 35 228 
3 159 267 528 
0 
8 38 198 284 307 325 469 485 500 
5 201 232 342 392 414 
2 231 552 
1 332 
4 202 382 461 516 
2 334 446 
4 83 214 369 431 
4 56 60 365 578 
3 210 438 567 
9 52 106 183 330 364 526 538 598 600 
4 94 279 310 379 
3 153 162 489 
4 28 93 158 409 
6 55 116 328 329 364 588 
9 13 176 187 280 346 383 565 566 595 
5 19 127 275 341 453 
8 189 207 221 313 354 467 550 608 
3 238 276 599 
2 73 77 
11 88 91 122 132 306 372 396 433 580 588 593 
4 132 317 327 581 
4 7 451 467 579 
3 90 322 401 
2 147 342 
11 43 164 223 254 267 349 438 442 475 542 562 
7 238 246 252 272 400 574 586 
2 221 529 
4 1 207 442 493 
5 119 200 402 423 434 
7 61 99 336 463 536 551 581 
6 47 255 384 416 525 584 
4 19 138 273 597 
6 32 207 226 242 478 548 
2 535 549 
2 80 454 
1 206 
7 68 83 205 246 302 350 519 
7 218 239 284 372 498 550 604 
5 149 252 355 368 386 
7 117 153 233 313 487 568 585 
8 13 27 64 66 209 212 515 600 
5 214 320 332 401 586 
3 192 331 574 
5 202 227 266 269 597 
5 36 50 56 333 475 
6 47 161 184 243 248 382 
1 522 
7 99 268 337 384 518 571 581 
6 106 224 262 370 467 596 
7 42 54 70 108 380 407 498 
2 292 541 
3 29 44 347 
2 372 539 
5 5 52 124 358 513 
3 213 229 296 
5 275 291 378 439 593 
4 38 263 304 327 
5 26 173 200 317 588 
4 57 179 245 295 
3 179 366 521 
6 74 205 220 366 427 522 
8 20 133 146 422 440 505 526 591 
7 127 175 207 245 275 301 518 
5 82 264 288 310 491 
6 190 196 230 337 404 482 
4 111 138 390 605 
5 103 110 206 452 475 
4 10 326 391 460 
8 70 94 245 360 411 447 571 595 
4 22 87 121 425 
5 2 287 307 375 470 
4 138 218 333 589 
10 4 154 177 184 302 305 408 424 451 583 
9 95 119 134 156 279 436 449 477 513 
5 70 179 181 183 345 
2 87 445 
8 49 77 118 253 263 309 503 584 
5 213 255 332 385 503 
8 97 149 160 283 291 443 497 579 
4 205 340 417 528 
5 4 74 148 368 371 
4 28 334 367 396 
4 188 265 536 557 
2 68 273 
8 35 63 188 237 241 279 283 352 
3 379 514 531 
6 73 283 342 362 422 463 
7 5 132 167 182 354 471 476 
6 109 136 181 230 286 439 
5 390 445 456 496 589 
5 84 108 510 567 581 
7 153 222 268 271 296 436 508 
7 319 367 464 509 518 536 579 
2 343 352 
3 20 164 561 
6 222 240 254 337 519 565 
3 182 414 528 
9 44 135 271 369 401 412 514 530 590 
2 43 196 
6 160 438 442 502 508 546 
4 79 210 560 578 
6 122 140 247 404 474 586 
4 178 342 373 550 
5 145 187 220 221 311 
6 66 142 154 368 508 544 
3 61 193 374 
3 350 503 557 
5 117 427 476 537 608 
5 140 301 339 520 532 
4 265 319 334 498 
3 348 401 506 
11 2 31 77 198 248 354 359 370 463 498 529 
7 115 337 339 349 365 403 417 
3 193 336 427 
5 92 97 426 471 472 
9 40 100 302 312 313 373 463 526 608 
6 108 150 162 241 422 554 
4 82 329 470 478 
1 327 
6 26 187 401 505 596 604 
3 25 133 316 
610 1594
4 41 152 286 318 
6 315 326 411 445 580 594 
8 27 98 170 254 306 339 357 396 
9 60 99 236 282 322 382 500 535 595 
6 32 312 351 444 522 603 
7 259 293 314 349 442 493 554 
6 201 248 333 394 552 590 
7 27 208 343 384 392 465 594 
5 335 340 403 473 480 
2 458 511 
6 166 206 405 445 501 596 
2 28 102 
4 23 297 388 579 
5 110 249 521 558 562 
5 101 157 212 372 467 
7 30 55 325 334 474 481 579 
4 79 213 266 503 
4 29 205 402 564 
4 314 437 462 562 
2 120 347 
7 46 67 204 218 365 545 562 
2 275 506 
4 96 112 546 568 
6 12 82 163 337 341 468 
7 341 376 396 445 463 466 513 
3 139 339 408 
2 222 437 
6 2 7 416 485 521 543 
6 11 363 388 396 448 573 
5 17 56 68 186 422 
6 15 76 193 317 521 536 
4 176 185 430 586 
4 4 90 540 603 
7 86 225 292 325 334 390 404 
4 63 137 244 419 
6 111 179 386 391 529 570 
2 219 258 
5 96 216 461 488 587 
1 299 
6 175 273 337 407 414 476 
6 121 137 139 243 329 449 
7 0 53 176 264 402 502 517 
4 154 320 364 379 
3 261 478 538 
7 159 162 163 378 484 578 596 
4 118 174 275 596 
9 20 75 202 321 397 439 441 586 588 
5 158 239 292 417 506 
8 125 141 272 356 409 445 509 604 
8 89 116 306 327 401 487 514 526 
2 247 394 
3 113 290 418 
6 58 68 153 470 556 569 
4 41 174 364 564 
6 201 227 335 369 373 383 
7 15 108 209 267 361 405 576 
6 29 164 314 392 486 550 
4 100 437 459 537 
9 52 195 203 270 346 359 581 583 606 
5 99 120 257 261 281 
7 3 126 195 263 352 370 388 
6 107 134 186 241 459 598 
5 73 181 230 280 606 
3 34 99 360 
3 373 493 554 
7 76 213 294 417 430 559 604 
1 96 
5 20 152 528 529 596 
3 29 52 321 
11 89 160 190 258 272 274 302 305 483 581 594 
5 104 161 290 411 413 
6 74 96 356 455 465 476 
5 210 287 537 584 597 
7 62 108 118 198 216 238 534 
1 71 
7 46 264 313 322 364 463 479 
4 30 65 148 244 
6 121 258 313 319 421 498 
4 199 337 432 451 
5 16 366 382 551 553 
6 183 366 377 379 395 464 
7 85 133 178 289 358 485 530 
6 23 150 163 398 495 601 
5 118 211 360 379 521 
2 128 540 
5 81 159 299 459 539 
4 33 121 295 573 
5 187 312 326 421 522 
4 266 267 293 307 
7 49 69 108 293 312 406 597 
7 32 284 345 351 448 500 589 
0 
4 121 130 146 576 
7 176 178 238 463 483 519 587 
2 291 331 
4 122 131 456 493 
10 22 37 66 71 103 169 245 406 538 548 
3 207 526 587 
2 2 193 
5 3 59 63 127 552 
5 57 135 245 435 480 
7 14 210 256 267 296 314 452 
13 11 148 184 207 292 317 326 327 398 473 506 528 537 
5 96 368 511 519 527 
7 70 170 246 379 394 531 591 
1 484 
3 555 578 592 
1 61 
5 55 73 89 134 281 
2 439 479 
5 13 204 285 412 597 
5 35 142 210 309 419 
6 22 279 298 471 475 562 
3 51 189 360 
6 298 333 361 364 429 570 
6 139 189 214 382 397 482 
6 49 149 172 175 509 582 
3 222 274 394 
8 45 73 83 142 240 301 386 428 
5 169 197 290 542 559 
4 19 59 185 492 
6 40 77 86 92 256 313 
3 95 329 466 
2 233 490 
2 221 578 
7 48 221 260 276 325 368 556 
4 60 465 535 590 
5 99 375 425 573 575 
3 84 180 186 
2 350 578 
4 92 168 318 444 
5 95 164 235 245 298 
3 450 484 530 
9 81 169 246 317 388 435 441 519 542 
3 61 108 500 
2 100 606 
3 172 215 444 
10 34 40 267 329 401 454 502 513 527 572 
7 144 315 386 402 521 524 582 
5 25 40 115 371 517 
2 488 518 
7 48 307 428 533 589 593 603 
5 111 118 157 193 353 
5 169 468 522 526 603 
3 138 280 389 
3 356 508 592 
6 92 177 213 302 592 602 
5 191 302 329 398 465 
10 76 102 154 179 229 329 395 420 522 541 
4 116 231 255 372 
3 82 154 350 
3 202 244 257 
6 0 67 289 410 436 444 
7 52 156 284 288 295 432 522 
5 42 148 150 157 297 
1 579 
7 153 259 261 290 309 315 321 
6 14 142 154 261 383 399 
5 47 458 477 557 569 
4 44 85 249 608 
6 69 305 471 495 497 529 
6 70 184 242 304 309 490 
7 44 163 173 355 380 404 580 
9 23 44 82 162 165 258 481 572 607 
2 56 131 
4 163 312 528 569 
7 10 179 242 337 564 592 595 
4 227 236 243 301 
2 130 280 
10 96 119 133 143 189 369 427 436 536 565 
7 2 104 223 244 359 470 583 
4 271 280 370 463 
3 116 136 565 
6 162 187 279 280 518 522 
6 45 53 240 402 508 594 
7 39 116 191 293 481 488 540 
5 31 41 93 206 476 
4 146 179 510 568 
4 81 93 288 574 
6 35 148 166 177 329 344 
5 128 206 207 317 595 
6 62 388 433 436 527 597 
6 190 236 306 450 454 473 
4 80 306 333 371 
4 102 161 250 265 
10 31 120 253 345 382 424 519 540 565 600 
5 29 61 128 309 546 
6 87 173 368 407 444 463 
3 222 415 545 
8 113 115 169 192 286 314 315 452 
3 69 182 485 
6 147 175 266 473 509 591 
4 189 249 394 593 
5 30 98 142 444 567 
4 315 440 464 599 
3 58 60 492 
5 257 308 387 404 441 
5 119 205 445 462 595 
6 73 292 348 395 525 530 
3 78 471 535 
1 598 
8 6 54 321 345 488 523 567 608 
6 46 151 240 281 384 450 
8 58 217 264 346 418 430 450 482 
7 20 110 261 318 319 580 603 
5 17 197 270 418 479 
8 10 176 180 259 334 434 545 581 
5 97 102 180 351 602 
5 7 383 441 504 587 
7 55 283 385 393 479 561 583 
8 72 101 111 329 413 523 527 602 
5 83 230 297 426 449 
3 14 231 509 
8 16 65 146 239 307 380 385 484 
4 115 220 228 277 
5 136 276 296 392 473 
5 37 73 418 534 554 
4 203 459 492 599 
4 20 496 502 535 
7 36 250 350 379 444 523 588 
5 214 434 480 490 531 
4 124 125 445 549 
7 26 117 188 339 464 554 570 
5 170 227 331 332 405 
7 236 272 348 350 394 430 452 
4 33 286 288 464 
1 264 
5 54 167 223 302 504 
5 214 395 396 548 584 
5 148 284 431 462 474 
7 62 211 345 360 425 496 524 
5 149 212 318 343 578 
3 421 503 543 
5 123 344 361 374 432 
5 310 375 385 465 609 
6 131 422 426 481 546 547 
8 3 167 182 224 351 415 505 580 
3 300 323 550 
4 73 93 390 403 
4 47 213 311 593 
9 118 174 202 270 308 321 484 584 593 
6 61 254 301 475 497 541 
3 161 166 308 
5 40 167 311 435 562 
7 34 76 151 170 547 588 604 
7 96 100 131 303 400 526 570 
5 104 133 318 419 564 
4 50 318 330 426 
7 6 297 308 369 417 525 609 
4 13 159 192 258 
6 184 219 284 327 331 561 
4 287 396 449 531 
3 307 341 464 
6 185 270 311 388 470 482 
4 2 241 259 526 
5 149 310 389 451 485 
3 101 121 591 
7 59 151 196 288 300 364 567 
8 36 69 77 163 249 285 379 436 
10 5 156 206 254 274 309 320 508 513 524 
3 125 282 354 
10 43 59 156 157 204 316 338 465 508 549 
0 
1 60 
8 41 75 203 226 476 485 507 528 
2 184 557 
8 16 88 191 375 404 529 539 597 
5 55 88 101 137 582 
4 402 465 546 593 
5 307 317 351 456 488 
8 58 205 240 253 372 469 478 524 
7 171 321 402 440 445 450 538 
6 48 69 224 420 507 566 
4 39 300 508 514 
9 69 117 259 331 390 403 538 550 606 
3 21 45 604 
3 125 215 523 
4 214 306 341 495 
2 294 411 
5 112 173 414 468 556 
8 62 144 168 171 173 361 502 599 
5 59 108 202 497 552 
4 3 260 348 371 
4 209 294 475 571 
7 90 153 229 250 459 596 597 
4 110 258 547 562 
9 0 189 225 309 413 498 533 538 577 
6 72 251 329 335 532 572 
7 153 178 225 257 341 370 416 
4 81 152 419 510 
6 51 70 119 156 380 582 
2 94 532 
5 33 47 102 198 545 
10 5 88 89 175 309 317 416 461 511 562 
9 65 278 283 314 397 428 471 475 599 
5 86 153 346 438 546 
4 101 215 429 585 
5 12 154 211 248 528 
4 112 114 131 442 
3 38 85 351 
7 237 257 273 309 425 464 545 
5 118 167 241 408 463 
7 69 146 147 227 319 351 491 
6 245 309 410 444 492 502 
6 161 326 454 463 465 526 
3 69 160 366 
6 2 49 182 183 277 419 
9 88 141 213 252 269 376 422 496 497 
5 196 240 242 248 476 
10 111 156 161 186 259 286 293 300 303 562 
5 234 255 317 409 452 
5 239 243 253 468 576 
7 4 87 89 165 457 522 585 
5 75 77 121 371 544 
6 5 18 56 101 189 294 
6 1 138 156 189 194 417 
4 261 355 509 544 
7 30 102 133 180 269 293 310 
8 0 130 204 231 246 247 513 563 
5 77 204 302 449 518 
8 42 259 327 411 417 449 497 553 
9 46 68 156 201 240 271 464 503 585 
4 3 75 390 393 
2 237 412 
2 416 515 
3 15 33 125 
6 1 87 102 304 346 481 
6 49 102 250 320 460 509 
2 348 603 
12 40 122 137 147 148 179 210 287 419 467 529 595 
1 247 
8 94 223 250 274 446 464 534 581 
2 223 384 
5 6 114 183 513 523 
5 15 33 206 383 389 
5 8 54 287 379 569 
3 472 552 566 
5 23 39 78 166 498 
3 261 366 599 
7 2 25 222 381 411 457 495 
4 8 365 458 515 
6 23 24 252 277 288 428 
2 376 515 
7 7 231 394 403 481 486 554 
7 179 233 367 377 416 488 564 
7 90 185 201 230 508 528 548 
5 58 203 295 326 551 
4 19 377 510 529 
6 198 224 282 328 422 427 
4 5 493 552 608 
5 129 150 219 224 597 
9 4 90 207 236 269 299 302 440 448 
4 60 354 477 564 
3 142 371 559 
3 260 352 419 
6 162 316 479 573 579 598 
5 48 71 145 366 367 
2 2 452 
5 81 412 543 571 574 
5 58 170 418 450 550 
6 63 83 113 230 375 540 
5 55 114 233 280 542 
3 366 377 564 
5 28 395 414 472 560 
6 42 53 75 114 257 464 
6 20 340 493 514 542 545 
8 79 80 305 338 356 362 402 411 
4 344 356 384 524 
5 103 125 187 378 512 
6 54 169 248 467 503 603 
4 60 171 288 380 
7 139 183 282 313 353 544 572 
5 14 149 270 420 468 
3 54 64 506 
2 233 414 
6 127 234 266 360 465 553 
6 24 307 342 458 468 580 
5 80 344 347 362 531 
3 44 368 560 
10 42 80 83 104 219 258 335 482 529 590 
6 162 213 290 370 421 505 
6 339 430 467 492 513 595 
9 3 79 115 185 404 493 550 552 573 
4 54 157 208 334 
4 7 202 332 367 
5 209 213 234 520 572 
4 35 118 138 531 
1 196 
10 12 28 60 133 181 253 531 561 562 578 
5 144 255 334 391 607 
5 33 238 274 322 519 
6 35 389 434 445 493 521 
6 7 56 215 503 566 578 
4 209 322 512 575 
9 6 50 104 117 192 224 343 432 526 
10 80 148 198 228 363 429 495 509 587 602 
9 2 24 28 228 251 434 550 579 583 
5 46 115 294 514 603 
6 82 102 147 446 470 534 
2 157 475 
2 245 599 
6 49 137 427 504 518 587 
10 17 41 138 174 268 271 366 439 468 607 
6 8 238 274 343 471 538 
5 33 162 196 266 382 
4 10 55 223 544 
3 89 96 550 
5 39 187 550 556 601 
2 25 301 
3 48 310 458 
7 152 303 419 429 477 532 593 
8 1 70 278 320 339 366 430 440 
4 110 323 358 516 
4 70 210 286 505 
6 39 279 363 374 446 567 
3 188 236 529 
8 27 288 293 324 344 421 530 575 
6 47 65 248 315 320 491 
6 51 203 205 216 359 559 
12 34 111 246 289 306 329 354 410 469 497 500 558 
8 148 272 372 442 566 594 597 598 
7 77 87 232 380 416 426 506 
5 29 235 307 348 499 
0 
2 185 582 
5 127 230 300 454 515 
5 211 235 247 421 597 
6 169 348 401 478 573 599 
4 118 141 294 341 
4 114 296 395 410 
8 31 65 203 224 381 411 534 578 
3 229 444 598 
9 78 153 233 394 452 520 522 561 568 
2 181 463 
7 206 220 391 396 530 597 601 
5 100 133 243 456 517 
5 152 169 181 258 500 
3 18 26 57 
2 295 607 
3 46 109 402 
4 194 271 351 411 
4 46 133 196 208 
7 5 298 420 452 500 509 528 
0 
9 4 130 136 152 187 193 219 303 431 
11 1 10 24 48 197 221 271 391 540 545 556 
4 331 398 414 536 
0 
5 28 90 351 470 597 
6 40 211 251 319 320 568 
9 132 182 202 203 271 359 479 486 562 
3 78 255 539 
8 101 189 224 310 357 432 442 594 
2 534 546 
4 137 182 304 425 
4 71 548 565 573 
5 95 269 435 586 602 
2 312 339 
5 9 158 340 376 409 
5 57 61 85 217 284 
5 327 491 540 549 583 
2 37 293 
4 18 197 229 594 
10 24 75 93 171 187 301 304 433 585 598 
11 80 194 222 225 252 300 321 331 364 472 505 
9 7 71 126 147 234 261 268 304 375 
4 24 122 527 579 
6 14 329 369 381 551 562 
9 23 143 279 311 372 376 402 558 605 
4 270 419 535 574 
5 52 170 253 398 448 
5 112 160 199 294 403 
4 336 363 464 585 
7 8 102 182 191 215 515 596 
2 15 229 
6 112 241 283 294 399 600 
9 39 71 176 264 308 481 482 550 599 
4 158 352 410 589 
4 43 270 427 586 
7 75 109 205 209 355 450 491 
5 8 100 220 513 580 
8 15 163 175 235 326 343 476 524 
5 115 203 253 379 476 
4 69 93 495 571 
5 44 105 132 213 240 
6 27 81 190 255 264 494 
3 56 343 450 
2 49 528 
7 37 140 175 201 269 344 500 
0 
3 123 161 220 
5 302 417 460 479 520 
6 120 195 217 303 381 586 
7 5 64 95 349 365 382 391 
2 485 580 
7 82 160 277 339 395 483 573 
4 218 230 307 572 
7 160 241 281 307 320 419 511 
6 77 286 337 503 537 572 
1 422 
7 3 90 134 419 436 442 488 
2 10 507 
7 41 137 218 280 303 585 609 
7 16 232 321 369 392 498 580 
4 208 227 401 511 
4 236 380 413 464 
5 21 47 102 373 421 
4 264 272 501 533 
7 145 174 259 261 273 345 555 
8 48 116 191 212 316 327 395 442 
4 177 289 347 569 
5 9 103 293 497 504 
3 368 393 597 
7 24 137 259 318 333 381 480 
6 49 273 365 397 523 602 
5 324 340 342 425 473 
2 412 562 
4 41 139 435 532 
6 140 173 319 401 550 581 
7 93 103 133 185 390 580 592 
4 385 432 491 560 
8 13 27 30 83 138 391 584 590 
8 4 87 143 148 153 173 312 432 
6 201 210 219 276 333 514 
6 138 230 259 270 367 481 
2 198 248 
7 49 97 143 245 254 304 394 
5 103 137 181 210 466 
8 67 102 165 264 297 345 442 487 
8 35 67 160 266 329 347 379 415 
6 81 132 198 416 434 540 
6 104 220 251 377 386 388 
4 287 291 410 517 
3 141 286 507 
8 73 216 331 398 430 453 547 561 
5 3 126 199 218 469 
4 30 169 446 579 
4 57 72 102 498 
6 43 96 271 274 286 403 
4 85 266 451 559 
9 32 84 175 185 360 445 460 530 606 
3 148 241 543 
4 119 133 361 365 
4 27 232 358 541 
6 313 316 371 405 581 597 
8 20 188 206 292 300 365 445 586 
8 22 186 235 268 295 453 570 609 
4 235 244 285 534 
5 96 228 345 455 588 
4 221 261 460 555 
10 56 237 274 359 382 396 406 407 476 518 
5 79 346 467 576 584 
6 6 99 281 336 349 382 
3 79 320 375 
6 5 64 216 222 343 605 
3 106 508 549 
6 52 125 279 407 445 564 
3 158 265 560 
4 13 419 468 561 
6 65 119 353 418 539 596 
5 363 378 520 557 581 
6 209 250 388 432 534 558 
12 13 18 20 112 243 285 293 309 388 450 467 516 
2 318 585 
8 17 53 166 246 344 352 362 556 
4 169 172 185 455 
4 272 336 392 420 
4 193 201 257 414 
4 22 177 432 449 
5 52 158 165 335 510 
5 35 114 222 245 546 
3 283 358 483 
7 137 163 287 371 385 496 498 
9 28 86 127 355 382 427 455 495 600 
3 178 358 469 
3 127 393 416 
4 55 92 311 551 
1 286 
8 44 106 124 129 231 388 392 430 
8 12 15 155 355 396 466 536 603 
9 1 162 204 236 376 480 494 503 519 
7 58 69 206 331 518 544 560 
5 116 138 267 290 424 
5 58 170 209 396 460 
5 72 228 240 521 551 
7 296 312 321 463 472 502 563 
7 31 46 456 478 492 545 594 
6 37 93 97 208 395 401 
4 46 219 244 548 
4 90 141 477 599 
4 6 126 379 521 
4 104 191 256 598 
5 106 145 146 166 519 
6 141 192 239 240 268 410 
8 1 7 69 174 420 452 462 586 
7 3 166 180 197 329 381 596 
8 10 44 45 67 284 473 559 595 
13 72 89 110 181 266 284 350 420 426 434 448 512 544 
8 61 200 355 420 431 463 591 601 
9 194 217 280 294 338 400 427 476 589 
3 185 475 573 
4 82 407 434 598 
6 146 207 210 395 456 514 
9 4 32 141 143 204 328 369 397 579 
4 48 65 244 275 
2 468 554 
5 58 62 135 274 540 
4 163 389 402 438 
3 159 201 349 
4 234 248 502 546 
