620 1489
4 59 74 214 362 
2 26 506 
5 11 106 288 539 580 
5 103 173 297 317 342 
6 62 158 186 227 521 529 
3 25 492 526 
2 46 267 
5 277 279 440 562 566 
5 135 203 207 241 337 
3 283 326 556 
3 103 213 542 
5 2 253 312 318 596 
3 92 490 512 
7 94 188 190 354 373 399 548 
4 114 188 607 615 
2 132 170 
2 123 560 
1 34 
1 486 
4 76 314 330 581 
6 30 37 350 383 444 523 
4 86 98 496 507 
3 199 338 425 
6 47 66 99 187 412 568 
7 160 209 417 496 509 529 577 
4 5 359 468 618 
7 1 195 286 348 380 401 587 
8 138 189 259 369 381 496 555 619 
4 189 221 290 416 
4 172 250 397 492 
6 20 165 178 446 498 525 
6 170 290 318 321 416 566 
4 201 367 590 597 
0 
4 17 71 296 570 
4 136 223 314 572 
5 173 255 262 273 589 
5 20 241 451 477 537 
6 109 165 255 304 451 464 
6 231 298 300 358 430 465 
3 204 336 356 
1 477 
5 118 280 293 399 443 
4 83 157 275 366 
6 100 146 174 270 281 305 
1 165 
4 6 334 361 527 
5 23 49 64 353 511 
3 344 359 494 
5 47 75 215 225 602 
3 289 293 306 
3 336 545 589 
5 125 246 257 270 347 
3 210 327 563 
6 160 217 227 328 385 516 
7 92 138 210 288 346 499 536 
9 124 143 160 197 327 404 426 475 539 
4 112 226 426 614 
3 121 133 380 
8 0 154 225 311 326 331 455 609 
4 324 373 466 542 
3 269 412 573 
4 4 353 499 557 
6 203 360 444 525 595 605 
6 47 150 160 233 253 263 
3 358 422 486 
4 23 121 146 573 
5 85 107 238 396 443 
4 177 247 299 470 
4 308 387 406 412 
1 468 
1 34 
7 92 162 323 391 483 540 606 
8 81 92 153 188 245 354 374 468 
9 0 89 105 182 200 240 428 445 586 
2 49 410 
7 19 82 84 141 279 337 372 
2 123 416 
5 103 202 339 469 527 
3 262 527 534 
4 210 385 401 511 
5 73 269 323 462 525 
6 76 201 231 470 563 589 
7 43 274 334 409 441 457 463 
3 76 519 616 
2 67 516 
6 21 220 226 424 437 566 
2 159 330 
1 415 
5 74 140 307 312 368 
3 126 251 301 
4 210 217 256 548 
8 12 55 72 73 97 302 375 610 
4 351 397 426 468 
7 13 136 204 237 301 408 489 
3 265 413 511 
5 119 155 167 179 495 
6 92 462 512 516 569 587 
3 21 484 490 
5 23 123 188 303 506 
1 44 
6 141 180 252 266 316 558 
5 105 157 269 293 433 
5 3 10 78 226 361 
5 352 435 465 504 596 
5 74 102 135 162 197 
6 2 224 481 522 548 605 
5 67 162 508 598 607 
5 240 300 361 474 567 
7 38 135 193 230 289 330 461 
4 273 357 362 574 
0 
5 57 198 265 296 317 
3 225 324 460 
4 14 294 349 603 
3 363 431 576 
7 137 221 257 280 284 388 568 
4 328 373 551 557 
3 42 189 428 
7 96 220 345 535 551 553 576 
7 239 283 365 395 471 557 564 
2 58 66 
4 190 293 362 609 
9 16 77 99 151 175 428 458 488 529 
4 56 180 449 569 
6 52 219 266 339 413 599 
4 90 368 456 568 
3 345 468 502 
6 131 163 311 404 489 609 
3 407 455 515 
5 163 164 231 589 593 
4 128 193 252 287 
3 15 193 490 
5 58 318 463 496 522 
2 184 238 
7 8 105 109 210 300 316 586 
7 35 94 137 143 382 415 537 
3 116 136 211 
4 27 55 337 512 
3 215 415 607 
3 89 151 334 
4 76 101 201 370 
4 297 330 376 567 
6 56 136 234 405 512 612 
6 167 222 240 282 366 461 
2 505 583 
7 44 66 188 390 407 450 490 
2 230 515 
6 176 193 292 345 363 544 
5 160 166 212 519 613 
6 64 258 351 371 399 451 
10 123 140 174 318 419 451 483 535 560 570 
1 193 
4 73 297 394 482 
4 59 252 432 604 
6 96 168 188 242 287 307 
3 224 273 280 
6 43 102 347 368 418 587 
6 4 208 214 301 483 547 
8 87 175 254 359 397 420 443 507 
9 24 54 56 64 149 175 376 398 500 
4 165 241 311 390 
4 72 105 107 199 
3 128 130 593 
5 130 265 486 502 537 
5 30 38 45 161 365 
4 149 451 499 546 
5 96 144 389 421 495 
4 155 265 350 470 
3 303 343 606 
4 15 31 246 410 
2 425 583 
3 29 314 521 
5 3 36 192 199 565 
6 44 151 185 217 346 581 
8 123 159 160 200 523 524 539 586 
1 148 
7 68 184 361 394 511 525 587 
6 30 291 353 375 510 519 
5 96 180 182 418 483 
8 101 124 179 339 344 440 467 539 
1 227 
4 74 179 224 307 
5 275 367 456 472 502 
5 134 177 421 423 470 
3 174 305 341 
4 4 375 495 575 
2 23 487 
12 13 14 73 99 146 155 209 325 453 478 537 595 
9 27 28 118 257 374 382 409 435 539 
5 13 122 191 244 475 
3 190 213 497 
4 173 291 325 395 
7 109 131 132 148 152 441 511 
3 199 310 458 
2 26 379 
4 199 228 299 424 
8 56 105 330 345 388 511 568 607 
5 112 390 405 427 500 
6 22 162 173 194 196 288 
9 74 175 276 350 441 510 555 579 598 
8 32 82 141 224 237 463 539 570 
7 78 258 416 505 516 521 551 
2 8 63 
10 40 94 265 275 383 427 443 499 599 614 
3 300 452 544 
2 308 571 
4 8 363 454 594 
6 158 225 242 303 453 476 
6 24 188 262 279 390 425 
8 53 55 80 91 135 229 246 306 
3 137 243 514 
4 149 221 225 321 
10 10 191 219 223 282 315 361 395 565 580 
3 0 158 252 
5 49 139 354 397 594 
3 228 295 382 
7 54 91 174 355 359 392 523 
2 273 419 
4 125 213 282 416 
4 86 119 385 521 
5 28 116 212 236 540 
6 144 232 381 399 487 567 
3 35 213 608 
7 106 156 182 201 294 298 602 
8 49 59 113 208 212 232 437 524 
6 57 86 103 317 446 507 
6 4 54 181 287 315 529 
5 196 216 360 432 466 
5 210 231 279 366 446 
3 109 147 330 
6 39 82 130 229 510 559 
7 222 225 322 427 435 581 598 
3 64 431 545 
4 143 278 473 544 
4 293 446 478 515 
3 221 378 600 
3 94 201 375 
5 67 134 246 286 551 
6 120 356 360 366 499 613 
8 74 108 144 244 307 318 473 500 
7 8 37 161 367 488 492 512 
5 155 208 295 361 440 
3 211 445 550 
6 190 240 354 420 516 550 
5 73 439 475 584 597 
7 52 170 210 238 360 478 618 
6 68 318 322 360 460 549 
5 249 434 470 538 585 
3 248 294 345 
5 29 361 395 408 615 
2 90 439 
6 101 131 154 214 564 597 
6 11 64 293 305 352 545 
3 159 334 339 
3 36 38 437 
5 91 274 428 448 498 
6 52 116 189 338 418 507 
6 150 202 286 420 447 528 
4 27 311 364 482 
4 272 302 328 471 
6 334 378 415 438 589 594 
6 36 79 209 313 473 586 
2 64 471 
6 327 333 384 439 450 598 
7 95 112 164 168 204 373 586 
6 101 125 285 328 383 410 
8 6 347 413 440 481 534 574 581 
3 357 379 518 
5 61 81 102 367 372 
6 44 52 278 388 392 461 
3 457 520 531 
2 260 443 
4 36 110 156 218 
4 83 256 319 326 
7 43 183 204 344 453 459 461 
6 200 279 282 357 394 572 
1 7 
4 234 270 409 491 
8 7 76 209 229 276 373 462 545 
6 42 116 156 348 431 583 
3 44 426 561 
7 144 213 219 276 409 451 480 
8 9 120 286 309 376 409 501 598 
4 116 381 476 520 
2 266 345 
6 26 238 258 283 328 549 
5 131 155 227 526 563 
4 2 55 199 347 
5 50 109 306 385 400 
4 28 31 316 386 
6 178 192 315 320 353 589 
4 148 300 439 485 
11 42 50 102 122 235 253 350 394 430 473 548 
4 114 224 249 467 
3 216 242 376 
5 34 112 373 427 591 
5 3 142 153 301 584 
5 39 224 333 409 442 
4 68 196 499 513 
8 39 108 135 205 292 301 534 587 
8 90 94 158 297 300 393 401 607 
3 92 260 599 
7 99 169 208 342 480 503 579 
3 38 368 603 
4 44 185 253 335 
6 50 210 289 355 524 548 
6 89 155 182 240 404 441 
4 69 206 510 613 
4 283 436 453 545 
2 194 365 
6 59 128 161 259 527 613 
2 11 89 
1 262 
8 19 35 172 410 445 466 518 528 
6 213 227 291 384 442 574 
7 101 135 290 357 506 542 604 
5 3 112 226 339 478 
9 11 31 133 151 240 247 457 561 581 
2 274 432 
6 291 381 444 544 548 563 
6 31 212 372 384 422 458 
5 232 247 404 431 497 
6 72 81 344 420 448 478 
3 60 113 508 
6 188 192 326 410 418 616 
7 9 59 274 325 340 371 388 
3 53 56 264 
9 54 117 260 266 286 342 346 386 582 
1 496 
12 19 87 109 142 197 230 363 421 436 460 482 545 
5 59 405 428 530 580 
1 346 
4 264 298 354 467 
6 46 83 140 254 261 385 
2 305 400 
6 40 51 437 495 558 611 
7 8 76 138 417 484 496 600 
5 22 257 389 450 454 
8 78 125 180 254 317 473 602 611 
2 326 376 
4 185 488 559 583 
4 3 303 328 487 
5 169 350 554 559 605 
5 48 180 275 323 584 
12 119 127 148 197 249 285 433 510 525 541 565 608 
5 55 174 328 332 468 
5 52 157 267 288 402 
3 26 280 481 
2 114 374 
7 20 168 200 293 343 519 523 
6 93 150 380 423 493 598 
4 104 253 521 522 
7 47 62 178 291 398 519 530 
10 13 73 215 244 333 452 494 518 535 550 
5 217 306 396 487 575 
4 40 239 414 477 
10 110 268 276 316 422 502 522 560 598 616 
3 39 65 370 
7 25 48 159 217 396 409 515 
7 63 228 239 246 247 375 574 
7 46 103 108 177 213 242 250 
4 0 110 122 579 
6 115 148 207 330 484 616 
5 259 414 489 541 607 
4 120 165 310 428 
5 43 144 229 239 585 
7 32 183 241 269 374 540 569 
6 89 126 157 304 559 576 
2 27 580 
6 141 358 388 515 612 614 
2 150 326 
4 76 269 321 569 
7 13 60 117 265 279 296 524 
6 73 189 349 367 438 462 
9 92 178 186 237 360 414 514 536 565 
5 142 160 283 295 340 
2 435 477 
4 236 261 390 456 
4 195 268 475 537 
3 26 58 351 
4 27 222 284 320 
7 136 189 216 526 534 551 609 
5 20 204 266 578 597 
8 264 315 321 418 431 440 486 556 
8 54 80 220 289 334 453 469 612 
4 290 328 421 536 
1 69 
5 116 197 270 326 370 
4 167 338 437 528 
8 146 161 198 209 378 432 537 572 
1 72 
3 217 270 570 
3 301 408 570 
4 153 177 276 293 
6 120 192 213 250 416 511 
4 67 355 359 609 
5 29 93 159 215 539 
6 160 353 407 440 498 506 
5 13 42 150 222 451 
3 289 335 596 
3 26 80 301 
6 347 460 485 515 557 613 
0 
7 56 128 307 322 411 518 592 
4 143 198 331 606 
5 69 447 521 568 574 
3 129 146 398 
3 94 250 393 
8 83 189 278 282 283 298 359 552 
5 75 170 266 314 325 
3 404 470 501 
4 23 61 69 478 
3 95 125 267 
5 356 364 375 459 477 
6 88 136 139 261 533 549 
9 28 31 77 202 219 395 421 547 580 
5 24 337 520 592 608 
7 157 179 257 325 384 578 617 
4 151 218 420 492 
6 159 244 258 323 419 438 
7 167 184 330 386 416 566 580 
4 65 321 357 462 
3 184 351 491 
3 86 196 539 
4 22 171 209 428 
7 56 57 93 281 456 500 551 
8 198 204 232 296 510 581 591 615 
8 74 118 123 256 331 365 425 598 
1 503 
3 39 293 581 
5 115 233 280 322 384 
4 154 228 319 390 
3 102 345 600 
2 248 500 
4 104 189 232 377 
7 309 330 451 508 533 537 544 
6 86 225 255 336 389 477 
3 261 374 420 
7 245 251 264 292 469 474 501 
7 7 180 242 267 384 398 555 
5 83 193 200 307 586 
5 298 315 456 564 591 
6 42 67 159 204 272 552 
3 20 63 320 
8 74 243 314 461 490 518 538 560 
6 30 226 229 235 541 561 
4 258 406 487 577 
3 256 323 491 
1 124 
4 146 264 338 613 
8 37 38 150 151 166 282 399 436 
3 205 354 589 
5 188 208 275 309 385 
3 207 338 542 
3 59 129 591 
5 126 183 378 426 442 
4 83 271 318 555 
4 123 194 321 591 
2 275 414 
4 113 247 330 402 
7 109 144 270 275 445 518 619 
9 81 97 279 374 422 532 544 604 606 
3 83 133 201 
1 38 
3 39 104 563 
6 60 228 314 493 494 523 
5 180 294 333 535 593 
7 25 70 73 93 127 346 536 
6 78 385 439 570 578 583 
8 68 82 168 184 248 411 522 619 
3 120 260 263 
3 183 578 598 
8 234 240 262 293 339 559 571 608 
2 108 439 
6 56 190 245 379 602 617 
5 208 284 504 538 597 
7 37 41 356 377 414 437 596 
8 188 235 246 317 323 412 529 543 
0 
3 282 303 603 
4 106 267 348 519 
5 153 259 330 509 526 
7 72 151 158 179 485 550 616 
4 98 337 363 581 
3 292 402 483 
6 18 65 164 384 586 596 
6 187 222 342 355 447 551 
4 123 241 341 506 
3 94 128 364 
5 12 98 132 146 445 
4 278 423 448 506 
5 5 29 241 419 501 
2 351 466 
4 48 354 466 495 
6 96 167 186 336 494 611 
7 21 24 27 133 329 337 613 
3 191 322 515 
5 30 256 398 538 580 
6 55 62 166 204 239 299 
7 160 198 240 426 434 524 604 
4 283 411 439 492 
4 127 164 183 357 
2 303 429 
4 104 476 544 566 
2 145 202 
7 1 99 316 398 488 491 530 
5 21 159 226 257 611 
4 107 324 436 568 
3 24 482 510 
8 178 200 231 308 345 427 509 512 
9 47 80 95 177 193 197 395 538 570 
6 12 97 138 143 241 510 
1 299 
2 211 375 
7 129 147 235 359 370 402 497 
5 54 85 97 202 244 
2 548 559 
8 268 314 354 404 445 461 543 577 
7 84 149 178 350 353 481 612 
5 271 284 417 527 567 
8 4 172 202 220 352 406 540 612 
6 106 133 352 357 470 599 
8 20 175 217 350 466 555 588 606 
6 175 225 306 373 500 550 
5 30 63 81 177 345 
4 5 287 382 482 
7 46 78 79 311 520 541 580 
3 258 314 389 
7 4 24 123 227 478 536 582 
5 331 353 506 533 593 
1 271 
3 462 536 571 
5 415 436 530 545 587 
4 79 267 300 382 
4 119 151 354 467 
7 55 375 386 468 529 532 615 
8 37 136 164 188 379 390 436 572 
6 248 445 476 498 511 584 
9 2 56 175 180 189 201 397 424 582 
5 72 221 367 521 584 
4 345 364 446 527 
4 10 60 316 454 
3 478 518 613 
9 148 205 234 320 436 462 504 572 593 
8 51 233 253 279 309 330 533 554 
2 166 574 
4 158 416 553 614 
7 13 91 106 293 306 320 517 
3 247 286 415 
5 243 244 354 483 524 
8 117 119 202 238 382 426 487 586 
3 409 443 566 
3 119 547 585 
3 343 545 581 
5 27 200 440 457 523 
3 9 384 612 
5 62 117 120 402 588 
3 101 336 566 
6 231 341 343 368 473 517 
4 16 151 357 445 
4 281 318 446 570 
1 7 
6 53 82 287 320 465 592 
5 120 252 442 578 586 
5 173 213 345 375 605 
7 7 31 86 421 504 552 558 
4 108 142 222 520 
7 23 116 126 197 406 508 578 
4 97 124 367 372 
8 34 151 201 392 393 469 511 561 
3 206 473 532 
5 35 276 390 537 544 
2 61 66 
6 110 267 315 360 406 546 
4 186 355 591 596 
4 115 119 368 616 
3 24 447 518 
8 383 418 469 472 564 568 603 610 
3 200 303 362 
8 2 213 331 369 416 421 498 527 
9 19 174 232 267 318 427 430 484 554 
3 328 529 539 
5 145 171 280 341 469 
5 245 297 344 538 540 
3 248 366 553 
9 74 135 175 262 265 441 486 551 564 
6 26 97 157 177 300 533 
2 523 557 
7 36 51 82 130 261 291 452 
1 32 
6 296 427 442 455 458 575 
3 404 417 563 
5 130 163 467 530 544 
3 207 215 261 
2 63 188 
6 11 104 400 477 486 575 
6 32 245 252 383 476 599 
9 107 200 232 264 283 351 357 428 472 
6 125 204 302 522 597 611 
3 236 337 433 
0 
4 49 224 339 475 
4 114 304 480 578 
4 154 316 462 500 
4 63 106 343 565 
5 72 169 405 462 523 
6 14 107 139 197 301 364 
4 223 345 417 473 
5 59 122 128 382 396 
2 92 578 
5 336 339 495 507 599 
6 143 370 385 519 521 556 
8 149 239 308 311 402 450 496 543 
4 57 204 370 547 
4 14 250 427 536 
6 84 325 357 363 483 576 
2 418 475 
2 25 246 
3 27 461 470 
620 1614
8 56 96 295 335 391 486 516 590 
1 490 
4 147 238 429 556 
6 79 351 388 392 526 582 
5 22 182 277 434 459 
7 115 124 264 271 369 462 596 
4 36 273 391 567 
2 152 314 
5 44 167 192 292 440 
5 57 345 366 503 517 
4 55 235 252 553 
3 176 353 369 
6 196 218 318 399 573 577 
4 98 556 591 611 
7 55 73 76 123 333 533 602 
2 395 610 
1 568 
7 35 71 93 494 519 527 579 
5 103 166 178 296 532 
4 165 282 406 610 
4 26 244 253 498 
3 56 137 587 
9 4 53 112 251 318 351 360 416 430 
4 68 142 249 424 
6 95 163 370 375 513 554 
2 182 221 
6 20 38 158 403 430 529 
1 220 
9 75 173 237 307 314 376 590 606 608 
4 122 208 328 500 
6 34 122 260 360 375 579 
3 157 201 216 
6 77 294 354 540 543 544 
5 279 373 391 477 533 
5 30 49 370 412 539 
10 17 74 150 192 194 339 341 473 554 607 
6 6 149 238 418 434 565 
9 67 120 156 220 315 360 387 577 598 
6 26 91 177 204 216 496 
3 63 340 517 
4 66 263 273 358 
5 97 183 196 357 547 
7 170 362 388 496 530 534 544 
5 247 348 406 500 544 
6 8 140 281 431 509 603 
3 93 195 554 
6 59 268 276 343 419 432 
8 82 84 107 150 171 308 312 332 
6 155 224 292 381 399 417 
7 34 114 141 193 248 466 605 
5 58 166 215 265 591 
2 62 323 
4 314 434 495 561 
8 22 132 213 336 349 478 523 558 
1 591 
5 10 14 403 404 471 
6 0 21 174 482 553 583 
11 9 89 103 105 133 136 314 412 425 474 531 
5 50 99 220 222 421 
7 46 143 242 252 263 534 611 
7 302 349 362 409 499 517 539 
1 277 
5 51 519 568 577 619 
5 39 162 178 380 476 
4 330 467 522 528 
5 76 153 385 523 618 
4 40 84 529 545 
9 37 162 164 323 506 517 519 535 604 
6 23 202 250 295 475 602 
5 97 244 257 492 589 
6 146 189 282 431 450 592 
3 17 176 588 
4 184 324 484 564 
4 14 123 297 575 
6 35 166 291 305 400 501 
6 28 222 223 249 263 584 
6 14 65 226 245 339 530 
7 32 194 255 261 358 410 499 
3 525 534 550 
5 3 440 556 558 618 
4 304 324 360 428 
4 109 149 454 463 
6 47 251 288 411 477 553 
4 178 310 320 491 
4 47 66 275 336 
1 363 
3 255 347 457 
7 115 160 398 444 455 484 502 
9 109 312 348 371 456 481 490 491 562 
6 57 107 140 162 171 508 
7 122 130 138 286 362 495 510 
3 38 119 179 
0 
5 17 45 97 120 134 
2 154 301 
3 24 435 475 
6 0 176 257 384 569 612 
6 41 69 93 158 257 367 
7 13 203 222 395 399 486 609 
2 58 260 
9 174 209 237 240 305 446 509 559 584 
6 234 249 334 494 517 520 
4 337 410 542 594 
6 18 57 198 437 535 596 
5 166 208 439 467 560 
4 57 298 315 430 
3 224 476 533 
3 47 89 524 
2 150 403 
4 81 88 150 366 
4 341 380 445 488 
2 168 560 
4 22 178 445 495 
4 137 139 225 231 
3 49 370 598 
5 5 87 163 313 439 
4 134 205 215 268 
4 395 429 475 590 
7 166 237 308 355 361 439 462 
2 91 395 
5 37 93 476 515 558 
2 289 584 
12 29 30 90 149 221 274 322 333 347 392 435 606 
7 14 73 181 197 316 319 377 
3 5 141 287 
3 233 263 520 
7 148 253 309 323 344 380 540 
1 330 
6 138 192 196 273 415 524 
2 465 617 
5 90 212 260 296 385 
6 187 197 248 386 455 522 
9 53 185 210 260 360 426 451 553 572 
5 57 236 260 377 618 
2 93 116 
3 155 197 210 
6 57 216 337 363 371 539 
8 21 113 185 189 196 333 423 513 
3 90 128 172 
7 113 428 561 563 592 611 617 
4 44 89 144 536 
4 49 124 180 196 
6 23 229 248 328 340 470 
3 59 353 499 
9 140 190 214 216 248 351 409 471 476 
6 183 303 313 495 520 544 
5 70 247 278 371 594 
3 2 213 248 
3 126 371 587 
8 36 81 122 158 211 274 369 596 
10 35 47 108 109 155 158 232 241 248 306 
2 258 607 
7 7 320 378 387 487 516 613 
5 65 168 283 394 507 
5 94 168 177 267 360 
7 48 135 150 435 493 585 586 
4 37 361 365 518 
6 31 218 324 410 441 543 
8 26 97 149 150 270 277 329 428 
2 238 373 
4 87 245 303 454 
3 282 467 482 
6 63 67 89 316 317 427 
7 24 115 249 470 515 518 609 
7 67 224 244 290 360 504 527 
4 19 332 359 397 
7 18 50 74 104 118 248 263 
9 8 223 315 352 394 489 510 535 570 
5 111 153 154 251 488 
5 282 321 358 377 557 
5 42 301 431 498 592 
5 47 89 172 173 310 
4 138 171 315 514 
7 28 171 275 311 393 468 613 
3 56 100 367 
4 190 313 476 601 
5 11 71 96 182 317 
8 38 154 182 360 411 490 507 544 
7 18 63 83 112 279 519 536 
6 91 229 337 393 440 575 
3 141 487 551 
2 123 585 
11 4 25 176 177 279 303 446 481 525 566 605 
7 41 145 210 313 379 552 599 
7 72 246 318 330 350 382 566 
6 132 137 189 190 451 545 
4 260 321 504 579 
5 131 247 358 394 566 
2 386 568 
9 70 137 185 196 259 342 438 540 548 
8 144 175 185 205 287 309 454 538 
7 220 224 299 325 392 521 544 
5 8 35 128 296 574 
6 49 274 342 415 420 519 
5 35 77 225 233 282 
4 45 251 367 448 
9 12 41 128 137 141 189 363 479 499 
6 123 131 135 374 407 514 
5 103 381 387 420 525 
5 205 234 299 378 443 
4 259 305 315 356 
4 31 240 344 521 
8 68 229 319 335 378 482 483 556 
8 98 356 392 468 470 514 550 572 
4 38 375 377 553 
4 116 190 199 322 
2 329 531 
4 391 392 544 580 
6 29 104 249 396 427 439 
5 100 279 294 359 430 
6 132 135 183 221 246 481 
6 149 293 375 415 592 609 
6 130 215 273 526 591 601 
6 53 147 275 419 606 610 
6 144 260 325 326 503 567 
7 50 116 212 253 328 420 443 
7 31 38 136 144 267 478 491 
1 367 
9 12 157 248 294 332 345 508 608 617 
5 246 293 467 489 533 
5 27 37 58 191 268 
6 25 122 210 239 363 490 
7 58 75 98 443 484 500 563 
6 75 167 264 390 434 545 
8 48 106 164 191 251 396 512 524 
7 113 194 226 458 469 530 578 
4 76 225 293 377 
3 379 422 426 
5 265 349 458 511 593 
6 142 179 202 336 370 493 
6 266 307 384 466 478 610 
2 113 489 
5 150 240 319 381 415 
6 125 194 488 537 549 613 
5 101 199 431 500 594 
5 10 267 455 490 501 
6 133 306 311 322 429 501 
6 28 100 118 429 451 578 
5 2 36 159 240 281 
1 221 
8 100 201 232 238 487 496 518 539 
2 150 534 
6 59 318 347 472 482 540 
1 491 
10 20 69 164 277 340 421 468 522 532 566 
5 76 160 297 329 552 
11 184 210 219 276 285 331 466 547 585 590 595 
6 43 146 187 311 530 617 
12 49 131 142 144 147 150 166 218 305 375 583 589 
10 23 75 101 163 208 371 430 443 578 590 
3 68 277 609 
7 22 82 168 195 224 493 608 
5 10 59 276 430 560 
4 20 126 215 311 
4 279 333 421 555 
4 77 86 332 429 
4 292 347 470 493 
5 69 96 97 380 561 
3 151 296 509 
6 189 200 286 287 561 576 
13 30 99 130 132 133 186 214 287 391 476 511 516 555 
6 77 271 277 474 514 604 
2 276 322 
8 40 59 75 125 166 289 380 569 
3 5 223 416 
3 50 228 330 
7 230 307 387 395 494 539 589 
8 154 216 235 288 355 469 512 516 
7 46 116 220 289 350 442 550 
2 396 552 
2 158 458 
3 5 261 554 
2 474 590 
8 6 40 128 212 283 364 535 590 
6 122 149 193 408 440 580 
8 84 173 213 360 461 495 543 553 
9 46 246 252 262 339 467 476 478 539 
7 4 61 158 244 250 261 341 
3 146 356 615 
8 33 178 182 209 254 321 395 396 
1 337 
6 44 238 385 439 531 574 
6 19 70 161 169 194 551 
5 153 273 323 501 566 
2 294 549 
1 246 
4 90 259 344 575 
6 124 190 259 260 397 432 
2 82 267 
7 121 263 268 323 373 549 618 
7 164 387 471 477 509 557 613 
4 74 484 523 605 
5 8 48 256 370 373 
4 211 219 226 352 
6 32 209 218 284 316 415 
3 0 68 489 
6 18 130 192 258 301 611 
3 73 245 409 
6 105 343 439 487 549 615 
2 191 199 
5 384 402 472 519 599 
3 94 170 296 
5 60 369 379 514 520 
4 145 160 182 468 
5 80 343 519 599 613 
5 74 100 200 248 503 
5 150 236 329 562 614 
7 28 230 266 332 378 416 555 
5 47 118 337 394 575 
4 126 190 480 619 
7 83 171 455 464 542 547 615 
9 173 236 247 253 385 395 434 506 582 
5 47 88 483 503 523 
6 115 145 175 183 483 571 
8 7 28 52 57 399 418 572 577 
6 37 105 167 172 200 599 
5 123 162 294 355 411 
5 162 176 357 458 466 
7 12 22 184 242 328 538 601 
5 123 202 232 489 604 
3 83 152 619 
8 169 186 279 415 421 440 461 462 
5 122 205 236 262 502 
9 51 67 126 283 289 417 548 576 579 
7 72 80 157 378 410 510 584 
3 191 214 455 
4 214 412 483 494 
4 389 466 485 543 
6 29 142 215 318 340 489 
8 158 206 245 306 472 493 521 524 
7 64 127 184 265 335 344 559 
3 246 411 506 
8 47 165 218 255 307 353 548 584 
6 14 122 137 254 398 414 
3 101 531 559 
5 0 202 330 360 408 
5 53 84 229 399 542 
6 102 136 179 280 308 545 
4 352 490 500 612 
4 35 76 276 515 
5 39 142 244 328 496 
7 35 110 277 370 417 478 538 
7 189 193 345 498 535 560 581 
9 46 298 304 387 423 512 569 571 592 
4 126 201 286 330 
3 9 218 342 
2 392 444 
5 86 122 242 256 354 
7 43 88 526 556 557 573 606 
4 53 60 228 552 
6 184 268 414 547 558 606 
5 3 22 144 366 565 
7 167 293 338 361 373 523 586 
6 11 143 332 392 486 603 
7 32 347 404 418 496 511 556 
7 118 267 316 408 437 441 584 
7 200 203 278 410 464 488 552 
3 41 317 441 
6 40 77 169 187 513 549 
7 165 209 366 380 449 508 537 
13 22 30 37 80 132 154 164 177 275 335 417 487 554 
3 118 156 352 
4 42 60 90 454 
7 85 136 196 221 407 609 615 
2 273 405 
4 156 409 569 579 
9 9 109 351 359 374 429 490 525 535 
5 97 174 195 217 556 
0 
6 5 11 149 302 376 497 
9 24 34 114 229 292 341 404 489 598 
7 88 136 146 148 249 395 503 
2 515 615 
9 33 159 289 292 352 397 400 458 531 
8 197 366 410 438 441 442 458 538 
6 24 30 204 211 248 474 
2 28 369 
8 123 133 169 204 226 443 499 560 
6 152 199 202 307 324 584 
6 183 227 302 407 502 528 
6 63 110 126 257 263 359 
6 48 198 232 526 570 614 
3 184 531 562 
5 394 396 435 442 513 
6 96 230 300 520 587 591 
7 65 130 281 311 386 447 603 
3 131 188 385 
7 37 152 198 266 290 343 588 
2 3 42 
1 327 
5 223 417 465 474 493 
5 0 6 33 207 260 
10 3 122 191 203 207 346 353 545 550 561 
3 173 179 478 
6 153 167 187 308 383 510 
11 15 98 117 119 266 279 311 371 413 544 614 
8 208 224 269 279 383 398 474 609 
4 165 287 373 599 
5 87 333 396 474 486 
8 12 48 98 314 336 577 594 602 
4 74 373 549 565 
0 
1 300 
7 26 55 108 405 454 463 497 
4 55 354 370 588 
6 364 403 511 524 543 576 
2 19 43 
5 197 363 379 460 512 
7 274 335 355 415 426 563 610 
6 60 144 297 365 470 509 
6 77 102 157 324 356 374 
6 82 177 316 331 517 583 
4 34 57 326 457 
5 395 524 538 539 607 
4 333 350 451 573 
9 128 193 211 232 294 321 408 497 532 
6 22 264 307 480 547 619 
5 48 323 341 360 390 
5 36 314 354 440 516 
3 46 213 488 
4 193 198 215 568 
5 58 244 254 321 463 
1 227 
3 137 343 447 
2 23 435 
3 57 466 573 
5 132 227 408 492 543 
5 162 208 454 488 523 
4 80 139 158 594 
8 2 117 236 237 255 366 589 613 
8 22 26 105 209 249 252 501 537 
4 44 70 170 234 
4 46 287 493 616 
0 
6 4 36 52 223 311 458 
7 95 122 155 383 424 497 614 
1 510 
4 103 355 475 537 
6 189 374 465 496 585 597 
9 104 115 118 208 281 298 474 586 592 
6 8 79 179 274 321 418 
4 157 355 357 374 
3 268 374 383 
6 199 215 222 249 377 579 
2 87 346 
4 110 112 543 557 
3 100 182 549 
3 385 423 570 
3 195 515 520 
3 359 586 602 
4 70 486 533 572 
6 132 185 237 414 506 533 
2 504 512 
2 535 601 
8 81 160 190 362 403 427 484 536 
7 87 131 235 310 325 457 491 
2 88 473 
3 86 412 455 
8 225 228 270 317 373 374 434 570 
2 4 608 
1 407 
4 275 321 532 568 
6 5 118 321 471 512 604 
3 81 403 421 
4 310 356 485 559 
3 129 390 438 
7 49 230 246 317 327 425 486 
7 64 104 161 219 276 533 612 
4 173 203 244 303 
2 225 267 
7 142 163 203 256 409 495 555 
7 55 144 290 462 533 549 551 
4 242 300 329 484 
3 35 456 496 
8 57 261 272 375 390 396 398 439 
7 68 95 117 437 504 542 585 
7 63 106 120 144 175 260 276 
6 33 82 290 492 510 531 
7 53 216 230 276 341 393 563 
1 196 
3 309 416 564 
3 88 182 210 
5 56 161 202 242 561 
4 202 312 313 326 
9 72 87 222 291 454 472 569 587 601 
3 327 464 502 
10 0 98 353 398 450 466 507 533 561 564 
6 152 180 240 298 360 497 
7 110 168 233 356 419 427 546 
10 167 219 231 295 319 328 370 495 500 578 
7 1 88 177 221 235 338 366 
5 83 88 216 243 455 
4 69 426 477 564 
7 155 229 251 256 329 390 432 
6 17 101 266 326 515 529 
8 52 90 112 145 275 470 489 618 
8 38 42 240 340 354 438 473 578 
5 369 403 415 435 487 
3 20 170 342 
5 60 77 143 196 377 
7 29 43 222 234 338 489 612 
7 74 235 236 283 430 512 577 
6 87 322 379 485 535 613 
5 9 214 305 312 371 
6 164 186 452 475 576 592 
0 
4 67 311 331 451 
5 153 177 486 551 607 
4 89 218 359 525 
7 44 100 258 290 409 544 592 
6 90 167 324 394 436 477 
4 228 260 354 405 
7 224 267 343 407 452 462 501 
4 24 137 358 383 
5 172 197 203 261 302 
8 120 163 339 372 448 494 535 611 
6 0 152 260 267 418 526 
6 9 39 60 67 101 411 
4 156 163 240 615 
8 17 62 67 178 193 300 304 520 
7 101 125 145 302 384 448 519 
4 191 201 329 539 
4 64 131 244 612 
8 53 65 291 312 352 427 595 613 
6 107 128 224 329 405 413 
7 78 182 198 366 508 567 573 
5 3 212 348 381 516 
4 17 164 535 541 
2 64 379 
5 26 66 494 532 576 
5 42 76 225 247 612 
8 57 206 281 334 373 382 477 569 
7 18 244 415 461 529 541 610 
12 14 33 106 219 450 451 467 471 486 589 607 611 
5 42 59 78 241 592 
11 67 103 167 273 342 366 453 502 515 527 602 
3 140 178 454 
4 233 359 430 437 
6 190 318 341 374 413 543 
8 34 60 136 240 266 276 413 521 
4 32 126 189 242 
3 527 532 542 
8 102 310 336 475 541 561 578 603 
8 32 157 275 327 405 426 445 538 
9 32 42 43 145 177 191 207 395 509 
7 66 185 223 337 392 559 574 
2 488 549 
5 41 246 310 350 416 
4 189 323 332 563 
9 233 284 289 298 358 400 446 471 546 
4 78 203 268 392 
5 180 282 471 507 568 
5 183 245 269 349 356 
6 10 56 82 132 204 275 
6 24 35 45 271 360 558 
4 254 260 307 470 
9 2 13 79 202 348 354 367 594 600 
6 169 290 348 445 565 614 
5 53 79 120 350 554 
5 100 330 334 464 545 
5 104 111 252 342 377 
9 52 139 257 259 392 482 486 542 577 
4 88 306 382 586 
5 139 222 408 478 548 
4 72 480 486 492 
4 36 351 400 557 
6 182 184 187 244 283 597 
3 6 214 525 
6 16 62 188 420 461 551 
6 96 263 343 365 484 531 
4 167 381 447 458 
3 313 343 574 
5 132 203 314 450 591 
6 12 348 414 425 525 619 
5 192 281 545 571 611 
4 73 179 286 308 
6 259 323 405 504 529 583 
7 12 37 62 314 399 501 561 
7 225 237 249 489 496 542 607 
6 17 30 186 323 365 443 
3 207 274 617 
1 342 
2 3 311 
4 56 248 411 576 
7 75 100 121 324 332 355 378 
5 155 181 246 438 475 
5 155 352 439 449 562 
4 21 148 384 484 
3 71 387 404 
6 69 248 266 429 533 598 
7 0 28 117 246 249 272 273 
6 13 50 54 212 384 572 
9 70 139 170 211 343 439 504 509 534 
1 228 
6 102 146 234 399 428 556 
2 246 523 
3 5 103 149 
2 438 566 
4 37 114 370 589 
5 183 300 304 315 397 
2 556 610 
5 175 212 318 453 484 
5 14 68 399 449 535 
4 44 353 385 542 
4 67 261 319 462 
5 49 182 291 609 613 
5 28 122 213 348 350 
6 35 151 413 507 533 578 
4 28 218 251 459 
7 98 163 211 250 363 396 605 
7 15 19 213 230 408 532 600 
8 13 59 139 296 515 533 574 612 
7 96 338 467 500 522 530 611 
9 152 173 233 290 304 429 502 523 605 
5 306 381 395 435 557 
6 278 298 310 363 372 518 
1 432 
5 129 139 218 247 580 
5 65 79 133 289 495 
5 62 309 320 416 573 
