630 1507
3 74 214 362 
3 16 496 618 
4 86 268 519 560 
5 73 143 267 287 312 
6 22 118 146 187 489 599 
3 442 476 609 
1 207 
5 207 209 370 492 496 
5 55 123 127 161 257 
4 193 236 466 622 
2 113 442 
5 143 202 208 486 589 
3 370 392 580 
7 58 60 224 243 269 418 589 
4 48 467 475 596 
2 20 576 
3 1 400 476 
0 
2 306 496 
5 124 140 391 439 446 
7 15 150 183 244 323 484 496 
3 286 297 586 
7 4 118 205 423 442 475 563 
4 182 338 525 574 
5 177 256 269 289 337 
5 109 218 368 538 629 
7 88 120 141 327 470 521 591 
8 99 111 226 285 349 510 542 611 
3 136 482 560 
4 107 202 464 477 
6 146 225 458 578 606 609 
3 106 256 478 
3 47 270 277 
2 326 551 
4 230 380 467 558 
5 222 406 488 495 506 
2 229 463 
7 81 107 167 320 376 466 515 
6 71 84 431 498 500 558 
5 40 75 393 525 545 
1 39 
6 67 285 447 460 566 610 
4 239 313 431 522 
6 245 291 319 415 426 450 
1 299 
2 457 484 
5 67 161 176 465 623 
4 32 445 460 595 
4 14 165 305 315 
4 112 368 372 385 
2 404 613 
6 79 182 303 314 327 404 
3 256 373 609 
6 195 252 262 363 420 551 
6 116 162 312 370 523 560 
10 8 137 156 173 210 340 417 439 488 552 
4 114 228 428 616 
3 112 124 371 
8 13 134 205 291 306 311 435 589 
4 293 342 435 511 
4 13 227 370 531 
3 300 446 504 
6 139 296 380 461 531 541 
5 75 85 158 178 188 
5 272 336 400 588 613 
3 476 540 562 
3 130 288 620 
5 41 46 128 180 351 
4 178 257 276 282 
1 327 
2 487 557 
11 38 160 228 320 377 443 464 475 536 571 628 
8 180 200 294 460 476 553 571 611 
4 3 243 260 401 
6 0 214 429 431 488 626 
5 39 63 130 165 458 
3 198 426 525 
4 110 240 298 573 
3 287 294 509 
6 51 134 150 260 556 610 
4 200 263 476 506 
6 37 197 290 316 537 597 
4 125 157 173 179 
2 224 321 
4 38 210 447 453 
6 63 107 120 249 374 545 
2 2 618 
4 331 498 503 559 
4 26 305 430 480 
3 377 384 423 
4 176 252 457 530 
5 227 494 540 569 611 
6 267 335 368 432 539 620 
2 384 532 
5 95 226 262 274 602 
4 94 557 607 611 
4 131 149 567 573 
4 194 259 374 577 
0 
7 27 188 227 299 313 363 605 
5 140 192 304 328 468 
2 249 384 
3 363 476 607 
3 134 161 196 
5 211 468 509 535 592 
4 137 483 573 582 
7 31 203 263 324 437 530 608 
8 29 37 85 144 181 240 281 412 
4 212 296 301 513 
1 25 
5 77 113 180 211 232 
4 27 128 227 363 
5 49 57 185 240 494 
7 10 110 242 310 455 519 603 
6 56 124 147 151 255 435 
5 183 228 406 412 545 
3 54 271 563 
7 176 366 382 384 407 569 613 
7 4 22 184 214 290 376 383 
2 494 597 
6 26 85 157 404 442 466 
5 211 241 271 312 458 
5 220 340 484 531 604 
4 8 172 358 620 
6 19 57 114 203 315 584 
6 82 203 237 357 389 537 
4 127 212 332 620 
7 8 126 166 226 363 364 431 
7 67 111 288 292 380 439 474 
1 367 
5 66 75 165 479 624 
5 96 159 185 332 386 
3 345 435 451 
5 225 259 265 504 537 
5 58 79 103 164 320 
2 433 608 
3 28 298 498 
5 55 105 198 221 404 
1 427 
5 62 341 374 420 611 
5 19 100 265 436 543 
8 26 155 185 240 258 300 384 479 
2 510 588 
7 3 11 180 382 399 442 482 
4 107 209 494 626 
7 159 258 311 329 510 596 602 
4 4 30 472 566 
6 114 198 291 339 391 582 
8 245 346 378 410 462 487 497 587 
1 96 
6 20 79 198 295 383 618 
6 114 320 492 520 540 594 
5 162 182 562 611 618 
0 
7 196 217 267 436 518 524 611 
5 141 319 383 471 550 
7 55 182 220 243 266 330 457 
8 82 120 186 208 310 433 509 579 
3 63 187 453 
2 131 145 
3 71 364 491 
7 8 46 103 244 260 295 577 
2 54 152 
5 183 231 278 573 605 
3 134 435 520 
6 48 75 130 176 459 499 
4 127 299 388 552 
2 37 553 
2 250 428 
3 175 292 299 
4 206 271 303 432 
5 209 272 595 596 611 
2 123 201 
7 55 82 228 405 438 555 569 
6 176 321 383 405 540 549 
5 169 196 198 434 499 
10 46 90 117 165 174 341 346 442 469 541 
2 24 215 
4 63 68 198 281 
6 82 235 327 416 432 462 
6 67 72 110 143 367 416 
3 107 237 273 
7 23 51 152 156 293 413 493 
5 20 115 163 391 544 
7 118 215 343 368 427 485 577 
10 112 131 141 250 258 285 311 415 496 549 
3 157 337 503 
5 4 158 345 566 600 
3 63 99 229 
4 261 331 444 555 
2 264 609 
3 414 443 514 
5 100 202 530 545 588 
7 9 275 332 371 575 590 612 
3 97 250 458 
4 53 431 505 596 
10 103 154 175 232 277 301 320 364 377 603 
5 81 247 278 383 541 
9 76 137 147 150 175 178 199 210 215 
6 198 360 370 478 538 594 
7 72 80 265 280 380 532 624 
2 172 373 
6 11 29 192 209 413 504 
9 106 124 125 218 260 277 338 488 511 
4 282 299 410 445 
5 22 58 234 251 311 
4 170 233 618 622 
5 6 7 296 600 604 
9 11 157 242 275 321 355 525 540 617 
4 7 144 171 202 
8 55 84 198 284 327 524 561 628 
4 104 110 121 297 
7 108 126 255 259 292 423 574 
2 304 567 
4 0 74 118 286 
6 177 184 198 240 376 489 
3 380 469 618 
4 154 224 312 392 
5 25 203 418 499 503 
3 397 421 626 
4 122 156 304 490 
4 137 272 444 472 
5 35 279 501 573 607 
4 356 404 491 571 
4 13 83 217 439 
3 30 133 603 
7 27 94 127 249 399 504 512 
8 60 91 99 111 256 273 492 606 
7 56 71 115 173 323 518 589 
6 36 188 322 475 507 544 
3 34 391 613 
3 163 372 624 
4 110 196 267 532 
7 206 321 325 331 464 578 588 
5 205 256 267 422 449 
6 179 300 421 425 445 605 
3 9 278 357 
4 125 181 346 451 
4 239 305 401 435 
7 42 238 308 344 453 466 602 
10 77 107 112 141 215 331 471 543 547 585 
4 121 297 386 457 
8 113 208 255 291 359 406 485 536 
6 13 73 156 535 569 582 
4 20 161 404 596 
2 43 148 
5 321 354 416 428 475 
3 197 286 445 
1 526 
7 85 101 226 346 500 520 570 
6 168 185 194 393 473 562 
5 205 324 458 485 566 
5 53 90 332 385 503 
4 276 306 332 475 
6 321 365 402 425 576 581 
6 114 212 242 283 443 556 
6 24 31 52 227 234 424 
8 8 68 263 269 320 375 386 534 
7 141 145 185 292 505 557 600 
6 97 133 212 285 312 601 
11 73 79 161 203 298 325 419 459 466 593 615 
4 189 386 585 590 
5 53 94 478 588 592 
4 80 106 257 295 
4 190 274 337 607 
3 133 140 200 
3 156 447 454 
9 3 92 154 232 234 454 563 569 571 
5 2 371 374 449 486 
4 13 24 257 304 
3 32 465 547 
6 116 121 170 411 500 583 
6 64 171 221 368 451 603 
4 181 227 428 563 
7 94 264 393 435 464 606 629 
6 193 208 342 375 467 564 
6 68 253 329 424 468 627 
4 32 196 203 591 
4 163 197 236 461 
4 222 420 457 572 
4 200 512 591 606 
4 107 178 503 573 
5 68 204 483 488 521 
3 255 411 588 
6 210 289 480 524 560 603 
6 27 41 185 259 334 578 
4 21 214 247 468 
4 3 78 446 500 
4 66 128 323 355 
6 24 284 298 368 444 477 
4 81 118 515 529 
7 43 58 147 242 298 531 584 
7 128 169 212 258 371 379 585 
4 59 182 558 617 
6 72 78 420 443 519 623 
5 150 161 263 524 570 
4 62 108 207 570 
6 21 211 241 407 431 599 
6 77 136 260 289 291 305 
9 44 99 166 169 204 355 458 591 608 
5 61 141 235 371 500 
2 108 196 
2 315 401 
2 51 170 
9 100 213 220 269 465 500 521 573 583 
7 48 88 238 298 419 477 609 
7 18 58 253 372 521 557 619 
2 334 473 
2 239 536 
1 387 
9 113 157 316 379 479 483 498 605 617 
7 58 145 185 205 337 373 616 
8 3 54 121 217 259 392 535 611 
3 42 99 323 
5 51 363 475 559 567 
7 48 124 302 451 468 499 516 
2 81 310 
3 428 432 472 
2 357 561 
8 43 155 407 465 480 504 526 589 
10 37 71 134 151 196 257 428 451 553 603 
7 83 174 208 233 246 254 348 
3 229 335 448 
5 20 228 288 313 345 
3 106 251 339 
7 233 260 355 413 476 529 617 
6 33 381 393 497 567 628 
7 26 51 69 179 210 330 629 
4 100 457 466 510 
3 145 276 600 
5 156 327 372 396 577 
7 87 189 233 240 418 622 627 
6 126 131 193 252 253 376 
6 334 457 534 549 565 589 
5 285 307 333 337 470 
3 92 322 382 
3 64 439 602 
5 24 186 264 311 334 
6 23 203 433 437 562 605 
4 147 324 385 490 
5 55 122 391 392 534 
6 139 176 367 378 565 607 
7 59 275 344 361 376 486 577 
4 184 379 481 544 
6 239 342 466 546 566 604 
6 132 187 323 358 376 391 
7 148 176 237 249 394 407 513 
2 350 549 
1 321 
2 27 508 
4 347 390 522 575 
5 67 372 424 490 565 
0 
3 422 463 629 
3 246 383 624 
6 208 288 299 325 367 621 
4 223 405 532 629 
4 125 236 318 359 
3 123 345 538 
4 242 357 469 628 
3 199 383 579 
4 342 411 433 462 
3 0 550 592 
8 53 99 102 111 127 314 480 546 
5 127 160 196 540 602 
1 254 
1 117 
8 129 180 341 355 516 524 541 599 
9 25 49 92 184 272 289 543 562 618 
5 371 380 426 496 627 
8 7 12 54 60 199 384 527 569 
7 57 193 268 292 300 369 426 
5 49 231 306 330 351 
5 52 201 311 507 598 
6 85 97 139 268 476 616 
2 257 275 
8 37 118 215 332 342 345 562 626 
4 71 89 196 536 
3 148 341 580 
4 292 310 343 425 
7 34 62 128 200 216 369 497 
6 326 401 490 523 581 589 
4 117 143 335 507 
8 118 150 155 174 197 354 360 625 
6 89 93 101 117 141 370 
8 49 252 339 435 460 490 532 588 
5 131 241 257 261 574 
3 309 439 513 
4 166 500 554 628 
3 125 435 441 
1 350 
7 19 147 183 230 340 345 575 
4 12 217 312 340 
6 39 250 274 326 437 468 
2 346 417 
2 575 593 
2 330 620 
4 219 404 479 605 
3 407 549 621 
6 143 226 407 578 617 620 
4 16 64 463 608 
4 73 238 302 381 
4 254 479 493 572 
1 571 
8 50 51 120 137 223 244 397 589 
4 173 174 356 448 
6 35 115 242 446 490 541 
10 117 297 319 346 398 399 470 541 551 575 
2 528 623 
0 
3 148 204 451 
3 271 283 361 
3 107 115 596 
4 182 202 325 465 
3 191 568 625 
6 43 185 436 440 447 562 
3 179 180 246 
5 55 394 490 495 522 
4 13 218 331 544 
4 260 305 543 590 
6 53 139 279 294 489 516 
3 219 235 445 
7 234 353 496 525 553 573 595 
5 22 89 212 543 563 
5 256 276 351 456 546 
4 235 254 379 427 
4 43 76 369 371 
4 138 184 425 483 
7 56 168 246 273 317 320 593 
1 74 
2 88 478 
7 38 42 74 127 195 297 493 
5 92 170 179 317 585 
5 135 157 338 361 586 
1 175 
10 58 59 114 132 164 238 274 385 389 601 
6 140 154 415 509 579 591 
5 106 338 393 459 461 
1 173 
10 19 55 128 224 336 387 502 585 586 615 
2 415 590 
3 389 460 554 
9 5 10 22 120 143 176 551 559 564 
6 71 191 255 294 466 563 
3 189 221 289 
10 47 204 235 247 421 448 468 575 587 624 
4 19 61 287 406 
8 41 84 266 415 542 557 587 621 
4 322 405 445 499 
5 234 268 460 534 548 
1 43 
7 132 237 272 315 320 410 584 
2 534 551 
6 84 158 239 470 535 601 
3 266 267 526 
2 113 624 
3 424 461 548 
8 45 90 156 241 279 328 333 462 
6 30 75 121 194 251 299 
4 165 260 437 508 
7 41 47 72 385 441 449 461 
6 62 278 437 456 460 538 
5 148 179 361 457 611 
5 36 353 400 570 594 
6 29 71 233 274 573 615 
5 46 270 304 319 413 
10 9 37 120 239 260 328 344 443 471 551 
3 14 34 275 
7 100 104 276 286 315 393 445 
5 176 216 359 474 496 
5 26 334 407 453 528 
4 155 240 466 563 
5 146 221 317 474 526 
4 250 307 481 615 
4 128 469 472 492 
7 14 22 71 229 246 253 314 
8 5 16 65 72 80 102 325 374 
3 29 289 305 
8 31 199 262 430 487 498 583 617 
7 130 141 310 397 402 602 616 
6 88 284 319 363 507 578 
4 343 473 502 586 
6 28 143 491 524 542 581 
4 105 282 310 427 
5 20 45 122 560 599 
4 184 242 251 592 
5 11 268 342 535 595 
5 70 148 478 571 606 
7 35 55 74 203 282 525 567 
3 4 215 420 
9 220 339 351 381 385 406 417 568 607 
4 160 223 482 562 
6 7 151 227 474 503 584 
3 182 402 431 
7 91 112 119 144 573 607 628 
4 35 417 529 622 
10 1 7 18 20 185 369 422 469 540 601 
3 148 326 380 
6 38 87 136 310 478 588 
6 165 175 218 315 448 505 
8 38 249 271 287 300 304 388 522 
4 222 552 590 629 
2 439 481 
7 87 186 218 252 281 492 557 
8 61 133 202 226 319 567 608 616 
4 195 258 499 565 
3 35 80 571 
4 229 373 382 480 
2 349 459 
7 78 104 157 436 550 555 618 
6 27 142 145 328 569 576 
2 59 203 
2 226 280 
3 108 346 387 
1 191 
4 37 290 574 627 
3 315 367 420 
0 
4 154 228 545 585 
3 2 113 294 
5 151 164 249 565 605 
5 26 282 304 306 553 
6 42 350 417 500 541 571 
3 54 381 539 
6 154 210 284 295 367 482 
6 23 39 76 208 422 488 
4 248 319 454 472 
1 370 
3 408 470 542 
3 290 325 495 
4 90 106 192 617 
5 60 62 122 291 610 
5 93 200 232 356 385 
1 608 
5 257 333 340 449 452 
6 104 243 312 453 486 546 
5 71 242 308 377 592 
3 81 125 133 
4 25 199 358 461 
4 92 523 591 628 
8 65 91 151 174 208 364 496 543 
8 62 176 197 367 406 407 522 589 
6 27 447 482 528 558 613 
6 140 240 368 419 423 540 
5 183 229 343 418 602 
6 39 85 115 192 518 613 
4 344 363 424 535 
3 240 270 605 
3 449 456 549 
6 174 185 333 347 398 548 
3 155 362 509 
8 33 53 407 442 452 466 582 591 
3 55 166 501 
7 72 167 320 422 521 578 585 
3 388 441 608 
4 173 189 509 627 
2 79 255 
7 70 95 258 306 447 503 616 
5 34 38 293 542 598 
3 87 314 442 
5 2 28 54 284 484 
3 210 318 628 
8 65 152 250 338 368 376 415 491 
8 22 116 267 273 423 443 471 613 
2 275 442 
5 333 341 351 505 520 
6 41 146 187 251 344 597 
6 96 213 314 326 488 504 
2 414 490 
8 91 117 173 243 267 370 510 611 
4 249 295 296 463 
8 71 72 223 267 403 487 506 522 
3 279 402 599 
10 77 96 105 163 222 281 304 422 464 494 
4 23 212 386 515 
6 193 350 391 395 407 445 
3 15 254 510 
5 97 161 184 330 342 
7 30 233 285 399 480 553 619 
3 157 360 436 
2 12 378 
5 254 381 482 595 620 
4 105 147 243 551 
3 271 304 478 
4 124 291 451 492 
7 240 261 292 432 439 518 553 
4 21 433 439 481 
4 148 445 447 601 
8 64 142 192 233 262 283 385 498 
9 11 13 58 228 319 333 381 404 541 
5 193 261 419 440 501 
7 26 277 280 299 436 539 551 
5 104 262 362 485 536 
4 260 395 428 597 
3 151 199 463 
5 47 171 422 486 581 
6 14 145 171 195 244 412 
4 81 119 566 593 
2 373 558 
5 4 297 367 484 572 
4 187 207 258 329 
5 259 435 453 496 587 
9 94 145 239 336 364 479 544 606 627 
6 113 196 225 272 284 320 
3 122 207 344 
8 99 163 235 310 338 397 520 547 
6 30 227 274 280 487 602 
7 95 102 222 264 341 490 494 
8 106 135 299 400 504 533 554 623 
6 5 30 52 190 305 617 
3 41 79 531 
11 27 72 91 95 139 152 154 171 312 462 569 
1 193 
7 50 64 117 230 542 545 563 
0 
4 260 439 464 473 
6 56 311 374 479 504 557 
8 208 293 310 325 399 478 530 609 
9 1 86 150 152 206 216 368 509 629 
2 306 578 
7 66 92 123 126 396 399 581 
3 355 398 447 
4 9 206 331 495 
4 46 294 408 608 
6 130 200 231 354 445 455 
2 383 414 
4 74 144 219 376 
6 276 331 369 515 555 602 
8 71 210 326 359 388 494 539 561 
7 25 274 327 353 356 501 618 
630 1638
3 125 142 443 
3 46 223 239 
7 46 68 168 249 423 427 554 
7 386 421 441 490 508 511 558 
3 143 343 412 
2 185 400 
4 338 407 443 465 
6 244 269 277 329 517 529 
4 26 262 495 612 
5 116 320 335 553 562 
3 188 344 425 
7 257 320 379 518 585 618 627 
5 66 80 314 388 495 
5 54 320 388 595 600 
4 123 164 386 425 
4 221 341 586 613 
2 99 382 
6 216 314 378 448 455 517 
7 120 136 138 242 328 448 620 
5 133 221 359 459 474 
4 69 235 279 294 
6 134 351 411 597 600 601 
5 315 409 427 513 569 
4 64 385 427 554 
8 68 144 186 188 335 467 548 601 
6 122 211 391 407 538 622 
10 8 72 108 172 267 312 339 529 550 624 
5 108 135 147 427 574 
3 250 427 555 
4 152 162 247 564 
5 51 64 225 415 615 
6 209 235 343 377 381 391 
6 73 174 232 326 370 541 
6 86 236 314 408 472 574 
3 338 416 625 
9 39 106 182 195 417 419 442 485 506 
6 50 54 74 468 537 605 
6 102 120 405 432 484 539 
6 166 305 327 435 484 534 
4 35 270 309 570 
1 539 
7 71 132 198 335 416 539 552 
3 94 139 174 
3 186 562 563 
3 45 311 619 
12 44 106 136 204 218 220 248 251 429 527 540 589 
7 1 2 63 192 313 315 514 
5 214 313 323 334 605 
8 101 351 398 411 458 548 566 588 
1 304 
5 36 524 573 582 624 
4 30 145 161 363 
4 291 483 489 591 
5 92 324 462 557 576 
4 13 36 446 462 
8 57 59 218 401 412 414 430 499 
6 75 123 168 348 475 520 
7 55 95 108 343 440 546 589 
5 111 260 279 421 553 
3 55 395 538 
5 109 269 349 454 628 
4 338 474 599 613 
6 141 242 507 508 534 548 
5 46 303 488 507 601 
7 23 30 227 433 494 500 597 
2 85 174 
4 12 178 187 203 
8 71 187 189 249 474 494 530 598 
6 2 24 256 296 601 610 
5 20 375 412 535 601 
5 118 279 411 421 592 
4 41 67 353 414 
2 26 418 
4 32 287 379 489 
8 36 124 169 407 453 464 493 511 
10 56 95 298 334 357 442 476 477 548 623 
5 103 125 134 471 614 
6 78 226 302 435 450 587 
2 77 96 
3 517 540 554 
2 12 550 
1 149 
4 260 300 524 605 
5 186 371 414 482 581 
3 146 503 522 
6 65 151 155 242 365 536 
6 33 426 461 489 492 557 
7 156 219 269 294 462 477 562 
5 181 204 207 541 614 
4 206 258 378 617 
5 176 237 364 595 623 
4 178 430 447 562 
3 53 332 584 
2 105 608 
3 42 210 463 
4 57 75 186 402 
5 78 353 392 457 500 
2 156 548 
5 142 409 459 607 609 
3 16 165 171 
3 286 514 583 
6 48 205 331 529 600 610 
2 37 136 
6 76 239 273 319 434 511 
5 128 175 181 259 282 
2 93 191 
6 35 45 248 287 330 559 
7 332 394 466 519 567 578 592 
11 26 27 57 116 159 330 401 417 536 539 597 
3 60 336 482 
2 403 433 
8 58 172 293 398 454 468 489 525 
2 168 450 
6 233 287 291 368 510 619 
1 535 
5 173 257 305 341 430 
8 9 108 207 217 268 406 475 542 
7 180 205 255 355 446 548 567 
5 70 206 230 347 588 
2 584 626 
4 18 37 130 619 
7 232 258 266 434 562 566 573 
5 25 203 293 383 523 
2 14 56 
8 74 248 381 383 412 431 437 443 
5 0 76 331 453 469 
4 476 495 575 587 
2 215 574 
8 104 219 385 409 411 443 546 604 
5 166 171 352 472 482 
7 120 165 190 214 390 421 514 
3 239 330 365 
2 41 462 
6 19 182 223 276 339 434 
9 21 76 166 194 197 271 280 287 345 
3 27 271 620 
9 18 45 102 307 374 474 503 600 621 
5 244 355 468 594 603 
3 18 202 295 
5 42 344 402 494 495 
4 244 248 401 563 
7 62 181 267 298 400 588 595 
5 0 98 160 259 529 
4 4 178 509 567 
3 24 233 519 
5 51 220 235 526 527 
3 84 154 432 
9 27 171 216 219 310 380 400 446 516 
5 179 202 461 488 526 
3 81 350 365 
7 298 390 427 469 564 585 610 
4 85 167 299 536 
6 29 303 342 379 398 578 
6 295 425 492 586 614 615 
2 146 277 
3 85 255 454 
7 87 97 188 224 306 381 526 
2 253 520 
5 172 335 460 484 619 
2 108 456 
7 142 165 216 295 312 349 525 
6 51 297 314 447 555 611 
3 29 191 326 
2 211 275 
5 14 282 413 437 615 
9 99 130 160 195 236 275 316 419 485 
10 38 129 134 195 242 324 396 408 428 460 
6 151 182 239 240 501 595 
6 2 56 112 343 526 601 
5 74 241 352 388 560 
3 352 534 592 
9 99 129 147 197 280 376 478 486 572 
9 26 111 158 197 219 364 448 558 562 
7 115 181 207 274 403 426 605 
6 32 42 65 428 554 622 
7 104 241 246 345 476 484 533 
3 90 473 589 
2 218 556 
7 66 91 143 221 241 538 571 
5 148 228 516 522 555 
7 117 211 311 340 405 484 549 
7 88 104 141 173 336 382 433 
6 35 133 167 288 392 569 
7 248 338 354 397 501 502 575 
7 346 382 458 460 504 540 562 
4 5 336 338 514 
5 24 43 83 95 254 
4 66 67 232 434 
8 10 24 156 265 266 418 454 534 
6 67 241 272 284 534 549 
4 130 246 446 471 
5 105 162 268 488 570 
5 46 350 367 380 438 
5 255 320 330 410 554 
7 134 306 310 365 430 431 608 
8 35 165 166 238 328 403 495 518 
3 312 523 536 
4 134 171 172 382 
8 41 233 279 317 330 493 593 602 
6 201 248 422 444 488 622 
1 562 
3 199 258 385 
7 138 148 308 349 365 428 525 
7 66 122 225 269 380 481 626 
5 45 88 317 329 425 
8 101 117 233 244 305 353 461 545 
5 89 118 516 559 563 
7 88 116 173 371 455 564 617 
4 278 411 445 568 
6 31 310 351 428 510 522 
3 94 235 502 
7 25 163 180 222 301 363 397 
4 439 488 500 564 
4 351 420 514 571 
7 47 130 379 390 578 583 594 
3 127 287 359 
8 17 147 160 256 278 405 448 489 
1 116 
3 45 55 177 
8 87 128 147 172 221 230 252 273 
8 45 145 237 398 427 552 562 620 
4 15 19 178 219 
8 211 293 356 437 484 538 548 582 
5 1 133 281 313 536 
9 156 228 237 283 418 499 537 542 547 
6 30 203 231 450 537 596 
5 77 263 471 477 629 
6 64 286 299 434 446 502 
3 179 224 433 
4 285 400 435 589 
4 118 219 320 437 
4 225 372 426 514 
6 32 121 187 251 392 489 
8 113 144 198 205 319 374 497 520 
2 374 555 
8 20 31 145 210 257 470 607 608 
5 33 165 489 504 574 
10 90 220 224 286 371 406 411 450 524 530 
6 195 336 376 466 495 541 
6 1 103 131 167 474 565 
3 167 365 567 
5 169 175 178 189 447 
9 18 62 85 166 390 470 478 577 622 
6 286 337 404 518 561 565 
8 7 137 140 205 304 365 457 565 
2 377 533 
3 175 190 405 
2 29 467 
10 45 106 124 140 183 199 353 469 508 589 
5 2 67 380 435 598 
5 28 251 391 515 616 
10 45 232 250 272 320 330 459 587 596 598 
3 219 282 426 
2 157 406 
5 186 290 336 410 411 
4 117 155 193 317 
6 68 216 330 384 476 519 
5 11 115 235 461 569 
6 89 121 201 376 441 504 
3 104 142 389 
3 58 82 482 
3 345 499 534 
1 8 
4 226 353 403 579 
7 283 381 465 471 503 551 607 
4 188 442 481 563 
5 121 188 292 295 600 
4 26 141 527 626 
2 116 191 
6 7 60 87 203 303 438 
3 39 389 509 
6 134 135 406 502 550 612 
3 189 251 321 
7 103 219 373 391 461 508 588 
1 173 
6 163 165 284 294 429 435 
3 133 346 536 
5 7 154 360 440 454 
4 208 216 307 446 
9 20 58 70 198 329 381 411 457 495 
6 134 171 285 378 435 616 
3 223 483 622 
7 104 164 252 429 507 512 580 
7 224 264 312 322 361 433 509 
5 189 275 372 392 412 
6 229 280 334 422 555 574 
5 100 227 237 243 390 
8 73 106 113 134 215 374 433 489 
4 182 396 497 505 
3 328 538 601 
3 254 450 565 
3 52 113 541 
6 266 298 304 323 344 345 
5 111 122 222 346 557 
9 20 87 275 353 381 384 478 510 610 
6 138 153 160 266 350 515 
4 68 432 503 514 
6 161 369 446 465 523 611 
5 75 141 150 292 429 
7 151 227 372 393 421 424 524 
3 82 419 559 
2 211 326 
5 77 328 364 464 480 
5 63 152 269 556 584 
5 49 244 292 344 392 
5 38 115 205 342 485 
4 156 194 447 535 
5 136 278 351 361 473 
3 202 335 595 
5 39 427 474 535 595 
8 147 194 209 360 513 550 575 596 
8 44 180 360 396 485 542 544 565 
4 26 160 196 283 
5 46 47 223 554 606 
5 12 17 33 161 473 
3 22 46 602 
6 165 319 320 336 369 585 
8 198 204 255 404 537 548 596 624 
3 512 575 587 
6 103 233 316 427 490 562 
12 9 11 13 193 230 251 316 347 464 530 544 622 
6 272 329 374 490 519 523 
6 283 359 448 502 526 590 
3 47 292 435 
6 53 166 463 499 576 590 
4 355 414 443 582 
5 32 162 301 349 416 
2 38 529 
5 18 195 289 302 437 
7 7 204 279 321 339 345 390 
12 106 108 131 193 198 251 256 349 509 519 567 622 
5 101 125 385 420 430 
3 92 107 406 
2 431 552 
6 47 75 285 413 498 607 
7 9 24 41 158 308 358 466 
11 109 181 185 238 254 316 432 532 560 563 621 
7 243 402 526 554 557 558 574 
7 6 34 61 183 185 363 543 
3 26 133 329 
4 180 418 474 535 
4 15 115 512 575 
4 152 305 383 409 
5 4 31 57 168 598 
8 10 139 292 304 357 401 555 586 
10 134 175 261 292 329 370 372 411 418 489 
8 184 276 293 448 515 519 548 609 
3 118 320 483 
1 56 
6 60 160 202 326 330 372 
4 149 192 295 612 
8 21 48 209 213 307 382 391 410 
3 129 169 170 
10 71 96 205 248 263 294 364 369 380 523 
2 183 505 
7 117 137 325 358 489 559 566 
2 222 369 
5 75 344 444 540 552 
5 335 355 592 609 617 
5 19 215 322 513 529 
3 277 310 311 
6 283 307 483 532 541 575 
1 614 
7 51 211 338 485 498 517 550 
5 90 172 302 353 594 
10 85 131 149 194 202 240 244 382 496 507 
4 381 428 498 537 
1 192 
4 113 439 505 586 
7 297 316 353 356 599 613 614 
5 32 345 423 472 594 
5 83 207 237 464 499 
8 231 284 299 345 349 393 460 532 
3 273 500 576 
6 136 233 234 287 321 493 
3 69 518 611 
3 171 238 258 
3 31 245 483 
4 17 89 280 415 
7 11 73 152 214 390 497 609 
9 147 192 203 249 353 411 514 548 583 
8 31 124 156 264 279 294 366 597 
8 16 181 184 197 351 365 535 559 
4 122 124 342 390 
3 256 294 512 
6 23 128 201 331 391 604 
3 3 14 584 
2 459 538 
6 12 13 169 444 506 615 
6 259 270 406 495 507 564 
10 130 150 214 242 286 329 379 383 437 443 
6 25 31 250 273 351 385 
5 96 182 232 284 304 
3 299 372 429 
3 107 507 521 
2 59 452 
6 166 288 311 412 528 533 
5 183 211 537 553 606 
8 48 111 152 220 422 461 563 590 
2 498 506 
7 5 141 147 229 466 532 580 
7 55 108 140 344 404 489 523 
4 95 139 337 441 
4 110 173 195 263 
5 243 317 401 410 608 
5 37 180 216 246 625 
9 116 237 253 271 332 389 438 498 539 
5 6 25 74 409 601 
3 33 166 454 
6 22 98 128 342 407 468 
6 193 254 351 404 448 527 
10 21 48 70 128 208 237 254 279 345 380 
11 4 55 69 124 284 396 425 485 611 627 629 
3 164 334 493 
5 55 71 83 325 436 
5 30 378 519 557 600 
6 34 41 326 579 597 618 
3 35 108 579 
5 72 188 224 340 345 
4 35 165 300 438 
3 213 331 501 
8 3 58 70 130 299 572 590 604 
8 199 285 398 432 570 596 624 627 
3 2 370 486 
5 299 461 540 545 623 
5 10 14 153 204 412 
5 86 173 231 252 586 
11 2 22 23 27 28 150 220 309 319 586 600 
6 166 174 202 209 366 612 
6 45 275 282 298 393 495 
5 55 91 115 194 331 
4 124 194 333 614 
8 37 146 296 336 422 435 500 575 
7 64 110 181 228 283 287 457 
7 103 121 133 187 227 456 472 
9 38 77 229 249 275 280 323 432 576 
4 414 439 468 597 
7 124 164 222 230 328 390 453 
4 192 269 406 419 
3 212 368 436 
5 57 277 465 541 559 
3 3 258 402 
5 35 75 265 476 481 
7 0 6 124 128 325 390 511 
6 199 357 388 496 575 593 
3 208 552 558 
9 54 117 147 190 227 278 297 522 528 
6 91 161 241 306 518 562 
10 17 18 172 216 322 346 410 506 551 610 
4 499 564 582 586 
7 77 112 225 237 290 473 567 
1 576 
1 395 
7 74 125 437 459 555 572 597 
8 60 111 155 188 277 408 603 618 
3 17 207 492 
3 159 434 476 
5 96 244 279 433 516 
3 48 184 533 
9 19 98 251 387 453 526 532 559 608 
4 158 166 184 372 
9 86 148 205 257 273 398 424 472 538 
5 53 54 87 132 600 
2 94 324 
6 74 302 320 371 496 560 
7 6 264 297 440 470 507 566 
6 107 238 335 400 510 599 
2 24 247 
6 36 111 137 409 436 563 
3 125 150 248 
6 235 242 465 520 599 603 
6 76 190 226 264 507 576 
5 33 129 370 434 461 
5 176 307 314 450 545 
9 19 61 67 136 239 309 340 511 537 
2 56 116 
7 75 126 175 256 442 456 534 
3 75 87 226 
5 171 242 294 548 618 
0 
1 302 
5 203 265 442 525 555 
4 83 109 129 260 
5 52 281 347 361 377 
9 37 38 158 175 180 222 509 527 616 
7 35 165 305 311 363 412 610 
4 171 423 522 580 
3 506 582 609 
6 63 148 191 199 212 504 
12 52 73 86 111 216 232 236 287 345 355 401 511 
3 3 319 321 
3 515 518 595 
3 86 153 455 
8 74 198 374 413 515 560 584 612 
6 64 67 139 498 581 626 
11 8 12 126 139 195 238 279 389 429 542 587 
3 365 444 464 
3 233 288 379 
6 334 363 366 399 406 494 
6 55 224 261 324 371 449 
7 64 96 212 373 432 509 584 
6 167 183 420 546 554 603 
8 183 210 227 271 322 523 551 554 
5 84 136 264 296 580 
4 184 236 258 488 
3 288 354 368 
7 35 388 399 448 487 538 615 
9 62 63 282 365 389 394 465 471 576 
4 3 62 248 273 
8 143 270 283 330 484 500 596 602 
4 113 209 294 466 
8 3 74 103 443 474 489 525 563 
4 282 318 341 384 
3 22 310 359 
10 46 100 130 185 213 231 296 380 554 597 
5 250 295 346 491 493 
4 147 179 206 457 
4 7 17 79 363 
8 11 195 243 375 447 491 597 617 
8 107 144 256 321 330 346 415 609 
5 56 157 233 470 555 
3 394 522 598 
6 84 179 209 446 486 521 
7 122 196 297 321 353 401 502 
6 50 82 237 299 599 617 
6 111 160 202 481 511 528 
7 145 148 156 168 322 337 459 
6 45 145 267 410 484 601 
4 396 446 525 556 
6 7 26 101 142 327 359 
3 67 237 320 
2 541 545 
6 336 361 372 400 459 624 
4 175 245 396 458 
8 38 62 170 188 189 261 476 582 
7 69 114 306 309 340 382 601 
6 85 108 151 196 223 276 
8 36 224 225 317 366 397 474 545 
8 25 59 178 222 289 387 461 506 
5 37 40 41 108 406 
5 45 79 184 357 424 
8 32 88 238 291 361 440 531 588 
4 116 224 311 495 
2 338 579 
2 311 320 
5 205 424 473 531 537 
3 57 128 501 
2 224 594 
12 24 48 62 75 97 117 222 317 346 380 478 563 
2 180 189 
5 26 80 271 310 363 
3 264 448 502 
5 41 220 333 357 445 
5 9 58 397 593 622 
10 2 23 79 174 193 313 337 501 502 514 
9 28 161 179 234 285 344 453 481 520 
5 177 303 528 603 609 
5 53 86 293 337 415 
5 3 172 337 445 588 
7 106 206 300 355 382 440 459 
5 169 336 464 493 618 
3 243 576 605 
12 9 43 87 91 121 172 184 200 220 319 447 608 
12 43 140 206 265 336 398 468 511 548 587 591 612 
6 29 150 207 212 389 449 
5 239 243 244 290 311 
4 48 121 355 465 
6 107 117 143 240 330 450 
2 208 593 
4 22 182 257 627 
3 39 191 422 
2 178 213 
3 171 421 453 
2 50 121 
6 27 33 127 236 285 337 
8 126 183 310 318 341 361 432 444 
9 53 324 373 435 451 471 507 561 580 
1 242 
3 107 152 214 
4 263 416 417 543 
6 282 400 486 503 576 599 
3 83 494 626 
6 50 222 325 449 487 534 
3 100 214 380 
6 92 119 303 386 493 500 
4 11 150 316 627 
7 15 153 344 368 426 427 449 
6 77 126 251 318 495 563 
6 48 118 141 273 541 558 
6 45 57 176 229 248 601 
5 322 324 398 421 607 
2 52 563 
4 70 107 170 358 
5 198 444 553 568 610 
5 137 214 364 370 547 
7 13 90 141 167 308 309 491 
6 225 251 310 317 422 509 
9 21 64 108 381 416 436 453 514 518 
6 67 249 251 343 521 607 
6 61 369 466 470 524 580 
8 13 21 101 136 266 415 427 462 
12 21 24 63 68 69 168 289 407 527 535 589 613 
3 198 315 509 
5 137 454 470 501 556 
3 128 385 421 
5 36 47 82 173 561 
2 313 397 
6 98 235 264 334 590 598 
6 93 194 235 404 459 562 
7 98 346 358 379 487 519 556 
7 68 101 150 294 448 485 593 
5 161 297 375 412 619 
6 8 271 350 428 493 563 
4 15 61 369 601 
6 76 88 153 362 369 431 
5 30 153 164 388 506 
3 250 280 484 
5 89 207 358 518 524 
5 11 416 454 478 560 
5 44 113 120 158 611 
3 18 135 220 
2 136 336 
8 25 174 199 242 281 320 330 553 
4 75 90 424 627 
5 26 50 317 422 532 
2 34 405 
5 119 203 267 494 581 
6 11 412 422 569 585 623 
1 60 
2 226 412 
