700 1823
5 1 111 365 401 558 
9 0 131 133 203 258 292 423 613 632 
2 5 440 
9 396 413 416 461 465 470 486 567 588 
6 158 203 387 501 532 635 
8 2 38 152 255 394 402 458 498 
5 31 92 322 406 553 
2 583 651 
3 78 104 652 
5 212 338 415 641 663 
10 12 44 111 219 227 251 472 544 552 645 
3 181 319 430 
2 10 274 
0 
4 147 231 330 621 
3 236 380 549 
8 77 85 414 444 469 495 647 661 
2 73 99 
5 133 452 478 563 650 
2 263 572 
6 27 245 250 267 292 669 
4 46 111 383 499 
11 98 102 109 167 194 247 292 356 357 456 640 
3 49 230 292 
5 51 142 189 299 539 
8 34 74 228 272 466 525 531 601 
5 128 143 163 311 566 
5 20 99 360 401 446 
8 98 283 367 505 574 615 657 688 
6 58 86 89 352 418 580 
9 73 75 301 336 459 467 639 660 696 
9 6 69 89 203 235 398 413 436 665 
8 37 52 65 92 252 439 461 491 
3 119 265 648 
6 25 145 316 374 409 459 
3 534 589 673 
6 124 241 471 498 561 574 
10 32 57 62 165 185 225 380 426 492 568 
4 5 124 643 679 
3 80 441 508 
5 201 324 413 602 687 
6 137 253 266 299 407 614 
3 396 416 436 
5 51 126 536 546 669 
7 10 110 167 173 475 569 601 
6 223 355 360 369 505 673 
4 21 405 495 583 
8 85 175 299 396 488 556 574 647 
5 245 268 295 403 545 
8 23 137 189 308 359 502 543 678 
5 102 218 397 583 671 
9 24 43 94 117 181 259 443 576 622 
6 32 145 178 343 414 686 
4 73 139 316 381 
5 179 212 220 239 451 
6 64 236 244 248 297 375 
3 107 372 406 
4 37 183 242 636 
2 29 698 
2 266 338 
2 521 691 
4 127 312 499 656 
8 37 83 136 385 464 552 604 677 
3 89 212 325 
9 55 195 262 345 442 499 538 633 678 
6 32 92 121 142 660 696 
2 430 638 
5 175 321 460 462 578 
6 85 209 354 439 502 692 
5 31 227 456 571 672 
6 113 313 531 555 569 595 
4 82 146 561 643 
8 101 240 306 311 429 437 537 587 
10 17 30 53 133 141 170 224 463 635 681 
2 25 215 
3 30 520 593 
7 77 325 327 337 411 544 602 
7 16 76 433 534 536 612 676 
8 8 109 125 250 510 621 622 641 
5 81 256 377 490 683 
4 39 83 329 630 
4 79 144 319 515 
12 71 96 162 164 175 220 271 292 495 514 571 673 
6 62 80 97 140 546 675 
6 285 309 341 352 393 424 
5 16 47 68 206 697 
3 29 458 684 
10 182 211 265 307 410 468 535 572 595 679 
4 112 239 412 652 
7 29 31 63 107 228 647 669 
6 98 128 248 447 454 675 
3 97 472 605 
6 6 32 65 239 353 523 
7 238 260 442 451 562 606 697 
7 51 105 122 168 172 187 330 
6 210 260 263 485 604 667 
7 82 104 107 220 410 478 691 
10 83 91 133 172 239 252 277 328 550 627 
9 22 28 90 192 346 433 506 631 685 
6 17 27 122 391 434 569 
4 172 358 531 619 
4 72 142 350 370 
7 22 50 192 290 481 522 548 
3 186 281 640 
4 8 96 117 317 
10 94 166 171 228 312 335 491 515 594 604 
7 139 221 352 365 441 520 684 
8 56 89 96 133 234 375 545 626 
5 126 236 387 441 673 
9 22 78 164 191 322 360 401 563 654 
1 44 
5 0 10 21 166 371 
5 88 231 331 381 683 
4 70 207 669 681 
5 156 294 420 501 677 
7 134 541 578 656 673 674 689 
9 206 223 272 278 398 459 608 618 628 
6 51 104 163 449 484 505 
3 152 388 608 
5 33 153 413 462 653 
5 307 333 524 615 689 
7 65 176 186 198 236 333 614 
6 94 99 316 330 527 692 
3 183 269 594 
4 36 38 185 223 
3 78 520 612 
9 43 108 159 168 325 340 439 450 530 
6 61 154 176 196 350 586 
8 26 90 129 184 255 298 343 543 
4 128 549 688 699 
6 154 271 274 513 610 682 
4 1 373 377 624 
4 290 394 418 589 
6 1 18 73 97 107 218 
5 115 379 389 618 698 
4 168 298 392 605 
7 62 156 197 368 427 458 621 
7 41 49 235 310 351 376 541 
4 174 176 229 586 
2 53 106 
5 83 181 208 265 559 
4 73 268 305 564 
7 24 65 101 214 239 334 519 
8 26 336 368 383 422 445 641 691 
6 81 300 304 355 622 657 
3 34 52 549 
7 71 258 397 432 459 501 617 
3 14 244 445 
2 243 484 
3 221 541 554 
3 153 236 645 
0 
8 5 118 205 348 387 432 445 539 
4 119 150 219 656 
4 127 130 384 696 
7 248 336 365 396 580 623 692 
5 114 136 160 584 604 
3 296 541 571 
7 4 203 237 294 321 472 522 
7 126 318 331 404 429 441 668 
8 156 196 264 381 393 486 657 699 
1 512 
6 82 285 384 488 495 605 
9 26 117 256 319 516 587 595 607 643 
7 82 109 195 309 413 516 587 
6 37 242 324 414 596 671 
9 105 111 186 270 315 323 462 567 647 
6 22 44 248 305 488 694 
6 94 126 135 315 631 670 
3 195 282 320 
4 73 331 475 576 
5 105 268 281 410 457 
3 94 97 100 
6 44 188 233 238 402 663 
2 138 557 
6 47 67 82 228 359 416 
5 121 127 138 476 572 
11 251 259 281 293 302 365 469 616 624 652 655 
5 52 325 368 501 655 
5 54 427 513 604 664 
3 269 366 638 
7 11 51 140 462 560 636 650 
3 87 552 673 
8 57 123 350 395 420 422 462 638 
3 128 489 548 
6 37 124 222 274 406 521 
8 103 121 166 238 310 338 341 555 
5 94 539 542 583 677 
4 173 254 257 488 
9 24 49 328 375 492 562 573 593 622 
5 223 504 540 555 618 
4 109 273 672 697 
7 98 102 314 497 568 589 611 
7 194 212 332 503 589 607 687 
6 22 193 267 288 330 522 
5 64 164 169 222 327 
4 127 160 218 539 
6 136 211 289 290 387 679 
2 121 643 
1 330 
4 214 304 317 640 
3 40 317 415 
2 406 603 
5 1 4 31 158 463 
4 295 410 479 536 
7 152 247 452 479 544 586 600 
4 85 116 623 657 
4 113 262 324 474 
6 140 295 402 428 537 637 
6 68 347 519 605 663 672 
6 95 279 289 389 466 501 
6 87 197 254 394 469 506 
6 9 54 63 193 317 584 
0 
6 142 200 310 411 488 603 
5 74 333 483 554 692 
5 274 440 547 579 682 
3 263 446 456 
5 50 133 196 220 555 
7 10 153 343 401 536 543 645 
6 54 82 96 218 298 693 
5 106 149 452 505 666 
5 185 195 335 448 675 
5 45 116 124 190 338 
3 73 437 450 
8 37 336 368 482 503 596 621 662 
2 537 641 
7 10 69 233 326 525 551 696 
8 25 89 105 175 271 414 551 604 
5 138 267 323 569 601 
4 23 429 509 626 
6 14 112 392 670 680 691 
1 373 
8 173 227 338 359 380 400 609 688 
4 107 461 577 693 
8 31 137 294 300 479 567 625 664 
12 15 55 108 121 150 279 424 528 590 634 641 690 
3 158 578 622 
4 93 173 186 621 
10 54 88 92 97 142 313 424 545 610 653 
2 72 302 
6 36 308 337 437 673 678 
5 57 165 369 408 474 
2 148 329 
9 55 147 255 287 556 584 587 629 639 
3 20 48 263 
1 484 
4 22 205 274 580 
8 55 90 155 167 261 533 589 699 
3 440 483 606 
6 20 78 376 391 427 515 
7 10 177 361 412 561 584 600 
4 32 97 276 598 
3 41 493 662 
5 188 211 342 386 395 
7 5 128 244 356 456 500 584 
3 79 163 294 
7 188 281 294 343 409 500 595 
6 1 146 276 310 422 455 
4 51 177 367 383 
6 93 95 455 487 488 696 
5 248 275 573 628 629 
2 64 207 
6 19 95 217 245 558 616 
5 160 410 413 469 583 
6 33 87 140 422 502 567 
6 41 59 376 426 501 627 
5 20 194 229 277 543 
8 48 141 171 403 509 543 569 602 
3 123 180 565 
4 166 319 602 653 
9 82 130 228 521 589 604 642 679 696 
7 25 116 274 296 302 318 649 
2 191 538 
9 12 130 185 216 247 272 525 572 650 
4 261 298 383 658 
5 252 258 368 593 664 
11 97 267 360 404 412 418 422 521 548 555 686 
5 116 442 554 590 646 
3 210 236 453 
4 366 428 579 672 
8 103 171 177 257 478 492 601 649 
9 169 288 322 393 477 489 619 641 656 
5 28 429 501 504 506 
3 399 525 613 
5 84 162 310 529 557 
4 399 422 552 671 
4 244 506 576 625 
7 194 282 311 443 456 536 543 
5 197 210 370 405 538 
4 102 132 197 359 
2 320 655 
7 1 20 22 23 82 465 598 
3 177 306 432 
9 114 158 235 256 257 336 485 555 698 
7 48 204 208 504 566 623 647 
7 157 272 311 380 429 535 680 
5 55 422 480 517 685 
4 128 135 220 275 
4 24 41 47 316 
3 144 235 498 
2 30 528 
8 177 240 272 376 429 542 554 610 
3 341 402 605 
5 144 200 396 579 626 
6 141 167 423 560 614 681 
6 72 293 403 442 561 694 
7 87 120 325 559 618 624 690 
7 49 241 453 469 521 581 686 
3 84 164 434 
9 137 186 214 258 285 494 506 524 653 
5 26 72 288 296 656 
3 61 105 472 
3 70 239 471 
2 192 338 
5 166 168 374 535 628 
10 34 53 122 299 318 363 392 525 545 560 
7 104 200 201 212 399 631 685 
4 159 272 316 451 
5 11 81 163 270 422 
3 169 291 510 
3 67 158 405 
5 6 109 282 323 467 
5 166 229 322 364 457 
6 40 165 207 459 469 541 
10 63 76 126 178 307 425 426 504 509 575 
7 227 382 404 431 446 549 638 
5 76 195 473 568 610 
9 97 189 491 509 521 532 572 579 643 
3 80 243 567 
9 14 94 122 194 199 510 650 685 686 
4 112 159 170 382 
2 193 526 
7 120 121 215 340 403 570 660 
3 142 362 411 
5 105 222 392 553 698 
7 30 143 155 225 294 501 541 
6 76 241 340 352 395 410 
12 9 59 186 223 233 314 456 553 572 627 660 683 
4 467 485 536 671 
6 126 333 337 599 606 641 
4 84 186 303 615 
2 254 606 
8 52 128 219 257 482 507 618 688 
2 435 689 
5 64 367 637 664 680 
2 98 663 
2 209 405 
7 152 385 408 486 525 543 575 
4 397 471 591 647 
4 101 127 183 624 
6 137 504 519 550 587 620 
7 29 84 106 337 366 404 657 
3 92 376 689 
5 68 508 646 657 678 
7 45 144 403 429 492 536 611 
8 22 255 521 527 568 601 612 687 
4 22 462 618 698 
4 100 549 630 647 
4 49 175 233 290 
4 27 45 109 277 
5 251 395 447 629 697 
4 334 368 541 567 
3 316 408 542 
6 323 435 487 590 673 691 
4 0 106 155 177 
6 180 280 352 422 454 594 
5 28 259 345 578 675 
7 136 143 178 225 276 362 661 
4 45 242 610 675 
3 101 289 486 
3 111 400 533 
2 56 613 
4 131 232 525 578 
4 34 315 495 567 
4 55 107 189 502 
8 137 250 266 302 353 409 534 535 
5 79 131 455 554 679 
1 563 
6 134 462 490 493 583 619 
6 15 37 233 296 383 391 
8 53 112 160 432 495 528 611 686 
5 326 331 592 666 677 
7 21 143 259 275 380 634 661 
4 154 162 549 648 
3 62 348 395 
4 254 415 494 669 
6 4 108 152 197 518 658 
2 118 392 
5 134 210 413 560 678 
2 427 525 
5 99 250 380 518 523 
5 135 231 316 335 388 
6 84 160 282 419 466 566 
3 5 132 211 
8 183 254 337 361 385 414 599 696 
8 3 42 47 155 304 445 534 575 
8 50 146 349 437 486 500 503 510 
4 31 116 512 578 
5 284 286 317 403 468 
4 233 371 436 535 
5 0 27 109 219 604 
5 5 173 208 303 655 
7 48 268 306 333 355 399 471 
6 159 277 326 352 507 540 
8 46 289 321 347 413 557 559 668 
5 6 56 185 202 587 
4 41 441 573 687 
6 242 348 363 484 504 583 
4 34 257 376 531 
8 87 96 171 204 264 337 419 663 
4 76 214 334 524 
4 88 251 277 627 
10 3 31 40 119 164 264 389 405 443 477 
8 16 52 165 228 395 444 515 697 
6 9 201 386 596 597 692 
7 3 42 175 448 535 549 609 
2 453 455 
5 29 132 277 561 655 
2 393 410 
5 114 183 466 666 667 
2 549 562 
12 143 183 258 265 277 286 297 319 366 641 658 683 
2 1 305 
6 84 236 239 457 496 686 
4 325 470 505 648 
4 37 266 325 493 
6 136 179 250 390 456 525 
4 208 280 463 621 
7 72 159 230 283 296 302 355 
5 11 66 431 608 640 
3 326 430 649 
5 146 152 293 381 616 
3 77 98 558 
3 99 309 593 
4 344 364 508 624 
6 31 42 400 497 686 690 
6 72 224 241 397 630 681 
6 444 543 555 578 629 642 
7 32 68 126 593 628 649 675 
4 2 216 249 631 
6 39 106 108 159 407 476 
7 64 93 278 306 549 558 607 
9 51 288 413 470 513 576 649 676 684 
5 16 414 438 458 478 
6 143 147 152 396 485 507 
4 27 217 326 604 
2 90 361 
2 222 416 
2 117 637 
6 126 224 467 490 571 617 
6 54 93 318 602 647 673 
5 18 205 221 456 502 
3 279 308 417 
4 90 366 572 685 
8 258 260 377 417 486 533 640 664 
9 22 69 217 255 288 338 427 452 500 
6 171 323 424 526 557 652 
6 5 86 136 444 541 641 
8 30 34 116 146 324 553 636 675 
2 67 615 
5 3 32 234 587 597 
10 67 119 166 181 183 357 379 605 674 694 
3 73 203 428 
1 62 
4 3 292 505 560 
5 25 210 393 420 632 
4 30 322 339 450 
3 87 399 615 
7 16 177 211 264 308 324 560 
4 3 425 443 601 
6 36 313 349 403 517 598 
4 10 91 158 312 
3 327 626 671 
5 207 242 595 608 649 
5 44 170 504 557 699 
2 176 441 
3 282 413 613 
4 18 96 281 444 
4 204 205 235 649 
3 297 508 691 
4 102 595 599 669 
4 225 343 553 585 
5 215 249 557 572 632 
6 117 148 246 408 576 690 
6 95 294 339 445 505 543 
7 3 160 348 370 397 455 559 
2 260 364 
9 47 162 167 188 214 260 497 621 644 
5 184 282 525 541 680 
5 79 379 450 611 660 
4 32 105 328 595 
6 37 189 281 355 562 667 
3 253 379 426 
4 310 386 510 605 
7 16 46 82 162 374 381 620 
3 424 546 688 
5 192 436 488 689 692 
6 5 36 300 546 552 647 
3 21 61 64 
5 255 257 397 456 572 
9 4 114 146 178 210 266 283 336 620 
8 49 68 265 375 452 532 609 614 
5 193 225 397 529 688 
8 190 283 295 325 351 408 475 682 
7 28 45 117 221 425 465 485 
5 98 211 283 287 310 
4 343 404 445 619 
6 39 354 435 480 649 661 
4 230 268 325 328 
8 78 320 330 397 494 600 667 692 
1 657 
8 161 398 589 606 608 618 663 698 
5 130 179 443 556 672 
2 82 576 
5 81 105 250 414 548 
4 163 164 604 628 
3 297 471 609 
3 387 391 577 
4 142 209 351 647 
5 75 106 125 523 568 
8 60 185 271 277 308 328 356 597 
6 102 158 194 534 610 653 
5 92 391 520 525 558 
3 120 310 411 
11 25 227 274 284 316 348 373 390 427 489 523 
2 332 457 
4 122 356 594 685 
5 236 301 381 545 631 
3 285 503 580 
3 126 553 595 
4 25 70 100 409 
5 4 328 502 587 679 
3 248 371 455 
6 35 77 376 396 522 649 
8 87 296 315 376 400 416 604 616 
7 43 77 204 219 288 339 355 
4 72 208 226 541 
3 64 273 289 
5 24 152 187 196 655 
3 190 404 641 
10 115 137 149 157 324 336 362 458 489 537 
3 187 302 363 
10 49 128 219 267 268 288 348 438 485 610 
4 10 76 205 631 
6 48 107 239 316 528 558 
6 43 83 496 498 560 698 
2 216 654 
6 102 184 277 515 598 646 
10 15 129 145 326 358 384 416 421 442 616 
2 97 351 
3 227 228 605 
6 10 62 182 286 498 567 
6 6 335 338 459 482 530 
7 149 215 278 302 377 560 616 
9 70 186 190 218 277 294 438 585 649 
4 47 244 513 622 
8 174 285 405 457 475 483 614 630 
8 0 263 433 442 523 545 564 658 
4 140 307 405 486 
8 181 305 316 389 465 469 546 554 
5 36 71 251 306 418 
4 93 189 421 492 
3 18 109 378 
3 141 558 673 
1 269 
4 26 295 393 683 
8 3 166 235 265 329 362 374 552 
5 37 192 327 356 520 
5 44 70 99 229 268 
2 333 571 
8 69 82 157 450 570 639 688 692 
9 19 87 176 274 328 338 454 483 500 
3 189 261 407 
3 28 36 47 
3 325 348 396 
9 51 170 287 443 484 514 577 656 693 
4 234 518 576 583 
9 67 115 237 367 373 398 438 687 695 
5 216 280 304 328 615 
4 29 155 247 529 
1 308 
0 
8 7 46 50 187 264 379 408 577 
6 156 212 244 251 255 660 
4 482 555 628 676 
3 127 138 205 
9 72 163 164 244 351 406 461 532 590 
2 3 607 
8 35 132 192 193 248 271 512 652 
5 236 278 364 587 678 
1 349 
1 382 
8 75 189 276 434 439 621 656 670 
4 105 123 366 527 
8 70 87 163 257 474 481 491 530 
5 165 225 415 620 699 
4 415 461 521 646 
4 252 292 471 548 
4 340 395 481 697 
3 205 251 510 
6 25 44 229 281 356 470 
5 40 76 268 270 451 
2 202 214 
11 62 95 105 156 179 228 271 401 446 516 535 
8 91 135 162 209 303 462 494 551 
5 93 249 340 342 512 
4 163 193 442 588 
6 116 118 430 474 512 623 
4 233 416 502 517 
8 130 239 302 327 369 522 543 632 
5 192 355 381 490 683 
4 77 125 356 676 
5 1 284 372 477 649 
5 41 121 305 502 557 
6 28 120 341 460 468 579 
8 177 263 432 535 549 554 643 672 
2 146 450 
7 116 134 190 307 343 357 512 
5 100 282 379 507 621 
4 351 495 501 596 
9 14 78 136 225 238 428 488 593 619 
6 51 78 144 189 237 556 
4 155 206 295 608 
5 131 177 307 350 435 
3 235 287 676 
5 107 230 304 473 640 
4 97 266 338 412 
7 116 261 315 439 516 585 684 
4 244 261 361 438 
5 80 358 437 557 682 
8 98 168 317 440 528 544 634 662 
4 1 466 483 610 
2 64 675 
3 236 383 631 
2 4 73 
4 57 181 459 699 
4 208 345 449 682 
5 66 180 183 326 654 
4 30 244 571 680 
6 22 103 200 430 455 626 
11 9 78 143 226 236 282 340 422 458 540 698 
2 271 438 
7 38 71 163 198 328 616 675 
2 488 673 
3 10 150 219 
6 278 354 548 597 656 682 
10 16 47 89 166 295 349 358 451 498 519 
3 33 384 425 
12 272 281 431 439 443 474 479 508 534 555 613 676 
4 18 181 274 330 
1 7 
5 8 88 177 457 589 
5 119 239 270 310 522 
4 109 547 638 684 
6 177 178 291 402 418 539 
9 61 115 153 282 311 576 593 646 687 
8 28 144 160 206 352 354 511 665 
4 275 387 422 558 
0 
7 30 65 333 338 490 584 677 
4 16 368 383 508 
3 225 253 631 
6 9 173 209 346 410 512 
5 179 235 276 345 455 
2 31 657 
3 221 382 420 
4 95 420 492 510 
2 159 405 
7 20 43 89 113 386 481 697 
3 168 231 593 
5 50 165 286 339 473 
6 69 191 209 280 513 616 
11 35 45 82 108 115 182 241 364 451 564 644 
2 115 462 
9 83 90 222 367 369 439 459 633 643 
6 77 443 585 612 625 649 
7 62 114 187 382 660 679 690 
6 49 64 241 354 389 590 
7 38 87 197 271 377 532 677 
5 231 296 345 489 639 
5 73 113 305 437 697 
6 130 216 504 630 637 646 
6 79 112 338 422 566 611 
5 86 106 443 628 654 
6 98 297 317 330 454 527 
7 52 277 308 330 381 424 436 
7 40 193 356 407 578 656 688 
8 28 129 233 343 496 503 571 687 
5 115 120 344 353 497 
5 236 307 436 484 677 
6 60 96 143 231 364 480 
8 68 122 155 215 415 497 510 571 
3 220 234 576 
3 167 306 462 
1 578 
7 30 65 154 227 260 271 395 
8 85 93 191 361 414 599 669 681 
8 58 134 294 335 357 512 546 641 
6 129 160 248 475 596 636 
700 1778
5 196 493 532 572 608 
8 124 131 197 200 235 273 522 679 
10 80 200 301 376 391 392 546 610 611 662 
8 82 84 193 254 276 499 510 520 
8 35 189 399 425 604 619 685 694 
4 128 374 403 446 
7 25 226 285 441 512 564 589 
6 30 153 324 333 568 670 
9 79 236 263 361 410 467 528 672 692 
7 169 186 222 356 371 485 605 
7 180 287 295 456 512 531 564 
4 448 470 478 624 
5 238 245 280 436 651 
3 83 616 652 
5 264 310 369 506 684 
5 119 125 253 402 676 
5 62 105 145 282 388 
9 250 319 320 440 485 512 589 658 688 
3 191 298 385 
5 191 245 318 361 445 
4 26 264 279 695 
5 68 174 454 601 690 
6 158 204 280 300 421 451 
5 70 239 300 403 615 
7 161 168 245 333 381 656 689 
7 6 142 330 352 505 580 681 
7 20 51 153 482 538 659 689 
2 411 535 
5 151 358 488 534 695 
8 138 234 242 255 317 429 459 558 
2 7 424 
4 53 105 145 696 
5 65 359 489 521 546 
3 141 365 432 
4 282 300 425 693 
3 4 69 327 
4 42 434 550 632 
4 96 193 373 633 
3 180 235 620 
7 203 313 360 449 495 656 679 
6 66 191 223 250 314 681 
7 144 201 221 313 333 488 529 
3 36 62 121 
7 150 230 250 323 539 611 658 
3 432 511 595 
8 146 237 242 246 297 301 345 493 
8 120 166 267 401 447 455 513 619 
4 149 153 544 550 
3 148 341 545 
6 214 270 452 484 552 589 
5 55 229 302 394 493 
3 26 161 579 
5 56 282 485 602 646 
8 31 91 161 170 189 352 485 578 
7 78 214 500 529 616 683 685 
5 50 64 187 530 590 
6 52 78 93 174 237 677 
6 140 142 286 525 534 679 
3 448 531 541 
5 211 279 362 413 597 
4 112 324 351 452 
4 81 129 169 228 
12 16 42 68 293 326 343 431 441 467 620 660 664 
1 298 
7 55 82 165 352 499 521 623 
7 32 102 167 439 568 597 631 
5 40 241 290 546 578 
9 233 282 317 334 358 375 399 440 466 
7 21 62 112 380 398 494 616 
8 35 141 247 259 580 600 628 631 
5 23 83 235 276 510 
2 160 201 
1 178 
9 105 246 358 428 515 538 553 559 604 
3 109 340 612 
2 461 628 
5 153 284 544 625 646 
4 113 267 485 629 
6 54 56 319 443 468 575 
4 8 137 490 630 
5 2 210 333 377 433 
6 61 251 323 340 413 697 
4 3 64 475 562 
4 13 70 419 445 
6 3 172 271 535 678 688 
4 101 224 395 565 
3 473 497 555 
5 167 316 508 538 605 
4 115 296 630 682 
2 147 243 
2 202 402 
6 53 312 347 426 581 635 
5 269 305 360 657 668 
1 56 
5 411 450 455 499 655 
8 195 321 418 493 524 527 538 586 
4 37 174 529 594 
3 114 125 213 
5 191 224 327 529 550 
5 205 258 410 509 689 
4 229 247 462 681 
8 85 146 181 347 379 436 489 554 
5 65 290 368 610 611 
3 123 598 645 
5 134 269 409 469 619 
9 16 31 73 194 240 325 350 475 530 
4 158 174 267 477 
3 466 514 521 
7 171 356 369 377 393 534 665 
5 74 383 553 660 669 
3 315 335 468 
6 123 192 246 311 510 623 
7 60 68 224 367 467 508 672 
4 77 131 418 494 
5 97 288 354 411 644 
6 88 199 258 421 479 658 
2 294 548 
4 560 588 591 614 
0 
6 15 250 336 338 477 489 
5 46 165 401 472 684 
4 42 126 290 579 
5 187 303 327 332 350 
3 103 111 253 
5 1 388 463 519 681 
4 15 97 292 542 
4 121 419 483 694 
3 174 386 541 
8 5 231 278 470 520 542 566 652 
8 61 162 347 411 464 616 647 686 
8 198 249 329 380 391 403 430 540 
4 1 113 431 695 
2 133 204 
1 132 
2 104 224 
3 470 491 556 
2 294 654 
3 79 442 495 
3 29 141 290 
8 201 229 232 271 273 441 558 623 
2 57 468 
7 33 69 138 256 418 576 660 
11 25 57 158 181 326 412 417 475 592 645 658 
5 309 325 656 684 687 
7 41 272 442 486 606 674 687 
9 16 31 191 200 261 486 496 574 684 
9 45 101 159 162 306 440 472 583 593 
3 89 185 517 
7 48 217 304 316 483 616 639 
2 47 253 
6 43 158 392 421 574 643 
7 28 161 344 346 505 565 645 
7 307 389 400 511 554 594 613 
7 7 26 47 76 462 522 583 
5 256 392 405 670 697 
1 673 
2 184 281 
2 235 445 
10 22 106 142 150 251 279 282 301 543 663 
5 146 212 401 459 599 
5 71 226 539 598 691 
9 24 51 53 151 192 253 456 491 525 
5 129 146 410 566 569 
3 196 430 641 
4 283 421 650 656 
4 64 120 378 691 
4 46 176 344 454 
9 65 87 240 308 361 425 632 640 653 
7 24 201 206 219 274 500 651 
6 9 61 416 464 504 592 
3 53 527 620 
4 108 377 579 668 
3 84 524 594 
2 186 671 
9 21 56 96 106 127 211 339 394 627 
3 188 264 266 
4 166 185 521 621 
3 259 357 643 
1 72 
4 216 249 290 376 
7 10 38 187 263 392 474 692 
7 101 142 236 237 367 486 506 
2 207 308 
0 
3 156 462 578 
5 147 176 541 636 696 
5 9 173 201 291 536 
10 55 122 180 330 376 428 525 557 591 683 
5 175 318 350 518 670 
5 4 53 217 238 581 
7 455 501 529 532 650 665 684 
8 18 19 40 98 145 229 549 564 
7 111 161 194 236 244 607 665 
6 3 37 222 562 604 641 
11 105 192 280 388 438 445 495 510 535 657 685 
2 95 612 
5 0 163 310 609 695 
9 1 272 340 402 461 567 592 645 661 
5 130 292 318 325 506 
6 115 203 251 306 315 482 
7 1 2 145 377 501 515 534 
9 41 71 139 168 186 224 272 302 331 
2 90 211 
5 39 199 419 506 664 
3 22 132 364 
4 99 349 585 668 
4 168 207 224 661 
6 182 206 409 486 528 593 
5 245 299 426 433 648 
4 282 316 652 657 
7 80 214 226 276 373 465 622 
8 59 174 202 235 291 435 670 698 
5 159 214 314 366 376 
4 97 333 543 694 
6 49 54 210 212 550 686 
6 249 319 513 539 595 698 
5 179 258 362 493 524 
4 148 189 233 491 
4 230 283 325 540 
8 168 380 425 451 503 535 650 676 
3 222 546 665 
4 41 228 342 640 
5 9 193 220 414 489 
2 40 366 
10 85 98 112 134 201 206 270 444 515 638 
9 300 353 388 407 427 434 485 491 576 
8 6 160 210 312 351 465 673 689 
4 282 479 490 523 
5 61 221 457 560 583 
12 50 100 139 191 309 324 354 377 472 554 579 646 
5 43 218 288 533 662 
5 128 234 266 561 652 
2 139 566 
7 67 217 240 258 269 437 457 
4 29 231 406 466 
9 1 38 70 157 211 269 362 481 584 
7 8 181 192 264 366 437 696 
4 45 56 181 319 
5 12 189 501 563 658 
5 23 314 411 548 582 
6 105 167 233 386 431 667 
4 66 259 394 403 
4 29 45 336 400 
3 89 384 564 
6 192 270 362 367 538 600 
8 12 19 24 208 434 438 477 542 
6 45 73 111 313 415 463 
6 69 100 251 268 554 667 
4 413 484 656 694 
8 130 179 215 255 317 453 481 484 
9 17 40 43 119 278 353 407 425 459 
5 81 158 199 247 315 
1 642 
8 15 123 149 161 281 310 365 580 
5 3 279 388 472 520 
11 29 249 392 418 437 450 540 548 560 574 601 
6 141 154 385 472 496 572 
1 512 
7 99 115 216 233 275 437 438 
8 69 177 241 442 453 618 655 693 
2 461 487 
4 145 433 624 691 
3 312 669 683 
5 8 180 349 443 499 
8 14 20 175 236 294 410 632 669 
4 285 422 472 630 
3 175 231 585 
8 46 77 106 370 458 466 595 621 
4 247 329 562 661 
6 92 104 233 235 452 618 
9 49 224 244 281 289 304 495 511 628 
5 84 139 345 374 553 
7 144 197 201 325 497 625 657 
3 1 139 350 
5 168 330 335 395 566 
3 258 366 598 
5 3 70 210 308 519 
5 302 373 393 578 683 
6 128 250 280 533 552 687 
8 20 59 158 254 346 409 417 567 
7 12 22 194 278 373 388 658 
8 156 253 270 312 354 572 595 668 
9 16 34 52 67 158 209 227 456 687 
5 164 218 329 430 688 
3 76 614 625 
3 6 265 486 
3 57 320 643 
3 10 424 509 
6 114 230 414 419 684 691 
4 270 355 471 657 
8 66 102 121 138 179 486 544 584 
4 186 211 559 606 
5 125 198 309 338 642 
4 62 326 333 633 
9 116 136 264 321 368 535 562 584 677 
2 10 595 
5 88 444 451 460 583 
2 45 428 
4 18 63 393 465 
4 208 522 669 687 
7 22 23 34 225 461 535 553 
7 2 45 158 490 512 650 693 
5 50 201 277 441 679 
4 122 407 499 524 
5 148 270 366 407 646 
5 92 628 656 659 665 
7 146 199 330 366 572 621 688 
4 152 348 409 590 
8 167 182 276 327 425 608 654 658 
5 143 229 292 431 450 
5 14 196 253 315 608 
2 111 360 
9 91 226 262 281 351 426 477 660 692 
4 39 41 246 690 
5 40 212 239 384 491 
7 110 199 251 310 486 540 577 
6 87 148 209 353 412 623 
5 29 67 249 324 357 
3 19 188 198 
9 17 78 215 237 326 339 360 635 641 
3 17 286 427 
4 95 294 456 670 
3 422 486 516 
4 43 81 513 665 
8 7 60 229 317 501 598 610 691 
8 105 143 198 218 272 389 453 513 
6 62 142 293 319 522 599 
7 35 98 122 308 384 539 695 
1 459 
5 130 268 283 668 691 
6 25 187 274 306 530 589 
3 201 487 580 
2 122 627 
10 7 24 41 80 213 293 445 475 528 610 
5 67 530 554 560 612 
5 110 274 623 638 678 
8 119 242 339 418 594 622 625 696 
3 439 456 602 
4 119 292 528 534 
3 174 319 336 
4 74 81 197 389 
2 48 587 
2 221 397 
4 62 371 617 676 
3 151 166 376 
4 45 271 619 662 
5 151 279 399 560 611 
6 91 101 129 386 393 496 
5 307 417 549 666 693 
6 205 263 360 490 527 535 
5 105 122 188 273 390 
8 60 226 312 562 564 569 624 693 
5 25 53 64 451 622 
8 225 250 316 393 434 450 615 630 
7 114 229 281 440 491 498 556 
2 289 359 
9 9 108 391 503 584 608 634 663 693 
5 177 317 377 598 674 
5 28 67 73 404 619 
4 32 355 452 576 
7 39 92 311 319 349 460 644 
4 8 19 167 598 
5 59 216 235 244 603 
3 433 476 643 
3 204 562 646 
6 33 253 394 607 612 667 
7 212 223 236 275 304 306 417 
5 112 181 244 426 507 
3 102 294 455 
5 14 108 396 430 642 
5 267 405 453 520 534 
4 9 343 399 623 
0 
9 37 210 277 280 423 529 544 561 586 
4 5 271 385 674 
3 67 596 646 
5 2 179 187 212 344 
7 80 108 171 200 229 357 494 
2 165 574 
2 101 579 
4 68 130 219 655 
1 24 
2 494 516 
3 109 471 576 
4 243 314 327 539 
5 18 256 374 493 641 
5 127 240 347 457 602 
3 548 619 657 
7 16 124 194 225 254 280 651 
4 152 325 340 546 
2 350 575 
5 2 130 356 447 464 
6 2 150 154 180 255 475 
9 108 277 298 347 353 409 445 488 498 
6 50 174 241 365 608 666 
4 85 274 451 589 
5 369 398 498 592 601 
2 342 485 
5 68 396 477 587 662 
9 4 67 346 371 483 523 602 604 648 
5 152 242 520 585 629 
3 46 120 159 
5 15 90 197 466 641 
7 5 23 130 241 586 659 689 
4 358 457 534 542 
2 154 370 
5 234 515 548 618 641 
10 225 250 303 304 440 464 550 573 604 696 
2 425 444 
6 104 207 279 307 393 420 
4 8 99 162 264 
6 27 94 114 129 239 413 
7 142 316 460 545 568 570 595 
4 59 81 248 411 
2 222 288 
3 246 581 646 
1 169 
8 142 279 348 366 513 521 589 613 
7 95 113 141 255 336 442 574 
6 83 126 203 288 542 620 
3 409 526 593 
5 22 115 150 164 477 
3 265 322 608 
3 373 491 553 
6 30 287 462 562 623 699 
8 4 34 167 219 250 308 408 581 
6 91 208 312 367 434 515 
3 225 320 598 
8 73 187 297 439 459 584 666 695 
4 29 473 581 670 
7 130 163 283 369 495 571 589 
6 62 131 240 309 540 561 
3 33 44 665 
6 80 208 261 363 488 548 
6 36 225 245 353 426 591 
1 211 
5 12 101 504 518 528 
12 233 236 255 258 482 503 553 579 587 616 670 689 
4 194 245 258 607 
6 65 337 428 528 581 673 
9 17 67 146 354 407 594 600 618 634 
4 6 62 139 302 
4 137 144 259 418 
4 78 263 647 690 
5 224 296 408 594 620 
10 19 83 157 194 333 393 468 528 571 687 
4 5 594 651 688 
4 46 391 525 581 
4 11 58 512 513 
3 39 611 693 
4 94 255 309 353 
6 22 219 296 352 395 461 
8 49 60 269 359 470 472 497 585 
4 249 259 325 370 
4 21 166 554 680 
8 46 94 190 368 503 517 646 683 
5 10 161 282 321 337 
6 228 233 386 404 477 657 
3 267 556 667 
5 29 159 250 328 428 
4 296 360 412 627 
7 75 197 260 300 451 525 616 
4 100 153 184 424 
4 124 246 484 573 
5 129 169 391 407 642 
5 210 226 298 539 683 
5 67 107 234 267 402 
7 8 62 112 493 514 613 639 
4 78 110 140 445 
4 104 546 557 672 
6 11 128 135 452 528 558 
3 289 383 479 
7 120 146 229 254 256 265 452 
3 86 429 563 
3 180 628 669 
6 82 105 142 333 392 493 
3 363 617 659 
8 106 119 245 312 398 421 457 566 
3 11 618 678 
4 115 227 471 556 
4 526 555 653 660 
3 235 249 629 
3 26 199 437 
6 126 148 399 599 612 617 
9 49 248 249 463 507 555 571 604 684 
8 9 17 52 53 77 225 397 630 
9 144 145 181 207 285 290 315 322 587 
6 260 331 506 594 654 673 
6 28 41 393 433 537 607 
8 32 101 119 222 490 512 643 665 
6 79 227 301 349 489 694 
11 135 161 217 225 314 354 423 510 556 668 679 
2 551 677 
9 0 45 50 95 216 385 467 475 615 
6 68 113 377 382 611 620 
6 39 137 194 270 430 667 
3 145 256 347 
3 86 272 452 
3 354 393 396 
5 3 64 94 263 303 
4 54 168 555 649 
6 190 200 238 324 509 689 
3 552 668 677 
4 219 356 437 455 
4 169 436 540 599 
3 25 151 583 
7 14 181 198 203 487 556 605 
3 367 484 585 
3 87 112 664 
3 99 287 501 
7 3 70 111 194 491 513 609 
3 44 152 270 
10 6 10 17 257 301 448 489 535 625 640 
7 46 215 323 325 417 448 510 
3 107 467 577 
6 73 200 224 406 426 552 
2 322 382 
3 147 455 549 
3 188 436 693 
3 124 276 531 
6 3 128 254 370 400 631 
5 32 64 107 176 417 
6 1 153 299 326 525 669 
3 227 399 594 
5 95 172 216 303 641 
7 57 161 187 447 461 522 638 
2 420 480 
4 95 170 349 664 
8 8 207 333 338 436 439 445 470 
6 41 54 96 98 190 373 
6 55 105 330 334 585 644 
4 10 58 519 561 
2 0 190 
4 230 278 537 542 
7 28 57 108 200 338 370 404 
8 27 84 194 219 294 300 349 512 
1 186 
3 488 533 570 
5 26 73 87 95 244 
9 43 160 215 327 384 465 565 620 697 
8 130 218 255 315 431 504 605 656 
4 58 127 185 555 
7 125 128 245 404 419 533 674 
4 158 213 567 682 
5 47 76 290 373 560 
3 48 412 549 
7 2 32 66 220 389 469 594 
0 
6 116 239 255 387 406 433 
4 191 348 517 545 
7 36 47 98 214 407 624 698 
3 492 654 672 
4 49 278 502 515 
6 73 109 271 300 423 437 
7 101 152 229 247 334 454 587 
5 86 480 484 500 541 
9 135 354 458 479 491 506 637 653 679 
2 187 469 
3 29 139 470 
2 73 291 
7 117 228 255 334 346 544 620 
5 231 373 431 531 573 
8 82 193 268 294 351 364 424 654 
6 238 473 569 639 667 670 
7 6 10 191 243 351 632 677 
3 85 151 539 
6 128 162 232 274 477 612 
5 197 279 543 578 643 
5 7 65 412 579 690 
3 162 351 563 
2 412 537 
4 430 445 484 627 
4 0 256 281 306 
3 407 463 561 
7 145 150 255 378 418 619 685 
2 78 390 
5 141 225 359 383 673 
2 315 514 
5 53 66 184 277 567 
8 51 121 171 229 379 437 568 596 
4 25 69 253 331 
9 91 189 415 425 429 439 447 600 688 
2 239 691 
5 146 153 228 296 505 
5 235 290 294 356 428 
7 205 266 400 452 507 530 599 
5 95 373 403 598 611 
5 341 398 437 486 554 
1 117 
7 6 17 49 330 395 417 430 
3 55 307 686 
4 117 187 434 656 
4 142 169 197 396 
5 146 207 420 621 661 
10 96 152 172 336 440 444 446 487 523 546 
6 44 215 267 281 295 412 
5 375 579 604 637 685 
2 59 65 
9 103 160 275 324 357 361 427 586 675 
6 159 326 483 504 585 645 
4 69 244 440 581 
4 21 255 396 684 
4 52 337 386 399 
4 362 620 625 663 
7 4 73 193 399 407 484 596 
4 9 87 506 540 
3 144 291 609 
4 192 365 438 488 
7 0 308 310 356 394 422 618 
3 196 510 606 
5 2 102 324 333 691 
9 2 43 102 346 449 494 586 676 681 
7 74 195 334 365 483 566 624 
3 152 417 467 
2 117 284 
4 23 353 493 633 
7 13 54 68 129 148 437 461 
4 343 476 483 648 
6 259 269 406 440 478 608 
8 4 46 104 345 358 387 574 622 
10 38 62 170 419 444 494 539 560 603 623 
5 176 267 306 593 641 
5 210 336 352 619 679 
8 64 111 139 316 335 371 424 620 
5 11 261 351 550 612 
7 76 272 284 336 512 603 667 
0 
4 174 332 460 571 
6 69 75 270 305 474 683 
3 77 400 481 
7 79 88 265 353 485 647 667 
4 65 69 520 686 
4 36 167 264 564 
3 37 293 615 
2 356 440 
2 91 319 
2 185 675 
2 556 596 
3 224 335 525 
4 148 467 563 662 
4 167 221 512 655 
8 163 193 319 385 402 406 524 621 
5 252 292 369 464 682 
7 150 177 286 363 489 567 675 
4 114 360 530 665 
5 103 142 151 197 599 
9 52 76 229 304 364 375 415 455 672 
3 129 443 630 
3 208 399 617 
1 500 
4 164 190 219 301 
4 12 168 388 446 
5 13 128 209 231 661 
3 167 480 556 
5 136 308 487 551 562 
4 94 259 380 640 
8 24 39 143 164 248 305 540 591 
7 92 194 209 272 289 387 457 
7 17 43 115 142 238 280 308 
5 26 305 403 476 690 
5 62 109 141 312 480 
5 197 206 268 593 652 
5 2 230 345 398 639 
4 158 356 603 699 
5 62 203 508 527 674 
9 108 190 192 220 305 323 432 489 644 
5 348 394 428 674 677 
9 240 247 365 458 495 563 625 630 697 
7 92 171 205 281 329 491 502 
6 109 262 264 299 474 522 
9 7 154 188 211 321 429 437 563 690 
1 173 
5 8 112 469 551 646 
6 155 226 439 487 576 690 
7 144 357 374 542 664 666 698 
3 598 636 643 
5 15 219 343 611 678 
6 56 294 492 502 564 666 
4 84 335 478 676 
7 1 39 57 302 491 556 622 
1 454 
5 25 40 100 124 611 
4 88 543 642 697 
7 54 187 262 277 455 465 628 
8 14 120 143 145 190 288 484 601 
5 4 54 194 574 596 
4 129 214 590 631 
6 143 144 278 282 299 445 
6 17 84 283 306 446 581 
7 24 26 99 226 403 437 501 
8 21 313 443 568 659 670 673 697 
8 160 165 261 288 324 329 582 610 
3 8 180 312 
8 34 259 301 348 351 356 449 518 
5 4 126 213 248 490 
6 20 28 131 196 327 428 
5 31 185 236 336 407 
6 81 154 539 667 682 690 
4 211 215 550 674 
2 424 663 
