750 1966
5 1 111 365 401 558 
10 0 81 83 153 208 242 373 563 582 652 
1 340 
11 246 263 266 311 315 320 336 417 438 703 748 
5 187 332 435 532 646 
6 144 152 208 248 474 535 
3 22 106 253 
3 301 419 445 
4 252 502 628 705 
9 191 213 251 283 350 458 466 490 711 
6 44 52 145 369 507 618 
1 411 
0 
4 182 266 365 656 
4 220 364 533 744 
9 18 347 377 402 428 580 594 688 714 
1 696 
4 283 309 394 481 
7 15 43 352 486 704 709 726 
4 21 398 453 518 
10 61 177 453 457 464 522 549 602 647 712 
6 19 83 267 352 533 595 
5 6 302 393 440 550 
8 64 233 273 427 471 665 724 730 
6 75 275 290 310 458 713 
4 194 455 496 541 
8 141 326 410 548 617 658 700 731 
8 49 77 80 343 409 571 733 735 
9 240 275 398 406 578 599 635 676 696 
8 90 300 323 552 591 606 619 646 
5 87 274 296 326 620 
3 48 431 593 
4 47 105 140 190 
5 213 268 352 466 583 
11 98 125 188 201 346 351 454 474 514 669 715 
3 67 143 360 
5 166 202 263 624 691 
4 331 454 543 732 
6 106 214 330 343 376 484 
2 420 731 
5 97 507 517 640 736 
5 85 91 393 487 519 
5 88 220 225 370 538 
5 18 217 307 395 639 
8 10 58 155 315 333 655 678 705 
6 109 251 493 545 664 715 
6 155 196 331 404 520 699 
8 32 183 271 342 365 429 507 691 
7 31 123 169 339 372 537 608 
5 27 180 213 279 521 
5 265 298 306 325 537 
6 96 268 276 280 329 407 
4 10 85 350 384 
2 107 560 
1 568 
1 82 
4 283 453 527 712 
5 207 364 428 481 730 
8 44 118 206 258 331 379 502 615 
5 430 497 580 677 734 
5 84 224 272 301 322 
4 20 152 188 555 
5 76 245 391 530 532 
6 100 224 369 454 517 707 
6 23 187 416 531 632 702 
7 218 436 460 474 500 615 679 
4 411 493 578 717 
10 35 101 106 224 232 332 554 562 591 645 
3 203 375 580 
0 
6 150 223 578 580 590 664 
5 119 177 630 731 733 
5 132 196 266 391 651 
6 86 87 106 166 341 575 
4 93 112 358 659 
5 24 117 292 488 686 
12 62 79 92 137 188 209 412 431 488 590 630 673 
3 27 407 536 
7 90 114 146 157 198 229 625 
2 76 446 
6 27 151 377 516 612 715 
8 1 105 172 232 316 360 487 660 
4 55 233 298 419 
8 1 21 172 194 232 262 382 581 
5 60 144 174 549 682 
5 41 52 259 373 543 
11 73 201 223 405 414 525 569 660 673 736 740 
5 30 73 93 236 720 
8 42 109 112 334 453 556 559 672 
9 202 270 483 527 566 633 646 671 722 
6 29 78 285 362 528 682 
8 41 111 184 309 363 400 669 712 
4 76 190 392 578 
7 74 87 95 183 304 512 532 
3 296 585 626 
4 93 232 327 686 
4 51 105 305 748 
11 40 101 158 242 265 421 445 524 534 662 744 
7 34 224 237 313 392 556 597 
5 189 359 440 531 641 
8 63 143 197 429 510 668 706 747 
4 67 97 261 352 
2 394 599 
3 400 500 550 
2 207 317 
9 32 81 96 135 147 207 345 552 728 
10 6 38 67 73 533 570 648 665 666 681 
9 53 139 156 205 211 392 541 551 678 
4 323 358 379 607 
5 45 88 203 423 548 
4 169 218 409 642 
10 0 91 221 312 386 451 461 473 511 608 
5 74 88 531 545 742 
3 271 338 749 
3 78 280 318 
2 555 647 
9 134 143 300 315 414 425 701 723 743 
5 75 265 615 670 741 
4 58 153 198 398 
6 71 483 494 518 635 638 
4 345 417 676 680 
4 299 532 636 660 
2 204 399 
4 48 499 509 738 
5 193 227 357 451 664 
6 34 195 366 425 456 619 
8 172 247 288 313 478 672 674 727 
1 462 
3 555 582 639 
2 313 617 
4 257 464 489 584 
6 151 524 556 571 610 633 
7 72 212 262 426 430 481 748 
2 167 613 
6 116 260 399 461 503 619 
4 105 184 385 734 
2 362 649 
5 76 357 370 518 601 
1 399 
5 107 444 587 671 684 
3 32 169 395 
3 26 224 497 
7 202 298 386 415 446 673 742 
5 35 100 116 571 591 
7 5 84 220 465 495 668 702 
6 10 182 333 383 719 732 
9 78 202 227 239 466 533 601 718 730 
4 105 221 392 434 
5 184 494 593 697 704 
4 401 464 732 740 
7 70 153 189 390 494 597 668 
8 80 131 259 341 431 613 688 736 
9 5 61 223 268 276 415 520 600 733 
7 1 118 150 194 377 583 735 
5 456 495 550 637 675 
3 44 46 621 
6 107 172 493 506 635 682 
1 78 
5 97 283 328 333 497 
2 168 587 
3 193 324 381 
6 376 472 673 681 703 724 
8 200 304 451 459 487 490 681 724 
2 271 425 
5 218 309 369 493 590 
3 278 620 718 
5 36 73 211 225 644 
6 133 183 376 446 488 664 
5 159 449 508 696 748 
8 48 110 140 300 415 717 745 748 
1 383 
6 301 304 345 439 527 530 
8 81 83 126 156 184 534 581 698 
8 192 203 223 252 362 643 679 694 
3 84 345 744 
6 195 319 594 616 705 723 
6 270 441 527 625 710 731 
6 20 71 201 393 597 702 
1 525 
5 276 450 528 529 626 
2 49 349 
2 246 433 
6 13 145 249 339 352 675 
5 47 93 167 284 382 
6 91 135 148 172 305 502 
3 294 621 736 
5 242 299 504 709 736 
5 4 64 239 281 295 
8 34 61 76 250 284 381 443 593 
7 99 150 345 452 478 587 687 
8 32 92 328 500 586 644 653 749 
6 9 201 301 378 413 654 
5 173 237 312 349 647 
3 124 160 358 
6 25 83 153 500 601 678 
5 125 175 239 453 603 
8 46 72 259 324 490 597 629 732 
5 100 243 426 436 681 
4 78 118 465 733 
5 241 376 383 485 617 
3 162 463 700 
8 34 86 177 191 205 366 512 625 
6 36 89 142 146 305 444 
5 68 109 173 472 485 
8 122 300 332 446 467 560 585 626 
5 107 201 534 598 691 
6 58 347 373 518 564 707 
7 57 104 105 302 355 488 544 
5 1 5 249 281 578 
4 76 235 469 747 
3 218 229 378 
8 107 166 271 292 313 333 542 621 
6 132 322 438 554 619 625 
8 9 33 49 356 414 453 531 676 
5 38 245 351 358 407 
3 223 267 727 
5 346 457 578 643 686 
2 43 726 
9 65 110 164 210 224 324 560 565 713 
2 288 599 
5 14 42 144 451 483 
8 111 147 224 252 255 297 307 385 
1 532 
8 70 86 152 173 215 248 554 686 
10 60 63 67 98 141 218 221 433 489 599 
8 42 166 266 309 432 651 666 702 
3 267 561 612 
7 124 146 239 262 278 401 723 
2 543 712 
5 78 210 317 361 370 
5 256 356 400 484 637 
4 548 561 610 676 
9 67 81 83 95 250 345 467 501 646 
4 23 82 482 498 
4 494 526 527 735 
5 209 238 536 591 592 
1 87 
6 98 192 369 427 656 659 
5 235 318 591 671 736 
8 146 187 195 227 468 518 593 719 
3 28 292 558 
6 199 341 447 481 507 540 
5 1 97 186 426 609 
4 197 386 437 733 
8 296 311 349 403 408 430 436 452 
3 62 214 279 
6 3 181 503 550 628 700 
4 126 283 558 691 
9 5 223 415 486 604 648 656 662 666 
8 182 208 265 292 299 430 607 719 
5 188 232 256 312 539 
6 9 45 373 435 586 679 
10 8 173 221 406 420 529 577 633 667 738 
7 6 326 338 468 490 505 694 
5 271 274 276 584 710 
5 221 304 415 634 662 
6 230 250 424 447 577 696 
5 130 451 521 570 667 
6 58 308 401 408 645 680 
5 85 151 196 323 553 
1 134 
5 101 280 497 630 744 
5 83 132 227 383 692 
5 3 36 355 425 568 
8 293 355 412 436 503 572 621 727 
8 50 97 117 249 388 532 590 627 
6 3 13 72 225 312 744 
3 21 215 226 
4 33 51 152 362 
3 608 721 733 
6 89 176 310 437 498 701 
8 47 113 163 211 254 409 592 639 
6 60 353 490 544 611 726 
4 23 408 541 564 
9 30 254 323 382 388 608 624 676 736 
4 24 28 367 505 
8 51 152 179 254 481 493 511 640 
1 559 
4 165 227 291 676 
3 49 245 458 
7 51 114 261 409 570 663 736 
8 187 208 313 342 475 495 510 731 
3 496 550 697 
5 9 17 56 158 247 
3 183 188 584 
3 90 393 688 
3 369 642 735 
3 650 660 732 
7 126 219 529 530 608 613 679 
6 399 421 448 463 566 655 
4 24 403 498 540 
8 278 334 352 364 375 415 422 486 
6 75 211 240 249 323 635 
5 264 319 354 355 419 
4 185 475 655 718 
5 187 431 521 588 637 
5 30 94 244 529 690 
4 221 383 549 589 
7 50 82 142 299 311 354 369 
11 121 186 249 298 326 423 442 497 530 553 697 
6 29 116 169 204 317 739 
6 7 60 171 191 333 665 
3 22 207 566 
4 352 377 488 558 
6 93 162 171 255 469 501 
7 96 184 202 327 354 370 706 
4 50 357 688 711 
6 43 221 347 436 608 682 
3 258 361 417 
9 17 91 164 225 531 546 577 614 647 
5 24 270 339 592 657 
4 3 244 298 696 
10 111 192 250 266 397 408 429 498 524 587 
11 98 126 129 211 281 523 529 570 603 614 689 
3 371 527 607 
6 3 44 116 365 446 463 
1 81 
7 104 229 300 363 415 665 673 
5 114 238 415 441 618 
6 175 293 322 550 602 705 
3 3 359 377 
3 347 379 519 
5 60 212 319 408 505 
7 29 108 259 274 292 396 675 
5 160 196 218 455 697 
2 50 406 
7 26 30 253 299 390 628 681 
4 95 305 501 573 
4 158 190 411 641 
5 51 346 347 589 688 
3 38 394 599 
9 37 46 58 400 428 431 521 557 648 
6 4 67 204 590 653 686 
9 44 145 158 211 301 428 651 725 736 
4 88 291 594 621 
3 410 509 570 
4 3 490 569 744 
3 493 633 678 
4 113 253 598 745 
6 48 182 310 453 511 609 
3 2 501 506 
5 73 151 241 607 654 
3 47 281 347 
6 27 38 398 583 680 732 
7 416 457 621 670 684 687 694 
8 105 120 171 174 189 232 593 659 
6 34 216 329 381 446 713 
7 15 206 307 321 329 342 410 
2 376 724 
4 180 192 244 436 
7 9 52 368 401 568 712 714 
4 34 214 425 637 
12 18 21 33 101 182 291 303 386 518 632 720 740 
2 272 661 
4 293 298 305 443 
5 207 263 264 293 442 
4 213 230 439 541 
6 124 137 306 435 506 688 
9 74 108 193 214 480 481 576 615 716 
5 99 320 386 512 514 
4 35 81 512 606 
2 229 308 
8 90 136 173 268 401 402 562 575 
5 91 317 545 562 587 
5 14 57 291 527 566 
9 0 13 47 315 372 430 465 608 726 
4 125 201 578 647 
3 275 474 632 
2 350 600 
9 10 63 164 237 286 298 397 429 706 
5 42 137 229 305 561 
2 314 691 
5 48 365 493 609 745 
6 1 85 206 251 558 562 
8 389 440 464 563 575 598 649 662 
6 68 291 499 534 555 581 
7 38 161 167 199 348 423 526 
9 15 80 153 303 320 484 493 542 661 
7 191 210 396 469 496 504 553 
5 58 108 321 444 466 
0 
3 160 188 346 
8 83 183 274 498 577 600 681 727 
10 145 170 199 262 297 594 639 665 695 741 
1 52 
5 135 221 573 686 731 
9 111 142 243 352 359 415 522 546 625 
3 531 562 657 
5 265 274 426 526 678 
4 374 401 440 619 
4 150 326 480 725 
4 62 72 436 456 
6 92 98 107 147 615 670 
4 22 41 177 285 
4 17 102 330 710 
3 43 140 531 
5 323 378 448 592 673 
2 312 369 
8 19 28 118 343 451 496 645 658 
7 122 134 138 289 428 481 623 
5 91 103 230 331 633 
7 0 149 227 258 350 362 389 
5 15 362 415 493 676 
6 244 290 452 526 627 659 
5 46 502 517 577 736 
4 86 506 535 573 
4 28 252 325 459 
8 51 77 214 478 602 625 716 732 
8 244 258 273 312 322 530 670 719 
6 27 110 271 280 522 696 
5 26 335 347 462 716 
5 11 66 328 473 692 
4 76 264 484 626 
5 191 496 551 557 652 
4 86 116 213 641 
14 142 152 169 248 255 291 317 318 386 402 553 662 739 744 
4 64 344 522 681 
4 3 120 308 538 
1 723 
5 7 82 293 614 626 
5 39 252 615 682 707 
7 97 289 532 651 668 670 680 
5 291 433 477 593 682 
4 109 299 376 512 
4 256 426 450 613 
7 116 125 163 263 351 688 743 
7 132 197 242 388 424 465 672 
7 23 237 464 540 583 631 664 
5 15 57 331 333 399 
4 47 100 312 369 
9 59 132 244 249 365 434 525 556 642 
8 31 76 151 295 331 443 585 627 
3 225 637 729 
4 181 224 422 714 
3 147 430 530 
4 4 251 357 466 
9 65 197 244 264 307 349 391 588 733 
2 243 270 
4 3 212 550 726 
4 171 356 497 652 
8 22 99 374 389 481 589 684 732 
3 176 318 544 
4 299 355 523 632 
5 188 354 431 610 666 
5 139 202 379 538 654 
5 7 97 484 500 575 
6 79 142 167 204 315 346 
2 241 256 
3 289 396 603 
2 168 580 
3 179 424 691 
9 111 124 162 220 257 398 589 638 642 
3 189 244 403 
11 19 20 56 88 195 213 339 559 638 675 687 
5 34 37 63 617 665 
2 25 324 
4 125 154 391 708 
6 20 216 344 498 546 685 
5 9 24 279 522 677 
3 162 406 522 
4 65 497 532 546 
5 111 134 520 599 648 
3 127 410 613 
3 200 289 315 
5 20 130 149 374 427 
5 144 198 365 426 539 
8 9 33 146 379 435 583 663 722 
4 204 232 686 715 
3 239 253 626 
3 209 304 378 
2 581 618 
4 23 527 664 712 
3 161 203 581 
6 111 411 521 566 599 685 
7 5 34 65 367 545 635 688 
5 281 294 504 530 677 
2 647 737 
3 422 485 617 
4 126 189 407 672 
2 588 599 
3 358 390 493 
9 17 57 132 241 276 358 399 440 498 
4 233 528 567 607 
9 89 119 220 591 598 664 667 702 740 
6 38 230 377 412 445 724 
5 199 203 477 617 715 
6 18 248 291 572 673 748 
7 41 81 162 501 502 656 721 
8 75 76 167 207 303 511 629 738 
4 130 224 539 561 
8 9 162 196 253 272 336 536 546 
2 498 652 
2 605 631 
14 45 66 156 164 276 337 372 377 402 480 554 569 635 644 
5 119 148 150 234 517 
5 144 154 281 509 581 
6 25 282 378 398 413 600 
9 59 141 158 261 299 439 460 549 608 
12 233 270 290 312 382 457 481 491 513 584 636 661 
4 123 375 544 667 
7 65 103 190 194 445 589 598 
7 232 304 327 340 487 585 687 
8 8 58 184 404 487 540 697 724 
7 134 246 264 576 625 682 743 
5 186 378 475 642 662 
6 253 275 322 585 602 638 
7 156 340 357 405 529 544 658 
5 10 40 47 241 536 
4 168 559 666 674 
6 123 335 495 595 670 703 
2 100 281 
4 111 276 339 488 
9 93 201 359 360 423 561 583 591 737 
1 498 
4 34 359 567 609 
2 531 746 
2 80 631 
4 40 63 404 494 
8 19 119 137 206 239 352 701 737 
2 41 321 
6 46 152 461 575 621 680 
6 49 257 295 331 473 589 
8 20 386 409 416 458 459 659 665 
4 313 442 567 716 
3 97 131 312 
7 86 178 430 541 610 653 693 
5 234 376 388 403 713 
8 56 89 171 176 234 314 364 471 
3 90 179 482 
8 179 252 288 296 313 506 594 664 
10 62 171 288 299 408 434 475 565 610 714 
8 64 99 112 213 309 387 395 515 
10 4 62 93 121 222 265 421 460 562 669 
5 14 21 106 146 540 
4 97 172 205 375 
5 5 405 597 651 724 
6 77 235 490 507 554 638 
3 48 50 686 
5 42 417 444 713 728 
3 250 465 489 
6 241 290 427 502 533 725 
7 25 107 273 356 525 568 674 
3 211 377 747 
4 37 85 228 688 
7 207 272 441 499 506 572 717 
6 45 112 363 474 559 655 
7 309 386 457 460 490 573 603 
0 
5 26 109 231 664 725 
5 20 84 297 497 628 
8 22 103 154 246 282 319 438 641 
5 107 413 664 671 748 
4 29 105 639 687 
4 259 299 378 415 
6 67 212 223 493 536 604 
6 61 115 128 375 725 747 
4 88 98 131 430 
5 331 413 590 691 734 
6 0 240 247 303 373 645 
5 88 277 453 508 545 
5 53 204 218 595 651 
7 226 231 370 489 512 584 614 
6 67 362 363 373 387 532 
3 1 374 635 
3 206 273 574 
3 218 530 677 
6 89 289 302 364 473 701 
5 482 514 523 649 695 
5 54 263 350 541 675 
7 86 336 493 608 704 712 725 
7 106 257 280 313 335 608 720 
5 27 131 143 572 671 
4 264 486 544 571 
4 327 385 405 546 
2 564 678 
5 73 362 374 445 520 
4 358 503 680 720 
5 252 256 309 382 404 
7 28 66 70 92 208 216 366 
0 
7 15 59 68 70 449 589 625 
6 83 172 375 470 472 495 
5 1 128 584 714 746 
7 33 153 343 427 466 512 605 
7 130 254 284 498 561 582 701 
5 94 204 431 501 505 
4 190 251 598 665 
5 139 159 189 312 363 
3 295 436 479 
9 297 329 440 451 500 521 580 697 715 
7 70 76 164 265 332 557 681 
7 29 67 143 235 238 483 512 
6 235 271 310 396 634 674 
6 31 148 188 239 345 422 
6 15 175 334 383 529 621 
3 21 509 560 
1 692 
5 98 150 177 196 535 
6 205 338 374 483 500 586 
9 28 102 219 224 330 461 473 479 747 
5 152 368 382 496 680 
4 137 146 194 658 
5 20 319 407 505 608 
5 195 313 448 546 642 
2 248 554 
3 492 583 613 
4 29 360 678 733 
5 108 249 314 341 482 
11 48 111 269 274 288 307 365 497 569 570 602 
5 242 339 372 514 695 
5 131 231 443 525 530 
2 272 661 
4 80 226 634 681 
8 133 151 288 424 462 605 634 680 
6 309 313 419 561 706 729 
7 58 65 117 358 392 420 641 
3 175 633 665 
7 26 129 199 454 477 485 624 
3 10 318 470 
6 29 125 134 212 389 730 
3 30 165 722 
10 155 185 211 264 334 344 520 594 651 671 
2 636 656 
3 399 685 726 
3 36 274 617 
10 78 176 201 212 386 407 503 580 667 726 
6 94 179 204 412 419 468 
3 265 403 431 
4 8 246 326 549 
2 196 488 
3 71 76 261 
4 427 492 516 688 
7 64 352 367 442 651 671 744 
6 89 131 252 337 400 616 
5 255 592 612 613 729 
9 28 119 156 292 474 493 563 687 734 
3 121 498 622 
5 154 230 295 351 432 
5 119 451 453 505 536 
6 43 128 271 383 552 717 
3 40 276 687 
6 99 328 414 550 615 663 
6 110 286 430 451 504 603 
4 173 216 655 746 
8 166 190 493 646 650 701 705 749 
4 67 258 398 558 
6 4 29 89 232 644 690 
6 20 115 192 309 366 476 
4 106 248 331 461 
5 136 374 567 667 713 
3 287 644 715 
8 72 225 333 421 535 560 621 632 
7 1 413 439 491 654 700 708 
4 190 332 525 670 
5 191 341 444 652 681 
5 44 289 294 545 643 
7 13 237 248 487 622 676 680 
2 310 387 
4 26 398 506 601 
5 74 237 345 403 522 
6 81 86 121 287 709 715 
4 353 377 498 611 
6 97 248 255 374 415 504 
4 280 466 641 703 
10 45 70 124 167 427 471 483 529 548 551 
10 23 106 301 317 383 454 522 586 616 727 
5 106 225 248 443 508 
6 252 257 483 499 625 649 
5 100 144 150 421 685 
3 34 91 532 
7 117 344 392 408 421 509 653 
7 89 139 238 551 571 621 632 
6 88 126 426 478 690 746 
7 76 86 142 161 317 396 486 
4 126 508 541 592 
7 154 182 323 453 568 703 735 
8 28 120 213 231 274 278 402 656 
5 59 458 475 565 695 
8 44 107 194 337 388 574 606 739 
4 65 173 251 288 
9 120 258 343 421 520 576 600 613 656 
11 106 161 162 197 326 382 416 590 612 654 706 
8 84 90 156 307 420 422 503 712 
1 738 
3 139 344 440 
5 457 473 623 668 708 
8 75 95 216 223 332 385 467 537 
7 189 344 453 501 552 635 640 
10 15 151 285 306 329 357 425 474 543 631 
1 313 
4 296 646 672 719 
7 36 47 205 247 371 450 557 
3 262 411 596 
1 525 
3 173 253 344 
4 383 567 609 677 
6 16 28 168 256 311 409 
6 148 282 299 324 502 589 
2 172 701 
1 46 
5 26 200 246 652 726 
7 116 270 518 566 584 644 698 
5 64 144 177 225 483 
5 3 161 509 663 675 
3 18 148 569 
6 8 44 175 319 644 722 
5 100 305 369 614 681 
3 63 206 420 
3 456 652 685 
3 18 186 660 
4 176 254 394 720 
2 9 306 
8 20 56 91 228 350 471 569 682 
7 24 218 346 526 538 649 726 
6 15 350 433 530 582 735 
8 34 45 80 467 485 589 650 660 
4 358 407 410 523 
5 66 169 544 639 727 
3 146 165 294 
7 145 239 249 408 690 736 745 
6 87 352 570 576 710 735 
2 269 487 
4 89 466 620 705 
4 116 175 227 418 
7 23 161 162 348 484 502 535 
6 333 390 540 548 555 569 
10 18 217 272 365 438 623 625 700 713 745 
6 126 215 264 382 665 717 
2 105 538 
3 432 614 634 
4 23 57 146 619 
6 26 39 71 176 281 385 
8 37 145 149 196 287 343 407 440 
9 27 71 152 198 243 269 436 606 745 
4 59 135 557 635 
7 27 153 234 286 675 714 720 
11 40 86 151 185 186 238 274 280 333 404 719 
3 476 512 518 
4 123 252 488 683 
3 300 415 678 
4 86 149 352 483 
2 117 383 
2 112 142 
3 116 425 503 
8 14 97 174 261 266 336 415 632 
6 169 338 372 719 726 733 
4 515 582 643 672 
5 100 209 542 555 599 
7 3 96 132 168 169 486 551 
3 113 190 644 
750 1874
6 250 565 652 719 721 744 
5 119 522 653 668 749 
3 505 610 612 
3 249 258 403 
6 68 151 161 471 539 622 
5 113 267 479 506 607 
4 131 179 219 278 
10 13 238 271 288 376 386 412 565 605 609 
3 138 557 640 
5 87 234 358 471 536 
5 69 198 261 504 553 
11 71 103 390 439 474 491 515 532 556 597 623 
4 163 431 449 545 
7 7 192 204 525 545 573 657 
5 74 115 349 627 668 
1 538 
4 358 499 611 681 
6 36 59 80 125 255 486 
2 27 667 
6 85 216 476 557 578 667 
3 92 310 454 
4 37 186 293 475 
6 101 241 440 563 607 663 
3 373 445 535 
3 94 489 576 
2 325 693 
6 69 333 476 486 513 636 
2 18 255 
7 55 79 137 361 510 702 732 
4 79 200 381 715 
3 48 123 219 
2 69 269 
7 70 184 339 393 634 670 725 
2 306 317 
4 556 595 600 644 
9 86 230 356 453 528 559 562 573 621 
7 17 99 454 519 641 652 740 
3 21 607 640 
5 234 255 510 563 715 
4 284 423 441 656 
7 166 229 430 462 519 572 637 
5 262 340 582 583 691 
4 459 506 590 725 
6 159 219 369 584 669 694 
6 114 169 390 406 499 709 
3 586 634 641 
7 179 364 377 385 401 542 673 
3 279 449 565 
8 30 99 119 252 495 564 618 683 
5 182 295 483 626 726 
5 68 232 277 564 640 
4 321 387 444 677 
5 119 178 341 399 578 
1 101 
4 254 282 285 308 
5 28 411 497 638 650 
4 212 448 519 731 
4 59 223 512 697 
5 122 146 151 169 648 
4 17 57 668 743 
4 110 272 457 707 
3 469 533 744 
3 109 476 737 
7 98 290 340 362 472 552 737 
10 169 321 352 391 472 523 603 654 677 704 
2 130 589 
3 170 175 246 
1 715 
2 4 50 
6 10 26 31 164 185 551 
4 32 232 582 635 
3 11 164 313 
7 107 135 138 177 179 347 529 
2 257 603 
9 14 90 248 332 387 555 641 646 704 
5 147 200 213 420 436 
11 94 122 125 265 435 479 599 667 680 738 747 
8 136 361 371 449 559 587 590 734 
4 197 229 350 494 
7 28 29 156 407 494 506 673 
4 17 137 160 324 
6 110 344 373 526 595 661 
5 177 179 398 478 687 
6 103 114 225 268 308 722 
4 117 178 532 545 
5 19 146 173 693 747 
3 35 181 677 
6 9 225 572 600 603 622 
5 203 323 412 601 659 
4 139 305 618 677 
7 74 111 150 211 414 449 483 
3 247 406 569 
5 20 146 357 534 672 
3 245 251 507 
6 24 76 165 183 351 461 
11 125 193 246 310 517 525 538 617 622 635 690 
3 263 414 709 
3 105 145 233 
5 63 139 424 626 715 
5 36 48 448 518 636 
3 472 537 720 
5 22 53 305 390 468 
3 263 599 699 
5 11 83 213 311 597 
4 566 599 640 726 
5 97 412 488 617 699 
5 274 336 337 586 606 
3 72 182 283 
0 
3 62 187 303 
7 60 81 141 236 296 314 404 
8 90 317 363 415 512 544 578 670 
6 179 211 379 531 588 609 
4 5 316 699 745 
10 44 83 138 141 259 274 293 346 666 681 
7 14 184 226 234 597 655 718 
4 425 467 504 648 
8 84 124 174 181 231 246 271 393 
2 221 422 
12 1 48 52 177 256 324 386 445 551 576 629 645 
8 148 174 181 362 559 607 662 671 
4 210 604 728 742 
7 58 76 134 322 370 400 429 
2 30 180 
5 117 259 346 504 699 
3 17 76 95 
5 167 250 282 299 736 
5 354 431 473 538 681 
4 241 248 587 621 
7 337 342 388 400 450 547 639 
8 65 177 278 334 478 713 741 744 
5 6 226 278 288 731 
2 324 475 
6 200 383 453 647 673 729 
7 122 217 260 364 495 526 717 
4 72 361 581 634 
6 77 278 598 643 669 721 
7 28 80 141 256 282 307 631 
7 8 72 114 139 180 294 592 
6 89 98 138 233 308 661 
3 431 605 676 
12 110 114 137 327 380 415 434 454 461 512 518 603 
6 205 244 358 566 582 647 
4 238 249 282 687 
9 185 404 419 449 472 567 649 674 741 
5 97 248 493 622 662 
5 58 85 92 386 477 
6 75 256 414 425 593 613 
3 120 426 486 
5 246 365 468 611 713 
3 90 185 444 
4 4 58 574 731 
4 250 347 484 518 
6 185 230 466 516 651 660 
2 455 519 
3 365 545 706 
5 79 210 381 443 731 
5 182 247 471 573 621 
3 287 573 686 
6 43 364 536 574 585 647 
8 80 194 222 468 543 597 615 649 
2 4 365 
4 552 637 666 721 
6 12 350 494 603 687 735 
11 69 71 466 492 511 524 614 622 634 648 675 
5 94 318 405 429 505 
4 40 304 508 670 
5 126 533 544 709 746 
3 203 410 436 
7 44 58 64 240 431 498 556 
6 66 334 348 450 544 600 
5 252 368 590 627 677 
3 237 287 445 
7 85 257 474 562 570 699 725 
5 117 120 289 522 621 
7 66 268 434 526 534 549 740 
5 183 300 445 474 653 
9 72 82 119 130 280 452 580 612 731 
5 52 84 565 570 630 
8 6 46 72 82 112 231 455 687 
6 123 138 251 462 667 738 
7 86 117 120 190 375 480 498 
8 49 107 157 184 203 338 480 638 
7 94 176 297 312 582 654 696 
6 32 115 182 349 445 650 
8 69 144 150 153 317 375 476 734 
3 21 512 523 
3 109 236 483 
3 245 438 523 
6 279 284 549 556 630 746 
5 181 373 611 669 709 
4 534 581 691 720 
4 13 467 557 564 
7 95 308 401 448 615 642 664 
3 160 202 524 
5 222 229 238 361 608 
2 421 493 
5 78 398 545 563 736 
5 10 259 277 612 634 
4 222 265 410 648 
8 29 75 133 223 315 340 577 618 
5 309 685 713 716 722 
8 194 233 269 475 524 591 643 704 
6 88 168 182 339 467 748 
6 13 249 253 416 435 689 
3 142 438 578 
4 413 488 539 722 
3 212 596 675 
4 241 620 674 711 
5 330 389 600 683 716 
2 121 156 
7 90 112 369 382 403 678 684 
3 56 207 719 
6 75 103 397 526 590 620 
2 458 610 
7 287 384 396 477 549 613 673 
3 19 522 599 
5 134 224 379 535 670 
2 718 741 
5 6 30 43 419 478 
2 308 722 
5 118 378 408 461 543 
7 160 195 199 301 325 331 383 
10 57 200 232 247 287 311 390 566 594 668 
6 217 248 265 411 698 704 
2 83 87 
3 115 131 231 
1 265 
4 241 487 546 601 
5 40 78 195 678 721 
8 35 153 292 453 504 631 638 741 
6 117 179 226 495 627 744 
9 50 70 223 254 271 401 438 446 650 
6 97 139 202 654 661 716 
8 9 38 115 270 546 663 704 720 
5 371 386 541 599 657 
4 110 187 291 666 
8 172 347 371 397 426 456 482 703 
6 7 143 195 339 554 727 
3 341 564 748 
2 169 531 
8 22 128 208 228 365 531 574 741 
3 488 572 654 
4 361 366 421 504 
4 142 340 421 700 
4 93 188 467 501 
9 66 95 117 149 302 350 417 431 624 
3 91 157 223 
8 74 128 145 224 404 419 436 461 
6 3 143 204 374 620 670 
4 0 126 152 664 
3 93 180 567 
3 48 171 395 
2 204 294 
6 54 232 273 295 566 671 
5 17 27 38 455 723 
6 119 137 147 378 507 652 
5 73 173 418 489 527 
3 3 341 546 
6 114 124 198 394 574 591 
6 134 420 660 696 739 749 
3 10 676 734 
5 41 336 474 586 686 
5 96 102 294 303 489 
7 297 407 482 603 643 722 724 
8 76 199 224 227 284 455 520 564 
2 513 688 
7 5 447 520 550 613 690 698 
2 83 175 
10 31 202 297 330 400 423 514 538 647 678 
5 234 291 311 330 596 
4 7 117 232 688 
4 60 630 653 680 
1 254 
4 106 114 570 635 
3 601 669 693 
2 330 710 
6 50 198 316 501 568 730 
5 6 130 131 136 667 
6 47 189 356 418 602 702 
6 177 294 370 526 652 733 
2 620 732 
10 54 126 137 143 285 410 492 521 569 677 
7 107 300 394 470 488 707 728 
5 39 189 265 634 723 
4 54 282 319 627 
3 604 618 628 
10 158 172 215 223 382 403 453 479 516 570 
6 7 131 307 488 541 633 
5 174 353 359 377 393 
2 63 718 
8 236 270 303 462 488 590 650 693 
5 230 352 512 569 695 
4 21 114 295 478 
7 138 253 263 280 371 453 718 
7 49 254 293 520 522 547 635 
2 110 642 
8 183 264 269 316 383 397 526 563 
3 391 571 711 
2 126 372 
5 176 283 362 498 589 
3 222 482 571 
4 246 428 559 703 
7 109 263 291 532 553 652 678 
3 166 601 727 
5 89 101 368 398 547 
2 33 641 
5 137 288 489 530 578 
8 54 83 139 193 220 484 526 655 
4 201 488 548 646 
7 20 95 396 425 523 530 717 
6 103 223 270 682 695 700 
7 183 368 416 432 465 545 705 
6 71 439 570 658 718 737 
7 110 377 447 540 562 693 715 
6 200 519 543 589 701 712 
5 113 277 297 358 484 
6 33 111 185 397 406 657 
1 165 
2 285 689 
4 354 412 592 652 
5 51 64 340 603 662 
3 122 579 628 
3 88 374 644 
5 80 119 132 447 543 
4 25 222 510 525 
1 569 
2 141 509 
3 413 431 710 
1 683 
6 209 269 270 276 365 587 
3 222 340 711 
2 74 725 
3 26 368 453 
4 130 170 347 352 
1 620 
5 106 262 578 655 722 
5 106 129 361 418 743 
4 182 447 480 623 
4 32 203 238 411 
8 41 63 200 244 321 331 634 708 
5 52 239 258 404 422 
5 129 368 705 721 747 
0 
4 81 439 530 748 
6 395 465 493 496 593 638 
6 114 124 437 535 600 667 
6 72 152 237 334 376 700 
3 170 669 735 
3 14 184 570 
5 78 163 246 457 698 
3 94 388 508 
6 64 292 334 364 476 489 
3 289 610 688 
4 127 320 471 511 
4 372 405 453 716 
6 35 279 559 688 693 731 
2 92 567 
8 9 16 142 316 620 693 698 728 
2 289 602 
3 393 608 704 
8 28 77 135 195 243 337 431 644 
7 63 120 300 489 592 612 699 
1 111 
9 46 134 159 352 412 464 606 655 700 
7 149 155 161 241 330 430 716 
2 243 663 
7 440 450 517 520 572 655 736 
8 171 305 312 333 342 388 551 651 
7 43 211 557 622 710 731 738 
8 122 280 440 459 594 633 730 743 
5 77 235 237 294 638 
4 299 355 373 738 
10 23 81 190 372 442 493 586 656 659 741 
5 249 323 420 440 702 
5 181 185 388 536 711 
4 7 347 577 590 
6 46 289 314 449 486 683 
4 221 256 456 480 
5 112 217 466 642 737 
2 141 655 
3 29 156 578 
3 211 287 525 
4 133 222 297 597 
3 215 531 568 
4 46 407 444 600 
6 7 119 146 235 558 643 
6 51 74 638 642 668 722 
9 129 351 368 375 406 422 496 571 621 
4 209 589 652 745 
6 11 44 101 223 603 723 
4 64 298 416 506 
5 495 673 679 710 714 
4 32 117 289 360 
4 259 283 411 747 
6 252 345 553 642 666 709 
2 215 310 
8 213 237 297 317 531 597 669 725 
5 82 197 305 509 579 
4 52 467 477 664 
5 122 129 269 644 739 
4 46 193 232 478 
1 632 
3 3 211 287 
6 110 144 248 341 488 511 
5 165 355 430 440 729 
5 44 91 317 388 540 
8 79 264 385 470 607 645 711 737 
3 221 486 662 
4 448 486 588 666 
7 168 199 282 590 679 736 737 
6 55 224 339 394 566 627 
9 7 88 105 320 364 413 521 572 677 
4 206 328 412 480 
7 90 96 147 525 553 556 598 
3 111 141 732 
6 204 312 391 483 660 702 
6 246 506 536 627 631 684 
5 257 279 337 473 637 
5 144 219 248 426 466 
4 75 260 374 625 
6 196 243 244 437 460 475 
5 118 341 388 609 742 
5 39 269 443 535 625 
4 98 563 655 748 
5 116 147 310 543 671 
7 148 237 419 492 570 627 663 
1 511 
2 302 546 
4 122 165 503 669 
5 40 365 405 583 741 
8 12 127 140 169 246 328 361 536 
3 312 612 732 
1 483 
4 141 175 471 497 
5 76 204 690 703 747 
6 75 168 248 585 656 664 
3 346 421 616 
5 188 205 232 472 533 
5 11 313 344 532 620 
8 22 367 370 374 405 564 581 732 
3 39 529 548 
6 373 477 542 660 664 735 
2 156 423 
7 51 150 385 559 593 673 723 
6 23 119 172 176 184 636 
4 232 499 618 737 
6 267 314 324 338 459 713 
7 56 99 193 409 463 503 695 
8 12 47 77 90 144 377 502 633 
5 129 170 367 525 628 
1 644 
3 177 477 606 
8 35 133 230 287 294 333 355 639 
3 20 36 141 
4 154 179 255 265 
7 237 378 457 471 509 619 663 
5 60 350 456 569 705 
5 214 568 604 617 655 
6 42 370 447 485 574 594 
8 421 501 535 548 616 689 727 744 
9 94 141 221 248 465 518 585 695 717 
5 40 180 291 495 714 
4 448 468 532 665 
2 364 501 
4 312 345 461 627 
6 153 164 379 419 735 743 
8 116 192 203 245 399 527 556 618 
5 101 149 160 463 651 
6 61 480 515 520 555 686 
3 283 407 567 
13 4 9 157 354 434 456 537 588 611 656 675 694 743 
7 63 64 100 144 438 512 595 
2 127 418 
5 11 173 176 262 481 
8 21 132 202 421 484 609 620 673 
5 19 26 62 185 352 
5 146 215 399 442 452 
5 82 130 219 293 401 
5 5 76 287 508 549 
12 181 182 338 378 413 469 492 554 594 605 622 730 
1 474 
3 237 264 301 
5 49 90 187 416 433 
6 152 308 316 475 488 555 
3 459 495 619 
6 17 26 148 377 408 409 
1 228 
11 105 206 242 283 288 291 309 404 484 703 747 
6 24 257 263 307 352 362 
1 741 
5 11 506 621 674 711 
6 164 282 426 480 520 645 
4 145 196 345 373 
4 78 79 163 730 
7 48 134 231 392 462 485 564 
4 345 388 671 700 
5 55 434 515 547 593 
5 169 181 300 642 742 
4 16 44 446 555 
2 585 688 
5 245 277 460 464 533 
6 449 514 535 543 608 623 
5 429 448 628 650 723 
6 10 116 124 230 243 592 
6 2 165 539 561 680 689 
6 5 42 79 391 417 491 
6 93 256 578 630 674 724 
4 166 351 479 644 
4 327 398 456 584 
4 28 38 325 585 
4 164 354 404 427 
6 57 111 141 186 292 472 
2 26 266 
2 269 502 
4 11 469 497 715 
3 153 287 712 
4 95 367 572 647 
6 99 141 152 461 599 626 
5 36 40 56 154 315 
7 265 267 295 367 469 492 629 
4 282 412 536 633 
5 1 174 216 295 617 
7 64 186 188 310 551 581 700 
4 164 194 202 573 
9 13 95 325 382 414 450 539 615 616 
7 81 134 175 213 280 297 308 
2 257 467 
2 35 561 
3 72 441 675 
5 307 310 344 578 670 
5 112 240 241 384 397 
5 11 84 303 439 463 
7 61 167 438 501 600 640 674 
4 92 175 191 584 
7 23 217 346 423 460 502 588 
7 9 159 375 417 431 521 642 
3 100 471 720 
6 15 95 127 269 617 684 
5 4 206 505 525 651 
3 314 406 558 
3 235 288 697 
4 46 442 706 735 
7 160 221 315 324 425 502 594 
6 111 167 170 554 576 732 
7 12 13 84 155 197 312 651 
4 228 234 258 428 
5 129 295 305 497 665 
4 309 441 460 637 
5 175 189 215 479 719 
3 267 654 745 
4 69 119 368 523 
4 63 162 561 563 
5 10 303 395 414 747 
5 238 480 544 655 722 
5 74 469 484 499 745 
8 11 34 169 189 414 467 655 664 
6 8 19 192 369 656 682 
4 386 540 589 621 
6 35 77 120 302 356 444 
0 
4 505 528 552 601 
3 35 173 314 
8 22 38 197 297 424 552 623 644 
8 48 50 192 239 265 440 495 597 
5 0 7 47 178 591 
6 104 142 223 254 411 597 
5 144 251 357 470 717 
3 277 384 458 
6 91 282 292 326 457 578 
9 173 178 274 287 313 349 426 662 713 
5 298 301 388 690 725 
8 40 87 242 367 412 517 598 703 
5 13 35 157 158 524 
7 151 159 241 259 459 638 747 
2 612 627 
3 24 119 544 
2 200 376 
10 19 52 111 205 307 336 381 507 530 569 
4 322 398 587 629 
1 177 
5 135 191 440 523 687 
5 41 70 142 183 611 
4 41 430 589 691 
3 43 509 534 
6 159 436 461 500 510 655 
4 45 106 262 373 
4 77 128 330 579 
4 112 409 471 535 
9 65 300 315 389 558 583 607 741 746 
8 42 77 171 213 291 376 410 695 
4 202 259 565 682 
6 138 320 362 504 596 737 
5 147 345 444 497 723 
8 223 370 459 480 543 618 683 724 
4 34 81 472 702 
4 207 270 592 706 
8 11 103 115 160 383 397 564 566 
3 136 414 572 
6 76 102 104 216 235 518 
8 34 87 170 209 346 385 533 622 
6 88 228 275 304 561 707 
5 279 359 633 687 688 
9 64 73 87 141 163 264 321 390 655 
5 121 286 458 654 685 
3 7 140 480 
3 106 364 452 
7 5 22 37 120 407 589 669 
5 195 360 502 739 740 
7 7 112 422 475 625 653 656 
4 2 214 353 700 
7 16 149 190 471 582 635 641 
7 2 177 198 362 432 575 630 
4 147 215 267 707 
2 164 743 
4 160 193 525 640 
6 437 460 525 617 641 713 
6 95 105 458 522 538 616 
8 48 89 200 286 446 467 594 671 
2 456 485 
8 208 213 249 281 335 358 439 475 
7 35 128 157 174 388 491 558 
8 4 87 95 145 164 369 480 600 
5 11 338 502 563 624 
3 246 623 746 
3 420 423 609 
3 49 98 518 
9 14 171 231 285 411 417 426 465 575 
5 286 322 450 503 745 
4 119 520 579 707 
5 178 189 272 507 612 
4 137 230 417 747 
1 402 
6 288 370 449 521 602 722 
7 32 45 135 164 198 284 340 
5 70 95 274 295 611 
3 26 99 445 
5 40 162 418 548 705 
7 55 182 230 345 371 387 574 
4 129 453 642 732 
7 8 37 50 104 533 615 641 
7 36 45 74 306 611 616 640 
10 193 296 379 387 395 498 536 639 647 661 
6 136 202 264 386 725 728 
7 34 323 361 400 451 508 563 
3 119 407 492 
2 74 309 
6 133 142 159 269 517 642 
4 58 116 164 199 
2 144 160 
7 55 184 232 291 503 664 688 
6 153 368 468 539 545 746 
9 0 36 256 280 303 320 389 731 739 
5 1 176 272 609 731 
6 64 183 233 242 550 604 
12 115 308 336 364 367 380 424 458 554 556 585 603 
7 39 373 436 471 557 609 719 
3 13 235 317 
2 313 663 
5 88 373 674 712 721 
4 153 260 416 442 
5 81 139 233 642 708 
5 120 145 321 408 570 
7 22 234 366 426 456 658 699 
9 193 250 399 436 442 556 650 710 729 
2 463 547 
5 114 162 236 395 409 
6 18 19 76 180 278 346 
5 1 14 59 223 387 
9 43 136 190 275 348 397 429 607 676 
7 32 111 166 217 249 530 744 
6 120 254 425 496 618 735 
1 92 
8 46 79 133 215 392 444 475 698 
6 144 208 491 507 533 659 
4 164 207 471 529 
4 140 261 669 706 
7 51 64 86 89 171 282 412 
4 211 229 269 303 
3 392 410 702 
5 76 272 505 687 700 
3 16 114 127 
4 311 557 591 707 
6 48 209 329 377 594 720 
4 211 417 538 688 
2 201 604 
3 158 262 469 
7 82 143 163 179 581 602 680 
8 266 271 353 356 500 602 650 684 
4 204 319 460 505 
4 95 267 435 571 
3 41 191 583 
0 
7 25 85 275 291 314 356 358 
2 43 471 
5 292 311 448 461 590 
2 183 260 
2 57 541 
7 224 267 350 358 673 740 747 
7 102 105 113 124 173 362 663 
8 244 311 347 364 496 523 610 680 
1 315 
7 28 279 374 416 595 679 710 
5 237 302 435 488 572 
6 64 74 202 224 234 360 
4 312 342 457 637 
4 155 542 596 676 
6 60 283 601 613 629 682 
3 340 661 746 
5 44 96 167 190 395 
6 276 328 369 392 664 702 
6 208 298 331 375 407 491 
3 315 516 659 
6 130 149 201 447 570 616 
2 392 462 
8 29 38 67 98 314 515 731 741 
5 201 209 233 355 365 
4 134 310 461 567 
5 115 218 290 294 313 
4 0 212 549 656 
5 100 191 234 537 683 
6 0 136 162 229 342 659 
9 83 201 206 220 264 336 387 554 633 
6 255 284 390 444 503 593 
3 264 507 594 
7 32 42 173 332 397 571 643 
2 49 104 
3 238 304 460 
4 121 283 358 643 
4 133 405 664 748 
4 277 370 480 494 
10 56 131 151 156 177 356 369 652 653 715 
7 28 281 415 432 440 544 639 
1 280 
3 77 185 261 
6 163 348 442 466 542 671 
4 126 197 367 410 
8 62 63 313 379 407 410 446 592 
4 76 180 369 372 
4 260 400 608 652 
4 36 175 608 698 
11 130 144 218 230 241 373 430 490 589 715 749 
3 121 422 498 
6 59 337 370 466 471 614 
6 0 61 130 231 460 670 
5 113 389 550 555 628 
6 167 189 589 624 651 708 
10 76 85 342 394 435 488 553 574 631 698 
5 203 239 344 424 729 
3 1 260 741 
