760 1990
4 1 111 401 558 
10 0 71 73 143 198 232 363 553 572 642 
1 320 
11 216 233 236 281 285 290 306 387 408 673 718 
5 147 292 395 492 606 
7 94 102 158 198 424 485 715 
2 46 193 
3 231 349 375 
4 172 422 548 625 
11 101 123 161 193 260 368 376 400 621 693 701 
4 45 269 407 518 
0 
0 
4 52 136 235 526 
5 80 224 393 604 612 
8 197 227 252 278 430 444 538 564 
1 536 
5 113 139 224 311 604 
6 172 306 524 529 546 571 
5 208 263 328 600 716 
8 257 264 322 349 402 447 512 611 
3 57 142 323 
6 82 173 220 330 570 739 
7 43 197 241 435 494 500 570 
6 35 50 70 218 473 678 
4 205 246 291 614 
10 66 150 288 357 398 440 471 511 539 542 
7 73 139 301 463 465 691 726 
9 118 126 298 319 355 396 416 530 740 
10 33 262 301 316 329 356 516 703 725 755 
2 320 466 
6 121 283 454 512 547 597 
3 609 664 748 
9 29 136 253 483 510 573 586 731 736 
7 114 134 329 375 441 517 734 
4 24 529 565 626 
3 264 331 683 
8 84 173 362 447 555 671 684 717 
2 104 750 
2 341 416 
7 107 117 240 336 393 399 701 
6 77 109 385 517 522 667 
4 118 503 593 681 
5 23 333 430 590 608 
6 215 238 265 373 515 757 
7 10 214 265 408 449 584 657 
9 6 60 239 425 513 584 607 671 749 
5 221 354 400 570 603 
6 57 128 400 433 499 741 
5 474 507 515 534 746 
7 24 294 466 474 478 527 605 
3 272 537 571 
3 13 283 736 
1 733 
1 236 
3 426 596 670 
5 152 339 496 560 613 
10 21 48 160 239 327 379 452 500 623 736 
3 540 607 690 
7 87 144 183 323 371 400 421 
4 46 240 276 643 
5 153 322 468 607 609 
5 166 290 435 520 583 
6 77 242 471 586 687 757 
6 262 480 504 544 659 723 
4 444 526 611 750 
10 26 123 128 246 254 354 576 584 613 667 
3 214 386 591 
0 
6 139 212 567 569 579 653 
6 24 97 155 608 709 711 
9 1 99 163 233 358 618 729 730 749 
5 122 297 531 724 743 
5 1 27 303 604 736 
6 226 422 620 686 699 744 
8 111 132 335 354 411 513 553 596 
6 319 448 673 697 729 740 
5 41 63 99 130 526 
2 336 710 
6 256 395 491 594 652 719 
6 14 100 184 228 355 528 
6 90 155 276 695 717 755 
6 22 108 228 427 655 685 
3 384 517 758 
5 37 197 367 688 710 
10 218 227 338 382 473 486 549 553 568 711 
3 522 572 575 
8 59 125 244 347 350 463 653 721 
8 263 307 346 413 426 451 502 724 
6 131 297 451 538 611 736 
6 81 121 158 427 470 605 
5 139 325 498 586 707 
3 248 268 687 
3 310 351 611 
4 5 400 472 672 
4 451 456 513 597 
10 113 137 216 226 354 436 567 580 656 735 
5 70 237 278 520 690 
6 110 201 311 462 516 748 
8 71 77 169 327 365 406 568 659 
2 80 689 
3 9 236 683 
5 5 126 176 478 588 
4 394 406 466 604 
3 38 156 332 
11 126 163 241 258 259 274 374 391 440 446 627 
6 123 133 260 546 581 602 
5 40 178 414 634 759 
3 82 368 417 
9 41 191 408 499 573 638 648 660 698 
4 98 146 706 720 
5 0 75 269 434 501 
3 265 431 469 
3 17 96 694 
8 34 141 261 270 427 442 541 552 
5 184 206 226 380 730 
5 142 213 256 301 501 
6 40 574 585 609 726 729 
6 28 42 424 496 755 759 
4 366 599 703 727 
2 259 454 
4 31 90 542 552 
7 72 144 224 258 388 482 695 
8 9 66 106 214 385 444 475 638 
8 179 254 295 320 485 679 681 734 
2 87 457 
6 28 102 105 538 565 622 
2 284 588 
7 48 66 216 423 448 543 728 
5 471 503 518 557 580 
8 77 147 197 361 365 416 683 718 
2 89 536 
7 75 171 310 372 414 530 709 
3 106 284 633 
3 34 249 536 
4 232 245 393 476 
3 13 33 262 
6 96 295 438 522 535 629 
2 234 671 
7 17 27 69 91 324 636 732 
4 201 261 488 557 
4 114 374 394 628 
8 21 116 256 286 459 493 577 728 
7 1 162 498 511 584 609 621 
8 59 122 233 300 368 485 497 590 
3 147 189 540 
6 110 237 336 440 447 744 
9 4 130 145 195 463 471 483 519 720 
6 213 316 387 576 658 748 
7 320 395 443 527 572 580 719 
6 26 215 295 428 485 668 
3 266 418 734 
4 56 166 221 346 
5 61 280 424 745 758 
2 282 329 
6 70 81 509 554 559 723 
2 104 381 
4 198 393 524 581 
4 5 90 563 659 
10 260 268 290 311 374 478 625 633 661 664 
5 57 256 299 432 586 
6 9 366 457 517 641 738 
3 143 413 755 
5 71 105 257 333 347 
5 171 292 485 555 597 
2 179 604 
6 62 152 199 251 383 498 
4 208 236 239 453 
6 358 361 402 496 584 587 
5 99 228 578 625 742 
8 223 234 254 283 393 674 710 725 
3 132 164 363 
9 8 18 175 200 324 599 621 710 728 
8 22 37 262 433 519 617 702 723 
4 180 372 576 681 
2 172 491 
6 102 229 403 481 482 579 
2 289 754 
3 107 360 743 
5 124 165 253 266 589 
3 174 185 283 
3 193 390 746 
4 496 611 680 737 
7 59 366 571 598 663 705 719 
4 80 115 660 694 
5 180 217 279 429 741 
5 275 301 410 510 710 
8 310 396 454 463 559 569 669 746 
5 210 451 591 666 703 
3 145 431 698 
0 
5 109 258 359 436 551 
4 198 348 557 622 
10 6 9 181 222 329 361 464 527 710 720 
2 400 735 
6 147 439 497 632 639 741 
2 310 705 
8 15 23 84 130 380 433 594 740 
7 1 5 157 192 292 519 658 
3 166 672 685 
6 172 486 518 632 653 746 
5 98 140 213 254 706 
6 213 306 505 531 676 722 
5 309 446 499 632 688 
3 379 411 708 
3 25 351 585 
5 115 310 320 331 480 
6 359 380 401 421 630 709 
7 19 167 396 512 628 693 699 
5 416 474 513 591 736 
5 188 291 397 404 453 
3 255 299 759 
6 69 364 475 596 661 704 
6 116 148 201 202 730 759 
7 45 67 123 314 550 555 703 
4 44 150 264 575 
8 3 96 128 413 445 714 742 745 
4 185 245 255 333 
4 24 85 466 708 
2 474 606 
6 22 339 395 505 696 739 
7 47 152 324 543 558 594 682 
6 193 439 490 639 662 678 
3 170 265 587 
8 14 17 122 393 562 687 731 740 
3 611 711 755 
5 74 96 115 306 459 
7 15 85 356 369 418 484 670 
6 80 82 169 261 295 440 
3 176 262 278 
5 260 292 293 501 518 
4 7 288 343 344 
4 1 135 619 677 
6 3 71 144 380 383 553 
7 138 170 301 381 446 688 738 
4 13 289 415 497 
10 3 54 101 167 240 531 637 671 697 730 
3 97 146 601 
4 44 263 546 597 
12 46 57 167 373 441 456 494 548 553 575 581 597 
4 40 60 236 409 
5 23 105 618 665 743 
4 63 298 383 658 
8 275 500 571 689 733 741 747 751 
6 87 335 362 369 500 677 
6 135 217 275 311 367 594 
6 25 66 413 475 626 719 
6 431 445 554 602 658 692 
8 92 252 336 348 478 500 515 704 
6 134 266 269 271 579 705 
4 284 395 614 642 
5 166 389 412 542 661 
7 15 248 401 471 520 617 749 
6 33 179 336 343 580 615 
5 66 124 170 201 473 
3 211 217 673 
7 79 116 142 160 387 520 634 
5 20 163 258 567 716 
9 105 122 191 257 285 428 638 700 757 
8 105 120 281 348 417 466 572 717 
8 9 106 159 230 362 420 457 625 
4 114 140 228 559 
6 29 64 136 173 229 643 
3 19 88 238 
8 20 36 215 378 503 559 686 747 
6 44 45 112 223 456 642 
7 151 179 249 332 379 570 707 
5 269 336 451 609 742 
6 92 159 274 508 567 573 
10 10 111 249 267 303 319 371 431 536 674 
4 114 634 646 664 
2 249 696 
2 51 412 
2 311 563 
5 105 268 498 659 752 
8 186 243 245 341 386 415 568 583 
6 60 81 321 553 607 754 
0 
4 15 97 229 609 
3 185 402 697 
4 153 362 635 728 
5 3 259 627 637 709 
6 154 490 491 569 574 640 
10 31 52 170 180 344 366 393 408 511 600 
9 127 133 250 332 427 469 721 739 751 
7 3 258 288 328 335 399 693 
5 142 532 672 707 708 
1 300 
7 26 231 285 340 520 583 750 
5 177 235 370 437 486 
6 3 62 159 362 523 668 
8 25 210 366 406 567 579 622 637 
8 4 164 198 230 577 674 693 748 
5 230 315 338 482 551 
3 50 508 550 
5 124 137 150 228 418 
5 303 535 560 671 741 
4 72 89 635 667 
5 28 242 476 503 519 
4 160 211 395 489 
7 144 287 361 384 462 551 723 
8 27 29 116 186 234 339 459 515 
5 612 627 658 695 728 
6 73 269 296 403 656 721 
1 743 
6 427 438 459 528 554 617 
10 3 18 202 226 536 542 583 616 627 702 
4 88 367 523 603 
3 344 425 442 
2 203 757 
8 93 132 187 196 206 360 610 618 
9 17 98 159 245 273 343 369 546 680 
5 461 513 616 699 717 
2 669 701 
3 214 396 712 
3 293 365 682 
4 29 148 518 723 
2 523 656 
1 622 
6 28 76 269 420 473 715 
6 2 30 124 149 206 607 
4 276 399 524 525 
6 20 61 330 429 554 759 
7 21 59 542 570 573 663 699 
5 139 172 221 355 714 
5 91 343 376 534 757 
4 398 409 682 709 
5 57 99 480 579 640 
4 19 285 542 621 
8 29 34 154 193 366 527 667 712 
3 22 322 614 
6 36 206 333 451 509 607 
5 104 266 284 481 486 
7 43 163 217 331 569 616 716 
1 748 
7 75 244 285 509 606 658 747 
12 40 78 146 248 253 267 365 529 578 592 595 602 
4 483 549 674 739 
4 85 293 585 684 
4 56 220 301 631 
3 288 560 672 
4 39 275 585 618 
4 368 512 514 623 
7 231 253 311 325 419 565 697 
6 231 283 308 396 484 504 
2 407 584 
3 88 152 564 
4 87 163 542 644 
5 192 248 259 519 590 
7 7 20 362 545 546 641 680 
5 87 372 432 558 560 
4 93 205 539 633 
0 
3 390 391 564 
7 47 66 75 96 515 532 557 
6 28 80 324 478 517 707 
6 29 227 362 397 540 658 
3 26 491 560 
4 71 168 368 526 
5 191 207 475 652 684 
3 178 310 562 
5 130 168 193 300 398 
9 37 244 260 280 290 349 356 509 688 
6 1 171 408 544 733 737 
7 212 544 595 619 718 730 753 
10 99 130 315 336 410 423 634 669 690 716 
8 119 161 183 283 291 329 538 641 
7 84 245 307 579 588 637 756 
10 9 108 144 342 358 471 544 571 579 628 
5 227 244 311 499 521 
1 289 
2 59 269 
8 132 174 350 493 572 595 676 722 
7 44 239 569 614 640 670 716 
3 105 141 159 
6 7 34 508 621 666 713 
5 9 325 437 461 540 
4 426 457 552 682 
5 264 401 553 636 675 
5 57 204 266 474 694 
7 115 197 207 233 560 629 649 
2 156 234 
3 85 410 465 
3 166 233 242 
4 83 300 465 640 
4 41 123 536 680 
3 67 275 388 
7 3 148 256 497 542 691 704 
5 122 386 453 506 648 
2 251 637 
3 181 353 745 
4 105 353 455 638 
4 393 467 568 600 
12 14 40 135 157 170 224 283 392 422 437 497 656 
6 103 141 405 434 472 701 
7 4 79 149 220 250 299 698 
10 28 187 208 314 344 459 482 573 589 728 
5 210 356 506 555 698 
5 26 326 361 511 616 
5 40 285 321 510 605 
8 9 47 48 59 94 194 465 736 
8 0 207 252 378 584 639 645 740 
4 20 168 279 707 
4 176 303 597 706 
5 210 428 433 544 703 
2 394 538 
4 99 103 291 701 
4 10 345 570 582 
8 3 45 109 283 363 549 616 641 
9 240 326 444 563 580 582 592 672 716 
6 186 365 382 483 572 728 
4 75 204 619 643 
3 251 272 459 
7 88 162 216 246 512 567 612 
7 107 132 474 588 664 707 755 
3 235 275 444 
4 28 39 130 209 
6 108 259 489 580 611 697 
6 151 227 295 475 617 659 
3 343 646 738 
3 260 319 700 
4 59 207 493 743 
3 8 74 393 
4 128 365 505 650 
4 5 118 153 755 
4 46 308 597 678 
6 55 88 377 500 638 746 
8 82 90 114 284 305 509 557 677 
5 150 258 404 632 741 
4 185 322 695 751 
4 15 43 599 715 
7 112 189 247 269 521 537 612 
2 160 350 
4 48 173 197 404 
3 111 394 568 
3 23 62 521 
3 96 191 608 
6 289 376 393 482 531 535 
3 137 305 724 
5 195 222 520 532 757 
5 26 105 146 228 486 
2 34 239 
6 114 308 481 563 611 750 
3 149 562 717 
6 15 65 123 409 415 537 
5 216 247 487 522 536 
6 105 203 234 485 564 613 
4 20 37 146 553 
2 76 128 
2 45 713 
1 731 
8 88 89 95 188 267 331 503 562 
4 57 501 530 722 
3 167 210 388 
5 31 120 187 625 662 
4 391 545 682 730 
4 95 239 265 573 
8 125 161 260 377 487 532 565 651 
5 485 575 628 718 744 
7 142 226 301 305 396 412 591 
3 535 625 645 
3 312 376 479 
5 98 300 508 694 705 
5 27 87 147 187 572 
2 193 550 
7 27 382 384 400 553 592 632 
11 30 50 103 218 259 589 596 662 665 700 738 
2 392 695 
3 61 561 659 
7 112 284 489 590 665 680 681 
4 90 546 611 662 
10 26 63 129 147 252 368 492 601 662 684 
4 94 394 631 641 
6 24 85 254 319 565 719 
8 49 50 209 219 379 414 644 670 
9 123 212 246 359 418 565 580 646 655 
4 135 298 500 746 
1 536 
7 50 102 159 248 355 527 728 
3 461 663 734 
6 64 206 327 507 532 665 
5 176 332 442 510 690 
7 122 176 293 396 437 648 750 
7 33 147 337 410 574 731 758 
6 227 344 581 630 687 748 
9 5 124 144 150 164 446 458 618 638 
10 85 200 289 332 440 532 549 585 719 734 
4 445 457 576 696 
2 140 689 
6 299 417 469 526 534 695 
4 222 282 501 534 
4 79 175 282 357 
6 4 471 571 593 601 747 
3 142 372 421 
5 23 239 517 559 715 
1 666 
5 56 118 168 182 521 
5 144 195 235 387 393 
6 91 143 166 274 531 567 
7 48 109 203 369 604 650 709 
8 23 57 243 244 248 426 476 587 
7 111 116 230 452 490 626 632 
3 88 503 652 
8 42 129 264 298 451 502 670 739 
4 64 344 527 567 
4 202 220 423 556 
2 388 397 
4 49 480 595 665 
7 268 294 375 462 534 579 683 
6 155 331 335 362 427 716 
6 33 186 399 481 574 661 
4 26 143 283 398 
7 20 31 208 342 413 652 706 
8 46 75 95 209 312 533 576 660 
2 342 675 
7 44 49 248 301 354 669 684 
2 29 98 
8 34 41 83 161 355 494 615 666 
6 10 129 200 230 316 531 
7 147 173 198 298 348 571 718 
9 62 97 252 256 288 439 568 713 759 
6 369 431 435 496 617 738 
5 41 86 137 445 531 
4 290 307 317 759 
5 18 157 321 585 688 
2 321 666 
8 13 65 77 358 489 654 661 738 
8 50 149 193 329 478 504 594 642 
3 80 305 719 
3 18 35 336 
5 28 132 452 575 597 
10 72 202 236 437 498 518 522 597 698 741 
7 286 354 439 457 480 486 616 
2 513 719 
8 49 325 489 490 508 550 671 701 
4 137 296 437 460 
9 16 131 134 269 306 385 445 477 648 
4 51 431 444 550 
6 15 89 126 366 405 616 
4 26 351 603 733 
5 58 145 356 376 560 
5 114 616 712 720 733 
11 26 121 251 306 323 328 347 387 578 690 720 
3 128 221 603 
5 64 363 364 368 404 
3 349 455 709 
6 18 106 238 311 349 470 
3 31 633 673 
2 8 239 
4 85 337 408 486 
7 214 294 464 534 537 594 630 
4 191 293 300 716 
6 114 121 377 639 671 696 
10 1 75 85 233 239 276 378 447 465 751 
4 155 247 305 322 
6 37 164 214 397 566 633 
1 505 
6 129 140 192 354 427 743 
5 0 221 350 560 685 
6 155 187 261 264 494 753 
9 56 296 340 350 357 380 540 558 594 
2 468 654 
4 224 360 443 451 
4 158 273 409 442 
4 15 346 353 446 
7 35 126 343 457 473 475 758 
2 555 647 
10 69 96 257 268 291 413 498 504 581 678 
7 85 99 275 392 434 520 667 
6 69 187 282 333 373 737 
7 22 23 47 266 323 407 756 
8 18 51 183 243 368 492 519 623 
7 1 86 149 259 372 410 463 
7 33 109 268 323 396 456 635 
5 117 282 483 510 693 
8 86 215 239 458 530 619 666 755 
6 66 148 174 487 513 618 
5 142 292 597 620 666 
6 169 336 542 610 642 733 
8 69 176 249 291 327 367 368 508 
8 96 129 149 253 409 417 475 741 
7 106 157 239 484 567 684 741 
5 407 409 584 676 696 
6 62 275 288 306 675 716 
9 45 46 66 143 168 345 401 582 731 
7 117 205 338 341 486 524 616 
4 33 63 91 160 
3 168 223 500 
4 102 127 367 414 
6 179 396 466 615 695 715 
5 43 144 348 469 619 
6 67 188 209 459 667 739 
4 336 409 465 619 
2 42 492 
8 79 197 221 245 527 550 560 717 
6 336 364 372 507 632 716 
5 55 75 212 466 758 
15 31 95 164 238 239 403 425 530 531 577 687 692 696 747 751 
2 183 634 
4 119 172 430 622 
4 19 283 392 743 
5 237 471 492 631 732 
5 106 247 336 709 755 
6 47 307 539 543 607 665 
7 14 17 73 103 165 499 616 
5 50 90 399 644 648 
3 4 219 335 
9 46 58 61 276 320 331 603 734 740 
3 43 70 436 
7 32 61 117 143 267 278 688 
3 310 578 732 
9 20 65 89 93 182 225 417 442 470 
5 14 302 413 431 641 
3 56 66 446 
6 25 250 330 373 669 725 
3 253 517 589 
13 306 312 333 398 408 532 538 541 585 604 620 652 757 
6 173 252 305 418 521 730 
6 71 241 310 341 485 576 
8 232 364 411 575 590 592 623 696 
5 74 577 616 649 748 
5 9 143 172 328 375 
5 126 192 291 318 599 
5 57 342 571 619 653 
0 
6 8 159 169 260 454 460 
4 35 246 501 669 
5 105 281 302 306 661 
5 141 208 368 458 756 
2 137 380 
4 207 484 550 700 
5 339 472 601 689 733 
8 195 200 203 428 465 501 595 697 
8 133 159 351 547 555 641 650 669 
6 107 256 270 365 598 707 
4 280 297 573 716 
2 139 378 
5 236 281 291 367 389 
7 109 123 258 391 426 485 724 
4 195 222 401 552 
4 282 327 373 384 
8 161 349 366 408 472 612 633 682 
9 1 250 265 527 578 652 719 721 744 
4 60 262 411 751 
3 347 474 605 
2 401 460 
3 270 419 475 
2 566 700 
7 109 388 482 536 605 720 735 
3 380 620 706 
3 423 499 633 
1 457 
6 79 359 502 512 616 642 
4 69 87 200 623 
3 526 561 674 
4 82 475 675 677 
4 96 303 317 393 
1 45 
8 148 198 242 247 302 335 356 754 
7 64 99 158 274 418 468 663 
4 109 184 513 709 
6 159 212 251 510 526 627 
5 222 454 466 470 471 
4 183 323 479 659 
5 32 159 270 414 733 
8 241 466 469 480 507 603 722 732 
7 188 375 495 517 525 575 577 
6 41 66 297 329 568 591 
2 150 290 
9 187 313 365 515 614 626 633 676 744 
6 55 227 373 474 503 738 
7 37 46 138 236 296 534 552 
5 94 199 286 340 409 
5 3 76 255 547 712 
5 170 269 292 337 654 
5 378 514 583 655 697 
4 202 372 582 669 
5 232 244 427 655 744 
5 24 222 425 567 690 
2 124 711 
5 182 311 349 385 469 
4 42 124 174 469 
7 221 315 326 377 455 641 744 
6 36 101 130 508 716 756 
7 37 338 359 471 515 581 740 
3 82 199 558 
2 74 264 
5 63 92 224 484 597 
6 84 203 234 362 524 609 
4 100 243 488 631 
6 58 97 365 481 542 678 
3 27 387 720 
2 247 597 
5 9 208 285 292 574 
5 113 184 379 462 747 
9 81 122 302 429 467 489 589 716 733 
8 220 271 487 552 582 597 619 758 
9 76 236 279 343 417 632 675 706 732 
5 109 189 395 397 531 
4 74 208 312 323 
8 258 420 466 630 647 705 745 749 
6 9 40 313 394 406 534 
2 173 306 
5 29 119 188 214 404 
3 212 248 387 
6 183 196 249 462 700 739 
6 110 201 403 512 649 697 
7 91 266 286 355 402 414 634 
3 204 218 286 
9 70 132 207 281 326 499 545 602 660 
6 78 84 170 172 186 193 
4 70 85 225 679 
4 314 329 541 673 
3 375 449 520 
3 216 324 717 
6 5 319 430 494 589 756 
13 19 257 333 365 373 409 509 551 583 595 635 683 695 
7 37 81 259 312 443 594 714 
5 3 130 364 458 519 
9 79 149 183 246 473 486 528 533 642 
8 110 147 193 541 542 648 691 738 
4 87 284 303 642 
4 202 372 452 665 
5 64 155 173 300 316 
5 72 88 438 638 739 
3 29 170 614 
2 27 117 
1 119 
9 128 142 172 280 302 396 410 478 733 
3 71 76 117 
7 71 115 213 236 364 455 617 
6 33 224 450 483 584 759 
5 139 601 610 665 697 
10 53 243 363 539 541 578 631 664 695 728 
7 34 124 151 479 486 607 746 
3 96 194 648 
7 33 52 57 73 89 209 400 
3 182 363 569 
8 161 234 419 466 521 526 670 720 
8 22 220 284 337 503 591 705 724 
7 28 76 197 224 401 607 684 
9 48 185 195 243 296 428 531 580 581 
3 169 216 267 
7 72 178 241 304 421 557 600 
7 74 146 458 642 669 677 682 
4 153 216 390 700 
7 49 181 187 200 426 476 734 
6 243 264 335 492 597 694 
7 32 98 148 292 334 484 620 
4 46 71 252 700 
6 38 65 288 442 482 754 
6 243 284 429 553 597 643 
1 274 
2 364 559 
4 177 276 658 750 
9 29 81 118 162 225 414 424 575 602 
5 367 570 628 683 715 
7 44 63 258 309 325 439 616 
6 83 153 483 565 596 696 
8 107 118 211 213 322 520 523 731 
760 1908
6 88 151 394 443 699 731 
9 260 309 344 361 385 402 426 467 493 
4 13 281 299 395 
8 22 34 355 375 403 487 639 680 
3 159 437 478 
1 328 
9 128 269 381 451 538 561 582 627 757 
2 236 508 
3 397 545 676 
6 186 267 288 377 531 749 
4 144 455 604 711 
3 145 498 638 
5 90 213 257 313 749 
3 2 165 449 
3 99 186 659 
3 283 382 646 
5 46 56 83 206 547 
4 326 350 408 632 
6 40 232 262 329 450 631 
4 225 277 352 448 
2 277 477 
3 257 526 580 
6 3 84 120 175 472 483 
3 701 740 745 
9 54 210 354 480 652 683 686 697 745 
5 202 557 622 744 755 
3 110 689 722 
4 295 316 571 624 
5 45 324 463 481 696 
7 185 248 449 481 538 591 656 
5 260 338 580 581 689 
4 436 483 567 702 
6 115 175 325 540 625 650 
6 49 104 325 341 434 644 
4 3 500 548 555 
7 72 257 270 278 294 435 566 
5 151 321 437 672 692 
6 103 346 415 469 534 733 
5 125 313 456 556 597 
4 41 86 373 449 
7 18 109 175 232 465 604 663 
5 39 108 166 345 564 
3 695 723 726 
0 
5 115 201 342 354 609 
6 28 131 202 414 434 598 
7 16 174 359 475 499 504 522 
0 
4 288 363 419 581 
4 33 56 306 756 
4 111 322 374 741 
6 294 341 533 583 605 715 
8 88 273 390 542 573 612 693 744 
5 118 169 192 219 329 
5 24 83 347 352 423 
0 
3 16 49 167 
3 275 296 662 
3 321 671 724 
2 231 380 
7 152 180 183 222 224 392 574 
2 280 626 
8 91 249 333 388 556 642 647 705 
6 126 179 192 399 415 746 
10 79 82 222 392 436 556 624 637 695 704 
8 71 296 306 384 494 522 525 669 
5 110 142 263 407 739 
6 298 385 397 564 697 720 
2 193 647 
7 191 220 373 442 508 691 693 
7 223 303 512 594 605 716 759 
5 65 111 525 585 646 
5 35 313 326 591 618 
3 452 506 603 
2 414 624 
6 287 315 318 337 579 699 
5 105 294 352 492 658 
6 289 348 441 480 541 744 
4 98 132 554 713 
3 64 430 641 
4 139 277 506 512 
5 90 403 421 589 699 
8 64 340 408 461 525 732 740 753 
8 16 54 156 161 174 229 455 606 
4 22 226 274 314 
2 285 570 
6 39 99 188 571 641 759 
1 572 
6 0 52 149 382 467 545 
3 317 653 753 
5 12 81 244 342 628 
5 62 574 607 648 734 
4 397 473 602 684 
5 236 298 299 548 568 
2 121 222 
0 
2 196 673 
4 106 166 184 274 
10 78 164 210 262 359 391 425 517 663 695 
6 14 86 203 355 412 433 
8 117 500 546 574 577 695 710 729 
5 124 459 596 638 646 
1 473 
12 37 157 199 236 380 488 538 545 595 610 635 757 
2 33 561 
6 76 108 493 572 640 702 
10 97 108 214 239 292 308 440 466 473 654 
5 199 247 302 311 478 
10 41 105 106 221 345 359 378 614 644 673 
2 40 400 
5 26 66 455 542 700 
3 50 71 247 
4 315 398 430 447 
5 238 478 555 597 662 
5 160 341 348 687 721 
9 32 44 413 418 464 476 526 623 715 
4 229 330 386 530 
8 100 123 151 154 254 306 316 759 
3 53 328 479 
6 180 363 433 627 653 709 
7 22 173 216 320 451 482 673 
4 94 293 513 566 
6 186 506 551 577 629 661 
7 117 140 166 191 515 634 675 
4 101 154 452 703 
3 38 144 497 
5 63 243 417 488 747 
11 168 203 222 242 249 300 306 391 600 639 753 
7 6 330 346 411 608 619 652 
3 427 530 749 
8 135 165 188 283 365 390 457 568 
4 45 185 314 354 
5 78 145 526 684 695 
4 237 257 671 731 
2 585 688 
5 130 207 309 380 639 
1 744 
4 395 492 629 663 
4 305 350 586 636 
5 80 151 160 550 614 
3 123 435 615 
4 158 255 426 488 
7 66 159 202 267 491 593 641 
3 282 568 681 
8 10 125 334 506 544 555 617 753 
8 11 132 167 413 488 542 560 594 
1 285 
4 447 532 561 616 
5 220 364 473 557 605 
11 88 311 337 356 369 459 467 479 493 520 747 
4 225 249 325 707 
6 0 36 117 139 303 465 
6 60 303 314 479 516 554 
4 155 181 565 756 
7 117 124 218 276 633 647 749 
5 153 239 295 525 641 
7 83 260 297 347 484 534 692 
3 103 478 695 
7 141 182 190 319 345 484 717 
8 4 142 216 437 603 695 703 718 
6 114 139 326 443 588 617 
6 83 198 397 569 697 729 
4 251 656 661 721 
3 296 520 752 
4 98 290 501 706 
7 13 130 183 203 388 493 511 
8 41 97 123 171 190 325 467 625 
7 56 145 258 273 543 615 657 
4 127 284 380 585 
5 53 226 284 385 643 
3 395 406 681 
3 166 340 663 
4 269 354 670 675 
6 120 354 361 435 551 737 
5 46 83 390 448 488 
7 22 32 40 287 334 444 473 
6 194 284 291 591 684 731 
4 316 343 365 458 
5 199 451 458 467 590 
4 63 257 623 695 
5 60 119 573 720 738 
4 153 333 407 425 
6 158 183 205 343 386 531 
9 60 165 182 193 317 409 434 671 712 
3 97 376 752 
12 29 131 206 209 215 273 309 515 564 631 683 744 
5 9 14 122 352 480 
6 189 235 239 402 421 675 
4 86 130 397 537 
6 187 345 420 471 654 686 
5 158 166 501 580 687 
6 69 123 498 552 589 748 
6 53 63 240 451 534 567 
4 68 183 731 744 
4 176 200 475 481 
2 489 703 
5 96 269 333 363 736 
5 326 537 634 646 727 
5 161 238 302 362 744 
7 103 107 178 261 418 573 729 
2 194 305 
5 44 326 349 557 616 
4 25 45 142 418 
8 99 127 165 276 460 490 543 625 
4 355 379 385 437 
9 182 258 273 313 337 416 592 620 694 
7 16 185 246 263 409 696 702 
2 135 724 
1 729 
2 185 676 
5 24 98 373 432 487 
3 536 579 669 
5 283 334 461 468 571 
8 12 297 429 546 573 590 720 757 
3 106 220 424 
5 185 400 407 462 531 
8 120 159 264 381 422 438 603 618 
4 231 289 347 494 
8 154 328 521 545 571 600 630 656 
4 53 337 484 699 
6 69 148 214 333 457 680 
3 108 326 618 
7 60 64 94 127 423 589 632 
5 70 263 517 601 683 
5 60 361 366 421 504 
5 19 150 311 392 671 
5 84 169 409 443 747 
4 263 330 344 537 
0 
6 83 116 259 291 316 729 
2 446 496 
3 59 217 461 
4 18 40 335 660 
1 529 
2 478 500 
4 187 247 352 630 
6 7 93 103 375 523 652 
5 133 275 533 604 642 
4 113 198 426 631 
6 106 155 187 449 629 646 
4 192 445 685 721 
4 246 256 671 729 
7 127 301 439 551 651 745 754 
3 126 424 717 
8 90 312 387 508 548 627 629 673 
3 330 395 439 
4 206 241 358 533 
9 107 111 235 262 335 365 428 505 513 
4 29 562 595 665 
10 62 127 150 269 293 402 433 525 545 564 
1 321 
2 162 383 
3 295 318 345 
2 680 745 
3 117 680 748 
4 141 268 378 758 
5 241 333 518 585 747 
6 12 21 35 133 179 653 
7 167 205 311 373 557 657 718 
5 229 294 450 576 657 
6 1 30 156 513 625 645 
8 199 272 354 383 431 539 628 722 
7 18 98 247 301 319 538 559 
7 66 206 223 227 434 523 583 
2 216 396 
8 342 356 366 582 603 653 679 716 
4 277 475 656 709 
7 9 142 309 489 495 513 529 
1 255 
10 6 172 196 249 332 375 534 560 662 722 
6 35 276 392 552 609 735 
2 303 486 
4 261 347 429 694 
7 52 167 185 205 464 491 579 
5 84 97 554 680 747 
6 57 237 277 406 443 722 
6 154 203 270 419 559 670 
6 19 20 80 266 275 627 
4 35 282 373 714 
3 323 627 758 
4 61 423 698 719 
4 2 340 366 734 
6 143 278 383 468 498 647 
4 15 130 212 708 
6 168 169 176 523 564 612 
5 85 146 485 527 656 
3 456 516 614 
7 75 175 331 360 458 465 652 
7 9 48 584 597 602 707 755 
7 77 217 301 334 414 574 744 
7 164 406 494 554 573 648 718 
7 176 229 343 365 496 518 756 
7 106 313 359 471 482 561 687 
4 121 249 566 575 
5 35 51 76 259 361 
3 27 155 252 
8 57 65 163 327 421 479 659 719 
5 156 213 373 636 695 
4 67 93 578 627 
4 2 93 339 609 
3 127 378 474 
5 242 262 289 407 422 
3 107 198 432 
7 70 151 152 271 338 663 681 
1 505 
4 138 200 444 545 
6 49 65 117 127 314 485 
1 404 
4 106 384 443 528 
6 1 135 185 267 387 392 
1 625 
8 107 149 225 258 548 625 692 743 
3 244 353 678 
9 12 38 72 205 292 347 380 523 721 
4 84 131 152 306 
6 75 112 464 538 642 660 
5 27 117 177 229 570 
5 89 183 465 481 507 
4 75 252 569 660 
8 158 262 489 559 587 590 687 732 
5 120 495 593 658 725 
5 36 58 250 398 722 
3 50 655 721 
2 279 520 
4 28 371 612 700 
7 32 33 150 166 386 639 751 
7 17 72 160 197 201 221 331 
5 296 416 494 672 712 
6 5 118 218 536 569 617 
4 18 53 450 686 
8 116 128 227 245 386 391 429 657 
5 287 326 673 746 751 
3 269 354 618 
8 62 181 196 220 256 372 587 683 
6 144 175 212 289 373 586 
6 232 247 394 497 517 604 
2 665 717 
8 75 149 205 219 437 486 531 645 
3 30 303 510 
7 299 420 579 589 656 659 711 
8 82 171 281 375 456 489 652 752 
5 33 51 114 620 685 
10 44 90 265 356 377 465 484 619 658 755 
6 177 182 291 352 625 737 
3 1 227 687 
13 41 108 158 189 252 353 404 497 567 570 652 706 726 
4 37 128 575 635 
7 54 156 217 272 313 371 546 
6 77 114 374 387 618 655 
4 201 442 586 610 
4 17 138 557 733 
2 420 707 
7 19 54 76 186 235 343 591 
3 312 345 499 
8 24 44 131 172 173 261 332 532 
7 3 99 204 427 464 667 704 
4 149 265 342 457 
2 376 461 
9 246 417 421 447 501 546 562 636 711 
7 46 98 108 292 361 689 752 
3 287 446 663 
8 1 173 224 294 359 385 436 526 
6 198 475 653 659 690 694 
4 48 119 196 706 
2 148 647 
8 130 177 247 291 413 502 526 569 
4 224 265 281 703 
5 377 449 505 640 710 
3 557 567 754 
2 149 693 
2 399 486 
3 324 347 599 
2 333 759 
10 39 69 210 258 278 297 334 396 659 669 
4 50 348 573 727 
5 3 236 269 340 752 
6 184 357 407 473 499 589 
8 9 342 367 383 509 547 649 727 
7 108 255 300 609 698 755 756 
4 204 543 604 727 
9 59 103 135 168 313 456 507 612 751 
3 6 216 753 
5 15 88 404 407 449 
6 251 261 282 377 541 625 
8 65 308 427 469 605 635 726 730 
8 1 67 169 204 361 409 529 693 
6 116 182 325 330 439 479 
5 244 309 348 595 758 
3 62 165 402 
4 493 626 653 745 
5 52 130 174 466 729 
6 98 127 330 453 546 665 
10 60 64 225 270 309 426 570 648 705 741 
1 545 
3 0 335 536 
6 2 137 170 245 449 615 
5 264 373 485 643 756 
5 8 67 92 161 188 
5 112 321 426 546 613 
4 63 370 556 582 
4 109 215 730 743 
4 429 580 651 659 
6 1 187 249 388 566 733 
4 3 81 438 747 
6 307 345 382 480 733 750 
3 547 652 671 
7 170 275 290 554 619 737 741 
7 66 181 215 301 376 382 460 
6 17 82 544 578 658 708 
6 183 206 226 385 575 741 
3 511 630 654 
4 128 560 611 651 
4 99 496 603 734 
5 115 145 365 579 682 
4 45 74 289 651 
4 37 63 437 566 
3 205 327 552 
2 126 358 
7 115 199 202 569 583 621 731 
4 48 276 435 633 
8 189 339 351 430 584 620 633 671 
8 81 187 224 296 358 542 562 758 
10 216 301 455 468 536 609 647 664 673 726 
7 54 222 280 457 567 589 654 
5 214 243 538 578 642 
4 98 181 441 562 
6 1 141 238 392 398 639 
5 129 355 384 698 706 
4 247 441 470 532 
9 213 272 330 401 516 625 660 665 700 
5 79 112 420 502 662 
7 261 582 633 656 701 720 739 
4 210 302 461 507 
4 99 119 249 701 
5 33 45 183 263 653 
7 35 140 173 419 454 465 518 
3 31 64 361 
6 4 36 159 204 337 415 
5 216 403 473 514 726 
8 242 245 386 468 508 519 536 644 
1 106 
3 77 425 428 
4 69 349 514 581 
7 0 160 226 275 308 469 593 
2 175 305 
1 240 
4 230 360 521 565 
3 112 147 358 
8 19 174 455 478 593 646 683 749 
8 13 29 39 239 367 382 395 564 
3 18 259 329 
6 6 120 178 192 543 631 
4 73 124 684 713 
4 391 474 506 552 
4 435 547 647 710 
6 10 83 110 422 448 685 
6 38 286 340 380 485 578 
9 130 220 356 423 504 525 533 598 613 
6 177 178 287 563 585 658 
5 101 149 472 663 685 
4 203 407 505 514 
9 82 212 231 357 432 590 642 686 736 
2 215 600 
3 28 484 724 
4 115 273 315 355 
6 40 151 287 317 342 435 
2 106 390 
5 1 88 149 166 178 
5 212 282 422 439 569 
6 37 384 443 509 601 676 
3 428 570 597 
2 189 292 
5 22 459 484 619 716 
8 92 102 106 148 175 376 438 641 
5 300 453 516 546 665 
8 46 194 266 362 479 669 745 746 
1 115 
1 20 
7 4 107 113 157 234 448 511 
8 118 149 152 296 386 475 565 687 
5 24 77 186 404 500 
4 28 29 194 317 
6 120 292 526 566 600 725 
3 22 31 667 
7 156 158 219 342 463 472 659 
5 285 306 396 456 675 
6 271 337 370 510 577 754 
3 3 210 598 
6 103 126 141 145 174 674 
7 195 267 319 340 620 649 714 
3 203 610 632 
4 142 273 520 643 
2 76 137 
7 1 105 149 165 389 529 702 
5 65 217 290 327 719 
4 267 320 589 680 
5 230 291 412 628 630 
4 125 335 345 748 
5 11 191 282 590 657 
6 46 353 376 614 717 726 
6 34 100 234 480 651 677 
5 164 190 358 517 549 
2 365 430 
1 583 
5 46 224 457 723 744 
5 247 304 367 460 628 
7 73 80 122 144 453 553 742 
3 317 380 432 
5 7 69 244 439 541 
3 377 469 513 
5 338 486 527 578 733 
6 165 410 478 520 570 675 
3 70 80 714 
8 121 247 260 267 509 577 616 631 
3 438 442 460 
2 123 185 
6 152 286 429 474 545 587 
5 98 223 335 501 740 
5 256 291 435 590 734 
2 439 596 
6 149 163 323 491 511 650 
2 218 446 
2 46 65 
7 236 263 284 313 537 671 676 
2 549 694 
8 65 71 82 155 249 457 531 672 
10 21 115 132 361 365 482 581 631 696 737 
3 285 510 637 
2 308 563 
4 233 267 385 493 
3 116 129 622 
9 9 182 215 337 525 627 700 754 755 
4 147 354 428 641 
6 51 237 246 457 559 590 
4 37 156 192 269 
1 554 
10 211 328 394 422 439 542 543 568 596 599 
7 188 197 227 523 560 633 639 
8 6 29 103 262 315 424 544 757 
3 261 708 739 
4 32 630 654 726 
4 77 383 508 729 
5 52 110 145 421 536 
5 167 203 379 451 536 
4 144 408 538 674 
9 8 88 103 218 249 305 393 516 707 
7 100 213 347 358 391 398 474 
4 16 377 405 454 
6 34 93 244 311 560 642 
3 501 524 709 
2 139 708 
3 122 173 242 
5 191 270 416 453 730 
2 506 682 
8 78 152 274 290 406 535 567 585 
5 34 113 144 602 616 
6 38 62 64 399 583 586 
6 25 148 201 258 350 368 
0 
6 262 276 319 533 633 657 
7 145 269 411 537 548 614 704 
5 6 104 147 292 594 
5 248 358 421 425 667 
6 458 528 598 699 737 746 
7 41 67 185 249 284 449 715 
4 153 446 479 685 
8 35 121 293 402 415 482 588 607 
6 31 192 345 368 423 554 
6 93 130 143 536 581 728 
8 161 318 328 365 418 468 607 723 
6 85 316 345 392 470 511 
5 27 86 212 218 576 
5 87 105 598 652 665 
9 52 180 199 213 290 374 621 700 733 
4 60 91 100 289 
3 293 346 409 
2 259 571 
4 100 122 486 513 
7 298 408 424 456 510 675 682 
6 75 211 273 339 413 659 
4 21 30 190 401 
6 30 48 442 526 568 599 
6 6 265 399 431 666 676 
5 51 263 418 503 556 
3 288 420 703 
7 71 134 168 256 458 554 692 
7 138 334 349 556 587 642 716 
6 319 333 516 586 631 724 
2 160 566 
7 81 191 222 339 376 423 495 
7 178 213 319 461 498 518 533 
4 29 72 176 352 
2 205 684 
4 142 320 443 448 
4 70 145 561 649 
4 103 248 387 617 
4 101 519 536 609 
5 38 113 288 470 669 
5 45 457 487 563 572 
3 371 536 581 
5 127 218 462 482 611 
3 223 469 696 
6 92 288 555 606 640 666 
5 73 159 216 265 412 
5 10 40 237 335 379 
5 51 70 148 384 661 
3 83 602 623 
4 91 566 569 635 
1 128 
7 44 270 299 378 422 596 680 
4 103 349 490 677 
5 411 600 626 671 745 
10 52 284 324 380 616 685 687 698 715 718 
4 398 457 672 675 
7 108 139 286 499 560 695 739 
5 140 167 395 658 754 
6 147 201 513 555 612 721 
5 144 160 328 595 632 
6 72 216 221 332 348 665 
6 128 342 406 472 662 745 
4 205 341 420 489 
2 418 573 
2 25 530 
3 115 179 606 
4 27 64 74 730 
10 32 166 203 260 310 311 343 383 429 753 
3 61 389 611 
7 6 119 244 277 279 298 531 
5 90 261 496 505 742 
7 122 137 239 244 652 662 695 
7 218 235 410 496 540 731 756 
8 18 185 238 451 513 526 587 735 
6 17 222 490 617 681 690 
7 154 419 420 431 537 559 696 
3 123 197 658 
5 103 346 384 607 684 
3 138 297 358 
3 64 527 667 
2 11 101 
7 3 127 135 325 426 537 759 
3 105 367 602 
9 79 86 142 155 473 532 656 673 686 
8 62 237 315 424 461 548 586 733 
4 169 396 491 685 
5 33 108 439 687 728 
2 260 337 
8 15 71 101 197 239 448 702 728 
9 62 68 154 282 364 422 454 686 738 
4 91 290 392 751 
5 377 489 594 666 723 
3 32 520 656 
5 242 401 411 414 500 
10 24 128 236 287 340 345 405 572 629 653 
10 89 119 257 265 362 389 434 652 730 745 
6 106 189 410 423 540 715 
3 322 348 702 
9 29 162 218 266 285 339 431 641 650 
6 167 258 259 330 498 559 
7 76 320 342 408 458 615 634 
9 14 296 339 362 373 401 484 579 753 
4 232 315 318 429 
3 122 162 605 
7 57 113 269 430 619 629 729 
7 40 98 137 171 303 360 459 
1 422 
7 248 336 391 429 474 572 618 
3 582 602 649 
5 355 483 562 637 677 
1 725 
5 65 211 373 475 597 
3 172 276 696 
10 58 133 183 225 241 405 420 523 611 673 
4 36 327 525 613 
8 96 108 120 244 331 422 641 671 
3 488 544 717 
9 123 172 187 485 511 578 613 696 745 
6 8 209 469 523 582 699 
3 500 610 667 
1 312 
1 265 
8 3 220 253 254 274 495 609 694 
6 143 170 303 632 682 728 
6 413 553 578 681 690 747 
6 24 185 223 333 448 746 
6 92 132 176 452 592 635 
8 240 341 455 459 565 612 643 713 
6 24 189 329 461 641 647 
8 114 190 292 319 344 479 612 644 
1 134 
3 26 30 359 
4 362 632 682 709 
2 69 745 
5 36 156 311 585 738 
4 52 69 369 385 
5 205 272 362 524 680 
11 42 64 98 100 132 157 159 179 297 614 629 
9 28 206 526 601 633 670 675 711 757 
3 24 67 161 
4 280 378 427 612 
8 0 75 81 219 563 676 701 717 
5 110 324 429 531 573 
6 23 431 433 699 710 750 
6 31 105 206 493 646 655 
5 124 159 195 366 584 
3 64 355 560 
2 62 392 
4 164 345 363 427 
4 150 288 351 545 
4 283 408 539 550 
4 119 266 549 690 
4 100 367 454 701 
4 10 339 358 696 
2 183 327 
3 78 452 685 
3 278 489 512 
5 51 115 564 612 654 
4 70 265 472 586 
6 158 243 336 499 674 699 
5 159 258 290 612 740 
3 280 296 494 
4 67 180 213 431 
6 114 162 240 313 322 616 
6 26 261 269 275 321 751 
4 42 504 569 649 
4 58 207 463 587 
4 320 482 668 746 
8 42 345 384 422 438 499 540 731 
4 197 374 377 379 
4 568 644 646 681 
9 100 161 199 208 229 241 390 541 662 
5 384 400 552 624 653 
7 0 133 176 193 418 630 726 
2 82 319 
8 37 350 402 404 510 573 642 756 
5 91 281 412 518 758 
3 270 631 751 
2 196 461 
6 173 343 406 526 563 749 
3 180 647 692 
4 66 431 539 614 
4 23 82 517 718 
5 50 392 406 409 747 
2 506 628 
3 311 400 757 
9 25 52 77 136 185 193 198 289 504 
11 23 24 242 253 389 475 611 619 653 675 691 
6 63 331 475 563 683 725 
8 126 149 226 256 274 403 682 741 
3 191 254 497 
6 9 12 129 154 448 737 
2 404 701 
6 325 331 380 648 722 735 
5 163 184 340 359 375 
7 82 89 127 144 381 625 659 
5 242 368 486 531 615 
5 25 288 342 378 531 
7 49 153 291 378 396 630 733 
6 6 103 213 538 696 743 
5 255 279 387 421 734 
5 70 86 117 372 639 
