770 2022
4 1 111 401 558 
10 0 61 63 133 188 222 353 543 562 632 
1 300 
11 186 203 206 251 255 260 276 357 378 643 688 
5 107 252 355 452 566 
8 44 52 108 148 374 435 665 749 
1 133 
3 161 279 305 
4 92 342 468 545 
12 11 33 71 103 170 278 286 310 531 603 611 704 
3 169 307 418 
1 9 
2 678 762 
3 105 396 695 
4 84 253 464 472 
8 47 77 102 128 280 294 388 414 
3 376 695 721 
4 54 141 434 743 
6 126 344 349 366 391 768 
4 73 138 410 526 
10 57 64 122 149 202 247 312 411 595 680 
3 113 609 700 
6 110 350 519 559 713 757 
8 205 264 270 340 540 555 575 723 
4 233 438 699 740 
4 41 364 549 633 
10 28 97 138 180 211 251 279 282 545 611 
8 31 193 195 421 456 579 587 759 
11 26 39 75 116 136 250 460 483 712 751 766 
7 39 66 226 413 435 465 759 
3 166 549 711 
5 27 144 202 237 287 
5 289 344 428 542 659 
10 9 153 180 243 256 401 406 509 529 724 
4 35 101 177 394 
6 34 179 215 276 637 704 
4 323 446 535 724 
6 77 185 301 314 347 455 
3 370 681 756 
8 28 29 436 446 569 665 722 728 
4 301 395 427 703 
5 25 107 112 257 425 
5 83 173 261 629 726 
6 160 178 500 523 550 658 
7 5 75 317 488 539 682 723 
5 134 207 323 502 688 
8 53 124 147 211 289 473 606 652 
8 15 100 133 298 369 641 674 740 
5 261 704 737 745 764 
6 256 513 685 693 697 746 
3 105 480 745 
2 61 480 
2 5 216 
3 46 203 411 
3 17 590 760 
6 120 305 492 649 713 766 
7 302 381 469 521 594 642 765 
4 20 166 671 738 
8 110 207 264 303 443 491 520 541 
3 349 385 752 
5 251 420 566 705 707 
7 1 51 253 377 522 607 670 
5 153 318 547 662 763 
6 1 327 545 569 609 724 
5 20 83 498 580 665 
9 100 166 171 289 297 619 627 656 710 
4 29 246 418 623 
0 
6 149 222 577 579 589 663 
5 96 154 607 708 710 
8 87 151 221 346 606 717 718 737 
6 9 99 274 508 701 720 
3 269 570 702 
8 19 181 377 575 641 654 699 750 
7 76 279 298 355 457 497 540 
10 28 44 252 381 606 630 662 673 714 745 
2 74 448 
4 15 37 247 621 
8 156 295 391 494 552 619 679 763 
5 117 244 417 657 722 
5 154 573 595 633 663 
4 95 294 522 552 
4 240 373 614 728 
7 42 64 212 533 555 737 746 
9 14 172 216 307 320 383 387 402 545 
5 345 395 398 620 739 
6 159 162 275 465 533 746 
10 70 108 147 214 227 252 303 525 602 768 
6 241 328 401 526 580 617 
4 206 249 384 586 
6 93 266 354 475 683 703 
2 444 733 
3 8 97 357 
4 90 135 207 407 
9 175 180 237 321 500 524 603 613 741 
8 81 149 280 293 369 448 612 653 
6 69 222 392 473 564 674 
9 26 92 153 207 439 520 678 716 757 
2 248 339 
3 71 358 563 
5 47 65 341 441 491 
6 34 125 235 697 709 769 
4 15 240 447 623 
11 9 405 442 520 537 538 553 653 670 719 725 
4 241 390 400 527 
7 13 50 149 184 205 433 669 
4 226 351 611 660 
5 4 41 422 639 730 
8 5 87 143 208 218 230 268 365 
5 265 279 476 641 708 
5 22 58 460 626 664 
1 0 
9 41 220 312 432 441 598 613 712 723 
5 21 343 365 385 539 
6 234 289 360 403 448 648 
3 709 720 744 
5 28 208 211 547 619 
5 79 226 230 477 710 
4 163 187 358 553 
2 629 639 
6 55 219 299 333 463 557 
6 122 277 448 507 538 701 
9 20 121 230 305 346 371 536 730 732 
2 139 496 
4 46 565 592 649 
3 101 299 603 
6 18 219 426 451 546 731 
6 462 494 509 548 571 767 
7 15 176 340 344 395 662 697 
2 503 765 
5 265 327 369 485 664 
2 227 576 
1 180 
7 1 6 47 151 164 312 395 
2 45 169 
7 93 190 333 417 430 524 750 
2 28 554 
5 195 507 603 691 751 
4 19 26 347 416 
6 123 221 241 475 720 750 
5 294 328 412 563 613 
8 17 321 334 407 432 444 671 738 
6 179 296 308 401 572 614 
4 108 339 649 748 
5 31 227 234 531 594 
7 238 246 258 294 495 599 702 
6 150 339 421 511 693 768 
9 46 87 194 278 323 331 470 575 655 
6 5 167 224 407 613 765 
8 20 68 95 105 461 500 555 680 
2 146 745 
6 70 133 448 461 590 637 
0 
8 33 62 97 188 233 238 402 663 
4 69 80 467 662 
2 179 236 
9 78 206 302 503 511 533 554 617 721 
7 256 264 292 295 486 529 662 
4 205 583 674 734 
4 86 248 345 617 
5 43 350 448 524 538 
5 7 349 470 663 733 
4 86 168 344 769 
5 118 351 403 535 650 
5 133 347 375 378 592 
6 484 487 528 622 710 713 
6 30 57 65 341 691 738 
7 148 253 323 334 354 383 493 
5 162 173 209 224 450 
7 10 134 249 274 398 673 695 
8 9 185 203 323 494 580 678 763 
6 65 186 228 420 624 729 
2 84 526 
7 42 168 251 425 503 504 601 
2 298 763 
3 94 356 739 
5 128 236 249 572 747 
3 34 253 741 
3 43 347 703 
7 35 142 155 440 555 624 681 
10 26 33 94 132 297 502 529 594 636 650 
4 73 578 612 709 
4 184 334 646 753 
4 193 302 402 602 
11 105 182 189 275 333 342 438 448 548 625 660 
6 37 170 317 457 532 569 
4 3 171 284 551 
3 118 666 767 
6 1 153 263 378 592 742 
6 184 371 436 602 709 741 
6 135 265 328 511 521 766 
1 523 
6 214 272 407 414 516 648 
5 27 183 467 704 757 
4 147 343 489 602 
4 27 137 255 394 
3 395 408 768 
6 228 342 363 456 481 522 
4 403 467 560 759 
6 215 360 406 549 686 739 
4 303 359 605 637 
2 366 563 
7 20 31 230 508 518 529 678 
7 3 53 170 543 564 585 605 
4 249 328 566 682 
9 23 105 158 299 305 572 630 669 747 
8 3 89 156 329 433 539 546 595 
6 45 58 93 97 383 427 
6 108 116 326 478 589 710 
3 168 215 258 
5 271 300 400 636 641 
6 26 46 116 231 336 647 
3 83 471 503 
6 216 244 247 289 299 377 
4 87 192 496 738 
5 35 199 209 490 622 
8 52 84 213 341 397 507 698 741 
5 312 531 546 582 670 
6 108 413 464 613 636 652 
4 120 126 225 547 
6 112 339 508 633 677 686 
5 70 139 543 643 687 
5 1 68 96 224 377 
7 260 273 322 388 574 696 730 
6 148 168 222 330 682 698 
4 219 665 697 698 
8 29 106 117 363 380 678 733 734 
3 87 131 144 
6 171 197 453 511 740 743 
2 373 726 
9 108 117 122 202 252 494 544 619 745 
3 211 289 555 
5 309 415 449 475 508 
4 24 153 365 548 
8 114 144 296 347 643 711 726 764 
6 101 284 289 311 317 333 
2 155 176 
7 31 94 326 373 451 523 608 
5 145 153 352 485 710 
10 251 369 413 421 427 431 530 557 564 695 
6 82 102 343 455 491 547 
6 88 104 139 246 578 640 
6 264 357 581 595 704 752 
9 33 282 316 387 471 483 613 635 650 
7 79 213 314 386 389 391 699 
5 301 389 500 719 747 
7 66 145 241 479 502 632 751 
7 20 77 213 476 546 595 692 
7 98 159 303 396 403 640 675 
5 89 169 176 204 518 
2 28 703 
8 3 26 60 173 239 402 535 649 
7 4 75 87 230 258 567 716 
10 14 61 167 177 270 413 623 685 742 766 
5 318 387 436 542 687 
6 3 195 317 375 412 580 
4 33 49 157 499 
2 41 568 
3 145 209 252 
5 273 398 454 581 642 
6 3 223 336 522 705 752 
6 42 48 435 572 626 693 
4 301 459 592 615 
8 188 343 402 408 628 644 696 756 
6 23 58 157 242 356 494 
6 109 130 190 439 451 469 
3 90 486 689 
1 572 
3 108 323 743 
6 72 404 497 570 615 644 
6 23 253 298 313 534 766 
3 210 322 469 
1 192 
4 223 259 294 567 
4 71 169 367 511 
5 86 184 290 383 760 
9 3 35 277 349 607 608 686 691 757 
8 121 276 445 467 494 509 612 701 
5 9 147 417 512 554 
12 7 26 74 109 316 334 346 357 397 404 468 762 
6 15 95 585 725 760 761 
1 337 
5 26 243 361 541 604 
4 285 375 442 491 
5 186 235 351 512 657 
7 283 339 379 540 552 595 610 
6 9 534 631 705 738 761 
3 31 423 492 
2 433 475 
9 32 46 65 114 213 231 235 327 675 
5 275 428 453 564 634 
2 512 544 
5 157 337 364 380 716 
5 95 334 665 688 766 
9 15 81 140 145 273 380 552 626 746 
3 78 157 328 
8 142 234 409 424 455 492 525 656 
4 65 180 437 502 
9 47 74 174 270 508 646 657 678 747 
8 120 125 205 213 303 366 738 744 
8 2 210 316 349 360 435 552 708 
8 37 40 245 262 320 512 593 610 
3 56 156 183 
9 58 87 200 248 299 442 494 744 752 
3 460 486 663 
8 7 55 122 205 333 561 613 716 
3 336 354 752 
4 10 84 322 462 
4 142 317 414 731 
3 232 550 755 
3 9 538 671 
2 235 620 
7 20 112 133 217 401 454 696 
2 270 571 
6 37 244 346 471 472 714 
3 359 484 689 
9 243 279 300 455 483 486 576 612 703 
8 44 185 235 255 308 610 673 706 
6 62 254 413 636 710 721 
2 544 571 
5 84 301 325 424 485 
5 94 141 370 449 624 
6 223 271 307 338 478 523 
10 36 45 147 167 170 268 408 555 673 731 
3 384 685 690 
2 320 755 
4 208 237 359 459 
6 63 130 289 474 659 756 
13 88 140 190 204 295 367 456 497 661 710 724 727 734 
3 206 597 663 
4 224 349 414 681 
3 147 342 709 
2 620 732 
7 120 135 184 235 305 627 660 
9 141 167 182 279 293 392 536 538 647 
3 425 571 703 
6 211 260 306 384 472 492 
4 281 292 377 554 
2 322 516 
7 98 143 146 220 285 476 578 
5 23 128 435 506 688 
9 100 166 216 443 444 539 578 679 739 
6 8 184 197 331 438 440 
6 113 194 240 263 401 495 
6 18 32 128 162 640 641 
5 85 159 390 746 763 
7 70 122 279 314 365 690 729 
9 37 138 164 178 234 497 555 590 733 
3 430 665 734 
8 18 59 161 276 300 330 523 681 
3 22 160 611 
6 106 163 284 370 402 679 
2 238 496 
3 1 588 767 
5 90 167 306 468 604 
8 4 74 379 383 585 636 660 759 
10 175 264 358 381 432 445 656 691 712 738 
6 3 92 242 279 541 644 
7 99 118 356 563 572 621 740 
8 200 315 326 436 509 536 544 593 
5 114 199 300 445 467 
1 282 
0 
7 197 226 382 461 484 565 611 
7 25 292 439 484 510 540 586 
5 108 113 233 346 743 
9 18 201 299 453 498 545 652 676 755 
5 274 328 621 652 747 
3 476 576 728 
7 47 95 130 239 411 450 629 
6 38 321 351 450 695 764 
3 122 189 386 
2 505 560 
3 82 229 237 
3 5 520 695 
5 164 255 283 571 715 
2 16 403 
9 61 73 213 222 337 492 537 686 699 
6 3 164 188 428 481 623 
3 285 355 592 
5 226 292 294 680 758 
6 56 75 356 553 675 749 
6 363 463 495 683 698 758 
9 84 167 207 275 355 531 645 674 712 
4 89 324 336 556 
5 59 113 533 657 680 
7 244 371 388 404 543 683 732 
5 84 243 254 493 667 
6 15 223 386 391 645 740 
3 244 245 579 
5 104 345 471 732 738 
5 18 78 244 388 455 
5 96 334 402 648 757 
4 458 463 574 733 
3 34 195 547 
6 40 85 128 133 196 689 
4 13 248 537 549 
6 216 279 495 562 587 740 
10 85 169 259 488 505 507 517 597 641 757 
2 476 632 
5 104 210 502 526 689 
7 0 33 88 142 312 343 720 
10 84 153 183 251 263 351 392 408 453 660 
10 114 163 198 248 376 408 484 527 575 608 
3 269 279 386 
4 103 609 700 731 
6 33 199 454 573 715 757 
5 93 141 148 192 722 
7 196 263 323 402 403 453 754 
2 296 525 
2 19 416 
5 20 53 369 493 638 
3 140 255 721 
7 29 218 239 253 318 541 622 
8 15 192 308 330 422 560 668 763 
3 232 457 577 
3 138 410 619 
5 79 135 278 551 607 
6 10 66 433 549 683 699 
1 424 
2 60 171 
4 27 146 239 661 
3 107 414 591 
2 287 655 
6 296 320 419 506 555 559 
4 41 173 335 725 
4 126 498 510 735 
4 40 207 239 441 
4 32 290 378 730 
3 472 520 659 
5 135 348 448 603 738 
4 239 664 699 713 
6 112 141 356 638 717 766 
5 105 206 288 418 682 
1 17 
5 5 29 261 300 340 
5 39 189 254 359 461 
4 297 456 536 595 
6 24 184 342 510 539 731 
3 97 265 364 
4 179 342 586 623 
6 100 112 427 482 619 667 
6 103 283 303 486 702 747 
6 58 341 454 540 675 765 
7 91 141 341 493 583 609 756 
5 277 356 360 675 765 
4 36 39 462 594 
2 102 598 
11 76 95 114 121 151 160 184 430 463 474 637 
3 232 321 590 
6 168 369 370 568 607 647 
9 126 237 265 579 586 652 655 690 728 
2 4 660 
8 228 290 366 402 408 501 599 719 
9 259 312 406 443 505 580 595 596 750 
8 37 240 296 316 391 501 552 670 
7 27 197 328 437 466 527 549 
6 74 185 415 471 481 691 
3 393 534 744 
7 262 326 460 639 654 720 729 
5 28 110 304 459 548 
6 149 151 363 436 486 558 
5 127 307 446 523 724 
7 120 382 393 448 633 704 756 
5 14 218 476 609 732 
3 29 86 608 
4 456 540 642 742 
8 154 193 198 277 360 597 624 722 
8 8 279 354 470 527 588 732 752 
6 56 265 271 619 636 672 
7 147 161 468 507 522 636 756 
6 212 243 314 390 457 722 
7 14 314 336 429 532 540 701 
4 46 96 480 513 
2 327 448 
6 90 139 232 288 518 526 
7 109 247 339 368 399 464 722 
2 117 586 
4 208 322 510 628 
1 246 
5 50 51 473 582 618 
6 197 378 457 627 673 732 
2 441 582 
6 28 243 316 593 599 727 
6 165 315 363 364 403 591 
7 130 238 320 581 650 693 733 
7 157 266 304 316 442 461 693 
1 165 
4 44 398 674 744 
4 194 584 629 733 
2 215 737 
6 58 100 240 283 566 653 
5 55 287 296 336 377 
8 167 387 411 444 586 640 713 756 
8 78 127 170 230 264 277 303 565 
5 145 343 382 397 551 
5 123 214 352 516 531 
6 74 269 328 347 675 726 
4 64 366 426 561 
3 256 571 718 
7 43 94 149 245 538 683 729 
5 453 455 557 678 708 
5 45 180 246 297 400 
6 129 156 173 212 639 700 
3 173 538 750 
5 372 398 454 707 714 
5 340 424 528 616 664 
6 121 137 216 398 470 710 
6 71 202 220 232 298 764 
6 33 127 277 359 526 754 
7 364 426 438 478 596 639 741 
5 146 156 190 228 274 
8 278 284 291 301 555 611 732 762 
2 49 473 
2 645 769 
0 
5 192 338 496 549 756 
3 398 634 680 
4 202 249 475 703 
5 22 549 557 570 632 
7 58 97 103 374 429 525 624 
2 56 190 
6 61 81 197 260 470 664 
7 43 191 237 322 349 462 767 
4 94 135 160 562 
4 87 296 409 520 
8 19 88 172 400 475 509 626 662 
5 104 403 456 468 714 
5 165 506 603 635 660 
5 33 157 180 202 681 
3 239 666 733 
5 9 144 217 383 496 
2 185 472 
7 83 86 156 385 537 555 680 
5 270 286 458 713 753 
3 36 163 251 
5 122 334 359 437 544 
4 103 377 396 533 
7 103 121 160 310 334 500 504 
6 44 113 206 341 438 737 
9 23 74 285 364 443 466 472 590 716 
6 58 282 357 413 585 765 
2 32 254 
5 1 203 221 386 572 
7 230 291 319 359 536 555 610 
5 8 26 63 84 366 
5 126 206 217 247 548 
8 62 116 219 240 394 569 679 726 
6 127 184 233 460 546 594 
11 25 30 199 396 418 456 516 519 581 604 650 
5 43 309 556 588 679 
3 186 417 495 
8 78 81 285 294 300 455 611 732 
7 103 118 381 573 593 685 705 
6 136 156 278 337 645 686 
12 23 83 149 179 231 323 347 424 512 533 544 662 
2 384 550 
4 120 239 501 519 
2 0 461 
6 22 424 560 640 660 733 
5 198 372 414 559 740 
4 305 498 604 651 
3 1 397 524 
6 99 140 201 358 667 746 
5 96 203 239 290 625 
7 124 363 494 626 717 722 726 
7 4 60 204 491 574 578 622 
3 252 273 568 
5 257 450 567 647 693 
6 39 63 185 547 594 728 
7 72 269 519 575 583 641 747 
8 127 313 319 335 375 499 731 735 
7 142 176 205 261 267 358 543 
5 80 406 553 733 739 
3 223 393 566 
6 23 73 147 403 570 599 
4 131 316 368 599 
3 68 415 611 
6 181 241 339 341 566 739 
5 27 68 389 451 605 
8 64 88 170 255 454 598 630 735 
5 242 259 485 549 662 
5 217 480 482 649 722 
5 158 444 570 628 727 
1 489 
5 203 280 355 541 674 
6 89 364 440 451 477 493 
3 27 397 727 
4 353 468 550 670 
3 68 208 716 
6 54 151 347 449 540 740 
4 422 484 679 723 
9 124 164 188 262 379 637 707 716 735 
5 301 359 483 553 722 
7 56 144 180 446 548 569 680 
8 20 80 206 242 247 285 437 454 
3 454 510 707 
3 329 398 467 
5 112 447 580 679 766 
8 145 453 483 575 576 663 665 688 
1 642 
1 173 
5 87 183 189 194 710 
8 9 94 125 137 430 528 675 690 
5 282 354 549 561 606 
3 200 203 579 
4 46 70 75 604 
8 61 69 276 417 450 620 725 727 
4 237 276 403 465 
5 21 63 405 444 464 
6 285 301 317 544 630 639 
9 9 26 106 350 363 512 552 577 626 
4 95 181 277 316 
8 94 112 140 148 218 243 305 723 
4 82 142 651 661 
2 262 269 
3 506 664 732 
4 88 156 159 663 
2 480 747 
8 65 78 116 230 416 441 469 751 
4 85 311 332 607 
5 77 358 367 666 693 
5 165 215 413 566 647 
6 66 102 253 378 440 768 
7 171 179 321 467 520 671 711 
3 184 564 626 
7 110 261 294 526 565 611 625 
3 65 333 481 
4 263 478 583 677 
5 42 119 369 489 762 
7 75 205 580 610 656 673 761 
3 286 633 659 
7 1 246 399 519 675 715 719 
5 25 80 220 463 631 
3 290 517 718 
2 243 528 
7 180 210 218 318 355 469 470 
6 35 151 200 448 592 738 
3 411 432 690 
7 107 119 459 503 510 610 747 
6 241 248 344 493 559 765 
8 47 73 109 210 344 398 570 761 
5 56 259 466 600 747 
4 3 221 234 686 
3 263 269 357 
5 383 388 514 554 709 
3 182 298 715 
6 211 334 450 568 622 656 
3 114 192 392 
7 55 124 143 251 582 658 707 
5 163 180 243 485 549 
4 561 614 726 758 
5 46 218 366 367 451 
3 95 103 491 
4 73 459 697 746 
8 147 423 451 667 684 708 725 749 
7 65 296 356 630 647 677 703 
4 79 284 298 385 
2 43 649 
4 32 327 429 631 
8 106 184 333 355 402 452 528 559 
5 328 421 614 698 716 
9 62 75 128 154 157 526 555 581 705 
8 68 80 153 161 304 329 599 617 
6 110 130 431 506 522 616 
7 5 39 64 225 293 348 599 
5 187 530 621 670 682 
4 387 441 563 655 
1 414 
5 105 205 700 720 748 
7 61 103 217 455 588 666 733 
4 57 141 310 624 
3 469 690 731 
6 75 169 317 323 481 630 
6 47 96 158 383 488 585 
9 248 289 381 443 445 497 603 632 680 
1 366 
3 220 628 656 
9 12 97 170 202 226 298 501 682 723 
7 78 341 351 547 550 591 598 
8 20 149 380 385 517 533 594 675 
5 38 179 330 349 529 
6 44 204 224 433 666 678 
5 90 382 386 418 500 
1 655 
5 49 253 324 553 718 
6 199 220 276 377 554 643 
2 221 254 
5 3 45 293 340 599 
4 266 315 395 400 
6 324 346 451 603 638 672 
5 137 166 276 356 457 
2 247 711 
7 49 146 261 485 486 568 621 
1 701 
7 13 16 169 239 370 374 739 
4 223 263 312 736 
6 49 101 128 225 654 751 
7 216 224 225 382 661 703 769 
6 24 73 244 377 418 431 
5 21 405 503 669 760 
5 71 121 277 472 694 
3 72 145 442 
9 40 90 178 250 316 335 518 656 698 
7 9 35 48 193 242 463 725 
5 60 260 286 553 662 
1 317 
5 60 505 592 596 649 
6 69 109 300 501 655 747 
6 101 115 181 189 331 645 
10 65 69 117 165 208 238 318 328 507 602 
4 30 234 624 692 
4 28 112 356 383 
6 22 55 165 431 493 534 
4 75 314 505 527 
4 375 406 632 646 
8 97 252 292 305 540 589 592 661 
3 70 432 565 
4 70 499 634 685 
4 103 245 453 632 
7 71 115 139 401 459 669 733 
4 16 156 318 412 
9 39 79 407 467 471 476 565 582 593 
7 23 44 112 591 613 678 740 
5 33 36 63 328 462 
6 103 280 425 607 655 704 
8 42 229 234 497 547 565 651 739 
5 328 483 583 587 607 
5 39 82 368 451 569 
4 171 346 459 500 
4 107 122 223 428 
7 126 308 323 405 438 571 672 
11 122 332 386 390 464 468 481 512 552 616 762 
12 91 161 226 347 393 485 489 530 559 573 670 720 
4 158 226 328 348 
6 426 571 580 592 738 759 
1 696 
5 48 70 83 490 539 
12 57 141 166 214 286 299 356 390 430 637 735 752 
8 85 175 199 341 573 578 695 726 
9 24 47 228 358 388 397 560 590 723 
5 94 177 189 216 510 
3 188 253 466 
5 17 228 268 365 766 
5 115 299 303 458 488 
5 48 50 75 150 230 
7 49 83 86 294 345 563 654 
11 176 205 245 298 367 442 570 618 639 642 708 
2 143 669 
3 5 381 655 
5 73 135 139 454 504 
5 28 137 246 619 697 
7 59 242 260 303 306 468 738 
2 182 534 
3 408 509 764 
3 309 325 366 
8 38 263 327 444 463 470 493 516 
7 22 97 193 276 392 398 406 
3 380 382 651 
5 27 29 198 355 735 
4 54 275 280 700 
4 280 286 630 641 
5 12 279 512 629 732 
6 62 78 170 174 345 414 
5 48 234 370 508 754 
7 56 129 148 443 445 541 640 
9 28 55 190 253 270 293 432 598 743 
4 127 187 353 523 
5 18 87 146 196 623 
4 101 162 514 698 
770 1925
4 34 345 494 601 
4 15 368 508 707 
5 63 107 163 599 761 
3 279 674 761 
1 469 
7 73 172 436 579 589 616 739 
1 317 
7 76 100 158 382 531 723 753 
5 59 180 361 695 747 
3 62 158 726 
2 167 685 
5 196 250 491 527 582 
2 122 133 
6 331 370 375 419 575 719 
7 90 262 293 296 307 355 546 
6 1 147 212 334 345 433 
4 259 292 597 618 
6 121 174 326 605 744 762 
5 226 445 508 709 741 
5 48 101 166 499 577 
5 70 71 179 654 701 
4 172 312 372 737 
7 75 100 225 280 501 517 610 
4 74 655 703 710 
7 206 391 404 412 428 569 700 
3 264 434 550 
7 42 62 195 438 507 561 626 
6 83 196 384 527 627 668 
4 91 136 423 499 
6 138 204 261 494 633 692 
4 116 174 353 572 
3 682 710 713 
0 
5 60 146 287 299 554 
6 0 55 126 338 358 522 
6 77 262 378 402 407 425 
0 
5 149 224 280 442 627 
3 146 596 660 
3 141 193 560 
7 92 139 331 381 403 513 593 
10 50 167 319 350 389 470 601 652 675 702 
3 26 85 544 
3 82 87 158 
1 584 
2 670 691 
2 334 694 
4 322 375 582 731 
6 19 481 509 512 553 721 
2 183 587 
6 41 214 376 534 618 673 
9 123 209 214 272 389 442 455 662 678 
6 292 320 323 463 633 677 
12 81 149 162 220 229 290 515 525 603 713 741 744 
5 173 307 339 460 604 
6 34 222 473 560 572 739 
3 159 182 346 
6 88 322 351 504 573 639 
7 111 113 332 412 621 703 714 
7 8 115 158 198 612 672 733 
5 33 378 391 656 683 
3 495 549 646 
4 9 26 435 645 
6 2 286 314 336 578 698 
5 82 271 329 469 635 
8 244 303 396 435 496 699 734 768 
2 487 646 
3 341 552 729 
4 166 395 401 657 
3 270 288 456 
11 20 185 253 370 577 585 598 677 682 695 750 
4 20 278 429 724 
3 75 115 760 
4 5 349 551 640 
4 23 328 398 516 
4 22 72 307 555 
5 7 95 180 258 700 
5 35 344 444 604 702 
1 297 
5 221 254 295 381 711 
6 98 227 309 527 589 590 
5 53 151 171 389 490 
2 43 64 
2 27 418 
5 210 305 365 383 473 
8 42 340 386 438 535 567 601 693 
6 156 188 356 508 565 586 
6 43 247 630 676 704 707 
9 57 144 159 178 231 566 703 745 753 
1 557 
11 14 218 260 297 441 549 599 606 656 671 696 
3 28 140 599 
6 40 123 508 587 655 717 
9 100 206 231 284 300 432 458 465 646 
5 168 216 271 280 447 
8 76 167 291 305 324 560 590 619 
1 323 
3 355 442 600 
2 80 124 
5 169 252 284 301 738 
8 7 22 93 309 386 428 493 636 
5 19 149 156 495 529 
9 198 203 249 261 311 408 500 657 758 
8 148 292 527 555 558 658 710 720 
2 498 708 
3 195 536 719 
7 126 320 346 402 505 548 652 
5 2 121 152 343 601 
3 160 213 470 
7 130 175 253 285 400 426 451 
5 116 235 276 390 688 
4 58 281 356 709 
3 431 605 676 
11 58 279 332 367 386 406 413 464 470 555 764 
7 148 262 470 486 551 748 759 
5 59 72 138 543 646 
11 30 110 212 227 257 280 375 457 482 549 660 
3 253 382 422 
4 189 570 728 739 
4 257 277 691 751 
2 581 684 
6 17 107 179 281 352 611 
2 12 692 
6 51 92 319 416 553 587 
7 98 205 250 486 536 671 680 
2 426 490 
5 34 106 287 628 725 
5 254 316 604 647 712 
4 295 397 445 702 
3 348 461 729 
7 109 262 300 311 373 509 537 
6 145 220 274 292 326 630 
1 767 
7 12 216 245 300 515 659 768 
10 217 265 581 607 626 639 729 737 749 763 
4 156 470 494 570 
4 28 319 523 685 
5 498 509 674 711 749 
5 29 115 325 351 735 
4 40 296 363 421 
8 91 149 163 265 359 415 645 761 
6 39 355 392 442 579 629 
3 160 548 765 
6 227 235 364 390 529 762 
7 88 236 457 623 715 723 738 
5 131 321 438 583 612 
7 33 38 168 367 539 667 699 
5 15 196 601 606 666 
5 103 114 216 440 672 
9 37 53 101 140 185 396 601 672 692 
5 258 363 381 634 653 
6 81 170 312 470 695 710 
5 107 363 435 477 695 
4 175 380 611 669 
4 155 413 754 765 
3 154 426 673 
6 86 101 135 383 576 661 
5 365 370 635 642 716 
9 7 9 43 59 221 407 645 703 743 
6 56 88 516 563 673 702 
5 108 142 397 487 494 
7 186 279 326 493 520 542 635 
6 53 350 602 609 618 741 
4 2 140 382 748 
2 215 672 
5 215 233 406 480 498 
7 19 68 230 252 390 433 578 
9 10 41 95 214 338 430 455 692 733 
4 94 146 371 747 
10 99 175 178 184 242 484 533 600 652 713 
6 151 295 423 704 750 754 
4 81 319 338 592 
4 5 21 288 428 
6 54 210 285 336 519 551 
5 17 30 340 419 526 
8 109 153 169 311 365 402 561 620 
2 321 354 
3 492 505 526 
4 88 169 210 216 
7 20 121 198 412 541 605 635 
4 8 76 419 571 
7 194 291 303 384 456 520 580 
5 56 375 452 609 764 
3 49 334 469 
5 169 463 486 694 753 
3 70 149 528 
6 161 359 543 573 626 708 
4 411 435 441 493 
9 86 287 302 342 366 445 621 649 723 
6 118 248 265 411 698 704 
1 699 
1 677 
1 597 
4 39 267 326 381 
5 181 403 446 697 748 
6 26 105 301 308 411 683 
10 11 27 147 242 359 386 403 533 570 578 
3 210 730 737 
9 59 102 179 221 290 566 683 724 740 
6 335 350 505 563 621 768 
2 574 767 
7 223 249 278 308 334 555 702 
3 350 523 647 
3 102 304 488 
5 29 215 557 723 766 
4 124 369 623 707 
7 24 93 226 439 444 499 582 
3 361 442 721 
3 431 465 769 
5 51 257 324 338 531 
5 84 173 178 197 755 
3 229 254 667 
4 15 116 356 406 
3 108 343 744 
4 50 51 167 514 
4 164 165 204 355 
8 94 133 148 178 276 298 569 674 
3 134 400 668 
4 90 265 394 539 
4 247 318 356 661 
4 53 131 317 655 
6 79 158 198 287 304 622 
5 55 315 351 394 404 
6 201 273 331 420 558 670 
5 37 225 319 328 514 
10 22 224 263 373 448 569 609 688 690 734 
5 18 206 362 427 471 
5 80 116 143 361 536 
6 236 309 339 402 479 487 
7 53 211 507 540 610 724 748 
7 166 318 349 441 461 480 746 
2 88 93 
4 241 660 683 710 
1 165 
2 480 545 
6 110 143 451 519 543 653 
5 144 228 500 578 763 
2 298 460 
4 337 496 558 742 
5 312 373 449 605 731 
3 283 638 750 
8 232 242 367 449 478 526 634 723 
8 169 196 241 290 366 384 603 624 
3 469 558 618 
2 65 401 
10 133 317 331 341 557 578 628 654 691 745 
4 420 601 654 746 
6 87 219 404 410 428 444 
3 189 707 750 
8 102 201 389 415 517 577 620 736 
6 11 124 377 434 560 616 
3 281 629 711 
5 99 166 459 715 742 
4 70 109 117 314 
9 79 127 211 259 385 452 466 595 632 
3 397 577 717 
2 315 754 
5 116 119 209 378 469 
5 76 150 299 388 692 
6 16 254 313 457 732 753 
4 90 343 369 737 
6 29 102 355 440 470 619 
5 14 35 114 130 649 
3 225 474 522 
4 25 364 406 535 
9 134 140 189 218 304 364 462 651 680 
3 275 282 469 
9 193 370 383 388 493 541 557 590 670 
3 329 499 630 
8 278 297 372 442 535 557 688 710 
7 69 449 473 519 631 642 721 
5 64 94 349 694 703 
2 51 457 
1 223 
6 131 359 453 511 691 751 
4 266 373 636 695 
5 110 216 546 595 767 
2 119 545 
6 71 201 269 282 378 769 
5 3 113 161 294 761 
5 22 37 94 116 634 
6 111 121 251 471 489 768 
3 266 278 674 
4 240 289 511 682 
3 93 99 568 
5 109 173 515 574 659 
3 63 485 490 
5 33 126 188 221 690 
5 69 172 580 657 724 
4 283 295 352 677 
7 53 198 242 313 346 489 687 
2 95 181 
8 16 52 103 131 364 438 542 560 
2 14 437 
4 279 299 315 341 
7 79 128 170 289 370 461 730 
8 14 139 327 355 358 455 500 702 
7 78 90 269 328 393 460 571 
3 216 237 424 
6 33 258 294 324 390 625 
5 93 130 133 442 683 
5 99 195 303 423 676 
3 188 321 334 
7 65 181 301 385 463 641 681 
6 203 221 265 471 504 552 
7 84 95 351 587 716 721 759 
1 524 
7 14 54 75 506 579 584 614 
4 195 201 417 597 
6 80 100 228 352 448 563 
5 317 549 652 672 759 
3 102 130 175 
9 21 151 239 328 380 522 571 616 730 
2 259 290 
8 63 253 435 594 604 671 674 726 
8 222 256 294 355 436 469 632 732 
5 127 565 630 718 739 
10 6 220 245 310 375 394 529 568 665 678 
4 219 230 500 612 
9 41 123 136 171 224 527 607 658 751 
7 52 106 372 375 457 511 531 
7 145 176 302 345 405 553 728 
5 47 57 520 533 764 
6 52 96 355 552 696 720 
4 95 209 299 631 
4 138 363 458 745 
5 17 131 161 193 593 
2 296 465 
6 74 224 297 312 462 761 
6 64 268 358 561 598 754 
2 636 721 
9 13 40 223 245 640 644 670 724 769 
6 58 113 348 422 497 547 
3 439 502 595 
9 15 46 183 201 302 377 497 548 638 
6 199 550 728 734 765 769 
3 63 173 744 
2 238 648 
8 34 167 171 209 377 466 490 533 
5 54 228 630 696 768 
5 85 174 395 530 600 
6 67 245 294 410 420 607 
4 188 509 604 691 
4 107 213 260 766 
1 77 
7 0 15 321 464 487 750 760 
4 56 106 290 626 
2 358 767 
7 129 332 384 450 476 566 742 
7 73 230 271 448 486 588 666 
8 41 162 199 202 510 599 656 657 
9 57 138 222 305 406 467 590 698 749 
5 121 289 309 437 576 
5 30 540 568 571 613 
3 176 666 750 
12 14 97 141 215 261 296 315 323 513 555 691 721 
9 86 111 212 219 399 403 456 576 740 
2 447 487 
7 34 296 329 347 564 727 742 
4 140 186 196 274 
5 384 517 544 636 726 
6 8 207 227 581 673 766 
4 226 478 606 750 
8 139 150 152 325 422 479 515 685 
5 143 264 265 292 636 
4 84 157 175 509 
4 188 242 505 663 
5 113 146 241 374 767 
3 1 486 553 
4 205 260 456 482 
8 13 70 157 267 295 590 603 647 
5 168 400 471 479 743 
5 21 269 320 513 574 
6 130 225 239 275 487 575 
6 367 433 450 601 706 725 
9 13 47 116 182 317 320 567 750 754 
2 50 432 
7 250 334 338 475 509 589 639 
7 35 60 257 278 465 631 750 
3 479 503 757 
6 153 312 419 459 651 758 
6 40 79 150 193 501 692 
5 7 117 163 408 722 
5 84 156 267 466 595 
6 27 181 242 348 360 539 
2 254 303 
9 85 100 113 196 472 486 524 634 678 
2 494 630 
8 258 267 403 439 452 490 699 719 
9 41 51 81 249 535 569 650 723 761 
11 110 143 166 299 399 408 461 528 638 660 725 
5 24 60 566 606 670 
3 141 426 547 
2 297 581 
7 218 222 317 605 671 700 762 
3 68 340 702 
7 65 149 438 473 478 513 644 
7 128 160 255 432 680 731 754 
6 74 428 447 466 515 561 
3 356 390 711 
6 109 217 371 619 744 755 
3 68 244 440 
4 35 106 175 228 
7 40 194 196 356 388 628 669 
8 24 222 247 516 578 618 629 646 
1 321 
5 113 165 212 264 351 
5 35 158 489 556 760 
4 102 382 390 523 
0 
4 247 341 674 718 
3 187 189 195 
8 24 58 179 516 539 654 707 744 
4 113 154 454 579 
0 
4 140 249 466 554 
6 123 561 590 657 689 735 
2 308 683 
3 83 432 495 
7 13 174 180 380 424 527 620 
8 223 246 341 499 520 528 593 608 
5 139 511 533 606 720 
7 117 332 363 564 586 705 714 
4 28 170 301 742 
6 298 419 449 493 543 704 
2 35 540 
4 109 125 155 392 
1 226 
5 24 100 172 247 398 
2 71 724 
3 167 615 707 
5 112 208 444 627 654 
4 93 376 397 418 
6 15 166 374 443 578 675 
5 25 250 551 711 741 
7 62 65 152 187 314 526 624 
5 5 315 481 557 558 
2 293 352 
6 26 85 145 292 396 506 
6 206 333 388 510 632 724 
3 148 261 401 
5 90 187 230 688 722 
9 37 51 97 141 207 269 300 520 738 
2 433 679 
6 77 206 247 431 644 752 
5 18 128 188 495 672 
2 194 465 
6 94 357 398 490 706 735 
6 225 309 349 479 644 666 
6 239 241 270 424 502 625 
3 348 374 725 
3 109 235 580 
5 182 254 388 545 679 
4 274 454 665 667 
3 413 453 732 
4 51 167 296 588 
7 69 181 356 369 492 595 604 
9 116 144 259 272 320 476 502 600 632 
2 93 325 
3 252 380 558 
5 54 237 297 644 665 
6 129 230 295 390 495 673 
3 265 328 555 
4 52 184 303 551 
4 113 345 468 731 
9 93 208 327 378 446 478 633 668 718 
6 254 338 383 398 415 520 
5 351 504 613 652 667 
1 464 
9 4 64 183 243 257 266 315 712 754 
7 41 108 113 114 135 151 261 
6 226 281 304 371 552 643 
3 386 490 592 
5 55 84 270 396 589 
1 263 
4 377 598 732 737 
5 348 457 552 697 768 
3 152 617 759 
8 241 362 396 465 518 583 624 756 
6 228 363 371 379 448 623 
3 165 230 234 
3 48 436 564 
7 116 369 510 583 637 638 751 
2 609 640 
2 169 768 
6 286 695 696 721 749 752 
9 114 124 184 349 368 386 652 725 731 
7 66 160 228 345 357 373 575 
4 203 507 678 709 
6 281 290 407 539 563 635 
8 81 125 286 338 388 447 472 577 
1 11 
3 177 456 615 
6 100 161 187 267 424 586 
5 0 29 135 160 387 
7 61 101 418 445 461 526 608 
3 65 238 612 
3 332 334 548 
4 104 137 165 714 
8 19 28 206 268 420 602 692 710 
6 102 236 296 318 662 676 
4 22 381 578 581 
3 333 449 457 
3 379 698 722 
5 57 304 467 613 703 
5 106 177 199 366 527 
5 307 438 534 661 762 
6 26 229 488 538 547 711 
7 1 18 86 92 614 710 729 
6 48 130 137 342 365 377 
5 350 439 482 567 714 
6 274 283 320 421 525 641 
2 48 614 
7 40 355 372 396 567 621 634 
5 214 224 521 600 633 
5 53 133 285 363 398 
4 74 159 404 412 
5 22 249 360 731 738 
2 478 644 
4 173 235 270 691 
8 161 181 322 420 442 466 686 696 
1 514 
5 34 263 312 579 742 
6 136 202 408 564 619 693 
4 306 386 535 628 
2 53 511 
5 174 177 241 435 495 
8 11 27 80 103 319 419 505 704 
4 185 390 420 759 
4 101 143 317 651 
2 340 567 
4 7 209 320 551 
1 736 
6 169 196 322 338 421 743 
5 50 506 575 609 635 
5 85 264 269 389 524 
5 105 124 227 628 743 
2 130 675 
1 507 
7 146 218 384 412 489 560 706 
7 229 353 425 574 619 693 711 
9 179 267 552 554 565 582 585 685 688 
5 161 292 626 670 733 
7 115 186 235 424 603 713 766 
3 42 360 715 
5 234 277 452 628 711 
2 14 276 
3 332 392 507 
5 106 142 334 497 715 
5 61 90 116 310 652 
2 25 335 
10 73 114 173 434 463 531 600 640 650 683 
8 67 304 323 471 476 541 631 763 
7 48 123 321 368 620 629 761 
4 33 415 541 633 
7 75 103 113 201 355 462 569 
2 407 584 
7 89 204 245 267 269 436 705 
9 103 223 238 243 436 459 628 645 658 
2 612 680 
8 39 55 95 250 292 539 588 629 
8 26 175 329 398 416 622 648 718 
4 563 687 712 769 
6 159 199 309 489 562 605 
5 358 422 481 523 612 
6 86 316 541 591 606 681 
5 88 198 348 391 569 
5 85 375 510 513 530 
4 284 317 353 623 
7 24 216 225 389 555 566 693 
3 118 135 196 
5 180 297 312 353 714 
3 30 55 656 
4 57 186 610 675 
4 200 285 372 540 
8 13 373 487 534 588 651 700 737 
3 156 352 356 
7 19 70 249 255 490 669 735 
12 63 166 196 236 245 404 433 501 590 629 686 761 
6 5 141 307 413 522 687 
3 181 288 451 
7 120 134 361 393 501 661 765 
5 11 47 206 541 638 
5 145 478 482 683 729 
5 44 307 556 671 687 
4 70 541 613 653 
3 86 422 493 
4 49 92 123 305 
4 349 455 560 575 
5 5 80 377 473 750 
8 80 95 267 351 370 416 578 736 
3 565 658 676 
4 171 472 727 754 
7 40 326 420 595 638 714 757 
1 314 
7 254 276 333 383 456 593 728 
3 38 656 658 
4 16 192 308 764 
4 70 329 475 719 
4 2 90 91 350 
7 97 169 340 457 514 551 681 
8 0 41 85 107 147 149 246 374 
3 162 499 618 
4 53 242 370 543 
8 54 77 127 314 342 456 698 767 
7 17 112 179 239 394 563 639 
6 90 147 362 391 421 565 
4 134 319 341 709 
3 420 495 758 
7 162 182 225 483 534 740 750 
4 22 229 573 741 
3 121 153 649 
6 59 145 318 496 559 564 
5 353 467 504 585 691 
4 307 508 512 762 
2 430 492 
3 5 250 312 
1 477 
6 16 50 162 243 404 602 
6 95 261 400 523 540 635 
4 175 249 419 553 
5 58 188 199 513 734 
3 221 561 698 
5 144 205 479 568 726 
3 242 435 478 
3 299 449 701 
6 26 134 186 346 542 730 
3 27 37 431 
7 126 245 403 524 536 545 558 
7 141 251 404 553 560 578 686 
6 87 131 268 316 339 387 
7 270 324 378 552 679 686 762 
5 254 315 439 457 749 
7 29 52 465 514 554 707 734 
5 150 241 280 386 513 
8 64 157 161 179 489 534 619 739 
5 100 275 330 360 364 
2 482 723 
8 240 334 390 482 582 593 666 766 
4 57 134 377 605 
4 73 331 483 551 
2 303 511 
2 157 270 
3 471 646 678 
7 331 396 444 448 460 518 672 
5 62 140 158 558 669 
6 61 66 93 115 404 643 
5 127 202 370 698 738 
2 337 561 
3 188 262 611 
2 389 551 
5 265 380 529 575 701 
8 41 106 169 310 467 486 549 679 
4 150 235 585 675 
5 20 245 246 412 431 
4 23 92 220 675 
5 60 90 350 572 596 
7 68 102 288 350 416 666 747 
6 103 319 558 591 596 697 
2 133 285 
4 38 116 232 390 
4 156 219 506 581 
2 51 500 
2 366 726 
1 762 
3 317 453 460 
8 147 349 354 448 638 657 719 760 
4 146 211 453 467 
5 27 217 465 732 769 
6 153 403 577 645 722 762 
7 45 223 267 331 391 542 735 
5 90 124 314 394 584 
7 59 148 149 164 310 445 644 
5 50 155 159 361 461 
9 3 137 216 282 314 410 717 754 769 
6 41 433 537 573 653 655 
8 87 112 301 500 591 707 744 755 
4 52 70 191 289 
5 51 317 386 488 643 
6 443 452 631 652 719 752 
4 124 265 397 559 
3 303 565 600 
3 31 70 283 
10 60 195 198 232 300 417 551 583 691 752 
2 120 744 
4 10 136 363 541 
4 520 578 629 631 
5 290 562 579 584 735 
5 110 225 269 441 541 
1 416 
3 225 287 749 
9 45 119 245 274 342 355 519 613 683 
7 29 122 149 167 258 381 499 
5 85 523 540 569 728 
4 46 184 271 737 
6 8 70 151 152 275 485 
5 90 323 339 485 520 
4 194 476 658 751 
8 63 189 351 503 604 622 647 740 
4 65 146 190 388 
4 24 76 394 575 
3 20 625 651 
7 41 77 128 159 201 296 395 
6 23 58 88 158 271 504 
7 87 170 189 424 527 710 765 
2 422 557 
3 374 447 539 
9 1 87 205 248 412 430 633 676 757 
4 104 186 741 764 
4 18 111 488 607 
9 23 31 103 151 232 269 499 508 704 
8 79 137 251 399 434 507 540 545 
3 127 469 562 
5 31 53 169 543 757 
6 58 422 498 510 571 593 
4 144 252 544 548 
2 157 305 
4 92 255 674 738 
5 316 410 465 561 767 
7 13 105 388 598 666 679 769 
4 103 323 421 755 
7 48 207 270 305 330 355 485 
5 382 441 503 669 768 
8 7 144 188 204 241 389 637 735 
8 71 198 229 288 331 429 439 757 
5 126 374 390 450 486 
6 9 314 360 623 663 742 
2 358 592 
5 118 321 335 595 693 
5 67 129 134 508 583 
5 197 295 312 626 742 
6 47 239 397 464 486 517 
5 259 315 454 475 668 
3 59 167 542 
6 65 225 335 621 633 748 
7 138 416 447 577 670 687 723 
3 249 532 590 
7 21 134 197 260 475 575 694 
6 99 144 442 517 647 717 
6 5 55 118 316 635 747 
4 198 356 609 698 
6 18 53 162 434 610 708 
8 238 252 348 358 423 522 726 730 
4 158 371 533 536 
9 17 53 213 336 400 412 676 684 762 
3 88 245 325 
2 230 246 
4 8 168 657 739 
5 114 163 194 229 734 
6 134 137 351 485 632 690 
12 70 170 240 248 345 354 362 375 378 589 609 756 
5 119 274 319 482 697 
4 444 485 679 683 
4 7 88 184 259 
9 154 170 256 329 375 397 469 592 674 
4 210 400 676 720 
2 478 750 
5 379 593 707 713 724 
3 102 380 608 
5 114 305 310 477 528 
4 72 345 407 666 
8 2 3 140 279 328 389 553 578 
9 17 143 394 506 614 631 664 669 744 
3 134 236 552 
5 113 182 322 597 708 
5 142 154 335 581 704 
5 204 343 361 543 638 
7 132 200 276 347 367 604 718 
8 65 133 199 281 339 476 484 722 
8 208 278 331 335 562 668 674 719 
