850 2091
1 364 
3 21 43 663 
1 294 
2 163 568 
4 59 416 468 733 
5 88 292 351 478 552 
5 172 383 654 690 745 
6 139 312 474 705 735 777 
8 199 228 263 400 462 579 717 791 
8 146 195 263 327 570 588 728 847 
1 724 
6 32 35 130 148 152 249 
5 130 151 441 445 650 
4 424 580 771 846 
7 66 339 434 544 615 754 767 
5 102 192 420 429 455 
7 55 182 248 518 524 610 636 
8 265 311 334 477 542 609 618 660 
8 67 169 299 320 615 675 705 798 
4 283 474 570 751 
7 95 174 312 322 493 665 728 
6 1 339 416 571 645 710 
5 318 489 490 619 779 
2 92 455 
1 582 
5 190 491 602 776 780 
7 118 243 320 344 379 597 624 
4 43 478 580 683 
4 134 519 548 790 
6 139 238 321 385 498 740 
3 507 569 715 
5 175 352 624 629 797 
4 11 763 776 782 
6 53 92 190 401 418 737 
4 71 304 482 799 
5 11 184 195 485 525 
1 762 
7 168 208 216 242 245 611 849 
3 428 802 840 
3 385 531 640 
10 162 206 244 257 296 375 557 701 783 821 
5 279 290 563 780 833 
2 392 544 
3 1 27 812 
1 598 
5 99 118 147 300 600 
5 263 319 382 422 545 
6 63 394 457 563 651 676 
6 64 190 220 289 407 767 
6 65 128 252 369 682 759 
6 290 291 325 418 519 734 
4 77 316 358 545 
3 222 283 521 
4 33 109 500 511 
7 141 150 442 628 661 796 832 
9 16 156 180 270 288 289 311 497 503 
1 189 
3 550 671 711 
3 528 693 774 
6 4 143 253 337 544 637 
4 164 323 420 545 
5 86 620 622 821 825 
2 270 846 
6 47 82 350 400 662 767 
4 48 661 777 779 
5 49 167 299 719 745 
6 14 207 342 383 527 837 
7 18 103 322 377 590 712 822 
4 104 448 707 709 
5 107 171 361 601 673 
5 171 334 423 430 700 
6 34 179 214 261 284 378 
6 85 302 334 353 369 394 
12 202 207 280 323 381 403 422 478 490 577 657 713 
3 255 324 625 
2 87 598 
3 326 669 750 
5 51 273 350 441 656 
4 268 272 473 642 
2 339 779 
6 271 453 487 493 539 841 
4 235 385 725 849 
6 63 250 340 355 755 833 
5 355 483 504 570 607 
7 139 157 510 570 663 802 819 
10 72 136 186 313 455 516 655 670 794 808 
10 61 192 210 224 381 441 525 549 563 732 
7 75 267 279 305 480 679 704 
8 5 99 249 274 451 597 739 790 
7 125 250 321 438 669 764 777 
2 652 778 
10 93 149 226 307 515 563 682 771 821 837 
5 23 33 271 693 769 
3 91 679 833 
6 174 235 362 460 537 550 
6 20 159 196 325 429 468 
5 102 478 539 648 663 
3 396 784 798 
7 344 363 408 434 493 617 844 
2 45 88 
4 453 620 666 828 
7 119 136 306 433 493 555 602 
12 15 96 151 210 256 315 443 494 501 621 694 749 
5 67 279 625 638 713 
6 68 109 205 230 626 835 
8 142 178 404 553 654 750 806 825 
2 263 642 
9 69 108 152 259 280 363 447 526 639 
8 107 175 293 309 410 647 740 830 
6 53 104 285 389 494 818 
6 142 484 549 581 636 776 
7 115 127 293 303 396 417 488 
3 202 530 788 
3 278 291 606 
6 393 605 660 701 713 728 
2 111 714 
4 376 443 468 826 
5 163 236 732 741 847 
6 26 45 241 252 526 710 
6 101 396 428 650 654 736 
5 136 155 189 427 712 
9 275 340 521 633 669 688 694 709 747 
0 
5 147 260 349 486 739 
5 350 414 466 728 829 
6 89 206 430 501 646 663 
0 
6 111 389 556 665 725 814 
4 49 282 794 826 
5 441 451 453 605 707 
7 11 12 211 330 427 696 722 
4 253 348 368 614 
2 653 774 
2 387 444 
1 28 
7 193 253 316 486 509 581 604 
8 85 101 120 149 651 719 743 754 
2 186 220 
4 273 477 708 838 
5 7 29 84 272 309 
4 191 202 641 803 
6 54 473 685 719 723 811 
7 105 110 262 336 461 650 803 
6 59 210 428 442 519 755 
1 781 
5 305 493 688 742 754 
5 9 267 279 394 752 
6 45 123 232 504 716 810 
4 11 264 646 706 
9 91 136 166 195 233 435 458 823 845 
8 54 327 351 471 536 603 673 808 
6 12 102 236 484 518 831 
6 11 107 188 383 683 735 
2 199 631 
6 213 309 345 580 763 796 
7 120 188 377 414 654 762 804 
4 55 470 523 573 
5 84 159 161 603 711 
4 165 171 384 781 
5 95 157 265 361 781 
4 188 502 623 745 
8 157 187 231 263 296 297 325 328 
3 40 163 785 
6 3 117 162 225 368 456 
2 60 350 
1 158 
5 149 245 580 610 840 
1 65 
1 37 
5 18 178 494 641 771 
4 258 423 431 602 
8 69 70 158 197 491 751 779 782 
4 6 455 471 582 
6 225 257 295 346 719 727 
4 20 94 636 672 
9 31 108 180 238 404 616 618 757 782 
1 809 
5 181 218 277 779 796 
4 105 169 693 716 
5 71 243 565 772 799 
5 55 175 501 597 777 
5 177 382 641 649 718 
2 16 202 
4 440 697 739 840 
5 35 195 449 477 480 
1 615 
5 85 137 512 709 766 
3 161 435 660 
7 152 155 160 216 418 673 711 
4 56 120 283 776 
8 25 33 48 451 589 653 729 837 
6 140 216 323 335 498 741 
10 15 86 207 305 333 344 439 615 739 784 
7 135 211 285 466 562 564 745 
3 210 398 740 
4 9 35 149 184 
4 95 540 746 771 
4 171 465 612 757 
4 501 653 664 770 
6 8 153 276 308 716 769 
6 209 259 422 530 588 782 
5 374 447 491 638 817 
9 73 112 140 182 260 602 670 746 764 
4 243 276 340 608 
5 241 251 706 800 836 
2 104 236 
8 40 125 292 369 389 577 583 696 
10 66 73 192 230 407 419 451 568 624 655 
4 37 325 379 807 
1 200 
7 86 102 143 194 322 509 726 
7 130 193 232 364 483 488 688 
9 243 300 306 360 407 422 442 524 776 
8 154 317 419 465 502 613 797 812 
7 71 411 475 508 511 566 707 
6 275 349 529 689 778 803 
5 37 188 191 367 491 
3 397 612 767 
3 177 242 627 
5 277 383 453 620 661 
4 48 137 406 728 
1 739 
3 52 411 543 
6 310 334 416 537 808 847 
2 86 643 
9 163 173 243 267 385 682 690 743 821 
6 91 316 318 382 530 552 
2 290 552 
3 8 432 688 
3 378 379 572 
3 104 207 590 
8 161 463 570 583 702 719 725 762 
4 147 211 497 847 
5 149 424 498 524 749 
2 555 616 
5 81 94 387 516 797 
8 117 151 205 527 606 738 765 799 
3 599 645 676 
5 29 175 668 739 828 
1 842 
6 346 561 564 609 713 747 
5 118 204 343 367 391 
3 37 218 673 
9 26 179 203 212 225 307 387 459 668 
3 40 307 333 
7 37 166 318 581 666 784 806 
4 248 501 508 767 
2 462 691 
4 16 246 591 596 
4 11 88 442 519 
10 82 89 291 306 319 394 428 489 720 820 
6 204 541 658 730 749 820 
4 49 118 294 686 
6 59 131 135 755 761 826 
10 272 320 377 444 448 541 556 584 600 737 
5 74 580 693 789 836 
4 102 449 673 756 
7 40 173 276 292 347 687 835 
4 170 587 792 797 
2 107 200 
4 123 202 346 459 
4 71 291 403 697 
6 142 471 483 591 751 787 
7 8 9 46 106 161 594 710 
8 148 271 305 466 592 603 654 803 
5 17 159 299 393 719 
4 387 532 597 617 
4 87 146 225 426 
1 78 
3 366 563 740 
6 55 62 290 328 420 578 
8 80 92 264 389 448 558 674 805 
5 78 139 254 413 647 
5 77 138 511 736 765 
4 88 426 524 780 
3 121 215 530 
8 199 203 257 436 488 625 720 755 
6 177 219 432 458 517 758 
4 113 316 337 444 
11 41 87 103 146 298 400 463 511 621 704 841 
4 73 107 441 587 
3 637 744 818 
4 128 293 754 774 
6 19 52 189 385 593 774 
8 71 376 445 490 598 648 802 838 
7 109 193 416 498 688 750 787 
5 369 415 483 660 699 
5 486 549 599 784 831 
5 55 491 498 579 817 
5 48 55 462 623 844 
6 41 50 227 270 300 506 
7 50 113 250 261 668 672 757 
8 5 206 257 465 468 632 744 775 
4 108 111 282 588 
5 2 252 362 457 568 
4 173 373 712 721 
4 40 161 730 780 
4 161 444 622 648 
3 279 420 749 
7 18 65 265 395 516 698 747 
7 45 212 290 520 718 740 834 
4 323 560 595 733 
1 72 
2 111 598 
6 34 386 446 619 740 816 
8 87 145 192 264 355 631 679 708 
6 101 212 250 424 794 817 
7 91 243 244 397 435 695 813 
4 199 545 692 779 
6 108 139 154 587 596 836 
5 223 553 568 664 846 
4 17 55 523 848 
6 7 20 436 494 648 710 
4 85 393 461 807 
2 400 836 
6 102 357 483 640 708 753 
4 51 135 226 278 
3 213 640 685 
9 22 226 245 342 391 549 578 753 754 
9 46 250 409 486 589 622 627 671 740 
6 18 26 254 438 459 507 
5 29 89 462 622 768 
6 20 67 210 440 622 755 
8 60 73 191 301 422 462 486 488 
5 74 422 507 775 803 
4 50 95 161 208 
4 76 392 710 792 
3 9 150 674 
4 161 270 582 769 
4 369 699 782 820 
2 130 667 
1 385 
2 419 451 
4 192 244 347 785 
6 17 70 72 223 467 736 
2 191 822 
3 142 701 735 
3 59 278 763 
8 340 346 467 553 656 747 772 825 
8 14 21 79 428 546 709 713 759 
5 82 121 203 338 611 
1 569 
5 66 318 528 727 761 
3 241 388 409 
7 26 98 192 473 599 755 803 
6 154 425 597 621 685 813 
7 173 240 260 338 412 589 667 
8 257 333 450 520 578 628 708 724 
5 131 503 568 581 649 
2 123 215 
6 63 77 124 164 489 772 
3 5 150 529 
4 31 366 387 582 
1 72 
2 807 833 
4 82 83 305 782 
3 662 729 795 
2 315 633 
5 51 377 389 749 807 
1 631 
5 212 501 631 676 750 
5 69 159 500 688 802 
4 94 294 646 655 
3 98 107 477 
5 0 211 375 427 626 
4 665 719 758 827 
8 269 352 369 525 623 741 821 841 
3 216 241 638 
5 131 163 591 706 815 
7 49 72 206 286 329 366 814 
1 597 
3 487 761 762 
4 509 600 710 805 
6 295 448 576 617 640 753 
4 201 530 684 778 
3 40 364 420 
6 116 284 423 561 641 804 
7 67 155 254 358 608 714 805 
8 71 229 447 471 575 604 617 736 
6 26 208 229 522 524 595 
1 565 
3 73 86 792 
4 46 181 226 827 
5 6 66 152 219 600 
3 158 471 659 
10 29 39 81 225 283 331 495 616 642 760 
3 304 495 560 
7 133 235 243 266 352 612 668 
4 343 493 713 762 
7 109 127 206 271 358 687 785 
3 503 628 811 
5 241 318 437 489 688 
5 42 326 425 485 541 
6 114 265 313 426 442 754 
5 47 72 146 250 477 
4 299 660 751 817 
5 97 111 119 557 577 
6 217 307 402 537 586 735 
4 194 399 465 650 
2 398 539 
7 8 63 279 314 515 542 715 
4 33 520 577 746 
3 397 595 746 
6 73 261 433 655 777 813 
5 105 175 484 593 773 
2 471 577 
6 220 519 675 684 732 740 
5 48 207 212 788 847 
1 98 
8 319 343 508 517 626 645 800 824 
3 108 733 769 
5 214 222 435 529 806 
2 346 545 
6 272 539 634 643 700 755 
3 124 155 545 
2 286 848 
7 4 21 223 285 486 567 811 
6 111 520 523 592 760 761 
7 33 50 188 589 644 700 776 
5 207 213 332 621 808 
5 15 60 270 298 375 
3 507 664 737 
12 46 73 200 212 323 324 580 657 680 737 756 834 
4 70 170 376 689 
5 13 233 306 460 523 
8 345 392 523 542 578 689 732 752 
4 267 274 393 782 
8 120 130 364 485 519 619 658 804 
7 38 119 143 250 339 640 730 
2 15 95 
7 70 125 450 467 546 722 834 
3 170 576 661 
6 228 277 511 556 672 771 
4 101 403 798 811 
5 14 98 493 829 847 
8 149 187 307 411 495 517 586 785 
5 276 312 497 649 688 
5 391 689 794 795 834 
5 89 320 578 813 821 
4 192 602 677 763 
2 183 322 
10 12 77 86 129 280 516 711 786 818 842 
6 54 143 212 249 393 774 
7 102 116 529 631 659 662 686 
4 133 254 278 297 
6 12 284 473 523 568 787 
6 304 593 633 692 771 778 
7 107 201 378 531 662 682 708 
6 68 254 271 373 634 825 
5 184 256 589 705 815 
4 347 430 513 841 
7 88 129 190 207 332 659 680 
0 
8 80 100 129 219 576 704 725 840 
4 564 622 636 707 
7 15 23 85 172 622 658 781 
5 163 458 672 679 793 
4 47 294 509 573 
5 149 277 456 561 806 
4 243 260 320 635 
4 94 424 533 623 
6 142 313 490 505 700 768 
10 8 247 289 321 323 485 531 638 694 698 
8 231 279 544 565 606 745 767 848 
1 647 
5 197 213 292 398 795 
6 124 193 264 591 596 648 
5 334 338 430 538 810 
8 4 95 116 292 572 616 655 757 
2 517 559 
4 156 563 740 807 
8 150 172 262 378 384 405 536 781 
4 653 666 684 836 
6 78 141 344 445 712 843 
4 7 19 753 813 
1 214 
1 804 
6 17 138 184 363 394 765 
6 5 27 73 96 764 828 
2 645 733 
8 87 184 562 574 580 604 698 723 
1 748 
4 34 583 595 736 
8 83 211 262 286 315 513 689 707 
4 110 151 404 512 
8 35 392 427 462 509 575 647 782 
9 123 135 287 319 323 416 514 607 757 
3 80 371 502 
8 111 211 276 323 614 618 671 688 
6 22 250 350 391 514 812 
4 22 73 284 461 
5 25 171 201 216 288 
5 558 628 634 778 811 
8 20 80 98 101 145 388 434 534 
5 102 109 169 312 766 
4 385 386 435 788 
0 
5 55 232 436 548 598 
7 29 191 233 285 288 507 743 
1 581 
3 53 361 772 
7 102 125 180 198 246 360 764 
4 160 213 487 762 
5 55 348 390 651 697 
3 83 147 605 
2 461 705 
2 290 790 
6 30 320 324 421 498 691 
5 214 246 409 658 799 
8 135 210 372 457 485 622 639 838 
1 84 
6 53 214 273 279 432 669 
3 186 484 557 
3 450 483 723 
2 486 489 
4 91 400 601 727 
6 85 235 299 441 678 798 
4 277 409 435 469 
6 16 151 523 637 786 824 
7 28 50 143 249 406 427 583 
4 300 347 401 417 
6 52 121 583 620 712 775 
2 379 552 
7 156 311 417 424 425 445 518 
10 16 212 233 274 379 606 665 716 739 779 
3 35 86 366 
4 107 118 629 687 
3 66 236 791 
4 58 342 630 683 
4 215 351 411 443 
5 112 200 226 275 374 
5 39 447 462 727 843 
3 266 635 687 
2 460 685 
3 493 591 846 
2 635 662 
3 150 471 580 
3 94 223 397 
3 467 664 844 
5 80 96 399 413 562 
3 196 626 751 
3 251 254 392 
6 17 400 425 582 615 703 
2 222 630 
8 14 42 59 463 644 651 738 767 
9 46 51 60 308 412 414 625 753 795 
5 339 430 594 791 841 
0 
4 28 497 757 822 
4 86 110 287 318 
3 57 94 654 
1 580 
4 5 226 227 522 
7 105 310 338 559 703 755 781 
3 625 706 775 
3 101 234 618 
5 127 254 432 563 797 
8 40 396 512 565 619 780 788 842 
3 271 492 743 
4 469 553 575 732 
3 301 386 625 
5 240 376 458 626 790 
4 193 480 539 564 
10 41 47 86 91 269 470 556 666 718 807 
9 193 240 454 562 715 759 770 839 843 
4 179 380 463 557 
3 214 588 730 
2 416 569 
8 3 207 294 310 348 445 680 778 
5 30 341 567 686 847 
5 9 19 83 84 231 
4 21 791 832 838 
4 229 468 615 693 
6 156 457 574 664 694 708 
3 480 573 647 
5 378 485 559 712 774 
3 373 431 453 
6 73 206 396 401 405 730 
5 270 318 347 425 438 
2 8 288 
14 13 27 154 166 255 422 480 536 551 634 714 807 825 831 
5 110 135 245 348 499 
8 24 172 328 352 542 664 675 806 
7 206 231 482 519 521 604 625 
3 254 642 742 
2 817 839 
4 397 435 680 800 
3 258 280 309 
5 9 200 293 566 753 
6 190 319 346 418 449 834 
2 67 230 
8 248 262 368 466 534 596 608 680 
4 264 417 645 688 
5 283 404 446 783 831 
3 263 546 842 
5 301 379 402 482 782 
6 248 309 466 591 597 698 
10 26 88 180 266 345 370 596 684 710 779 
5 44 75 284 303 497 
4 237 287 344 646 
7 45 254 372 383 675 827 847 
2 69 515 
6 25 101 170 202 439 743 
5 150 157 264 651 733 
6 135 378 480 583 643 819 
4 114 129 504 826 
6 113 236 463 524 655 786 
4 83 486 668 814 
6 203 377 591 646 702 729 
5 17 240 618 714 816 
3 16 166 703 
4 37 340 697 721 
5 197 217 387 692 709 
2 213 697 
2 131 488 
6 14 18 185 192 542 572 
5 175 234 385 468 743 
5 98 266 373 378 742 
7 17 175 488 555 609 659 839 
6 22 304 427 557 717 789 
6 61 100 219 521 679 680 
4 102 279 345 419 
8 61 297 319 321 322 454 455 509 
6 160 289 366 460 670 775 
4 26 31 207 727 
8 74 103 276 545 554 560 583 751 
8 104 364 409 540 561 630 709 735 
2 218 319 
4 54 347 390 492 
2 31 526 
4 528 543 626 738 
5 153 305 359 360 443 
1 292 
6 121 357 446 727 799 828 
5 413 448 492 580 810 
3 459 532 535 
6 16 110 174 454 765 846 
4 59 281 518 812 
6 103 201 367 462 830 844 
2 107 509 
6 39 315 317 373 428 644 
5 140 169 181 376 770 
5 78 106 385 584 670 
6 224 413 604 683 827 845 
4 418 544 640 687 
7 21 237 409 479 592 668 768 
6 125 148 362 599 608 763 
5 108 272 464 485 574 
5 96 284 297 312 466 
5 181 348 436 652 750 
4 12 119 142 398 
5 47 136 503 544 603 
4 90 649 659 736 
5 132 190 198 472 747 
7 6 105 119 155 264 550 845 
7 85 207 362 403 468 606 707 
2 77 338 
3 73 422 669 
6 251 427 455 508 754 842 
6 384 443 451 618 652 831 
8 17 114 187 286 395 730 786 798 
4 54 64 219 431 
7 63 356 443 447 535 822 831 
7 1 84 96 125 775 797 837 
6 198 310 421 538 573 582 
5 20 127 365 524 730 
6 100 245 472 563 734 769 
2 330 346 
6 238 243 291 387 607 645 
10 76 89 121 511 657 690 708 733 747 755 
5 85 202 623 642 787 
4 57 319 488 682 
6 174 291 432 456 763 806 
5 69 150 188 242 256 
3 271 327 760 
5 18 406 582 600 704 
3 47 237 360 
2 439 826 
2 516 696 
6 87 93 305 456 620 783 
7 422 451 568 586 591 620 690 
2 697 801 
6 49 91 225 447 671 723 
5 27 152 528 643 796 
5 374 406 472 597 704 
5 141 317 345 533 737 
3 252 443 569 
6 257 389 526 532 644 807 
10 121 145 211 228 285 361 391 436 488 592 
6 215 423 425 437 483 750 
5 6 225 669 680 713 
2 247 507 
5 308 446 612 733 744 
5 58 92 178 255 572 
5 102 121 462 573 724 
1 307 
3 130 206 678 
7 183 261 503 611 613 681 832 
5 299 462 480 596 762 
2 286 329 
7 70 413 418 461 708 759 798 
5 40 114 336 721 750 
3 231 608 751 
3 542 553 610 
6 87 279 453 675 684 752 
5 7 18 449 505 800 
4 148 204 368 554 
6 68 129 214 454 483 655 
9 138 305 315 347 447 573 669 700 786 
8 68 121 186 339 612 626 749 751 
8 21 118 263 312 326 372 597 843 
6 57 157 188 441 733 795 
7 67 120 295 473 521 575 825 
7 73 103 114 240 339 388 690 
5 115 377 580 609 770 
3 30 400 564 
4 147 178 199 524 
3 8 619 811 
5 181 300 563 735 809 
8 65 136 141 173 231 265 365 796 
4 250 276 753 806 
3 295 611 701 
2 130 430 
4 141 480 513 682 
3 10 347 694 
4 81 127 231 453 
1 210 
7 173 342 515 531 624 633 827 
6 9 20 114 124 220 745 
4 190 356 608 820 
8 251 296 428 566 577 660 665 786 
2 752 757 
5 86 117 406 425 559 
8 4 301 410 479 603 669 692 711 
2 50 666 
6 7 152 336 397 626 718 
6 119 273 334 378 482 652 
6 33 254 421 422 685 843 
4 236 544 630 798 
9 88 123 183 192 221 238 524 741 786 
10 29 108 194 269 300 304 319 406 470 761 
4 117 191 366 739 
3 145 584 617 
8 136 225 498 558 602 616 774 782 
5 281 292 692 757 848 
6 6 65 160 193 463 728 
4 196 202 401 402 
7 121 240 299 338 653 669 779 
1 481 
9 102 233 251 298 358 709 774 814 847 
7 76 105 285 360 649 689 701 
8 19 171 262 395 540 625 702 709 
4 146 425 704 731 
8 315 318 373 474 545 588 720 845 
9 14 136 145 282 318 393 658 773 840 
9 82 143 253 276 322 344 413 553 669 
3 256 422 788 
9 175 197 291 468 486 548 731 744 818 
2 277 365 
4 49 339 564 700 
3 385 417 674 
5 253 342 371 417 740 
8 36 155 231 371 388 502 698 828 
6 32 154 337 439 646 672 
4 89 202 478 501 
4 236 273 477 636 
3 186 494 790 
7 14 48 63 217 246 463 544 
3 321 461 645 
6 92 199 328 410 666 790 
5 198 564 641 714 832 
6 13 91 169 196 432 446 
5 179 338 350 500 789 
4 404 754 780 830 
9 58 132 282 283 442 575 743 749 825 
7 292 324 521 554 623 663 795 
6 25 32 110 189 212 418 
5 7 64 89 180 403 
6 90 215 374 446 492 568 
9 22 64 79 171 177 308 524 597 747 
6 25 41 274 296 557 773 
6 144 158 159 455 471 553 
11 32 171 175 200 329 355 426 485 595 743 843 
3 40 593 679 
4 97 192 245 287 
5 162 333 389 435 834 
7 441 518 606 660 708 730 739 
4 262 285 445 670 
5 112 407 495 557 756 
3 255 619 772 
6 28 88 506 561 766 769 
4 8 527 546 571 
4 258 326 381 821 
1 456 
4 85 128 306 437 
7 356 437 465 545 711 775 841 
5 54 154 177 683 719 
6 31 213 235 258 556 663 
8 18 97 433 516 660 700 738 823 
5 34 179 236 508 633 
4 204 409 586 705 
1 681 
4 38 84 284 361 
6 140 142 215 264 324 344 
5 155 376 427 476 821 
3 271 372 377 
7 105 245 411 458 582 672 720 
8 208 313 354 358 470 563 580 687 
5 85 150 223 419 844 
2 176 718 
3 147 467 634 
6 141 390 416 433 492 717 
5 43 213 489 637 844 
5 307 345 403 438 474 
4 127 369 607 749 
2 368 449 
2 304 609 
5 201 288 306 395 585 
4 109 281 441 757 
2 84 604 
4 250 251 329 729 
8 40 61 91 225 366 438 792 804 
4 67 335 548 662 
2 149 798 
2 409 518 
8 61 105 338 448 580 712 774 834 
5 116 128 253 605 677 
5 365 382 600 643 727 
5 100 238 478 633 762 
3 124 434 844 
3 108 638 773 
6 151 287 580 593 659 662 
4 54 571 697 770 
4 41 82 93 354 
7 300 422 430 437 589 785 825 
2 104 257 
5 204 255 309 314 472 
4 66 91 190 663 
4 138 284 509 571 
3 564 585 618 
5 38 166 183 453 754 
6 80 279 366 450 546 795 
5 239 441 557 594 658 
6 473 531 564 710 737 782 
7 98 289 538 638 808 812 829 
4 149 643 654 753 
5 13 62 310 534 636 
9 9 117 223 232 407 434 569 600 749 
4 311 415 463 744 
2 37 81 
850 2097
2 251 615 
6 53 506 515 632 729 844 
6 64 77 390 496 542 543 
7 145 256 284 366 410 598 816 
7 56 103 226 361 613 645 775 
6 8 101 325 485 522 796 
4 71 628 684 696 
4 171 193 484 693 
5 5 313 416 438 706 
6 44 418 641 676 714 755 
4 337 458 465 602 
2 548 729 
8 174 313 321 435 580 606 762 769 
6 171 190 560 570 664 746 
5 262 544 612 679 824 
8 204 227 246 287 524 692 754 755 
3 92 264 697 
4 131 266 323 447 
6 46 396 535 559 723 848 
4 161 198 269 470 
2 335 376 
5 116 260 345 636 678 
3 287 605 745 
7 85 104 174 472 622 665 725 
11 35 64 133 174 328 337 467 639 703 735 791 
9 82 216 454 469 528 535 557 712 822 
8 27 30 251 396 417 433 516 847 
7 26 180 199 354 548 748 846 
3 335 459 679 
9 92 181 238 257 368 571 625 631 706 
7 26 56 107 439 552 563 689 
2 141 442 
1 623 
3 393 423 661 
5 150 213 476 637 801 
4 24 547 550 827 
1 496 
8 62 156 281 475 482 543 759 827 
5 264 406 622 679 831 
1 609 
9 52 149 166 193 488 548 656 716 723 
3 547 592 653 
4 261 287 433 707 
12 44 151 255 444 582 594 626 683 711 714 722 778 
8 9 43 203 310 390 649 705 765 
3 461 630 743 
8 18 168 182 219 548 643 662 677 
3 361 628 631 
6 277 310 337 379 473 835 
2 100 372 
4 198 383 441 622 
5 234 268 415 481 548 
4 40 411 598 748 
6 1 108 138 191 424 629 
4 264 368 675 756 
4 167 216 358 382 
6 4 30 253 332 652 827 
6 124 301 416 532 747 798 
1 80 
7 127 175 250 358 612 685 692 
8 169 208 250 537 556 803 807 846 
2 593 731 
3 37 384 504 
6 198 384 507 625 701 790 
4 2 24 508 727 
1 822 
5 175 327 423 653 777 
7 147 152 282 375 398 694 830 
7 138 432 498 593 748 774 831 
5 149 340 551 755 821 
7 163 398 562 578 643 772 795 
1 6 
6 179 229 388 707 755 797 
2 282 704 
4 286 535 541 664 
4 298 556 787 846 
9 119 132 169 178 360 434 470 492 524 
7 2 112 160 248 388 533 711 
4 135 592 693 758 
5 153 168 471 716 726 
5 58 261 283 751 774 
4 195 252 683 700 
2 25 543 
5 182 613 647 649 672 
8 88 146 211 350 411 416 586 674 
5 23 536 621 642 652 
2 526 629 
0 
5 84 223 391 487 532 
2 617 830 
6 108 365 462 601 708 760 
4 283 499 750 810 
6 16 29 435 605 654 782 
3 362 436 728 
4 216 252 678 774 
3 275 398 721 
8 168 256 389 591 615 650 703 788 
8 146 163 200 391 585 658 720 770 
7 132 142 158 227 552 587 723 
5 117 567 609 622 702 
11 49 101 194 337 422 470 565 577 700 704 725 
6 5 100 328 526 527 572 
5 243 373 657 697 745 
4 4 371 421 473 
11 23 220 237 288 402 452 599 615 812 829 849 
5 180 279 432 477 774 
6 240 398 502 589 634 833 
6 30 262 333 559 679 814 
5 53 90 141 200 310 
6 280 372 515 644 744 828 
3 422 433 686 
3 511 514 564 
2 77 253 
3 217 377 698 
6 148 160 248 308 496 525 
3 317 476 778 
5 21 246 591 813 841 
5 99 466 605 684 783 
4 190 326 559 602 
5 76 163 227 262 685 
2 374 429 
2 140 676 
0 
6 185 626 633 645 786 827 
5 57 139 533 629 836 
3 301 486 553 
4 208 464 670 768 
6 59 247 508 721 770 788 
4 253 408 634 693 
3 181 277 718 
5 283 359 568 712 737 
4 17 244 505 645 
5 76 98 234 376 692 
6 24 210 311 456 802 816 
7 140 208 374 380 493 521 809 
2 78 796 
6 437 483 551 572 616 630 
3 153 748 778 
7 53 68 177 280 309 350 639 
2 124 477 
4 121 134 266 368 
5 31 108 421 653 752 
5 98 256 344 464 794 
3 275 300 498 
3 374 670 803 
9 3 272 352 368 444 460 570 610 713 
6 84 97 527 579 730 822 
4 67 179 611 612 
4 114 283 385 459 
6 40 69 219 223 497 718 
5 34 154 208 299 399 
11 43 217 244 250 265 393 432 519 560 755 811 
3 67 634 847 
3 79 137 454 
6 150 159 177 375 607 808 
7 392 402 575 577 599 676 784 
4 37 171 642 836 
3 173 241 687 
4 98 257 314 366 
6 154 220 406 447 504 528 
10 77 114 161 176 215 290 425 587 719 831 
5 19 160 288 700 849 
2 359 599 
5 70 97 119 252 443 
0 
3 219 339 761 
3 40 216 741 
5 55 295 306 677 710 
4 46 79 96 275 
7 60 76 262 378 480 526 715 
7 195 318 419 427 549 624 760 
6 7 13 156 222 308 350 
6 216 455 499 557 764 804 
4 157 218 328 481 
5 12 23 24 267 662 
4 59 66 425 617 
2 160 290 
7 138 154 183 308 321 504 807 
3 76 296 723 
4 72 147 494 679 
10 27 105 254 298 359 419 482 515 527 780 
8 29 129 228 348 466 502 546 657 
6 46 83 218 290 696 844 
3 177 354 598 
6 416 526 552 617 665 753 
4 123 255 317 369 
3 465 701 789 
3 312 719 794 
4 201 428 432 686 
6 412 524 527 540 635 776 
3 13 118 270 
5 53 224 358 561 842 
7 393 522 569 683 695 751 755 
5 7 40 387 426 647 
8 100 261 279 308 343 376 638 846 
9 81 170 331 351 415 502 670 825 848 
2 649 752 
3 702 787 847 
5 19 50 63 269 455 
3 27 205 220 
5 97 108 241 296 829 
5 188 206 597 633 725 
6 388 420 467 692 755 777 
5 44 326 718 750 754 
2 15 586 
7 199 353 378 402 427 444 737 
4 201 549 621 836 
6 317 346 360 396 610 848 
7 60 126 134 150 268 818 820 
3 346 408 490 
2 133 312 
4 84 585 639 728 
1 374 
5 34 348 515 579 847 
3 716 756 816 
4 160 539 584 691 
10 25 55 94 166 172 429 669 814 842 845 
7 113 151 342 465 647 714 836 
4 173 182 608 781 
5 46 149 165 633 678 
6 104 159 199 258 652 780 
3 452 605 614 
7 171 249 306 484 643 741 787 
7 88 149 274 471 605 773 837 
2 191 727 
3 525 536 632 
5 4 275 454 481 677 
6 15 98 119 239 266 814 
3 181 445 452 
3 72 411 738 
3 313 395 832 
4 339 365 804 846 
2 505 738 
1 325 
2 51 132 
5 243 554 555 578 683 
3 244 416 809 
4 104 434 715 727 
6 29 348 504 561 687 790 
3 227 298 680 
5 106 335 358 844 845 
6 157 200 364 635 644 733 
3 384 476 715 
7 102 235 256 400 401 680 808 
8 131 151 236 251 353 416 610 700 
0 
9 15 116 248 303 367 456 555 600 656 
8 127 294 466 617 762 772 820 844 
8 77 114 246 321 448 486 570 814 
3 222 508 805 
8 59 60 151 284 470 716 742 817 
4 0 26 244 784 
5 81 94 163 355 540 
6 56 112 128 438 630 703 
3 180 388 842 
3 43 185 725 
10 3 96 142 243 278 474 510 532 747 828 
5 29 158 265 314 849 
3 220 278 328 
5 465 482 526 739 843 
4 21 296 615 785 
9 42 80 194 349 416 476 591 606 630 
7 14 107 119 169 448 636 838 
3 297 597 721 
5 16 38 54 591 717 
7 151 257 290 387 643 697 836 
7 17 140 227 349 425 761 776 
4 174 533 617 822 
6 51 208 468 560 668 725 
4 19 198 283 730 
3 190 291 531 
4 310 560 663 805 
6 145 421 562 581 677 787 
2 512 845 
4 223 294 388 763 
5 95 143 168 226 454 
5 299 333 423 488 811 
6 48 129 316 466 467 680 
5 256 258 327 363 609 
10 105 194 310 428 467 605 675 696 732 772 
4 109 138 289 405 
3 37 338 450 
4 67 73 373 616 
7 80 91 130 148 269 573 813 
7 3 250 310 381 452 560 819 
3 473 620 816 
4 74 346 394 788 
6 15 22 42 294 373 628 
3 104 161 695 
3 280 421 489 
9 160 176 182 265 439 508 673 721 806 
5 270 357 510 739 795 
3 356 669 675 
2 524 825 
10 247 274 287 463 588 681 682 702 712 787 
4 167 461 687 805 
3 178 200 260 
4 263 364 498 754 
7 75 180 239 319 686 719 837 
2 150 276 
1 143 
7 57 125 461 495 562 745 764 
2 511 741 
2 246 581 
7 375 517 570 602 688 738 793 
2 466 606 
6 167 222 316 349 435 789 
2 694 751 
6 114 171 177 194 506 703 
5 138 344 354 436 754 
10 44 48 108 271 279 284 528 731 839 844 
5 133 408 525 610 751 
6 187 210 407 421 716 727 
6 8 12 230 429 495 601 
3 158 257 391 
4 324 428 435 716 
9 277 306 340 568 666 797 799 825 828 
6 115 185 207 451 670 702 
5 170 344 519 672 674 
3 298 414 592 
1 674 
5 12 177 248 403 427 
4 329 418 500 765 
7 17 368 404 421 460 673 728 
2 315 800 
7 5 233 379 392 524 527 622 
8 118 203 518 534 539 561 692 717 
5 66 278 535 606 794 
7 24 101 173 258 375 513 589 
2 322 362 
6 382 431 450 461 617 708 
5 195 574 604 723 737 
3 56 604 737 
5 107 276 402 591 732 
3 459 715 740 
6 20 28 240 509 547 824 
2 342 750 
7 10 24 48 100 418 565 569 
6 281 447 499 616 633 772 
4 165 231 501 542 
8 69 316 446 451 492 511 712 779 
2 350 769 
4 217 336 658 826 
4 194 391 536 649 
8 142 309 318 633 713 733 780 833 
6 21 346 537 661 705 776 
7 207 209 286 345 772 782 810 
5 363 614 657 843 845 
9 181 213 238 366 538 544 701 740 805 
7 261 266 306 392 444 466 553 
7 84 138 171 341 465 476 504 
4 195 390 715 804 
5 145 466 590 622 780 
6 205 244 442 530 656 802 
3 27 183 309 
2 252 447 
2 292 664 
6 291 618 666 685 754 821 
7 55 59 191 240 449 576 596 
5 130 162 180 590 791 
6 76 207 429 503 615 821 
5 4 47 379 707 719 
5 93 329 459 813 820 
7 278 347 373 475 606 629 783 
6 241 297 604 621 624 687 
5 90 231 446 685 750 
8 3 158 348 371 430 447 459 848 
4 246 631 719 802 
10 29 54 140 145 323 402 408 517 543 662 
8 185 370 427 456 569 690 778 825 
2 369 753 
3 103 366 540 
6 49 109 548 671 681 833 
9 102 282 287 363 478 552 716 748 819 
8 120 134 144 212 462 506 625 815 
6 67 154 304 328 495 705 
5 20 132 194 633 721 
3 113 576 738 
4 169 205 679 816 
5 48 325 361 405 763 
1 134 
2 284 576 
3 55 330 707 
7 50 546 558 684 764 770 844 
7 62 63 242 527 577 615 640 
3 148 437 594 
4 565 673 693 835 
4 193 265 556 687 
7 72 77 202 254 274 425 726 
2 96 698 
7 2 44 351 393 498 510 839 
5 88 97 314 343 818 
4 155 325 349 660 
5 33 151 192 390 775 
2 286 626 
4 230 433 476 684 
5 18 26 207 518 750 
1 532 
7 67 70 95 106 453 507 535 
3 150 570 740 
5 243 406 677 756 817 
4 243 416 488 544 
6 104 155 205 333 368 806 
6 321 652 721 729 749 752 
4 323 564 796 813 
6 280 379 468 557 634 638 
3 38 159 400 
1 312 
8 128 209 311 368 438 468 643 697 
2 527 693 
1 3 
7 52 84 229 741 765 794 813 
4 189 476 636 763 
6 561 591 795 811 813 837 
4 319 651 665 837 
3 51 195 587 
10 8 57 84 184 236 244 261 401 634 765 
6 26 446 484 649 709 765 
7 9 322 337 515 645 677 810 
5 170 180 500 597 807 
3 202 429 611 
6 103 141 272 289 312 323 
5 100 110 627 676 681 
4 33 66 276 761 
3 53 615 815 
5 160 175 266 388 796 
3 193 496 782 
6 170 205 321 369 749 805 
3 188 279 315 
7 120 216 313 360 420 633 640 
3 366 541 582 
1 330 
7 68 105 151 188 610 698 818 
7 26 42 110 395 680 772 812 
2 76 237 
4 12 92 306 315 
4 93 309 570 739 
8 136 385 615 619 628 745 789 835 
7 8 253 408 650 745 758 780 
3 30 290 626 
1 586 
6 50 560 752 765 778 827 
3 31 353 849 
1 163 
9 43 145 205 349 551 662 708 741 801 
4 228 762 770 794 
6 340 365 417 505 617 723 
6 17 159 338 355 366 456 
5 248 262 784 814 828 
4 358 710 809 815 
4 281 330 489 735 
3 317 340 575 
6 104 221 228 284 657 710 
3 398 710 763 
6 25 153 226 275 547 608 
5 172 198 594 764 836 
8 133 246 369 447 529 534 722 800 
0 
2 10 505 
8 28 148 334 362 366 577 593 634 
5 145 323 468 486 752 
4 45 295 301 330 
6 90 374 593 729 810 838 
6 294 474 478 578 697 830 
3 126 142 586 
9 10 186 217 259 350 468 552 636 711 
11 117 181 247 277 305 349 352 643 650 727 846 
6 24 202 277 279 587 783 
5 268 405 408 460 465 
3 25 764 778 
4 19 76 100 250 
3 79 223 844 
5 23 516 579 714 743 
4 48 103 285 774 
5 256 463 584 801 819 
6 37 363 542 595 596 815 
9 34 115 242 261 350 395 412 592 691 
5 105 139 557 627 690 
6 373 463 518 526 743 785 
1 557 
5 169 522 539 647 829 
5 51 173 226 544 751 
8 37 180 259 546 552 649 751 840 
2 136 794 
6 7 222 417 711 817 836 
2 5 795 
5 125 248 460 510 585 
3 88 506 788 
7 40 276 401 524 565 629 698 
3 289 450 692 
6 209 504 523 654 655 811 
1 609 
2 76 340 
5 134 546 581 715 754 
4 179 599 703 774 
4 301 313 375 544 
7 2 36 114 426 619 667 783 
4 149 688 697 796 
5 68 143 297 390 801 
5 91 172 338 638 736 
3 322 419 833 
5 339 547 565 572 738 
6 106 181 195 533 801 844 
1 360 
13 62 159 177 238 350 490 570 578 610 677 724 783 835 
5 131 232 446 458 588 
8 1 308 374 487 566 672 808 826 
3 63 398 715 
5 64 127 249 290 686 
2 335 670 
6 256 291 390 486 690 813 
8 111 302 340 535 575 710 777 811 
6 273 628 642 669 823 848 
3 328 793 804 
3 111 765 804 
6 1 109 180 213 418 738 
5 26 472 633 714 762 
6 304 368 575 614 623 790 
5 326 396 478 575 654 
6 151 318 555 611 652 694 
2 657 679 
3 134 564 636 
6 5 192 480 624 695 750 
1 490 
7 15 76 189 293 325 488 687 
8 114 225 311 591 689 738 781 845 
9 86 101 169 184 259 478 584 644 714 
8 101 146 180 189 325 384 409 542 
3 25 159 310 
5 456 614 769 793 795 
3 353 556 728 
4 270 549 562 740 
5 57 88 256 397 570 
7 77 124 267 502 693 742 759 
4 326 456 537 712 
9 18 25 74 327 398 511 611 812 831 
6 85 225 343 552 620 685 
7 60 345 534 543 569 665 828 
1 348 
3 215 326 480 
9 189 252 371 579 599 651 800 810 812 
4 74 430 773 834 
7 2 339 475 527 555 558 616 
7 2 37 82 368 537 579 604 
7 14 348 401 481 495 614 655 
2 583 789 
6 181 383 482 493 791 814 
6 35 41 335 454 501 708 
7 11 27 40 46 51 372 835 
3 170 206 531 
3 35 619 846 
5 69 136 444 577 817 
7 30 98 184 373 465 482 536 
4 125 349 656 835 
5 235 564 660 810 833 
6 235 246 519 542 606 749 
6 60 75 387 530 678 682 
6 25 172 405 477 479 616 
3 383 542 696 
5 18 107 118 732 758 
8 13 151 268 271 284 441 612 811 
6 191 238 326 413 593 847 
5 70 272 301 531 607 
1 30 
6 111 404 521 554 669 840 
5 100 337 386 488 501 
1 506 
2 99 747 
6 130 316 610 662 732 798 
6 192 337 369 537 731 800 
13 13 145 248 304 399 436 504 532 630 649 789 815 836 
1 29 
6 101 136 501 673 702 752 
2 283 838 
2 331 711 
8 155 451 511 517 518 693 771 795 
4 358 377 381 825 
6 100 155 384 459 551 759 
6 70 235 463 504 762 800 
6 146 213 472 540 543 847 
4 12 651 719 744 
5 272 303 493 583 795 
3 43 430 654 
2 545 581 
5 215 474 526 613 797 
7 97 211 486 654 692 762 782 
5 84 204 440 464 671 
5 98 160 415 467 591 
3 294 505 832 
5 106 328 633 689 761 
4 352 359 594 606 
9 96 116 261 264 333 413 525 587 737 
6 41 78 319 476 607 631 
7 61 68 459 462 561 682 747 
6 43 385 455 590 674 731 
1 475 
4 358 475 634 824 
5 201 263 419 635 657 
4 3 52 183 742 
7 104 155 162 494 540 641 746 
2 246 752 
2 90 313 
5 10 118 304 664 817 
0 
4 331 332 364 543 
8 22 92 117 221 223 279 801 849 
10 12 261 305 327 363 555 590 623 763 785 
3 154 562 592 
2 218 454 
5 39 99 278 491 736 
7 145 207 244 311 432 504 568 
4 147 420 519 535 
5 14 59 147 560 818 
5 4 83 584 749 785 
7 221 347 517 529 544 618 652 
10 0 96 104 260 360 384 424 437 687 741 
6 136 282 338 542 557 665 
10 89 175 184 247 267 330 446 644 795 831 
4 357 614 681 810 
4 437 496 550 845 
3 285 536 830 
4 85 206 364 639 
8 23 38 50 99 325 352 679 691 
5 32 517 606 685 849 
4 170 364 522 686 
5 29 63 374 699 718 
6 43 123 394 439 629 845 
2 422 477 
8 6 47 287 437 512 638 681 794 
9 53 86 124 363 488 626 682 760 779 
5 45 136 253 261 570 
4 29 47 367 592 
3 1 225 646 
10 123 201 219 338 344 376 429 516 589 706 
8 106 128 152 405 416 459 596 786 
5 189 241 597 690 790 
6 21 262 412 465 521 643 
2 34 722 
5 194 405 499 628 787 
4 24 138 211 621 
4 384 429 661 771 
4 9 599 691 743 
3 85 156 512 
8 46 70 222 265 408 466 636 828 
4 109 241 526 617 
6 4 123 131 418 646 832 
3 632 645 753 
5 83 193 217 480 664 
0 
9 44 83 196 343 417 482 570 658 684 
5 96 438 466 752 830 
4 414 540 580 802 
8 56 85 220 403 519 614 755 808 
4 41 66 141 691 
6 92 490 518 582 585 823 
2 490 544 
4 40 246 353 553 
8 102 181 347 452 520 597 780 838 
3 97 342 649 
1 828 
2 392 554 
5 33 345 640 684 687 
5 46 174 368 444 568 
1 271 
6 13 74 356 602 647 831 
8 23 184 414 537 616 737 742 791 
2 316 357 
3 496 678 802 
1 268 
6 216 292 512 564 733 746 
5 126 144 195 317 509 
2 372 586 
3 83 318 506 
4 290 323 386 572 
4 84 318 320 594 
3 54 279 292 
4 9 121 155 422 
9 46 167 226 272 400 418 504 685 834 
6 21 94 219 556 667 815 
9 14 28 38 107 179 378 520 622 800 
5 239 243 277 433 720 
5 294 372 422 618 628 
4 294 556 593 629 
4 43 81 192 235 
6 6 117 383 395 649 661 
9 59 119 357 365 536 623 677 733 847 
6 110 188 298 508 624 706 
9 157 238 295 364 387 524 615 661 743 
2 304 497 
3 30 525 589 
4 369 477 510 635 
7 215 476 622 641 653 784 785 
8 15 59 132 202 326 489 585 750 
9 7 78 128 386 409 533 575 710 830 
5 67 307 519 759 772 
6 192 288 522 762 823 826 
6 6 182 279 558 736 816 
6 16 102 265 408 463 497 
4 113 389 432 488 
2 625 819 
4 81 100 161 244 
3 63 186 348 
6 99 197 294 317 572 782 
6 24 96 253 308 494 803 
2 73 100 
4 44 345 375 706 
6 8 29 633 686 705 818 
4 42 72 361 382 
4 90 330 444 547 
1 417 
6 167 449 452 453 511 693 
5 43 77 465 484 574 
5 25 130 294 340 534 
3 145 344 716 
7 9 43 217 472 516 526 793 
8 169 237 242 334 351 493 507 822 
10 40 79 214 250 312 315 373 713 729 820 
4 264 326 736 756 
6 129 149 203 625 733 787 
9 160 187 298 361 367 580 727 767 774 
2 97 680 
6 95 127 263 290 376 403 
5 43 456 637 763 824 
7 18 40 98 178 331 446 849 
1 504 
5 23 100 201 255 268 
3 79 388 792 
7 64 224 237 312 466 719 825 
5 93 211 323 530 782 
5 1 11 403 462 716 
3 146 269 802 
4 61 310 569 594 
4 279 333 559 568 
7 241 344 669 685 718 810 840 
0 
5 24 450 769 802 806 
5 499 609 696 717 784 
6 130 205 331 332 591 665 
8 229 232 304 377 501 515 525 825 
6 259 291 436 768 796 799 
6 334 348 399 531 818 823 
6 166 222 302 411 444 615 
4 250 533 598 665 
5 45 472 478 641 687 
2 109 580 
5 22 102 301 437 438 
3 13 599 669 
4 57 256 567 593 
5 27 52 68 137 373 
4 403 427 555 613 
7 91 203 336 365 396 522 692 
7 80 192 307 311 481 482 799 
9 141 196 403 441 460 572 600 650 849 
4 184 370 646 822 
7 15 203 297 309 357 493 799 
8 9 15 69 72 151 192 202 652 
6 54 214 400 717 795 814 
0 
3 78 438 559 
5 37 533 577 694 789 
3 90 170 629 
4 165 266 423 589 
7 12 247 445 516 578 585 695 
7 274 379 412 453 606 722 813 
6 172 301 383 455 469 823 
8 44 322 411 416 417 441 514 819 
0 
1 719 
2 126 739 
5 12 341 529 735 838 
4 97 127 383 445 
2 575 640 
7 70 247 279 338 346 433 694 
2 223 541 
7 68 80 94 105 473 494 719 
3 4 393 848 
3 189 266 345 
5 66 202 511 788 821 
6 43 115 137 369 441 469 
3 340 629 833 
6 180 220 344 352 438 657 
2 218 525 
6 92 346 426 585 702 728 
5 117 363 467 496 504 
5 155 251 448 691 736 
6 260 478 606 613 691 816 
2 123 634 
7 75 197 222 272 294 638 718 
5 96 127 286 487 777 
6 186 306 437 545 570 759 
5 63 238 517 635 811 
4 24 359 546 665 
2 726 837 
4 304 513 529 714 
8 142 187 327 411 445 483 628 834 
9 70 291 413 485 529 575 581 617 756 
6 5 135 404 425 497 739 
3 72 316 584 
2 57 568 
4 316 739 751 754 
6 324 456 540 569 578 679 
6 34 444 474 498 502 605 
7 133 353 367 651 667 730 735 
3 60 144 703 
5 172 231 351 513 514 
6 249 271 295 348 427 831 
3 290 402 735 
3 60 177 419 
4 154 243 506 652 
3 134 236 449 
8 91 346 418 462 540 554 618 733 
7 151 276 413 490 511 560 790 
5 104 433 535 540 818 
9 116 283 362 404 411 413 510 763 848 
7 107 216 227 248 448 546 756 
7 374 424 449 475 570 678 840 
7 3 133 214 285 378 696 785 
5 250 400 484 551 602 
7 208 391 432 612 706 740 812 
5 284 373 474 699 765 
4 208 247 362 716 
5 69 357 360 777 838 
6 25 65 146 267 715 753 
5 512 654 695 740 764 
4 14 335 596 722 
7 195 293 316 369 576 727 738 
3 342 506 695 
5 35 37 56 123 441 
7 109 256 316 448 537 643 659 
3 104 200 480 
6 67 89 463 620 650 693 
7 38 68 160 535 617 664 805 
3 230 588 645 
6 106 344 372 500 554 779 
3 541 677 794 
7 48 386 437 504 548 553 839 
9 124 156 206 217 265 455 484 570 847 
5 223 298 413 414 792 
6 262 462 573 657 769 821 
3 310 390 835 
4 482 564 733 815 
2 116 844 
3 191 216 254 
2 259 347 
9 1 182 240 247 310 383 471 502 841 
7 216 240 273 347 525 619 626 
7 27 60 75 194 231 466 550 
8 26 152 197 213 561 579 685 836 
7 18 195 207 366 512 775 813 
8 104 161 257 442 605 623 723 752 
