870 2145
2 364 869 
2 23 643 
1 254 
3 103 508 844 
4 336 388 653 852 
4 192 251 378 452 
6 52 263 534 570 625 861 
5 172 334 565 595 637 
9 39 68 103 240 302 419 557 631 826 
6 83 147 390 408 548 667 
6 524 670 673 768 786 790 
3 29 747 768 
3 201 205 410 
5 164 320 511 586 641 
8 59 154 264 335 474 487 656 746 
6 120 129 155 588 715 781 
7 198 204 290 316 777 823 846 
9 137 202 269 278 320 558 660 790 811 
4 255 345 438 753 
7 94 190 371 544 623 761 771 
5 93 265 328 767 844 
4 151 225 290 725 
6 49 50 179 339 478 841 
1 1 
3 102 534 835 
8 102 276 280 441 566 643 667 702 
4 77 104 345 780 
5 40 143 415 800 829 
6 230 399 498 581 645 758 
4 11 160 746 808 
5 115 393 570 842 847 
1 177 
8 123 136 142 229 268 366 577 594 
4 77 226 459 637 
5 119 318 329 619 659 
0 
6 260 300 308 334 337 703 
2 109 499 
5 42 80 435 581 690 
11 8 191 235 273 286 325 404 586 730 812 850 
6 27 287 298 571 788 841 
2 379 531 
2 38 778 
3 543 848 867 
3 71 224 524 
6 166 222 285 325 448 768 
6 276 339 445 533 558 747 
7 51 81 150 268 628 726 789 
4 92 209 522 599 
8 22 109 110 144 237 338 553 694 
5 22 114 156 343 817 
4 47 60 298 682 
5 6 256 267 692 701 
10 177 363 396 531 567 709 799 817 818 840 
3 211 217 696 
0 
3 222 343 383 
6 179 344 425 584 694 778 
5 174 267 583 742 839 
3 14 154 483 
6 51 208 210 409 413 645 
4 413 435 703 753 
2 208 313 
5 186 302 304 476 608 
6 223 249 494 629 670 814 
5 320 368 587 642 855 
4 174 284 347 691 
6 148 150 328 392 582 822 
6 8 93 370 533 622 629 
6 99 356 391 438 461 555 
6 240 457 489 508 524 549 
12 44 335 340 413 456 514 555 611 623 710 790 846 
3 366 435 736 
2 176 687 
3 393 736 817 
4 318 395 486 701 
4 291 295 496 665 
4 26 33 340 780 
6 250 432 466 472 518 820 
4 192 342 682 806 
6 38 185 275 290 690 768 
8 47 268 396 417 483 520 817 835 
7 401 461 554 693 710 791 841 
11 9 182 324 385 524 539 663 677 824 842 856 
6 228 288 372 396 410 579 
9 92 104 130 305 504 529 685 835 860 
6 254 400 542 593 688 813 
5 102 219 450 545 558 
6 411 537 610 666 743 824 
7 252 300 419 508 558 574 765 
2 408 484 
5 372 526 622 683 810 
9 48 85 131 208 221 584 621 750 854 
4 20 68 117 504 
6 19 105 166 275 290 775 
7 389 403 700 719 764 790 849 
2 200 427 
1 763 
9 159 205 367 406 423 593 720 780 842 
8 69 415 474 520 579 707 758 765 
5 116 189 244 520 866 
6 111 186 327 423 448 844 
9 24 25 87 286 337 373 599 748 849 
6 3 8 179 254 435 814 
9 26 85 257 301 408 429 512 596 788 
7 94 301 419 435 536 773 866 
4 193 388 492 597 
7 159 222 564 629 661 716 856 
7 172 184 350 360 453 474 545 
4 37 49 236 564 
4 49 289 302 617 
7 101 381 593 648 689 701 716 
1 679 
5 318 385 410 768 837 
4 50 155 660 766 
5 30 137 148 422 606 
9 100 269 301 523 527 609 738 757 791 
4 93 277 562 853 
8 167 348 460 496 515 521 536 574 
3 34 677 790 
5 15 130 267 520 856 
5 172 224 486 587 688 
4 165 236 381 398 
2 32 823 
5 245 354 414 503 692 
5 460 492 827 837 839 
5 248 350 573 692 789 
5 316 342 591 686 706 
1 211 
5 15 227 348 677 734 
2 85 120 
7 92 435 495 558 728 823 846 
2 367 869 
5 201 225 236 380 414 
2 443 647 
4 144 274 418 455 
4 32 313 324 763 
7 17 115 193 571 783 817 821 
5 178 336 410 535 724 
5 260 478 492 569 805 
1 807 
5 307 495 690 744 756 
5 32 245 257 372 730 
5 27 186 458 670 764 
8 49 135 194 576 636 796 825 863 
4 341 364 729 751 
8 209 233 353 418 485 555 690 816 
5 9 342 376 689 743 
6 67 115 217 517 569 729 
4 441 718 814 850 
7 47 67 366 549 582 668 857 
5 21 176 416 524 566 
4 208 261 311 591 
5 317 425 570 576 789 
4 14 59 471 645 
5 15 114 447 543 857 
10 50 265 387 517 561 593 626 627 655 658 
1 468 
4 379 505 648 736 
3 98 107 605 
1 29 
3 450 785 815 
1 338 
0 
4 13 308 624 771 
6 122 197 363 528 536 707 
6 45 94 571 831 859 862 
4 118 510 526 637 
6 255 287 325 376 749 757 
3 641 677 859 
6 218 384 596 598 737 762 
3 764 808 845 
6 7 108 121 207 709 726 
3 598 621 818 
4 58 66 652 679 
3 356 452 632 
7 73 151 212 471 479 548 699 
2 31 53 
6 138 220 477 519 620 640 
6 22 57 103 204 232 235 
1 345 
4 217 414 471 802 
4 83 340 557 759 
3 328 366 598 
3 108 406 740 
9 80 194 258 334 442 479 586 598 761 
10 63 101 143 321 444 542 570 581 676 852 
7 294 339 422 496 677 773 775 
3 275 395 583 
2 100 245 
2 19 673 
6 39 201 226 572 719 864 
6 5 79 582 734 745 851 
6 106 137 331 363 771 824 
8 144 185 238 288 451 559 617 811 
5 377 450 494 641 820 
6 237 579 647 723 741 866 
6 165 227 291 559 837 847 
5 16 631 725 761 805 
1 834 
7 96 242 262 450 456 569 745 
11 12 133 191 254 266 298 415 471 502 813 867 
2 17 628 
1 756 
6 16 179 278 495 639 771 
10 12 98 226 231 623 680 686 787 802 822 
6 241 493 670 772 818 855 
8 172 304 488 503 737 801 834 837 
9 60 62 92 152 231 372 574 648 828 
7 48 146 328 417 442 639 763 
3 60 642 857 
5 54 128 354 460 845 
6 176 468 574 644 811 852 
1 570 
1 237 
3 222 521 653 
4 393 417 499 620 
6 54 148 181 239 278 699 
8 170 272 296 414 711 719 772 850 
6 87 318 320 384 532 554 
3 178 265 527 
3 92 380 636 
7 45 56 107 215 299 300 493 
2 64 484 
9 44 121 330 437 450 569 586 592 629 
4 21 133 337 687 
7 33 191 205 237 311 337 562 
5 129 197 341 402 787 
3 84 275 556 
6 32 259 338 470 497 531 
4 28 304 350 381 
5 205 208 346 417 506 
6 179 493 606 821 824 869 
6 146 337 371 575 599 623 
0 
7 39 179 243 483 563 635 844 
5 109 122 133 455 481 
7 49 196 214 226 438 701 786 
7 194 273 295 340 593 600 859 
2 217 755 
4 8 70 627 632 
3 206 450 527 
9 200 271 286 299 374 408 469 700 800 
7 235 493 610 682 701 772 843 
2 100 610 
9 124 142 189 651 657 722 763 811 868 
4 312 316 409 424 
4 420 533 629 676 
7 126 261 485 568 680 696 751 
3 64 471 619 
4 78 343 548 553 
3 5 663 776 
3 89 579 691 
4 369 730 742 850 
6 2 86 103 201 395 431 
9 18 168 326 472 506 667 793 804 855 
4 52 391 471 565 
7 104 142 279 530 675 740 760 
2 185 540 
1 229 
5 36 139 422 619 796 
6 152 248 317 355 447 605 
6 200 387 446 556 672 803 
3 6 382 616 
4 14 451 676 705 
6 20 156 220 337 435 691 
2 201 412 
9 52 58 120 289 341 478 573 608 857 
9 32 47 81 282 341 582 711 732 839 
5 17 116 663 765 828 
5 277 387 470 607 776 
2 242 324 
4 218 452 526 568 
6 39 238 433 453 630 838 
6 135 424 591 705 813 863 
8 80 94 188 228 423 459 601 683 
9 25 46 280 342 379 524 570 638 854 
5 117 270 611 674 724 
8 17 204 217 318 365 586 593 674 
4 257 322 527 688 
5 25 276 320 335 541 
2 673 677 
6 268 440 443 607 719 750 
2 533 862 
4 66 372 483 842 
3 45 597 606 
6 39 102 242 585 635 851 
5 40 168 447 473 796 
5 84 194 544 740 861 
5 110 267 463 512 834 
9 16 21 80 94 453 475 569 606 843 
4 76 197 300 438 
1 819 
3 576 636 809 
7 187 355 431 514 790 838 867 
3 76 238 552 
6 218 349 372 494 532 792 
4 338 611 758 845 
5 40 51 201 622 631 
7 222 242 301 557 572 668 850 
6 36 89 222 291 496 821 
8 104 105 116 299 378 436 590 652 
7 8 63 110 304 372 718 846 
2 716 771 
7 63 207 230 302 332 489 557 
1 85 
4 427 472 660 709 
6 141 334 509 510 695 772 
10 36 164 314 347 352 396 465 692 713 761 
2 684 844 
3 431 630 812 
7 152 226 387 580 620 644 646 
3 246 548 633 
4 62 136 345 373 
3 308 454 854 
1 704 
5 16 127 246 580 767 
6 153 261 335 665 748 786 
7 34 75 113 219 278 601 837 
1 838 
7 13 17 65 219 280 321 733 
4 186 320 623 820 
2 279 542 
1 596 
5 83 136 271 443 477 
7 39 45 168 473 561 567 688 
7 255 334 425 450 503 616 734 
5 101 355 359 405 766 
5 20 67 183 209 691 
4 34 617 816 850 
3 224 444 465 
5 193 496 622 778 826 
6 304 415 587 611 675 803 
3 369 546 624 
11 7 36 185 307 326 374 444 502 552 632 648 
8 14 71 280 317 394 459 472 540 
3 4 138 846 
8 36 102 225 226 233 265 597 852 
6 49 162 229 297 655 676 
4 22 46 187 341 
4 71 77 182 238 
7 145 227 267 268 339 500 526 
6 79 127 147 276 442 815 
5 50 56 250 356 422 
4 57 462 474 834 
6 18 26 180 313 368 682 
5 231 518 648 693 767 
4 66 308 483 671 
4 118 129 595 604 
4 296 392 775 827 
4 108 126 230 507 
6 512 566 605 674 699 855 
5 308 436 554 634 654 
3 146 417 851 
4 124 211 451 560 
5 261 294 327 525 787 
4 69 175 343 642 
5 404 405 629 720 830 
6 414 533 661 702 725 838 
4 327 580 734 828 
2 108 435 
4 403 541 621 784 
4 553 659 750 863 
8 53 165 193 381 485 514 527 646 
5 0 145 397 399 470 
2 278 405 
5 32 72 150 183 597 
4 98 132 597 836 
4 65 345 671 859 
5 253 333 659 780 806 
4 68 425 623 688 
4 19 233 704 760 
10 84 91 142 208 284 296 302 549 769 818 
4 102 313 707 805 
5 242 334 487 612 795 
4 385 437 636 830 
6 147 168 397 453 794 810 
3 195 630 808 
2 5 301 
7 41 158 276 555 621 814 834 
5 133 221 622 757 806 
8 111 122 230 363 467 582 648 833 
2 263 685 
4 56 624 651 824 
5 170 219 592 649 818 
5 83 113 375 630 781 
4 431 653 775 811 
7 156 262 270 311 445 554 734 
4 4 106 395 501 
6 95 406 562 571 619 627 
3 9 638 697 
4 69 256 761 770 
6 67 349 402 421 576 600 
7 30 74 216 472 508 612 706 
3 335 508 684 
9 75 188 254 388 640 735 744 801 856 
5 53 81 84 308 608 
2 364 376 
5 122 402 473 554 798 
7 28 364 469 472 541 709 710 
5 86 500 555 611 687 
3 82 494 681 
4 227 392 398 770 
5 95 361 461 534 804 
7 39 357 416 439 496 515 593 
5 327 357 365 410 669 
9 98 184 389 630 649 685 796 839 859 
1 850 
9 9 90 104 242 514 548 648 687 833 
4 60 246 630 720 
7 12 84 113 138 405 820 837 
4 88 458 634 746 
5 266 449 534 801 846 
5 60 61 71 506 605 
8 124 133 181 218 358 593 606 703 
9 27 99 201 332 585 603 665 687 756 
6 151 404 502 627 779 818 
6 81 209 216 231 353 779 
7 135 146 433 434 473 628 863 
7 8 89 105 421 612 687 773 
1 247 
6 392 419 641 716 748 772 
6 115 187 260 343 664 825 
7 98 101 275 481 509 512 536 
5 246 274 687 737 782 
7 57 153 326 370 557 806 865 
6 501 508 663 794 814 840 
3 96 306 725 
4 475 639 755 865 
3 104 522 850 
2 627 648 
4 254 294 310 386 
6 78 462 590 611 726 845 
6 273 418 467 481 552 861 
5 418 462 585 655 869 
12 38 61 72 103 105 131 265 360 442 556 664 728 
3 301 352 674 
4 224 375 487 706 
6 18 69 237 291 562 652 
4 404 477 687 859 
5 282 476 583 639 643 
7 25 149 468 509 648 670 751 
5 185 209 342 435 508 
7 134 282 324 614 793 798 850 
4 186 330 334 697 
6 46 387 545 688 732 771 
4 262 450 590 632 
6 155 261 287 593 770 837 
3 45 101 768 
5 412 597 610 628 780 
10 87 161 195 200 224 241 326 446 613 744 
5 194 264 354 611 671 
3 5 175 272 
5 108 273 290 376 576 
3 314 494 864 
5 135 236 514 701 789 
8 71 200 574 586 592 616 710 735 
2 70 716 
6 143 411 507 519 660 803 
6 33 275 335 569 587 757 
6 118 125 211 709 775 847 
5 69 82 403 574 669 
5 344 432 434 505 612 
4 289 679 683 736 
2 534 832 
2 308 330 
2 78 845 
7 381 433 513 519 663 696 775 
3 157 212 441 
3 242 399 561 
4 229 270 364 538 
8 154 176 181 201 249 256 605 655 
8 78 255 306 335 393 399 518 754 
5 287 325 398 418 546 
5 14 99 108 344 691 
3 290 428 637 
4 63 440 589 824 
5 178 324 439 478 731 
5 22 139 267 477 784 
3 176 185 822 
1 676 
5 236 423 433 596 737 
3 513 530 729 
6 59 81 235 284 347 851 
3 90 223 691 
4 146 248 363 809 
2 75 121 
5 14 374 437 591 717 
3 207 620 740 
4 70 304 748 862 
3 632 670 759 
0 
7 106 125 139 661 698 790 853 
5 206 222 232 243 581 
5 64 195 296 401 454 
8 131 141 204 537 596 647 670 710 
7 76 118 187 300 331 404 834 
2 229 520 
4 28 575 735 788 
2 37 216 
2 341 400 
4 388 426 682 798 
5 201 334 416 540 592 
5 124 207 326 540 761 
5 85 93 651 754 781 
3 158 462 648 
3 231 255 413 
5 350 458 630 810 838 
8 3 70 89 393 394 426 442 850 
4 307 423 441 615 
5 167 307 702 735 823 
2 13 698 
8 104 289 351 423 660 667 754 783 
6 467 482 589 717 759 861 
7 71 294 363 408 455 703 753 
2 118 404 
2 565 630 
3 148 156 709 
4 78 346 472 582 
4 178 458 467 804 
9 81 99 100 120 497 599 651 677 816 
5 118 215 549 618 755 
3 48 429 646 
6 116 534 594 648 809 817 
9 10 44 70 83 151 276 526 718 840 
3 355 653 835 
6 91 167 272 341 524 781 
7 116 220 241 279 363 603 664 
4 165 711 763 852 
6 85 705 749 760 829 833 
3 257 482 806 
5 41 53 229 610 731 
3 219 296 786 
7 46 68 247 283 358 548 736 
7 6 24 403 412 464 523 562 
5 138 729 770 776 830 
9 105 118 165 423 575 732 822 852 866 
3 88 495 748 
3 470 756 818 
1 83 
5 258 335 502 503 660 
3 280 361 399 
5 86 186 322 719 799 
5 43 155 566 584 590 
7 19 288 633 644 775 839 860 
4 87 108 445 818 
3 333 473 595 
4 612 634 738 858 
6 9 176 250 312 408 533 
5 70 150 372 521 693 
1 715 
3 676 688 760 
5 295 334 433 665 708 
5 49 250 362 743 791 
6 82 219 352 387 398 742 
8 69 71 146 379 400 622 690 791 
6 228 262 435 716 742 811 
6 8 182 299 304 425 867 
6 17 46 87 89 131 834 
4 194 197 676 696 
2 354 778 
6 156 325 469 624 706 861 
6 117 226 389 438 534 730 
3 235 675 747 
5 107 109 573 697 843 
7 7 256 516 612 668 695 824 
7 25 151 351 543 617 719 845 
4 53 325 775 799 
4 248 272 706 723 
7 139 148 200 224 290 459 647 
6 6 30 153 186 213 276 
5 40 137 166 389 798 
3 191 299 732 
4 126 267 564 764 
10 89 118 208 212 456 461 577 649 768 769 
3 233 498 536 
6 144 153 293 392 453 853 
4 32 574 666 843 
1 800 
7 84 99 196 252 612 691 717 
3 311 316 359 
4 28 38 186 493 
7 67 150 192 268 381 518 738 
3 58 188 440 
4 57 92 543 807 
6 286 415 434 595 624 821 
6 13 39 185 224 278 456 
6 65 121 332 459 638 719 
4 15 616 845 859 
3 476 513 798 
5 301 432 446 543 853 
5 127 152 274 487 682 
8 224 384 456 502 624 768 786 833 
11 86 98 111 156 238 278 404 414 447 742 842 
3 32 523 765 
4 7 348 546 585 
7 104 170 323 481 495 710 808 
6 106 285 337 366 367 449 
6 170 173 183 185 768 845 
5 48 102 233 520 782 
4 238 392 806 862 
2 275 318 
1 674 
4 415 527 684 772 
5 348 686 774 830 842 
5 159 261 351 413 471 
8 115 232 285 290 414 714 723 853 
4 270 282 613 653 
5 63 267 396 654 841 
2 116 616 
8 88 243 244 449 531 821 839 864 
9 71 277 297 332 400 432 451 620 628 
8 374 393 419 462 547 565 579 655 
4 450 607 657 700 
3 443 750 868 
1 509 
7 263 326 456 588 609 828 869 
4 110 194 329 566 
3 521 623 699 
7 34 249 260 389 624 728 817 
6 178 216 311 488 611 807 
6 92 173 361 379 632 829 
6 68 91 298 331 380 555 
8 19 71 205 233 321 370 618 731 
8 164 333 383 561 585 592 619 750 
2 6 628 
3 156 720 731 
6 156 240 389 416 430 780 
6 47 202 418 449 611 625 
7 64 68 107 224 247 357 866 
9 273 310 377 385 406 409 507 516 708 
6 8 198 298 715 766 805 
9 175 240 334 446 490 621 639 668 816 
2 312 544 
5 352 411 547 637 829 
2 235 286 
5 144 221 293 375 774 
7 7 33 167 475 634 645 647 
6 276 390 587 647 675 737 
6 204 209 428 440 632 674 
3 178 395 661 
4 13 169 195 421 
6 65 210 356 646 701 775 
6 1 25 440 666 752 805 
3 212 311 544 
4 28 60 154 637 
4 311 363 522 642 
8 134 196 495 569 637 638 807 846 
12 111 158 208 334 346 381 408 430 441 505 523 820 
6 384 406 574 685 769 774 
0 
4 245 383 504 520 
3 174 301 438 
8 4 215 386 525 607 743 796 841 
3 352 608 710 
7 156 338 434 471 612 830 838 
3 14 705 796 
3 245 613 824 
3 156 809 849 
4 34 362 369 672 
7 17 114 306 458 512 540 851 
7 107 358 492 640 666 733 868 
1 783 
5 83 251 269 426 467 
4 422 435 527 827 
4 76 317 415 552 
5 88 577 643 661 720 
5 9 25 255 512 761 
7 150 299 565 632 681 793 860 
5 405 461 710 780 824 
7 10 64 143 206 441 490 495 
3 347 368 451 
3 262 659 768 
4 10 190 281 758 
6 277 278 351 436 602 639 
4 257 332 563 638 
8 186 247 264 338 480 551 559 768 
8 83 119 129 169 187 281 520 714 
1 806 
4 112 174 463 809 
3 205 248 774 
2 401 668 
7 51 79 243 345 501 591 779 
4 91 275 463 689 
3 309 394 603 
5 85 382 406 649 766 
3 127 205 604 
9 73 225 400 408 415 419 424 439 765 
7 86 121 279 325 370 445 551 
4 111 147 683 690 
6 38 80 141 146 555 689 
9 66 252 265 328 474 484 579 786 795 
6 52 124 126 308 735 832 
6 82 346 549 771 838 851 
2 49 57 
3 307 565 815 
7 54 248 467 559 748 794 795 
3 390 444 564 
2 492 511 
7 176 217 351 618 730 841 869 
5 95 242 613 782 826 
8 52 75 111 237 243 455 642 846 
3 25 358 510 
7 36 61 414 514 731 816 863 
3 315 371 821 
5 264 274 529 656 792 
5 127 393 437 561 568 
5 99 165 373 719 751 
4 552 630 720 797 
7 53 172 306 399 460 517 730 
9 71 82 399 456 495 596 654 669 795 
5 218 268 528 797 834 
0 
2 308 795 
3 606 677 758 
3 15 550 631 
6 107 111 303 421 457 556 
4 487 513 579 856 
5 149 302 524 761 773 
8 95 191 218 282 542 566 587 707 
7 98 357 409 626 666 708 791 
0 
2 245 809 
3 196 568 606 
3 138 277 727 
4 21 198 358 427 
3 47 172 432 
3 724 759 862 
4 131 435 619 743 
4 145 148 482 535 
7 39 142 253 562 699 709 732 
6 477 531 623 626 703 772 
5 268 445 536 572 730 
2 320 661 
6 129 192 326 359 387 738 
7 395 456 498 510 692 827 862 
7 72 74 158 463 533 767 808 
5 170 207 424 481 638 
4 116 547 582 734 
1 836 
6 184 257 288 488 828 835 
2 196 844 
5 58 253 554 556 593 
5 88 147 553 653 728 
3 141 395 450 
2 192 200 
3 14 29 411 
3 11 46 563 
7 102 317 421 489 537 696 760 
3 168 529 821 
5 92 282 362 614 624 
5 145 248 441 707 866 
1 643 
5 18 61 514 772 780 
4 472 504 512 779 
5 239 428 521 810 836 
4 141 203 415 538 
6 116 168 380 459 767 774 
5 28 99 297 673 714 
6 182 490 513 727 791 810 
5 257 371 529 551 748 
8 19 185 198 308 391 503 667 718 
3 170 856 866 
6 97 136 209 245 528 854 
5 95 143 171 573 831 
5 89 99 269 594 687 
4 114 327 631 685 
5 20 316 346 736 757 
12 10 11 45 80 113 448 574 592 598 672 676 772 
3 372 574 649 
5 391 402 447 535 855 
8 19 164 193 204 303 445 693 825 
10 206 218 243 307 421 603 731 753 768 795 
5 105 187 419 718 844 
5 604 636 649 680 757 
10 94 187 349 386 460 467 544 567 642 869 
6 251 270 535 799 818 859 
1 16 
4 42 57 331 560 
5 416 417 682 754 823 
8 26 77 98 369 449 627 669 753 
5 15 385 504 526 814 
5 424 599 700 789 790 
3 137 512 662 
3 361 478 789 
1 161 
7 10 237 317 532 592 691 794 
3 205 227 355 
3 40 104 498 
6 47 126 153 455 782 784 
8 10 17 71 95 119 294 492 782 
7 82 116 553 555 720 759 827 
2 296 705 
3 255 443 668 
5 376 426 696 786 865 
6 374 691 696 710 713 772 
7 144 260 287 406 653 656 853 
3 708 711 838 
5 398 443 501 571 589 
5 53 542 567 776 821 
3 27 242 578 
3 207 395 412 
2 181 205 
3 262 332 458 
3 255 403 519 
5 139 198 373 631 643 
7 79 369 380 425 530 600 678 
4 140 584 620 647 
5 29 171 377 596 736 
6 293 485 523 658 679 722 
5 91 376 507 755 759 
7 17 194 212 245 386 556 839 
2 39 310 
4 86 201 274 865 
7 64 103 149 379 426 781 834 
3 161 342 695 
5 146 329 520 632 703 
8 50 53 74 81 137 523 619 839 
9 53 173 206 372 384 416 538 545 776 
1 292 
5 78 195 321 410 648 
8 137 232 300 585 610 704 749 799 
5 67 205 479 536 862 
6 16 123 131 510 779 853 
9 83 88 193 232 383 476 565 657 669 
4 144 422 771 835 
3 8 331 700 
5 125 349 664 735 791 
5 208 269 359 616 740 
4 27 529 621 634 
6 357 375 535 604 655 831 
3 166 764 830 
2 464 692 
4 381 408 529 592 
9 199 207 289 344 379 496 558 711 814 
6 24 81 85 525 740 825 
3 367 739 755 
7 113 125 197 207 318 410 447 
8 273 294 319 358 507 655 693 797 
8 58 125 268 406 544 610 811 817 
3 53 426 524 
6 22 40 82 608 653 699 
6 30 83 98 284 593 604 
4 243 290 564 577 
7 3 20 101 235 309 741 773 
8 171 211 297 432 466 566 588 598 
8 16 71 131 302 336 412 647 701 
3 30 197 460 
1 43 
3 95 102 658 
10 39 149 218 253 299 329 407 429 443 508 
6 192 286 353 483 660 693 
6 4 186 212 337 528 536 
7 117 492 576 590 606 796 823 
4 92 276 314 763 
5 65 206 255 351 770 
7 83 107 120 395 717 762 862 
4 150 155 210 267 
1 547 
8 166 169 238 368 406 439 588 776 
4 85 544 668 861 
6 6 288 433 513 561 860 
8 166 283 489 600 727 735 822 856 
5 144 274 362 418 703 
3 191 454 610 
4 425 428 794 813 
7 100 105 196 536 629 751 762 
4 43 201 294 557 
3 245 614 661 
7 0 132 232 434 616 699 775 
870 2147
3 524 668 753 
3 176 218 654 
6 105 245 411 430 500 798 
10 82 125 185 320 349 418 459 613 622 752 
11 59 123 155 211 326 460 698 713 772 779 801 
8 92 202 230 454 599 620 636 719 
5 187 342 361 516 710 
5 48 146 456 580 800 
8 172 261 318 337 448 651 705 786 
5 95 146 478 591 728 
2 139 440 
1 580 
3 309 339 577 
5 25 88 351 512 676 
3 381 384 661 
3 289 667 761 
6 227 234 295 511 579 827 
4 117 333 390 542 
4 279 531 645 672 
5 117 177 285 345 352 
6 135 180 241 656 682 828 
5 254 397 504 608 797 
11 88 100 132 189 217 220 228 284 514 621 701 
4 114 170 230 730 
6 54 167 395 409 446 775 
7 13 26 45 60 546 813 816 
6 25 420 453 480 522 616 
3 136 201 473 
4 257 442 500 681 
4 251 285 432 565 
3 386 573 723 
5 41 71 124 357 562 
5 155 259 566 647 852 
3 65 207 231 
5 60 139 459 634 723 
6 66 181 297 512 563 636 
3 640 688 763 
7 39 293 366 373 639 678 720 
5 176 195 442 446 485 
4 37 190 328 768 
4 59 539 725 848 
5 31 138 214 303 806 
1 198 
5 251 387 539 635 865 
6 164 316 321 451 544 567 
6 25 175 264 558 624 719 
7 51 77 134 232 423 634 838 
8 82 203 438 602 618 683 812 835 
1 7 
6 133 183 342 661 709 751 
2 193 615 
5 46 154 403 409 532 
7 123 612 671 717 730 767 776 
8 142 216 252 274 306 666 714 802 
5 24 127 272 450 645 
5 288 389 454 619 634 
5 124 369 379 683 705 
4 361 384 573 630 
2 250 267 
4 4 40 67 472 
13 25 34 94 128 130 153 334 392 457 596 657 662 832 
4 738 823 844 854 
2 684 787 
0 
4 293 461 557 602 
3 33 643 856 
6 35 90 347 444 690 742 
5 59 221 437 688 748 
4 329 499 548 676 
5 212 286 578 821 857 
3 484 580 835 
5 31 160 483 683 771 
10 107 309 333 368 421 506 616 633 670 861 
8 259 332 394 444 557 567 583 652 
3 182 353 497 
9 153 195 208 288 436 529 672 757 805 
9 107 119 242 246 267 618 816 817 862 
3 46 488 618 
6 111 151 199 571 621 673 
7 375 392 443 557 607 754 770 
7 178 195 215 290 389 542 587 
6 96 305 463 567 654 699 
7 3 47 111 282 353 579 699 
3 116 175 285 
6 210 302 445 574 674 758 
2 307 571 
4 351 354 404 830 
1 748 
8 13 22 127 448 633 645 733 793 
3 201 230 756 
4 66 136 438 639 
4 206 428 456 813 
7 5 175 254 353 491 627 860 
4 127 418 482 517 
4 60 165 583 638 
3 9 303 839 
1 81 
5 256 697 704 716 857 
5 127 164 558 654 861 
3 280 465 532 
5 22 141 397 603 701 
6 134 395 608 657 675 861 
5 249 475 534 742 838 
2 513 797 
5 108 317 461 486 711 
5 2 208 348 654 796 
4 349 583 684 829 
10 72 76 413 427 466 534 700 706 819 847 
2 104 374 
7 315 669 715 783 804 848 862 
1 338 
9 78 82 175 205 315 418 447 488 777 
1 568 
2 310 412 
4 23 418 650 749 
4 206 294 414 744 
4 83 178 203 401 
6 17 19 230 526 659 832 
7 161 177 253 269 379 419 522 
6 76 289 341 492 584 643 
4 326 327 699 801 
4 127 587 591 865 
5 339 474 528 619 719 
10 4 52 489 516 522 537 665 704 791 832 
5 31 56 282 338 858 
3 3 327 630 
4 287 305 503 735 
13 54 88 93 98 121 194 472 482 655 657 679 756 864 
4 60 203 674 868 
3 157 225 671 
5 60 193 250 302 846 
6 294 335 416 738 753 792 
6 22 265 427 559 671 816 
4 49 492 641 838 
4 46 101 343 682 
2 20 139 
4 27 90 551 671 
2 361 499 
4 41 293 529 540 
6 10 34 135 181 214 460 
5 398 514 616 662 851 
8 100 282 405 506 514 636 711 847 
4 53 260 346 388 
6 205 444 488 546 753 793 
3 158 268 421 
2 158 553 
5 7 9 267 459 805 
3 648 773 786 
3 248 551 711 
2 418 859 
8 325 569 613 674 734 797 830 842 
7 78 377 493 613 731 767 811 
3 205 433 505 
6 60 75 195 343 519 763 
7 51 531 641 667 732 780 868 
5 4 32 320 382 434 
3 480 716 804 
5 129 277 684 759 827 
5 144 145 343 347 601 
7 277 389 392 405 500 641 794 
3 71 697 831 
4 118 326 607 815 
8 237 284 398 410 466 470 758 797 
5 312 599 628 663 696 
8 44 98 253 461 600 620 684 771 
5 94 235 390 413 867 
2 267 869 
5 24 252 312 385 571 
2 270 285 
4 255 310 843 868 
4 23 560 596 688 
6 300 332 379 604 667 689 
5 8 187 579 611 615 
4 396 807 832 856 
3 186 203 496 
11 45 83 92 111 257 329 544 667 696 710 746 
4 1 38 267 566 
7 19 118 424 426 592 654 736 
3 80 116 506 
2 727 781 
3 20 181 464 
6 35 139 180 386 553 617 
5 74 198 702 742 802 
4 49 473 518 625 
6 311 551 696 724 727 856 
5 3 295 477 544 666 
3 174 386 559 
5 6 172 359 404 613 
3 326 454 754 
6 22 227 236 498 555 733 
7 39 213 311 357 470 667 801 
2 291 355 
4 193 615 626 722 
7 50 130 192 312 491 518 714 
4 127 223 250 798 
6 38 75 80 153 376 383 
3 289 616 810 
4 220 657 782 808 
4 42 182 576 618 
4 78 224 457 660 
0 
6 27 89 470 781 782 805 
4 5 243 417 589 
8 47 116 128 174 316 553 834 846 
5 413 569 626 752 855 
5 111 143 152 309 691 
5 91 115 315 801 802 
5 33 267 538 547 636 
8 75 105 233 325 564 711 855 856 
5 475 603 651 753 816 
3 84 351 441 
6 4 538 593 657 746 845 
6 69 233 289 529 701 852 
9 190 341 351 399 423 501 628 666 750 
4 41 139 339 633 
6 80 276 354 540 786 812 
3 53 234 799 
3 22 315 500 
4 1 343 535 608 
2 238 692 
5 22 197 520 666 862 
6 67 250 487 568 597 646 
3 534 554 604 
4 194 685 702 746 
5 199 314 418 460 779 
7 129 305 457 524 584 699 714 
2 500 688 
6 16 189 248 293 593 717 
4 22 531 657 814 
5 271 527 581 720 816 
7 5 23 89 117 253 589 604 
5 33 305 389 594 821 
5 46 276 384 441 579 
5 208 212 390 530 770 
5 16 216 492 742 845 
6 165 353 546 687 706 802 
3 189 279 580 
4 162 305 399 774 
4 219 408 826 860 
4 320 385 708 785 
5 306 307 520 738 774 
5 20 392 663 781 820 
8 76 331 401 422 458 498 584 700 
3 202 575 687 
2 552 795 
2 2 694 
6 76 311 373 444 515 623 
4 260 478 625 821 
6 148 227 293 341 735 803 
3 102 262 517 
6 58 130 194 221 526 812 
5 29 43 262 771 840 
7 53 167 388 436 521 630 783 
6 118 164 230 396 452 570 
5 21 92 268 274 679 
7 169 366 684 777 778 798 808 
5 97 270 498 724 842 
2 28 175 
4 283 417 673 789 
5 32 73 546 579 697 
2 142 247 
4 8 751 785 852 
5 249 251 428 447 741 
2 365 751 
7 45 485 627 680 712 798 848 
3 132 516 656 
4 306 339 425 779 
8 58 76 146 166 176 207 624 681 
7 144 254 376 573 754 764 846 
2 118 564 
8 168 256 278 481 589 594 696 813 
5 229 300 441 634 648 
6 54 346 357 595 661 767 
1 496 
6 53 254 368 472 479 760 
7 323 551 649 780 782 808 811 
6 215 232 373 592 624 797 
6 157 159 380 533 535 805 
2 270 392 
5 18 236 413 670 694 
4 99 534 623 705 
6 382 511 547 564 603 816 
4 82 124 141 284 
7 258 295 398 411 543 546 641 
9 22 162 282 475 491 496 518 649 674 
8 19 29 83 168 430 501 689 791 
4 69 346 422 715 
5 126 672 721 740 751 
5 55 75 417 801 831 
7 15 119 196 212 370 384 768 
5 80 322 503 692 833 
4 191 497 753 778 
4 484 522 799 830 
7 37 64 138 227 248 662 842 
4 115 131 418 807 
7 16 185 283 402 419 797 838 
4 678 683 724 743 
3 35 439 518 
2 366 762 
4 360 431 576 689 
8 171 271 609 689 709 756 809 826 
4 449 573 617 688 
6 84 130 620 630 658 713 
9 41 95 398 441 627 629 651 823 829 
7 421 460 525 612 664 686 773 
7 81 126 225 231 237 620 659 
5 53 240 266 480 805 
7 85 240 332 491 615 647 805 
4 402 490 616 762 
4 12 72 205 836 
2 113 169 
4 184 190 246 429 
9 163 167 193 318 366 454 521 640 767 
1 715 
5 224 361 488 562 674 
8 109 111 206 217 326 372 700 712 
6 44 203 386 740 747 786 
5 104 336 467 490 644 
7 8 312 399 416 419 482 725 
6 414 479 583 642 659 671 
6 3 155 239 511 776 864 
6 44 399 480 486 621 740 
8 290 381 438 467 580 701 789 836 
2 275 697 
1 417 
8 150 208 358 481 491 643 764 838 
11 4 120 161 188 315 459 491 562 680 724 843 
5 120 125 491 645 855 
3 39 715 803 
4 68 175 590 752 
3 625 762 821 
2 242 641 
4 73 171 307 854 
2 17 72 
5 60 381 686 698 824 
8 131 370 376 450 598 648 686 711 
3 317 439 596 
5 8 498 606 626 768 
4 110 124 420 551 
5 12 122 214 266 521 
4 424 578 683 695 
4 119 213 248 496 
4 6 49 406 705 
5 134 153 158 218 750 
3 531 792 835 
3 19 519 806 
5 142 272 286 515 749 
5 66 158 599 653 681 
3 105 645 815 
7 3 106 410 681 760 821 868 
2 421 477 
5 13 86 210 213 668 
7 19 443 512 520 540 543 800 
10 74 82 92 235 516 533 632 721 798 802 
2 86 215 
1 191 
4 386 416 591 645 
5 31 190 272 403 569 
1 325 
7 187 473 497 526 545 645 805 
4 299 423 657 687 
11 6 57 137 314 383 399 401 425 674 688 860 
1 537 
4 511 642 755 793 
4 453 513 569 750 
6 263 376 408 541 661 758 
7 37 255 298 312 465 516 698 
0 
5 72 274 566 615 620 
2 56 626 
4 289 335 406 606 
2 513 636 
3 315 425 814 
4 37 246 276 374 
4 108 373 548 555 
3 79 381 422 
5 195 268 335 365 792 
4 151 388 508 786 
2 387 427 
3 56 118 171 
3 277 448 617 
11 14 322 334 375 417 421 430 547 591 637 863 
5 155 281 471 484 762 
3 195 361 645 
9 14 57 232 289 542 734 747 760 809 
3 167 239 754 
6 30 181 186 316 356 784 
6 43 378 413 459 492 552 
9 142 252 377 436 444 468 582 694 800 
5 55 80 159 231 455 
6 17 165 233 705 735 749 
4 553 652 658 731 
7 60 79 159 241 278 500 738 
2 741 794 
3 73 715 768 
4 24 101 473 534 
7 173 253 441 611 683 769 774 
4 21 100 490 568 
5 140 162 283 303 585 
9 213 237 318 321 361 577 593 634 857 
2 406 672 
4 116 242 361 820 
8 295 308 570 598 620 624 724 843 
4 51 357 510 651 
6 86 187 452 536 620 695 
6 141 159 546 553 630 749 
5 342 370 400 409 605 
0 
4 238 365 424 438 
5 24 51 406 801 850 
5 162 349 454 589 618 
4 2 283 567 752 
6 113 512 530 627 680 681 
8 107 165 204 279 387 444 594 693 
7 115 319 476 546 609 808 816 
3 579 621 763 
6 131 318 356 644 661 769 
7 202 258 288 324 381 582 789 
11 3 93 111 114 149 224 294 500 506 603 794 
4 118 295 318 664 
5 26 338 497 603 622 
8 72 144 304 350 381 497 575 650 
6 242 286 375 486 768 865 
6 46 213 360 460 524 593 
8 177 340 408 502 673 692 823 824 
5 266 361 372 536 692 
1 177 
8 107 132 378 457 492 626 665 865 
5 91 262 528 599 723 
3 311 711 759 
7 2 285 381 436 693 702 801 
2 299 719 
3 29 469 567 
6 152 577 639 657 664 830 
4 155 537 805 848 
2 831 839 
10 75 252 388 430 438 505 552 611 663 760 
3 67 649 755 
8 47 90 322 408 436 460 478 709 
3 297 336 591 
3 10 486 845 
10 210 232 271 303 396 540 600 640 775 842 
7 28 38 603 617 644 798 823 
4 79 352 678 689 
9 66 73 143 246 388 413 560 599 867 
3 84 671 752 
7 24 38 522 561 570 737 853 
6 111 262 510 741 797 838 
6 8 88 380 459 751 773 
3 301 566 638 
5 54 335 534 605 660 
2 44 830 
5 253 404 739 788 831 
7 26 364 479 541 601 671 821 
5 5 55 188 312 410 
3 389 705 860 
7 7 91 471 473 553 725 864 
7 60 199 225 427 465 643 790 
3 242 818 867 
9 3 34 146 326 387 448 474 567 742 
11 4 139 224 304 423 438 546 747 766 800 868 
7 64 104 164 525 695 721 817 
1 573 
3 81 848 868 
5 180 515 664 674 676 
7 99 366 457 541 602 630 691 
4 107 162 557 582 
5 317 322 495 536 768 
2 388 573 
4 432 478 501 697 
4 162 190 201 726 
3 382 456 711 
6 59 127 274 541 570 810 
6 27 183 359 395 456 846 
5 122 459 630 654 750 
7 102 209 284 506 529 596 739 
3 414 572 798 
3 185 350 777 
6 9 247 438 469 712 738 
6 274 319 453 491 690 760 
6 26 156 306 321 625 672 
2 270 325 
5 93 127 318 530 701 
1 71 
5 70 292 382 686 830 
6 38 264 498 568 634 847 
10 104 321 422 440 533 642 661 801 827 848 
2 221 858 
6 77 111 143 314 506 556 
3 123 538 686 
6 308 317 397 563 641 665 
10 92 193 284 307 325 326 327 479 590 796 
7 119 133 234 387 427 693 731 
5 151 672 745 813 838 
2 570 782 
2 467 534 
6 174 273 284 341 651 835 
9 74 291 359 420 421 584 622 692 712 
6 189 242 256 337 485 675 
3 68 137 868 
11 2 28 159 217 226 392 418 555 627 719 731 
4 213 285 469 752 
4 424 512 536 843 
5 126 290 542 724 781 
2 21 826 
4 152 436 652 715 
8 72 141 178 418 475 488 710 859 
2 602 857 
1 377 
2 543 696 
2 403 447 
7 16 281 320 363 698 746 763 
7 13 35 352 412 502 546 568 
3 103 364 371 
4 22 140 141 531 
3 246 346 464 
8 6 123 265 353 366 620 787 823 
5 93 249 539 573 842 
6 183 193 284 297 545 702 
6 153 345 563 714 750 831 
4 220 240 352 611 
6 252 312 339 528 742 779 
7 26 118 123 292 446 699 711 
2 585 811 
6 0 225 423 703 722 856 
3 304 461 728 
6 117 250 359 621 664 777 
4 229 543 621 640 
4 122 428 521 820 
5 75 138 212 475 756 
4 233 412 482 830 
7 18 154 228 344 514 592 658 
3 51 99 612 
5 277 353 486 552 845 
10 102 107 222 280 395 450 495 620 748 800 
2 218 277 
6 404 425 467 502 631 858 
5 123 362 434 712 836 
4 207 211 489 618 
5 40 43 517 683 709 
6 138 215 352 441 647 725 
8 365 453 465 472 567 717 770 849 
5 17 80 384 503 849 
4 283 352 509 527 
5 44 175 185 734 792 
3 359 518 839 
11 25 143 235 259 283 405 414 460 512 749 752 
3 207 281 381 
3 68 374 811 
3 581 586 635 
2 568 692 
7 136 148 184 275 338 666 679 
4 244 387 436 533 
6 145 181 203 391 405 456 
1 222 
4 189 374 500 760 
3 488 596 748 
6 64 73 79 466 591 680 
2 45 98 
2 132 186 
4 170 444 593 729 
2 446 620 
3 31 314 326 
6 35 490 519 686 687 809 
7 208 269 281 620 740 824 837 
5 29 677 738 741 804 
5 32 176 368 449 581 
7 44 73 81 411 432 459 541 
7 112 221 397 485 512 550 841 
5 150 204 357 364 708 
7 253 402 446 472 494 601 856 
3 78 85 167 
1 476 
8 30 57 268 301 462 468 517 836 
2 84 753 
7 243 421 622 662 753 801 821 
7 198 299 636 690 760 800 807 
3 12 399 433 
5 69 340 597 658 809 
7 16 82 172 232 259 415 834 
7 7 11 70 236 322 700 778 
4 229 549 566 749 
5 388 417 466 821 851 
8 73 94 106 319 723 756 760 851 
5 119 225 242 497 830 
7 398 523 599 627 630 758 763 
1 549 
2 80 121 
0 
5 202 230 270 410 746 
5 329 491 614 683 755 
8 9 121 356 381 439 557 660 679 
4 177 276 531 650 
7 211 227 399 423 560 748 843 
4 231 270 413 648 
2 272 719 
5 60 170 336 475 556 
5 221 578 643 728 761 
3 335 402 643 
7 5 163 347 428 444 585 755 
3 164 441 786 
5 158 453 570 659 767 
4 47 64 465 507 
7 100 209 281 418 420 442 770 
5 171 222 230 772 838 
4 406 450 635 816 
4 337 370 841 862 
6 79 161 647 689 738 861 
6 21 101 218 633 732 831 
2 300 414 
2 760 819 
6 172 396 436 520 773 841 
4 52 304 532 743 
4 3 150 151 187 
3 590 684 867 
7 50 172 192 307 368 774 845 
6 26 72 140 196 308 834 
6 181 301 380 442 619 751 
6 47 76 77 198 410 538 
6 55 122 617 811 835 861 
12 5 164 302 305 368 402 404 516 534 561 564 865 
7 22 78 321 415 526 527 683 
11 3 420 497 575 700 710 741 745 788 795 839 
3 246 280 736 
4 45 267 276 402 
6 183 247 330 480 674 750 
5 192 204 337 369 427 
7 92 264 303 412 500 585 803 
3 163 213 829 
4 303 697 713 761 
8 57 125 252 302 405 465 474 585 
2 536 694 
4 353 640 743 847 
6 72 88 214 608 645 704 
7 34 46 55 271 399 485 722 
3 43 549 605 
8 5 35 141 207 371 576 788 817 
3 381 653 783 
4 94 449 646 716 
3 37 90 433 
6 36 312 441 527 632 674 
6 133 154 159 283 331 490 
4 319 363 486 703 
8 65 119 325 457 597 598 667 741 
3 317 416 442 
10 18 54 88 327 348 356 359 383 633 855 
4 221 638 701 722 
5 32 307 540 607 807 
6 147 271 335 594 662 808 
8 275 284 437 691 702 746 772 840 
4 114 421 592 841 
5 8 209 303 403 496 
4 73 391 505 774 
4 347 637 658 694 
6 1 81 98 105 177 474 
2 127 784 
5 20 265 673 738 833 
10 60 101 127 197 211 228 360 433 676 803 
6 302 391 531 578 653 744 
5 117 305 319 601 715 
5 199 450 591 673 718 
9 14 49 272 365 416 486 670 743 858 
5 60 140 293 575 648 
3 163 241 436 
5 304 419 433 464 526 
3 123 427 490 
5 53 185 213 220 551 
6 15 154 171 175 190 643 
3 0 351 813 
1 109 
5 72 279 661 743 852 
8 52 129 132 136 319 445 453 826 
6 18 75 287 400 480 493 
5 78 258 424 656 660 
11 84 128 150 284 314 361 464 625 640 739 749 
3 101 498 708 
4 13 68 464 657 
3 565 806 868 
4 37 296 443 782 
4 127 254 551 591 
6 264 326 412 557 735 833 
7 28 267 347 349 412 738 761 
4 20 134 751 792 
10 47 56 71 296 340 396 539 590 621 740 
7 62 106 157 164 255 614 797 
1 223 
7 304 334 335 484 489 563 723 
4 235 243 360 563 
8 36 67 170 226 301 361 758 816 
7 171 285 299 300 443 607 723 
5 66 479 576 756 848 
5 205 465 649 851 863 
6 219 290 424 425 497 550 
4 413 430 492 861 
7 245 279 388 631 653 723 749 
3 340 404 461 
6 163 175 184 270 509 711 
7 97 160 259 323 469 629 784 
4 4 334 366 511 
6 81 82 120 225 522 805 
6 107 242 315 580 622 754 
6 22 100 212 322 482 646 
6 182 223 430 518 649 775 
2 524 642 
4 97 123 633 865 
6 8 56 280 342 390 455 
5 107 235 711 790 825 
0 
4 239 569 675 753 
5 49 300 438 539 810 
5 6 175 506 622 778 
10 104 141 148 208 335 429 471 522 696 706 
5 264 315 478 497 537 
4 4 302 629 852 
4 53 193 225 519 
8 109 286 313 328 394 505 659 735 
4 97 156 638 831 
4 52 227 541 773 
1 660 
8 5 45 122 431 500 595 814 840 
2 37 229 
4 287 353 461 777 
5 192 524 634 646 846 
7 30 34 428 583 686 689 694 
8 184 256 296 326 402 503 797 798 
5 40 318 456 540 776 
2 470 792 
2 179 184 
4 9 525 597 764 
3 560 804 815 
3 23 52 806 
4 151 391 492 500 
3 154 608 771 
3 88 189 742 
5 150 384 544 747 771 
6 126 248 390 680 715 766 
3 177 623 829 
2 446 837 
9 61 131 240 392 478 565 607 656 681 
3 452 475 674 
5 287 316 321 564 683 
6 262 393 447 565 622 643 
8 66 102 182 234 459 521 733 765 
5 296 612 632 661 670 
3 115 658 861 
4 493 622 754 834 
8 175 211 223 511 589 649 763 772 
6 316 384 460 734 799 838 
5 67 87 534 556 593 
9 114 346 390 405 546 581 674 694 850 
7 213 343 364 474 519 625 785 
8 49 261 263 287 448 617 682 823 
7 3 204 329 411 445 501 546 
10 0 131 143 209 291 574 575 708 769 853 
6 79 188 268 385 700 745 
5 363 437 590 599 834 
6 89 127 300 529 583 690 
1 75 
5 84 162 365 585 688 
2 157 429 
10 274 349 384 436 479 555 576 583 610 791 
4 15 597 629 681 
8 298 308 330 382 784 789 799 826 
7 36 153 415 511 585 746 831 
6 268 325 728 797 802 821 
1 742 
2 460 735 
6 52 151 272 312 601 782 
7 39 289 337 394 422 467 772 
3 396 416 753 
4 79 233 541 603 
6 71 164 251 732 734 794 
5 4 604 649 746 768 
7 147 304 448 611 717 832 855 
5 237 240 396 615 652 
4 24 441 702 806 
6 52 320 725 819 832 837 
5 111 255 477 526 721 
4 255 291 580 710 
4 4 224 266 521 
2 154 275 
4 179 201 241 503 
6 197 201 275 494 678 767 
3 109 252 637 
4 386 655 697 762 
3 239 261 750 
6 8 147 215 316 377 600 
2 62 516 
4 452 622 636 806 
4 258 322 417 762 
2 457 706 
4 123 285 760 794 
8 131 344 376 544 682 726 823 855 
4 88 143 363 867 
5 159 393 418 771 791 
2 244 622 
3 105 491 819 
12 21 103 150 162 276 295 447 684 724 764 802 836 
8 2 194 255 264 353 442 476 724 
4 216 292 747 762 
8 7 352 388 460 534 576 832 839 
9 4 120 190 206 288 409 430 486 575 
7 53 182 206 235 353 764 797 
4 248 328 627 657 
4 109 156 565 729 
9 75 146 201 277 306 307 359 434 699 
6 41 345 677 730 775 788 
4 173 294 576 647 
5 197 255 275 414 648 
4 300 384 563 578 
5 196 472 709 815 861 
5 151 275 523 548 619 
5 47 215 250 828 836 
5 25 91 270 493 668 
4 228 372 719 869 
4 161 348 729 810 
10 25 76 132 209 229 281 414 605 688 819 
3 76 461 636 
1 458 
5 107 610 776 796 816 
3 241 401 528 
10 69 231 247 330 349 453 575 582 764 835 
0 
7 61 303 424 442 516 751 792 
3 334 424 564 
2 706 827 
5 238 300 504 671 762 
4 16 157 486 825 
3 20 812 861 
4 106 303 628 736 
8 86 150 292 433 451 484 530 584 
8 160 288 435 452 519 608 716 763 
7 60 117 123 173 773 776 800 
5 290 656 680 845 856 
5 203 579 616 745 755 
6 47 70 344 496 619 821 
6 309 322 537 573 797 812 
3 564 737 776 
9 46 102 133 295 325 447 493 604 747 
5 95 435 545 622 800 
3 251 649 719 
4 568 606 611 650 
6 150 256 293 441 517 864 
5 169 326 402 502 593 
1 61 
6 211 234 440 533 615 833 
5 130 203 268 473 722 
5 107 141 485 632 868 
7 40 109 264 434 463 486 690 
2 541 542 
2 409 749 
4 140 582 583 691 
5 32 212 261 670 713 
2 446 753 
2 61 332 
6 204 208 327 645 773 792 
7 65 173 184 208 524 570 833 
4 69 97 399 507 
4 124 487 536 661 
2 149 506 
4 92 238 361 455 
9 72 98 101 607 619 693 744 810 828 
4 76 109 220 606 
2 381 691 
4 127 320 456 842 
6 43 121 422 427 620 704 
0 
5 165 444 458 614 793 
10 128 154 169 349 460 463 499 677 847 869 
3 166 814 868 
