90 229
10 19 36 40 51 63 68 69 71 75 83 
6 13 27 46 60 73 75 
1 30 
3 14 43 70 
3 22 50 53 
6 12 19 37 59 61 78 
6 36 37 38 46 54 81 
5 40 45 53 65 88 
5 17 45 47 81 82 
8 18 27 34 37 50 56 63 69 
6 34 56 61 66 82 85 
3 38 61 78 
5 5 26 37 40 81 
4 1 32 71 84 
5 3 24 27 51 64 
1 34 
6 20 24 32 38 52 55 
5 8 50 71 81 85 
5 9 36 51 60 77 
4 0 5 32 74 
4 16 21 25 48 
3 20 32 43 
4 4 23 46 61 
1 22 
6 14 16 48 53 63 88 
4 20 74 82 87 
4 12 28 41 73 
6 1 9 14 30 36 70 
6 26 34 36 44 60 77 
4 44 73 82 85 
6 2 27 43 47 71 74 
2 53 82 
6 13 16 19 21 42 43 
1 40 
9 9 10 15 28 62 64 71 72 84 
1 63 
10 0 6 18 27 28 56 62 65 67 83 
8 5 6 9 12 58 65 83 88 
6 6 11 16 39 53 66 
4 38 49 78 83 
7 0 7 12 33 48 71 73 
5 26 61 62 68 72 
3 32 50 57 
8 3 21 30 32 48 54 56 60 
6 28 29 57 68 73 87 
4 7 8 70 86 
5 1 6 22 49 76 
6 8 30 48 71 79 83 
6 20 24 40 43 47 51 
5 39 46 58 67 72 
6 4 9 17 42 62 75 
8 0 14 18 48 52 55 79 88 
5 16 51 55 57 86 
7 4 7 24 31 38 56 89 
6 6 43 72 80 87 88 
6 16 51 52 57 74 76 
6 9 10 36 43 53 86 
6 42 44 52 55 67 86 
4 37 49 83 86 
4 5 66 77 79 
10 1 18 28 43 69 76 78 81 87 89 
5 5 10 11 22 41 
5 34 36 41 50 83 
6 0 9 24 35 66 82 
2 14 34 
5 7 36 37 77 87 
6 10 38 59 63 76 88 
4 36 49 57 82 
3 0 41 44 
3 0 9 60 
3 3 27 45 
8 0 13 17 30 34 40 47 73 
4 34 41 49 54 
8 1 26 29 40 44 71 80 82 
4 19 25 30 55 
3 0 1 50 
4 46 55 60 66 
5 18 28 59 65 78 
6 5 11 39 60 77 87 
5 47 51 59 85 88 
2 54 73 
5 6 8 12 17 60 
9 8 10 25 29 31 63 67 73 86 
7 0 36 37 39 47 58 62 
3 13 34 88 
4 10 17 29 79 
6 45 52 56 57 58 82 
7 25 44 54 60 65 78 89 
8 7 24 37 51 54 66 79 84 
3 53 60 87 
90 237
7 10 35 51 75 79 82 88 
6 7 29 46 57 71 82 
3 5 58 75 
5 16 36 44 58 82 
4 11 12 29 76 
3 2 32 33 
4 15 16 21 70 
4 1 32 37 42 
3 17 24 65 
2 38 80 
8 0 15 17 21 55 56 74 88 
4 4 37 44 49 
6 4 14 31 33 39 73 
3 19 37 57 
6 12 17 76 77 79 88 
9 6 10 16 20 22 23 35 37 47 
6 3 6 15 82 84 85 
7 8 10 14 32 47 70 80 
3 46 49 56 
9 13 24 26 36 40 46 53 72 73 
4 15 41 60 79 
5 6 10 30 35 41 
5 15 45 62 64 80 
5 15 25 41 42 45 
8 8 19 27 33 53 81 84 88 
5 23 37 49 50 62 
2 19 85 
4 24 57 80 84 
2 29 35 
6 1 4 28 42 49 51 
2 21 89 
8 12 36 38 42 49 68 77 84 
6 5 7 17 68 69 84 
3 5 12 24 
1 45 
5 0 15 21 28 70 
8 3 19 31 38 47 53 71 84 
8 7 11 13 15 25 41 48 59 
5 9 31 36 66 75 
5 12 48 49 76 87 
2 19 45 
7 20 21 23 37 56 78 84 
6 7 23 29 31 44 59 
4 45 73 78 80 
5 3 11 42 46 70 
7 22 23 34 40 43 62 73 
7 1 18 19 44 73 74 87 
5 15 17 36 60 70 
5 37 39 61 62 77 
7 11 18 25 29 31 39 89 
2 25 85 
4 0 29 55 60 
2 63 87 
7 19 24 36 56 62 70 83 
3 65 76 79 
5 10 51 81 85 86 
7 10 18 41 53 62 64 78 
6 1 13 27 75 87 89 
2 2 3 
5 37 42 71 79 85 
5 20 47 51 67 83 
1 48 
9 22 25 45 48 53 56 65 83 85 
6 52 67 70 71 76 83 
4 22 56 70 73 
6 8 54 62 75 81 88 
1 38 
4 60 63 71 74 
6 31 32 78 81 85 86 
2 32 78 
9 6 17 35 44 47 53 63 64 87 
7 1 36 59 63 67 79 89 
2 19 87 
10 12 19 43 45 46 64 76 77 82 83 
7 10 46 67 78 84 86 87 
6 0 2 38 57 65 76 
7 4 14 39 54 63 73 75 
7 14 31 48 73 80 87 88 
7 41 43 56 68 69 74 81 
6 0 14 20 54 59 71 
6 9 17 22 27 43 77 
5 24 55 65 68 78 
6 0 1 3 16 73 87 
6 53 60 62 63 73 85 
9 16 24 27 31 32 36 41 74 86 
9 16 26 50 55 59 62 68 83 88 
4 55 68 74 84 
9 39 46 52 57 70 72 74 77 82 
7 0 10 14 24 65 77 85 
4 30 49 57 71 
