900 2149
6 5 416 420 489 753 807 
5 94 159 520 734 791 
7 222 474 478 595 632 704 857 
8 42 74 76 106 392 694 742 760 
6 219 314 508 553 569 691 
5 0 426 504 717 895 
2 11 489 
1 390 
4 287 710 760 870 
5 45 146 316 692 770 
5 119 283 564 897 898 
6 6 47 236 380 435 551 
6 118 230 429 434 569 818 
7 158 313 315 604 739 796 877 
4 126 390 431 533 
4 96 156 217 631 
8 34 100 251 420 460 483 557 825 
8 283 303 427 437 521 527 641 687 
5 64 248 508 760 801 
1 111 
7 58 66 295 568 670 819 830 
1 498 
10 56 117 129 423 492 753 836 864 867 869 
7 126 276 303 381 566 786 827 
7 152 244 403 716 733 786 869 
7 61 267 420 448 451 526 890 
1 865 
6 208 209 218 229 501 888 
1 814 
5 171 223 704 756 822 
6 69 93 142 354 611 857 
5 51 329 433 571 831 
2 63 553 
5 169 200 259 460 747 
6 16 122 178 230 271 343 
4 371 421 543 546 
3 203 656 763 
8 55 141 321 388 390 432 669 788 
6 83 146 329 564 763 830 
4 129 177 696 870 
10 122 160 185 192 284 296 300 378 457 562 
2 593 817 
4 3 628 656 659 
7 60 198 501 512 716 822 884 
6 54 105 595 612 650 758 
6 9 285 332 334 809 817 
2 196 717 
5 11 144 345 458 723 
2 366 411 
4 184 338 367 713 
5 164 224 403 831 849 
7 31 74 316 443 466 686 739 
2 198 346 
6 247 370 397 654 717 762 
4 44 427 572 721 
11 37 64 164 197 261 296 392 499 504 510 531 
4 22 310 620 728 
2 256 827 
5 20 241 429 761 846 
2 186 357 
2 43 172 
5 25 453 472 537 784 
8 70 121 286 414 446 458 720 760 
2 32 331 
3 18 55 823 
6 123 133 381 636 749 855 
3 20 552 664 
3 149 368 621 
6 178 302 446 822 830 883 
4 30 123 574 729 
3 62 152 420 
6 146 381 408 459 466 881 
1 348 
2 487 644 
5 3 51 184 423 827 
2 143 894 
7 3 137 314 319 341 854 896 
5 267 481 503 553 887 
3 514 636 711 
5 272 446 795 832 857 
2 588 667 
0 
5 94 246 420 661 710 
3 38 132 426 
5 98 114 155 630 857 
5 475 706 735 802 819 
1 879 
4 129 160 575 712 
4 160 288 576 749 
8 381 398 470 505 599 612 673 752 
2 291 729 
2 306 728 
6 205 212 329 364 446 736 
3 30 660 865 
5 1 82 636 801 806 
5 420 630 676 722 723 
6 15 207 211 276 600 768 
6 585 617 714 718 722 774 
4 84 344 407 455 
7 168 411 515 551 612 667 806 
8 16 103 466 475 694 771 809 856 
3 121 200 708 
4 256 494 677 887 
3 100 323 511 
6 140 230 583 662 802 893 
4 44 561 758 844 
6 3 223 228 338 413 563 
3 308 526 664 
2 453 760 
6 144 193 229 328 785 880 
2 284 424 
2 19 473 
6 239 308 446 475 532 797 
6 133 183 263 489 781 802 
3 84 335 484 
5 573 601 604 640 892 
4 146 197 612 695 
6 22 379 405 698 708 733 
4 12 403 735 826 
5 10 172 291 507 592 
6 198 256 382 539 565 625 
10 62 101 242 278 294 469 573 607 706 786 
6 34 40 437 636 823 873 
7 65 69 273 356 766 808 875 
5 415 544 819 870 890 
6 215 257 461 591 757 874 
7 14 23 254 650 701 736 882 
5 231 601 753 835 853 
6 132 336 362 379 537 582 
6 22 39 87 132 480 655 
2 443 512 
3 238 400 457 
7 83 128 129 250 617 640 675 
4 65 113 186 894 
6 165 258 308 373 485 676 
7 189 415 477 545 626 659 802 
6 209 405 432 500 514 832 
4 76 229 639 714 
4 183 596 693 894 
6 263 355 584 592 765 815 
5 104 323 372 504 770 
5 37 266 391 508 561 
2 30 606 
7 75 144 170 415 424 568 714 
4 47 109 143 352 
7 254 277 448 485 622 643 714 
6 9 38 71 116 483 683 
5 223 364 469 595 632 
7 287 639 659 668 734 779 781 
5 67 379 588 592 695 
5 388 447 773 786 879 
1 454 
5 24 70 190 593 823 
1 402 
2 468 720 
5 84 268 306 385 496 
4 15 577 731 798 
2 412 681 
6 13 182 308 325 377 402 
1 1 
7 40 87 88 359 490 571 852 
4 410 735 769 812 
3 239 340 899 
2 647 713 
4 50 55 688 848 
6 134 507 542 711 769 891 
5 182 259 402 491 730 
0 
2 99 505 
7 33 233 283 439 482 709 810 
4 143 347 613 652 
5 29 354 580 730 806 
6 60 119 386 570 618 805 
6 232 484 485 492 787 875 
2 328 759 
10 279 426 516 545 666 671 711 761 763 779 
4 268 295 566 885 
6 39 206 455 544 741 773 
5 34 68 332 657 670 
5 283 401 636 656 774 
2 729 841 
8 341 475 489 537 541 583 609 792 
6 158 166 190 448 555 632 
9 113 138 281 285 317 456 631 766 855 
7 49 74 434 493 726 832 836 
3 40 383 864 
6 59 133 587 668 711 868 
4 188 202 212 694 
5 187 285 396 513 568 
7 135 265 271 278 519 710 841 
4 152 182 465 634 
7 320 358 372 601 707 837 875 
4 40 441 652 705 
5 109 341 569 582 642 
6 413 478 548 591 860 875 
3 430 561 595 
5 46 221 338 781 867 
4 55 116 331 432 
8 43 52 120 200 390 398 477 655 
3 511 689 749 
9 33 101 198 305 602 607 742 784 870 
5 257 608 661 716 745 
5 187 253 293 307 662 
3 36 401 771 
3 332 395 466 
2 92 265 
3 177 451 894 
4 96 432 598 627 
4 27 232 320 884 
6 27 136 480 504 644 699 
3 252 538 830 
8 96 272 281 295 513 628 675 864 
7 92 187 245 399 590 665 765 
6 349 431 580 607 763 838 
5 300 392 444 585 807 
2 125 621 
5 278 363 387 618 623 
5 15 328 344 558 803 
5 27 406 548 669 736 
3 4 451 460 
2 334 874 
3 196 536 764 
9 2 284 332 377 408 485 517 727 842 
6 29 106 147 336 381 688 
4 50 525 769 829 
4 469 513 605 860 
5 277 366 568 591 881 
2 252 523 
5 106 244 589 669 767 
4 27 109 137 521 
5 12 34 104 276 534 
2 127 704 
4 173 208 471 482 
7 169 271 312 559 563 610 647 
5 237 336 339 383 396 
4 372 590 688 706 
3 11 304 557 
2 234 575 
5 131 268 525 723 865 
6 112 162 595 768 782 865 
3 313 508 841 
4 58 440 562 698 
4 121 345 545 640 
6 308 331 630 636 720 849 
7 24 228 247 521 591 658 851 
6 212 365 399 598 618 680 
2 82 694 
7 53 244 405 511 549 606 861 
3 18 532 722 
3 484 531 873 
4 132 283 342 484 
3 16 601 647 
8 210 227 309 479 565 601 748 881 
5 202 330 482 498 827 
4 126 145 446 542 
1 585 
4 57 102 120 769 
9 125 201 289 383 470 685 686 852 856 
6 134 262 277 315 545 769 
6 33 166 402 485 533 584 
2 494 798 
6 55 306 308 687 762 856 
3 258 591 848 
4 113 139 451 630 
5 316 330 390 525 815 
6 189 205 433 516 560 599 
6 141 308 532 594 761 896 
5 25 77 397 513 704 
7 155 176 238 316 557 726 770 
3 407 547 684 
2 374 574 
6 34 189 233 688 833 850 
5 79 211 381 778 863 
6 123 379 637 762 823 839 
7 413 432 490 564 592 776 826 
2 432 664 
3 23 96 230 
6 145 226 258 529 582 687 
5 121 189 216 701 810 
4 175 534 725 777 
0 
4 183 211 403 595 
4 643 753 797 816 
10 10 17 169 179 250 291 349 394 673 765 
7 40 110 222 484 501 628 807 
6 45 183 188 441 739 804 
3 62 416 680 
7 8 148 611 656 767 865 896 
4 88 488 710 744 
5 257 343 354 385 865 
4 489 517 520 804 
3 90 119 283 
3 663 799 859 
3 202 406 485 
3 121 372 516 
5 20 176 211 860 877 
9 40 55 429 560 741 790 795 882 887 
3 405 577 684 
2 304 889 
3 386 619 835 
3 40 214 561 
5 474 611 691 731 767 
5 68 457 612 759 836 
9 17 23 330 355 437 438 470 690 769 
5 236 298 631 789 814 
3 200 343 541 
3 91 155 261 
5 202 355 700 826 878 
10 107 112 134 158 243 261 266 384 551 596 
4 252 446 546 710 
3 56 342 636 
3 505 511 556 
1 233 
7 13 240 481 506 534 688 767 
6 4 76 369 470 534 867 
6 13 258 348 584 762 829 
7 9 51 264 268 317 680 761 
4 183 316 750 848 
2 387 496 
4 76 325 362 467 
2 191 208 
3 37 605 722 
1 836 
4 103 140 784 836 
4 613 654 754 772 
7 158 319 439 443 820 871 880 
3 611 850 864 
3 389 539 811 
7 109 174 217 424 687 716 866 
5 31 38 92 484 535 
6 253 264 303 522 828 868 
6 63 197 243 366 608 844 
8 45 178 204 222 459 705 753 823 
3 691 809 825 
5 45 220 536 605 725 
8 114 345 560 586 593 627 653 674 
4 128 223 234 673 
4 395 482 560 747 
8 49 106 196 347 359 442 701 899 
5 234 510 562 585 615 
1 162 
6 76 181 193 416 865 870 
3 250 310 532 
6 34 289 305 407 472 803 
7 98 217 401 438 709 713 731 
7 47 242 335 379 454 609 763 
3 52 532 626 
3 170 338 595 
4 72 315 468 561 
6 213 283 725 747 753 756 
5 785 817 833 835 886 
4 353 440 479 480 
1 144 
2 351 367 
6 30 171 289 576 702 885 
5 139 303 307 848 867 
3 123 606 835 
6 59 492 606 661 693 826 
3 191 370 719 
5 160 338 525 536 876 
2 561 820 
3 427 521 873 
4 128 319 461 514 
4 216 399 463 765 
3 92 147 865 
4 245 481 524 606 
5 48 226 331 503 701 
5 49 353 460 579 580 
6 67 458 565 596 700 887 
1 314 
5 53 358 402 483 744 
2 35 876 
5 140 191 235 294 508 
7 134 408 465 702 751 764 894 
6 270 446 564 705 858 896 
0 
3 382 468 765 
6 158 222 460 594 630 749 
3 40 417 795 
5 117 128 149 273 345 
5 11 394 493 722 862 
8 23 65 71 89 223 272 559 632 
3 120 376 839 
3 185 234 257 
6 308 421 428 539 824 848 
6 155 289 628 666 692 862 
5 172 299 493 705 839 
8 216 318 477 552 644 683 831 837 
5 37 150 480 502 860 
5 327 669 813 843 869 
6 7 14 37 198 264 812 
3 141 620 821 
7 3 55 214 411 428 766 899 
5 439 471 691 788 882 
4 283 380 454 789 
2 204 337 
4 188 234 669 783 
7 53 267 492 534 576 624 699 
7 89 198 426 531 537 544 728 
6 212 245 363 738 747 872 
6 131 403 513 532 686 734 
3 179 203 344 
8 153 158 166 259 370 721 737 816 
6 24 50 118 281 400 628 
4 467 702 730 733 
5 117 136 247 297 724 
4 218 293 655 659 
6 98 269 343 418 537 634 
9 71 222 373 430 550 566 698 831 857 
2 781 873 
4 161 472 520 700 
6 48 99 392 428 531 569 
4 157 522 651 881 
4 106 194 274 750 
3 62 424 645 
8 124 135 143 497 608 622 794 852 
6 0 286 341 450 656 824 
2 378 843 
4 407 551 704 876 
3 494 603 714 
10 0 16 25 70 82 95 447 676 710 810 
4 35 384 672 786 
4 441 473 494 834 
3 22 74 619 
6 110 143 328 414 556 564 
0 
7 5 83 175 398 481 775 894 
5 17 54 361 691 720 
4 384 392 411 569 
8 12 58 296 469 484 721 751 897 
4 195 408 495 817 
4 14 213 511 630 
7 37 136 197 207 274 275 626 
5 31 265 489 731 769 
5 12 184 481 633 658 
2 11 885 
5 550 646 749 798 805 
6 17 122 303 506 533 579 
6 303 344 454 648 764 890 
5 169 325 393 628 640 
4 241 351 724 823 
8 192 285 422 610 649 734 754 875 
2 338 782 
5 51 130 325 579 846 
2 214 678 
3 478 571 688 
11 62 68 79 92 112 254 309 374 451 520 887 
7 150 420 601 610 752 779 898 
4 25 145 182 605 
2 575 788 
1 416 
6 25 206 219 263 446 826 
2 492 877 
3 61 108 832 
5 151 345 394 438 656 
2 98 177 
3 183 461 577 
5 40 131 302 495 695 
3 47 62 368 
4 71 332 841 845 
8 16 33 219 367 377 476 745 801 
6 125 362 456 577 624 861 
4 473 700 805 858 
2 363 613 
3 518 791 794 
4 190 373 479 662 
9 51 71 100 204 743 774 803 839 850 
3 319 404 472 
4 154 348 376 494 
8 121 147 225 429 605 694 853 890 
6 89 257 303 314 743 747 
3 232 393 758 
6 61 343 410 467 577 699 
7 111 422 462 611 633 737 755 
7 2 301 486 516 545 611 623 
7 85 100 112 181 587 855 898 
2 460 576 
5 135 198 387 553 837 
6 2 194 445 637 725 877 
4 252 351 465 618 
5 129 209 351 388 833 
7 77 313 365 426 434 569 815 
6 169 232 253 337 539 779 
5 16 146 370 682 722 
7 114 173 249 250 284 329 429 
9 134 145 173 222 259 293 544 572 575 
3 474 581 889 
2 73 780 
4 288 501 502 596 
7 0 6 113 181 290 433 540 
2 160 274 
3 166 591 766 
8 22 173 357 397 452 639 758 818 
4 184 380 386 683 
6 102 260 419 422 468 795 
4 430 457 695 808 
4 155 318 548 754 
2 415 864 
5 21 253 590 694 731 
7 55 534 564 566 609 752 789 
4 136 661 667 862 
4 27 43 284 488 
5 388 488 523 763 772 
8 77 366 521 610 625 789 799 836 
9 5 55 140 209 565 584 624 723 830 
4 89 168 311 645 
6 313 437 527 580 685 808 
3 119 165 543 
8 4 18 141 240 372 620 645 726 
1 632 
3 55 339 859 
6 103 199 247 311 431 810 
6 43 130 558 576 627 683 
7 188 211 225 267 400 585 622 
4 78 136 362 811 
4 99 558 568 696 
9 175 265 294 474 660 697 764 789 879 
4 222 290 774 782 
2 464 762 
7 189 589 671 714 726 863 879 
6 1 290 410 446 681 894 
8 17 229 244 361 503 722 737 755 
7 330 412 592 596 677 846 854 
4 227 502 790 867 
2 365 558 
6 224 238 264 359 601 682 
3 25 107 671 
4 17 506 576 711 
2 732 854 
7 277 557 743 852 882 886 898 
1 844 
9 55 249 398 411 616 662 699 739 800 
9 112 248 266 342 346 400 569 605 749 
6 14 259 437 727 789 877 
7 230 279 313 314 397 499 718 
3 329 595 772 
6 221 334 359 593 651 880 
7 61 128 181 398 407 791 876 
6 210 739 765 843 876 882 
6 120 327 384 482 576 617 
3 489 756 871 
5 181 305 831 866 881 
2 165 254 
4 35 507 863 898 
8 124 177 398 485 705 740 787 892 
5 135 175 242 258 474 
3 35 309 627 
1 269 
6 194 218 496 824 839 848 
1 247 
2 408 436 
4 11 99 308 418 
4 66 387 615 794 
5 4 32 77 477 607 
1 740 
1 182 
3 311 424 663 
5 16 236 268 529 699 
5 217 512 515 524 693 
2 233 381 
5 265 296 335 337 777 
7 105 141 195 300 348 360 694 
3 40 241 339 
5 106 233 630 715 757 
6 10 38 274 374 424 499 
6 120 252 368 504 584 684 
7 23 176 408 499 613 823 855 
1 798 
7 20 143 188 226 515 713 817 
11 4 12 193 411 428 481 532 751 770 838 862 
3 172 692 742 
6 31 160 445 739 766 846 
3 54 485 862 
4 115 121 682 877 
2 69 270 
9 87 237 449 485 669 701 765 828 854 
8 88 354 397 476 512 527 539 735 
7 156 297 456 461 472 617 871 
1 596 
4 367 437 443 791 
4 171 213 367 506 
4 486 640 669 842 
7 128 193 277 700 793 795 838 
4 104 181 598 701 
8 139 259 315 504 565 678 705 816 
6 97 214 255 339 513 689 
4 335 656 756 884 
3 186 475 594 
3 80 149 704 
7 228 519 623 691 698 873 882 
3 212 235 498 
9 125 194 226 244 262 491 653 697 801 
8 119 139 149 274 522 613 617 816 
5 41 152 335 536 772 
5 266 377 587 741 809 
11 2 44 147 195 239 281 347 535 672 680 718 
9 138 308 368 488 522 578 685 789 872 
2 645 745 
4 207 245 583 612 
3 89 265 817 
2 96 774 
9 115 127 191 251 252 447 525 700 780 
3 200 722 765 
4 419 705 885 899 
3 13 115 710 
8 225 321 334 448 469 532 754 787 
6 142 247 356 357 365 725 
4 121 200 213 553 
4 201 331 415 883 
5 181 345 499 628 876 
5 233 441 447 503 767 
7 30 287 301 326 473 474 743 
8 44 89 99 116 302 598 770 860 
8 170 324 463 566 592 741 833 853 
1 665 
5 339 552 736 816 845 
3 531 617 644 
8 97 132 539 577 592 616 756 761 
4 172 216 245 479 
3 299 423 870 
5 56 391 508 699 722 
2 67 215 
4 145 415 513 657 
5 216 474 589 763 872 
8 397 461 504 754 800 832 838 898 
3 120 503 837 
6 135 346 432 801 827 897 
4 207 335 512 546 
7 42 211 284 385 403 439 609 
0 
8 84 95 243 263 377 431 563 768 
8 15 183 304 659 683 722 739 798 
7 2 147 182 381 509 833 880 
5 434 473 795 846 871 
2 190 407 
3 781 828 873 
9 65 78 94 122 179 243 310 662 758 
2 273 478 
5 672 708 759 879 882 
6 137 148 492 692 882 893 
6 115 132 242 439 581 884 
1 17 
4 193 660 782 849 
4 145 282 653 705 
4 73 209 387 616 
5 414 505 508 597 798 
2 436 871 
4 163 233 251 763 
2 438 649 
2 441 648 
3 44 126 704 
2 412 536 
2 170 192 
5 335 591 643 756 898 
3 53 324 858 
3 129 198 406 
7 36 42 179 287 416 454 586 
2 178 622 
3 244 434 769 
5 42 135 148 406 631 
4 93 516 642 736 
6 82 201 357 500 672 764 
6 104 202 465 531 636 741 
3 292 556 863 
5 66 107 275 745 866 
3 212 614 876 
2 175 385 
6 80 99 500 766 830 831 
4 148 186 679 833 
8 37 218 228 389 396 575 581 869 
4 20 178 681 748 
5 175 519 526 717 860 
5 421 595 638 661 814 
7 89 283 336 695 875 879 880 
1 335 
5 132 211 702 826 846 
3 95 134 420 
4 102 522 799 836 
3 444 584 698 
2 668 790 
5 245 286 316 595 745 
3 157 520 670 
3 483 525 573 
6 146 387 493 512 631 753 
3 269 297 565 
3 257 506 596 
5 51 257 400 716 795 
6 17 261 277 328 728 738 
7 164 223 235 271 313 445 747 
3 199 585 830 
1 303 
6 4 301 333 393 427 589 
6 9 385 570 639 734 832 
5 138 357 558 799 856 
10 3 100 187 246 469 498 561 695 793 875 
8 116 149 457 495 673 694 738 793 
2 39 515 
3 516 591 773 
5 117 241 408 589 678 
7 209 397 472 531 557 620 734 
7 307 368 410 462 582 601 856 
7 126 278 338 366 575 583 863 
5 354 373 404 675 874 
2 822 840 
8 2 29 231 267 418 588 650 891 
8 192 332 374 386 544 584 603 643 
3 85 121 235 
1 191 
4 101 117 638 898 
2 169 344 
9 8 82 189 288 309 420 604 711 786 
7 78 165 175 186 527 710 849 
2 87 742 
5 49 163 344 568 753 
8 97 137 143 145 419 519 743 845 
2 563 742 
6 24 43 201 328 686 896 
5 5 46 53 671 824 
6 97 534 595 736 858 867 
2 358 782 
4 62 154 243 427 
5 54 402 429 827 878 
13 95 97 248 321 380 483 521 602 620 631 741 821 856 
5 47 95 238 504 841 
2 405 440 
6 279 334 349 478 606 795 
5 184 268 508 519 873 
2 222 533 
5 56 91 398 687 820 
3 69 90 180 
3 166 171 404 
6 156 301 344 433 498 786 
2 528 748 
3 24 117 404 
6 1 148 400 441 692 699 
4 85 118 161 576 
6 92 126 218 615 660 718 
5 402 473 521 770 843 
3 399 687 695 
8 13 51 285 531 538 571 631 793 
2 544 554 
7 177 296 594 613 662 722 843 
5 3 200 570 712 715 
7 466 470 529 611 714 772 849 
3 288 370 889 
7 201 460 597 664 680 847 876 
0 
7 33 337 349 399 470 688 857 
5 252 670 732 839 882 
6 65 88 199 377 436 532 
2 317 413 
5 373 429 569 863 897 
3 89 447 499 
8 0 22 127 282 332 349 683 713 
5 324 441 496 605 624 
2 473 521 
6 29 349 540 586 617 653 
3 125 563 777 
6 44 105 471 492 636 879 
3 174 302 638 
6 3 8 18 62 108 766 
6 58 175 266 316 617 871 
6 53 261 273 315 518 869 
9 36 38 175 213 345 502 623 647 774 
6 221 373 438 516 661 804 
8 139 212 283 363 376 538 575 602 
7 123 183 392 491 571 667 760 
5 228 287 301 313 610 
4 96 239 630 884 
9 161 165 224 256 258 303 433 658 827 
8 9 140 268 569 612 737 841 862 
3 100 203 782 
6 324 502 535 593 743 851 
5 150 177 697 803 864 
8 97 179 466 517 600 763 791 823 
1 426 
2 274 863 
3 279 560 757 
1 272 
5 148 175 447 482 863 
3 487 601 892 
5 113 148 196 409 635 
8 239 442 517 642 719 771 810 882 
1 396 
3 61 200 323 
2 109 350 
7 23 24 121 150 421 710 731 
4 173 544 605 859 
6 37 393 449 792 838 860 
7 304 394 499 503 516 533 596 
3 296 523 679 
5 1 464 537 579 774 
3 181 788 873 
5 582 694 695 739 800 
3 415 464 552 
9 79 296 378 494 582 633 686 725 889 
2 13 818 
3 112 282 846 
6 156 260 436 567 631 645 
4 292 503 677 693 
4 531 624 793 828 
6 18 94 460 591 626 820 
4 85 104 113 135 
5 217 343 466 773 898 
3 285 290 764 
3 172 436 462 
5 94 99 171 891 899 
4 0 214 284 835 
5 123 495 506 864 898 
5 45 100 333 594 867 
7 169 278 420 511 782 844 888 
3 327 514 899 
2 161 390 
3 389 825 846 
4 28 304 672 823 
3 139 264 481 
7 282 402 584 592 615 876 877 
6 41 45 350 430 568 599 
3 12 492 796 
4 20 85 124 889 
5 325 360 728 801 877 
3 391 722 898 
4 29 43 68 703 
12 64 122 152 273 332 440 566 774 814 856 863 879 
4 384 416 548 717 
3 16 333 813 
6 118 274 307 357 451 675 
7 23 57 74 253 626 721 769 
5 330 575 635 800 879 
2 224 315 
7 20 38 68 210 504 667 689 
8 31 50 387 408 541 667 849 883 
6 79 136 184 453 624 692 
6 271 350 480 613 632 668 
1 422 
6 127 299 350 356 807 888 
7 22 184 302 322 323 503 677 
5 191 387 477 625 891 
5 213 569 582 624 788 
7 273 382 386 466 548 748 894 
1 703 
6 180 189 240 459 723 770 
2 222 581 
5 389 417 538 737 741 
4 105 331 530 810 
3 459 615 714 
8 58 443 522 571 633 675 797 813 
1 745 
7 164 262 317 355 384 548 880 
7 50 243 642 711 743 831 851 
3 271 326 466 
3 244 772 849 
4 160 257 415 529 
3 127 469 613 
4 76 522 528 575 
4 65 183 475 566 
8 100 257 261 693 700 722 823 865 
6 2 30 79 84 408 747 
7 374 462 654 718 866 877 897 
3 292 510 787 
7 194 225 295 388 612 671 788 
2 247 461 
6 380 385 500 569 572 770 
10 272 519 543 663 701 751 776 779 823 881 
7 22 185 211 326 497 773 808 
10 26 93 238 239 287 289 341 364 856 897 
4 328 541 664 858 
7 22 196 314 355 523 718 809 
2 186 330 
6 22 24 389 669 762 892 
7 8 39 124 200 341 619 878 
6 325 540 577 633 646 761 
3 399 596 623 
8 122 249 361 409 589 635 726 792 
3 125 220 702 
7 123 173 191 194 441 673 694 
9 359 371 418 537 538 609 665 745 816 
10 13 295 452 478 533 573 816 820 858 899 
3 307 721 870 
9 86 150 516 519 638 673 758 823 828 
7 109 325 536 632 673 848 889 
6 71 226 252 412 541 863 
10 126 296 393 529 538 589 638 639 748 782 
3 68 608 831 
5 43 208 586 640 768 
4 176 354 435 603 
3 350 529 899 
5 77 102 296 368 446 
3 27 810 835 
6 298 486 744 795 819 880 
4 25 124 438 469 
4 165 704 806 837 
4 115 544 780 869 
2 104 639 
8 75 133 138 206 373 426 520 839 
2 5 896 
6 76 266 287 374 716 895 
6 10 429 626 751 858 865 
11 10 447 475 529 543 624 653 708 803 808 821 
8 162 338 392 603 806 811 877 886 
900 2216
6 34 269 316 587 723 891 
4 104 146 185 497 
5 179 337 476 639 772 
1 381 
4 197 386 592 726 
9 91 129 321 355 369 519 538 632 850 
9 218 222 297 324 346 446 474 667 887 
5 133 178 284 376 704 
3 75 214 642 
9 129 299 321 442 519 595 629 672 880 
2 239 521 
4 194 661 827 846 
4 65 69 530 569 
3 527 584 840 
2 476 873 
3 198 207 886 
2 113 298 
4 310 492 514 837 
3 558 661 840 
8 68 124 230 232 676 695 859 891 
3 260 412 634 
4 259 409 410 500 
1 792 
6 264 347 461 638 851 876 
4 125 229 379 411 
5 352 371 372 455 525 
2 347 377 
4 260 338 401 523 
8 190 229 234 245 269 444 536 761 
0 
3 408 578 586 
2 243 338 
4 252 281 447 883 
3 240 274 384 
5 0 425 556 664 839 
1 357 
5 78 110 198 247 888 
1 508 
6 49 156 232 396 588 815 
8 216 305 349 508 603 804 852 898 
3 440 496 662 
7 76 88 655 706 770 799 823 
1 762 
3 423 536 605 
0 
5 116 464 540 570 737 
4 308 360 549 665 
5 171 217 444 688 745 
4 256 365 490 579 
2 38 720 
8 86 120 123 171 196 547 879 881 
3 168 258 626 
2 140 358 
6 125 150 607 698 759 894 
5 59 192 295 665 824 
5 379 659 740 749 775 
7 147 159 601 702 707 742 896 
3 74 161 750 
6 156 236 368 523 779 833 
6 54 89 179 209 611 679 
3 165 339 650 
6 268 287 455 490 674 896 
7 69 71 297 375 624 653 686 
8 247 293 319 429 472 576 681 848 
7 131 551 581 651 662 791 883 
2 12 417 
1 242 
4 530 625 783 825 
6 19 112 118 130 659 731 
6 12 62 174 223 238 673 
4 329 379 788 884 
4 62 108 473 638 
3 305 576 647 
4 233 414 522 716 
7 57 253 349 414 462 562 773 
2 8 605 
10 41 178 196 208 300 320 539 540 777 817 
6 185 258 368 503 813 836 
7 36 397 463 514 737 804 891 
5 90 340 355 658 896 
9 86 257 290 332 551 572 586 766 818 
6 270 346 395 587 734 744 
2 740 833 
3 306 542 764 
6 278 368 392 443 511 594 
5 143 404 645 705 718 
8 50 80 334 419 543 554 582 728 
4 235 476 716 739 
8 41 105 131 316 362 455 482 704 
5 59 499 670 748 864 
8 79 188 249 386 671 709 739 820 
4 5 148 459 646 
5 174 362 476 502 733 
4 308 355 435 607 
1 620 
5 243 322 454 785 862 
3 305 701 873 
4 325 448 635 653 
5 111 261 272 336 768 
2 604 672 
2 718 806 
10 201 246 257 264 334 400 498 654 855 894 
2 408 441 
6 217 500 554 622 736 803 
3 1 118 484 
8 88 172 281 398 548 604 665 722 
3 235 248 789 
9 118 171 409 469 573 633 700 816 868 
5 71 112 213 478 804 
4 208 382 786 839 
4 36 440 563 852 
4 98 335 553 845 
7 68 108 194 335 575 712 782 
8 16 150 359 470 505 616 724 833 
4 215 317 347 836 
2 124 333 
8 45 144 186 241 257 417 694 818 
4 166 183 352 446 
6 68 104 107 252 612 847 
4 132 288 376 839 
3 50 210 883 
4 126 193 382 803 
1 419 
4 50 414 656 893 
8 19 115 337 358 591 734 811 837 
5 24 53 211 542 889 
4 121 393 559 739 
2 140 415 
4 393 448 489 668 
5 5 9 478 526 570 
8 68 239 276 337 482 552 698 885 
9 64 88 284 298 308 443 468 527 631 
6 119 205 229 240 814 865 
4 7 211 245 858 
9 142 211 218 241 461 528 564 686 846 
9 345 489 530 582 604 606 673 795 889 
5 243 287 420 473 690 
2 431 717 
3 193 274 836 
9 162 248 320 362 417 462 582 588 842 
4 52 127 469 712 
3 536 609 715 
4 134 318 483 533 
7 85 198 304 439 777 828 835 
6 116 432 505 727 743 777 
5 201 296 578 587 661 
6 1 226 511 748 839 840 
9 56 175 280 508 667 704 720 806 832 
1 91 
2 563 806 
7 53 113 428 509 641 772 843 
5 156 166 314 384 812 
4 216 665 769 818 
4 299 316 725 773 
2 220 465 
8 212 266 367 538 743 794 817 863 
9 38 58 151 310 404 548 723 758 874 
11 185 222 254 334 351 357 453 474 658 798 805 
3 650 674 843 
4 56 390 493 745 
4 365 437 442 704 
5 57 211 405 524 614 
3 139 420 589 
5 304 348 353 610 657 
3 175 405 716 
5 60 256 348 525 531 
9 117 151 197 235 474 479 645 737 831 
5 205 385 387 469 471 
5 51 190 517 520 889 
3 426 437 721 
0 
12 47 50 107 213 230 284 343 353 366 588 676 756 
5 105 315 406 451 848 
3 419 469 646 
11 69 92 221 313 392 622 641 742 821 842 843 
9 147 164 245 555 687 689 781 838 843 
1 434 
4 643 785 819 870 
6 7 76 221 345 766 800 
3 2 59 556 
1 860 
3 416 673 877 
3 196 249 419 
3 117 214 609 
6 236 327 363 550 610 764 
7 1 77 157 190 479 690 830 
4 116 206 291 493 
4 471 608 767 845 
2 90 361 
3 271 328 341 
7 28 168 185 226 425 754 779 
6 216 223 299 414 537 644 
7 54 284 324 482 568 777 827 
6 121 138 202 222 449 845 
10 11 112 232 389 517 533 804 820 872 890 
3 245 462 896 
8 50 76 182 468 600 792 812 843 
5 4 166 296 449 526 
7 15 36 143 491 652 834 897 
2 351 629 
1 456 
7 101 145 228 459 525 562 617 
2 193 702 
6 280 293 521 536 660 786 
2 499 784 
3 132 167 840 
8 186 240 254 316 333 462 653 713 
5 15 414 548 695 792 
4 76 109 484 845 
7 59 222 364 454 507 607 739 
5 120 391 595 640 780 
8 125 133 134 161 275 323 449 677 
3 155 544 618 
3 108 171 395 
7 8 183 447 573 619 702 804 
2 114 405 
7 39 152 191 254 526 826 892 
10 47 103 378 524 533 633 661 679 736 819 
3 6 134 768 
7 427 433 546 583 658 828 877 
5 154 266 271 394 593 
6 174 178 294 344 513 851 
10 6 157 193 209 300 386 435 576 754 872 
9 69 191 373 401 404 476 668 759 802 
4 243 375 400 602 
1 749 
7 146 190 527 586 711 793 822 
2 398 876 
4 201 252 266 713 
6 24 28 132 459 530 652 
2 19 171 
4 274 395 449 697 
7 19 38 194 369 420 621 685 
1 73 
4 28 762 763 818 
5 87 106 166 295 578 
6 58 184 310 638 861 865 
5 286 363 389 818 877 
5 69 330 547 795 857 
6 10 130 384 477 793 834 
7 33 132 206 390 409 524 604 
5 116 134 276 281 761 
6 66 574 590 747 811 822 
8 31 95 136 224 306 339 454 869 
2 638 880 
10 28 133 175 195 286 288 370 756 799 800 
5 101 297 403 579 623 
5 36 63 274 723 892 
6 106 139 282 588 610 695 
6 90 182 350 365 802 881 
1 561 
3 467 846 873 
8 32 118 228 351 500 502 730 894 
5 74 394 615 807 826 
7 157 206 216 355 548 669 681 
6 379 406 485 606 701 709 
3 48 165 653 
14 80 101 116 314 370 490 538 620 636 776 793 797 844 877 
6 51 77 259 275 302 690 
5 21 258 442 612 666 
5 20 27 746 758 800 
1 98 
4 273 281 393 790 
6 304 333 482 558 639 766 
6 23 101 419 685 749 899 
5 409 507 687 699 872 
6 155 220 228 346 369 776 
2 346 848 
4 61 272 568 781 
3 0 28 624 
4 81 339 405 519 
7 189 220 379 574 648 809 823 
2 98 268 
6 262 313 324 524 658 703 
6 33 138 231 247 440 486 
5 211 258 374 620 739 
5 130 241 447 510 532 
6 315 586 647 719 782 805 
7 84 321 393 466 654 673 828 
3 565 834 848 
5 147 203 433 491 672 
4 32 105 241 262 
3 248 312 821 
4 335 442 764 796 
9 7 131 171 192 516 531 730 766 796 
2 619 805 
7 237 245 437 584 599 641 818 
6 61 136 408 628 650 751 
4 119 245 296 573 
0 
4 80 375 633 708 
2 186 605 
4 703 717 723 894 
7 63 203 307 553 637 865 885 
2 221 297 
5 54 235 333 472 519 
10 145 197 288 460 468 544 587 637 694 802 
10 6 62 246 294 313 374 521 655 673 755 
6 16 131 653 775 818 856 
5 9 153 191 584 823 
4 76 222 585 853 
6 347 616 701 713 794 813 
1 258 
3 473 623 640 
8 143 163 263 397 475 555 572 792 
5 39 72 96 404 889 
6 83 243 562 669 732 804 
8 293 360 362 390 393 466 485 609 
7 46 93 131 431 477 860 879 
3 690 727 772 
6 17 156 236 459 766 881 
1 767 
3 282 360 617 
6 174 273 297 454 702 860 
3 151 257 607 
6 172 277 667 797 828 865 
10 0 88 153 206 440 548 556 681 747 846 
4 114 424 777 857 
3 142 414 419 
2 63 844 
7 76 139 373 580 591 610 645 
4 5 9 278 525 
3 95 588 600 
5 211 332 618 686 720 
9 6 192 273 447 575 803 818 848 878 
4 97 405 770 875 
4 361 376 401 857 
5 184 495 646 649 694 
5 189 441 598 672 689 
7 70 379 474 492 591 710 782 
3 238 513 642 
3 580 764 850 
11 80 323 339 356 502 558 758 835 850 876 885 
10 115 206 263 295 349 368 619 676 684 832 
5 86 101 157 379 436 
5 111 112 283 432 619 
4 98 558 656 778 
8 2 124 130 476 494 542 759 809 
11 27 31 370 474 527 642 729 791 800 879 889 
6 60 243 270 332 424 589 
5 79 605 638 813 847 
5 189 399 738 751 773 
3 388 572 764 
2 171 899 
6 221 444 578 628 773 837 
2 135 178 
12 6 81 266 267 372 433 466 541 589 611 675 705 
7 23 26 114 301 401 406 605 
4 163 165 349 531 
6 39 74 333 348 479 853 
4 249 362 630 758 
5 157 199 252 663 683 
6 25 117 442 472 513 788 
7 163 171 402 428 590 882 883 
2 371 561 
8 5 79 93 254 525 595 746 892 
3 332 378 882 
8 35 157 368 371 424 485 619 843 
4 52 124 377 460 
5 113 376 589 724 784 
5 46 307 312 749 767 
5 188 326 669 776 821 
6 88 92 139 307 350 763 
9 184 237 370 459 538 621 681 741 838 
3 209 367 731 
5 48 160 249 369 415 
2 171 848 
3 155 364 729 
8 58 77 84 333 357 380 454 473 
6 5 232 266 365 560 630 
4 245 257 338 363 
5 25 354 357 665 891 
5 25 346 418 699 780 
6 223 320 512 558 676 746 
3 275 297 896 
4 62 224 290 414 
7 7 119 326 359 482 563 701 
4 26 358 406 694 
3 217 356 798 
7 24 55 70 255 271 329 334 
8 368 427 559 644 681 695 844 893 
5 3 503 522 567 723 
4 109 121 509 590 
1 562 
6 33 151 239 537 763 835 
5 167 589 681 741 868 
6 4 90 222 620 627 709 
9 167 570 594 657 754 755 776 808 859 
2 342 685 
3 194 237 894 
11 159 240 307 411 439 442 556 707 754 816 850 
2 210 712 
2 84 174 
8 126 128 262 278 307 603 736 875 
4 220 253 563 586 
4 81 213 231 567 
2 38 776 
5 78 304 452 694 861 
5 105 227 637 732 814 
6 341 435 446 625 811 894 
6 101 224 585 682 831 865 
10 27 223 326 347 428 452 668 762 806 842 
3 353 490 612 
4 246 662 704 886 
10 85 156 223 305 502 503 637 678 720 841 
9 161 164 215 270 325 445 836 857 880 
7 172 255 347 377 538 725 894 
1 657 
5 30 102 287 455 729 
4 21 107 240 265 
4 21 636 640 754 
4 24 390 716 834 
5 20 422 423 685 807 
3 753 842 883 
16 73 74 123 191 207 318 375 607 623 624 635 638 692 693 764 768 
4 127 365 682 765 
4 181 431 492 705 
7 65 116 139 552 619 661 806 
4 372 627 695 717 
7 86 122 173 182 264 318 618 
6 136 162 232 521 701 765 
1 798 
3 412 612 644 
5 43 412 602 681 793 
8 317 339 357 533 668 718 817 891 
3 34 190 449 
6 169 496 577 629 646 740 
4 219 380 521 721 
3 150 353 401 
4 63 442 511 520 
4 473 579 797 799 
7 137 308 416 609 771 878 897 
7 144 335 601 620 733 795 802 
6 219 280 346 552 817 879 
3 176 517 535 
5 93 222 399 643 821 
7 334 462 558 566 567 681 859 
7 160 169 286 441 529 716 898 
2 451 619 
7 143 390 486 636 662 713 753 
7 40 110 274 316 482 677 832 
5 102 328 437 505 605 
10 9 160 259 283 352 390 429 488 621 753 
2 84 131 
7 28 47 344 479 586 728 788 
8 405 470 617 640 698 708 840 846 
5 6 117 399 533 804 
5 32 214 276 324 822 
5 97 128 455 574 894 
8 193 197 211 231 425 549 603 885 
3 452 468 610 
4 172 438 764 888 
5 397 401 450 486 678 
2 157 657 
9 95 209 243 313 368 572 636 767 809 
6 25 61 88 408 448 732 
3 200 736 872 
4 569 662 818 870 
3 481 516 864 
9 91 201 229 310 363 472 481 694 747 
4 296 358 725 727 
3 23 134 544 
6 74 139 195 206 436 661 
2 78 506 
3 45 536 692 
7 154 476 561 591 606 656 764 
3 278 307 346 
4 251 545 573 710 
7 131 196 296 450 647 667 669 
6 107 140 167 173 543 677 
5 113 445 524 557 570 
6 167 187 778 834 853 898 
5 63 295 352 459 870 
7 71 136 303 368 430 508 843 
7 6 157 166 329 338 617 699 
2 304 640 
9 2 14 87 92 223 337 465 644 846 
5 239 308 522 768 864 
5 108 129 609 732 842 
4 166 185 349 444 
3 593 664 752 
6 458 459 483 564 721 796 
9 88 130 192 263 376 440 539 604 630 
3 142 481 794 
2 104 208 
5 255 307 357 522 787 
5 274 439 452 497 549 
3 577 787 826 
3 442 727 783 
5 128 135 653 667 839 
7 48 61 257 402 544 558 602 
2 198 280 
4 17 329 416 597 
2 159 186 
2 337 625 
2 327 546 
7 40 426 598 702 729 800 843 
6 1 486 527 544 625 636 
2 101 771 
4 89 204 573 822 
5 21 103 252 591 771 
2 722 784 
5 92 252 332 404 515 
7 77 381 404 692 804 833 893 
3 602 760 854 
7 113 144 441 521 676 765 767 
3 463 638 885 
2 209 265 
5 37 39 147 473 842 
4 150 382 823 892 
4 276 574 682 749 
4 84 146 429 555 
4 373 747 810 879 
5 221 330 352 652 895 
2 17 78 
3 502 542 698 
2 284 458 
4 168 194 434 547 
5 559 640 678 719 740 
5 5 9 270 295 521 
4 168 429 629 877 
9 10 203 297 420 427 505 519 876 887 
5 73 381 477 485 539 
6 27 58 592 593 684 820 
6 161 217 240 273 470 839 
5 25 165 201 321 355 
4 129 197 216 692 
7 13 131 226 338 497 572 899 
4 134 741 796 813 
2 437 807 
5 12 67 135 229 656 
4 165 284 348 856 
3 276 800 821 
7 142 194 217 424 446 550 742 
1 541 
5 434 668 718 855 898 
8 28 43 141 203 464 660 684 797 
4 191 384 645 783 
9 5 155 257 363 406 592 620 718 860 
5 76 482 522 793 819 
4 45 76 586 811 
6 346 534 767 777 790 877 
6 83 125 337 515 632 758 
4 86 469 577 802 
7 212 296 461 490 497 672 890 
3 467 703 707 
3 219 495 805 
8 50 238 517 616 682 825 857 864 
6 105 156 207 254 316 576 
4 46 449 486 577 
5 184 533 615 811 869 
6 64 80 666 741 757 835 
5 130 417 433 601 869 
4 111 293 565 574 
6 86 103 564 568 676 763 
6 175 304 511 619 684 702 
5 34 179 316 390 690 
1 470 
10 18 263 332 336 373 436 490 723 758 883 
6 126 380 518 588 726 889 
4 369 722 727 810 
4 250 354 465 888 
4 74 201 306 383 
4 110 149 376 394 
5 134 481 554 569 591 
5 279 553 678 873 883 
4 436 723 740 829 
6 381 395 436 604 620 820 
5 192 268 554 732 828 
4 12 457 564 680 
10 45 129 387 470 645 655 658 852 858 868 
3 585 602 811 
8 80 304 342 454 527 694 848 899 
7 107 214 288 467 499 642 847 
6 242 271 448 510 553 882 
3 112 324 640 
6 63 72 222 548 657 671 
4 426 487 543 549 
5 30 145 235 344 839 
6 48 246 430 680 775 779 
5 320 331 672 754 806 
4 64 661 766 836 
4 86 135 139 731 
4 219 702 783 803 
5 13 286 299 611 720 
7 300 400 571 590 637 797 799 
8 30 80 226 277 394 444 540 759 
5 0 81 145 296 598 
8 38 139 171 248 322 559 698 798 
5 162 339 346 359 385 
4 242 353 382 585 
9 124 320 329 465 500 564 712 714 719 
5 4 523 538 692 751 
4 220 480 523 721 
3 84 387 850 
5 9 210 355 721 840 
1 626 
1 492 
5 328 496 587 613 656 
5 286 642 643 735 842 
4 196 322 862 882 
5 56 432 552 670 739 
7 224 423 490 504 571 781 882 
8 39 393 449 630 634 784 800 818 
7 99 105 135 240 482 567 823 
6 43 75 291 340 347 441 
5 135 255 465 674 760 
5 53 93 209 314 414 
2 187 643 
5 141 183 307 431 478 
8 163 184 248 320 450 751 752 769 
5 59 346 584 791 876 
6 118 259 402 422 733 797 
3 598 706 812 
1 161 
4 253 550 672 849 
5 113 301 547 748 781 
5 201 312 445 474 774 
4 212 323 419 702 
8 214 285 333 335 357 417 438 555 
8 94 257 275 386 432 538 567 712 
3 232 363 442 
6 103 174 754 759 849 857 
3 246 303 414 
5 62 269 414 790 848 
5 67 399 494 497 804 
2 51 596 
6 386 418 735 779 790 815 
3 287 344 894 
4 9 199 426 520 
6 350 369 482 603 791 831 
3 131 789 838 
6 5 542 733 813 830 865 
4 107 217 290 740 
4 20 603 647 886 
5 97 414 714 783 838 
5 257 410 439 454 497 
6 293 296 398 404 585 864 
9 23 71 236 244 340 414 506 748 848 
2 2 263 
10 210 303 410 445 475 518 575 701 765 768 
6 150 174 286 686 768 814 
7 8 330 338 573 599 886 898 
6 177 435 599 608 678 734 
8 191 380 422 476 714 720 817 895 
8 85 166 320 537 570 669 672 868 
6 91 173 327 426 690 786 
6 72 277 468 634 787 874 
3 271 767 886 
4 327 736 764 767 
5 60 158 287 678 878 
2 64 657 
3 198 229 513 
6 62 97 206 256 298 489 
3 101 278 791 
4 41 297 570 766 
6 123 336 465 530 598 679 
6 163 387 407 453 576 651 
6 79 157 219 273 570 898 
3 55 68 765 
3 203 536 704 
9 11 18 145 217 417 462 581 765 823 
5 40 64 403 439 457 
1 351 
3 34 480 710 
6 46 54 105 152 371 890 
4 259 551 819 845 
6 6 147 315 468 489 743 
6 128 223 401 424 535 740 
7 254 306 361 468 645 704 729 
3 89 601 703 
4 90 576 687 896 
8 9 99 280 328 544 580 615 645 
5 69 135 181 278 297 
3 61 158 606 
4 346 725 834 883 
7 19 171 333 373 505 554 846 
3 211 440 469 
7 404 452 518 565 643 650 797 
3 59 217 656 
6 569 579 683 711 737 793 
8 63 254 316 363 380 385 423 436 
5 400 415 510 547 742 
3 351 680 752 
5 333 523 536 555 848 
5 232 264 388 412 855 
6 62 134 323 641 705 805 
4 175 265 671 796 
2 47 859 
5 175 328 735 772 791 
6 136 185 258 309 556 646 
0 
7 414 464 503 526 592 694 831 
2 414 761 
11 116 296 327 377 397 459 572 692 697 716 895 
7 19 207 248 380 418 727 793 
1 753 
2 231 694 
5 53 130 445 515 588 
4 265 372 474 729 
3 107 731 846 
7 96 255 301 376 420 640 878 
9 56 202 214 313 496 555 583 618 773 
6 273 292 545 670 747 851 
7 7 88 147 160 403 660 669 
5 85 346 416 686 825 
2 41 613 
3 56 390 545 
2 290 445 
4 90 255 386 786 
4 329 467 664 845 
2 226 680 
9 112 140 391 591 620 758 800 851 895 
4 206 228 301 439 
4 591 635 644 721 
2 141 733 
6 73 87 164 411 437 694 
4 137 292 418 882 
5 85 100 424 535 538 
3 277 518 591 
6 49 147 323 404 584 644 
7 169 427 481 593 595 714 754 
6 105 501 560 757 834 872 
7 0 156 247 292 381 558 566 
3 113 359 877 
4 153 406 460 675 
2 4 559 
7 144 309 460 488 560 695 831 
3 86 444 849 
8 338 367 408 496 669 699 773 774 
3 252 284 745 
6 68 364 582 700 809 845 
6 306 398 455 478 568 885 
6 92 432 612 632 715 838 
3 81 124 643 
5 599 627 689 808 891 
6 103 217 393 456 649 850 
5 45 78 166 680 771 
3 341 753 887 
7 87 90 126 209 275 601 780 
7 55 82 426 518 566 633 668 
5 363 385 528 551 810 
5 56 174 533 682 792 
3 144 155 667 
2 81 894 
3 47 159 730 
3 260 355 373 
6 242 316 459 512 703 825 
4 89 146 616 638 
6 55 225 264 360 510 894 
2 57 832 
4 287 341 592 610 
5 480 610 683 760 871 
6 413 439 442 696 738 807 
8 190 222 387 390 410 580 622 721 
2 297 387 
2 171 245 
3 551 722 761 
8 156 260 332 350 542 558 712 804 
5 53 223 337 586 622 
4 504 606 752 838 
4 28 241 693 757 
5 42 234 401 785 798 
6 234 362 384 554 798 800 
9 83 184 283 331 342 414 451 465 649 
7 415 420 505 640 659 661 779 
8 80 178 263 284 310 581 655 820 
8 187 311 360 454 505 541 648 649 
7 98 218 414 477 640 641 798 
3 152 610 797 
2 41 325 
4 431 498 500 737 
5 2 150 309 689 780 
6 74 153 341 344 702 729 
4 617 729 892 897 
3 55 298 579 
7 257 266 361 387 396 779 800 
7 76 143 144 192 317 541 784 
3 336 471 797 
7 58 190 579 627 765 776 817 
4 210 372 739 772 
4 175 268 602 616 
3 112 277 329 
6 67 488 537 583 635 799 
5 204 359 501 603 777 
3 95 177 762 
4 109 203 646 709 
4 485 487 647 796 
4 70 352 444 836 
2 106 631 
5 262 541 624 627 868 
6 64 338 611 630 654 689 
5 22 196 207 304 742 
8 226 239 257 423 539 680 695 816 
3 155 301 483 
4 135 238 432 858 
6 283 284 481 528 687 787 
9 257 315 430 536 585 612 678 769 778 
7 157 378 421 588 762 763 768 
5 41 245 430 585 783 
10 178 245 260 338 496 532 603 712 763 776 
0 
7 223 249 296 432 543 840 870 
4 103 121 324 583 
10 39 78 108 194 214 306 446 503 625 758 
5 157 277 285 546 686 
6 100 147 149 401 417 580 
5 253 412 529 753 873 
2 387 735 
4 271 337 454 731 
3 512 560 741 
6 124 242 399 540 550 571 
3 151 196 613 
7 77 301 340 528 632 816 831 
3 132 398 641 
3 38 627 870 
4 107 390 793 813 
6 76 155 424 433 644 779 
10 80 116 152 234 237 286 298 324 457 603 
5 177 217 539 666 878 
5 90 194 523 567 766 
6 174 282 361 435 532 867 
4 226 242 447 499 
6 41 271 299 509 604 661 
1 54 
5 67 547 705 747 883 
4 216 253 487 849 
2 11 192 
6 143 219 278 315 568 830 
1 566 
3 185 632 828 
9 166 400 630 692 727 813 848 866 888 
4 147 333 440 750 
4 58 82 113 503 
7 198 239 279 411 471 675 722 
4 143 332 384 551 
7 77 114 138 405 581 788 869 
3 17 124 344 
6 175 363 631 635 733 760 
7 34 109 119 146 489 524 578 
7 13 18 146 205 445 595 802 
1 404 
7 139 174 401 413 478 508 599 
8 150 158 174 175 196 357 473 496 
3 257 319 380 
7 111 187 193 208 666 710 731 
8 11 134 251 316 445 476 676 700 
3 118 340 573 
11 63 172 267 279 324 366 572 624 638 684 831 
4 615 622 728 826 
6 5 331 332 390 594 736 
4 23 221 703 712 
3 39 110 570 
3 300 349 471 
1 504 
3 101 535 685 
2 298 531 
6 238 317 326 405 547 622 
3 133 570 795 
5 19 387 436 688 864 
4 180 308 313 538 
2 236 397 
3 95 600 888 
1 155 
6 89 458 477 547 637 859 
6 132 236 293 315 400 632 
1 831 
1 821 
5 107 385 570 645 790 
4 243 550 552 836 
5 177 457 472 802 815 
1 752 
5 194 222 265 456 722 
5 14 96 251 565 807 
2 156 647 
2 325 393 
5 23 227 332 521 611 
7 181 219 237 257 520 541 724 
5 324 431 650 701 819 
5 50 308 338 433 512 
3 9 244 405 
3 50 249 310 
6 353 356 574 600 602 717 
9 32 64 120 353 413 558 565 675 825 
1 70 
7 130 293 332 449 506 732 897 
5 15 403 634 642 648 
3 6 521 738 
5 36 451 561 831 862 
6 125 135 168 305 338 559 
3 194 544 665 
6 0 19 78 371 424 735 
5 216 247 355 509 774 
3 123 380 503 
11 53 101 252 292 389 399 406 448 628 744 749 
4 513 644 694 712 
6 56 61 79 195 374 671 
4 198 431 774 885 
6 39 437 471 535 642 658 
4 264 343 527 572 
