940 2224
6 5 416 420 489 753 807 
5 54 119 480 694 751 
8 394 398 515 552 624 890 892 922 
4 272 574 622 640 
6 59 154 348 393 409 531 
6 0 226 304 517 695 704 
1 249 
2 110 898 
6 390 440 550 615 716 886 
4 332 410 648 812 
7 164 497 498 535 724 868 923 
5 111 565 677 876 881 
5 89 338 564 719 721 
8 84 219 276 357 491 755 796 898 
3 420 480 541 
7 31 317 383 703 743 766 840 
8 185 525 545 669 763 769 883 929 
3 265 449 709 
3 40 81 271 
5 177 185 414 789 938 
2 30 576 
10 93 154 166 460 529 790 873 901 904 906 
7 122 272 299 377 562 782 823 
8 107 199 358 671 688 741 824 890 
6 181 334 362 365 440 804 
1 738 
6 40 41 50 61 333 720 
3 605 832 884 
6 454 506 572 688 712 761 
4 63 320 628 906 
5 20 101 239 499 598 
5 15 180 662 693 752 
7 46 333 573 629 681 722 794 
2 780 830 
3 47 50 570 
8 119 226 380 466 646 713 715 757 
6 91 210 366 429 612 847 
5 144 211 370 418 937 
10 321 359 384 391 483 495 499 577 656 761 
1 750 
5 18 26 75 743 771 
6 26 133 271 585 789 895 
7 60 85 136 626 643 681 789 
5 274 321 323 798 806 
2 143 664 
4 49 250 363 628 
4 32 229 274 897 
6 34 159 188 534 834 894 
4 182 610 628 701 
8 45 53 180 203 423 476 782 930 
5 26 34 788 911 938 
4 307 370 415 925 
8 183 332 519 619 652 716 751 847 
6 49 68 73 79 100 722 
4 1 147 255 625 
3 312 567 755 
3 289 469 640 
1 412 
3 650 669 734 
10 4 101 224 275 440 568 600 612 874 914 
2 42 442 
2 26 891 
6 148 158 406 661 774 880 
3 29 534 646 
3 88 307 560 
7 74 198 342 718 726 779 849 
3 427 582 834 
2 230 784 
6 53 148 175 226 233 648 
1 72 
4 168 325 690 929 
2 465 605 
3 69 489 732 
7 53 406 448 641 855 877 927 
3 65 396 844 
3 40 102 558 
5 218 255 280 830 909 
0 
4 248 400 574 815 
3 53 242 536 
5 164 180 221 696 923 
6 18 497 728 757 824 841 
2 857 919 
4 94 509 646 905 
4 13 178 466 639 
9 42 227 244 316 351 445 458 519 598 
3 93 531 916 
5 486 770 777 894 929 
3 64 160 450 
3 12 330 535 
4 262 427 432 850 
8 36 212 258 304 305 592 596 661 
3 138 306 925 
10 21 86 111 208 212 216 268 639 702 750 
7 83 418 661 765 801 862 917 
5 212 308 671 680 899 
6 133 171 218 281 360 868 
3 371 609 792 
3 161 393 581 
6 165 255 608 687 827 918 
4 53 541 738 824 
7 30 59 158 163 273 348 498 
4 75 198 416 554 
5 298 605 779 828 864 
4 128 585 680 873 
1 179 
3 183 736 805 
8 23 111 140 197 462 584 634 714 
5 109 401 422 740 889 
2 108 932 
8 7 131 134 170 422 459 510 925 
6 11 93 107 180 646 672 
4 138 148 173 624 
6 130 221 347 466 682 767 
6 327 385 511 668 694 754 
7 361 377 552 656 690 789 869 
4 474 673 860 910 
5 264 347 757 799 866 
5 360 489 764 815 835 
7 1 35 156 360 490 656 773 
5 503 554 589 735 856 
6 408 560 642 660 710 914 
5 22 123 140 343 663 
3 122 195 370 
4 181 675 837 894 
1 640 
4 194 217 252 529 
6 425 461 554 604 669 781 
7 104 161 438 664 726 794 908 
6 241 411 607 634 702 716 
5 113 225 384 794 869 
4 110 291 704 801 
7 195 324 416 645 653 826 876 
6 41 96 337 386 518 784 
5 110 233 358 475 528 
3 526 820 846 
5 42 288 297 441 587 
3 178 834 857 
6 92 112 227 264 422 493 
4 215 415 707 848 
6 107 122 154 280 317 723 
7 277 297 306 372 417 419 767 
5 179 183 286 728 787 
5 44 317 330 423 746 
3 37 434 837 
1 598 
2 616 868 
5 54 368 406 485 596 
6 62 68 112 629 783 850 
3 416 685 927 
3 264 333 358 
0 
4 219 350 431 712 
6 222 547 581 624 788 889 
4 4 21 140 663 
2 363 429 
4 119 356 516 909 
8 162 331 389 511 535 612 755 844 
3 62 101 302 
2 47 760 
6 88 439 489 645 688 915 
6 98 128 238 504 770 809 
5 157 462 688 838 914 
5 101 445 629 677 864 
7 10 80 242 494 495 502 797 
3 99 289 720 
13 21 191 338 428 457 578 583 623 673 675 691 903 930 
3 429 748 791 
6 70 269 358 555 587 867 
3 422 435 768 
4 110 352 372 490 
8 96 396 508 726 860 874 922 926 
6 201 227 410 525 783 890 
7 112 201 566 570 602 741 916 
3 286 375 669 
5 68 197 303 307 568 
4 286 722 803 846 
6 19 241 273 287 297 779 
6 84 137 320 431 548 603 
8 105 142 250 256 263 504 695 826 
6 31 49 80 111 400 569 
8 24 124 205 257 486 592 722 760 
5 48 276 487 540 882 
7 52 106 142 354 367 427 903 
6 213 283 326 595 610 869 
6 16 19 246 280 609 726 
4 416 502 668 769 
4 486 676 684 763 
4 47 190 746 924 
5 234 489 786 791 926 
8 188 219 305 390 741 794 849 878 
5 166 335 375 389 744 
2 432 802 
4 312 375 446 939 
1 126 
4 123 132 329 772 
5 259 425 454 750 838 
3 107 175 660 
7 65 102 205 229 369 424 666 
7 23 212 504 634 643 657 875 
6 251 298 487 555 709 900 
8 172 173 237 337 607 689 838 865 
5 284 359 506 598 650 
3 49 277 775 
4 380 465 489 725 
6 181 198 378 394 608 853 
3 404 667 734 
2 397 406 
3 93 228 768 
6 378 606 803 851 896 927 
7 36 275 307 517 632 802 847 
3 37 426 938 
8 91 93 95 199 455 515 829 873 
6 184 494 584 673 875 898 
3 463 506 777 
4 139 445 790 870 
3 93 245 669 
3 126 371 629 
3 76 96 746 
6 13 152 190 460 471 926 
7 248 495 499 546 583 838 937 
5 80 113 222 266 279 
5 153 221 518 536 797 
1 334 
4 59 299 653 910 
4 130 394 536 926 
8 5 35 68 386 400 483 590 785 
6 85 138 172 406 663 785 
4 208 514 714 809 
7 46 198 423 446 745 751 835 
7 67 255 308 582 652 719 912 
5 372 406 605 625 687 
1 647 
6 68 134 304 448 505 760 
3 189 377 567 
5 275 322 664 723 782 
0 
7 201 284 330 639 809 895 931 
6 161 377 510 605 757 773 
3 30 402 666 
1 750 
3 129 177 879 
9 79 164 344 438 525 740 741 907 911 
5 262 277 315 545 769 
4 85 347 430 478 
5 216 384 688 834 836 
4 185 522 597 691 
3 371 628 867 
7 78 220 355 676 690 750 885 
4 6 820 864 903 
5 45 179 556 780 842 
6 200 321 456 589 705 896 
5 126 452 693 862 906 
3 487 627 764 
2 398 598 
6 54 76 99 230 656 818 
5 179 293 690 775 917 
7 181 493 618 679 695 894 913 
7 91 290 364 392 576 626 856 
2 196 408 
2 839 892 
0 
6 90 243 277 386 730 921 
2 179 297 
5 117 138 150 485 677 
6 17 668 778 822 841 932 
5 221 317 362 641 733 
4 395 412 539 718 
5 93 295 593 658 883 
2 168 477 
6 351 396 507 605 636 839 
6 18 41 427 636 647 678 
6 3 22 491 724 752 755 
3 101 177 373 
4 43 46 782 918 
6 59 210 235 314 467 546 
4 13 182 375 519 
6 141 203 243 262 805 822 
8 316 447 628 677 682 769 774 894 
4 221 406 513 734 
4 76 140 185 757 
4 96 332 548 873 
2 727 864 
6 184 288 328 364 651 806 
11 202 237 298 375 465 490 572 573 605 825 904 
3 707 865 890 
5 142 174 176 360 558 
2 177 905 
6 136 283 599 725 777 874 
5 56 165 391 436 876 
3 258 327 491 
5 131 358 815 821 866 
0 
5 256 671 696 724 878 
4 312 499 600 664 
5 268 353 418 654 899 
3 327 690 771 
7 136 141 177 263 700 798 918 
7 103 200 284 386 795 832 937 
2 22 224 
0 
2 315 432 
2 158 486 
7 175 374 426 778 819 919 937 
6 5 91 233 543 547 924 
7 91 190 341 350 654 893 907 
5 92 141 371 521 793 
8 51 64 175 210 345 608 637 787 
4 95 230 344 395 
3 627 667 733 
3 346 582 764 
4 382 430 500 934 
8 55 193 294 425 441 717 786 906 
7 464 679 705 712 746 772 793 
2 275 730 
8 243 301 390 477 555 742 903 915 
4 85 278 375 832 
8 15 140 143 266 381 433 456 486 
1 783 
3 612 617 836 
4 29 178 648 713 
9 38 43 251 426 579 616 887 891 909 
5 235 494 569 724 878 
2 43 584 
2 132 584 
3 70 394 487 
5 184 588 610 616 619 
12 114 290 296 585 617 633 635 686 701 788 827 828 
1 283 
1 195 
5 89 143 237 732 858 
2 157 433 
7 9 52 281 333 352 634 863 
9 26 32 150 332 456 570 657 790 875 
3 24 223 619 
5 191 361 372 712 936 
3 592 737 831 
5 133 201 581 706 759 
4 12 166 579 643 
1 345 
4 381 531 574 656 
3 305 488 686 
4 65 499 500 909 
4 122 451 555 742 
4 242 308 721 802 
3 307 339 469 
3 310 536 695 
8 113 117 244 529 586 823 872 885 
7 4 101 424 501 619 760 913 
2 361 894 
5 152 305 391 688 905 
5 85 270 451 606 795 
3 170 332 586 
3 295 638 737 
5 183 381 521 736 809 
1 248 
2 156 366 
5 13 397 515 800 824 
10 23 134 150 168 291 537 575 601 771 915 
6 38 202 547 681 831 906 
10 96 118 119 286 419 458 606 612 766 788 
5 115 335 349 568 887 
4 24 266 454 510 
5 45 155 386 702 903 
6 258 283 425 442 780 913 
7 24 385 417 637 734 828 905 
3 36 356 667 
1 183 
7 147 411 525 736 778 820 868 
7 198 373 601 706 712 719 903 
5 37 51 123 844 853 
10 97 217 247 306 410 440 550 569 723 771 
4 141 170 231 335 
5 273 369 620 636 715 
3 303 458 792 
9 174 191 193 276 284 316 463 491 494 
3 416 840 844 
7 22 115 234 238 533 652 749 
8 205 209 475 595 611 743 876 902 
3 756 848 936 
5 35 204 425 821 924 
5 317 340 354 404 844 
3 311 416 646 
4 15 445 604 825 
7 38 130 245 606 717 731 903 
5 114 365 407 488 694 
6 133 226 262 298 363 810 
3 447 600 870 
2 428 751 
6 157 191 430 464 564 904 
7 8 190 315 469 601 633 654 
5 38 289 350 446 707 
3 258 572 580 
3 4 98 898 
6 2 205 225 325 647 766 
5 267 308 491 520 840 
6 74 171 270 667 682 919 
5 207 357 407 553 620 
5 2 254 401 563 682 
2 605 934 
6 78 180 226 637 675 852 
4 108 398 466 491 
4 239 645 773 869 
6 436 485 492 655 682 728 
5 206 381 529 723 839 
3 431 629 641 
8 62 73 147 207 227 231 279 651 
7 385 397 463 502 587 607 728 
4 121 259 561 814 
3 4 551 838 
6 9 172 371 563 656 773 
5 129 368 461 530 897 
6 57 267 536 545 687 714 
2 465 885 
2 19 573 
2 51 139 
9 0 102 132 149 186 376 382 461 574 
4 141 365 437 838 
4 37 94 295 586 
3 141 360 874 
3 0 14 915 
0 
6 108 110 138 169 907 911 
6 49 143 229 465 734 790 
6 198 348 489 536 773 822 
9 127 196 312 364 380 535 640 693 884 
4 211 303 321 711 
8 66 90 183 271 472 475 594 777 
7 166 388 780 811 840 876 887 
5 36 155 167 431 884 
4 244 311 389 916 
7 152 178 405 429 497 656 693 
6 90 192 301 468 472 911 
4 317 331 651 773 
7 144 606 628 732 750 906 936 
5 169 461 527 539 927 
5 289 403 692 735 836 
2 417 733 
5 128 242 516 737 825 
3 160 477 638 
6 8 24 59 371 773 927 
4 136 312 675 816 
5 60 364 559 878 918 
0 
3 578 606 609 
6 85 163 215 383 534 842 
7 193 229 391 652 784 785 879 
3 278 387 741 
2 73 233 
3 17 628 803 
4 88 594 713 773 
3 343 351 556 
2 252 890 
3 517 660 866 
4 28 196 362 893 
7 212 536 640 677 880 910 912 
8 251 317 333 472 615 652 923 929 
2 166 642 
6 85 360 374 617 857 866 
6 110 531 620 635 799 846 
6 21 219 491 510 649 756 
8 127 411 416 435 487 762 815 920 
4 107 162 566 693 
6 214 375 407 685 710 791 
3 313 389 612 
6 71 204 284 413 423 754 
9 35 84 113 401 620 755 773 824 880 
3 275 696 733 
2 432 836 
6 56 345 390 497 507 635 
5 513 550 617 642 732 
4 219 541 549 910 
8 427 432 456 650 732 775 787 924 
2 474 655 
7 116 473 609 624 642 856 860 
6 134 378 427 477 646 654 
4 49 503 580 646 
6 269 315 439 475 601 682 
3 244 583 860 
2 535 927 
4 1 14 590 849 
5 500 530 534 546 861 
6 544 590 627 728 864 900 
3 38 226 932 
3 539 627 833 
5 147 264 403 620 797 
8 87 181 187 302 317 528 586 815 
7 182 200 253 325 461 636 721 
8 341 385 494 598 631 637 691 732 
8 0 72 118 160 189 204 424 780 
6 119 170 284 764 799 814 
7 13 272 290 375 395 401 460 
6 403 614 649 811 846 893 
3 138 257 552 
6 164 213 322 375 488 549 
3 38 164 220 
3 562 577 586 
4 10 81 431 469 
3 10 101 864 
7 30 38 220 294 342 603 762 
4 311 342 481 801 
1 348 
5 164 186 407 536 914 
3 120 476 813 
3 161 179 199 
2 233 707 
3 28 202 214 
5 270 469 706 791 833 
2 171 898 
3 83 568 830 
7 110 238 362 460 611 643 918 
4 114 157 736 840 
4 677 696 764 788 
5 279 470 571 896 923 
3 228 578 921 
5 2 212 357 643 838 
4 156 438 856 888 
7 5 210 453 530 593 619 823 
5 133 222 606 860 906 
3 52 85 276 
2 395 582 
5 306 354 650 679 852 
7 246 610 703 705 748 824 927 
2 803 830 
2 526 713 
7 16 172 242 368 579 679 807 
3 135 524 837 
6 435 654 722 729 904 913 
3 134 486 934 
7 21 126 347 404 628 747 751 
4 411 481 517 541 
8 4 86 340 459 669 737 904 912 
3 543 813 917 
5 377 594 669 769 937 
4 47 63 445 481 
7 10 89 157 425 479 633 889 
10 79 222 225 346 412 424 455 502 710 790 
4 358 627 670 906 
3 685 699 805 
5 267 435 484 743 776 
2 182 608 
4 14 100 471 530 
3 554 589 837 
4 304 532 621 885 
3 482 804 894 
6 16 243 412 667 759 876 
5 220 275 481 838 918 
6 153 304 359 555 610 637 
4 178 281 640 645 
3 471 494 925 
5 8 371 470 644 667 
1 409 
5 2 115 493 764 873 
5 397 644 690 722 788 
7 102 120 127 542 616 853 879 
6 168 200 315 343 547 565 
2 250 451 
3 753 912 936 
5 75 286 594 611 670 
5 442 592 639 820 896 
2 64 121 
5 408 578 625 670 722 
4 22 496 878 914 
6 398 410 589 709 712 782 
5 12 389 597 608 858 
4 11 555 775 897 
5 173 462 591 651 703 
3 55 234 933 
5 59 175 361 509 888 
5 180 322 371 662 799 
3 34 173 333 
2 513 616 
3 28 284 392 
5 32 284 414 676 818 
5 3 78 340 416 658 
1 358 
3 20 258 812 
3 38 496 896 
6 166 444 514 561 709 801 
4 321 338 525 655 
5 392 476 654 771 892 
4 98 153 337 778 
8 66 230 310 520 776 840 841 920 
4 166 220 478 718 
8 107 213 323 324 629 670 737 934 
5 41 104 327 723 904 
9 347 352 418 486 496 658 838 842 843 
5 136 168 407 762 886 
1 326 
6 120 251 542 563 603 640 
5 226 480 482 686 860 
1 566 
5 91 181 336 559 824 
2 268 517 
6 427 450 533 558 738 817 
5 184 378 618 628 848 
3 91 147 798 
2 246 564 
9 30 85 145 202 254 488 643 741 914 
6 288 631 675 773 855 922 
4 59 294 387 638 
5 358 369 390 477 685 
2 173 710 
5 178 499 589 695 900 
5 127 383 773 917 935 
9 27 71 103 231 238 270 284 399 847 
7 209 351 360 384 434 444 518 
3 129 201 407 
7 99 205 307 540 564 628 820 
6 97 185 444 474 816 896 
7 48 184 326 522 547 764 939 
5 378 510 558 713 794 
8 36 59 157 319 360 464 804 914 
3 681 803 907 
1 492 
6 8 456 660 711 751 831 
6 146 321 326 554 571 704 
6 319 327 458 470 685 936 
3 257 595 905 
5 52 326 334 348 517 
7 373 397 459 466 485 739 868 
1 543 
1 3 
3 166 759 832 
5 2 112 153 474 788 
4 54 231 561 841 
4 42 258 770 847 
8 253 309 482 484 537 730 842 871 
11 29 45 48 247 278 434 449 529 595 608 846 
8 32 148 163 217 405 584 669 712 
2 831 865 
2 488 599 
1 210 
5 327 390 535 691 934 
5 107 129 199 332 795 
6 327 459 469 734 869 910 
5 270 271 373 487 772 
5 307 365 400 488 547 
5 353 439 600 779 852 
7 84 93 237 559 695 716 764 
12 3 56 125 425 455 548 589 661 739 800 852 884 
4 73 266 405 873 
5 121 457 470 474 939 
7 42 199 338 510 515 598 791 
4 550 553 649 721 
4 132 160 402 548 
11 35 63 83 111 382 475 476 681 725 771 793 
3 232 271 394 
5 9 68 320 657 690 
6 460 492 644 698 730 860 
5 58 202 472 521 853 
6 283 406 433 566 655 926 
7 52 230 377 446 456 914 922 
6 132 224 664 784 818 877 
10 295 305 390 475 527 580 658 702 801 921 
7 403 473 579 651 699 919 920 
8 38 115 119 255 340 410 431 892 
8 199 333 648 677 776 887 894 910 
4 268 574 586 654 
3 714 891 925 
5 121 197 453 615 913 
6 62 91 94 640 763 887 
2 31 569 
5 122 154 227 815 836 
6 44 128 235 294 653 897 
4 707 718 738 912 
5 198 239 724 845 860 
9 206 309 366 396 545 550 784 834 937 
5 114 186 265 735 778 
10 16 58 127 174 216 531 533 629 743 790 
6 537 558 561 584 792 928 
5 23 95 293 828 939 
3 111 714 753 
4 116 166 213 799 
0 
6 124 166 400 441 599 849 
5 187 248 573 744 883 
9 11 163 264 278 455 512 657 784 917 
1 271 
5 257 313 521 525 901 
2 95 104 
5 32 42 359 613 646 
7 113 278 396 398 403 477 838 
1 771 
3 187 722 856 
7 149 463 538 601 617 861 899 
5 327 341 590 838 886 
6 99 231 412 784 803 897 
7 23 28 160 162 245 350 864 
3 201 875 879 
12 70 115 248 256 296 553 648 705 732 754 854 882 
5 166 246 488 633 827 
3 436 800 938 
8 31 252 425 431 462 737 843 935 
3 1 114 385 
7 5 179 257 346 603 639 774 
6 80 293 467 512 793 932 
0 
2 649 877 
2 538 655 
2 297 775 
6 48 327 707 729 850 927 
7 93 129 363 654 766 800 843 
4 15 522 566 815 
4 5 131 616 828 
5 251 313 522 690 876 
3 337 369 507 
6 139 285 391 505 665 701 
1 741 
4 17 200 563 578 
7 121 463 536 602 749 915 934 
4 426 615 812 816 
7 28 152 313 335 369 563 629 
7 35 320 450 524 611 824 863 
5 107 228 412 659 672 
2 35 373 
4 8 52 129 639 
4 312 384 813 870 
5 65 267 583 665 905 
3 12 230 369 
2 26 165 
5 12 344 487 644 769 
8 32 53 176 181 527 553 561 684 
6 140 235 371 404 585 733 
7 10 272 293 322 666 727 736 
3 204 288 646 
4 65 128 171 185 
4 282 724 776 886 
6 81 142 403 407 482 860 
2 527 701 
4 262 314 627 649 
1 384 
8 72 330 434 470 472 488 690 920 
7 266 309 437 467 723 896 918 
6 58 206 279 365 423 635 
4 120 436 668 832 
5 106 354 368 511 724 
6 336 353 438 531 584 693 
6 25 100 594 665 828 931 
3 620 640 910 
4 108 242 819 875 
9 23 173 190 242 447 598 708 783 785 
2 315 343 
7 15 40 378 539 669 836 855 
4 191 676 824 856 
2 229 910 
4 143 188 218 313 
2 529 899 
2 167 522 
2 377 710 
7 39 93 196 240 248 434 832 
8 1 52 229 388 529 615 794 885 
2 31 272 
3 0 557 672 
3 114 465 690 
5 13 55 157 272 466 
2 379 460 
5 35 81 117 238 280 
1 766 
4 337 545 623 934 
5 159 181 233 348 838 
3 28 38 774 
4 461 499 587 774 
5 16 187 661 811 836 
10 118 253 310 490 512 552 610 639 785 889 
3 94 865 897 
5 15 360 394 702 758 
2 113 141 
2 169 208 
6 16 186 243 278 533 721 
6 87 161 626 857 876 877 
9 40 296 358 371 580 646 683 792 862 
3 195 313 636 
11 119 238 402 410 424 433 440 450 466 599 604 
5 62 278 695 761 762 
7 203 256 472 565 700 895 925 
4 539 582 657 727 
4 87 214 288 427 
5 265 303 368 581 668 
4 65 103 177 638 
6 33 250 364 428 489 875 
3 127 795 858 
6 22 49 235 274 563 823 
4 148 172 318 741 
7 67 133 446 653 667 677 687 
7 226 227 446 741 764 896 935 
5 189 312 787 798 822 
6 142 307 472 786 845 937 
7 50 153 327 360 512 553 624 
5 19 41 42 115 861 
6 21 215 333 423 536 669 
5 167 189 463 507 643 
4 97 374 670 771 
4 306 313 646 696 
6 32 128 130 190 611 751 
4 298 351 634 781 
1 13 
3 164 222 485 
4 43 297 596 786 
6 117 459 490 569 673 802 
6 357 640 692 702 833 841 
5 94 131 500 578 654 
4 192 210 344 799 
6 176 209 449 523 613 687 
5 24 544 612 820 915 
3 106 277 538 
2 43 283 
2 0 525 
0 
4 161 228 237 354 
3 386 907 936 
3 428 492 763 
4 9 576 711 847 
3 503 532 717 
2 408 490 
8 78 118 291 461 486 663 703 908 
3 441 609 711 
2 594 886 
4 255 573 653 909 
2 303 740 
6 135 249 368 559 608 804 
2 291 380 
4 265 277 424 786 
4 22 347 517 782 
9 23 81 100 357 466 522 592 713 744 
3 284 383 438 
3 132 179 883 
4 99 327 691 902 
7 103 327 365 671 704 738 899 
1 212 
5 33 76 509 523 855 
4 336 359 615 630 
6 27 298 316 623 735 750 
4 484 507 800 916 
5 47 66 137 245 667 
2 118 229 
7 245 319 436 468 663 743 763 
4 124 144 526 542 
12 162 196 201 220 409 417 515 546 586 682 686 760 
5 260 270 404 885 917 
7 15 376 395 428 511 582 906 
6 81 265 582 625 800 857 
4 250 445 586 627 
3 586 693 702 
5 74 157 370 376 381 
2 666 787 
5 135 176 459 492 628 
7 36 52 210 605 626 812 931 
3 139 379 595 
4 65 190 480 675 
3 90 148 701 
1 209 
4 400 521 638 640 
5 205 370 554 650 882 
1 690 
4 73 599 743 830 
6 120 258 474 516 684 744 
5 82 137 458 770 841 
4 330 564 781 869 
1 896 
10 116 171 474 478 518 590 649 666 728 893 
3 481 685 789 
4 94 252 771 902 
2 332 713 
7 103 163 249 282 482 498 688 
5 201 285 630 765 869 
4 117 291 453 458 
2 168 247 
6 10 96 146 368 620 880 
7 115 130 184 402 635 858 865 
3 215 387 717 
2 627 934 
1 347 
8 21 104 212 281 552 641 890 934 
4 59 171 288 419 
6 199 213 333 689 740 780 
9 11 132 289 378 428 545 705 770 901 
5 73 653 698 770 934 
5 190 293 322 442 562 
4 241 446 554 689 
4 62 455 466 868 
2 11 897 
5 182 690 853 888 934 
4 16 268 676 826 
4 27 425 429 640 
6 248 347 413 543 751 839 
5 8 587 686 727 817 
5 321 361 428 657 661 
3 516 568 882 
4 108 153 535 764 
7 2 23 172 285 452 873 915 
4 61 321 659 923 
4 2 260 580 656 
4 305 454 492 860 
8 47 87 124 257 278 349 544 657 
4 41 237 775 907 
9 209 251 513 559 577 609 733 785 859 
7 46 411 565 664 687 765 881 
5 7 13 213 393 508 
5 95 295 685 747 828 
3 200 482 603 
4 21 679 876 936 
3 378 827 862 
7 166 183 249 315 363 369 384 
6 21 284 389 527 531 585 
6 83 287 350 365 618 718 
9 21 29 252 312 359 434 518 537 840 
6 242 305 422 613 810 895 
2 128 815 
5 76 156 321 342 818 
8 116 224 455 471 635 657 739 745 
4 50 242 422 432 
5 230 455 531 557 665 
5 257 348 364 527 660 
8 59 121 162 502 562 598 612 652 
7 160 315 358 420 710 804 890 
4 86 173 430 833 
6 94 256 532 604 677 839 
7 99 274 297 442 510 546 733 
4 82 303 396 655 
4 461 582 655 732 
3 262 514 654 
4 2 171 599 652 
6 10 80 456 513 891 932 
4 188 304 380 472 
6 51 92 110 549 659 775 
5 171 189 219 225 651 
9 73 149 209 435 440 479 522 701 929 
1 670 
5 16 70 87 456 927 
2 49 166 
3 237 738 847 
5 109 265 483 696 923 
1 567 
12 311 399 528 584 633 710 759 871 873 877 882 937 
3 604 693 785 
7 335 379 434 557 617 810 901 
8 37 220 298 303 533 667 787 934 
4 19 50 211 692 
4 193 610 642 671 
940 2348
2 17 837 
3 416 529 598 
1 881 
4 293 369 399 566 
6 55 107 296 412 770 816 
5 109 353 410 772 881 
2 73 162 
6 436 470 473 521 546 897 
5 298 300 435 525 893 
2 324 542 
5 226 251 708 799 860 
6 67 77 210 313 683 842 
7 314 594 675 684 710 925 937 
7 453 554 559 594 748 768 855 
3 519 766 846 
6 54 209 519 615 705 735 
4 214 282 607 781 
6 0 170 626 645 813 848 
8 111 333 343 345 571 649 898 927 
8 40 437 483 509 619 662 766 871 
7 119 237 657 687 757 768 897 
2 71 439 
1 180 
7 384 479 637 679 797 803 815 
5 429 501 774 823 838 
2 359 844 
4 390 486 538 903 
3 156 650 921 
4 81 493 674 782 
6 66 428 524 589 637 737 
2 39 695 
9 183 201 213 305 325 544 545 782 822 
6 105 178 288 423 733 756 
7 232 298 349 572 639 726 745 
8 90 105 408 646 655 826 859 901 
8 216 237 251 431 483 753 829 878 
3 167 314 324 
4 235 328 617 853 
7 174 503 593 617 668 736 819 
5 30 282 543 784 844 
6 19 387 472 607 635 781 
5 202 443 683 706 909 
5 197 243 336 363 585 
6 294 465 543 659 792 853 
6 95 380 418 448 529 665 
6 82 269 604 792 906 932 
4 270 651 698 778 
2 58 876 
3 412 491 623 
4 64 141 387 783 
5 320 443 630 648 907 
4 169 180 244 676 
2 425 493 
7 452 540 733 778 789 796 866 
7 15 145 301 502 541 852 885 
3 4 573 910 
5 95 209 276 386 752 
7 352 461 578 728 784 845 902 
4 47 327 340 881 
10 122 175 413 473 577 637 704 820 872 907 
4 129 394 720 914 
3 210 614 667 
3 180 303 863 
4 205 497 633 774 
8 49 139 276 346 500 709 820 855 
6 92 200 309 476 578 608 
3 29 224 296 
8 11 227 269 324 340 500 777 901 
4 160 177 346 440 
4 157 517 752 817 
3 104 192 655 
5 21 610 631 698 887 
2 441 834 
2 6 739 
5 116 353 572 593 826 
5 105 182 208 356 687 
4 171 448 614 794 
3 11 105 380 
4 268 323 364 543 
6 263 311 355 793 830 891 
9 177 247 393 580 747 761 771 906 931 
6 28 132 236 577 601 612 
5 45 329 380 492 526 
9 283 332 401 408 431 651 718 754 876 
8 181 444 588 629 681 703 772 894 
6 134 251 295 428 481 698 
3 348 634 871 
5 100 662 748 834 906 
6 97 152 197 317 323 577 
3 113 356 938 
6 34 162 268 628 793 843 
2 416 522 
8 65 148 199 206 558 631 853 869 
5 235 330 612 621 695 
6 168 453 690 781 782 869 
9 44 56 130 358 517 554 570 656 682 
0 
5 88 229 472 843 924 
7 215 346 417 478 488 636 706 
3 294 445 894 
7 87 159 208 435 452 861 909 
2 263 508 
8 162 216 317 488 693 744 767 813 
9 167 261 405 580 615 731 821 853 933 
8 70 115 121 217 238 422 562 569 
8 32 34 75 77 321 345 514 904 
4 323 682 754 759 
6 4 189 434 628 747 837 
2 549 718 
6 5 339 383 388 645 692 
4 116 346 657 931 
4 18 378 777 815 
8 227 232 398 490 584 690 870 872 
6 89 128 130 580 907 910 
3 454 721 732 
2 104 192 
10 74 110 318 335 389 448 458 471 693 781 
2 416 461 
4 334 384 561 861 
10 20 133 212 442 461 562 641 662 663 789 
7 280 412 414 506 563 568 882 
1 104 
7 59 178 320 354 405 477 601 
3 206 240 716 
1 924 
3 384 845 934 
2 291 802 
4 385 727 818 854 
6 113 230 290 444 584 873 
6 60 274 414 503 588 790 
4 95 113 671 808 
3 159 237 464 
4 81 277 334 347 
8 119 135 334 663 688 833 840 916 
6 85 226 349 456 803 843 
8 133 197 283 492 542 623 643 870 
5 463 555 712 840 856 
6 325 341 393 411 470 687 
4 320 595 727 939 
5 64 170 325 478 555 
4 422 583 765 828 
3 49 184 462 
3 191 661 892 
2 162 254 
6 241 515 528 756 771 895 
4 54 227 635 920 
1 877 
7 178 192 254 271 400 591 651 
5 92 253 387 534 631 
5 224 585 652 794 937 
4 248 380 721 925 
6 182 322 505 553 679 907 
3 88 674 748 
1 425 
5 377 503 549 632 734 
2 235 767 
6 27 256 556 622 790 936 
7 69 163 263 291 309 366 449 
5 298 637 643 756 793 
8 100 131 258 307 375 380 503 702 
4 68 352 521 859 
5 207 293 483 661 779 
14 6 90 102 143 179 207 210 282 474 565 608 724 856 881 
2 157 307 
3 353 804 863 
4 214 296 325 573 
4 278 325 339 786 
5 36 103 430 501 623 
3 94 811 932 
5 51 216 464 803 854 
3 17 139 350 
1 76 
5 223 224 279 420 703 
4 332 660 883 887 
7 38 205 282 308 737 796 910 
5 59 363 611 673 860 
5 190 506 762 781 896 
5 68 80 214 544 549 
7 32 122 147 268 738 754 911 
6 162 215 226 366 399 929 
7 22 51 62 594 836 896 898 
5 84 222 608 651 652 
5 75 151 327 371 674 
6 31 367 536 577 883 905 
4 141 235 540 555 
3 238 317 646 
3 447 826 853 
6 226 375 377 605 769 915 
4 385 577 596 770 
8 107 213 334 346 688 715 794 915 
4 176 261 269 856 
9 142 467 587 635 717 733 873 890 894 
9 70 115 147 194 227 250 266 293 681 
3 327 497 551 
4 192 525 537 579 
3 583 591 703 
6 357 507 536 685 761 842 
7 42 88 135 227 515 781 845 
6 254 398 496 676 688 861 
4 92 228 251 860 
3 65 623 678 
4 31 236 449 922 
4 41 529 595 709 
4 461 656 730 905 
2 913 924 
5 63 174 524 569 931 
3 92 123 756 
7 161 162 270 389 720 783 805 
6 75 100 479 750 811 883 
10 15 56 216 239 376 448 521 709 728 883 
6 11 61 162 511 780 794 
3 270 328 509 
2 119 657 
5 31 189 440 570 677 
10 16 165 177 274 306 641 656 855 891 921 
4 98 179 634 820 
10 35 102 169 209 342 489 504 546 723 925 
5 104 423 445 546 702 
1 258 
3 559 817 892 
1 678 
5 665 679 685 856 875 
6 181 404 488 716 736 753 
3 172 677 816 
9 66 149 172 692 700 776 819 869 926 
7 320 433 494 641 775 793 875 
8 10 134 179 187 661 783 826 864 
7 67 112 145 192 197 480 719 
4 199 369 637 729 
5 97 288 373 466 485 
4 128 629 779 796 
5 440 518 598 615 835 
4 33 112 334 819 
10 379 486 549 621 769 771 799 802 875 894 
3 313 726 772 
8 37 93 155 184 451 470 871 908 
5 81 201 250 526 833 
6 20 35 131 246 720 900 
4 104 185 456 879 
4 209 427 585 917 
2 123 862 
10 144 294 325 362 520 628 636 761 827 926 
3 389 742 822 
3 42 264 269 
6 51 579 687 894 905 924 
2 265 723 
3 237 670 682 
5 80 298 584 652 686 
7 150 297 425 653 698 728 829 
5 504 609 668 683 708 
6 192 236 475 685 839 884 
8 10 35 85 199 514 671 745 762 
6 335 430 448 547 666 738 
3 148 352 481 
7 143 147 198 302 645 791 847 
10 363 440 455 481 490 520 539 790 847 855 
4 156 320 432 489 
2 367 554 
8 159 218 375 473 595 855 873 921 
6 458 508 630 734 787 902 
6 310 372 460 470 565 730 
6 103 190 627 660 835 869 
5 302 641 654 676 848 
5 79 101 157 356 548 
5 243 564 664 798 848 
3 245 319 383 
11 192 352 413 446 521 569 591 655 685 933 938 
2 465 760 
4 78 90 178 769 
7 45 67 190 243 473 799 927 
5 46 207 211 711 731 
6 147 369 440 715 875 901 
5 396 688 689 722 912 
2 754 824 
5 129 214 310 456 485 
8 325 353 356 409 470 604 828 903 
4 56 64 323 779 
4 132 330 465 525 
5 166 368 386 826 933 
3 172 318 797 
9 120 281 370 449 532 592 652 749 813 
4 280 519 691 737 
4 16 39 162 174 
4 83 135 390 803 
3 330 404 423 
2 386 456 
1 895 
4 469 523 804 885 
6 32 229 492 538 656 726 
2 751 793 
3 128 735 816 
5 126 157 306 533 821 
1 799 
4 3 161 192 821 
12 43 99 241 308 393 430 444 593 642 770 789 834 
4 85 346 649 730 
4 4 66 165 575 
3 248 423 721 
9 8 33 158 247 348 440 500 627 899 
7 341 714 738 801 898 899 920 
4 8 313 364 701 
5 54 782 808 836 839 
7 254 262 316 467 514 576 610 
2 62 344 
3 613 746 885 
3 31 444 467 
3 214 291 319 
5 159 163 399 577 819 
7 174 294 355 632 727 809 930 
6 65 157 311 490 676 759 
8 260 274 320 417 566 600 661 685 
7 79 309 367 411 447 592 714 
3 633 675 857 
10 11 234 300 342 343 477 518 560 681 779 
6 12 36 545 566 740 927 
2 472 727 
3 302 393 667 
5 88 102 185 931 935 
4 116 279 428 878 
7 265 306 376 451 452 714 836 
9 50 122 138 225 256 310 649 738 779 
10 105 370 386 387 398 455 456 527 531 929 
5 151 395 544 605 818 
8 78 88 106 276 531 598 640 785 
6 9 36 67 472 540 562 
10 31 137 139 165 166 241 275 329 711 891 
2 342 853 
5 58 182 193 532 564 
7 37 211 387 466 578 793 928 
5 82 325 368 467 541 
8 93 277 284 484 565 617 634 728 
2 373 573 
5 83 173 628 697 706 
5 18 522 628 846 848 
9 118 132 133 189 232 521 683 790 809 
7 116 252 376 395 508 577 793 
5 42 455 517 620 638 
3 608 786 890 
7 385 393 394 508 686 730 818 
6 109 166 405 587 601 769 
7 58 67 497 647 673 724 764 
7 137 299 354 549 704 835 935 
5 216 313 326 678 811 
2 18 313 
6 303 389 496 638 698 834 
9 18 105 387 410 468 478 610 616 756 
8 64 68 98 110 189 295 434 904 
4 132 396 515 835 
8 86 298 349 403 685 701 717 859 
4 33 134 348 871 
4 170 406 451 643 
3 480 840 904 
7 57 160 253 266 448 490 857 
5 5 74 164 275 718 
8 122 341 408 501 657 709 761 796 
7 79 308 560 608 617 830 883 
6 75 89 263 275 717 719 
2 196 392 
3 95 365 646 
4 25 531 687 905 
5 411 441 456 506 614 
3 682 710 847 
4 241 638 658 660 
8 42 175 255 388 522 798 831 844 
2 78 300 
6 358 387 406 451 850 914 
4 157 179 676 875 
5 183 257 311 385 750 
5 278 329 606 808 906 
6 3 228 271 582 678 844 
4 280 321 398 508 
6 182 530 601 689 838 919 
6 260 509 584 744 809 835 
3 229 331 849 
1 841 
6 159 187 258 542 665 717 
6 209 319 335 594 804 843 
5 154 187 593 649 929 
4 111 382 668 726 
1 233 
6 44 77 82 150 159 417 
1 698 
3 378 466 921 
10 109 265 469 496 567 610 696 713 794 805 
4 23 118 125 786 
6 127 188 338 367 434 851 
7 56 278 285 321 478 827 889 
8 40 49 148 321 328 345 365 465 
7 109 363 487 599 628 688 792 
10 116 207 242 344 400 494 555 710 799 801 
4 26 283 516 763 
0 
5 357 408 779 848 919 
7 80 137 294 316 338 548 742 
4 60 338 776 908 
4 322 335 523 766 
4 272 347 639 795 
1 867 
9 112 198 321 370 719 800 838 879 900 
4 3 179 307 521 
4 147 389 469 717 
4 83 556 567 596 
4 488 489 580 716 
2 348 574 
4 222 284 639 891 
5 103 122 339 684 897 
5 350 365 419 436 800 
1 486 
7 34 83 354 392 523 834 855 
4 275 420 612 776 
4 5 345 738 925 
7 137 311 360 565 589 702 912 
7 4 48 120 523 693 721 819 
5 59 266 435 728 880 
6 120 129 580 894 904 917 
4 480 592 718 893 
4 1 91 117 595 
6 98 310 380 516 683 687 
4 44 617 780 846 
6 406 469 501 508 571 922 
3 172 409 790 
6 468 526 671 746 762 840 
6 104 140 436 704 746 755 
7 32 217 284 297 574 578 686 
4 458 523 541 872 
3 52 153 248 
4 561 596 721 904 
5 239 555 727 732 815 
3 29 85 318 
3 24 899 921 
4 167 252 294 833 
9 35 83 520 530 703 720 809 916 932 
2 256 868 
4 225 458 640 934 
10 107 346 385 442 636 642 652 697 714 923 
7 8 100 413 629 783 834 903 
4 7 406 422 605 
5 19 463 545 885 899 
0 
3 21 709 870 
11 68 213 231 255 271 298 466 470 682 764 816 
6 72 360 491 596 666 878 
6 119 434 668 749 769 892 
7 41 50 505 689 736 896 898 
6 84 128 294 305 676 827 
4 99 217 744 844 
1 266 
5 186 311 700 702 707 
9 44 76 116 209 252 352 496 555 831 
4 157 201 280 775 
3 461 580 669 
6 235 319 350 365 771 814 
6 53 100 319 613 614 706 
6 13 94 646 666 752 821 
5 114 675 776 820 824 
7 255 321 336 490 506 524 824 
7 134 238 274 285 321 360 865 
1 849 
4 116 259 424 433 
4 575 576 593 903 
5 260 509 653 717 912 
6 57 117 119 203 450 540 
5 141 492 669 851 884 
4 136 437 683 892 
2 131 169 
5 43 267 277 387 512 
8 229 328 382 440 636 641 731 739 
6 191 302 305 329 751 809 
3 345 421 568 
8 287 383 400 419 574 618 629 654 
7 7 137 235 260 275 440 535 
4 116 503 543 769 
9 40 97 315 324 513 593 610 645 786 
8 7 59 258 269 492 731 823 892 
2 162 482 
4 250 569 714 814 
4 65 723 787 790 
5 122 313 504 586 632 
10 98 139 345 386 500 512 548 604 839 845 
8 23 208 482 560 588 591 787 862 
6 227 351 415 499 752 839 
9 85 253 255 525 644 744 772 775 935 
4 474 479 678 705 
3 19 35 161 
3 330 666 885 
3 229 274 587 
4 26 233 407 836 
3 388 491 669 
6 98 102 222 402 517 575 
4 216 256 402 720 
7 112 255 309 352 455 685 873 
5 48 441 487 555 783 
8 82 135 288 462 473 530 555 758 
4 28 52 524 733 
2 225 389 
4 575 684 733 919 
5 198 344 383 448 870 
7 63 193 340 753 781 807 863 
1 806 
3 480 592 903 
7 64 67 298 478 685 748 848 
6 24 167 354 419 613 887 
4 54 536 573 592 
7 38 129 154 159 471 683 820 
8 216 249 477 521 662 681 860 896 
4 151 443 528 691 
5 120 176 360 455 837 
3 196 606 721 
10 101 259 335 338 370 419 520 612 782 886 
5 19 211 372 460 819 
0 
3 210 689 937 
5 465 478 798 840 935 
3 472 706 902 
3 105 251 302 
4 144 197 347 567 
4 390 417 734 914 
6 69 95 336 488 569 607 
3 231 313 542 
6 14 15 281 784 878 879 
7 241 255 431 508 600 832 868 
9 7 160 209 266 334 399 504 657 776 
6 91 333 363 658 741 863 
8 287 395 408 412 424 530 807 860 
6 29 205 455 493 792 931 
5 8 194 277 481 930 
4 82 236 421 907 
2 321 865 
5 144 505 541 764 875 
4 1 44 202 547 
6 371 431 492 523 666 850 
4 321 323 359 755 
6 280 327 570 583 719 721 
2 291 737 
2 148 573 
2 470 665 
8 183 196 502 625 630 759 780 886 
3 194 618 758 
3 26 288 809 
2 255 860 
6 53 184 324 461 612 863 
5 54 329 424 528 734 
4 9 135 375 518 
6 39 43 78 471 874 904 
3 31 177 322 
4 31 314 437 588 
6 7 216 217 669 684 892 
3 252 529 834 
5 263 393 478 589 907 
8 108 154 177 233 341 556 680 923 
2 556 862 
1 193 
0 
2 151 869 
4 13 95 257 622 
9 136 139 184 389 427 448 491 492 822 
6 156 401 549 550 774 844 
4 664 665 750 900 
2 92 874 
6 13 219 689 826 866 910 
5 313 355 479 597 684 
2 118 426 
3 104 119 324 
4 120 859 905 923 
5 264 327 667 712 876 
6 162 260 330 411 745 760 
5 3 310 314 774 917 
5 383 401 515 611 775 
2 120 468 
6 104 205 266 475 517 637 
7 95 213 532 596 668 767 830 
3 18 419 705 
2 33 74 
6 55 165 331 502 534 719 
4 403 423 469 836 
7 296 459 488 495 711 864 882 
4 302 459 590 807 
10 59 81 88 183 188 307 335 641 698 866 
5 57 65 328 423 724 
4 194 244 675 925 
9 80 103 113 402 414 450 594 597 857 
1 864 
3 369 609 743 
3 140 195 532 
5 112 128 247 372 816 
4 42 149 239 884 
2 477 846 
4 191 339 485 863 
5 84 129 479 545 854 
5 29 411 548 661 927 
2 576 687 
4 147 195 266 479 
8 280 311 415 499 502 700 749 826 
7 38 74 294 377 459 472 714 
6 12 13 180 376 580 877 
6 138 202 258 416 644 845 
5 188 401 426 441 570 
4 560 580 712 861 
4 1 231 323 873 
2 388 895 
4 310 520 806 811 
5 81 122 339 371 645 
3 632 636 935 
1 672 
4 45 275 478 732 
4 187 322 436 787 
3 368 507 625 
8 16 40 517 635 684 780 918 926 
6 65 162 181 337 355 733 
2 249 582 
6 71 302 345 383 472 612 
3 175 567 695 
8 81 93 409 508 540 610 902 909 
4 304 452 501 800 
4 61 76 360 452 
4 15 103 231 882 
3 345 787 906 
8 37 38 330 355 418 686 703 795 
4 469 537 755 907 
5 19 741 744 763 872 
3 336 810 906 
4 93 233 701 834 
5 156 554 643 669 849 
10 48 135 167 200 641 705 738 804 886 921 
2 886 923 
3 536 606 801 
1 17 
2 261 298 
7 90 107 241 332 333 388 911 
6 84 230 435 469 725 750 
6 50 259 536 654 824 900 
4 71 92 148 673 
6 154 308 477 602 921 926 
4 63 312 717 740 
3 86 215 330 
4 40 145 191 607 
7 98 241 434 466 602 844 849 
7 23 29 59 158 228 569 831 
6 336 344 362 677 691 739 
5 33 396 404 756 915 
3 323 433 648 
12 119 214 225 262 466 577 623 649 666 743 821 847 
3 294 434 786 
4 135 158 350 622 
3 481 595 884 
5 17 109 254 472 601 
5 34 185 358 453 712 
3 340 834 937 
6 50 640 821 853 876 914 
6 18 295 320 377 641 730 
3 27 808 830 
7 46 83 147 181 738 770 912 
5 149 181 247 280 434 
4 248 460 837 908 
4 262 469 630 706 
7 34 70 266 716 783 793 869 
5 95 203 214 288 848 
6 20 110 212 354 521 782 
2 362 522 
2 43 727 
3 173 261 362 
9 142 161 226 310 589 665 735 864 897 
4 19 87 119 504 
3 119 133 917 
4 264 557 911 912 
7 44 221 375 535 557 661 874 
8 252 441 453 484 530 641 713 888 
4 61 316 564 860 
6 38 249 378 442 570 819 
7 450 462 487 546 622 921 932 
1 246 
5 130 251 421 858 881 
2 603 722 
8 175 340 631 674 792 796 870 921 
5 28 152 182 673 932 
5 12 312 454 579 739 
7 51 198 262 309 366 444 776 
4 213 223 638 824 
5 200 220 342 369 482 
3 23 151 221 
1 549 
5 84 192 313 504 850 
6 95 106 246 361 440 796 
10 11 41 249 334 417 463 503 788 790 889 
6 12 405 495 546 560 607 
9 196 221 250 266 310 348 490 500 848 
5 247 338 423 617 868 
8 20 75 137 244 359 417 590 820 
7 133 189 198 272 388 831 900 
6 272 371 443 511 559 765 
3 94 112 724 
5 281 505 638 710 799 
2 109 224 
4 102 116 412 816 
1 722 
7 30 93 611 863 895 898 937 
3 383 805 835 
6 332 434 724 781 845 917 
9 46 71 85 248 344 381 577 724 782 
2 727 903 
6 224 447 592 787 800 850 
6 300 348 621 725 727 929 
5 159 217 411 447 758 
5 84 172 195 431 617 
6 59 341 422 708 728 853 
5 15 482 571 623 928 
7 41 98 332 452 513 654 853 
1 447 
4 10 249 704 710 
7 64 202 209 354 439 887 918 
7 12 361 389 691 708 885 933 
4 270 325 575 821 
4 136 564 597 646 
5 383 666 741 779 864 
6 299 311 319 434 475 593 
3 189 271 738 
7 123 222 402 655 832 838 885 
9 191 348 356 375 400 460 633 852 930 
6 83 108 353 415 808 880 
6 227 356 398 532 573 767 
5 60 207 237 431 489 
8 114 150 297 412 426 507 532 876 
3 272 672 694 
4 216 245 476 849 
8 162 340 578 690 697 698 789 870 
3 629 701 793 
6 33 234 288 378 767 885 
9 127 138 308 315 427 659 699 701 767 
7 57 209 248 330 413 704 782 
2 228 824 
6 203 260 295 338 649 767 
4 103 270 466 473 
5 114 427 604 783 921 
7 32 53 191 493 495 608 768 
6 154 259 516 541 914 930 
3 15 290 661 
5 38 222 443 835 867 
6 29 174 281 533 745 821 
9 178 252 299 320 410 623 651 715 817 
4 73 466 638 675 
3 314 633 891 
3 522 619 713 
2 242 393 
3 582 641 764 
5 102 372 445 481 619 
8 33 251 565 737 768 787 808 850 
3 304 421 422 
3 80 107 846 
4 13 87 152 500 
3 280 442 592 
5 208 367 557 629 839 
3 289 467 862 
4 56 69 453 480 
4 35 222 497 930 
7 83 106 178 273 767 769 902 
4 422 531 618 846 
6 32 144 158 206 345 639 
2 20 792 
4 492 537 702 833 
4 106 309 536 767 
4 267 565 782 871 
6 80 196 241 354 809 871 
5 176 251 421 787 869 
4 390 619 785 815 
4 340 440 528 743 
2 140 689 
4 14 19 395 884 
10 102 155 570 719 726 727 730 754 759 813 
6 13 20 733 745 834 876 
8 187 233 268 339 442 471 754 804 
6 4 188 294 651 791 835 
5 80 144 233 451 816 
4 5 84 234 481 
2 825 880 
5 24 63 556 566 909 
6 225 449 481 567 797 870 
7 224 394 409 454 521 676 818 
3 67 111 916 
2 46 53 
8 161 230 276 313 320 392 713 860 
4 210 418 536 607 
10 16 40 94 116 176 197 497 697 901 919 
10 28 31 94 301 508 657 698 728 760 812 
8 49 207 226 435 491 655 732 809 
4 39 57 519 832 
5 323 763 805 814 833 
6 166 337 384 472 642 905 
10 259 476 479 605 616 700 745 762 897 908 
1 683 
5 53 119 294 724 899 
7 129 156 255 334 420 476 683 
3 254 770 844 
6 43 45 388 524 673 757 
10 79 90 158 225 289 328 335 655 725 887 
6 76 149 189 210 383 858 
4 396 617 812 938 
6 53 174 230 354 673 682 
4 23 279 775 875 
5 264 363 512 828 837 
7 10 233 269 292 389 691 804 
5 398 406 613 700 892 
3 299 389 625 
2 126 233 
4 23 134 169 283 
9 164 287 376 623 769 799 828 862 889 
5 207 383 696 785 807 
2 498 600 
5 497 523 576 805 866 
7 130 301 368 650 718 745 835 
8 308 334 372 431 467 538 761 783 
1 620 
4 168 208 342 600 
2 782 795 
4 17 102 280 767 
4 451 475 785 896 
4 23 111 427 763 
7 4 223 290 440 584 693 771 
6 69 219 738 833 836 935 
4 127 322 338 776 
7 38 224 232 307 412 509 668 
8 59 64 215 454 503 687 827 914 
9 103 291 293 453 641 648 711 737 915 
5 31 242 555 883 893 
2 24 473 
8 273 454 455 630 677 729 831 865 
1 773 
8 34 74 186 226 278 559 592 836 
5 241 386 444 820 851 
4 140 275 798 804 
3 35 248 870 
4 79 355 570 650 
5 363 448 637 688 824 
5 520 716 784 851 898 
7 133 236 430 758 785 817 935 
11 72 87 294 344 408 435 547 621 647 768 917 
9 231 261 341 347 372 696 736 770 808 
8 180 301 319 486 574 817 826 847 
5 0 107 506 653 798 
4 24 371 398 716 
5 250 301 478 480 750 
6 133 136 351 421 512 845 
1 374 
2 11 196 
4 90 97 134 376 
10 25 39 363 369 445 556 636 791 853 933 
7 57 125 197 478 595 697 840 
7 14 333 418 586 747 755 926 
6 254 255 361 641 836 863 
8 17 262 264 333 392 500 656 685 
5 373 457 622 636 723 
5 365 530 681 700 745 
5 385 462 827 832 855 
2 54 717 
10 37 43 92 103 186 326 648 704 706 844 
3 127 169 588 
7 13 64 214 255 258 408 851 
7 136 162 190 221 902 930 933 
3 312 352 580 
3 671 794 916 
4 34 160 348 563 
8 10 175 199 504 523 539 667 779 
4 100 118 198 597 
5 240 479 550 751 804 
9 62 164 497 522 540 587 695 847 898 
5 226 575 581 661 713 
3 456 527 824 
4 53 559 577 807 
3 397 736 930 
4 432 520 686 875 
9 92 94 224 261 553 655 762 873 912 
8 112 135 439 496 673 724 775 829 
7 19 86 235 349 760 761 893 
5 59 112 424 619 925 
6 128 191 258 490 598 869 
3 543 558 665 
10 221 225 233 271 366 528 797 868 918 925 
6 47 83 564 648 721 768 
2 146 594 
4 35 318 441 519 
3 238 398 519 
3 413 718 773 
6 2 5 58 162 671 885 
3 120 575 615 
6 173 183 208 209 355 822 
5 250 462 585 644 766 
9 54 287 304 437 484 710 716 726 881 
4 508 536 623 624 
5 71 173 501 709 793 
1 666 
3 386 683 804 
2 191 337 
5 79 214 325 404 740 
8 142 219 442 463 473 546 800 911 
5 8 415 822 871 902 
6 84 99 191 233 244 414 
4 144 286 599 695 
5 176 180 443 504 814 
5 7 20 405 661 787 
7 18 180 299 443 695 832 863 
5 298 299 429 437 789 
5 237 398 557 630 688 
4 34 67 271 781 
8 57 259 513 612 754 856 893 934 
6 26 275 435 459 499 699 
6 105 346 351 414 426 543 
6 183 203 244 359 563 786 
6 45 80 87 368 616 620 
7 50 59 113 151 526 548 618 
5 235 394 653 787 919 
6 41 100 612 774 913 931 
4 55 113 174 559 
4 178 628 664 892 
6 272 411 460 651 664 869 
2 204 909 
7 60 365 516 648 734 820 934 
4 187 189 639 821 
4 133 431 777 858 
6 239 414 566 663 697 834 
3 607 709 875 
5 371 392 495 781 908 
3 145 299 924 
10 27 214 258 382 429 623 632 669 673 732 
2 201 419 
4 434 549 563 624 
5 97 124 204 244 920 
7 12 150 216 410 579 872 875 
5 224 241 607 632 846 
4 18 269 314 589 
2 328 705 
4 179 321 377 701 
7 308 525 717 734 753 856 867 
6 80 110 205 317 524 909 
5 45 168 431 669 674 
6 103 266 278 710 844 856 
4 125 433 902 914 
7 317 341 481 512 602 817 833 
1 156 
5 12 149 511 647 695 
3 89 266 795 
1 138 
