950 2231
6 5 416 420 489 753 807 
5 44 109 470 684 741 
8 374 378 495 532 604 870 872 902 
4 242 544 592 610 
6 19 114 308 353 369 491 
6 0 176 254 467 645 654 
1 189 
2 40 828 
5 310 470 535 636 806 
4 242 320 558 722 
8 64 397 398 435 624 768 823 939 
4 455 766 771 906 
5 218 444 599 601 890 
7 89 146 227 361 625 666 768 
4 280 340 401 815 
6 167 233 553 593 616 690 
8 25 365 385 509 603 609 723 769 
4 95 539 791 832 
3 91 917 925 
5 4 224 599 748 759 
4 376 811 872 884 
8 250 319 580 663 691 694 696 829 
8 52 79 157 342 562 603 803 895 
7 128 441 458 511 594 660 866 
5 94 122 125 200 564 
6 16 488 703 704 713 724 
2 73 460 
3 335 562 614 
7 174 226 292 408 432 481 693 
5 30 338 616 720 858 
4 29 199 298 788 
5 352 383 442 643 930 
5 253 309 361 402 474 
3 450 622 625 
4 230 683 790 944 
7 116 296 363 365 407 644 763 
6 69 252 487 686 753 912 
6 48 567 852 890 915 922 
6 103 115 119 197 276 381 
2 360 584 
5 7 343 371 631 769 
6 175 379 485 547 572 623 
7 206 223 261 369 750 797 799 
3 368 376 608 
5 1 224 503 704 817 
3 178 672 717 
3 437 591 620 
4 64 364 424 603 
9 37 130 148 221 463 590 613 833 886 
2 292 440 
6 288 411 438 695 758 803 
4 415 560 709 896 
10 22 99 132 196 231 327 434 439 445 466 
3 192 502 610 
3 85 656 911 
3 205 622 802 
2 80 734 
0 
10 70 89 154 401 524 575 740 868 900 912 
3 284 324 731 
0 
5 281 415 425 673 928 
3 154 790 902 
3 333 552 805 
5 10 47 308 432 576 
6 68 76 129 199 650 805 
2 174 442 
5 114 349 427 434 849 
2 65 262 
4 36 347 504 869 
4 58 229 633 773 
2 646 889 
3 552 594 787 
5 26 125 147 197 531 
3 104 226 682 
4 331 368 393 943 
2 65 149 
4 339 491 665 906 
2 322 616 
5 22 233 249 290 765 
7 56 123 555 786 815 882 899 
1 904 
5 99 130 545 682 941 
3 203 491 664 
8 241 258 330 365 459 472 533 612 
4 54 96 534 919 
5 478 762 769 886 921 
2 141 431 
2 300 505 
6 13 58 221 386 391 809 
8 160 206 252 253 540 544 609 933 
4 18 243 862 894 
7 134 138 142 194 565 628 676 
6 333 576 680 716 777 832 
8 24 116 212 575 584 803 880 918 
5 17 111 174 253 761 
5 85 253 491 674 884 
3 264 452 876 
5 115 468 547 687 778 
7 52 82 390 587 673 845 850 
4 111 186 336 873 
2 243 381 
6 114 421 595 644 680 779 
5 38 390 485 678 818 
2 74 810 
5 519 588 726 755 812 
4 356 406 486 712 
4 162 183 501 650 
4 682 710 713 749 
6 1 161 198 249 664 747 
5 374 400 693 703 728 
6 95 100 341 673 764 890 
5 172 388 473 858 916 
6 206 363 389 449 880 896 
8 4 67 102 236 340 374 473 553 
8 38 98 147 346 533 583 759 842 
6 35 94 419 461 528 843 
6 140 415 466 486 627 831 
3 130 296 413 
7 38 132 183 218 364 485 855 
8 178 260 278 328 532 558 575 778 
3 270 618 793 
2 24 592 
4 80 260 422 479 
5 214 581 604 639 916 
5 24 73 800 836 929 
5 156 221 333 524 801 
6 205 267 335 449 592 762 
7 23 137 164 232 246 564 723 
4 65 313 388 618 
8 48 82 118 212 309 510 639 731 
7 142 150 323 373 640 689 821 
7 52 119 270 524 649 766 819 
1 805 
7 92 284 310 555 564 708 854 
1 433 
6 276 299 470 507 665 736 
4 128 446 646 938 
6 92 268 373 499 536 942 
6 484 504 513 579 624 626 
6 117 165 374 378 481 923 
6 87 174 500 513 606 929 
3 92 131 605 
2 202 757 
1 763 
5 211 503 541 620 731 
3 13 752 906 
5 73 115 171 527 796 
5 48 237 363 432 457 
1 76 
5 131 294 425 506 787 
5 285 610 644 687 851 
2 155 714 
2 402 468 
5 58 62 383 543 936 
8 152 177 346 404 526 550 770 859 
1 126 
2 22 751 
5 418 468 624 667 894 
4 205 471 737 776 
5 90 417 643 793 869 
5 109 388 572 620 807 
6 107 173 425 426 433 728 
2 639 883 
12 128 245 335 364 485 490 530 580 582 598 810 837 
5 140 324 643 686 935 
4 241 438 470 750 
4 15 293 306 639 
3 211 231 349 
9 243 355 573 707 721 769 773 815 841 
5 245 360 618 725 802 
7 147 389 393 425 564 739 874 
6 112 186 480 772 878 882 
3 162 367 848 
11 28 66 95 141 509 590 633 790 822 836 846 
3 41 554 856 
7 5 194 311 366 773 779 786 
5 155 255 446 577 910 
5 45 120 308 702 754 
5 213 319 449 487 760 
6 202 255 597 825 838 898 
4 606 671 741 784 
5 286 301 560 691 725 
6 107 119 288 405 848 934 
3 335 436 905 
4 331 339 418 596 
6 100 172 389 567 627 882 
6 417 422 557 599 685 770 
7 360 413 468 497 702 742 756 
3 6 351 786 
4 397 653 716 787 
1 522 
2 53 644 
4 331 561 727 756 
5 92 176 297 385 949 
5 481 505 645 700 942 
5 52 475 767 897 920 
7 38 73 386 501 548 737 805 
7 109 208 399 474 574 844 926 
9 30 65 325 352 508 583 730 822 874 
2 24 488 
5 238 578 663 687 923 
5 143 180 563 579 793 
5 83 292 576 839 906 
2 556 565 
5 55 127 159 374 914 
6 42 90 113 511 739 936 
8 242 287 318 395 427 637 752 922 
3 198 226 533 
4 305 549 609 923 
4 228 575 665 754 
7 145 168 218 241 531 574 845 
5 94 130 500 845 925 
3 179 287 711 
3 124 400 658 
1 762 
3 463 474 929 
8 238 485 489 536 573 828 927 930 
5 12 119 211 243 256 
3 482 500 761 
1 285 
6 48 89 126 237 591 848 
3 319 461 851 
6 42 298 312 395 502 697 
5 19 44 305 562 684 
3 400 600 695 
10 28 74 208 296 319 618 624 708 837 890 
6 13 442 512 579 772 940 
5 210 253 452 472 534 
3 70 481 844 
5 34 269 326 581 903 
5 52 168 375 787 834 
4 128 459 518 577 
4 15 79 768 814 
5 408 578 664 700 847 
5 266 361 513 529 858 
2 114 409 
3 148 221 480 
6 201 217 596 758 852 939 
8 444 445 611 615 662 677 715 945 
4 460 733 816 864 
4 84 166 211 756 
7 3 9 207 353 499 501 880 
7 91 101 169 218 249 343 715 
3 267 506 685 
6 164 170 302 316 376 511 
5 128 433 477 516 858 
5 380 442 609 744 877 
3 292 483 726 
8 79 109 243 267 436 480 747 887 
4 21 325 644 844 
1 888 
5 36 90 353 511 908 
11 32 90 95 96 228 297 439 697 822 883 899 
8 5 403 422 480 554 582 766 816 
3 177 180 352 
1 218 
2 309 362 
4 84 411 520 864 
2 365 417 
4 120 123 591 783 
5 42 760 870 914 933 
6 68 337 395 440 719 811 
4 459 476 603 782 
5 97 345 643 708 933 
1 513 
7 235 373 418 529 627 658 861 
7 127 244 249 435 644 655 686 
5 138 485 718 746 749 
2 230 353 
5 121 132 748 884 944 
2 419 498 
2 313 457 
3 729 746 901 
7 357 538 587 592 679 684 804 
3 302 409 630 
4 38 136 639 872 
2 416 741 
6 120 581 718 798 838 874 
4 491 646 793 870 
7 14 291 316 398 399 431 651 
5 61 519 677 702 825 
1 356 
1 689 
8 59 134 369 495 547 644 811 856 
5 151 220 632 732 896 
2 182 748 
5 207 213 543 549 594 
2 50 183 
7 371 396 424 578 657 844 945 
4 79 350 683 748 
4 280 326 571 642 
6 28 49 203 248 348 429 
5 167 344 442 562 671 
4 150 425 462 567 
0 
5 35 118 226 555 672 
3 194 253 711 
4 30 223 584 636 
7 136 338 379 479 497 738 742 
5 88 470 521 530 834 
5 182 425 439 536 686 
7 245 275 311 495 758 787 937 
2 479 530 
3 747 787 853 
5 209 224 451 687 869 
4 167 472 520 590 
5 382 500 516 792 861 
11 4 64 178 340 524 739 765 772 806 832 853 
4 32 130 257 775 
8 8 134 420 507 585 772 933 945 
4 176 302 390 847 
5 223 381 433 456 486 
3 129 272 768 
3 582 587 806 
2 603 668 
7 245 280 366 519 556 827 831 
4 419 494 649 803 
2 207 494 
6 21 179 222 226 479 903 
2 9 367 
4 453 475 481 484 
10 78 435 467 483 485 536 551 638 677 678 
1 131 
2 59 165 
5 199 250 537 663 846 
4 230 291 730 749 
4 52 409 638 837 
5 120 330 417 550 635 
3 364 710 721 
5 84 328 442 666 925 
6 75 185 193 452 546 898 
4 406 459 880 944 
4 63 93 126 630 
4 650 800 843 925 
6 27 127 164 184 741 939 
3 100 736 737 
4 262 534 672 776 
4 29 299 352 926 
4 77 185 397 658 
5 14 114 308 709 868 
3 111 686 743 
8 22 373 422 435 565 642 760 901 
4 40 243 448 486 
4 293 414 500 797 
5 264 410 544 699 888 
3 115 155 663 
3 69 699 798 
5 292 426 566 781 854 
2 67 168 
2 290 379 
5 189 394 512 797 821 
9 31 199 255 338 518 556 582 752 896 
8 4 242 252 269 512 646 796 871 
6 368 407 555 561 715 737 
3 169 501 820 
5 106 282 371 427 879 
5 274 603 804 901 918 
4 665 798 844 876 
4 506 603 697 774 
4 39 170 188 520 
5 13 32 235 819 933 
6 257 557 599 641 689 764 
8 35 113 148 406 511 517 524 708 
10 47 119 164 329 633 642 767 797 907 926 
6 16 35 84 259 496 544 
3 176 316 943 
5 173 320 377 456 764 
7 43 75 354 517 752 780 783 
4 4 42 284 688 
4 533 537 788 907 
7 40 289 356 426 713 833 849 
3 404 537 563 
8 131 138 266 342 401 493 581 629 
8 2 110 114 140 205 450 553 591 
4 231 457 586 816 
5 20 43 245 598 757 
5 367 406 742 853 867 
6 2 140 468 526 607 813 
4 41 299 350 912 
3 247 532 685 
6 38 101 312 387 496 819 
4 307 481 515 615 
7 31 154 389 503 635 667 688 
2 463 724 
4 16 194 572 580 
3 89 197 881 
3 381 613 732 
6 112 129 161 440 469 789 
8 113 171 186 383 599 614 851 881 
6 99 103 311 468 535 857 
3 89 461 580 
2 486 815 
7 75 171 501 539 716 868 893 
1 351 
9 207 223 262 475 603 699 802 851 858 
5 289 468 495 541 877 
6 10 190 339 519 635 761 
4 10 280 408 420 
7 198 280 413 757 796 881 901 
5 110 214 225 473 837 
5 14 58 373 542 809 
5 32 153 549 803 896 
4 254 467 683 752 
7 155 372 574 740 749 891 918 
2 183 651 
6 106 332 363 377 528 741 
2 35 354 
5 28 234 398 593 706 
4 236 275 327 551 
3 345 413 682 
2 50 258 
1 415 
5 118 188 399 410 439 
3 344 931 935 
7 51 61 117 412 471 740 796 
6 0 277 477 524 761 810 
8 160 187 259 328 505 610 663 854 
6 158 185 266 663 936 939 
5 116 271 317 528 711 
9 0 310 398 696 727 756 792 803 857 
2 102 782 
6 123 187 254 342 796 885 
4 518 555 837 841 
3 47 289 755 
9 61 150 162 171 294 301 477 599 937 
11 162 348 371 436 540 558 714 744 773 839 851 
4 67 207 356 717 
3 464 507 608 
3 292 487 771 
4 473 561 713 874 
2 87 280 
6 28 64 148 473 627 873 
6 135 162 246 312 498 738 
4 52 67 542 582 
7 10 267 322 342 719 747 750 
4 184 249 426 656 
5 46 452 755 887 888 
4 50 166 471 825 
4 52 253 301 413 
5 49 262 388 674 849 
4 23 621 740 800 
6 31 66 227 247 293 330 
1 879 
4 12 239 487 836 
3 52 239 844 
9 137 177 468 572 609 812 842 844 887 
4 528 565 836 842 
2 343 536 
7 113 127 179 492 732 741 886 
8 33 374 476 491 655 702 826 845 
4 305 486 593 802 
8 97 228 331 437 580 633 738 861 
2 321 492 
4 465 490 571 867 
1 11 
4 312 367 496 835 
9 148 272 375 478 496 547 603 891 928 
1 23 
8 84 232 263 332 521 652 662 790 
7 26 240 648 685 752 777 867 
5 116 222 391 656 664 
5 294 538 745 827 882 
6 48 216 384 533 549 730 
6 428 664 679 697 911 915 
4 454 512 681 689 
5 52 117 518 595 661 
5 5 322 403 596 677 
10 98 153 158 188 378 390 396 446 558 835 
3 388 490 882 
11 1 8 136 166 300 525 784 893 923 927 939 
5 159 415 438 776 916 
8 84 228 306 485 522 623 759 795 
7 112 114 400 430 432 807 869 
6 32 198 216 482 688 929 
6 196 321 395 632 816 874 
4 263 450 630 903 
9 246 416 425 516 740 844 877 883 937 
3 86 457 507 
5 123 299 303 319 535 
7 172 237 249 254 499 534 549 
8 28 140 195 229 321 382 776 811 
6 219 474 506 541 588 693 
3 248 322 669 
2 139 321 
11 41 103 119 164 217 268 322 472 640 655 664 
6 106 117 312 343 392 451 
5 36 179 429 444 900 
4 25 200 618 777 
3 0 217 795 
4 164 454 469 946 
7 4 77 83 96 279 450 866 
3 449 453 744 
1 373 
3 317 318 596 
4 2 284 302 396 
7 365 381 456 457 553 638 680 
3 188 299 724 
5 271 433 635 845 877 
5 138 242 480 702 948 
8 141 212 219 307 344 603 867 886 
8 107 197 242 355 393 506 530 739 
5 53 223 617 644 724 
5 44 145 383 621 767 
3 69 139 517 
9 88 195 417 514 546 610 673 699 903 
7 150 244 359 482 501 664 918 
5 136 310 428 478 522 
1 199 
5 16 174 642 671 844 
7 130 580 673 675 718 794 897 
8 23 206 245 252 363 751 778 889 
6 227 351 353 465 639 919 
5 139 141 235 265 583 
3 505 719 948 
5 382 582 589 764 773 
5 246 307 477 772 876 
6 363 368 504 563 567 766 
6 232 352 423 466 871 939 
7 105 281 316 397 676 684 722 
8 258 306 360 563 667 750 825 925 
3 300 459 665 
4 191 472 507 743 
3 573 797 877 
8 58 126 132 308 363 416 691 734 
4 470 726 740 846 
4 155 378 761 794 
2 147 603 
5 116 406 419 447 923 
4 235 266 538 786 
6 164 300 303 501 547 811 
4 73 211 707 797 
6 2 120 380 547 639 756 
10 84 115 208 370 463 695 775 804 859 886 
6 85 228 337 480 865 870 
3 8 390 479 
8 138 217 301 322 448 713 821 844 
3 325 370 372 
4 274 462 529 893 
7 17 393 592 749 795 827 893 
4 90 426 697 934 
5 145 396 482 552 622 
2 401 434 
5 154 287 762 921 945 
7 3 90 345 365 579 596 655 
5 82 553 600 781 857 
4 331 505 893 940 
8 41 98 284 457 530 532 583 635 
4 197 767 803 854 
10 209 287 402 463 480 574 577 647 837 848 
3 155 328 699 
7 322 409 592 714 781 841 893 
3 63 72 541 
6 15 114 374 496 545 702 
5 175 254 633 777 914 
5 80 134 296 354 423 
4 204 316 352 681 
2 187 362 
5 9 120 426 468 691 
1 648 
2 51 182 
4 193 354 430 752 
5 22 27 224 293 811 
7 202 372 517 520 599 691 905 
5 24 128 134 171 878 
6 92 204 342 447 611 732 
3 348 593 948 
8 37 186 294 517 630 631 710 864 
3 749 790 857 
2 674 817 
4 619 906 910 911 
4 291 454 804 928 
4 41 161 385 446 
5 169 217 523 593 630 
6 198 211 404 549 650 824 
4 58 94 120 210 
4 64 93 203 736 
3 177 232 549 
7 201 234 289 598 677 822 832 
5 139 202 227 544 682 
7 21 164 385 391 452 510 606 
6 124 230 278 373 766 864 
9 164 254 314 352 434 515 670 771 869 
7 115 199 513 547 585 652 707 
4 39 94 298 727 
3 310 583 725 
3 375 683 888 
6 99 274 314 734 878 896 
3 105 482 781 
1 515 
4 48 174 306 839 
5 46 221 260 374 673 
9 3 122 127 274 539 551 642 722 919 
8 15 408 451 566 573 738 840 921 
4 23 72 287 903 
5 102 466 659 752 874 
6 185 238 467 494 544 625 
5 180 675 726 766 846 
4 164 376 578 691 
9 12 19 187 362 389 425 563 644 895 
3 225 545 836 
1 12 
2 614 743 
11 16 22 47 263 315 357 359 395 457 500 527 
3 2 124 894 
3 142 623 894 
4 141 181 580 918 
3 378 818 895 
5 43 428 749 861 890 
6 16 90 209 247 446 836 
7 3 53 151 417 505 630 673 
4 239 565 763 797 
1 84 
3 48 387 871 
5 27 389 602 779 945 
3 239 382 854 
6 15 29 78 656 697 862 
1 502 
7 121 129 170 226 488 809 882 
4 570 695 716 764 
8 46 145 161 631 709 770 822 854 
3 441 503 813 
4 33 55 541 849 
6 41 472 605 671 824 896 
4 10 139 158 226 
7 13 33 596 794 838 884 906 
1 139 
6 117 186 266 432 708 741 
4 92 718 750 880 
3 373 842 932 
7 275 333 476 567 573 610 884 
6 40 567 620 841 849 877 
7 285 475 680 714 773 839 883 
8 70 174 364 452 554 666 786 848 
2 753 754 
8 328 383 397 498 547 695 762 861 
5 8 298 659 666 682 
4 207 735 912 946 
4 322 327 496 902 
9 124 130 163 167 276 512 532 720 844 
2 131 485 
3 362 708 729 
9 291 342 364 509 592 758 842 853 873 
7 31 160 165 264 741 826 947 
12 35 102 151 192 250 267 284 502 599 657 853 903 
5 5 195 702 771 814 
6 71 137 279 353 746 793 
3 549 762 898 
5 460 559 765 876 918 
3 132 317 657 
5 65 107 334 574 670 
2 280 405 
4 459 583 654 812 
3 190 655 818 
3 5 652 656 
6 267 450 485 544 653 867 
5 54 436 461 616 654 
3 289 644 649 
5 214 266 339 702 891 
4 595 636 807 941 
3 23 911 949 
2 466 853 
5 239 459 764 783 877 
7 21 201 325 346 417 418 809 
12 83 109 234 461 464 485 506 785 789 864 891 913 
6 77 136 210 358 521 729 
6 13 330 633 636 667 887 
7 158 383 520 666 743 788 894 
2 315 705 
2 483 753 
4 582 650 736 875 
4 181 293 509 623 
4 45 296 337 748 
8 61 99 111 505 510 591 610 849 
6 96 440 569 744 766 887 
6 510 597 690 766 800 843 
3 92 519 778 
6 239 281 322 467 578 754 
3 103 322 765 
2 274 464 
5 93 102 496 632 787 
2 465 556 
9 74 82 108 410 579 636 719 885 904 
6 34 290 403 586 744 748 
5 1 224 274 519 944 
5 187 244 380 460 719 
5 36 165 267 301 341 
4 98 151 201 305 
5 369 383 474 777 834 
5 131 283 362 465 830 
2 15 675 
7 21 182 524 558 563 598 834 
0 
6 28 110 482 718 927 936 
1 21 
5 50 225 533 619 635 
2 21 420 
8 223 253 359 464 540 616 711 896 
0 
5 345 347 395 505 550 
2 195 234 
1 792 
10 178 188 281 450 499 553 645 658 727 749 
3 25 110 826 
2 25 44 
2 668 939 
2 408 799 
6 169 531 583 736 844 900 
8 134 226 264 363 627 641 765 767 
3 51 340 620 
7 108 329 567 732 751 915 947 
4 213 297 419 697 
2 106 720 
6 25 108 371 430 536 858 
4 152 426 551 632 
4 239 243 354 892 
6 93 190 393 619 809 900 
2 45 427 
5 268 278 510 628 693 
5 262 435 514 682 685 
3 29 639 712 
3 169 329 919 
3 9 519 592 
4 16 128 814 897 
5 25 384 497 502 786 
4 170 182 585 739 
7 105 248 525 597 729 754 878 
7 193 420 584 702 760 910 942 
2 110 162 
4 273 641 665 726 
3 199 326 463 
6 59 130 145 879 898 899 
7 285 387 449 565 710 765 835 
1 240 
3 56 524 587 
3 637 885 915 
5 136 336 576 670 707 
4 159 197 336 354 
4 299 433 452 593 
7 171 206 308 501 725 824 902 
8 58 404 415 441 477 525 756 878 
8 1 181 277 335 406 449 627 643 
3 188 299 377 
9 341 522 602 667 795 834 839 850 874 
7 247 426 492 674 683 844 936 
1 462 
4 268 273 646 754 
4 109 249 304 435 
6 19 270 286 290 672 683 
8 108 268 326 404 539 568 608 702 
5 42 166 435 520 628 
3 157 511 710 
9 146 207 352 368 403 460 561 595 943 
6 0 36 634 669 917 925 
6 178 210 634 677 726 746 
3 105 424 437 
7 188 193 241 420 532 740 868 
4 143 376 399 771 
4 50 238 302 642 
3 19 115 472 
4 179 261 342 727 
7 95 219 397 416 526 794 823 
7 86 127 215 543 635 647 802 
3 35 144 611 
7 111 362 367 515 619 662 867 
7 79 308 648 678 708 732 906 
9 11 132 254 517 581 597 674 675 867 
5 196 364 503 548 708 
4 10 13 233 313 
4 16 40 86 169 
3 155 187 620 
6 11 429 582 645 757 873 
7 172 227 308 310 516 827 935 
7 70 169 176 426 515 632 934 
1 359 
2 309 533 
5 159 337 471 481 794 
5 93 460 488 554 688 
4 98 120 511 676 
5 102 176 614 865 897 
2 368 816 
4 348 545 551 588 
2 263 421 
3 260 368 662 
3 181 470 840 
1 664 
6 80 176 189 529 633 724 
8 72 150 190 231 302 304 680 833 
3 30 370 667 
3 388 664 914 
7 34 62 174 459 568 862 938 
2 17 944 
3 307 420 701 
6 121 160 202 279 646 823 
6 510 526 625 761 776 895 
4 472 489 539 743 
7 147 353 399 415 422 849 938 
8 42 344 351 364 523 531 611 830 
5 278 347 358 838 933 
2 42 706 
7 125 334 441 675 835 883 929 
1 126 
5 55 170 395 451 762 
9 22 50 94 317 402 420 548 889 945 
4 274 357 533 571 
5 63 65 133 197 822 
3 8 308 314 
5 0 161 473 659 809 
0 
6 89 401 618 663 716 807 
3 104 164 416 
9 20 262 284 481 530 562 830 881 945 
4 105 446 652 837 
2 378 621 
3 233 645 723 
4 14 80 169 392 
5 240 254 375 475 780 
2 44 569 
4 103 607 653 856 
3 132 361 381 
1 355 
3 131 351 536 
7 174 199 253 578 620 805 859 
5 10 761 793 846 915 
3 574 623 739 
4 180 281 438 520 
3 450 643 703 
4 316 462 539 772 
2 7 217 
1 21 
3 689 797 811 
2 117 316 
4 17 93 308 578 
4 48 371 787 930 
5 231 300 688 691 743 
4 456 468 732 800 
7 125 174 444 447 600 609 936 
9 164 226 327 400 423 549 812 900 930 
4 180 278 625 798 
6 203 426 590 632 743 876 
2 593 784 
4 169 423 551 631 
5 115 446 447 629 642 
5 116 334 675 870 922 
13 198 229 250 289 358 445 446 477 509 536 639 707 744 
6 99 211 212 450 498 902 
6 174 325 525 597 823 915 
2 234 311 
5 173 183 221 549 633 
7 67 371 440 622 631 673 796 
4 99 743 871 917 
5 151 222 389 395 426 
3 37 238 949 
6 304 308 377 642 644 661 
6 134 348 417 548 615 620 
2 119 908 
4 175 284 818 872 
4 390 420 545 568 
6 29 112 235 246 395 713 
3 155 533 822 
1 872 
6 266 307 452 608 635 893 
4 91 616 790 931 
1 934 
5 240 258 567 581 664 
2 534 779 
2 23 491 
7 377 454 460 500 655 764 766 
4 58 340 393 756 
5 69 160 305 473 582 
5 2 261 279 534 843 
4 353 518 613 850 
5 2 20 276 856 860 
4 100 432 642 771 
7 171 199 278 430 475 595 743 
1 670 
5 97 358 516 648 839 
7 247 396 477 498 523 631 662 
5 172 564 587 726 740 
6 356 443 731 900 934 937 
7 94 113 242 332 628 916 941 
4 386 389 399 811 
6 80 172 186 462 469 618 
5 163 253 477 632 800 
5 20 96 270 625 630 
3 422 682 735 
6 48 86 449 500 533 899 
5 249 437 446 666 674 
4 251 345 437 586 
3 71 511 803 
5 12 37 111 226 608 
6 404 457 658 664 931 933 
1 715 
7 393 470 538 539 546 551 861 
6 91 158 604 605 667 900 
5 22 599 607 794 936 
8 51 113 285 352 402 587 623 697 
4 196 510 723 779 
4 180 331 647 731 
4 80 253 731 886 
7 58 487 707 716 837 879 894 
4 273 342 357 399 
5 2 62 638 739 845 
7 230 319 476 505 594 644 908 
2 81 682 
2 184 563 
7 11 77 146 203 570 625 765 
2 364 370 
3 252 855 903 
0 
3 177 570 727 
5 54 464 570 660 937 
4 36 58 379 637 
1 664 
4 205 261 554 789 
6 37 464 710 735 823 846 
4 112 124 471 880 
4 18 753 850 948 
6 94 357 404 506 606 648 
4 85 512 592 721 
1 196 
3 86 543 593 
3 37 207 843 
5 140 201 209 470 528 
0 
6 18 212 330 334 520 753 
3 198 338 364 
3 217 470 693 
3 61 457 571 
5 125 141 216 474 800 
4 31 217 833 837 
3 414 862 891 
1 629 
7 90 261 264 310 361 798 891 
5 183 540 773 863 879 
3 165 414 772 
7 154 206 418 693 744 836 895 
5 302 425 477 879 911 
3 137 790 796 
7 10 238 335 418 470 518 705 
2 227 546 
3 82 659 880 
3 138 195 727 
3 75 366 752 
5 34 270 332 684 791 
7 239 289 310 543 614 803 811 
2 490 637 
2 643 710 
4 499 514 566 917 
3 194 660 852 
950 2375
7 116 141 598 689 750 885 895 
4 80 183 553 712 
7 164 444 525 534 560 775 787 
7 283 384 389 424 578 598 685 
5 329 576 656 788 943 
4 309 495 525 927 
4 52 377 551 862 
5 376 395 563 598 782 
8 63 73 75 301 379 628 657 690 
9 147 193 219 329 372 476 581 748 866 
6 347 377 447 458 587 679 
2 109 767 
0 
7 14 109 267 309 427 433 445 
7 13 39 111 384 433 448 883 
2 434 893 
4 56 108 473 638 
3 200 471 542 
5 23 204 312 506 868 
5 34 99 147 247 458 
7 581 599 611 703 723 942 943 
6 252 292 482 555 665 800 
6 183 206 588 654 705 928 
7 18 69 156 175 425 440 743 
10 56 65 236 269 311 530 551 565 745 797 
6 143 219 268 460 607 617 
3 507 600 889 
6 203 425 754 844 868 919 
3 149 512 773 
6 94 154 596 681 816 844 
5 71 390 631 871 894 
5 179 364 410 503 530 
5 440 611 689 805 938 
7 83 220 505 543 573 654 790 
5 19 186 373 708 896 
6 96 122 353 734 781 861 
2 120 938 
3 453 532 664 
4 84 161 407 803 
5 14 319 442 629 647 
4 147 158 222 654 
2 382 450 
7 388 476 669 714 725 732 802 
6 60 216 417 456 767 800 
3 467 804 872 
4 82 149 259 625 
7 204 313 430 580 636 697 754 
5 158 171 712 833 886 
9 223 283 387 447 514 630 682 717 818 
4 183 509 703 877 
4 382 435 825 948 
2 610 828 
7 6 223 359 500 740 877 947 
7 205 414 525 560 671 779 888 
5 160 262 292 781 853 
4 762 804 859 875 
8 16 24 142 419 543 673 690 859 
2 61 648 
5 117 352 417 573 661 
1 234 
6 43 168 189 256 445 866 
2 57 371 
3 255 497 734 
8 8 67 88 321 464 541 567 715 
3 161 508 785 
5 24 67 247 420 695 
4 561 616 657 836 
5 63 65 534 582 626 
7 183 220 281 426 496 642 829 
11 23 116 130 140 275 300 359 463 804 828 839 
4 534 585 697 731 
8 30 466 515 584 591 614 834 937 
8 182 342 605 749 790 842 864 933 
8 8 179 273 390 434 567 620 837 
2 465 751 
6 8 114 195 757 843 929 
6 128 170 225 270 390 396 
2 164 407 
6 118 191 297 657 822 872 
2 423 529 
8 1 133 184 191 543 616 838 854 
5 198 293 575 584 658 
8 45 109 394 631 722 723 810 915 
7 33 277 436 473 489 575 601 
1 38 
5 104 347 718 799 931 
6 199 270 331 341 489 559 
5 125 276 725 829 878 
6 63 244 261 670 718 910 
4 295 786 840 941 
7 253 458 509 532 578 768 862 
11 148 323 358 474 564 596 676 693 699 795 816 
5 143 283 290 876 900 
3 213 603 855 
6 29 359 431 436 698 943 
3 283 402 492 
6 35 182 351 802 846 851 
4 256 303 556 786 
3 246 520 795 
7 19 344 382 621 626 792 884 
6 129 235 415 417 499 501 
4 103 430 433 802 
3 222 233 517 
7 101 620 637 691 750 760 773 
5 85 150 238 695 740 
3 590 640 817 
9 274 366 445 675 694 795 874 895 896 
7 180 490 622 624 716 773 778 
2 16 251 
9 11 13 82 342 484 518 569 641 765 
3 347 381 857 
1 14 
3 205 479 940 
3 193 363 874 
5 75 434 776 867 903 
5 256 316 470 610 899 
7 0 69 277 417 506 591 793 
4 58 651 788 947 
3 78 194 421 
4 211 268 281 875 
8 36 245 574 599 744 751 827 942 
5 237 344 691 731 889 
7 35 148 357 407 488 508 735 
5 305 397 554 682 698 
7 144 160 212 230 289 506 940 
6 87 391 523 735 766 921 
2 251 328 
5 172 333 515 578 732 
3 76 189 715 
5 100 365 596 662 754 
2 69 717 
6 173 186 414 429 553 679 
2 270 555 
7 80 489 582 596 658 675 804 
5 180 240 633 767 914 
3 197 580 941 
5 195 337 480 580 712 
6 241 445 490 630 813 861 
1 176 
3 148 222 685 
5 69 613 739 785 868 
3 0 162 447 
5 56 172 444 744 810 
10 25 92 172 318 327 427 455 473 530 613 
6 124 438 777 783 896 933 
6 374 423 491 496 619 818 
2 444 613 
9 9 19 40 149 275 361 551 729 847 
13 91 122 139 223 251 254 326 518 609 652 768 900 925 
4 28 45 147 327 
4 104 349 800 859 
4 186 268 297 545 
4 226 273 287 734 
3 354 425 547 
4 29 711 832 886 
3 340 679 730 
2 23 202 
3 818 819 874 
5 40 47 224 507 902 
6 440 663 667 750 827 853 
6 54 124 493 552 666 883 
6 38 64 343 405 592 685 
6 141 214 470 489 604 684 
3 228 233 713 
9 2 77 398 414 571 635 646 786 819 
1 565 
5 206 448 508 510 592 
5 196 239 240 672 716 
5 60 238 687 856 897 
5 423 445 530 835 850 
4 76 508 587 916 
2 47 692 
9 127 142 143 294 321 446 595 597 825 
5 131 213 580 772 791 
6 190 383 504 516 858 885 
5 23 190 311 406 414 
7 138 228 587 707 755 837 853 
9 221 238 242 289 322 345 361 388 776 
3 397 567 621 
5 31 73 570 582 624 
5 107 134 603 611 723 
6 352 502 531 680 756 837 
6 72 96 197 485 751 815 
12 1 22 49 68 199 343 441 621 633 806 913 936 
2 80 780 
3 518 573 869 
5 34 131 151 319 792 
3 374 440 554 
4 281 476 550 725 
4 60 128 708 719 
5 174 175 294 339 701 
5 78 80 501 747 866 
4 440 503 525 930 
10 9 113 445 506 578 641 664 801 873 946 
5 118 379 398 553 910 
6 75 136 439 643 701 882 
1 167 
5 135 182 252 761 891 
5 81 247 569 601 936 
7 86 183 201 400 436 466 903 
6 17 340 585 732 747 789 
7 199 218 420 640 662 763 919 
2 156 449 
2 27 724 
5 18 46 237 312 817 
5 53 112 778 792 798 
9 22 166 226 245 491 575 803 823 840 
2 738 877 
5 727 735 811 854 904 
7 329 442 503 650 784 802 884 
4 644 766 809 847 
3 119 437 676 
5 124 300 568 660 929 
5 93 173 278 371 390 
4 162 508 658 675 
6 293 371 451 468 688 894 
3 43 646 912 
10 287 350 422 570 572 600 603 676 695 819 
5 201 501 547 930 949 
5 9 25 620 657 702 
5 33 68 249 556 671 
4 177 417 597 854 
5 40 102 139 550 798 
5 48 52 148 230 562 
7 158 481 611 642 679 837 945 
6 76 229 354 420 519 679 
6 152 206 309 389 527 532 
2 815 923 
7 163 176 409 420 439 474 932 
3 225 852 864 
6 124 223 453 739 807 841 
5 425 553 781 826 856 
6 240 605 710 769 784 809 
5 102 163 549 759 913 
6 59 243 561 718 792 809 
6 100 355 450 468 567 686 
3 24 345 474 
6 121 204 268 611 757 813 
13 104 168 177 302 379 394 420 429 459 478 786 794 942 
3 167 344 401 
6 134 167 232 252 439 941 
6 137 331 453 713 731 779 
9 177 289 339 461 565 618 733 820 882 
5 234 264 274 369 534 
6 88 404 437 612 646 756 
7 120 206 391 404 426 598 782 
2 98 271 
9 19 65 198 260 360 494 544 689 753 
6 694 755 788 863 911 933 
6 220 297 327 575 580 779 
1 375 
5 108 126 148 357 731 
6 21 197 240 360 488 941 
5 90 265 571 642 917 
6 148 408 570 862 863 896 
3 62 392 900 
7 60 97 115 277 428 574 603 
7 415 443 446 499 560 694 918 
3 302 385 841 
4 45 364 499 559 
5 247 374 392 832 939 
4 88 296 775 918 
8 54 320 399 482 542 602 699 763 
3 441 613 659 
2 243 940 
5 253 669 851 925 944 
2 878 948 
1 13 
6 25 119 151 237 677 903 
6 24 277 558 639 897 943 
5 76 86 132 382 452 
3 246 449 491 
3 486 624 851 
3 73 152 463 
3 106 243 413 
9 69 147 407 539 624 661 675 824 873 
7 87 328 347 392 548 851 932 
5 83 116 256 269 748 
3 213 567 865 
3 463 555 615 
5 345 427 800 824 887 
9 68 119 188 316 317 338 370 421 758 
4 810 836 864 867 
9 3 48 92 95 315 466 513 575 609 
1 314 
2 554 687 
3 356 379 864 
3 152 217 914 
2 431 840 
9 124 177 242 457 552 634 755 766 945 
5 92 472 555 745 842 
7 333 367 428 452 762 806 842 
4 21 54 330 452 
9 81 215 342 384 566 677 812 853 895 
6 172 190 361 459 850 871 
4 89 391 578 747 
4 261 349 638 912 
3 78 151 249 
3 495 499 613 
5 413 531 606 607 869 
6 69 212 342 774 863 904 
9 8 465 481 482 493 550 551 622 626 
7 238 258 377 460 609 670 883 
5 97 566 633 675 820 
4 477 545 567 948 
4 123 686 866 930 
1 798 
3 447 479 913 
5 351 463 678 813 863 
6 5 13 226 322 396 948 
4 390 459 553 806 
3 24 175 368 
6 18 204 393 462 471 893 
5 46 363 581 583 861 
8 284 388 495 514 685 704 817 886 
6 283 468 733 795 898 916 
3 115 281 855 
9 281 401 505 601 609 610 724 902 946 
5 143 403 590 772 786 
8 39 186 324 651 801 827 878 918 
4 262 477 672 827 
6 63 172 330 430 770 903 
2 177 309 
6 91 419 526 668 728 864 
8 319 386 409 467 477 609 615 755 
2 402 872 
6 148 333 452 772 877 931 
7 143 149 249 591 607 623 765 
5 126 276 746 870 915 
5 4 9 209 487 912 
6 292 321 653 717 848 890 
3 86 241 639 
3 469 744 837 
10 127 291 326 377 429 481 516 864 912 921 
2 519 572 
3 375 377 632 
2 573 854 
3 136 707 863 
7 281 470 555 585 600 650 758 
4 190 242 794 822 
6 155 200 350 718 738 740 
6 86 436 570 846 879 892 
4 72 109 293 300 
7 161 183 371 390 435 834 898 
6 99 121 239 628 827 909 
4 177 236 280 670 
3 494 696 794 
9 10 85 110 276 438 534 700 823 933 
1 922 
8 150 296 393 481 630 711 868 943 
5 217 340 504 569 595 
3 96 308 577 
5 58 181 537 802 925 
3 35 381 821 
6 153 225 436 475 787 843 
5 235 529 543 829 887 
1 286 
3 122 251 512 
2 91 760 
4 52 69 94 495 
11 247 252 361 465 492 563 606 692 709 790 801 
5 147 177 294 360 749 
2 364 781 
6 113 313 375 724 786 914 
4 31 259 362 902 
8 129 430 459 519 623 781 875 936 
5 106 508 597 599 863 
2 291 528 
2 311 687 
5 243 478 547 618 793 
2 281 408 
8 61 213 215 343 409 541 700 943 
3 9 782 938 
1 34 
7 145 187 260 401 794 875 913 
6 250 335 363 380 401 562 
3 7 476 724 
8 6 10 302 333 335 529 540 569 
4 427 428 519 655 
5 8 194 238 286 479 
3 375 510 762 
6 110 353 521 734 789 806 
6 41 50 99 270 603 821 
2 174 823 
7 3 14 293 569 590 685 877 
2 258 477 
6 324 405 592 760 784 897 
5 48 545 683 853 881 
6 42 177 314 418 560 853 
4 3 226 445 670 
13 30 73 76 213 310 343 425 435 448 535 647 773 948 
4 125 245 295 615 
6 255 260 276 501 668 672 
6 312 349 567 730 796 939 
6 82 238 416 423 486 837 
4 7 670 866 924 
7 76 309 516 591 607 685 798 
7 123 178 514 556 565 900 904 
5 164 194 748 813 831 
2 262 612 
3 199 779 814 
8 239 317 374 375 574 737 909 914 
3 95 325 450 
1 318 
5 244 245 464 486 907 
7 161 386 558 568 741 758 847 
4 175 411 427 870 
8 38 77 122 275 424 606 900 913 
8 254 370 566 572 582 627 644 853 
7 228 324 371 523 677 728 797 
4 31 463 823 905 
3 406 707 721 
0 
7 274 299 459 620 715 719 931 
8 53 131 164 175 478 530 703 878 
6 100 257 556 843 924 944 
5 394 534 643 827 874 
8 43 58 100 116 221 502 504 928 
3 388 808 908 
2 56 323 
8 65 201 225 228 238 690 692 697 
5 118 281 449 508 784 
3 217 691 866 
6 79 145 169 394 459 548 
6 3 407 613 656 942 943 
7 23 27 153 231 390 511 937 
6 68 245 434 520 589 928 
11 13 143 280 378 406 507 551 555 705 721 739 
4 256 291 378 518 
4 131 238 333 522 
5 46 101 321 365 469 
5 94 288 638 639 656 
5 449 534 678 742 937 
4 13 14 101 527 
8 15 73 114 426 441 618 800 833 
5 50 343 390 594 803 
6 83 94 199 341 354 859 
4 211 244 944 949 
4 144 347 528 536 
6 195 228 240 510 568 798 
9 23 32 159 187 192 765 809 820 845 
4 183 263 434 687 
5 39 209 616 656 882 
6 257 587 667 684 719 860 
7 2 142 146 527 766 858 927 
8 13 60 106 137 169 193 389 478 
5 172 257 526 671 771 
8 10 48 141 307 641 705 708 884 
9 14 166 390 465 511 840 852 888 944 
10 202 271 421 432 679 685 782 860 888 891 
6 41 235 402 588 663 759 
5 215 514 601 745 864 
10 270 291 292 326 467 495 498 658 858 885 
3 37 230 241 
1 766 
3 143 491 647 
2 43 856 
4 289 471 649 948 
4 10 19 90 515 
7 238 294 310 365 413 423 620 
4 25 302 733 863 
4 242 603 797 822 
3 312 538 750 
6 69 273 279 308 410 473 
5 63 404 719 828 877 
5 74 301 360 448 579 
7 71 199 283 490 843 869 925 
4 44 324 452 827 
5 215 235 315 572 883 
5 332 430 624 687 787 
8 115 162 338 511 785 871 908 927 
3 17 312 457 
6 290 499 636 772 913 932 
8 16 83 143 463 635 671 737 900 
3 91 228 236 
4 354 530 731 846 
7 9 42 188 376 603 695 865 
6 304 320 324 385 497 860 
4 238 369 414 445 
5 112 307 379 646 894 
3 136 713 850 
6 224 301 333 349 579 775 
4 21 262 301 822 
1 946 
4 109 661 738 776 
2 182 668 
4 272 394 404 867 
6 329 499 500 640 872 908 
4 122 252 654 773 
8 83 86 133 162 612 695 817 900 
5 107 137 466 718 771 
6 145 206 271 455 660 799 
3 95 360 755 
3 160 301 689 
5 247 346 604 691 914 
7 5 298 314 359 452 571 653 
4 68 145 728 912 
3 62 477 773 
5 452 544 557 693 695 
8 100 257 259 298 472 487 667 908 
2 52 487 
7 100 191 218 392 507 870 875 
6 181 417 557 578 684 818 
4 31 192 209 512 
4 174 350 417 519 
5 33 317 526 677 928 
5 18 116 124 193 754 
4 26 158 427 501 
9 64 122 166 170 214 366 421 804 834 
3 49 90 867 
5 166 380 439 902 917 
4 425 448 470 687 
5 28 357 503 584 730 
4 283 612 651 775 
7 48 314 397 451 583 605 911 
3 71 127 458 
3 174 333 396 
3 102 780 918 
4 109 148 185 428 
6 225 334 365 378 504 641 
7 98 426 547 617 819 820 905 
2 381 627 
5 429 555 750 887 927 
5 125 409 545 611 698 
0 
4 2 5 53 192 
7 323 446 505 732 778 796 915 
6 226 433 444 538 702 945 
4 367 438 539 926 
6 79 355 377 649 715 879 
6 24 31 143 169 414 475 
3 181 299 645 
7 37 90 226 556 628 727 790 
1 617 
8 2 67 70 243 347 416 432 949 
1 390 
3 438 604 843 
5 352 584 602 673 890 
5 462 527 675 732 900 
3 275 528 709 
5 377 611 861 889 892 
3 63 371 744 
5 17 262 702 804 938 
4 33 56 80 355 
3 247 498 911 
5 151 304 387 523 929 
1 841 
5 153 218 369 520 808 
4 276 423 749 906 
3 233 772 881 
3 188 222 301 
8 6 24 147 301 427 792 841 918 
3 160 289 755 
6 1 131 194 231 310 867 
5 123 187 285 583 784 
8 21 132 279 290 338 427 522 942 
6 97 220 397 415 532 698 
3 498 502 659 
5 269 405 630 880 885 
3 86 259 667 
7 2 53 257 388 602 606 905 
3 66 234 590 
3 223 375 598 
4 7 360 601 772 
4 91 729 778 874 
6 24 165 242 397 636 774 
4 293 303 408 929 
7 63 73 178 235 278 304 393 
4 212 405 439 577 
7 109 198 350 377 384 731 738 
5 179 217 254 341 576 
4 164 253 495 929 
6 217 334 408 468 780 899 
7 33 58 185 336 625 642 734 
7 120 256 401 640 792 946 949 
7 81 83 206 249 283 594 703 
6 4 570 587 683 796 929 
5 351 568 683 709 889 
12 3 90 127 193 295 502 626 690 723 789 871 906 
4 465 481 816 853 
6 46 135 136 173 249 676 
3 9 20 313 
4 67 133 179 408 
6 313 514 554 621 745 770 
8 71 81 512 537 618 788 864 945 
3 70 200 338 
4 773 778 875 898 
5 10 170 176 443 576 
2 22 450 
3 426 831 836 
7 105 318 384 561 761 908 922 
6 71 116 327 396 612 929 
5 161 166 386 731 763 
5 706 723 800 878 904 
3 435 575 785 
2 172 350 
5 29 91 129 133 767 
4 172 221 366 830 
6 0 3 7 245 562 893 
8 20 120 366 646 821 853 876 914 
4 26 217 338 671 
9 83 198 317 451 563 690 712 908 940 
4 262 537 560 735 
8 93 180 217 256 382 461 476 887 
5 162 494 536 613 696 
7 72 232 514 646 713 723 799 
6 299 360 407 560 718 934 
4 25 299 327 396 
1 757 
6 148 283 302 317 324 912 
6 51 115 317 643 772 805 
7 20 32 180 224 237 523 540 
6 244 399 489 513 591 703 
10 140 143 146 263 298 424 604 636 637 873 
3 71 650 825 
4 279 324 391 735 
4 66 80 442 632 
5 25 520 533 672 683 
7 242 369 434 584 815 838 946 
2 145 834 
9 73 103 219 413 459 623 627 701 752 
6 99 178 183 583 700 771 
3 107 301 744 
4 327 365 620 728 
5 107 179 272 275 469 
2 45 573 
5 67 99 301 578 820 
5 408 521 620 701 949 
5 8 344 532 630 729 
2 39 877 
6 48 137 349 558 628 831 
3 30 82 717 
5 335 616 662 731 846 
4 134 183 303 738 
3 289 657 746 
3 164 473 942 
5 46 472 565 613 780 
6 103 613 853 885 888 927 
7 16 296 431 727 757 888 945 
7 269 331 431 699 771 819 877 
6 105 201 487 574 753 929 
9 109 193 447 519 744 757 807 920 922 
6 68 224 253 573 817 883 
3 195 416 610 
5 210 408 693 713 838 
2 531 843 
7 164 216 244 479 599 605 698 
4 39 390 455 716 
2 57 853 
5 457 529 749 797 913 
3 209 338 614 
6 117 319 513 689 727 812 
2 148 838 
5 330 495 859 865 912 
6 22 33 40 488 806 884 
4 378 689 761 868 
4 4 424 431 442 
6 8 66 78 219 634 829 
5 81 133 214 452 944 
4 263 557 809 890 
4 212 491 738 925 
5 58 275 484 755 849 
4 129 201 632 788 
4 159 450 754 906 
2 37 193 
3 21 768 906 
2 160 676 
6 159 443 499 559 745 761 
6 323 392 485 792 824 904 
4 42 265 700 897 
5 88 302 345 389 395 
6 53 220 446 473 600 813 
4 167 320 392 617 
3 56 537 724 
4 842 861 882 924 
6 106 133 214 275 303 538 
6 91 211 217 580 666 758 
4 268 293 409 505 
3 308 432 778 
7 10 131 155 224 225 449 719 
4 181 891 913 915 
3 29 780 908 
2 48 123 
6 387 576 577 617 686 908 
4 162 443 502 757 
10 3 139 161 314 384 396 449 687 776 892 
6 235 305 683 691 784 866 
9 168 285 368 441 469 511 685 696 726 
1 215 
8 0 32 247 493 651 655 796 897 
7 8 56 420 578 601 830 872 
8 103 121 422 494 686 712 868 912 
4 171 360 420 804 
5 91 498 644 890 945 
5 106 248 257 884 936 
8 65 104 217 476 489 498 755 866 
4 346 604 687 873 
4 46 70 420 886 
5 94 123 523 556 646 
6 91 262 639 743 761 811 
6 347 371 621 669 715 893 
7 190 195 620 627 772 781 800 
6 219 527 542 778 922 933 
5 20 49 414 575 612 
2 314 734 
4 22 427 447 732 
3 593 825 941 
5 176 337 411 797 923 
4 34 189 447 904 
6 360 539 577 758 767 874 
2 232 862 
2 154 349 
8 1 47 136 601 691 869 903 930 
6 163 241 480 605 644 746 
3 42 835 935 
5 63 128 413 529 700 
3 107 167 647 
4 48 130 330 631 
7 85 88 234 340 490 606 831 
7 189 413 443 464 679 907 910 
1 780 
4 411 427 804 891 
4 82 783 868 878 
8 20 82 180 578 593 605 821 855 
6 203 317 363 376 673 828 
4 42 87 188 731 
2 687 748 
6 208 532 638 651 831 878 
6 323 409 496 623 800 887 
4 147 564 628 804 
3 155 393 512 
10 70 121 241 251 475 569 592 632 725 767 
7 42 127 200 526 538 705 944 
4 242 315 460 808 
8 35 62 152 381 573 704 773 802 
6 122 125 208 602 615 938 
0 
2 401 473 
9 207 340 484 569 633 660 774 802 805 
4 140 230 427 741 
4 52 104 340 904 
2 405 739 
5 432 815 831 899 938 
4 23 699 850 949 
8 120 142 332 541 622 641 932 939 
5 24 290 451 583 667 
4 328 634 713 855 
3 191 200 295 
4 9 277 398 726 
6 72 361 548 649 850 887 
5 0 103 159 462 522 
4 74 120 182 891 
4 620 880 904 922 
3 247 640 864 
6 27 46 129 506 663 788 
8 176 248 289 324 492 552 661 695 
2 181 244 
6 75 237 608 638 641 684 
7 281 338 405 676 709 875 932 
3 233 450 862 
4 103 358 386 778 
5 197 590 655 667 699 
4 55 291 380 904 
3 201 262 592 
0 
3 109 327 440 
6 125 210 289 444 454 792 
6 11 43 134 596 709 731 
4 90 148 665 904 
2 232 909 
2 321 583 
4 446 490 621 639 
8 173 318 326 472 549 563 610 701 
9 28 103 107 390 488 497 586 734 866 
4 300 565 738 808 
4 2 261 481 513 
8 114 177 484 685 810 819 924 933 
3 144 862 931 
8 107 205 526 564 586 678 702 760 
5 53 241 249 400 850 
7 184 517 572 636 681 720 781 
8 35 54 231 362 365 701 780 809 
4 7 245 372 449 
2 144 722 
7 209 232 386 421 554 686 818 
5 64 140 470 594 903 
7 89 97 164 238 318 363 882 
6 2 354 469 814 900 917 
6 4 117 248 584 662 754 
4 200 381 578 905 
5 33 72 360 532 887 
2 173 852 
8 99 186 205 234 551 574 668 766 
3 116 369 892 
4 238 339 346 374 
4 91 98 106 315 
5 393 526 576 689 863 
6 24 409 461 649 707 802 
5 205 222 306 396 439 
3 85 491 605 
10 21 43 150 280 434 593 701 728 906 920 
4 193 319 360 866 
8 42 96 101 209 352 734 738 797 
4 38 206 435 828 
10 44 55 69 133 508 542 692 721 729 932 
3 32 610 738 
5 183 291 310 381 654 
2 230 641 
4 418 547 733 774 
8 210 232 234 440 659 781 818 946 
4 82 142 282 776 
3 208 699 855 
3 293 651 892 
5 137 237 308 398 671 
2 400 787 
4 182 227 618 742 
4 29 91 579 855 
8 105 204 314 489 642 829 894 900 
6 48 145 157 502 784 809 
8 157 164 217 520 639 776 821 850 
6 242 303 440 520 626 917 
6 353 382 599 723 819 834 
4 78 339 461 482 
4 206 347 383 410 
3 275 280 668 
4 50 172 614 706 
1 231 
8 120 159 319 320 344 416 467 842 
5 51 69 464 724 803 
6 68 87 355 657 817 886 
2 597 690 
9 398 589 630 718 727 742 839 854 938 
3 154 260 929 
4 47 434 916 929 
6 71 343 508 619 821 868 
4 169 714 892 939 
5 66 282 589 846 936 
7 73 176 181 224 332 394 845 
4 80 618 644 652 
2 69 831 
4 89 206 288 448 
4 230 258 546 551 
5 72 290 291 674 827 
7 75 354 415 466 536 645 884 
3 27 29 906 
3 440 837 949 
5 96 341 475 632 836 
3 147 210 405 
1 330 
2 661 920 
7 169 294 480 743 749 779 819 
4 96 265 272 276 
4 229 448 791 870 
11 54 159 176 293 387 388 408 579 599 637 648 
5 80 208 221 336 831 
7 93 316 723 746 811 816 898 
4 168 231 456 861 
3 110 869 877 
4 174 444 452 905 
5 55 56 150 436 653 
4 443 449 477 940 
6 35 137 313 540 674 856 
6 6 90 254 710 759 777 
8 248 254 300 308 337 366 460 796 
10 72 229 282 286 323 333 451 584 753 918 
4 278 476 653 937 
12 9 60 191 305 395 422 686 695 773 801 913 932 
5 114 282 486 509 553 
8 18 27 140 349 655 691 722 834 
6 185 299 466 712 857 946 
5 328 406 501 852 931 
5 30 294 470 578 939 
5 44 78 325 487 690 
4 193 275 613 696 
6 106 113 157 416 564 709 
7 55 119 365 374 501 586 758 
2 92 599 
9 49 52 207 326 384 464 629 639 857 
8 87 266 319 414 593 722 727 927 
2 341 529 
3 558 752 920 
3 387 549 903 
5 195 242 442 674 786 
5 14 160 302 468 642 
6 99 209 447 654 694 843 
5 0 174 452 558 637 
5 47 154 314 697 829 
8 280 355 522 603 728 749 790 904 
6 53 448 449 637 638 935 
4 26 121 540 577 
5 330 537 659 693 926 
5 197 449 680 721 751 
7 341 540 685 793 812 835 903 
4 15 312 598 700 
5 30 215 479 817 898 
3 0 106 293 
4 34 106 144 254 
5 168 269 386 669 689 
5 315 343 586 855 894 
4 115 572 742 947 
10 92 148 255 397 407 473 489 538 787 817 
2 908 928 
4 158 317 364 510 
8 114 199 268 321 712 785 881 892 
11 208 300 397 593 668 708 740 752 762 768 887 
6 410 520 560 789 858 936 
6 548 578 663 665 800 844 
2 404 719 
9 418 470 487 499 590 601 681 683 901 
3 344 401 769 
3 88 194 719 
3 248 514 544 
8 216 296 329 333 496 609 653 691 
9 183 233 307 374 407 472 649 680 866 
6 134 287 363 401 494 599 
4 82 328 526 680 
3 170 315 833 
4 253 510 787 820 
6 257 261 319 517 551 864 
2 27 201 
4 641 800 849 880 
2 125 333 
5 348 590 641 702 752 
2 227 707 
4 395 415 674 776 
5 148 265 352 466 660 
2 528 890 
6 5 444 470 522 637 878 
5 22 417 426 505 901 
10 75 212 545 566 571 576 591 640 832 833 
4 192 218 305 712 
5 85 326 413 777 870 
7 228 276 472 744 758 804 866 
6 72 144 248 347 702 776 
1 606 
2 714 888 
6 183 198 365 694 836 905 
4 71 425 432 865 
7 32 36 372 542 735 742 831 
5 260 393 744 835 871 
5 112 124 264 601 860 
5 89 135 240 252 706 
6 20 120 238 424 555 635 
7 4 20 94 269 349 371 424 
6 265 415 437 448 658 732 
6 224 289 527 584 638 693 
7 193 317 483 574 618 809 869 
3 52 117 899 
6 50 266 304 309 390 457 
7 218 437 534 574 627 743 845 
