960 2264
6 5 416 420 489 753 807 
4 34 460 674 731 
8 354 358 475 512 584 850 852 882 
5 212 514 562 580 934 
5 74 268 313 329 451 
6 0 126 204 417 595 604 
2 129 922 
1 758 
5 230 390 455 556 726 
5 152 230 468 632 913 
7 297 298 335 524 668 723 839 
4 345 656 661 796 
6 98 324 479 481 770 905 
5 16 97 231 495 536 
4 140 200 261 675 
7 17 83 403 443 466 540 808 
9 13 205 225 349 443 449 563 609 867 
5 15 369 621 662 852 
2 737 745 
4 34 409 558 569 
4 176 611 672 684 
11 40 109 370 453 481 484 486 619 769 796 874 
6 122 342 383 583 675 834 
10 211 228 281 364 430 636 789 817 820 895 
1 324 
6 238 453 454 463 474 746 
1 200 
6 65 292 344 825 877 943 
5 128 152 201 413 670 
6 48 326 430 568 828 927 
1 488 
7 42 73 132 333 620 860 916 
2 41 154 
4 120 292 295 815 
9 1 19 343 450 604 690 870 937 939 
5 57 294 413 632 815 
5 127 326 393 552 600 
11 197 482 520 545 552 644 656 660 738 817 922 
1 890 
3 194 862 890 
5 21 231 369 683 887 
9 32 75 137 162 213 703 720 758 866 
6 31 330 377 379 854 862 
2 178 699 
4 63 264 377 642 
3 222 267 890 
5 131 160 506 806 866 
5 133 561 579 652 894 
7 29 110 133 353 406 712 860 
3 697 820 847 
5 195 258 303 813 958 
10 386 486 519 583 618 714 821 826 832 853 
2 568 878 
2 80 450 
3 116 371 559 
3 72 252 423 
1 174 
7 35 391 410 475 722 845 896 
6 160 288 320 332 594 634 
1 141 
3 569 703 713 
3 63 318 431 
4 170 282 599 818 
6 44 61 175 563 687 831 
5 312 320 373 443 894 
4 27 155 407 675 
4 336 571 649 656 
2 179 473 
2 547 704 
3 179 418 822 
2 73 824 
4 179 719 761 954 
5 55 281 303 353 687 
5 31 70 249 371 827 
4 4 465 502 527 
3 41 193 272 
3 451 603 777 
3 136 423 717 
4 323 339 380 855 
4 202 634 865 894 
3 53 82 99 
5 94 156 187 602 739 
5 80 121 249 537 710 
9 15 276 293 365 400 494 507 568 647 
3 120 558 943 
5 491 775 782 899 934 
2 143 433 
2 291 496 
4 201 366 371 789 
7 129 175 221 222 509 513 578 
6 201 820 852 949 953 957 
4 141 512 575 623 
7 269 512 616 652 713 768 907 
8 137 500 509 728 805 843 890 953 
3 81 167 675 
4 156 394 577 787 
4 156 344 768 858 
5 13 349 428 568 659 
8 12 260 457 543 715 720 830 905 
4 80 195 732 950 
2 229 809 
5 258 432 481 517 616 
4 216 311 504 644 
1 625 
5 323 392 530 559 616 
5 149 199 505 797 818 
2 283 432 
7 453 481 484 520 772 809 860 
2 424 507 
7 21 123 149 442 452 477 928 
5 48 411 502 628 747 
7 115 200 585 643 769 926 952 
6 165 596 612 787 891 925 
4 178 258 686 885 
5 227 277 453 536 946 
6 111 144 211 526 655 930 
8 54 138 158 299 503 633 799 916 
4 623 674 709 855 
6 135 505 657 739 757 807 
5 171 197 214 417 737 
4 33 84 246 421 
5 82 209 703 865 922 
2 22 645 
5 109 176 199 234 511 
7 384 420 513 563 628 740 931 
5 374 600 662 730 844 
8 5 154 324 520 547 615 629 947 
4 36 274 684 759 
5 28 158 571 668 869 
8 6 89 168 260 489 497 670 720 
4 158 207 339 605 
3 46 156 273 
6 31 301 595 621 866 875 
5 47 48 193 339 732 
5 563 586 757 794 952 
4 118 199 721 921 
6 77 390 531 636 762 799 
9 41 93 383 735 755 764 830 875 877 
5 116 404 613 617 720 
5 342 401 727 740 833 
3 14 337 820 
3 59 91 405 
2 143 954 
7 86 142 390 682 720 799 910 
2 115 919 
4 259 326 682 951 
4 380 506 575 600 
0 
4 413 544 625 906 
7 105 109 392 717 751 794 958 
2 250 809 
2 485 551 
4 9 28 454 614 
8 201 236 405 463 585 609 829 918 
2 32 126 
2 65 786 
9 81 95 96 131 441 491 647 690 917 
4 216 482 748 787 
7 116 128 130 416 642 792 868 
5 375 559 607 794 947 
6 46 58 400 401 408 703 
2 602 846 
12 41 196 286 315 436 441 481 531 533 549 761 788 
4 263 582 625 874 
4 168 365 397 677 
6 112 208 221 554 907 927 
2 252 926 
10 94 246 464 598 612 660 664 706 732 915 
6 129 164 239 497 604 681 
7 256 260 292 431 606 741 830 
5 62 335 627 733 737 
3 119 210 691 
7 340 421 464 621 653 667 677 
5 373 675 786 903 958 
5 56 580 586 593 834 
6 63 89 241 372 705 874 
6 20 123 485 537 766 872 
5 220 258 531 742 795 
6 43 113 356 584 597 657 
8 67 69 71 353 418 531 800 815 
5 295 426 460 789 906 
4 571 657 823 924 
4 616 806 814 893 
2 295 851 
5 254 314 569 866 871 
8 232 274 360 445 796 849 904 933 
4 365 405 419 774 
3 81 437 807 
4 292 355 426 919 
0 
2 259 702 
4 330 359 655 743 
3 540 826 850 
6 75 133 224 279 521 807 
7 39 334 464 487 705 820 867 
8 50 99 292 360 514 705 780 880 
7 162 387 469 618 645 801 876 
6 37 119 261 353 405 768 
4 505 845 930 954 
6 105 123 135 430 817 833 
6 14 26 111 288 533 817 
8 28 88 90 153 322 389 784 793 
2 79 589 
3 373 713 941 
9 5 383 431 476 507 584 616 826 941 
4 16 357 402 709 
3 468 712 772 
6 130 334 378 725 815 904 
5 165 355 378 668 711 
3 121 232 624 
5 171 220 300 398 822 
4 23 115 498 756 
2 3 847 
3 41 535 546 
8 119 256 297 544 548 595 632 887 
4 242 245 289 302 
5 102 157 515 533 794 
1 305 
3 244 598 855 
2 455 845 
7 177 210 279 293 376 483 678 
5 89 165 273 530 652 
5 45 89 355 555 650 
7 238 261 560 566 650 779 832 
7 193 371 441 508 701 869 903 
4 16 368 388 450 
4 384 747 891 948 
3 114 471 793 
4 23 252 664 711 
4 100 323 382 441 
4 8 9 619 665 
9 13 40 246 416 502 538 685 818 913 
6 185 209 338 354 683 947 
0 
2 123 279 
6 382 544 638 725 940 941 
7 153 388 435 450 488 718 942 
3 493 576 624 
6 25 223 503 807 953 955 
4 168 614 689 783 
3 436 693 932 
6 175 393 714 728 788 923 
4 215 831 875 914 
3 540 764 826 
6 218 278 413 546 662 853 
5 215 382 623 792 836 
6 120 167 231 390 530 667 
2 274 474 
3 505 667 825 
5 73 82 512 597 739 
10 150 288 413 474 490 689 708 766 840 868 
3 344 394 624 
3 55 166 228 
2 553 606 
3 184 641 750 
3 390 581 633 
3 169 214 793 
2 283 948 
11 50 101 113 177 357 401 420 511 569 614 893 
7 145 190 285 619 636 763 942 
6 98 129 169 491 789 854 
5 14 197 223 381 645 
5 491 536 647 745 776 
6 163 283 539 748 759 790 
5 44 575 808 836 839 
1 429 
2 810 946 
4 45 314 467 546 
3 4 347 491 
4 92 749 766 921 
7 363 544 593 598 685 690 810 
3 294 401 622 
3 75 617 850 
4 131 221 380 705 
8 127 185 247 531 668 748 788 824 
6 427 582 729 806 896 921 
5 83 320 321 353 573 
6 114 427 585 610 733 931 
1 244 
5 193 220 234 569 914 
5 361 413 510 677 722 
5 23 72 484 584 748 
2 62 586 
6 106 257 263 367 373 418 
2 841 866 
6 259 374 453 640 741 805 
4 162 465 530 766 
4 339 410 773 854 
5 58 200 250 754 852 
5 215 302 411 820 857 
1 293 
2 87 920 
6 27 33 169 188 195 370 
5 83 220 290 395 919 
7 35 271 306 658 699 799 817 
8 33 180 183 394 398 775 826 835 
3 476 715 826 
5 10 214 314 586 770 
6 10 372 401 551 739 790 
1 116 
6 210 333 373 439 681 917 
5 132 441 687 735 805 
4 215 289 582 716 
9 50 72 336 405 525 709 924 950 957 
4 336 362 383 945 
4 217 662 740 927 
4 294 435 447 530 
4 335 506 558 581 
1 878 
3 677 682 901 
1 683 
6 102 431 584 621 892 896 
5 64 469 544 699 853 
2 4 529 
5 184 267 297 499 923 
2 162 372 
4 443 465 471 474 
9 410 442 458 460 511 526 613 652 653 
1 61 
0 
6 58 64 276 467 593 776 
4 276 645 664 946 
5 201 538 737 851 938 
5 78 104 229 520 869 
6 12 24 126 580 591 931 
3 521 780 925 
7 29 36 145 386 738 863 916 
2 705 769 
1 440 
5 4 445 595 638 720 
4 42 191 521 719 
3 501 502 911 
4 58 422 526 713 
4 31 300 661 742 
3 194 207 378 
5 10 170 307 414 573 
10 66 303 304 376 433 670 719 732 862 939 
5 140 435 576 729 767 
3 232 679 765 
8 78 130 133 287 442 659 793 948 
3 172 518 896 
1 916 
5 22 139 398 627 767 
3 34 366 439 
4 27 96 251 548 
4 11 547 665 950 
5 361 655 693 719 889 
5 268 421 633 767 917 
7 381 473 512 660 666 820 842 
4 16 97 590 909 
3 444 500 952 
3 660 861 958 
5 368 706 839 885 917 
9 48 72 179 197 276 531 628 722 799 
3 2 232 529 
5 188 208 222 812 926 
6 178 534 576 618 666 741 
7 205 258 367 472 478 485 669 
7 2 578 587 712 742 852 871 
3 191 425 473 
4 185 195 856 872 
3 280 346 661 
5 304 398 633 661 664 
2 270 553 
6 23 382 386 637 756 853 
8 83 164 186 546 666 682 814 947 
5 88 343 380 794 886 
6 283 357 382 430 826 929 
5 225 352 376 816 945 
4 17 40 585 940 
4 21 292 510 731 
10 54 73 88 224 479 590 604 776 834 915 
4 175 298 315 534 
7 64 173 203 283 300 806 959 
4 125 285 644 753 
5 159 492 721 755 855 
8 220 336 368 612 726 858 890 911 
4 42 44 669 930 
5 207 208 334 761 769 
1 42 
7 78 146 273 366 474 768 887 
5 261 348 578 607 927 
7 229 235 245 364 367 720 735 
8 22 137 204 304 396 426 572 639 
5 124 226 386 548 667 
2 556 885 
9 51 326 364 384 554 592 769 921 946 
1 196 
8 225 236 494 622 718 821 870 877 
5 201 470 497 543 879 
10 8 136 143 246 255 504 620 746 944 956 
2 57 931 
6 104 149 708 747 832 852 
4 36 241 407 771 
5 95 251 295 459 726 
5 293 449 703 796 913 
3 383 566 635 
6 164 440 606 615 757 784 
6 210 295 342 362 500 920 
1 573 
3 83 160 949 
7 139 160 258 271 298 504 889 
2 205 733 
2 15 446 
2 138 699 
6 141 153 186 197 303 705 
1 48 
5 65 393 627 631 701 
5 160 419 475 689 736 
6 19 423 472 699 804 857 
5 57 287 317 499 839 
6 110 289 564 567 686 869 
5 836 867 896 932 943 
8 28 35 148 244 250 280 451 904 
2 335 900 
5 445 604 641 923 927 
4 0 158 231 823 
4 5 119 527 649 
12 69 179 283 446 468 572 590 746 776 805 871 883 
3 186 408 731 
6 0 124 258 460 503 604 
5 120 172 347 465 749 
5 332 433 521 673 834 
4 55 77 409 932 
3 108 551 938 
2 359 644 
5 180 188 383 430 470 
5 275 277 589 617 620 
3 97 508 816 
5 265 589 721 722 816 
6 23 29 199 367 426 641 
4 61 169 204 311 
5 101 106 454 629 909 
5 86 336 422 502 562 
0 
5 236 306 337 605 718 
3 162 240 544 
5 187 534 661 765 802 
6 484 514 516 559 702 739 
5 300 343 490 496 691 
5 328 397 628 868 877 
11 156 162 224 229 301 504 593 608 772 819 943 
7 109 317 339 445 584 691 900 
8 15 16 64 316 659 712 817 940 
2 350 552 
8 185 329 415 442 506 531 612 908 
2 403 418 
3 306 499 838 
6 462 480 531 587 875 912 
2 16 395 
8 34 53 225 236 467 598 608 736 
8 4 76 413 575 612 679 704 794 
4 109 564 572 933 
10 21 25 107 114 285 634 716 771 908 924 
4 25 152 432 600 
8 8 219 515 530 548 762 766 847 
4 513 521 833 910 
3 98 474 891 
3 317 471 833 
3 394 610 745 
6 1 180 317 420 638 760 
5 521 630 660 664 676 
7 448 494 634 680 717 818 954 
2 25 153 
7 167 172 194 487 549 637 843 
7 74 286 316 421 590 767 951 
3 15 516 745 
7 267 320 450 526 611 835 939 
7 9 206 418 481 487 541 582 
3 196 312 590 
5 389 426 534 569 584 
5 227 316 458 791 826 
6 357 409 501 536 583 688 
4 67 348 359 644 
6 25 247 250 316 380 457 
6 2 57 408 575 590 599 
2 204 296 
2 109 795 
3 357 493 652 
3 12 371 650 
2 448 781 
7 12 21 101 107 162 468 681 
3 37 157 539 
2 220 826 
4 21 107 281 438 
6 151 176 357 741 826 868 
3 21 51 891 
4 194 464 468 781 
5 30 236 520 552 827 
4 0 129 603 707 
7 250 439 502 521 589 613 822 
8 85 156 260 262 268 679 706 786 
3 375 662 808 
3 237 478 537 
9 83 388 462 513 545 609 672 698 902 
4 13 642 896 942 
2 87 439 
3 129 168 389 
5 211 557 586 759 934 
8 314 410 447 567 569 612 688 791 
7 93 350 398 624 651 762 949 
3 331 472 871 
6 74 110 231 331 433 490 
7 116 238 420 529 758 826 833 
6 102 390 401 441 553 562 
8 105 118 198 248 540 644 763 767 
5 46 146 307 445 513 
8 83 108 204 597 665 832 840 878 
6 224 428 697 801 884 959 
4 89 93 609 777 
3 280 370 833 
6 123 258 317 641 865 945 
7 2 91 92 249 348 737 780 
8 89 124 456 494 506 750 764 870 
5 3 195 438 763 796 
3 216 455 583 
4 438 466 881 916 
3 101 722 902 
2 340 725 
5 51 599 689 856 948 
6 37 107 126 323 488 626 
12 193 325 330 422 456 461 490 543 623 652 707 734 
2 691 696 
1 930 
3 10 603 626 
1 303 
8 115 317 332 467 631 740 897 943 
4 74 417 543 822 
3 628 654 724 
3 313 354 503 
7 104 221 246 286 306 455 818 
13 136 162 177 179 274 353 445 448 549 573 612 629 688 
4 563 610 791 867 
5 162 200 216 880 927 
6 356 372 437 470 547 599 
6 213 708 744 795 915 918 
7 13 114 262 472 565 755 766 
5 82 176 493 594 885 
6 231 322 586 653 713 765 
3 263 482 947 
5 15 192 243 505 854 
3 468 580 717 
1 854 
4 98 389 521 527 
7 148 214 235 270 312 436 816 
3 37 494 749 
4 213 244 267 365 
5 68 126 345 534 805 
5 214 344 384 455 840 
6 162 464 531 604 696 910 
1 859 
6 151 298 424 568 689 933 
7 36 37 444 488 881 945 946 
5 253 363 504 619 773 
6 165 386 634 675 742 939 
3 222 678 859 
5 8 385 743 747 748 
3 498 617 741 
5 19 84 307 758 795 
5 54 104 159 438 790 
2 223 565 
2 47 826 
3 3 433 504 
9 16 63 124 134 532 638 717 862 872 
3 411 452 697 
3 536 560 596 
4 223 396 731 829 
7 411 499 610 711 809 891 958 
6 29 52 83 97 551 622 
8 19 60 184 258 279 470 499 617 
2 590 911 
5 66 128 181 728 936 
6 383 418 452 693 711 957 
4 276 335 399 531 
0 
7 91 146 264 451 475 579 771 
4 237 337 356 794 
4 95 609 784 886 
5 89 358 381 586 923 
5 47 575 653 746 868 
5 3 174 324 541 593 
6 255 307 617 668 708 788 
6 163 275 302 468 607 910 
5 22 51 472 515 785 
8 2 178 204 281 311 442 470 700 
6 111 153 277 369 799 928 
7 134 174 282 297 498 538 578 
2 358 448 
2 654 727 
5 202 427 429 490 628 
9 349 371 418 465 469 475 570 626 945 
4 324 772 884 913 
2 386 832 
7 174 270 320 441 580 599 642 
4 58 537 705 739 
4 5 132 214 329 
3 112 565 759 
5 178 249 507 640 806 
7 167 218 270 450 688 823 864 
6 62 475 519 534 593 669 
5 36 125 146 454 920 
4 635 778 799 847 
7 81 161 686 764 825 877 909 
4 76 489 524 840 
8 5 34 168 371 415 420 549 848 
5 130 435 642 795 867 
3 169 253 397 
7 159 381 582 709 753 799 821 
4 441 450 917 950 
7 16 153 494 509 577 898 930 
5 277 459 532 567 711 
4 20 467 645 735 
10 112 167 376 445 451 499 531 659 934 942 
9 138 317 490 624 744 778 837 903 947 
6 152 239 258 701 821 883 
4 126 397 759 760 
10 92 101 104 182 204 672 739 838 949 956 
7 138 272 427 557 569 581 630 
6 51 196 356 654 831 865 
6 21 230 259 553 792 920 
4 31 390 427 705 
6 17 132 172 311 848 869 
5 271 388 568 868 952 
8 91 117 245 521 627 647 821 906 
9 209 237 251 500 613 692 707 903 953 
6 103 148 163 722 791 834 
5 520 524 590 736 783 
6 170 342 407 623 722 858 
10 110 124 353 440 528 589 695 806 848 887 
4 126 432 531 869 
2 461 617 
4 407 526 791 949 
5 9 35 214 761 924 
5 116 255 347 362 731 
6 58 79 453 462 554 911 
2 396 601 
3 23 136 259 
4 364 464 653 842 
6 235 329 460 563 727 861 
3 383 800 838 
5 285 597 711 909 928 
6 254 415 430 511 704 922 
8 44 158 495 593 605 866 870 945 
4 111 656 678 778 
8 37 102 374 425 473 505 684 904 
8 122 196 261 321 611 728 773 879 
1 658 
6 83 156 262 623 674 936 
1 764 
3 66 417 882 
4 222 223 479 950 
4 500 812 834 955 
10 47 92 221 317 478 521 725 801 835 878 
6 172 317 538 579 637 780 
4 528 588 618 723 
4 115 191 346 701 
5 11 37 66 643 959 
3 118 178 181 
3 294 646 823 
8 97 339 443 612 689 708 814 818 
5 37 167 348 351 461 
7 11 333 361 362 437 682 721 
5 17 125 244 305 492 
0 
7 167 228 321 362 461 677 734 
4 230 345 507 696 
4 348 356 365 924 
4 172 246 248 384 
8 10 128 208 274 581 738 947 956 
3 357 377 599 
3 28 129 336 
1 878 
4 20 494 616 776 
1 422 
3 1 117 647 
7 14 22 65 94 173 554 815 
3 461 714 736 
6 164 172 280 309 664 777 
3 220 555 643 
5 338 451 491 818 921 
3 462 821 929 
6 168 300 481 707 813 815 
5 143 145 309 365 661 
7 40 232 310 706 725 889 921 
4 20 127 644 894 
2 231 270 
4 113 411 602 721 
4 63 72 301 952 
6 472 499 531 598 831 922 
6 239 250 408 519 551 659 
3 34 156 270 
4 171 439 442 522 
1 624 
4 240 346 572 751 
2 834 917 
3 628 767 944 
5 522 549 665 894 919 
5 49 508 564 781 885 
3 494 774 806 
5 43 294 312 404 409 
1 584 
8 224 407 614 655 844 863 864 947 
3 190 438 760 
5 41 60 121 160 395 
4 68 451 641 944 
9 175 194 195 273 327 405 594 620 720 
4 167 352 491 683 
4 489 521 624 681 
8 250 392 535 581 659 719 797 860 
5 117 205 303 607 732 
1 82 
11 208 228 567 572 610 640 773 812 817 828 852 
6 48 206 358 443 780 872 
6 60 92 203 332 538 851 
3 51 241 676 
2 98 296 
2 302 453 
5 77 149 462 541 563 
3 236 388 435 
7 71 330 336 346 708 782 952 
9 41 98 129 138 143 329 382 705 721 
6 135 375 429 661 686 720 
9 57 280 353 429 517 625 627 771 866 
2 10 654 
1 528 
6 207 235 518 652 683 942 
5 8 376 394 738 904 
3 139 588 638 
5 93 241 571 645 877 
3 275 337 870 
2 125 785 
5 1 370 419 566 633 
5 99 133 167 336 709 
3 170 277 402 
4 521 664 785 916 
5 137 301 382 611 800 
5 408 450 626 676 752 
6 18 119 170 322 512 912 
4 37 326 668 726 
7 81 118 249 298 438 594 616 
7 124 139 305 526 836 868 956 
5 169 285 356 485 557 
4 177 333 358 554 
2 191 556 
3 535 613 780 
4 18 262 459 466 
5 25 390 418 579 835 
4 110 226 392 556 
7 157 263 274 281 556 814 921 
5 269 421 545 787 951 
3 254 513 934 
3 149 693 953 
1 736 
6 0 374 607 801 890 934 
2 288 888 
4 137 375 536 779 
5 211 364 777 825 871 
3 118 134 397 
6 7 41 503 558 869 925 
6 127 263 498 596 615 891 
3 460 615 702 
5 71 162 378 632 766 
3 136 455 500 
4 259 505 514 952 
8 137 243 513 602 648 808 872 901 
3 338 437 538 
7 176 250 269 286 455 536 761 
6 337 342 347 465 505 695 
5 92 96 197 380 951 
5 21 111 327 378 386 
2 12 297 
5 393 453 575 722 901 
6 107 206 441 591 827 896 
4 287 553 645 711 
2 186 698 
2 85 295 
5 262 320 371 418 672 
4 76 509 677 756 
3 601 613 643 
3 223 755 835 
6 195 325 512 653 712 744 
6 480 487 697 826 902 932 
3 85 719 922 
2 239 626 
3 201 397 577 
5 583 730 734 821 873 
4 155 173 491 889 
5 95 112 157 749 833 
4 162 241 274 581 
6 23 88 180 260 850 896 
4 263 298 559 954 
5 471 499 532 625 631 
5 158 245 619 863 920 
4 201 227 256 339 
8 134 149 159 216 366 451 576 951 
6 177 477 535 558 605 896 
7 11 21 185 395 514 858 947 
2 105 708 
0 
8 116 136 143 294 353 585 601 607 
3 179 639 735 
4 196 508 652 753 
1 437 
0 
4 409 885 919 922 
7 93 285 301 418 547 816 841 
7 46 182 275 373 597 628 698 
6 0 118 187 193 238 887 
4 15 264 492 764 
6 100 107 150 567 918 920 
3 266 270 906 
1 848 
3 355 651 711 
3 50 681 923 
4 182 365 659 748 
6 33 35 179 207 675 681 
6 368 428 429 544 805 852 
8 23 37 199 200 294 443 711 928 
7 62 105 231 462 530 659 679 
1 441 
7 23 49 90 140 194 289 348 
7 51 388 607 614 623 680 785 
6 69 210 490 527 846 871 
4 181 416 598 658 
2 70 274 
5 27 248 602 756 923 
15 51 192 204 243 295 296 367 471 483 485 503 561 781 881 942 
5 73 488 772 945 955 
3 29 711 957 
3 153 566 930 
3 98 137 169 
4 63 242 618 688 
6 51 223 392 507 592 916 
8 139 199 456 458 503 510 787 949 
7 22 174 371 422 625 651 694 
5 295 467 652 746 779 
4 245 264 412 740 
2 613 854 
3 447 616 639 
5 10 264 352 410 893 
7 250 507 548 603 855 864 890 
2 284 805 
4 348 637 870 882 
2 93 464 
2 125 701 
3 57 198 219 
3 161 822 866 
7 49 212 455 601 855 860 895 
6 604 621 628 811 938 958 
2 185 935 
4 2 192 272 789 
3 183 322 713 
8 2 17 90 288 358 392 711 816 
4 51 244 312 364 
6 42 260 287 540 542 837 
7 78 117 218 375 840 847 885 
2 360 519 
3 289 409 927 
5 96 376 627 796 906 
3 550 555 938 
5 31 48 107 708 847 
3 351 638 896 
4 39 42 336 563 
3 326 701 792 
4 598 701 840 918 
4 79 121 511 618 
10 41 46 132 184 284 642 722 846 917 947 
5 16 194 412 532 605 
7 158 250 440 485 579 622 740 
7 128 224 323 411 621 629 758 
6 34 388 513 642 729 842 
7 184 358 418 501 756 822 899 
6 176 360 563 712 764 880 
1 785 
3 21 163 175 
5 132 137 242 448 950 
1 196 
7 27 137 388 440 602 728 959 
5 52 308 507 652 671 
2 389 645 
3 195 533 872 
4 516 552 826 952 
3 2 649 842 
2 418 614 
2 508 591 
7 113 352 385 537 697 804 855 
2 366 577 
5 40 214 380 628 807 
3 754 890 909 
4 346 401 683 786 
9 38 39 45 93 376 753 840 888 938 
7 112 226 457 486 567 759 905 
1 311 
4 182 258 839 956 
5 47 64 79 684 696 
2 23 847 
10 57 275 311 340 412 495 772 789 795 861 
4 526 924 934 936 
1 609 
2 85 871 
2 414 442 
4 309 764 771 924 
4 494 517 781 945 
4 173 224 613 624 
5 185 207 413 644 726 
3 12 98 891 
5 148 180 623 810 858 
4 92 165 924 953 
3 445 453 935 
5 349 432 602 640 888 
4 143 456 549 582 
4 331 376 570 634 
2 448 737 
4 9 231 395 591 
2 242 279 
3 167 371 535 
7 31 116 326 341 516 734 832 
8 156 300 347 352 608 694 866 918 
7 153 535 809 864 917 923 949 
5 144 188 293 696 804 
6 291 398 600 619 792 809 
8 135 269 275 386 679 683 748 942 
8 6 37 121 641 688 782 804 948 
7 241 314 415 578 813 825 918 
8 181 303 453 632 666 897 901 907 
4 112 325 758 947 
3 111 166 355 
7 29 165 305 381 415 533 857 
5 109 585 640 817 956 
2 367 680 
6 115 198 377 523 609 829 
4 124 277 324 391 
4 240 412 423 781 
3 185 452 551 
8 3 85 498 612 750 753 897 958 
2 849 908 
3 571 647 897 
1 34 
5 322 424 848 859 890 
4 34 336 467 554 
4 235 369 443 947 
3 203 204 235 
7 236 259 495 612 725 826 921 
5 27 84 412 441 526 
3 390 695 704 
8 304 368 511 552 590 642 827 902 
5 114 266 321 386 552 
12 126 159 232 365 539 613 668 701 796 866 925 940 
5 226 257 339 519 922 
7 90 400 500 616 631 833 918 
6 99 303 345 608 650 875 
5 145 465 749 768 794 
8 111 134 350 622 687 719 763 881 
6 90 93 238 624 751 907 
5 71 142 198 462 790 
3 238 651 827 
6 390 616 668 740 893 928 
4 90 303 572 828 
7 50 149 173 351 567 848 934 
4 373 508 656 877 
960 2371
7 237 267 337 348 477 569 937 
1 637 
2 800 895 
7 97 139 257 263 275 804 876 
4 194 243 258 693 
4 224 683 779 831 
3 243 408 902 
4 221 292 704 885 
7 42 236 598 694 759 807 907 
1 168 
9 271 289 301 393 413 632 633 870 910 
6 152 225 335 470 780 803 
7 238 304 355 578 645 732 751 
8 55 70 373 611 620 791 824 866 
8 140 161 175 355 407 677 753 802 
3 50 197 207 
5 77 170 459 695 917 
5 304 394 418 469 620 
4 42 303 544 604 
6 106 191 326 354 500 819 
8 121 361 384 587 772 818 911 938 
1 827 
9 61 139 255 388 449 586 871 909 939 
4 84 220 531 718 
4 306 420 446 677 
4 124 171 251 423 
4 308 735 814 946 
3 345 422 668 
5 133 559 682 869 887 
4 366 377 441 873 
2 580 648 
6 565 653 846 891 902 909 
7 52 216 372 573 612 923 956 
2 602 939 
5 82 196 263 373 739 
7 297 406 523 673 729 790 847 
5 230 243 784 905 958 
9 274 334 438 498 565 681 733 768 869 
4 213 539 733 907 
4 391 444 834 957 
2 598 816 
6 190 326 467 707 844 914 
9 8 18 151 360 471 506 617 725 834 
5 85 187 217 706 778 
5 666 708 763 779 939 
6 302 426 556 573 742 836 
2 510 870 
4 193 258 414 502 
3 54 877 898 
3 55 244 665 
3 15 149 920 
4 254 491 710 731 
7 32 57 200 277 303 451 782 
4 223 500 666 846 
3 48 114 389 
6 13 49 234 289 330 509 
7 186 234 278 716 753 814 959 
10 52 127 273 460 627 641 651 786 811 870 
4 73 414 438 449 
5 123 174 286 320 933 
8 83 152 159 182 402 505 627 787 
11 22 152 296 337 389 411 480 602 696 813 857 
4 93 146 363 866 
2 256 574 
9 241 327 413 485 527 582 627 747 753 
2 499 742 
3 431 504 610 
5 78 243 293 714 820 
5 402 453 460 812 885 
7 217 233 445 540 822 831 905 
6 13 334 619 856 947 948 
8 147 252 480 639 676 692 778 804 
0 
5 58 263 506 877 958 
7 205 336 407 468 478 626 696 
4 240 391 840 944 
5 110 337 354 763 811 
5 16 121 366 857 911 
9 67 131 302 507 558 581 627 817 911 
11 175 350 385 501 591 623 703 720 726 822 843 
5 148 288 295 881 905 
3 196 586 838 
6 34 320 392 397 659 904 
4 60 222 341 431 
6 23 99 268 719 763 768 
5 43 151 198 451 681 
3 119 393 668 
8 195 233 472 477 643 735 829 935 
5 244 246 328 330 780 
5 237 240 609 876 887 
1 302 
8 383 400 454 513 523 536 758 846 
2 436 481 
6 62 309 359 536 836 928 
8 142 372 391 492 571 592 593 719 
6 297 299 391 448 453 767 
1 835 
8 3 115 149 200 272 396 817 851 
1 466 
3 84 629 903 
3 505 594 764 
2 417 812 
6 297 388 424 611 671 825 
6 109 398 609 749 838 923 
1 270 
5 106 243 402 480 707 
5 19 105 474 531 544 
4 286 485 814 839 
8 133 140 216 331 454 561 908 948 
8 103 256 342 551 601 682 702 929 
6 76 476 568 725 853 869 
6 292 308 360 378 437 654 
5 241 516 648 860 891 
3 200 353 430 
6 54 251 412 594 657 811 
3 97 245 771 
4 398 629 695 787 
1 727 
6 160 173 401 416 540 666 
3 86 234 519 
6 430 523 537 599 616 745 
7 20 77 158 551 685 832 929 
3 475 836 903 
6 59 209 352 452 584 925 
7 25 294 339 479 662 710 836 
2 784 858 
1 488 
6 57 393 519 565 648 750 
2 204 736 
6 178 478 544 712 858 867 
6 138 166 184 241 324 954 
7 78 465 471 584 621 866 915 
5 156 161 284 483 912 
6 28 108 255 593 719 805 
8 170 348 466 643 671 674 746 938 
6 205 248 364 496 521 723 
1 721 
6 350 409 534 616 645 893 
4 130 550 597 611 
5 3 22 238 654 847 
2 14 108 
5 169 290 344 592 931 
3 94 165 430 
0 
5 207 208 263 404 687 
5 268 596 819 823 906 
6 62 170 196 625 684 798 
6 71 203 451 513 700 793 
6 80 298 554 573 688 768 
5 50 97 288 293 773 
7 434 450 607 671 682 822 855 
3 42 85 577 
8 11 60 61 194 436 496 498 580 
5 160 203 204 636 680 
4 178 627 796 837 
5 339 361 446 751 766 
4 132 400 479 808 
2 560 939 
7 121 165 290 439 441 669 833 
5 60 400 592 611 785 
9 118 153 179 300 312 654 681 760 881 
5 14 132 178 186 773 
13 335 455 503 585 601 741 758 762 809 842 865 881 908 
2 500 892 
2 267 321 
5 142 158 246 258 300 
7 130 255 263 375 772 922 951 
5 308 384 465 592 880 
6 9 355 419 569 713 811 
6 141 201 213 386 493 516 
6 16 134 146 336 838 893 
3 25 401 614 
4 300 644 710 824 
4 118 526 721 795 
4 59 185 928 939 
5 14 79 489 534 896 
2 671 917 
4 254 585 648 670 
10 129 154 161 294 565 626 698 761 784 921 
6 160 213 286 474 493 648 
5 226 509 713 771 952 
0 
4 60 272 781 911 
5 242 564 596 931 946 
5 130 370 406 436 873 
6 174 285 530 677 692 734 
7 56 161 340 560 582 683 839 
2 43 344 
3 594 852 927 
1 662 
6 41 598 612 618 789 808 
6 19 286 370 598 618 635 
2 508 647 
8 47 472 480 556 599 649 814 927 
7 4 152 223 370 504 522 604 
6 87 339 461 504 542 870 
5 34 81 146 346 707 
7 15 213 305 574 659 752 771 
2 85 863 
6 253 270 622 700 780 797 
6 52 97 113 258 464 949 
10 169 457 564 627 699 847 849 877 880 953 
4 215 339 752 798 
7 147 153 425 444 845 882 927 
5 128 153 448 755 870 
4 74 135 590 770 
3 274 697 945 
4 15 144 351 683 
6 144 576 706 737 774 932 
7 123 290 298 423 489 588 748 
4 352 432 570 575 
2 832 940 
5 400 411 430 465 923 
6 38 169 179 197 817 829 
4 392 678 746 780 
7 202 338 466 694 739 769 870 
7 32 108 492 597 656 671 696 
6 43 69 410 620 774 819 
5 396 553 627 644 904 
4 259 376 495 867 
3 23 257 763 
11 7 368 514 570 770 847 862 888 897 927 946 
6 83 517 525 673 785 842 
4 53 194 666 853 
4 5 620 718 840 
8 11 366 384 432 649 699 821 925 
9 180 245 360 447 509 597 607 702 867 
4 710 743 918 952 
5 331 670 683 705 877 
2 331 523 
6 36 485 585 719 769 914 
3 250 892 953 
9 259 334 382 404 468 498 746 751 950 
3 69 87 519 
5 55 56 119 474 848 
2 450 578 
5 8 308 328 634 705 
8 0 89 258 444 606 898 899 932 
4 12 139 401 909 
4 259 410 556 585 
9 75 89 370 398 401 454 515 873 948 
5 64 112 130 313 769 
4 183 265 400 460 
10 4 6 36 67 105 248 266 706 813 858 
6 49 88 622 765 854 933 
8 115 226 302 362 422 519 583 947 
4 88 165 406 452 
1 706 
5 135 243 408 590 683 
2 590 660 
1 231 
5 25 114 335 561 615 
6 71 270 528 574 692 762 
3 199 731 773 
4 51 177 740 878 
5 22 133 166 401 689 
3 63 109 611 
7 3 220 577 709 794 831 845 
11 4 47 165 200 237 293 342 470 489 534 690 
6 219 232 239 293 374 862 
2 653 951 
3 521 613 673 
5 375 457 830 854 917 
11 3 34 73 144 166 318 319 340 372 423 760 
5 784 810 838 841 955 
6 242 412 459 521 555 925 
1 243 
6 0 164 444 577 909 932 
3 84 145 726 
2 748 926 
5 104 199 252 646 923 
7 10 330 412 533 544 723 909 
9 97 182 305 495 592 741 775 836 860 
5 57 484 528 709 831 
5 37 206 692 734 916 
7 3 343 478 519 561 682 780 
4 488 509 683 870 
4 52 357 612 901 
2 56 494 
3 700 704 818 
4 589 707 782 783 
3 367 489 921 
10 333 374 583 599 600 611 668 669 740 744 
4 466 549 698 759 
5 132 297 626 693 880 
4 185 508 576 598 
8 59 107 179 191 306 688 868 932 
1 771 
6 80 149 391 423 857 936 
8 10 55 378 593 728 778 877 951 
5 141 158 209 834 915 
4 316 410 663 863 
5 7 111 858 927 936 
6 67 149 258 259 692 798 
7 124 178 351 353 631 793 900 
6 80 426 445 558 627 843 
5 61 445 507 610 628 
10 35 95 102 284 538 716 820 916 924 925 
7 148 209 378 556 600 688 875 
5 95 397 411 579 906 
9 160 165 172 397 423 474 514 702 897 
4 10 394 525 625 
6 45 78 90 245 308 441 
6 18 52 554 661 803 863 
10 12 17 344 491 514 572 582 714 720 860 
4 197 272 477 947 
6 24 286 378 497 817 922 
5 324 606 622 638 780 
8 26 111 167 236 302 731 855 900 
3 93 442 867 
4 578 642 773 815 
1 534 
6 160 334 609 702 858 910 
6 241 316 351 699 747 756 
4 324 377 794 796 
1 407 
4 291 313 318 599 
6 422 578 796 881 911 926 
4 263 316 335 443 
4 263 449 477 614 
7 59 82 343 363 365 669 803 
4 164 441 474 487 
3 542 561 606 
3 369 433 768 
6 130 307 314 332 414 779 
3 572 774 872 
6 19 41 485 581 747 870 
3 64 348 938 
8 88 236 378 466 615 696 853 928 
3 458 523 549 
4 55 88 271 500 
7 108 228 229 429 694 817 869 
4 324 682 892 931 
4 282 617 673 953 
7 37 70 232 312 342 628 686 
5 11 162 251 318 872 
2 74 170 
5 0 61 76 466 791 
7 215 625 729 756 827 870 956 
7 124 155 195 202 353 434 445 
4 186 263 362 564 
4 83 363 543 954 
4 109 258 334 465 
7 275 320 422 563 623 727 885 
9 141 187 304 364 425 580 669 671 935 
2 27 568 
2 196 695 
4 454 523 594 769 
5 0 134 327 352 931 
3 453 612 855 
4 79 137 662 818 
4 207 294 313 824 
9 123 210 348 610 691 729 770 791 952 
4 113 294 339 833 
5 19 76 476 853 864 
7 12 14 168 718 719 810 946 
1 737 
2 277 735 
3 386 713 926 
4 93 381 398 762 
5 42 111 226 381 949 
5 20 155 662 683 778 
4 245 340 373 537 
8 62 320 341 432 619 787 811 924 
6 135 344 539 677 847 875 
3 320 379 814 
8 29 77 225 373 598 912 922 935 
5 281 430 542 668 843 
3 221 477 920 
4 323 497 501 952 
10 184 191 194 240 526 592 735 767 774 837 
1 600 
9 32 94 263 400 596 654 799 874 890 
9 13 34 362 366 382 495 763 805 814 
4 259 282 564 568 
6 166 262 379 444 462 793 
2 219 926 
5 29 314 379 687 850 
8 111 289 298 306 328 441 446 529 
3 365 375 377 
3 475 497 918 
9 359 360 535 545 718 735 824 931 947 
4 232 373 813 909 
4 91 515 809 822 
10 20 167 225 441 447 457 502 519 728 938 
5 79 518 569 638 843 
4 169 358 630 712 
2 480 494 
4 22 102 734 895 
8 54 61 420 424 636 718 770 943 
2 549 761 
10 39 75 94 95 288 480 561 581 704 813 
6 82 214 430 477 637 639 
5 10 86 127 497 908 
3 17 301 443 
3 720 722 727 
5 97 218 444 503 779 
6 82 299 300 651 826 945 
5 103 116 240 359 473 
5 503 546 832 833 925 
9 91 156 159 212 242 372 792 812 898 
9 118 171 238 240 255 409 748 849 897 
7 60 68 105 490 506 524 824 
1 792 
3 144 232 703 
2 836 854 
7 35 184 246 611 696 840 904 
5 14 74 315 547 653 
6 6 248 531 708 890 923 
4 137 401 648 857 
4 217 239 291 877 
5 61 212 299 926 931 
5 114 265 271 474 482 
5 10 64 420 478 708 
7 47 58 324 639 683 694 719 
1 525 
5 118 418 458 684 895 
6 101 433 450 485 626 798 
6 17 416 496 588 657 712 
3 168 723 868 
7 24 389 413 429 801 865 868 
3 506 588 634 
12 27 245 317 343 426 438 474 530 765 771 868 946 
10 25 209 263 288 300 438 441 637 712 808 
6 102 389 526 613 757 876 
8 203 344 442 470 473 633 833 860 
3 45 295 422 
2 667 886 
1 511 
4 331 420 683 790 
9 113 120 142 212 367 392 439 738 796 
3 66 83 863 
4 210 225 363 938 
4 323 417 542 770 
5 150 339 464 667 879 
1 564 
6 92 152 184 772 881 930 
2 111 594 
8 37 58 422 423 467 820 846 902 
3 158 430 766 
2 473 784 
11 29 158 302 321 378 384 423 487 550 650 853 
6 309 425 610 696 733 752 
4 318 394 763 900 
11 39 203 237 267 375 396 521 662 681 860 896 
6 69 295 296 339 448 611 
5 24 155 378 677 878 
5 226 384 481 711 803 
6 95 204 445 462 566 929 
3 22 58 319 
5 150 235 417 637 885 
5 52 85 147 665 802 
4 123 246 492 688 
4 68 95 349 696 
5 91 108 240 347 781 
5 162 457 534 572 928 
0 
7 201 262 384 455 679 680 820 
6 329 416 551 587 794 913 
5 16 265 712 795 917 
6 57 68 242 501 778 831 
3 195 680 819 
3 375 448 735 
1 629 
6 200 434 504 591 814 925 
5 131 167 212 342 513 
8 98 134 215 283 328 337 548 732 
7 41 438 553 775 788 924 926 
3 74 232 857 
2 17 608 
4 11 258 425 615 
8 42 131 490 495 624 645 751 885 
3 87 193 538 
5 398 425 440 504 955 
9 106 179 234 300 321 412 422 621 872 
3 122 380 657 
2 110 354 
8 0 87 305 319 368 392 625 655 
5 74 129 275 413 647 
5 124 156 641 656 864 
8 61 71 105 193 387 391 719 865 
5 92 447 705 744 868 
3 412 634 656 
2 132 486 
1 273 
7 64 107 230 326 417 705 843 
2 483 954 
4 321 441 817 887 
6 126 276 618 619 704 854 
6 175 209 258 281 739 934 
7 402 471 602 642 686 752 839 
2 51 304 
3 94 216 452 
6 169 179 744 790 808 927 
6 278 387 507 671 914 929 
5 219 272 373 471 852 
6 135 152 418 532 598 762 
5 306 369 380 393 903 
6 37 152 232 770 842 941 
3 65 544 787 
4 19 53 163 330 
4 79 369 460 617 
4 47 384 642 881 
7 162 396 399 578 596 667 884 
8 66 194 195 464 473 625 682 850 
4 60 100 615 926 
7 42 73 402 421 723 751 754 
5 78 296 494 562 927 
4 192 285 578 712 
4 55 180 226 276 
2 46 597 
2 428 886 
1 808 
5 91 147 465 704 861 
5 221 300 304 682 791 
2 240 383 
5 112 169 612 661 738 
2 222 530 
4 385 597 708 909 
6 119 127 233 245 275 384 
2 582 731 
5 135 261 265 444 646 
4 194 571 821 826 
9 35 91 120 229 329 347 562 886 890 
3 402 754 827 
4 222 301 415 788 
5 173 370 424 744 915 
3 64 825 874 
5 252 273 539 685 823 
2 378 931 
4 185 422 517 913 
3 23 106 408 
4 496 592 599 816 
1 271 
7 137 175 258 311 455 696 924 
5 381 619 721 738 830 
4 91 93 688 840 
6 120 362 572 575 594 703 
6 297 472 539 635 748 881 
8 38 364 528 538 587 613 793 901 
7 69 118 546 579 645 727 762 
3 624 661 853 
4 195 322 367 433 
1 341 
8 18 106 129 271 499 651 775 800 
5 381 599 769 845 926 
2 399 540 
5 407 656 661 758 781 
1 466 
3 283 329 390 
5 138 441 567 572 856 
6 109 121 458 595 609 657 
3 567 726 758 
7 218 467 651 668 745 823 849 
3 148 303 680 
1 265 
5 45 193 239 298 562 
1 575 
8 78 295 588 691 866 898 921 959 
2 28 665 
6 157 186 633 655 851 883 
6 108 251 275 322 391 627 
6 507 523 556 728 799 882 
5 343 780 847 857 933 
6 183 201 340 374 435 800 
5 31 37 127 178 622 
2 448 735 
4 550 552 838 908 
5 110 345 374 646 679 
4 0 168 385 862 
4 210 221 742 743 
5 94 522 591 703 878 
6 304 325 455 537 550 735 
5 32 45 148 579 951 
4 63 197 252 577 
6 210 537 557 656 679 787 
7 208 285 622 740 744 818 869 
6 151 257 267 574 763 834 
7 12 235 310 317 503 508 753 
4 299 540 573 683 
3 30 152 344 
3 78 326 391 
6 64 186 304 520 613 816 
5 245 282 688 690 789 
3 123 131 882 
5 162 177 230 239 781 
5 22 81 612 874 943 
5 20 458 539 686 894 
6 209 418 421 558 757 846 
1 280 
5 205 248 249 617 768 
7 79 464 571 785 817 820 859 
13 94 141 159 167 272 370 532 603 633 764 821 885 957 
6 94 133 289 639 697 882 
10 100 114 188 347 437 537 693 816 829 879 
5 551 628 630 832 898 
5 145 183 372 503 956 
7 138 216 226 510 518 614 739 
9 8 40 190 191 285 366 496 687 845 
7 120 193 282 316 532 545 805 
4 282 298 371 884 
5 109 162 722 770 886 
5 33 61 490 902 940 
2 592 669 
4 18 194 637 954 
4 606 653 842 920 
6 237 307 322 605 666 738 
2 150 226 
2 469 688 
6 89 103 312 551 744 899 
7 66 296 352 442 631 768 955 
10 13 102 138 159 256 282 406 445 725 819 
8 32 190 277 349 516 586 698 950 
5 261 424 539 582 756 
4 171 319 597 842 
6 251 328 470 505 636 689 
4 120 137 697 713 
8 42 333 501 590 683 715 795 871 
4 190 191 488 727 
5 70 363 488 535 860 
4 13 17 217 224 
3 131 474 647 
9 199 244 307 565 576 703 722 743 785 
3 79 343 830 
2 471 541 
7 146 301 338 477 504 724 935 
4 74 178 284 417 
13 57 60 64 78 154 201 218 295 561 711 733 735 868 
4 296 334 595 665 
5 99 116 463 646 868 
5 386 595 653 847 936 
5 294 610 724 786 879 
4 10 634 726 756 
4 10 425 560 592 
6 236 421 482 632 696 797 
5 191 538 665 707 805 
6 153 389 615 638 682 831 
7 1 392 423 450 604 851 906 
6 307 385 636 779 831 904 
6 71 392 414 593 695 955 
1 901 
4 57 479 941 959 
5 310 490 502 692 845 
6 87 134 707 834 843 862 
5 172 218 772 916 927 
5 12 137 471 540 905 
5 270 521 568 629 834 
4 192 478 621 858 
9 30 112 127 177 179 409 663 761 887 
5 193 225 799 893 902 
3 441 700 927 
4 57 397 544 553 
4 794 828 855 907 
6 31 260 407 605 630 925 
5 111 139 160 372 720 
2 477 560 
6 216 479 482 547 575 939 
6 114 418 475 551 943 946 
1 744 
5 82 197 696 783 902 
5 249 688 698 867 901 
6 303 516 541 547 801 928 
6 124 189 350 361 444 871 
4 291 648 880 927 
2 775 862 
6 49 451 559 628 635 705 
6 44 53 118 223 606 812 
4 427 434 503 914 
8 27 86 282 367 553 703 883 912 
5 158 282 320 344 603 
3 177 228 683 
10 102 134 150 176 216 344 494 867 895 898 
1 757 
5 35 222 261 333 843 
3 134 884 900 
4 684 723 841 940 
3 71 845 852 
6 14 24 185 364 446 893 
1 214 
4 457 568 575 930 
5 153 457 461 554 688 
5 37 85 160 444 811 
12 28 109 150 275 332 504 514 636 720 744 762 900 
13 5 186 207 228 248 276 361 414 429 579 617 670 743 
3 146 416 675 
2 121 528 
6 334 490 587 778 835 955 
4 144 377 598 788 
9 148 286 298 452 536 583 608 660 680 
3 255 615 748 
2 258 583 
3 352 558 837 
6 71 185 252 274 293 642 
4 4 284 594 779 
5 8 215 331 414 699 
4 16 116 346 639 
12 61 74 216 328 406 442 453 534 634 659 839 956 
3 206 593 616 
8 178 283 612 660 782 791 896 905 
6 201 225 313 694 746 815 
6 147 199 279 650 816 916 
1 854 
4 109 226 300 312 
7 79 404 537 571 622 668 848 
6 7 279 391 488 513 842 
9 228 236 481 485 665 730 824 910 927 
4 43 208 243 247 
8 41 105 196 280 635 643 731 872 
5 44 408 413 518 744 
3 257 273 847 
4 51 124 172 227 
4 447 627 783 874 
6 129 386 418 423 459 508 
6 168 180 358 616 935 949 
3 67 304 798 
2 617 809 
3 56 297 815 
0 
6 23 224 355 381 389 928 
8 84 94 133 230 355 414 480 816 
7 79 304 395 654 682 763 937 
3 136 173 535 
3 395 601 622 
9 135 271 419 506 675 727 833 898 904 
4 625 631 851 880 
5 42 110 611 842 887 
4 79 268 552 632 
6 117 343 395 540 618 723 
4 289 384 562 946 
3 35 338 352 
2 705 772 
9 51 253 308 520 707 734 749 833 941 
4 12 466 817 830 
8 37 38 442 627 796 843 863 953 
5 185 274 388 731 749 
9 26 87 357 370 381 462 566 572 627 
1 128 
3 208 356 770 
5 430 516 535 606 823 
4 34 215 489 597 
4 254 282 576 761 
3 162 272 787 
5 45 65 570 883 939 
7 227 570 622 683 823 831 950 
10 282 481 493 526 576 609 658 682 708 949 
2 120 553 
6 134 214 232 699 846 949 
5 64 313 326 796 815 
7 209 269 401 538 689 861 925 
4 103 731 734 801 
1 127 
6 12 155 232 471 506 890 
6 197 202 442 490 815 866 
4 14 56 64 578 
4 506 524 843 935 
3 204 841 933 
5 313 338 613 632 836 
4 424 588 672 943 
6 91 162 547 552 800 820 
3 8 283 810 
2 160 263 
4 178 390 648 740 
6 162 252 359 496 540 682 
8 44 76 84 220 373 443 577 720 
4 100 592 799 892 
2 244 422 
2 155 439 
4 95 370 883 934 
6 37 84 148 323 590 610 
7 215 230 241 347 545 851 855 
8 205 221 352 389 433 498 601 737 
5 115 180 197 287 422 
5 20 166 436 644 730 
5 149 161 253 310 794 
5 208 217 325 370 818 
4 272 467 544 664 
0 
1 898 
7 43 71 289 361 460 686 784 
7 5 44 324 396 638 693 953 
8 11 88 199 214 275 307 563 941 
5 182 454 547 585 896 
5 52 280 698 783 827 
5 280 659 711 782 947 
7 36 125 178 264 440 778 860 
7 159 222 591 622 792 801 836 
3 57 631 944 
7 60 116 363 499 575 741 833 
4 467 525 687 957 
3 190 583 954 
4 35 429 493 822 
5 13 337 352 514 698 
3 400 403 785 
5 147 294 375 539 810 
6 257 314 458 652 773 905 
3 173 459 617 
6 154 314 317 430 733 747 
3 199 634 798 
6 146 202 293 417 714 797 
4 372 562 649 764 
4 2 544 564 758 
4 420 661 749 785 
2 14 451 
5 11 303 320 447 835 
2 3 71 
4 133 373 599 635 
0 
1 8 
5 156 190 423 493 512 
4 162 383 715 931 
4 264 355 759 793 
6 57 76 114 168 363 681 
5 68 101 400 666 947 
5 61 243 382 391 903 
7 26 56 107 193 365 373 464 
5 310 699 716 747 752 
6 40 532 582 594 700 719 
8 78 97 213 306 331 487 591 732 
5 20 279 350 576 774 
6 19 145 217 461 611 912 
9 67 297 438 457 591 758 855 915 928 
3 225 522 592 
7 69 79 150 383 790 840 924 
6 145 528 553 738 743 958 
6 13 172 351 381 402 705 
3 102 527 836 
2 397 522 
4 21 338 524 782 
1 652 
3 87 213 594 
4 262 535 623 732 
9 5 69 257 273 460 636 638 743 832 
6 121 211 399 595 831 860 
8 158 353 399 425 723 731 787 918 
6 39 42 290 577 643 646 
3 96 686 803 
10 45 93 122 124 272 405 756 785 825 861 
4 154 370 691 847 
6 81 103 170 264 567 918 
4 107 186 490 696 
6 75 224 406 536 822 888 
4 264 675 755 901 
7 162 222 498 605 614 704 725 
9 79 295 367 385 485 643 673 733 754 
1 41 
6 203 257 545 598 642 676 
6 31 53 91 438 588 746 
9 35 139 201 221 364 563 630 709 837 
3 234 703 902 
3 201 401 553 
3 377 504 879 
5 97 560 637 724 769 
3 188 495 676 
6 110 223 328 354 441 541 
5 244 262 405 488 701 
7 150 308 349 652 769 820 951 
2 70 550 
8 61 77 288 409 468 563 884 942 
7 125 129 243 292 312 647 895 
2 591 882 
8 112 272 304 425 444 619 784 832 
3 513 748 836 
5 221 259 569 643 664 
6 198 291 303 431 733 946 
2 354 479 
3 162 420 480 
5 13 62 131 558 752 
6 129 219 226 309 660 671 
8 286 419 420 422 481 627 629 896 
6 28 37 110 331 576 918 
10 10 46 57 195 204 215 276 326 338 872 
3 22 617 662 
5 325 335 474 707 870 
3 29 184 240 
5 372 527 586 711 887 
2 298 364 
3 3 89 424 
7 48 73 201 228 289 410 946 
3 254 446 571 
4 434 594 631 850 
6 167 201 284 663 724 895 
7 80 160 162 317 436 502 538 
6 203 562 584 593 859 939 
5 560 668 742 767 949 
4 503 600 674 857 
6 7 68 343 450 471 592 
4 427 511 523 601 
6 28 89 487 648 725 874 
3 221 840 922 
1 955 
4 372 408 523 751 
3 31 112 942 
4 163 231 332 764 
5 137 170 649 677 940 
1 587 
6 2 388 416 671 858 880 
7 175 444 698 781 868 923 951 
3 221 300 401 
10 48 237 400 558 595 671 723 777 911 953 
4 237 609 935 938 
5 294 308 443 674 682 
5 277 539 640 660 841 
8 6 31 438 602 649 659 848 927 
4 99 122 497 813 
5 82 218 406 638 723 
6 36 69 80 645 698 794 
3 145 299 637 
3 8 38 652 
4 108 162 393 567 
7 22 31 238 267 271 382 518 
3 10 312 705 
7 20 77 78 182 317 898 927 
4 132 366 668 819 
2 458 530 
4 41 230 494 667 
4 131 290 526 820 
4 274 297 644 700 
4 16 176 262 459 
6 227 380 833 838 869 940 
0 
3 50 368 605 
3 178 281 558 
4 166 306 366 888 
6 32 103 212 270 408 896 
5 297 363 467 534 822 
8 123 225 265 297 399 464 653 748 
8 269 317 358 376 411 467 505 545 
13 188 193 203 221 292 493 507 644 650 663 705 902 911 
7 93 174 328 455 661 718 820 
5 109 121 448 494 935 
2 436 679 
8 141 183 332 348 381 411 529 809 
4 208 237 267 286 
4 59 244 563 755 
2 489 767 
9 87 344 366 625 713 754 899 929 954 
3 288 292 630 
2 0 720 
6 20 134 327 384 432 899 
8 22 33 44 157 174 656 742 882 
6 211 602 675 893 918 952 
4 498 641 731 780 
2 857 891 
4 389 586 657 757 
2 75 786 
2 206 397 
9 26 183 221 355 422 657 728 863 877 
6 70 245 305 381 783 812 
3 70 108 240 
6 200 360 713 744 746 883 
3 232 612 743 
7 166 260 289 573 855 896 956 
5 180 227 352 369 940 
6 201 231 333 733 779 898 
6 130 341 486 604 789 935 
6 264 473 610 639 686 889 
5 32 338 596 696 951 
3 39 592 788 
3 36 73 823 
3 56 558 641 
