1000 1000
2 479 701 
2 277 305 
2 562 819 
2 487 493 
2 149 533 
2 91 389 
2 209 786 
2 749 898 
2 327 527 
2 143 282 
2 286 952 
2 188 662 
2 833 837 
2 293 309 
2 236 318 
2 226 260 
2 199 597 
2 284 574 
2 471 980 
2 885 957 
2 381 931 
2 622 723 
2 492 971 
2 68 786 
2 109 713 
2 832 975 
2 141 244 
2 218 498 
2 345 743 
2 462 572 
2 607 718 
2 620 670 
2 939 997 
2 326 754 
2 564 767 
2 467 664 
2 81 158 
2 160 689 
2 123 777 
2 327 751 
2 68 914 
2 51 466 
2 126 482 
2 185 251 
2 793 922 
2 169 408 
2 735 964 
2 96 143 
2 740 884 
2 84 736 
2 60 774 
2 41 229 
2 188 506 
2 72 903 
2 235 954 
2 432 885 
2 534 993 
2 320 514 
2 823 909 
2 564 611 
2 50 637 
2 363 819 
2 712 797 
2 418 947 
2 146 680 
2 196 984 
2 261 536 
2 506 746 
2 23 40 
2 448 902 
2 643 789 
2 207 767 
2 53 715 
2 127 453 
2 757 897 
2 331 591 
2 399 991 
2 142 877 
2 337 604 
2 233 608 
2 272 602 
2 36 923 
2 275 818 
2 177 449 
2 49 790 
2 375 789 
2 542 659 
2 378 672 
2 742 828 
2 940 948 
2 357 544 
2 5 182 
2 181 967 
2 164 833 
2 113 799 
2 194 372 
2 47 455 
2 329 365 
2 707 951 
2 195 387 
2 762 901 
2 122 442 
2 597 641 
2 666 869 
2 465 494 
2 273 610 
2 159 279 
2 265 623 
2 525 856 
2 24 171 
2 121 808 
2 411 660 
2 157 522 
2 94 771 
2 669 823 
2 377 543 
2 178 713 
2 429 519 
2 687 783 
2 874 960 
2 190 270 
2 110 351 
2 101 197 
2 38 221 
2 556 966 
2 185 546 
2 42 983 
2 73 470 
2 570 684 
2 654 729 
2 414 913 
2 168 852 
2 202 893 
2 346 891 
2 835 994 
2 473 747 
2 176 746 
2 828 994 
2 502 605 
2 323 982 
2 550 735 
2 26 187 
2 77 848 
2 9 47 
2 361 447 
2 215 847 
2 64 636 
2 187 285 
2 559 700 
2 4 528 
2 423 863 
2 716 987 
2 439 475 
2 373 776 
2 445 802 
2 441 883 
2 352 381 
2 112 989 
2 36 690 
2 106 552 
2 37 321 
2 390 918 
2 537 614 
2 434 806 
2 93 795 
2 375 387 
2 260 413 
2 836 936 
2 131 655 
2 45 545 
2 341 784 
2 109 335 
2 233 508 
2 588 688 
2 577 650 
2 320 637 
2 136 240 
2 83 860 
2 116 400 
2 518 659 
2 588 766 
2 92 921 
2 91 668 
2 427 512 
2 362 516 
2 43 125 
2 773 880 
2 141 147 
2 11 52 
2 214 617 
2 120 656 
2 365 796 
2 410 899 
2 437 909 
2 95 601 
2 99 227 
2 65 582 
2 122 384 
2 512 670 
2 16 356 
2 248 547 
2 679 788 
2 132 238 
2 338 513 
2 813 910 
2 663 846 
2 317 940 
2 71 957 
2 587 992 
2 6 438 
2 305 557 
2 724 784 
2 471 907 
2 517 876 
2 189 737 
2 145 708 
2 463 748 
2 502 565 
2 27 811 
2 514 603 
2 627 899 
2 123 319 
2 509 954 
2 488 555 
2 473 685 
2 295 399 
2 15 459 
2 195 895 
2 331 524 
2 51 791 
2 950 955 
2 638 720 
2 350 749 
2 79 172 
2 267 491 
2 54 316 
2 14 661 
2 351 591 
2 202 920 
2 542 968 
2 176 556 
2 692 942 
2 568 933 
2 330 614 
2 26 761 
2 361 407 
2 804 860 
2 817 840 
2 200 845 
2 322 622 
2 493 572 
2 43 456 
2 507 698 
2 704 912 
2 364 430 
2 343 553 
2 391 648 
2 640 654 
2 669 943 
2 498 632 
2 15 166 
2 66 296 
2 774 790 
2 453 536 
2 582 782 
2 107 544 
2 332 832 
2 234 866 
2 686 814 
2 592 858 
2 120 595 
2 431 806 
2 80 848 
2 105 603 
2 432 624 
2 82 485 
2 360 895 
2 1 674 
2 481 890 
2 106 468 
2 393 768 
2 283 594 
2 9 565 
2 281 549 
2 17 962 
2 147 485 
2 10 739 
2 337 549 
2 694 961 
2 584 731 
2 383 793 
2 474 915 
2 676 758 
2 13 983 
2 460 712 
2 225 483 
2 261 913 
2 521 944 
2 499 508 
2 599 898 
2 313 607 
2 458 855 
2 430 519 
2 501 807 
2 563 745 
2 1 210 
2 695 809 
2 693 958 
2 543 986 
2 13 323 
2 799 834 
2 655 705 
2 370 979 
2 300 719 
2 416 472 
2 467 649 
2 235 667 
2 206 671 
2 14 826 
2 221 948 
2 57 175 
2 160 724 
2 249 426 
2 139 309 
2 469 653 
2 573 734 
2 33 428 
2 8 39 
2 792 861 
2 97 864 
2 243 812 
2 75 228 
2 266 334 
2 727 949 
2 332 993 
2 171 974 
2 438 921 
2 78 287 
2 203 535 
2 612 925 
2 348 857 
2 170 490 
2 783 937 
2 255 928 
2 468 926 
2 28 960 
2 133 703 
2 758 967 
2 340 772 
2 487 969 
2 232 621 
2 121 237 
2 156 510 
2 491 522 
2 605 975 
2 362 384 
2 199 800 
2 90 995 
2 526 996 
2 642 906 
2 276 371 
2 144 245 
2 184 355 
2 61 586 
2 254 856 
2 97 191 
2 571 947 
2 918 977 
2 559 776 
2 792 929 
2 312 510 
2 360 635 
2 95 849 
2 153 710 
2 722 822 
2 85 165 
2 628 710 
2 115 420 
2 87 992 
2 554 717 
2 762 986 
2 20 156 
2 608 889 
2 290 424 
2 197 355 
2 402 738 
2 583 695 
2 99 165 
2 706 777 
2 5 452 
2 161 764 
2 256 494 
2 730 896 
2 280 660 
2 723 942 
2 458 733 
2 469 686 
2 743 840 
2 416 867 
2 76 225 
2 178 827 
2 521 715 
2 385 618 
2 530 989 
2 696 914 
2 745 903 
2 846 887 
2 245 741 
2 45 872 
2 577 740 
2 192 864 
2 111 924 
2 635 891 
2 166 474 
2 130 691 
2 801 946 
2 314 398 
2 821 931 
2 63 894 
2 464 626 
2 377 778 
2 646 929 
2 744 962 
2 150 513 
2 383 532 
2 476 744 
2 322 976 
2 183 645 
2 326 759 
2 117 575 
2 254 302 
2 271 998 
2 55 274 
2 553 892 
2 163 685 
2 697 863 
2 844 907 
2 193 737 
2 209 336 
2 152 787 
2 496 813 
2 155 634 
2 101 908 
2 711 830 
2 648 851 
2 154 936 
2 878 905 
2 144 867 
2 69 451 
2 83 888 
2 548 869 
2 448 953 
2 389 844 
2 73 263 
2 540 702 
2 96 569 
2 251 950 
2 665 912 
2 301 395 
2 226 970 
2 294 709 
2 532 554 
2 29 500 
2 216 520 
2 419 475 
2 104 953 
2 41 932 
2 35 315 
2 279 344 
2 324 396 
2 127 841 
2 18 212 
2 314 821 
2 135 224 
2 291 413 
2 152 464 
2 425 888 
2 531 959 
2 785 930 
2 0 650 
2 700 717 
2 278 930 
2 42 484 
2 295 598 
2 482 653 
2 275 285 
2 875 939 
2 3 349 
2 223 706 
2 915 981 
2 341 763 
2 234 353 
2 22 566 
2 3 250 
2 104 391 
2 580 714 
2 440 925 
2 668 924 
2 27 259 
2 298 537 
2 462 726 
2 303 829 
2 138 217 
2 589 979 
2 645 990 
2 587 741 
2 52 67 
2 252 877 
2 172 298 
2 222 551 
2 352 370 
2 517 641 
2 183 198 
2 203 423 
2 57 219 
2 734 854 
2 184 642 
2 213 511 
2 179 566 
2 117 302 
2 463 926 
2 297 401 
2 112 353 
2 769 829 
2 228 541 
2 108 756 
2 358 919 
2 8 945 
2 149 938 
2 934 944 
2 403 550 
2 477 679 
2 424 461 
2 4 780 
2 56 901 
2 338 647 
2 66 263 
2 162 499 
2 633 820 
2 765 881 
2 454 808 
2 524 978 
2 86 239 
2 115 308 
2 90 265 
2 169 677 
2 125 752 
2 200 941 
2 450 988 
2 283 287 
2 140 530 
2 509 689 
2 159 843 
2 255 433 
2 379 461 
2 223 971 
2 124 240 
2 210 616 
2 698 707 
2 148 368 
2 612 965 
2 585 815 
2 2 772 
2 304 755 
2 34 59 
2 217 282 
2 492 518 
2 900 904 
2 242 803 
2 455 634 
2 128 916 
2 366 674 
2 29 250 
2 325 878 
2 17 884 
2 429 586 
2 705 839 
2 174 409 
2 581 633 
2 617 968 
2 495 955 
2 578 817 
2 196 264 
2 386 725 
2 289 768 
2 561 747 
2 363 575 
2 208 505 
2 173 180 
2 503 640 
2 664 721 
2 75 237 
2 269 702 
2 952 987 
2 281 769 
2 270 661 
2 643 870 
2 16 102 
2 483 716 
2 299 908 
2 699 719 
2 194 688 
2 80 985 
2 219 273 
2 78 886 
2 138 354 
2 647 824 
2 30 300 
2 79 382 
2 678 754 
2 105 726 
2 59 886 
2 339 560 
2 657 938 
2 162 243 
2 699 941 
2 557 951 
2 189 579 
2 402 873 
2 748 750 
2 31 780 
2 350 991 
2 21 249 
2 107 628 
2 274 779 
2 693 816 
2 419 818 
2 220 822 
2 376 623 
2 805 981 
2 733 973 
2 853 857 
2 259 935 
2 538 578 
2 441 569 
2 371 412 
2 146 739 
2 60 175 
2 231 879 
2 729 923 
2 257 589 
2 102 511 
2 359 516 
2 70 596 
2 812 841 
2 427 504 
2 421 703 
2 535 606 
2 256 444 
2 315 738 
2 174 479 
2 666 672 
2 943 972 
2 324 484 
2 129 257 
2 168 311 
2 190 728 
2 613 834 
2 753 875 
2 86 179 
2 111 393 
2 236 595 
2 11 870 
2 205 866 
2 35 590 
2 457 842 
2 103 651 
2 316 852 
2 182 497 
2 114 258 
2 31 198 
2 317 978 
2 87 651 
2 736 984 
2 277 571 
2 831 879 
2 292 904 
2 545 900 
2 609 917 
2 201 531 
2 64 995 
2 896 906 
2 873 965 
2 760 810 
2 128 742 
2 224 434 
2 268 396 
2 118 827 
2 173 601 
2 37 551 
2 158 996 
2 414 761 
2 241 820 
2 307 625 
2 288 855 
2 306 386 
2 404 917 
2 435 890 
2 252 558 
2 600 615 
2 148 480 
2 0 956 
2 454 592 
2 346 646 
2 253 718 
2 311 576 
2 388 488 
2 98 558 
2 215 861 
2 460 757 
2 373 376 
2 443 805 
2 62 294 
2 24 116 
2 495 771 
2 72 401 
2 151 598 
2 379 480 
2 30 704 
2 313 600 
2 231 766 
2 590 927 
2 374 770 
2 21 394 
2 211 321 
2 583 859 
2 500 610 
2 333 802 
2 656 892 
2 129 639 
2 392 795 
2 289 835 
2 753 801 
2 395 630 
2 325 515 
2 46 140 
2 49 673 
2 214 437 
2 385 649 
2 286 636 
2 48 409 
2 407 505 
2 88 684 
2 28 397 
2 422 425 
2 304 405 
2 67 136 
2 135 585 
2 216 619 
2 7 232 
2 619 919 
2 39 796 
2 546 934 
2 658 732 
2 33 609 
2 563 797 
2 525 868 
2 74 709 
2 292 347 
2 428 825 
2 683 779 
2 244 691 
2 100 380 
2 490 977 
2 390 770 
2 539 809 
2 180 720 
2 34 71 
2 280 584 
2 523 594 
2 722 764 
2 113 714 
2 348 562 
2 186 911 
2 50 262 
2 849 976 
2 153 368 
2 38 388 
2 420 837 
2 624 760 
2 533 620 
2 843 927 
2 264 815 
2 118 342 
2 170 211 
2 478 974 
2 6 23 
2 439 814 
2 201 945 
2 70 85 
2 84 262 
2 229 988 
2 328 369 
2 44 290 
2 883 998 
2 164 730 
2 191 751 
2 62 755 
2 963 999 
2 94 310 
2 356 836 
2 415 732 
2 154 727 
2 568 868 
2 246 949 
2 629 711 
2 163 271 
2 303 825 
2 110 540 
2 306 765 
2 683 963 
2 218 958 
2 330 644 
2 204 440 
2 268 787 
2 561 782 
2 625 902 
2 247 581 
2 82 626 
2 2 61 
2 538 692 
2 417 472 
2 374 627 
2 58 114 
2 606 842 
2 759 807 
2 318 838 
2 400 687 
2 88 137 
2 501 523 
2 443 862 
2 675 839 
2 25 266 
2 12 93 
2 310 657 
2 134 731 
2 167 800 
2 12 778 
2 826 946 
2 576 831 
2 247 397 
2 470 644 
2 665 824 
2 552 781 
2 436 452 
2 248 922 
2 205 406 
2 145 997 
2 142 272 
2 372 775 
2 916 935 
2 444 865 
2 131 667 
2 631 933 
2 515 859 
2 301 694 
2 108 364 
2 340 631 
2 269 876 
2 725 854 
2 177 246 
2 328 708 
2 830 961 
2 150 435 
2 329 410 
2 851 982 
2 267 663 
2 398 447 
2 756 803 
2 103 450 
2 596 662 
2 874 894 
2 408 969 
2 618 682 
2 119 871 
2 486 658 
2 213 858 
2 77 507 
2 446 573 
2 638 675 
2 186 920 
2 539 990 
2 970 972 
2 155 794 
2 48 574 
2 19 55 
2 604 611 
2 406 893 
2 449 476 
2 382 956 
2 278 697 
2 133 412 
2 433 728 
2 132 887 
2 418 871 
2 227 276 
2 392 681 
2 74 905 
2 7 299 
2 192 220 
2 567 677 
2 100 534 
2 69 816 
2 53 405 
2 567 676 
2 446 897 
2 359 681 
2 212 436 
2 442 599 
2 58 193 
2 204 966 
2 773 928 
2 253 457 
2 130 296 
2 40 404 
2 291 489 
2 570 850 
2 678 696 
2 161 367 
2 526 750 
2 238 880 
2 181 336 
2 44 845 
2 81 639 
2 411 497 
2 339 496 
2 344 520 
2 721 781 
2 343 911 
2 369 421 
2 478 481 
2 20 417 
2 466 964 
2 242 853 
2 529 752 
2 632 850 
2 167 445 
2 342 959 
2 528 613 
2 32 486 
2 89 206 
2 547 615 
2 241 394 
2 258 652 
2 297 529 
2 527 788 
2 415 838 
2 63 366 
2 89 319 
2 333 804 
2 230 456 
2 98 616 
2 10 593 
2 451 465 
2 54 222 
2 230 580 
2 701 889 
2 19 207 
2 307 811 
2 477 937 
2 119 345 
2 288 862 
2 284 422 
2 798 810 
2 46 932 
2 560 682 
2 124 910 
2 92 347 
2 239 579 
2 349 872 
2 459 882 
2 22 555 
2 652 882 
2 630 980 
2 335 785 
2 25 354 
2 426 775 
2 367 763 
2 541 671 
2 312 503 
2 18 973 
2 489 629 
2 139 865 
2 126 293 
2 65 673 
2 602 999 
2 308 380 
2 151 593 
2 548 791 
2 157 403 
2 504 881 
2 76 621 
2 208 378 
2 56 334 
2 134 137 
2 357 680 
2 358 690 
2 32 847 
2 431 794 
2 798 985 
1000 1000
2 14 748 
2 480 641 
2 160 666 
2 105 489 
2 698 927 
2 223 774 
2 100 729 
2 186 567 
2 126 854 
2 233 700 
2 43 46 
2 491 760 
2 512 834 
2 83 219 
2 0 800 
2 452 955 
2 311 848 
2 451 545 
2 595 753 
2 430 891 
2 232 615 
2 668 946 
2 371 392 
2 242 767 
2 187 284 
2 304 469 
2 349 361 
2 198 925 
2 142 943 
2 279 404 
2 589 600 
2 474 708 
2 345 930 
2 54 439 
2 130 794 
2 324 850 
2 241 877 
2 408 536 
2 210 884 
2 445 745 
2 627 873 
2 203 853 
2 464 468 
2 10 998 
2 197 219 
2 485 927 
2 10 108 
2 373 703 
2 208 444 
2 276 985 
2 173 957 
2 377 824 
2 160 823 
2 829 865 
2 33 715 
2 419 656 
2 317 351 
2 834 883 
2 839 894 
2 88 935 
2 302 628 
2 117 178 
2 910 963 
2 246 462 
2 202 289 
2 849 874 
2 762 888 
2 458 724 
2 388 533 
2 334 424 
2 796 826 
2 355 443 
2 140 981 
2 402 840 
2 563 864 
2 191 536 
2 729 787 
2 723 796 
2 313 764 
2 439 978 
2 89 826 
2 598 772 
2 501 582 
2 13 851 
2 368 672 
2 205 427 
2 532 980 
2 186 346 
2 59 240 
2 80 106 
2 280 600 
2 161 994 
2 328 979 
2 588 719 
2 892 918 
2 417 720 
2 574 995 
2 434 544 
2 612 616 
2 305 420 
2 6 786 
2 224 812 
2 470 575 
2 611 923 
2 659 778 
2 3 558 
2 89 576 
2 706 933 
2 46 359 
2 397 942 
2 330 471 
2 599 857 
2 175 644 
2 742 915 
2 119 406 
2 480 989 
2 515 583 
2 61 613 
2 510 686 
2 114 702 
2 289 433 
2 127 258 
2 200 825 
2 208 828 
2 601 658 
2 662 913 
2 8 888 
2 121 172 
2 516 726 
2 236 579 
2 34 252 
2 152 220 
2 441 818 
2 599 835 
2 519 879 
2 789 863 
2 467 764 
2 207 366 
2 288 844 
2 265 681 
2 72 752 
2 377 393 
2 28 894 
2 474 988 
2 188 715 
2 889 984 
2 244 251 
2 741 970 
2 373 458 
2 172 324 
2 730 769 
2 167 287 
2 131 300 
2 389 700 
2 574 771 
2 366 974 
2 178 345 
2 386 864 
2 542 590 
2 669 710 
2 2 52 
2 91 356 
2 426 991 
2 505 809 
2 171 821 
2 524 671 
2 790 903 
2 151 404 
2 540 874 
2 427 967 
2 192 548 
2 164 738 
2 127 149 
2 50 723 
2 479 819 
2 112 260 
2 477 522 
2 202 383 
2 61 156 
2 552 631 
2 321 465 
2 399 936 
2 749 794 
2 465 756 
2 569 928 
2 357 788 
2 7 87 
2 24 280 
2 144 648 
2 629 929 
2 249 977 
2 75 389 
2 170 845 
2 689 750 
2 392 746 
2 425 499 
2 768 940 
2 44 757 
2 27 580 
2 341 719 
2 122 763 
2 424 702 
2 64 177 
2 41 553 
2 243 697 
2 85 714 
2 466 560 
2 137 677 
2 48 123 
2 797 801 
2 38 255 
2 721 956 
2 282 517 
2 333 433 
2 461 772 
2 619 795 
2 360 618 
2 443 478 
2 359 605 
2 13 44 
2 131 227 
2 521 812 
2 450 786 
2 5 778 
2 101 761 
2 673 827 
2 477 653 
2 220 539 
2 820 987 
2 802 869 
2 541 842 
2 369 509 
2 20 483 
2 9 808 
2 431 528 
2 261 621 
2 129 680 
2 275 380 
2 891 923 
2 605 811 
2 88 604 
2 36 298 
2 23 282 
2 204 506 
2 146 363 
2 543 561 
2 63 564 
2 338 710 
2 533 870 
2 190 897 
2 257 325 
2 146 990 
2 130 615 
2 332 632 
2 347 542 
2 210 623 
2 664 712 
2 250 952 
2 121 996 
2 867 924 
2 175 931 
2 235 651 
2 520 986 
2 645 965 
2 459 977 
2 139 403 
2 636 960 
2 626 918 
2 315 451 
2 551 629 
2 356 900 
2 387 703 
2 418 855 
2 303 607 
2 276 767 
2 237 657 
2 49 274 
2 311 503 
2 901 982 
2 29 973 
2 90 187 
2 805 968 
2 212 242 
2 485 955 
2 24 705 
2 329 680 
2 803 852 
2 151 468 
2 138 654 
2 64 120 
2 960 994 
2 692 735 
2 630 641 
2 690 805 
2 297 412 
2 317 457 
2 845 871 
2 294 303 
2 241 545 
2 618 784 
2 152 966 
2 323 878 
2 60 519 
2 273 297 
2 25 937 
2 99 409 
2 500 998 
2 497 899 
2 329 635 
2 660 803 
2 344 684 
2 16 277 
2 550 905 
2 78 905 
2 658 991 
2 268 617 
2 554 899 
2 56 295 
2 374 976 
2 402 494 
2 917 944 
2 180 978 
2 595 735 
2 301 672 
2 35 149 
2 250 660 
2 539 611 
2 352 593 
2 92 904 
2 285 308 
2 110 421 
2 535 976 
2 253 436 
2 213 824 
2 69 914 
2 390 661 
2 769 950 
2 413 754 
2 247 827 
2 516 954 
2 390 479 
2 199 412 
2 686 984 
2 728 957 
2 310 655 
2 32 156 
2 87 841 
2 254 935 
2 546 644 
2 26 385 
2 442 486 
2 56 504 
2 327 604 
2 362 831 
2 684 755 
2 71 754 
2 161 270 
2 185 547 
2 654 861 
2 108 218 
2 216 544 
2 26 817 
2 353 919 
2 244 496 
2 608 975 
2 525 879 
2 137 155 
2 429 913 
2 84 518 
2 231 374 
2 416 950 
2 22 657 
2 722 937 
2 47 148 
2 318 369 
2 779 983 
2 598 717 
2 51 141 
2 543 642 
2 586 930 
2 237 742 
2 407 460 
2 639 679 
2 177 921 
2 417 787 
2 349 525 
2 157 992 
2 271 677 
2 68 410 
2 153 191 
2 335 340 
2 556 643 
2 22 194 
2 141 493 
2 406 626 
2 596 790 
2 732 934 
2 109 811 
2 572 741 
2 181 944 
2 494 667 
2 593 656 
2 73 319 
2 265 416 
2 29 167 
2 748 780 
2 114 394 
2 381 440 
2 37 535 
2 305 988 
2 388 444 
2 537 938 
2 294 341 
2 337 949 
2 696 979 
2 630 945 
2 370 403 
2 95 384 
2 272 733 
2 55 513 
2 99 999 
2 330 567 
2 549 793 
2 436 732 
2 69 201 
2 195 961 
2 162 758 
2 85 169 
2 467 840 
2 367 690 
2 19 876 
2 234 681 
2 649 858 
2 120 213 
2 97 941 
2 692 798 
2 332 423 
2 462 631 
2 782 982 
2 33 79 
2 407 947 
2 132 907 
2 350 780 
2 71 217 
2 48 410 
2 39 583 
2 453 526 
2 776 919 
2 537 562 
2 527 652 
2 222 985 
2 17 268 
2 15 655 
2 446 946 
2 627 697 
2 771 911 
2 765 882 
2 295 781 
2 67 148 
2 264 685 
2 381 823 
2 214 609 
2 63 437 
2 965 997 
2 42 753 
2 180 183 
2 206 904 
2 136 428 
2 42 287 
2 25 745 
2 102 953 
2 110 939 
2 492 733 
2 538 639 
2 31 143 
2 514 856 
2 515 995 
2 176 226 
2 217 603 
2 174 340 
2 1 115 
2 570 920 
2 568 635 
2 232 922 
2 585 704 
2 45 283 
2 350 739 
2 709 792 
2 663 857 
2 3 557 
2 547 887 
2 11 880 
2 472 959 
2 393 529 
2 319 400 
2 779 799 
2 363 529 
2 307 578 
2 584 871 
2 195 555 
2 306 503 
2 82 758 
2 689 776 
2 277 500 
2 351 650 
2 163 974 
2 243 868 
2 648 707 
2 839 886 
2 231 804 
2 118 682 
2 678 761 
2 12 607 
2 419 872 
2 475 914 
2 116 476 
2 128 339 
2 212 859 
2 368 594 
2 134 302 
2 262 872 
2 221 961 
2 176 926 
2 714 890 
2 165 846 
2 365 385 
2 446 603 
2 449 815 
2 234 868 
2 493 496 
2 628 983 
2 902 971 
2 86 903 
2 68 248 
2 773 828 
2 331 408 
2 37 75 
2 411 448 
2 473 788 
2 227 326 
2 168 980 
2 230 740 
2 158 254 
2 245 378 
2 97 360 
2 17 298 
2 348 717 
2 357 490 
2 170 724 
2 422 705 
2 312 594 
2 269 695 
2 179 731 
2 203 578 
2 316 924 
2 499 895 
2 391 766 
2 489 731 
2 105 816 
2 636 727 
2 206 972 
2 245 948 
2 448 863 
2 74 972 
2 246 917 
2 666 951 
2 727 806 
2 7 421 
2 482 584 
2 184 929 
2 481 777 
2 669 884 
2 398 945 
2 897 916 
2 96 154 
2 102 601 
2 106 610 
2 580 908 
2 497 553 
2 129 671 
2 198 577 
2 744 799 
2 82 743 
2 116 445 
2 498 568 
2 484 674 
2 379 647 
2 747 862 
2 93 832 
2 30 951 
2 158 865 
2 718 766 
2 813 969 
2 327 401 
2 518 550 
2 18 322 
2 395 760 
2 699 818 
2 81 376 
2 111 133 
2 30 90 
2 124 575 
2 625 784 
2 478 526 
2 240 352 
2 218 239 
2 775 869 
2 273 512 
2 364 966 
2 461 783 
2 576 625 
2 103 326 
2 98 992 
2 117 647 
2 679 859 
2 20 252 
2 98 620 
2 315 820 
2 216 299 
2 215 759 
2 616 915 
2 235 875 
2 743 873 
2 255 822 
2 665 842 
2 602 610 
2 267 394 
2 40 454 
2 60 530 
2 189 269 
2 292 415 
2 179 437 
2 253 933 
2 650 791 
2 662 667 
2 308 482 
2 266 559 
2 695 770 
2 747 962 
2 382 473 
2 673 920 
2 1 292 
2 378 688 
2 391 730 
2 112 348 
2 263 973 
2 838 893 
2 586 613 
2 188 507 
2 432 751 
2 504 633 
2 261 931 
2 449 837 
2 226 885 
2 288 358 
2 344 452 
2 55 401 
2 275 371 
2 124 314 
2 104 963 
2 309 325 
2 335 694 
2 125 634 
2 488 906 
2 256 846 
2 624 756 
2 2 565 
2 400 634 
2 21 975 
2 159 571 
2 822 847 
2 165 579 
2 84 323 
2 225 640 
2 585 762 
2 749 916 
2 711 911 
2 207 387 
2 511 909 
2 382 614 
2 236 285 
2 139 431 
2 510 953 
2 816 909 
2 310 354 
2 459 900 
2 118 342 
2 860 942 
2 642 808 
2 193 502 
2 293 429 
2 852 853 
2 291 435 
2 926 932 
2 661 768 
2 551 637 
2 414 736 
2 204 454 
2 4 713 
2 597 908 
2 9 153 
2 770 850 
2 119 201 
2 47 271 
2 484 892 
2 284 549 
2 107 987 
2 507 751 
2 31 774 
2 487 964 
2 159 247 
2 676 789 
2 256 755 
2 698 809 
2 205 523 
2 54 144 
2 881 956 
2 376 546 
2 591 737 
2 93 199 
2 95 777 
2 211 841 
2 372 806 
2 77 173 
2 67 548 
2 832 895 
2 128 997 
2 559 566 
2 343 785 
2 6 76 
2 150 643 
2 552 557 
2 396 423 
2 418 472 
2 835 902 
2 291 322 
2 696 881 
2 718 970 
2 171 912 
2 486 981 
2 541 814 
2 147 398 
2 113 380 
2 582 622 
2 581 804 
2 39 469 
2 194 921 
2 587 638 
2 0 405 
2 182 675 
2 193 878 
2 649 707 
2 140 887 
2 18 464 
2 337 355 
2 354 712 
2 183 665 
2 197 836 
2 426 501 
2 619 765 
2 11 596 
2 224 511 
2 66 674 
2 200 810 
2 78 136 
2 456 759 
2 556 591 
2 23 274 
2 196 694 
2 150 336 
2 637 701 
2 154 455 
2 81 214 
2 534 849 
2 5 708 
2 606 896 
2 447 502 
2 570 720 
2 104 223 
2 375 495 
2 405 442 
2 457 959 
2 438 882 
2 609 866 
2 299 602 
2 728 817 
2 100 222 
2 76 384 
2 185 538 
2 135 711 
2 166 395 
2 633 948 
2 487 880 
2 422 964 
2 34 182 
2 215 936 
2 70 77 
2 209 854 
2 435 906 
2 495 581 
2 14 962 
2 209 855 
2 229 971 
2 286 309 
2 509 744 
2 281 293 
2 566 722 
2 858 893 
2 233 688 
2 163 713 
2 763 843 
2 239 397 
2 101 221 
2 592 825 
2 740 875 
2 527 867 
2 558 683 
2 361 785 
2 132 597 
2 174 876 
2 228 617 
2 164 838 
2 623 670 
2 52 460 
2 51 333 
2 122 813 
2 70 80 
2 225 338 
2 123 534 
2 53 877 
2 928 967 
2 353 925 
2 588 725 
2 941 969 
2 12 57 
2 133 734 
2 757 958 
2 652 932 
2 646 821 
2 58 508 
2 73 428 
2 346 721 
2 230 624 
2 810 889 
2 138 848 
2 192 296 
2 524 664 
2 670 862 
2 16 844 
2 65 773 
2 35 701 
2 83 954 
2 286 691 
2 41 691 
2 8 797 
2 272 801 
2 475 907 
2 111 488 
2 432 807 
2 517 614 
2 687 986 
2 358 901 
2 587 847 
2 135 562 
2 74 157 
2 53 590 
2 783 898 
2 259 815 
2 506 528 
2 229 606 
2 248 939 
2 296 498 
2 513 520 
2 40 622 
2 65 168 
2 621 814 
2 430 819 
2 36 829 
2 301 750 
2 134 365 
2 491 792 
2 716 736 
2 456 782 
2 57 886 
2 38 571 
2 653 999 
2 508 883 
2 490 752 
2 66 126 
2 145 843 
2 523 993 
2 19 238 
2 94 704 
2 646 807 
2 58 142 
2 555 725 
2 775 952 
2 249 573 
2 866 922 
2 307 316 
2 270 685 
2 278 861 
2 531 734 
2 166 532 
2 328 466 
2 312 313 
2 663 798 
2 441 856 
2 577 699 
2 678 683 
2 62 940 
2 455 676 
2 738 989 
2 125 367 
2 334 514 
2 113 620 
2 573 675 
2 320 564 
2 94 267 
2 362 447 
2 481 640 
2 383 746 
2 483 898 
2 103 238 
2 259 554 
2 27 831 
2 522 693 
2 4 45 
2 184 830 
2 189 569 
2 32 379 
2 260 651 
2 693 837 
2 107 632 
2 396 990 
2 59 347 
2 181 795 
2 304 372 
2 411 947 
2 471 870 
2 196 910 
2 434 833 
2 109 687 
2 28 993 
2 320 399 
2 415 572 
2 21 453 
2 440 938 
2 561 791 
2 413 996 
2 336 370 
2 565 589 
2 257 896 
2 470 682 
2 339 851 
2 15 283 
2 211 716 
2 50 343 
2 836 968 
2 492 781 
2 266 290 
2 425 521 
2 638 800 
2 62 659 
2 709 793 
2 263 463 
2 300 608 
2 169 830 
2 281 958 
2 592 833 
2 147 737 
2 531 802 
2 560 563 
2 279 645 
2 155 505 
2 364 668 
2 318 331 
2 190 264 
2 79 321 
2 92 414 
2 86 540 
2 72 739 
2 278 438 
2 375 530 
2 145 342 
2 49 450 
2 262 860 
2 228 706 
2 143 409 
2 115 912 
2 251 934 
2 162 314 
2 386 612 
2 890 943 
2 91 290 
2 96 476 
2 258 949 
2 463 726 
2 43 306 
2 420 885 
