200 200
2 141 176 
2 7 109 
2 16 138 
2 8 178 
2 59 111 
2 28 114 
2 15 152 
2 1 88 
2 3 137 
2 68 128 
2 34 48 
2 187 196 
2 35 154 
2 156 157 
2 131 146 
2 6 94 
2 2 188 
2 73 174 
2 51 113 
2 52 198 
2 88 106 
2 51 55 
2 70 80 
2 72 163 
2 64 117 
2 30 117 
2 38 99 
2 123 152 
2 5 199 
2 56 150 
2 25 81 
2 72 144 
2 163 190 
2 107 116 
2 10 173 
2 12 65 
2 50 121 
2 132 155 
2 26 180 
2 124 179 
2 121 140 
2 83 164 
2 57 172 
2 75 195 
2 137 159 
2 87 127 
2 68 197 
2 82 168 
2 10 146 
2 80 170 
2 36 66 
2 18 21 
2 19 73 
2 103 158 
2 76 148 
2 21 135 
2 29 104 
2 42 189 
2 62 130 
2 4 170 
2 69 98 
2 103 125 
2 58 181 
2 79 171 
2 24 166 
2 35 165 
2 50 160 
2 94 166 
2 9 46 
2 60 155 
2 22 82 
2 129 183 
2 23 31 
2 17 52 
2 90 144 
2 43 147 
2 54 135 
2 105 147 
2 85 169 
2 63 131 
2 22 49 
2 30 139 
2 47 70 
2 41 120 
2 86 194 
2 78 115 
2 84 142 
2 45 108 
2 7 20 
2 91 185 
2 74 188 
2 89 189 
2 116 164 
2 133 179 
2 15 67 
2 134 199 
2 151 190 
2 153 186 
2 60 110 
2 26 113 
2 110 149 
2 161 167 
2 105 187 
2 53 61 
2 56 175 
2 77 102 
2 20 162 
2 33 182 
2 87 168 
2 1 119 
2 98 100 
2 4 141 
2 153 178 
2 18 99 
2 5 175 
2 85 142 
2 33 92 
2 24 25 
2 120 167 
2 109 195 
2 83 118 
2 36 40 
2 184 185 
2 27 138 
2 39 130 
2 61 143 
2 191 196 
2 45 148 
2 9 133 
2 71 156 
2 58 124 
2 14 79 
2 37 173 
2 93 128 
2 95 184 
2 55 76 
2 139 145 
2 8 44 
2 2 123 
2 81 136 
2 40 149 
2 0 111 
2 86 115 
2 125 162 
2 31 74 
2 136 181 
2 14 48 
2 75 77 
2 54 127 
2 100 140 
2 29 172 
2 96 192 
2 6 27 
2 97 112 
2 12 161 
2 37 69 
2 13 129 
2 13 194 
2 53 159 
2 44 158 
2 66 197 
2 101 154 
2 106 143 
2 23 32 
2 41 92 
2 65 192 
2 64 67 
2 101 118 
2 47 108 
2 78 198 
2 49 59 
2 63 177 
2 42 150 
2 34 132 
2 17 182 
2 104 114 
2 0 186 
2 171 193 
2 3 112 
2 39 93 
2 38 191 
2 62 145 
2 107 174 
2 71 193 
2 122 134 
2 89 122 
2 97 176 
2 11 102 
2 16 90 
2 57 91 
2 32 96 
2 126 180 
2 151 165 
2 177 183 
2 84 157 
2 43 119 
2 11 126 
2 46 160 
2 19 169 
2 28 95 
200 200
2 77 155 
2 151 159 
2 32 142 
2 41 140 
2 7 72 
2 33 85 
2 124 125 
2 4 58 
2 26 64 
2 94 103 
2 39 116 
2 14 50 
2 23 141 
2 36 46 
2 11 156 
2 71 136 
2 35 131 
2 101 199 
2 25 119 
2 111 171 
2 140 150 
2 52 102 
2 50 133 
2 12 129 
2 59 139 
2 18 61 
2 8 114 
2 84 119 
2 137 174 
2 89 148 
2 152 163 
2 157 184 
2 2 165 
2 5 53 
2 80 171 
2 16 172 
2 13 100 
2 41 181 
2 78 165 
2 10 113 
2 71 108 
2 3 37 
2 117 127 
2 49 160 
2 62 175 
2 164 189 
2 13 150 
2 65 121 
2 108 177 
2 43 167 
2 11 22 
2 57 118 
2 21 120 
2 33 168 
2 105 197 
2 57 123 
2 111 134 
2 51 55 
2 7 149 
2 24 146 
2 103 129 
2 25 72 
2 44 160 
2 136 188 
2 8 66 
2 47 105 
2 64 101 
2 114 161 
2 107 186 
2 138 192 
2 89 131 
2 15 40 
2 4 61 
2 158 189 
2 134 168 
2 88 151 
2 135 170 
2 0 179 
2 38 167 
2 93 195 
2 34 91 
2 88 193 
2 84 173 
2 124 187 
2 27 82 
2 5 144 
2 96 162 
2 115 174 
2 75 81 
2 29 70 
2 143 185 
2 80 147 
2 178 196 
2 79 106 
2 9 116 
2 98 142 
2 86 128 
2 115 179 
2 95 152 
2 186 198 
2 36 183 
2 17 66 
2 21 147 
2 9 60 
2 173 176 
2 54 65 
2 93 107 
2 68 106 
2 40 48 
2 130 143 
2 145 192 
2 19 56 
2 137 183 
2 39 185 
2 26 67 
2 87 97 
2 10 94 
2 42 122 
2 51 121 
2 18 27 
2 52 181 
2 47 118 
2 117 149 
2 55 176 
2 6 83 
2 6 178 
2 177 191 
2 42 163 
2 96 132 
2 23 60 
2 109 196 
2 16 70 
2 128 197 
2 22 191 
2 56 74 
2 76 138 
2 15 63 
2 28 112 
2 69 135 
2 24 199 
2 3 20 
2 12 162 
2 2 95 
2 90 109 
2 85 159 
2 110 146 
2 59 145 
2 91 102 
2 29 182 
2 58 122 
2 20 46 
2 1 75 
2 30 98 
2 166 195 
2 170 182 
2 0 190 
2 14 187 
2 31 190 
2 73 180 
2 1 144 
2 43 62 
2 67 166 
2 86 141 
2 30 127 
2 45 194 
2 32 38 
2 153 161 
2 49 78 
2 53 74 
2 180 188 
2 76 154 
2 19 34 
2 35 193 
2 82 104 
2 28 87 
2 44 198 
2 104 123 
2 48 126 
2 92 125 
2 77 97 
2 158 169 
2 37 120 
2 148 154 
2 100 112 
2 31 194 
2 90 113 
2 68 99 
2 83 156 
2 63 169 
2 45 73 
2 155 157 
2 126 133 
2 69 110 
2 81 172 
2 164 184 
2 79 153 
2 92 130 
2 54 132 
2 99 175 
2 17 139 
