250 250
2 124 152 
2 66 70 
2 87 196 
2 14 41 
2 60 129 
2 35 224 
2 9 80 
2 15 33 
2 64 169 
2 6 110 
2 92 145 
2 181 212 
2 82 166 
2 34 79 
2 3 233 
2 7 199 
2 154 226 
2 39 245 
2 36 231 
2 85 209 
2 102 184 
2 144 214 
2 75 208 
2 121 165 
2 88 238 
2 105 240 
2 115 226 
2 65 115 
2 111 229 
2 135 188 
2 107 224 
2 148 215 
2 56 65 
2 7 50 
2 13 113 
2 5 108 
2 18 96 
2 157 239 
2 87 131 
2 17 77 
2 119 208 
2 3 122 
2 48 211 
2 130 168 
2 169 183 
2 114 206 
2 186 232 
2 116 152 
2 42 238 
2 51 60 
2 33 104 
2 49 75 
2 132 143 
2 54 86 
2 53 249 
2 209 244 
2 32 95 
2 66 216 
2 194 227 
2 93 242 
2 4 49 
2 177 243 
2 124 134 
2 68 76 
2 8 107 
2 27 32 
2 1 57 
2 106 181 
2 63 170 
2 166 175 
2 1 219 
2 91 98 
2 108 240 
2 145 149 
2 210 247 
2 22 51 
2 63 154 
2 39 165 
2 220 243 
2 13 197 
2 6 156 
2 101 162 
2 12 213 
2 112 190 
2 99 159 
2 19 189 
2 53 176 
2 2 38 
2 24 245 
2 153 236 
2 155 160 
2 71 180 
2 10 122 
2 59 110 
2 207 230 
2 56 163 
2 36 249 
2 140 234 
2 71 109 
2 84 222 
2 141 179 
2 81 163 
2 20 125 
2 128 193 
2 50 239 
2 25 164 
2 67 111 
2 30 64 
2 35 72 
2 98 216 
2 9 93 
2 28 106 
2 83 220 
2 34 139 
2 45 134 
2 26 27 
2 47 198 
2 195 210 
2 128 203 
2 40 244 
2 123 162 
2 23 248 
2 41 92 
2 120 232 
2 0 62 
2 102 202 
2 146 161 
2 147 191 
2 103 118 
2 4 133 
2 43 138 
2 38 146 
2 52 178 
2 129 196 
2 62 114 
2 29 219 
2 199 204 
2 221 241 
2 130 203 
2 113 172 
2 97 171 
2 100 171 
2 191 222 
2 52 168 
2 21 157 
2 10 73 
2 126 131 
2 127 185 
2 31 235 
2 73 161 
2 188 205 
2 164 170 
2 0 47 
2 89 174 
2 16 76 
2 90 187 
2 80 182 
2 37 144 
2 185 242 
2 84 174 
2 90 218 
2 126 149 
2 81 120 
2 95 101 
2 105 151 
2 23 77 
2 12 69 
2 227 248 
2 43 143 
2 8 44 
2 68 151 
2 140 141 
2 139 198 
2 177 228 
2 153 159 
2 69 229 
2 86 223 
2 61 173 
2 132 231 
2 100 200 
2 91 183 
2 11 67 
2 156 235 
2 44 180 
2 20 211 
2 147 158 
2 46 205 
2 155 237 
2 29 150 
2 85 228 
2 83 246 
2 127 142 
2 212 221 
2 103 195 
2 58 247 
2 117 193 
2 2 133 
2 79 201 
2 116 172 
2 15 136 
2 179 214 
2 197 202 
2 125 201 
2 118 138 
2 136 225 
2 150 186 
2 45 217 
2 94 234 
2 22 40 
2 19 55 
2 74 117 
2 42 184 
2 11 192 
2 82 215 
2 21 200 
2 31 213 
2 57 109 
2 206 218 
2 160 217 
2 70 135 
2 78 112 
2 137 192 
2 99 142 
2 176 237 
2 5 30 
2 204 233 
2 16 26 
2 58 167 
2 173 189 
2 28 175 
2 94 246 
2 18 178 
2 46 123 
2 14 225 
2 97 207 
2 148 182 
2 89 241 
2 187 223 
2 24 48 
2 37 104 
2 25 72 
2 137 236 
2 59 158 
2 61 78 
2 55 119 
2 17 88 
2 190 230 
2 74 194 
2 121 167 
2 54 96 
250 250
2 187 205 
2 172 199 
2 129 214 
2 56 57 
2 16 120 
2 84 163 
2 72 198 
2 32 139 
2 110 138 
2 49 157 
2 23 243 
2 54 92 
2 147 236 
2 22 24 
2 46 174 
2 63 136 
2 4 176 
2 22 113 
2 31 47 
2 83 204 
2 67 176 
2 135 219 
2 13 17 
2 10 220 
2 13 34 
2 71 239 
2 59 154 
2 102 225 
2 100 171 
2 141 207 
2 122 134 
2 18 173 
2 7 179 
2 90 183 
2 24 50 
2 47 237 
2 111 190 
2 122 126 
2 45 73 
2 53 242 
2 131 227 
2 150 213 
2 56 99 
2 112 173 
2 129 221 
2 38 118 
2 14 92 
2 18 35 
2 221 234 
2 9 133 
2 34 125 
2 206 247 
2 83 249 
2 39 55 
2 11 154 
2 53 202 
2 3 42 
2 3 170 
2 181 244 
2 26 141 
2 93 166 
2 225 241 
2 69 151 
2 15 137 
2 80 116 
2 109 232 
2 108 110 
2 20 216 
2 93 190 
2 62 153 
2 91 95 
2 25 201 
2 6 155 
2 38 124 
2 107 210 
2 80 235 
2 111 163 
2 161 224 
2 107 188 
2 178 231 
2 64 75 
2 133 237 
2 156 165 
2 19 52 
2 5 217 
2 88 196 
2 108 210 
2 156 195 
2 85 138 
2 158 209 
2 33 123 
2 70 233 
2 11 46 
2 60 68 
2 202 213 
2 70 229 
2 152 206 
2 177 199 
2 192 240 
2 42 191 
2 28 198 
2 103 140 
2 27 223 
2 101 112 
2 144 161 
2 181 195 
2 146 197 
2 74 78 
2 66 86 
2 65 200 
2 8 66 
2 36 76 
2 43 103 
2 17 193 
2 188 191 
2 149 228 
2 64 182 
2 118 170 
2 45 117 
2 130 243 
2 4 135 
2 145 185 
2 30 37 
2 90 186 
2 73 244 
2 50 126 
2 37 125 
2 164 211 
2 186 215 
2 2 44 
2 119 238 
2 40 224 
2 220 229 
2 49 81 
2 30 162 
2 21 120 
2 15 232 
2 63 247 
2 8 88 
2 7 212 
2 101 193 
2 29 59 
2 162 234 
2 187 222 
2 104 146 
2 121 164 
2 106 144 
2 12 160 
2 166 235 
2 115 168 
2 41 171 
2 62 160 
2 96 246 
2 69 203 
2 26 54 
2 72 159 
2 82 87 
2 9 172 
2 89 233 
2 155 177 
2 147 151 
2 77 104 
2 134 142 
2 5 76 
2 127 145 
2 82 239 
2 60 148 
2 180 208 
2 149 189 
2 240 245 
2 57 117 
2 28 150 
2 1 157 
2 31 43 
2 14 245 
2 196 238 
2 16 20 
2 97 159 
2 79 180 
2 32 201 
2 167 178 
2 58 105 
2 116 203 
2 33 248 
2 217 219 
2 121 211 
2 123 128 
2 0 143 
2 78 114 
2 168 226 
2 36 68 
2 99 114 
2 98 216 
2 113 140 
2 205 223 
2 87 105 
2 85 175 
2 106 228 
2 6 100 
2 1 97 
2 109 236 
2 71 179 
2 55 94 
2 153 182 
2 19 207 
2 0 194 
2 51 96 
2 29 204 
2 167 230 
2 89 230 
2 74 86 
2 127 185 
2 139 222 
2 41 94 
2 2 231 
2 128 246 
2 67 192 
2 84 184 
2 227 241 
2 21 184 
2 23 132 
2 44 48 
2 143 212 
2 102 194 
2 77 131 
2 27 61 
2 189 248 
2 40 218 
2 115 197 
2 95 132 
2 208 209 
2 79 214 
2 65 136 
2 91 158 
2 48 142 
2 75 148 
2 12 200 
2 35 81 
2 130 175 
2 25 165 
2 98 169 
2 61 218 
2 39 249 
2 10 119 
2 58 124 
2 169 174 
2 152 215 
2 51 137 
2 183 226 
2 52 242 
