300 300
2 13 234 
2 25 153 
2 251 277 
2 19 228 
2 186 224 
2 80 160 
2 39 236 
2 40 132 
2 205 238 
2 85 136 
2 128 210 
2 14 37 
2 179 264 
2 0 65 
2 11 92 
2 111 268 
2 126 154 
2 69 138 
2 26 152 
2 3 130 
2 41 88 
2 29 216 
2 65 198 
2 63 298 
2 239 245 
2 1 206 
2 18 94 
2 40 296 
2 76 232 
2 21 164 
2 54 221 
2 136 185 
2 33 94 
2 32 276 
2 159 192 
2 148 184 
2 104 222 
2 11 123 
2 81 212 
2 6 167 
2 7 27 
2 20 135 
2 51 176 
2 58 238 
2 111 295 
2 234 264 
2 141 255 
2 106 230 
2 82 171 
2 63 186 
2 284 294 
2 42 71 
2 196 209 
2 100 281 
2 30 272 
2 127 235 
2 134 177 
2 229 261 
2 43 75 
2 139 280 
2 191 278 
2 213 284 
2 89 188 
2 23 49 
2 120 243 
2 13 22 
2 174 246 
2 232 276 
2 144 290 
2 17 91 
2 100 260 
2 51 77 
2 190 220 
2 78 255 
2 154 287 
2 58 223 
2 28 200 
2 71 258 
2 73 140 
2 181 266 
2 5 97 
2 38 141 
2 48 191 
2 167 256 
2 217 267 
2 9 169 
2 117 195 
2 143 145 
2 20 135 
2 62 265 
2 127 131 
2 69 282 
2 14 104 
2 150 225 
2 26 32 
2 97 297 
2 138 143 
2 80 95 
2 163 194 
2 195 198 
2 53 70 
2 206 241 
2 220 254 
2 217 231 
2 36 92 
2 165 197 
2 47 227 
2 205 249 
2 237 271 
2 218 225 
2 156 248 
2 15 44 
2 194 268 
2 168 185 
2 278 299 
2 247 295 
2 215 237 
2 86 289 
2 121 166 
2 291 296 
2 64 251 
2 118 197 
2 193 226 
2 37 247 
2 134 151 
2 241 287 
2 16 269 
2 55 90 
2 10 273 
2 149 277 
2 19 155 
2 90 170 
2 7 282 
2 166 279 
2 56 124 
2 41 88 
2 9 31 
2 180 253 
2 17 96 
2 59 266 
2 78 279 
2 46 81 
2 179 204 
2 87 96 
2 68 263 
2 87 289 
2 159 209 
2 175 299 
2 35 235 
2 129 161 
2 93 233 
2 124 285 
2 18 184 
2 1 160 
2 16 74 
2 130 262 
2 110 292 
2 192 244 
2 224 262 
2 34 146 
2 5 153 
2 149 260 
2 267 280 
2 98 259 
2 29 196 
2 105 208 
2 118 133 
2 39 83 
2 113 178 
2 85 285 
2 131 210 
2 48 261 
2 199 288 
2 188 240 
2 66 187 
2 147 270 
2 42 178 
2 56 252 
2 168 176 
2 12 142 
2 137 182 
2 79 183 
2 180 214 
2 181 283 
2 35 152 
2 31 113 
2 4 49 
2 174 275 
2 62 173 
2 223 298 
2 72 270 
2 60 82 
2 34 157 
2 122 286 
2 98 112 
2 86 99 
2 52 164 
2 105 121 
2 22 99 
2 172 293 
2 76 201 
2 200 218 
2 243 252 
2 242 245 
2 142 288 
2 8 107 
2 25 101 
2 246 265 
2 165 283 
2 52 146 
2 10 170 
2 227 257 
2 38 230 
2 61 297 
2 182 233 
2 116 236 
2 21 286 
2 84 103 
2 109 201 
2 229 244 
2 72 102 
2 30 254 
2 36 257 
2 75 189 
2 4 158 
2 93 109 
2 122 263 
2 106 211 
2 3 290 
2 57 219 
2 47 212 
2 103 240 
2 28 67 
2 150 214 
2 0 45 
2 55 148 
2 6 215 
2 108 116 
2 8 43 
2 24 294 
2 173 231 
2 101 125 
2 203 272 
2 64 202 
2 157 219 
2 24 203 
2 66 207 
2 115 123 
2 110 250 
2 107 281 
2 248 291 
2 2 120 
2 177 202 
2 137 274 
2 102 221 
2 46 73 
2 83 274 
2 211 222 
2 77 273 
2 163 275 
2 70 161 
2 57 171 
2 155 158 
2 144 226 
2 12 45 
2 89 207 
2 79 139 
2 84 162 
2 15 112 
2 126 292 
2 175 190 
2 108 293 
2 54 242 
2 128 258 
2 253 256 
2 187 259 
2 33 67 
2 2 129 
2 60 114 
2 133 140 
2 59 162 
2 53 249 
2 91 132 
2 183 208 
2 50 61 
2 151 169 
2 193 216 
2 74 125 
2 172 204 
2 117 145 
2 68 228 
2 119 250 
2 156 269 
2 199 271 
2 50 239 
2 44 115 
2 27 119 
2 95 213 
2 23 189 
2 114 147 
300 300
2 7 75 
2 65 290 
2 14 115 
2 48 280 
2 168 269 
2 11 194 
2 136 193 
2 0 259 
2 189 222 
2 79 102 
2 61 206 
2 5 122 
2 177 268 
2 53 72 
2 2 61 
2 29 198 
2 42 176 
2 78 266 
2 208 286 
2 169 214 
2 56 214 
2 151 285 
2 205 281 
2 174 297 
2 68 143 
2 29 228 
2 209 273 
2 161 263 
2 55 86 
2 15 25 
2 87 270 
2 105 233 
2 71 74 
2 40 274 
2 217 218 
2 64 247 
2 280 292 
2 118 172 
2 43 58 
2 190 223 
2 33 283 
2 52 273 
2 16 201 
2 38 185 
2 199 219 
2 46 128 
2 45 179 
2 79 134 
2 3 80 
2 107 169 
2 51 268 
2 50 295 
2 41 282 
2 13 73 
2 59 236 
2 28 89 
2 20 198 
2 110 139 
2 38 238 
2 54 65 
2 168 287 
2 10 14 
2 95 277 
2 83 164 
2 35 282 
2 1 59 
2 104 186 
2 209 210 
2 24 147 
2 116 256 
2 109 264 
2 32 213 
2 13 140 
2 53 78 
2 32 257 
2 0 221 
2 77 296 
2 76 159 
2 17 73 
2 9 47 
2 48 216 
2 92 243 
2 99 227 
2 63 248 
2 121 251 
2 117 138 
2 28 251 
2 30 234 
2 122 164 
2 55 171 
2 98 132 
2 108 137 
2 81 234 
2 165 185 
2 258 271 
2 62 181 
2 187 269 
2 104 180 
2 90 140 
2 82 153 
2 192 201 
2 151 243 
2 9 149 
2 111 293 
2 66 97 
2 31 128 
2 115 182 
2 49 123 
2 91 119 
2 70 284 
2 57 290 
2 103 161 
2 170 172 
2 137 191 
2 142 163 
2 2 106 
2 69 285 
2 85 210 
2 37 265 
2 108 200 
2 237 264 
2 84 229 
2 11 88 
2 107 165 
2 173 275 
2 175 242 
2 233 276 
2 142 295 
2 45 105 
2 162 231 
2 246 272 
2 224 257 
2 90 220 
2 152 183 
2 47 178 
2 141 291 
2 6 166 
2 91 113 
2 85 139 
2 57 138 
2 72 98 
2 135 262 
2 114 127 
2 24 261 
2 221 252 
2 149 173 
2 148 284 
2 68 260 
2 146 192 
2 102 145 
2 244 277 
2 21 101 
2 133 298 
2 99 292 
2 217 271 
2 232 283 
2 158 176 
2 263 281 
2 156 245 
2 77 182 
2 228 250 
2 27 111 
2 129 202 
2 114 191 
2 63 88 
2 93 123 
2 136 289 
2 180 235 
2 4 60 
2 19 49 
2 112 253 
2 89 240 
2 37 112 
2 124 145 
2 23 260 
2 125 202 
2 16 156 
2 12 235 
2 134 242 
2 46 225 
2 97 167 
2 95 226 
2 106 159 
2 133 224 
2 236 288 
2 43 93 
2 66 196 
2 96 289 
2 258 267 
2 8 248 
2 39 195 
2 113 163 
2 100 148 
2 6 249 
2 5 247 
2 190 244 
2 186 266 
2 246 299 
2 15 56 
2 44 276 
2 119 215 
2 42 100 
2 162 175 
2 207 245 
2 215 267 
2 22 212 
2 10 291 
2 203 297 
2 18 272 
2 26 67 
2 67 117 
2 227 293 
2 205 278 
2 71 299 
2 19 20 
2 200 204 
2 80 287 
2 34 154 
2 34 250 
2 44 262 
2 132 230 
2 75 144 
2 8 261 
2 39 279 
2 131 183 
2 179 278 
2 181 229 
2 82 211 
2 25 160 
2 121 226 
2 220 296 
2 129 249 
2 155 274 
2 31 126 
2 87 92 
2 167 177 
2 54 184 
2 120 294 
2 58 265 
2 255 270 
2 171 254 
2 252 298 
2 125 178 
2 81 101 
2 150 195 
2 158 203 
2 130 197 
2 35 194 
2 83 189 
2 193 231 
2 160 218 
2 84 86 
2 144 241 
2 170 254 
2 240 253 
2 239 288 
2 69 275 
2 74 131 
2 94 188 
2 7 294 
2 147 174 
2 143 222 
2 141 219 
2 27 157 
2 70 120 
2 118 238 
2 17 196 
2 188 204 
2 12 50 
2 4 96 
2 30 239 
2 94 154 
2 130 208 
2 26 41 
2 33 232 
2 124 256 
2 126 199 
2 62 150 
2 212 225 
2 223 286 
2 3 36 
2 22 157 
2 52 64 
2 40 155 
2 109 146 
2 21 116 
2 18 279 
2 60 216 
2 184 255 
2 166 187 
2 1 110 
2 135 206 
2 36 153 
2 103 211 
2 237 259 
2 51 127 
2 76 230 
2 23 207 
2 152 241 
2 197 213 
