400 400
2 251 336 
2 41 353 
2 23 161 
2 83 110 
2 220 305 
2 136 279 
2 154 350 
2 191 197 
2 187 299 
2 307 375 
2 258 337 
2 33 142 
2 116 156 
2 272 347 
2 40 280 
2 135 352 
2 287 369 
2 71 357 
2 171 290 
2 209 276 
2 85 388 
2 247 274 
2 259 269 
2 2 235 
2 56 304 
2 294 295 
2 53 211 
2 126 302 
2 201 368 
2 291 395 
2 268 389 
2 79 213 
2 174 185 
2 11 371 
2 95 187 
2 225 372 
2 190 279 
2 230 347 
2 152 335 
2 97 341 
2 14 206 
2 1 317 
2 260 393 
2 265 288 
2 217 271 
2 258 343 
2 58 119 
2 60 360 
2 104 345 
2 54 309 
2 138 160 
2 170 322 
2 246 296 
2 26 88 
2 49 144 
2 115 224 
2 24 249 
2 145 170 
2 46 373 
2 105 212 
2 47 105 
2 96 255 
2 139 351 
2 141 214 
2 65 326 
2 64 384 
2 234 328 
2 132 134 
2 257 397 
2 116 321 
2 262 265 
2 17 262 
2 118 277 
2 257 321 
2 198 333 
2 353 388 
2 103 250 
2 90 177 
2 168 350 
2 31 114 
2 108 165 
2 150 153 
2 130 263 
2 3 161 
2 210 264 
2 20 241 
2 115 193 
2 217 336 
2 53 208 
2 284 392 
2 77 204 
2 162 189 
2 102 278 
2 222 272 
2 159 342 
2 34 367 
2 61 251 
2 39 169 
2 344 369 
2 293 314 
2 246 333 
2 104 316 
2 92 224 
2 76 261 
2 48 101 
2 59 60 
2 255 343 
2 269 352 
2 80 243 
2 113 172 
2 3 254 
2 178 183 
2 117 340 
2 109 193 
2 79 133 
2 55 86 
2 12 69 
2 112 331 
2 72 149 
2 46 375 
2 323 386 
2 292 319 
2 286 322 
2 198 225 
2 242 280 
2 142 154 
2 27 387 
2 179 180 
2 228 231 
2 207 300 
2 82 342 
2 135 285 
2 67 363 
2 114 249 
2 67 288 
2 15 131 
2 5 354 
2 304 318 
2 50 317 
2 62 324 
2 194 326 
2 63 144 
2 11 125 
2 256 320 
2 54 141 
2 57 263 
2 205 378 
2 194 316 
2 227 366 
2 118 244 
2 81 285 
2 215 313 
2 38 264 
2 81 159 
2 6 125 
2 330 349 
2 12 274 
2 341 359 
2 176 182 
2 94 153 
2 50 399 
2 2 83 
2 91 267 
2 286 395 
2 173 318 
2 80 377 
2 276 296 
2 266 305 
2 78 277 
2 97 327 
2 51 57 
2 18 332 
2 109 307 
2 164 219 
2 32 310 
2 356 358 
2 158 376 
2 77 315 
2 111 203 
2 127 203 
2 127 271 
2 195 338 
2 158 188 
2 111 382 
2 196 398 
2 32 268 
2 287 298 
2 8 34 
2 182 308 
2 91 226 
2 36 253 
2 7 378 
2 275 380 
2 86 113 
2 140 147 
2 181 229 
2 184 348 
2 7 345 
2 74 123 
2 301 384 
2 201 370 
2 28 200 
2 362 366 
2 178 179 
2 90 310 
2 146 320 
2 40 319 
2 129 252 
2 88 346 
2 19 270 
2 84 355 
2 26 309 
2 59 219 
2 31 383 
2 63 344 
2 151 339 
2 334 381 
2 44 87 
2 393 394 
2 173 212 
2 4 283 
2 247 289 
2 93 242 
2 374 379 
2 55 102 
2 35 123 
2 189 332 
2 148 238 
2 128 373 
2 195 312 
2 37 334 
2 128 374 
2 275 379 
2 244 302 
2 66 283 
2 23 361 
2 238 376 
2 303 338 
2 227 236 
2 259 325 
2 252 398 
2 85 313 
2 124 222 
2 108 356 
2 149 233 
2 308 392 
2 52 100 
2 21 221 
2 351 372 
2 56 133 
2 76 397 
2 0 96 
2 207 240 
2 190 382 
2 110 390 
2 61 106 
2 143 325 
2 68 73 
2 10 45 
2 22 239 
2 42 370 
2 103 315 
2 70 71 
2 82 145 
2 84 152 
2 43 70 
2 167 367 
2 162 368 
2 30 185 
2 22 107 
2 209 362 
2 44 180 
2 13 93 
2 396 399 
2 21 156 
2 192 232 
2 19 166 
2 72 168 
2 92 282 
2 5 36 
2 14 124 
2 301 306 
2 278 363 
2 220 234 
2 89 323 
2 131 150 
2 122 163 
2 16 186 
2 43 134 
2 221 299 
2 18 391 
2 29 359 
2 121 396 
2 99 300 
2 25 311 
2 25 357 
2 52 166 
2 383 385 
2 186 335 
2 8 289 
2 129 293 
2 199 281 
2 27 233 
2 237 377 
2 24 137 
2 4 167 
2 281 358 
2 9 172 
2 188 245 
2 49 211 
2 174 204 
2 294 394 
2 229 380 
2 151 241 
2 99 364 
2 177 261 
2 101 147 
2 41 138 
2 137 164 
2 121 206 
2 143 205 
2 69 73 
2 51 122 
2 120 284 
2 139 339 
2 239 256 
2 64 140 
2 169 381 
2 66 390 
2 346 360 
2 155 349 
2 117 391 
2 171 226 
2 74 100 
2 216 230 
2 38 298 
2 0 87 
2 10 348 
2 181 237 
2 215 324 
2 112 385 
2 39 157 
2 94 130 
2 45 106 
2 98 214 
2 48 197 
2 208 329 
2 13 37 
2 196 337 
2 155 330 
2 6 78 
2 62 248 
2 15 107 
2 1 75 
2 136 371 
2 210 365 
2 175 243 
2 17 295 
2 175 306 
2 157 291 
2 47 329 
2 235 387 
2 202 270 
2 132 282 
2 314 365 
2 355 364 
2 148 202 
2 95 266 
2 28 267 
2 16 98 
2 200 260 
2 33 354 
2 35 248 
2 58 228 
2 223 231 
2 9 119 
2 176 236 
2 165 303 
2 146 191 
2 223 232 
2 192 312 
2 216 327 
2 183 253 
2 213 297 
2 65 199 
2 297 340 
2 120 389 
2 126 361 
2 20 75 
2 30 386 
2 254 328 
2 290 331 
2 89 245 
2 42 218 
2 218 311 
2 29 163 
2 273 292 
2 68 250 
2 184 240 
2 160 273 
400 400
2 24 171 
2 87 204 
2 123 286 
2 211 244 
2 212 243 
2 109 373 
2 16 124 
2 236 383 
2 162 309 
2 71 322 
2 155 364 
2 93 298 
2 68 287 
2 83 151 
2 145 247 
2 212 372 
2 6 363 
2 280 301 
2 203 270 
2 95 214 
2 27 262 
2 230 298 
2 36 59 
2 156 286 
2 0 283 
2 259 374 
2 125 215 
2 20 291 
2 30 351 
2 146 281 
2 28 276 
2 166 383 
2 126 207 
2 167 271 
2 48 134 
2 249 355 
2 22 49 
2 222 347 
2 111 291 
2 124 393 
2 77 209 
2 169 347 
2 308 372 
2 316 352 
2 97 210 
2 51 194 
2 127 257 
2 110 389 
2 34 388 
2 36 254 
2 234 397 
2 45 180 
2 190 231 
2 296 305 
2 188 292 
2 318 328 
2 142 219 
2 323 381 
2 139 331 
2 22 353 
2 168 179 
2 163 218 
2 233 310 
2 293 351 
2 197 391 
2 87 269 
2 167 246 
2 312 396 
2 12 262 
2 225 324 
2 118 205 
2 9 340 
2 201 345 
2 254 273 
2 154 379 
2 139 327 
2 132 304 
2 40 342 
2 238 380 
2 137 164 
2 144 155 
2 250 336 
2 253 365 
2 13 275 
2 121 241 
2 111 257 
2 166 366 
2 1 65 
2 180 186 
2 96 334 
2 175 367 
2 140 170 
2 132 322 
2 11 173 
2 148 246 
2 19 100 
2 89 240 
2 44 114 
2 106 367 
2 116 265 
2 95 310 
2 135 229 
2 152 375 
2 182 354 
2 323 397 
2 192 234 
2 98 242 
2 202 332 
2 120 317 
2 5 391 
2 47 203 
2 38 85 
2 125 260 
2 185 243 
2 97 268 
2 131 152 
2 99 353 
2 129 296 
2 70 377 
2 295 328 
2 108 376 
2 84 373 
2 157 329 
2 2 358 
2 6 39 
2 26 112 
2 32 273 
2 46 356 
2 270 370 
2 117 398 
2 258 370 
2 115 346 
2 76 92 
2 264 278 
2 34 315 
2 101 147 
2 153 382 
2 79 245 
2 274 361 
2 58 75 
2 91 320 
2 215 332 
2 56 316 
2 337 395 
2 80 146 
2 14 238 
2 29 144 
2 135 366 
2 94 314 
2 232 392 
2 185 319 
2 13 321 
2 102 115 
2 136 284 
2 74 183 
2 10 80 
2 23 288 
2 122 228 
2 249 285 
2 193 312 
2 181 210 
2 252 253 
2 8 321 
2 61 398 
2 79 363 
2 294 308 
2 31 86 
2 33 66 
2 60 339 
2 41 304 
2 91 225 
2 0 283 
2 307 389 
2 93 360 
2 244 277 
2 90 220 
2 375 377 
2 277 340 
2 261 376 
2 60 219 
2 51 88 
2 160 345 
2 103 235 
2 154 259 
2 190 265 
2 113 150 
2 88 374 
2 233 255 
2 54 263 
2 200 361 
2 52 184 
2 195 289 
2 105 266 
2 159 338 
2 45 319 
2 191 315 
2 267 307 
2 64 221 
2 329 359 
2 208 336 
2 189 206 
2 72 288 
2 107 303 
2 18 110 
2 1 207 
2 70 297 
2 200 337 
2 32 204 
2 199 309 
2 40 227 
2 44 160 
2 3 365 
2 4 15 
2 258 378 
2 19 293 
2 26 141 
2 272 324 
2 237 314 
2 61 264 
2 56 179 
2 175 290 
2 197 239 
2 37 350 
2 352 386 
2 276 388 
2 69 170 
2 348 362 
2 209 274 
2 157 395 
2 101 245 
2 21 379 
2 52 284 
2 149 364 
2 62 187 
2 50 105 
2 182 285 
2 7 399 
2 217 331 
2 78 145 
2 221 341 
2 96 357 
2 84 348 
2 106 333 
2 4 113 
2 3 174 
2 137 229 
2 66 94 
2 14 369 
2 392 394 
2 35 158 
2 81 299 
2 282 300 
2 161 335 
2 82 161 
2 49 73 
2 187 387 
2 260 343 
2 46 85 
2 130 213 
2 25 183 
2 112 256 
2 178 334 
2 20 68 
2 188 357 
2 133 218 
2 99 184 
2 192 292 
2 196 371 
2 114 386 
2 65 339 
2 18 128 
2 33 326 
2 216 311 
2 73 126 
2 138 227 
2 83 393 
2 30 224 
2 174 177 
2 133 311 
2 385 387 
2 17 306 
2 29 355 
2 251 318 
2 24 171 
2 153 231 
2 158 235 
2 2 23 
2 12 344 
2 156 201 
2 191 371 
2 220 384 
2 27 38 
2 54 266 
2 63 214 
2 165 350 
2 119 338 
2 53 117 
2 205 299 
2 11 21 
2 250 297 
2 251 341 
2 17 359 
2 305 349 
2 202 369 
2 76 169 
2 53 302 
2 280 320 
2 172 196 
2 42 165 
2 8 208 
2 62 100 
2 272 278 
2 67 159 
2 349 362 
2 148 217 
2 134 195 
2 43 142 
2 108 335 
2 55 282 
2 150 194 
2 140 306 
2 151 162 
2 9 92 
2 57 104 
2 69 216 
2 330 342 
2 271 384 
2 75 382 
2 55 119 
2 122 198 
2 325 380 
2 58 237 
2 107 141 
2 242 381 
2 89 261 
2 252 317 
2 81 199 
2 143 206 
2 193 295 
2 168 269 
2 71 177 
2 239 300 
2 77 325 
2 256 394 
2 287 390 
2 72 181 
2 131 385 
2 37 41 
2 226 241 
2 302 313 
2 222 294 
2 28 63 
2 43 223 
2 59 116 
2 103 390 
2 35 281 
2 127 368 
2 240 263 
2 123 360 
2 198 301 
2 173 358 
2 138 189 
2 226 313 
2 16 164 
2 10 232 
2 82 211 
2 86 147 
2 90 98 
2 356 378 
2 247 303 
2 128 130 
2 267 289 
2 15 42 
2 5 121 
2 25 186 
2 102 176 
2 120 178 
2 118 176 
2 213 368 
2 74 230 
2 78 330 
2 57 333 
2 136 327 
2 7 31 
2 290 326 
2 279 346 
2 223 268 
2 255 279 
2 48 224 
2 47 172 
2 344 354 
2 64 109 
2 149 248 
2 39 275 
2 248 343 
2 143 228 
2 67 399 
2 50 104 
2 129 163 
2 236 396 
