450 450
2 2 202 
2 199 420 
2 0 269 
2 94 212 
2 23 82 
2 207 283 
2 137 320 
2 123 335 
2 180 386 
2 281 337 
2 352 367 
2 171 350 
2 153 402 
2 237 331 
2 18 148 
2 135 425 
2 411 431 
2 104 181 
2 14 34 
2 36 143 
2 59 94 
2 111 384 
2 66 162 
2 4 302 
2 193 205 
2 58 169 
2 169 262 
2 333 446 
2 133 413 
2 45 238 
2 334 426 
2 329 357 
2 240 312 
2 258 321 
2 18 95 
2 130 361 
2 19 166 
2 75 325 
2 133 367 
2 90 348 
2 44 401 
2 66 158 
2 212 292 
2 141 328 
2 40 64 
2 29 112 
2 291 447 
2 357 406 
2 219 260 
2 111 192 
2 378 385 
2 205 276 
2 159 329 
2 262 372 
2 266 428 
2 117 350 
2 191 258 
2 144 184 
2 25 359 
2 20 448 
2 130 352 
2 285 359 
2 219 317 
2 208 226 
2 44 155 
2 122 208 
2 22 41 
2 319 358 
2 98 323 
2 342 429 
2 113 224 
2 107 279 
2 215 407 
2 287 393 
2 161 313 
2 37 232 
2 170 411 
2 344 375 
2 314 408 
2 241 404 
2 114 176 
2 101 338 
2 4 273 
2 100 391 
2 108 197 
2 136 318 
2 146 165 
2 96 442 
2 291 394 
2 374 427 
2 39 422 
2 122 381 
2 400 434 
2 196 299 
2 3 20 
2 34 175 
2 87 410 
2 149 160 
2 68 118 
2 110 376 
2 83 101 
2 81 100 
2 252 449 
2 297 446 
2 17 345 
2 231 308 
2 125 304 
2 71 362 
2 84 154 
2 254 348 
2 99 332 
2 21 49 
2 45 178 
2 70 232 
2 80 256 
2 235 282 
2 406 409 
2 55 185 
2 98 369 
2 393 423 
2 366 443 
2 152 250 
2 65 91 
2 7 183 
2 234 299 
2 106 225 
2 259 439 
2 150 363 
2 185 414 
2 201 272 
2 35 60 
2 164 182 
2 228 289 
2 28 38 
2 179 305 
2 15 255 
2 85 356 
2 6 388 
2 261 335 
2 328 386 
2 239 275 
2 43 356 
2 165 440 
2 19 294 
2 57 418 
2 296 415 
2 86 156 
2 187 372 
2 14 295 
2 97 195 
2 127 198 
2 198 273 
2 121 235 
2 12 229 
2 108 338 
2 64 426 
2 146 250 
2 211 229 
2 41 254 
2 52 424 
2 97 184 
2 74 379 
2 22 248 
2 217 427 
2 131 355 
2 86 142 
2 36 175 
2 280 287 
2 296 319 
2 25 26 
2 76 277 
2 11 445 
2 387 448 
2 207 251 
2 277 362 
2 95 166 
2 80 268 
2 334 340 
2 112 264 
2 134 339 
2 8 227 
2 17 255 
2 131 419 
2 123 196 
2 57 160 
2 117 128 
2 195 392 
2 147 412 
2 220 409 
2 339 437 
2 288 343 
2 56 390 
2 49 399 
2 24 346 
2 279 366 
2 149 186 
2 93 183 
2 84 370 
2 150 151 
2 1 355 
2 246 263 
2 129 353 
2 0 371 
2 242 416 
2 270 310 
2 24 51 
2 385 432 
2 5 173 
2 63 65 
2 278 340 
2 274 423 
2 157 247 
2 3 42 
2 245 373 
2 361 422 
2 72 225 
2 233 402 
2 163 303 
2 298 331 
2 48 62 
2 188 417 
2 327 382 
2 233 433 
2 377 436 
2 70 368 
2 125 215 
2 63 394 
2 180 309 
2 132 371 
2 153 157 
2 274 388 
2 105 429 
2 75 113 
2 216 222 
2 124 304 
2 115 152 
2 378 410 
2 13 311 
2 29 374 
2 140 285 
2 32 439 
2 79 432 
2 203 270 
2 265 420 
2 290 324 
2 213 330 
2 200 259 
2 211 314 
2 162 275 
2 310 347 
2 121 156 
2 173 434 
2 102 447 
2 288 413 
2 109 158 
2 135 181 
2 114 391 
2 326 404 
2 33 56 
2 126 246 
2 48 284 
2 138 346 
2 26 53 
2 200 336 
2 178 295 
2 243 435 
2 54 280 
2 305 322 
2 176 308 
2 2 272 
2 204 242 
2 297 341 
2 129 269 
2 82 151 
2 210 230 
2 140 248 
2 51 377 
2 170 174 
2 209 349 
2 71 194 
2 167 266 
2 9 342 
2 115 354 
2 5 345 
2 260 381 
2 61 239 
2 343 364 
2 73 167 
2 190 253 
2 132 417 
2 244 332 
2 46 88 
2 42 444 
2 309 419 
2 143 315 
2 148 264 
2 145 168 
2 103 271 
2 218 316 
2 93 124 
2 301 358 
2 300 349 
2 23 389 
2 217 438 
2 106 234 
2 134 267 
2 365 440 
2 392 414 
2 105 268 
2 227 293 
2 204 249 
2 237 326 
2 32 397 
2 74 403 
2 78 247 
2 294 428 
2 298 380 
2 62 379 
2 85 401 
2 67 168 
2 6 443 
2 33 390 
2 267 431 
2 68 368 
2 244 436 
2 37 418 
2 257 311 
2 221 395 
2 43 139 
2 31 52 
2 245 398 
2 13 218 
2 110 290 
2 27 397 
2 30 177 
2 7 138 
2 263 383 
2 9 351 
2 81 154 
2 179 189 
2 177 209 
2 271 344 
2 69 281 
2 190 286 
2 77 341 
2 104 283 
2 193 261 
2 249 399 
2 39 109 
2 278 301 
2 11 55 
2 337 363 
2 10 60 
2 201 396 
2 282 445 
2 164 199 
2 136 141 
2 31 47 
2 67 300 
2 58 61 
2 370 407 
2 35 214 
2 107 174 
2 127 351 
2 286 430 
2 306 382 
2 120 194 
2 10 38 
2 224 323 
2 118 424 
2 197 360 
2 202 228 
2 53 147 
2 213 412 
2 89 238 
2 77 403 
2 99 441 
2 223 276 
2 50 236 
2 161 317 
2 316 441 
2 91 284 
2 221 365 
2 336 405 
2 21 425 
2 50 206 
2 8 139 
2 172 396 
2 137 230 
2 302 433 
2 191 321 
2 83 256 
2 186 307 
2 73 119 
2 88 226 
2 327 444 
2 353 387 
2 312 333 
2 330 442 
2 192 347 
2 92 435 
2 40 318 
2 12 216 
2 313 375 
2 79 257 
2 383 408 
2 47 116 
2 72 360 
2 78 405 
2 116 188 
2 96 236 
2 16 76 
2 187 373 
2 28 253 
2 128 307 
2 145 438 
2 203 421 
2 220 289 
2 144 325 
2 182 293 
2 1 243 
2 416 449 
2 90 214 
2 119 210 
2 159 369 
2 15 384 
2 30 155 
2 89 163 
2 54 315 
2 69 231 
2 364 437 
2 16 322 
2 206 241 
2 222 389 
2 92 251 
2 265 400 
2 223 324 
2 189 430 
2 303 415 
2 126 240 
2 142 306 
2 376 380 
2 87 398 
2 120 320 
2 292 395 
2 171 354 
2 27 103 
2 46 252 
2 59 172 
2 102 421 
450 450
2 98 353 
2 96 308 
2 158 333 
2 126 269 
2 42 148 
2 114 163 
2 255 445 
2 228 261 
2 87 303 
2 378 409 
2 105 323 
2 60 359 
2 136 368 
2 70 215 
2 82 339 
2 144 424 
2 244 339 
2 270 416 
2 74 129 
2 135 284 
2 214 222 
2 192 360 
2 167 297 
2 180 195 
2 332 391 
2 45 87 
2 59 385 
2 140 434 
2 311 352 
2 84 324 
2 57 202 
2 77 263 
2 74 390 
2 275 419 
2 130 250 
2 205 403 
2 133 389 
2 285 293 
2 136 301 
2 151 171 
2 171 383 
2 170 320 
2 4 89 
2 200 417 
2 328 384 
2 25 190 
2 302 343 
2 156 257 
2 402 437 
2 185 376 
2 130 155 
2 112 209 
2 123 421 
2 93 237 
2 82 173 
2 70 415 
2 100 205 
2 30 384 
2 127 282 
2 26 63 
2 11 157 
2 153 278 
2 272 318 
2 59 182 
2 306 353 
2 235 414 
2 267 435 
2 336 436 
2 393 408 
2 131 407 
2 13 55 
2 113 447 
2 239 324 
2 235 246 
2 18 32 
2 91 138 
2 77 440 
2 31 76 
2 274 438 
2 371 430 
2 158 349 
2 415 449 
2 14 54 
2 347 447 
2 29 228 
2 247 445 
2 294 448 
2 8 25 
2 124 446 
2 42 427 
2 254 406 
2 75 188 
2 191 422 
2 53 96 
2 142 387 
2 104 211 
2 1 93 
2 197 265 
2 0 271 
2 313 331 
2 56 254 
2 211 358 
2 124 304 
2 142 396 
2 95 258 
2 10 266 
2 108 186 
2 297 435 
2 106 361 
2 320 344 
2 194 249 
2 318 398 
2 51 113 
2 71 112 
2 5 352 
2 208 239 
2 156 305 
2 199 273 
2 321 448 
2 193 449 
2 363 400 
2 209 379 
2 253 322 
2 52 197 
2 88 102 
2 177 216 
2 3 378 
2 58 160 
2 264 401 
2 18 354 
2 34 50 
2 69 234 
2 181 243 
2 36 301 
2 159 365 
2 19 439 
2 12 38 
2 304 403 
2 75 411 
2 372 377 
2 27 394 
2 162 328 
2 94 103 
2 335 422 
2 15 261 
2 183 373 
2 186 341 
2 327 424 
2 4 257 
2 306 392 
2 277 359 
2 39 321 
2 249 400 
2 61 294 
2 259 270 
2 50 370 
2 47 116 
2 60 423 
2 2 80 
2 134 315 
2 127 421 
2 227 420 
2 141 175 
2 5 220 
2 169 189 
2 208 441 
2 319 333 
2 22 292 
2 342 412 
2 164 357 
2 41 380 
2 39 40 
2 224 317 
2 54 404 
2 199 431 
2 162 391 
2 223 367 
2 125 212 
2 264 312 
2 238 398 
2 23 428 
2 132 252 
2 63 354 
2 145 405 
2 201 286 
2 49 392 
2 106 146 
2 287 413 
2 91 430 
2 164 329 
2 45 423 
2 92 288 
2 21 241 
2 119 286 
2 110 429 
2 23 202 
2 360 426 
2 97 123 
2 337 443 
2 117 174 
2 43 411 
2 184 231 
2 30 195 
2 300 399 
2 212 418 
2 35 56 
2 253 397 
2 267 330 
2 115 165 
2 51 121 
2 283 436 
2 95 101 
2 177 204 
2 298 381 
2 20 279 
2 13 218 
2 125 388 
2 425 442 
2 215 394 
2 260 273 
2 163 317 
2 236 296 
2 20 299 
2 176 334 
2 172 356 
2 311 439 
2 233 365 
2 161 347 
2 7 84 
2 272 350 
2 248 355 
2 201 278 
2 288 434 
2 226 243 
2 131 380 
2 65 73 
2 221 366 
2 53 426 
2 179 346 
2 72 115 
2 250 309 
2 192 295 
2 331 417 
2 132 233 
2 16 323 
2 337 368 
2 73 367 
2 85 345 
2 230 340 
2 110 152 
2 34 240 
2 291 369 
2 181 438 
2 122 206 
2 90 100 
2 6 259 
2 275 338 
2 47 148 
2 104 290 
2 154 255 
2 219 307 
2 7 144 
2 305 381 
2 31 428 
2 128 178 
2 97 370 
2 105 281 
2 66 207 
2 307 319 
2 3 276 
2 17 154 
2 98 442 
2 62 229 
2 117 219 
2 78 293 
2 33 256 
2 269 314 
2 150 315 
2 61 231 
2 214 433 
2 429 443 
2 266 316 
2 58 419 
2 210 300 
2 19 418 
2 37 356 
2 184 193 
2 187 372 
2 191 232 
2 373 432 
2 258 376 
2 251 334 
2 167 335 
2 37 274 
2 86 153 
2 241 407 
2 221 299 
2 22 107 
2 213 399 
2 222 296 
2 203 283 
2 38 133 
2 46 377 
2 8 325 
2 102 137 
2 116 262 
2 64 149 
2 260 268 
2 1 405 
2 240 444 
2 332 371 
2 28 225 
2 178 338 
2 99 344 
2 276 409 
2 159 277 
2 281 401 
2 172 220 
2 62 111 
2 166 268 
2 41 109 
2 118 151 
2 122 351 
2 10 244 
2 29 72 
2 303 390 
2 329 374 
2 147 413 
2 44 141 
2 189 326 
2 207 408 
2 99 242 
2 24 310 
2 2 166 
2 223 291 
2 143 292 
2 67 357 
2 198 245 
2 256 312 
2 14 16 
2 248 395 
2 146 342 
2 168 341 
2 46 364 
2 109 313 
2 247 348 
2 238 389 
2 83 227 
2 345 358 
2 80 410 
2 229 364 
2 322 416 
2 28 114 
2 0 64 
2 129 182 
2 230 412 
2 224 285 
2 169 336 
2 101 348 
2 11 150 
2 21 196 
2 108 375 
2 383 440 
2 120 444 
2 343 350 
2 134 226 
2 236 385 
2 176 246 
2 12 245 
2 251 396 
2 155 265 
2 79 310 
2 139 287 
2 145 289 
2 326 432 
2 361 386 
2 49 290 
2 139 302 
2 9 126 
2 121 387 
2 170 234 
2 213 262 
2 386 388 
2 40 362 
2 44 57 
2 26 366 
2 375 382 
2 94 379 
2 216 382 
2 36 346 
2 32 325 
2 24 175 
2 149 185 
2 68 433 
2 140 218 
2 340 431 
2 103 369 
2 206 404 
2 111 179 
2 203 298 
2 120 152 
2 128 316 
2 48 425 
2 35 137 
2 173 397 
2 183 308 
2 90 420 
2 69 295 
2 68 330 
2 9 314 
2 349 446 
2 138 200 
2 168 355 
2 187 327 
2 65 427 
2 55 81 
2 17 351 
2 43 242 
2 204 284 
2 33 282 
2 161 406 
2 52 160 
2 92 143 
2 157 190 
2 15 147 
2 217 402 
2 196 237 
2 89 414 
2 180 263 
2 194 280 
2 79 188 
2 174 395 
2 289 374 
2 279 393 
2 27 232 
2 66 107 
2 67 210 
2 48 441 
2 78 252 
2 135 225 
2 76 362 
2 165 437 
2 217 271 
2 198 280 
2 309 363 
2 6 85 
2 88 410 
2 71 83 
2 86 118 
2 81 119 
