650 650
2 128 578 
2 284 369 
2 81 166 
2 189 457 
2 8 245 
2 388 634 
2 525 591 
2 157 164 
2 4 183 
2 50 290 
2 187 461 
2 204 418 
2 55 391 
2 123 307 
2 140 343 
2 134 215 
2 300 631 
2 70 203 
2 20 500 
2 258 545 
2 18 647 
2 480 499 
2 57 295 
2 347 559 
2 407 555 
2 199 271 
2 512 528 
2 100 376 
2 165 350 
2 80 534 
2 459 477 
2 617 643 
2 292 486 
2 79 510 
2 437 576 
2 63 99 
2 324 537 
2 92 606 
2 153 520 
2 506 592 
2 265 315 
2 178 488 
2 156 585 
2 429 562 
2 288 573 
2 436 611 
2 67 385 
2 109 201 
2 419 537 
2 374 417 
2 9 308 
2 260 599 
2 78 465 
2 430 495 
2 73 163 
2 12 149 
2 524 571 
2 22 339 
2 63 503 
2 251 330 
2 246 473 
2 310 542 
2 372 557 
2 35 58 
2 156 449 
2 346 645 
2 312 487 
2 46 298 
2 233 619 
2 255 299 
2 17 492 
2 597 625 
2 138 422 
2 54 184 
2 338 341 
2 386 527 
2 288 441 
2 318 495 
2 52 580 
2 33 293 
2 29 305 
2 2 306 
2 232 638 
2 416 622 
2 206 541 
2 259 528 
2 127 368 
2 493 644 
2 323 326 
2 142 359 
2 132 645 
2 203 642 
2 37 505 
2 192 383 
2 277 490 
2 380 642 
2 334 536 
2 183 332 
2 430 474 
2 35 647 
2 27 332 
2 444 527 
2 136 425 
2 415 612 
2 508 548 
2 531 559 
2 236 295 
2 278 494 
2 299 471 
2 47 623 
2 210 549 
2 323 581 
2 378 604 
2 338 575 
2 147 301 
2 171 470 
2 160 335 
2 311 540 
2 371 451 
2 234 396 
2 182 186 
2 347 628 
2 150 393 
2 13 279 
2 198 603 
2 249 319 
2 209 483 
2 86 445 
2 0 225 
2 340 610 
2 135 474 
2 164 470 
2 90 640 
2 200 646 
2 15 391 
2 130 586 
2 102 595 
2 348 443 
2 72 486 
2 280 361 
2 14 575 
2 251 423 
2 89 406 
2 194 262 
2 175 493 
2 197 518 
2 467 579 
2 114 502 
2 241 481 
2 55 451 
2 122 649 
2 162 216 
2 248 252 
2 38 580 
2 349 629 
2 213 455 
2 42 64 
2 7 269 
2 211 561 
2 185 352 
2 116 389 
2 205 453 
2 151 244 
2 54 625 
2 7 131 
2 28 228 
2 2 632 
2 514 521 
2 218 442 
2 446 601 
2 172 434 
2 115 313 
2 170 243 
2 358 364 
2 269 476 
2 144 214 
2 484 557 
2 532 542 
2 41 560 
2 240 327 
2 232 360 
2 354 593 
2 120 458 
2 8 97 
2 73 219 
2 159 283 
2 120 245 
2 10 291 
2 539 637 
2 3 191 
2 230 256 
2 189 195 
2 93 226 
2 267 555 
2 143 567 
2 191 469 
2 214 598 
2 145 286 
2 124 636 
2 25 450 
2 133 572 
2 47 639 
2 225 303 
2 17 91 
2 11 566 
2 161 260 
2 84 334 
2 208 370 
2 207 382 
2 126 587 
2 110 530 
2 158 328 
2 480 545 
2 155 325 
2 175 196 
2 15 314 
2 151 242 
2 414 544 
2 168 377 
2 184 550 
2 271 426 
2 238 482 
2 340 413 
2 413 427 
2 407 454 
2 128 202 
2 192 321 
2 264 342 
2 165 609 
2 325 535 
2 190 285 
2 333 611 
2 82 180 
2 68 267 
2 119 464 
2 498 573 
2 106 424 
2 496 546 
2 221 437 
2 324 518 
2 179 515 
2 148 608 
2 216 452 
2 172 281 
2 162 577 
2 4 186 
2 60 535 
2 263 351 
2 152 450 
2 125 270 
2 345 351 
2 59 141 
2 152 414 
2 441 579 
2 364 438 
2 69 478 
2 190 489 
2 514 588 
2 19 614 
2 85 616 
2 51 205 
2 554 617 
2 143 529 
2 247 428 
2 227 569 
2 40 298 
2 362 603 
2 193 233 
2 475 558 
2 157 174 
2 249 554 
2 25 220 
2 366 492 
2 552 594 
2 421 447 
2 286 627 
2 431 458 
2 94 435 
2 107 475 
2 123 427 
2 139 601 
2 243 531 
2 583 626 
2 185 648 
2 1 565 
2 230 327 
2 197 275 
2 476 593 
2 44 76 
2 341 374 
2 9 356 
2 187 396 
2 32 641 
2 79 612 
2 366 590 
2 22 106 
2 365 388 
2 394 502 
2 67 265 
2 69 108 
2 16 317 
2 114 516 
2 532 620 
2 202 314 
2 368 568 
2 80 616 
2 81 439 
2 13 350 
2 50 453 
2 448 533 
2 61 553 
2 117 436 
2 66 355 
2 171 410 
2 215 303 
2 40 422 
2 392 526 
2 300 496 
2 77 605 
2 125 339 
2 435 577 
2 226 607 
2 409 583 
2 88 111 
2 36 239 
2 213 229 
2 88 624 
2 179 285 
2 211 533 
2 432 615 
2 59 405 
2 506 553 
2 97 100 
2 231 562 
2 96 206 
2 116 444 
2 375 596 
2 431 607 
2 74 113 
2 57 319 
2 129 222 
2 74 289 
2 227 404 
2 14 456 
2 479 565 
2 250 354 
2 65 627 
2 23 121 
2 137 595 
2 154 420 
2 28 307 
2 247 250 
2 159 439 
2 390 501 
2 181 345 
2 312 385 
2 290 605 
2 363 568 
2 173 363 
2 89 513 
2 180 600 
2 139 509 
2 266 378 
2 357 358 
2 173 254 
2 296 440 
2 272 294 
2 513 549 
2 86 304 
2 1 501 
2 207 582 
2 118 426 
2 62 408 
2 563 639 
2 49 289 
2 336 522 
2 27 510 
2 218 400 
2 112 362 
2 543 606 
2 95 574 
2 418 523 
2 208 519 
2 93 489 
2 561 566 
2 46 355 
2 75 599 
2 460 635 
2 5 296 
2 160 394 
2 353 498 
2 12 134 
2 316 632 
2 122 398 
2 297 389 
2 507 633 
2 119 291 
2 449 523 
2 393 442 
2 411 551 
2 377 618 
2 481 592 
2 419 613 
2 511 552 
2 342 511 
2 330 504 
2 142 588 
2 24 224 
2 372 574 
2 322 643 
2 313 415 
2 399 517 
2 461 563 
2 222 223 
2 217 252 
2 103 410 
2 83 598 
2 49 550 
2 11 381 
2 48 402 
2 349 491 
2 274 433 
2 72 315 
2 141 460 
2 236 529 
2 102 556 
2 220 371 
2 223 279 
2 263 629 
2 43 469 
2 53 98 
2 276 337 
2 329 468 
2 421 484 
2 170 508 
2 277 320 
2 45 311 
2 34 238 
2 254 483 
2 306 352 
2 365 648 
2 76 253 
2 168 398 
2 137 503 
2 101 335 
2 127 497 
2 169 597 
2 274 464 
2 309 596 
2 64 397 
2 199 248 
2 118 149 
2 242 581 
2 161 308 
2 224 456 
2 155 604 
2 343 454 
2 3 472 
2 182 276 
2 30 507 
2 387 423 
2 10 412 
2 613 634 
2 477 538 
2 234 447 
2 52 487 
2 500 515 
2 146 524 
2 432 567 
2 195 429 
2 115 131 
2 108 587 
2 457 624 
2 60 539 
2 98 130 
2 268 278 
2 174 287 
2 30 463 
2 255 572 
2 344 538 
2 21 212 
2 148 401 
2 221 490 
2 126 438 
2 176 433 
2 491 509 
2 32 138 
2 66 465 
2 41 534 
2 256 383 
2 94 482 
2 420 485 
2 70 272 
2 87 144 
2 107 578 
2 53 77 
2 237 317 
2 445 623 
2 235 390 
2 21 586 
2 18 466 
2 353 369 
2 147 297 
2 58 443 
2 405 619 
2 92 641 
2 39 331 
2 395 459 
2 104 434 
2 361 485 
2 33 376 
2 403 404 
2 26 589 
2 359 367 
2 167 257 
2 240 466 
2 301 558 
2 411 602 
2 145 239 
2 382 571 
2 38 522 
2 167 570 
2 375 520 
2 381 397 
2 56 467 
2 6 530 
2 316 569 
2 75 101 
2 26 85 
2 262 424 
2 210 525 
2 105 281 
2 177 302 
2 309 328 
2 29 488 
2 229 246 
2 96 608 
2 36 48 
2 463 479 
2 188 473 
2 117 630 
2 84 560 
2 61 177 
2 379 544 
2 217 543 
2 19 212 
2 237 636 
2 584 621 
2 104 640 
2 110 367 
2 219 417 
2 399 564 
2 273 403 
2 310 331 
2 261 270 
2 24 193 
2 425 590 
2 62 176 
2 268 516 
2 23 105 
2 178 541 
2 158 384 
2 43 333 
2 373 412 
2 551 633 
2 284 344 
2 204 384 
2 194 468 
2 304 357 
2 264 526 
2 521 646 
2 56 519 
2 200 478 
2 44 235 
2 380 408 
2 113 140 
2 34 615 
2 244 320 
2 0 494 
2 146 253 
2 78 153 
2 111 452 
2 370 635 
2 282 322 
2 547 649 
2 42 600 
2 135 499 
2 209 471 
2 257 406 
2 512 609 
2 294 556 
2 6 618 
2 39 401 
2 181 287 
2 273 621 
2 136 348 
2 336 448 
2 71 446 
2 196 416 
2 51 386 
2 360 585 
2 169 280 
2 517 637 
2 124 266 
2 112 455 
2 318 356 
2 37 379 
2 321 337 
2 241 536 
2 228 589 
2 129 644 
2 45 231 
2 103 293 
2 402 462 
2 258 630 
2 329 576 
2 259 305 
2 31 261 
2 400 591 
2 68 504 
2 302 638 
2 547 594 
2 83 628 
2 109 497 
2 326 472 
2 71 163 
2 282 631 
2 275 346 
2 121 622 
2 154 428 
2 540 614 
2 16 626 
2 166 392 
2 395 564 
2 5 462 
2 387 582 
2 198 546 
2 188 602 
2 82 620 
2 201 373 
2 132 548 
2 292 505 
2 91 95 
2 31 409 
2 87 610 
2 65 90 
2 133 570 
2 20 99 
2 283 440 
2 150 584 
650 650
2 173 395 
2 55 191 
2 396 484 
2 83 361 
2 20 385 
2 162 346 
2 115 150 
2 326 404 
2 146 586 
2 288 457 
2 540 635 
2 29 267 
2 193 600 
2 356 417 
2 269 398 
2 274 514 
2 465 509 
2 279 429 
2 199 263 
2 240 241 
2 4 93 
2 260 431 
2 390 397 
2 342 386 
2 143 534 
2 518 556 
2 419 549 
2 379 459 
2 160 388 
2 11 452 
2 96 208 
2 239 486 
2 218 542 
2 104 156 
2 137 547 
2 639 642 
2 442 592 
2 309 361 
2 50 135 
2 103 461 
2 49 286 
2 398 502 
2 151 229 
2 137 554 
2 208 649 
2 283 466 
2 280 336 
2 254 304 
2 580 640 
2 40 354 
2 38 63 
2 207 471 
2 117 434 
2 165 371 
2 242 638 
2 1 382 
2 80 410 
2 205 602 
2 106 439 
2 144 427 
2 63 319 
2 66 537 
2 114 170 
2 50 60 
2 86 332 
2 254 514 
2 61 282 
2 368 527 
2 462 568 
2 453 498 
2 439 544 
2 94 620 
2 215 620 
2 187 503 
2 615 637 
2 125 528 
2 369 383 
2 249 419 
2 356 532 
2 194 469 
2 56 213 
2 166 536 
2 190 399 
2 3 216 
2 273 520 
2 88 341 
2 64 142 
2 436 529 
2 85 593 
2 148 447 
2 179 235 
2 326 594 
2 164 427 
2 20 96 
2 71 603 
2 422 512 
2 30 93 
2 101 277 
2 528 598 
2 454 541 
2 153 362 
2 97 163 
2 591 618 
2 39 232 
2 33 545 
2 272 308 
2 58 278 
2 357 565 
2 264 334 
2 344 616 
2 350 492 
2 256 355 
2 138 470 
2 151 315 
2 62 595 
2 6 127 
2 118 374 
2 52 321 
2 116 579 
2 358 473 
2 164 605 
2 138 599 
2 167 471 
2 242 289 
2 225 343 
2 75 346 
2 297 382 
2 115 178 
2 188 393 
2 213 535 
2 319 444 
2 351 627 
2 236 372 
2 318 521 
2 436 647 
2 38 495 
2 158 387 
2 34 43 
2 112 121 
2 214 557 
2 372 384 
2 149 626 
2 86 630 
2 24 511 
2 59 239 
2 597 649 
2 8 585 
2 232 465 
2 89 584 
2 141 305 
2 6 503 
2 42 113 
2 244 493 
2 100 565 
2 198 253 
2 466 534 
2 33 636 
2 296 525 
2 136 609 
2 266 554 
2 28 533 
2 258 517 
2 5 263 
2 101 341 
2 92 120 
2 53 430 
2 81 583 
2 122 387 
2 364 395 
2 365 421 
2 62 180 
2 211 482 
2 352 505 
2 0 226 
2 399 478 
2 458 464 
2 202 492 
2 445 633 
2 127 298 
2 90 237 
2 170 449 
2 453 515 
2 318 445 
2 472 638 
2 370 553 
2 559 583 
2 227 574 
2 73 420 
2 128 359 
2 275 463 
2 82 373 
2 1 423 
2 416 529 
2 12 425 
2 79 455 
2 504 515 
2 360 402 
2 340 367 
2 154 521 
2 18 203 
2 373 602 
2 284 579 
2 176 603 
2 199 631 
2 311 508 
2 57 304 
2 270 504 
2 51 571 
2 30 44 
2 251 333 
2 230 607 
2 171 246 
2 587 634 
2 80 129 
2 139 281 
2 72 243 
2 83 578 
2 558 610 
2 32 629 
2 307 416 
2 317 589 
2 410 632 
2 264 300 
2 613 632 
2 306 624 
2 124 423 
2 173 362 
2 186 524 
2 252 435 
2 42 235 
2 210 483 
2 614 618 
2 103 147 
2 475 505 
2 313 630 
2 90 229 
2 132 555 
2 179 321 
2 299 437 
2 31 144 
2 19 555 
2 19 482 
2 54 123 
2 215 323 
2 152 368 
2 344 574 
2 211 573 
2 296 628 
2 276 566 
2 77 467 
2 392 552 
2 209 438 
2 228 477 
2 154 627 
2 47 65 
2 349 468 
2 111 342 
2 348 645 
2 161 585 
2 383 532 
2 21 301 
2 316 354 
2 301 392 
2 18 162 
2 108 222 
2 289 336 
2 159 611 
2 11 637 
2 358 414 
2 14 557 
2 206 591 
2 549 566 
2 105 499 
2 84 589 
2 15 564 
2 189 413 
2 248 643 
2 97 582 
2 106 513 
2 17 495 
2 46 609 
2 214 510 
2 66 548 
2 45 443 
2 201 393 
2 340 485 
2 40 547 
2 413 437 
2 9 343 
2 123 265 
2 328 389 
2 575 625 
2 337 432 
2 339 595 
2 298 615 
2 325 391 
2 157 247 
2 126 648 
2 178 294 
2 238 519 
2 222 455 
2 260 262 
2 380 460 
2 506 516 
2 47 205 
2 149 560 
2 224 335 
2 219 605 
2 105 464 
2 37 456 
2 600 629 
2 204 563 
2 350 512 
2 234 568 
2 330 457 
2 113 388 
2 261 352 
2 220 606 
2 133 182 
2 60 130 
2 441 599 
2 117 237 
2 489 643 
2 243 426 
2 405 456 
2 295 334 
2 7 91 
2 390 483 
2 290 546 
2 366 588 
2 314 403 
2 389 601 
2 64 476 
2 209 376 
2 108 325 
2 306 551 
2 46 265 
2 292 608 
2 396 438 
2 293 469 
2 197 285 
2 85 163 
2 23 256 
2 124 288 
2 109 245 
2 446 596 
2 5 125 
2 430 460 
2 257 488 
2 255 606 
2 110 312 
2 131 450 
2 172 316 
2 411 578 
2 49 261 
2 111 406 
2 13 78 
2 107 635 
2 119 268 
2 188 527 
2 196 513 
2 3 37 
2 100 226 
2 417 604 
2 168 452 
2 169 500 
2 329 522 
2 197 507 
2 67 244 
2 76 475 
2 184 449 
2 53 409 
2 132 140 
2 190 200 
2 116 611 
2 377 384 
2 333 458 
2 375 400 
2 401 499 
2 27 443 
2 302 415 
2 533 644 
2 55 126 
2 76 259 
2 140 375 
2 4 569 
2 23 543 
2 136 167 
2 28 315 
2 290 331 
2 22 327 
2 295 544 
2 250 262 
2 128 284 
2 575 633 
2 0 168 
2 2 338 
2 22 472 
2 14 41 
2 82 174 
2 377 408 
2 378 581 
2 196 572 
2 330 411 
2 7 612 
2 324 612 
2 355 636 
2 494 613 
2 400 526 
2 371 548 
2 56 221 
2 353 403 
2 440 454 
2 275 287 
2 268 486 
2 380 435 
2 192 219 
2 13 363 
2 623 641 
2 26 77 
2 187 563 
2 169 491 
2 95 522 
2 191 225 
2 477 619 
2 193 551 
2 323 531 
2 59 92 
2 608 646 
2 17 497 
2 165 347 
2 21 433 
2 292 550 
2 431 518 
2 52 470 
2 228 415 
2 87 134 
2 238 287 
2 251 338 
2 58 70 
2 412 530 
2 320 634 
2 36 493 
2 283 379 
2 130 550 
2 177 182 
2 345 462 
2 89 625 
2 596 628 
2 180 370 
2 351 646 
2 463 571 
2 29 364 
2 69 181 
2 99 412 
2 194 300 
2 309 324 
2 9 314 
2 175 376 
2 27 484 
2 302 347 
2 39 622 
2 68 446 
2 189 451 
2 175 308 
2 16 147 
2 45 155 
2 249 570 
2 255 541 
2 79 339 
2 112 434 
2 51 122 
2 183 397 
2 119 639 
2 562 597 
2 233 369 
2 332 526 
2 252 424 
2 174 519 
2 531 588 
2 545 647 
2 572 621 
2 171 241 
2 230 327 
2 2 459 
2 285 626 
2 31 414 
2 536 576 
2 348 617 
2 322 496 
2 567 610 
2 421 598 
2 110 176 
2 152 442 
2 407 543 
2 135 279 
2 489 542 
2 429 501 
2 69 520 
2 272 378 
2 365 619 
2 497 553 
2 41 576 
2 73 150 
2 195 206 
2 172 233 
2 303 648 
2 367 537 
2 204 587 
2 16 538 
2 281 590 
2 143 601 
2 95 312 
2 278 360 
2 15 65 
2 181 195 
2 303 641 
2 161 524 
2 25 433 
2 299 478 
2 84 498 
2 133 198 
2 366 422 
2 567 581 
2 227 517 
2 157 560 
2 408 476 
2 67 359 
2 75 98 
2 87 192 
2 440 546 
2 426 479 
2 78 259 
2 160 381 
2 24 155 
2 129 562 
2 81 487 
2 61 507 
2 509 539 
2 538 573 
2 10 561 
2 99 468 
2 32 496 
2 386 494 
2 70 391 
2 104 480 
2 328 530 
2 34 286 
2 282 409 
2 26 271 
2 432 444 
2 335 425 
2 250 592 
2 184 501 
2 43 159 
2 236 240 
2 25 640 
2 139 269 
2 217 559 
2 185 558 
2 305 525 
2 540 564 
2 474 535 
2 311 420 
2 274 561 
2 107 153 
2 248 271 
2 490 523 
2 68 313 
2 385 607 
2 467 624 
2 207 451 
2 402 481 
2 246 539 
2 186 245 
2 291 394 
2 487 502 
2 604 621 
2 216 353 
2 118 201 
2 48 582 
2 401 523 
2 277 580 
2 166 185 
2 148 631 
2 146 258 
2 8 622 
2 212 508 
2 329 479 
2 220 273 
2 510 614 
2 102 270 
2 36 552 
2 88 644 
2 91 617 
2 114 293 
2 345 448 
2 145 474 
2 98 491 
2 121 320 
2 12 310 
2 331 511 
2 57 200 
2 94 202 
2 363 577 
2 120 307 
2 317 349 
2 210 569 
2 337 428 
2 158 280 
2 217 490 
2 266 374 
2 404 405 
2 223 407 
2 231 590 
2 74 294 
2 109 642 
2 488 594 
2 102 231 
2 424 500 
2 71 72 
2 481 577 
2 461 586 
2 418 645 
2 224 570 
2 291 447 
2 141 485 
2 131 253 
2 247 448 
2 218 310 
2 142 234 
2 203 584 
2 221 223 
2 177 394 
2 212 441 
2 10 357 
2 156 406 
2 74 267 
2 54 183 
2 35 473 
2 48 556 
2 418 516 
2 35 616 
2 276 322 
2 381 593 
2 257 623 
2 428 450 
2 134 480 
2 297 506 
2 44 145 
