700 700
2 128 620 
2 109 561 
2 38 177 
2 36 630 
2 238 467 
2 220 562 
2 99 592 
2 353 691 
2 454 473 
2 66 606 
2 104 610 
2 119 547 
2 70 252 
2 228 445 
2 205 367 
2 269 411 
2 364 506 
2 334 592 
2 254 483 
2 77 495 
2 186 190 
2 314 373 
2 109 427 
2 372 461 
2 365 471 
2 73 124 
2 505 644 
2 75 669 
2 465 545 
2 39 428 
2 544 619 
2 389 549 
2 191 329 
2 100 188 
2 468 614 
2 272 572 
2 3 223 
2 521 608 
2 2 519 
2 29 377 
2 354 601 
2 53 475 
2 197 481 
2 235 679 
2 517 613 
2 425 615 
2 118 184 
2 224 407 
2 208 681 
2 417 545 
2 370 458 
2 444 558 
2 138 291 
2 41 180 
2 106 202 
2 241 384 
2 150 321 
2 403 630 
2 160 350 
2 120 290 
2 276 603 
2 428 477 
2 248 588 
2 303 445 
2 546 670 
2 441 527 
2 9 582 
2 418 632 
2 230 333 
2 387 518 
2 12 238 
2 114 569 
2 78 446 
2 25 403 
2 209 416 
2 27 535 
2 380 425 
2 19 675 
2 72 479 
2 135 219 
2 431 590 
2 108 170 
2 318 330 
2 108 232 
2 352 374 
2 273 574 
2 193 304 
2 164 596 
2 396 515 
2 323 480 
2 402 664 
2 187 609 
2 250 307 
2 239 406 
2 156 185 
2 493 641 
2 295 699 
2 520 683 
2 520 566 
2 6 657 
2 33 277 
2 398 496 
2 349 669 
2 169 681 
2 10 182 
2 380 624 
2 54 411 
2 113 654 
2 81 83 
2 1 22 
2 331 618 
2 310 327 
2 126 570 
2 107 163 
2 71 405 
2 442 602 
2 369 440 
2 274 433 
2 46 275 
2 11 191 
2 59 417 
2 181 215 
2 279 423 
2 187 642 
2 25 464 
2 385 575 
2 112 317 
2 237 273 
2 0 631 
2 142 488 
2 484 524 
2 440 634 
2 217 239 
2 525 575 
2 261 510 
2 79 415 
2 233 235 
2 218 677 
2 52 547 
2 429 651 
2 207 344 
2 179 367 
2 129 227 
2 356 625 
2 280 612 
2 452 453 
2 357 581 
2 277 583 
2 159 282 
2 249 497 
2 56 648 
2 503 686 
2 326 466 
2 276 648 
2 173 309 
2 225 382 
2 94 455 
2 438 544 
2 195 430 
2 148 436 
2 58 331 
2 178 259 
2 313 598 
2 113 203 
2 87 639 
2 213 456 
2 330 347 
2 478 617 
2 623 657 
2 103 487 
2 81 270 
2 220 233 
2 379 539 
2 154 392 
2 338 636 
2 376 684 
2 279 698 
2 2 685 
2 161 322 
2 141 243 
2 53 372 
2 121 543 
2 104 420 
2 439 607 
2 46 435 
2 94 338 
2 20 246 
2 91 123 
2 33 486 
2 390 497 
2 20 502 
2 32 119 
2 525 671 
2 86 218 
2 530 698 
2 158 298 
2 601 649 
2 42 553 
2 438 594 
2 502 694 
2 415 537 
2 329 514 
2 54 489 
2 163 255 
2 446 617 
2 14 529 
2 328 688 
2 140 626 
2 48 499 
2 74 553 
2 513 616 
2 258 324 
2 271 384 
2 165 638 
2 474 550 
2 121 228 
2 244 501 
2 132 355 
2 137 193 
2 79 404 
2 5 171 
2 297 597 
2 509 680 
2 36 552 
2 47 495 
2 155 557 
2 286 335 
2 142 437 
2 13 215 
2 292 486 
2 68 247 
2 388 629 
2 83 610 
2 136 171 
2 432 672 
2 43 136 
2 285 471 
2 127 522 
2 4 70 
2 93 132 
2 373 410 
2 55 302 
2 299 341 
2 179 447 
2 216 551 
2 510 579 
2 186 363 
2 230 258 
2 62 430 
2 149 451 
2 92 528 
2 636 683 
2 12 665 
2 434 526 
2 18 274 
2 203 673 
2 343 448 
2 434 518 
2 211 247 
2 161 696 
2 272 643 
2 134 308 
2 337 452 
2 476 521 
2 348 596 
2 408 580 
2 268 293 
2 322 542 
2 266 548 
2 15 499 
2 170 660 
2 212 315 
2 35 260 
2 85 127 
2 117 254 
2 118 650 
2 60 153 
2 100 147 
2 466 633 
2 122 176 
2 144 312 
2 473 482 
2 148 594 
2 296 644 
2 426 604 
2 236 458 
2 226 640 
2 492 699 
2 296 639 
2 429 557 
2 59 493 
2 52 677 
2 229 509 
2 266 619 
2 449 564 
2 96 414 
2 283 288 
2 221 668 
2 195 345 
2 242 537 
2 368 690 
2 470 539 
2 241 693 
2 63 616 
2 86 472 
2 587 664 
2 341 637 
2 92 678 
2 261 424 
2 154 625 
2 111 325 
2 605 671 
2 280 355 
2 162 654 
2 21 508 
2 271 335 
2 323 504 
2 126 469 
2 82 674 
2 465 689 
2 449 559 
2 56 635 
2 178 267 
2 89 316 
2 211 404 
2 310 362 
2 152 661 
2 111 416 
2 206 584 
2 32 201 
2 82 166 
2 110 160 
2 489 614 
2 68 645 
2 17 387 
2 226 315 
2 359 451 
2 262 507 
2 174 185 
2 573 576 
2 439 485 
2 242 306 
2 541 565 
2 256 599 
2 140 356 
2 298 418 
2 534 608 
2 166 615 
2 264 505 
2 102 410 
2 58 394 
2 667 684 
2 84 573 
2 7 421 
2 40 478 
2 217 312 
2 143 344 
2 146 498 
2 385 643 
2 336 361 
2 370 531 
2 359 667 
2 325 500 
2 246 463 
2 16 365 
2 24 364 
2 379 674 
2 14 141 
2 300 401 
2 116 393 
2 50 360 
2 491 513 
2 23 180 
2 21 240 
2 84 381 
2 433 447 
2 175 523 
2 39 556 
2 396 646 
2 172 366 
2 76 105 
2 374 656 
2 155 599 
2 392 443 
2 55 212 
2 125 358 
2 469 582 
2 69 334 
2 231 629 
2 31 612 
2 189 529 
2 517 697 
2 173 383 
2 369 613 
2 350 655 
2 533 696 
2 88 378 
2 408 600 
2 101 472 
2 581 656 
2 462 635 
2 368 605 
2 90 682 
2 57 73 
2 219 324 
2 114 527 
2 93 421 
2 47 658 
2 265 397 
2 540 650 
2 240 349 
2 15 106 
2 482 620 
2 484 631 
2 295 660 
2 135 200 
2 74 327 
2 49 120 
2 67 345 
2 567 609 
2 182 602 
2 353 406 
2 568 571 
2 122 583 
2 308 540 
2 45 76 
2 284 459 
2 22 687 
2 29 61 
2 139 289 
2 158 248 
2 80 622 
2 234 676 
2 117 375 
2 253 257 
2 184 590 
2 159 572 
2 227 464 
2 157 198 
2 183 340 
2 116 131 
2 65 494 
2 115 483 
2 383 666 
2 51 563 
2 13 63 
2 72 204 
2 243 375 
2 256 463 
2 294 320 
2 476 593 
2 249 336 
2 145 262 
2 145 459 
2 8 503 
2 156 565 
2 165 595 
2 624 695 
2 50 285 
2 426 453 
2 627 697 
2 23 662 
2 400 508 
2 363 448 
2 124 437 
2 28 319 
2 152 278 
2 4 651 
2 34 586 
2 317 386 
2 301 598 
2 24 236 
2 304 398 
2 8 281 
2 214 530 
2 41 680 
2 263 450 
2 61 580 
2 167 354 
2 78 511 
2 89 485 
2 42 622 
2 281 412 
2 18 442 
2 130 413 
2 340 480 
2 188 229 
2 169 538 
2 129 653 
2 202 332 
2 638 678 
2 371 665 
2 287 548 
2 95 290 
2 441 670 
2 19 224 
2 101 647 
2 149 189 
2 357 576 
2 208 269 
2 362 692 
2 216 673 
2 190 199 
2 151 454 
2 316 586 
2 26 348 
2 16 554 
2 337 628 
2 314 462 
2 222 292 
2 134 245 
2 479 666 
2 555 687 
2 210 371 
2 201 567 
2 88 578 
2 551 646 
2 44 391 
2 69 257 
2 38 693 
2 97 98 
2 37 263 
2 237 564 
2 376 536 
2 130 682 
2 133 192 
2 253 589 
2 65 405 
2 250 559 
2 205 390 
2 194 474 
2 360 542 
2 552 577 
2 395 535 
2 346 695 
2 75 533 
2 523 658 
2 200 299 
2 487 562 
2 172 301 
2 409 424 
2 342 663 
2 267 531 
2 181 652 
2 30 157 
2 28 49 
2 64 640 
2 11 138 
2 268 492 
2 31 618 
2 214 560 
2 244 516 
2 223 532 
2 197 209 
2 506 623 
2 512 571 
2 377 690 
2 225 289 
2 51 621 
2 320 528 
2 550 603 
2 1 627 
2 5 538 
2 444 607 
2 294 522 
2 342 455 
2 98 600 
2 419 514 
2 422 672 
2 71 606 
2 112 604 
2 422 555 
2 35 436 
2 339 352 
2 85 585 
2 125 133 
2 339 498 
2 532 662 
2 515 653 
2 245 585 
2 265 477 
2 146 399 
2 66 386 
2 147 423 
2 328 692 
2 574 579 
2 468 504 
2 305 659 
2 62 637 
2 526 591 
2 80 435 
2 589 634 
2 6 17 
2 450 659 
2 198 282 
2 456 611 
2 87 264 
2 221 642 
2 162 470 
2 343 382 
2 397 566 
2 40 196 
2 115 420 
2 60 560 
2 284 570 
2 311 401 
2 9 569 
2 183 563 
2 37 346 
2 91 419 
2 10 232 
2 595 663 
2 144 389 
2 44 393 
2 34 332 
2 45 347 
2 210 303 
2 167 204 
2 110 549 
2 30 293 
2 0 412 
2 558 652 
2 431 481 
2 168 554 
2 105 457 
2 143 309 
2 207 668 
2 460 561 
2 507 689 
2 231 388 
2 3 57 
2 128 413 
2 67 647 
2 278 655 
2 131 591 
2 321 400 
2 174 251 
2 306 588 
2 213 490 
2 164 288 
2 286 546 
2 95 676 
2 123 597 
2 260 358 
2 26 283 
2 333 685 
2 378 516 
2 496 632 
2 150 153 
2 196 675 
2 275 409 
2 139 467 
2 543 621 
2 488 578 
2 107 313 
2 394 633 
2 381 399 
2 99 168 
2 407 536 
2 587 593 
2 270 414 
2 326 694 
2 461 577 
2 541 611 
2 90 305 
2 252 491 
2 443 511 
2 351 361 
2 297 626 
2 27 102 
2 64 494 
2 192 311 
2 234 568 
2 255 501 
2 318 366 
2 77 649 
2 432 641 
2 137 291 
2 307 490 
2 43 691 
2 222 475 
2 48 103 
2 402 524 
2 97 251 
2 175 351 
2 177 645 
2 151 688 
2 427 512 
2 206 686 
2 319 628 
2 300 556 
2 7 679 
2 500 584 
2 302 519 
2 199 661 
2 457 534 
2 259 395 
2 391 460 
2 176 194 
2 96 287 
700 700
2 138 637 
2 32 388 
2 562 621 
2 182 472 
2 154 471 
2 60 582 
2 65 476 
2 10 514 
2 115 259 
2 437 440 
2 7 697 
2 241 551 
2 37 604 
2 21 463 
2 99 352 
2 523 584 
2 389 642 
2 56 660 
2 229 680 
2 43 175 
2 219 248 
2 13 158 
2 30 641 
2 145 454 
2 404 567 
2 64 279 
2 444 642 
2 157 699 
2 62 181 
2 474 512 
2 22 305 
2 541 634 
2 1 426 
2 409 569 
2 315 508 
2 417 512 
2 79 553 
2 12 156 
2 383 425 
2 199 298 
2 282 662 
2 206 429 
2 167 616 
2 19 82 
2 532 536 
2 313 384 
2 56 455 
2 268 502 
2 617 673 
2 213 603 
2 614 635 
2 125 233 
2 329 546 
2 127 418 
2 307 629 
2 70 635 
2 17 46 
2 273 695 
2 381 519 
2 266 602 
2 5 687 
2 460 539 
2 28 260 
2 296 356 
2 25 83 
2 6 208 
2 149 644 
2 174 693 
2 231 557 
2 90 680 
2 55 218 
2 624 627 
2 163 254 
2 435 608 
2 175 597 
2 406 646 
2 109 670 
2 192 480 
2 489 697 
2 36 346 
2 545 678 
2 269 368 
2 43 457 
2 64 611 
2 146 677 
2 360 474 
2 652 674 
2 567 639 
2 101 613 
2 356 616 
2 69 625 
2 398 679 
2 334 639 
2 157 686 
2 386 419 
2 396 636 
2 280 519 
2 164 254 
2 104 253 
2 14 257 
2 256 460 
2 88 204 
2 140 598 
2 152 475 
2 98 376 
2 505 611 
2 586 693 
2 216 584 
2 127 588 
2 76 264 
2 131 151 
2 114 571 
2 216 232 
2 124 473 
2 111 465 
2 8 668 
2 462 655 
2 408 645 
2 342 683 
2 495 498 
2 431 610 
2 303 370 
2 251 303 
2 169 496 
2 113 212 
2 51 457 
2 422 433 
2 53 108 
2 505 686 
2 268 699 
2 604 607 
2 110 561 
2 242 501 
2 222 622 
2 391 451 
2 520 555 
2 417 477 
2 337 695 
2 0 588 
2 659 684 
2 102 285 
2 159 252 
2 351 405 
2 243 672 
2 167 406 
2 23 223 
2 84 521 
2 437 445 
2 344 467 
2 66 393 
2 252 589 
2 110 596 
2 103 576 
2 265 494 
2 4 329 
2 196 537 
2 37 166 
2 27 93 
2 21 603 
2 141 673 
2 224 338 
2 365 482 
2 344 536 
2 72 184 
2 97 627 
2 270 556 
2 156 537 
2 42 144 
2 508 509 
2 123 222 
2 355 470 
2 230 698 
2 400 464 
2 560 658 
2 67 544 
2 19 74 
2 241 280 
2 262 518 
2 207 612 
2 206 554 
2 308 462 
2 28 485 
2 3 347 
2 203 631 
2 163 643 
2 410 574 
2 262 572 
2 246 581 
2 364 613 
2 258 549 
2 340 434 
2 428 559 
2 77 376 
2 313 481 
2 270 385 
2 242 529 
2 155 685 
2 295 414 
2 229 399 
2 39 649 
2 448 650 
2 420 595 
2 577 698 
2 183 334 
2 101 261 
2 372 633 
2 41 179 
2 178 387 
2 65 654 
2 434 484 
2 420 503 
2 421 548 
2 124 319 
2 49 397 
2 250 615 
2 542 598 
2 107 112 
2 524 601 
2 70 352 
2 20 509 
2 350 435 
2 525 608 
2 133 169 
2 145 367 
2 160 353 
2 293 664 
2 315 421 
2 293 653 
2 286 548 
2 18 198 
2 171 468 
2 68 234 
2 112 292 
2 51 349 
2 231 594 
2 390 530 
2 238 585 
2 533 552 
2 236 362 
2 331 400 
2 278 490 
2 11 176 
2 132 195 
2 143 436 
2 306 492 
2 336 431 
2 187 314 
2 363 430 
2 20 277 
2 497 662 
2 214 347 
2 122 413 
2 141 150 
2 98 582 
2 72 97 
2 290 601 
2 100 416 
2 99 366 
2 189 459 
2 8 414 
2 62 573 
2 204 678 
2 177 186 
2 360 656 
2 109 599 
2 153 690 
2 59 444 
2 279 351 
2 47 129 
2 81 325 
2 165 194 
2 357 396 
2 322 427 
2 57 361 
2 354 684 
2 371 640 
2 341 373 
2 248 514 
2 240 450 
2 25 267 
2 96 176 
2 350 669 
2 40 339 
2 464 530 
2 380 496 
2 140 675 
2 228 534 
2 307 526 
2 343 563 
2 318 626 
2 255 317 
2 379 559 
2 232 661 
2 225 227 
2 564 596 
2 197 380 
2 63 401 
2 326 615 
2 39 409 
2 393 666 
2 452 594 
2 378 415 
2 413 600 
2 121 122 
2 324 456 
2 30 624 
2 244 467 
2 54 287 
2 180 412 
2 332 338 
2 476 682 
2 561 646 
2 654 687 
2 45 193 
2 246 600 
2 34 226 
2 504 521 
2 290 665 
2 289 553 
2 212 327 
2 326 327 
2 410 517 
2 272 609 
2 428 623 
2 304 411 
2 269 484 
2 297 320 
2 319 320 
2 438 499 
2 52 154 
2 374 408 
2 239 424 
2 309 432 
2 602 677 
2 92 203 
2 422 550 
2 245 586 
2 137 667 
2 160 309 
2 282 425 
2 190 478 
2 276 475 
2 118 580 
2 288 473 
2 148 162 
2 363 513 
2 79 443 
2 182 250 
2 436 591 
2 233 528 
2 220 281 
2 142 267 
2 14 218 
2 224 454 
2 274 479 
2 170 523 
2 63 89 
2 271 640 
2 477 513 
2 465 518 
2 85 263 
2 273 623 
2 238 479 
2 247 345 
2 188 527 
2 161 689 
2 257 426 
2 223 539 
2 81 402 
2 486 491 
2 121 382 
2 275 447 
2 205 463 
2 276 516 
2 330 650 
2 449 618 
2 104 192 
2 448 573 
2 301 389 
2 291 630 
2 284 295 
2 58 638 
2 370 383 
2 38 382 
2 45 439 
2 194 591 
2 94 565 
2 207 674 
2 1 427 
2 16 378 
2 235 691 
2 134 563 
2 522 533 
2 149 299 
2 520 655 
2 497 621 
2 95 271 
2 213 524 
2 91 574 
2 198 471 
2 172 239 
2 296 636 
2 368 483 
2 483 587 
2 24 575 
2 142 547 
2 75 144 
2 423 461 
2 117 330 
2 33 298 
2 185 321 
2 324 445 
2 308 579 
2 251 302 
2 197 259 
2 301 610 
2 256 429 
2 35 136 
2 53 679 
2 94 612 
2 201 210 
2 211 226 
2 126 335 
2 407 532 
2 331 540 
2 38 339 
2 32 366 
2 272 388 
2 191 323 
2 41 416 
2 247 565 
2 120 245 
2 332 438 
2 126 622 
2 190 209 
2 73 220 
2 243 348 
2 9 147 
2 328 432 
2 384 535 
2 9 638 
2 489 663 
2 581 595 
2 346 590 
2 26 266 
2 147 411 
2 490 587 
2 371 542 
2 200 377 
2 375 585 
2 278 656 
2 134 495 
2 300 470 
2 589 632 
2 23 353 
2 46 634 
2 304 681 
2 82 125 
2 526 529 
2 258 507 
2 61 100 
2 407 534 
2 116 180 
2 13 372 
2 172 283 
2 114 359 
2 558 696 
2 148 306 
2 230 547 
2 486 580 
2 170 452 
2 4 399 
2 3 511 
2 113 343 
2 29 85 
2 103 341 
2 6 310 
2 136 358 
2 340 571 
2 354 362 
2 77 544 
2 193 501 
2 161 663 
2 402 403 
2 209 325 
2 181 607 
2 369 469 
2 645 671 
2 551 592 
2 78 441 
2 240 446 
2 369 644 
2 244 688 
2 568 672 
2 153 653 
2 119 451 
2 123 284 
2 249 395 
2 119 528 
2 328 566 
2 564 649 
2 132 481 
2 47 606 
2 210 506 
2 316 590 
2 105 128 
2 503 568 
2 459 664 
2 34 168 
2 168 219 
2 535 647 
2 472 675 
2 29 35 
2 345 358 
2 7 277 
2 690 694 
2 373 531 
2 321 658 
2 177 359 
2 58 96 
2 135 394 
2 146 316 
2 392 620 
2 15 355 
2 217 397 
2 221 660 
2 287 458 
2 364 694 
2 349 498 
2 195 458 
2 235 283 
2 516 676 
2 44 423 
2 237 392 
2 286 461 
2 439 510 
2 44 162 
2 155 166 
2 557 593 
2 61 367 
2 424 670 
2 31 566 
2 215 447 
2 667 692 
2 174 480 
2 80 599 
2 52 685 
2 405 468 
2 211 228 
2 189 605 
2 335 569 
2 11 488 
2 237 657 
2 36 318 
2 179 689 
2 135 629 
2 165 628 
2 68 538 
2 466 669 
2 191 291 
2 173 652 
2 131 311 
2 2 597 
2 288 391 
2 294 500 
2 386 430 
2 499 541 
2 24 87 
2 493 506 
2 33 550 
2 617 668 
2 111 478 
2 186 641 
2 260 377 
2 185 398 
2 404 618 
2 152 688 
2 202 648 
2 605 643 
2 412 648 
2 342 469 
2 187 442 
2 5 253 
2 682 692 
2 15 107 
2 236 449 
2 106 336 
2 403 446 
2 108 138 
2 150 453 
2 443 504 
2 348 385 
2 488 630 
2 538 632 
2 234 300 
2 201 442 
2 151 294 
2 74 562 
2 102 215 
2 264 545 
2 302 314 
2 217 255 
2 59 333 
2 49 158 
2 12 130 
2 549 578 
2 502 651 
2 130 485 
2 73 221 
2 322 661 
2 120 415 
2 83 105 
2 178 419 
2 88 188 
2 50 683 
2 214 297 
2 42 89 
2 48 570 
2 375 575 
2 651 659 
2 522 657 
2 2 395 
2 133 433 
2 323 361 
2 71 305 
2 90 628 
2 289 681 
2 71 164 
2 556 625 
2 54 555 
2 379 592 
2 183 691 
2 453 593 
2 205 665 
2 31 455 
2 50 55 
2 95 401 
2 0 647 
2 381 440 
2 87 92 
2 275 357 
2 22 572 
2 16 26 
2 184 578 
2 66 491 
2 117 487 
2 75 311 
2 510 637 
2 577 579 
2 199 500 
2 200 374 
2 606 619 
2 86 560 
2 227 494 
2 208 312 
2 116 394 
2 263 450 
2 552 620 
2 173 517 
2 139 619 
2 17 525 
2 292 609 
2 40 249 
2 441 482 
2 225 507 
2 317 633 
2 299 676 
2 337 543 
2 115 570 
2 281 558 
2 76 540 
2 487 696 
2 143 493 
2 48 159 
2 86 387 
2 285 511 
2 531 666 
2 84 333 
2 80 261 
2 91 418 
2 18 69 
2 456 626 
2 310 583 
2 118 614 
2 139 274 
2 196 546 
2 93 128 
2 60 312 
2 492 576 
2 365 554 
2 265 515 
2 390 631 
2 543 583 
2 67 106 
2 515 527 
2 57 137 
2 466 671 
2 10 78 
2 171 202 
2 27 129 
