800 800
2 475 796 
2 20 207 
2 383 488 
2 287 541 
2 177 258 
2 267 689 
2 26 686 
2 140 247 
2 271 568 
2 624 732 
2 331 352 
2 601 784 
2 31 310 
2 318 689 
2 325 692 
2 165 750 
2 103 678 
2 112 670 
2 557 601 
2 370 677 
2 1 239 
2 28 607 
2 39 270 
2 174 735 
2 758 789 
2 550 716 
2 6 580 
2 208 302 
2 21 32 
2 520 536 
2 277 544 
2 12 466 
2 28 653 
2 91 276 
2 168 682 
2 311 644 
2 255 566 
2 464 505 
2 517 648 
2 22 214 
2 213 338 
2 357 561 
2 669 743 
2 471 564 
2 139 188 
2 118 220 
2 309 752 
2 355 459 
2 375 615 
2 138 671 
2 205 620 
2 338 760 
2 54 551 
2 769 794 
2 52 624 
2 104 628 
2 426 784 
2 384 792 
2 204 781 
2 571 691 
2 651 774 
2 407 693 
2 136 666 
2 530 723 
2 144 603 
2 80 194 
2 312 351 
2 361 426 
2 102 410 
2 97 188 
2 539 559 
2 339 541 
2 461 734 
2 285 356 
2 151 482 
2 336 766 
2 272 487 
2 487 649 
2 171 297 
2 192 623 
2 65 238 
2 555 574 
2 235 454 
2 328 346 
2 189 792 
2 224 304 
2 655 688 
2 632 739 
2 499 653 
2 662 692 
2 354 794 
2 33 641 
2 117 645 
2 139 572 
2 146 421 
2 129 755 
2 625 684 
2 69 756 
2 164 604 
2 316 758 
2 327 664 
2 122 566 
2 68 706 
2 16 463 
2 55 159 
2 258 656 
2 243 432 
2 654 746 
2 308 764 
2 157 309 
2 229 439 
2 636 735 
2 17 707 
2 498 560 
2 392 586 
2 474 796 
2 260 798 
2 92 514 
2 45 770 
2 221 286 
2 569 764 
2 158 654 
2 101 478 
2 278 509 
2 167 539 
2 324 614 
2 665 725 
2 196 364 
2 559 655 
2 95 734 
2 206 244 
2 356 729 
2 511 571 
2 200 202 
2 314 777 
2 558 715 
2 62 680 
2 647 672 
2 49 209 
2 44 93 
2 7 190 
2 311 457 
2 334 433 
2 205 577 
2 64 241 
2 317 470 
2 94 779 
2 354 490 
2 280 611 
2 366 678 
2 330 331 
2 74 744 
2 503 661 
2 475 648 
2 160 727 
2 216 417 
2 288 558 
2 109 249 
2 121 565 
2 104 686 
2 154 231 
2 273 296 
2 265 329 
2 239 687 
2 98 360 
2 15 668 
2 640 657 
2 124 462 
2 34 458 
2 365 400 
2 292 782 
2 78 606 
2 333 433 
2 329 412 
2 23 468 
2 397 676 
2 224 672 
2 4 567 
2 310 427 
2 250 489 
2 235 693 
2 345 563 
2 627 737 
2 609 627 
2 481 538 
2 347 452 
2 629 761 
2 592 733 
2 44 69 
2 84 467 
2 140 667 
2 279 646 
2 79 350 
2 621 643 
2 65 776 
2 202 614 
2 127 606 
2 242 502 
2 508 707 
2 204 495 
2 133 386 
2 207 443 
2 133 195 
2 210 445 
2 58 199 
2 50 143 
2 130 465 
2 1 201 
2 27 635 
2 138 542 
2 203 228 
2 636 765 
2 396 749 
2 40 605 
2 39 546 
2 297 481 
2 155 262 
2 306 439 
2 483 577 
2 222 585 
2 45 252 
2 119 445 
2 219 482 
2 519 590 
2 85 176 
2 248 396 
2 387 397 
2 610 756 
2 210 453 
2 110 498 
2 499 554 
2 160 374 
2 407 699 
2 440 671 
2 421 713 
2 82 180 
2 521 646 
2 294 369 
2 80 322 
2 20 163 
2 270 761 
2 144 602 
2 197 719 
2 106 696 
2 130 658 
2 415 660 
2 394 789 
2 7 479 
2 225 298 
2 157 399 
2 179 724 
2 476 704 
2 220 753 
2 721 747 
2 437 533 
2 36 358 
2 291 509 
2 334 711 
2 4 105 
2 488 524 
2 116 385 
2 364 706 
2 216 493 
2 731 780 
2 373 593 
2 162 416 
2 579 724 
2 5 656 
2 275 741 
2 540 743 
2 22 240 
2 8 620 
2 76 665 
2 161 436 
2 355 670 
2 268 405 
2 33 730 
2 30 631 
2 123 365 
2 191 535 
2 148 472 
2 368 575 
2 393 480 
2 424 685 
2 503 726 
2 73 787 
2 119 319 
2 3 378 
2 156 607 
2 349 409 
2 409 637 
2 256 525 
2 170 471 
2 308 366 
2 237 702 
2 520 727 
2 161 516 
2 78 215 
2 248 408 
2 373 447 
2 511 732 
2 621 725 
2 27 787 
2 372 414 
2 85 712 
2 529 785 
2 217 468 
2 470 553 
2 108 293 
2 46 109 
2 12 178 
2 35 141 
2 66 388 
2 459 657 
2 134 554 
2 318 746 
2 99 523 
2 145 472 
2 13 315 
2 286 581 
2 610 772 
2 660 751 
2 238 382 
2 434 697 
2 125 714 
2 14 551 
2 486 537 
2 100 522 
2 83 564 
2 162 173 
2 150 772 
2 10 150 
2 452 721 
2 172 534 
2 142 257 
2 593 752 
2 75 719 
2 353 401 
2 40 51 
2 71 679 
2 341 455 
2 340 591 
2 361 532 
2 405 490 
2 717 762 
2 181 379 
2 83 424 
2 185 359 
2 442 728 
2 289 599 
2 192 760 
2 66 709 
2 10 740 
2 337 582 
2 90 147 
2 47 274 
2 73 131 
2 41 380 
2 255 508 
2 347 367 
2 164 766 
2 67 342 
2 370 518 
2 438 615 
2 127 261 
2 169 278 
2 149 293 
2 359 556 
2 281 454 
2 237 493 
2 19 362 
2 537 663 
2 303 588 
2 264 299 
2 231 512 
2 48 638 
2 596 622 
2 469 741 
2 287 661 
2 345 524 
2 357 651 
2 587 780 
2 322 709 
2 2 435 
2 57 522 
2 260 644 
2 200 595 
2 226 626 
2 312 574 
2 410 589 
2 469 552 
2 527 579 
2 114 774 
2 282 461 
2 246 639 
2 560 778 
2 212 225 
2 175 226 
2 618 691 
2 249 776 
2 169 417 
2 337 779 
2 456 474 
2 676 685 
2 598 667 
2 275 343 
2 449 775 
2 61 232 
2 298 515 
2 289 290 
2 68 389 
2 529 609 
2 173 416 
2 649 765 
2 303 720 
2 245 444 
2 265 412 
2 155 400 
2 419 675 
2 418 723 
2 584 768 
2 94 234 
2 477 589 
2 583 594 
2 283 346 
2 683 698 
2 56 67 
2 178 510 
2 599 797 
2 740 799 
2 535 626 
2 444 484 
2 106 652 
2 142 172 
2 323 513 
2 383 580 
2 273 696 
2 254 736 
2 363 440 
2 110 217 
2 233 438 
2 455 590 
2 348 634 
2 201 728 
2 415 431 
2 203 221 
2 514 770 
2 299 548 
2 757 781 
2 406 563 
2 602 681 
2 705 798 
2 185 332 
2 228 698 
2 82 368 
2 340 441 
2 402 718 
2 141 738 
2 168 526 
2 47 313 
2 547 704 
2 72 393 
2 167 548 
2 103 578 
2 37 659 
2 206 750 
2 31 716 
2 189 710 
2 174 306 
2 377 390 
2 145 307 
2 43 292 
2 280 317 
2 497 528 
2 115 402 
2 0 153 
2 251 617 
2 422 540 
2 122 635 
2 247 647 
2 282 748 
2 184 215 
2 74 222 
2 218 523 
2 431 683 
2 521 702 
2 326 588 
2 76 77 
2 2 259 
2 179 700 
2 147 343 
2 687 720 
2 617 747 
2 262 369 
2 633 679 
2 199 546 
2 625 795 
2 473 519 
2 113 229 
2 88 230 
2 612 674 
2 699 782 
2 197 768 
2 152 284 
2 545 570 
2 37 545 
2 594 597 
2 586 663 
2 198 358 
2 123 256 
2 427 697 
2 132 300 
2 374 598 
2 434 583 
2 117 446 
2 408 769 
2 296 731 
2 38 630 
2 362 623 
2 223 497 
2 29 295 
2 236 485 
2 327 384 
2 316 483 
2 259 379 
2 291 640 
2 458 549 
2 391 799 
2 473 629 
2 305 411 
2 63 556 
2 600 622 
2 342 668 
2 254 573 
2 333 749 
2 279 430 
2 29 755 
2 326 371 
2 184 726 
2 70 124 
2 269 477 
2 3 71 
2 209 757 
2 562 785 
2 30 565 
2 504 505 
2 214 495 
2 460 608 
2 447 462 
2 526 717 
2 25 694 
2 52 325 
2 390 718 
2 307 633 
2 230 314 
2 81 753 
2 367 530 
2 18 618 
2 135 156 
2 70 128 
2 113 395 
2 41 582 
2 543 700 
2 181 449 
2 43 328 
2 158 544 
2 36 101 
2 177 733 
2 8 729 
2 120 710 
2 504 773 
2 59 132 
2 93 616 
2 533 664 
2 81 388 
2 281 681 
2 628 703 
2 143 218 
2 463 742 
2 266 391 
2 26 435 
2 319 745 
2 353 561 
2 423 513 
2 420 585 
2 219 584 
2 114 507 
2 381 795 
2 372 486 
2 389 422 
2 223 441 
2 341 673 
2 187 690 
2 264 335 
2 423 506 
2 386 786 
2 376 684 
2 506 630 
2 404 512 
2 349 428 
2 531 673 
2 11 18 
2 241 450 
2 64 650 
2 98 763 
2 213 771 
2 171 196 
2 21 288 
2 547 754 
2 183 411 
2 227 320 
2 148 612 
2 500 611 
2 658 767 
2 125 195 
2 48 363 
2 572 778 
2 476 492 
2 398 557 
2 759 783 
2 50 271 
2 193 301 
2 376 531 
2 79 518 
2 9 54 
2 96 496 
2 387 430 
2 182 183 
2 55 576 
2 186 528 
2 517 597 
2 277 762 
2 87 767 
2 494 553 
2 442 703 
2 208 478 
2 111 211 
2 290 788 
2 375 662 
2 394 751 
2 166 525 
2 91 793 
2 645 650 
2 193 775 
2 35 385 
2 92 642 
2 191 236 
2 137 479 
2 38 153 
2 77 413 
2 603 642 
2 60 380 
2 432 666 
2 32 88 
2 107 121 
2 86 128 
2 105 267 
2 166 313 
2 244 613 
2 464 788 
2 245 321 
2 152 378 
2 89 638 
2 371 507 
2 100 573 
2 126 272 
2 62 652 
2 190 404 
2 165 532 
2 42 690 
2 17 274 
2 49 233 
2 137 176 
2 591 600 
2 500 790 
2 418 754 
2 175 403 
2 19 786 
2 16 149 
2 339 494 
2 136 722 
2 450 575 
2 34 701 
2 425 484 
2 96 596 
2 283 403 
2 6 159 
2 163 491 
2 86 695 
2 5 13 
2 592 669 
2 59 398 
2 14 89 
2 61 180 
2 550 797 
2 688 791 
2 243 436 
2 323 510 
2 425 453 
2 232 501 
2 489 562 
2 682 773 
2 294 485 
2 576 634 
2 251 460 
2 451 745 
2 102 261 
2 112 198 
2 715 744 
2 351 382 
2 467 569 
2 257 742 
2 304 713 
2 234 712 
2 324 790 
2 135 708 
2 25 466 
2 344 549 
2 456 552 
2 242 336 
2 414 491 
2 253 332 
2 680 738 
2 63 419 
2 250 266 
2 126 301 
2 284 538 
2 154 295 
2 348 443 
2 131 568 
2 276 748 
2 263 516 
2 9 300 
2 187 567 
2 72 129 
2 23 111 
2 437 763 
2 182 793 
2 457 722 
2 87 783 
2 352 429 
2 268 377 
2 578 711 
2 42 269 
2 151 708 
2 581 705 
2 107 315 
2 253 492 
2 480 730 
2 212 534 
2 15 465 
2 321 639 
2 46 335 
2 252 555 
2 608 675 
2 95 536 
2 97 227 
2 448 542 
2 24 99 
2 619 777 
2 51 350 
2 186 240 
2 344 631 
2 604 736 
2 108 120 
2 211 413 
2 75 360 
2 613 632 
2 420 502 
2 53 515 
2 118 446 
2 605 791 
2 320 330 
2 570 701 
2 60 392 
2 406 643 
2 194 399 
2 134 759 
2 395 616 
2 146 401 
2 263 381 
2 58 448 
2 170 501 
2 619 739 
2 11 56 
2 305 543 
2 595 677 
2 285 302 
2 637 659 
2 24 246 
2 674 714 
2 695 771 
2 57 84 
2 641 737 
2 53 90 
2 496 587 
2 0 115 
2 428 694 
2 116 451 
2 429 527 
800 800
2 54 296 
2 214 248 
2 343 486 
2 348 722 
2 186 424 
2 179 222 
2 488 701 
2 272 567 
2 24 643 
2 119 340 
2 111 282 
2 201 539 
2 95 229 
2 195 428 
2 231 445 
2 80 226 
2 28 793 
2 358 538 
2 604 759 
2 32 547 
2 309 494 
2 273 428 
2 209 594 
2 331 481 
2 8 507 
2 474 613 
2 70 353 
2 466 785 
2 16 350 
2 750 760 
2 144 150 
2 387 542 
2 19 198 
2 490 595 
2 562 734 
2 172 294 
2 154 580 
2 404 784 
2 195 201 
2 179 290 
2 558 609 
2 365 578 
2 101 499 
2 80 319 
2 353 699 
2 73 791 
2 99 734 
2 283 715 
2 196 770 
2 236 378 
2 411 541 
2 538 552 
2 161 246 
2 519 624 
2 0 728 
2 430 467 
2 288 385 
2 335 420 
2 308 732 
2 141 364 
2 163 597 
2 104 570 
2 93 244 
2 601 772 
2 245 630 
2 219 518 
2 712 776 
2 266 304 
2 125 777 
2 323 540 
2 26 405 
2 462 567 
2 456 709 
2 45 202 
2 280 737 
2 282 369 
2 297 661 
2 524 669 
2 186 763 
2 287 686 
2 15 43 
2 660 752 
2 517 752 
2 256 672 
2 781 799 
2 403 534 
2 148 463 
2 101 367 
2 138 675 
2 485 574 
2 372 487 
2 366 623 
2 153 279 
2 62 548 
2 430 442 
2 12 312 
2 537 663 
2 113 218 
2 177 796 
2 46 446 
2 152 476 
2 42 87 
2 245 303 
2 190 441 
2 61 609 
2 464 589 
2 311 634 
2 462 723 
2 500 746 
2 240 270 
2 546 699 
2 10 708 
2 224 253 
2 97 718 
2 379 731 
2 262 284 
2 398 779 
2 259 749 
2 254 641 
2 9 380 
2 129 332 
2 327 449 
2 175 208 
2 227 287 
2 515 739 
2 68 563 
2 638 754 
2 266 725 
2 212 526 
2 120 738 
2 418 458 
2 212 600 
2 315 757 
2 510 649 
2 572 682 
2 536 689 
2 194 528 
2 300 751 
2 88 647 
2 637 705 
2 444 665 
2 59 778 
2 149 677 
2 250 488 
2 30 452 
2 607 755 
2 324 703 
2 207 342 
2 86 769 
2 142 173 
2 30 610 
2 584 684 
2 100 698 
2 92 157 
2 36 590 
2 367 631 
2 553 704 
2 153 550 
2 252 740 
2 193 601 
2 256 688 
2 52 392 
2 211 627 
2 60 794 
2 304 689 
2 511 775 
2 652 794 
2 276 668 
2 286 719 
2 184 740 
2 361 410 
2 460 726 
2 35 293 
2 149 456 
2 361 387 
2 122 267 
2 233 279 
2 98 719 
2 187 374 
2 5 39 
2 582 603 
2 691 736 
2 482 544 
2 396 720 
2 169 409 
2 395 473 
2 4 78 
2 178 411 
2 435 653 
2 556 709 
2 103 454 
2 385 519 
2 549 623 
2 159 340 
2 136 648 
2 13 38 
2 48 331 
2 263 495 
2 32 476 
2 546 587 
2 425 704 
2 11 38 
2 73 527 
2 571 597 
2 557 621 
2 408 524 
2 348 611 
2 147 241 
2 122 344 
2 22 736 
2 632 749 
2 162 613 
2 128 131 
2 235 483 
2 1 400 
2 475 480 
2 345 461 
2 475 557 
2 97 480 
2 65 579 
2 451 562 
2 243 373 
2 5 529 
2 504 563 
2 112 599 
2 320 345 
2 15 244 
2 123 636 
2 236 454 
2 12 314 
2 379 439 
2 14 513 
2 615 655 
2 176 667 
2 302 350 
2 213 288 
2 49 228 
2 376 432 
2 239 682 
2 238 378 
2 109 346 
2 207 351 
2 247 503 
2 221 761 
2 62 226 
2 64 102 
2 52 797 
2 242 798 
2 1 583 
2 413 721 
2 143 681 
2 499 693 
2 158 683 
2 112 577 
2 118 762 
2 619 730 
2 83 160 
2 743 772 
2 635 676 
2 117 286 
2 489 630 
2 419 486 
2 115 614 
2 197 681 
2 341 550 
2 324 741 
2 67 127 
2 175 322 
2 276 626 
2 329 658 
2 109 360 
2 669 670 
2 7 495 
2 21 711 
2 370 596 
2 406 448 
2 167 268 
2 366 694 
2 440 576 
2 92 176 
2 74 696 
2 303 446 
2 10 75 
2 47 799 
2 115 355 
2 496 727 
2 168 259 
2 79 123 
2 56 235 
2 398 586 
2 39 516 
2 330 416 
2 479 559 
2 172 468 
2 35 354 
2 362 651 
2 0 798 
2 76 363 
2 382 767 
2 491 504 
2 137 455 
2 502 778 
2 234 469 
2 102 281 
2 67 164 
2 505 729 
2 352 716 
2 568 711 
2 58 520 
2 20 783 
2 401 516 
2 106 762 
2 95 384 
2 764 783 
2 229 509 
2 132 573 
2 643 714 
2 357 535 
2 503 662 
2 43 397 
2 225 784 
2 388 438 
2 267 631 
2 69 344 
2 146 265 
2 629 646 
2 607 721 
2 121 730 
2 451 743 
2 269 434 
2 291 583 
2 23 196 
2 120 650 
2 650 748 
2 347 400 
2 57 347 
2 580 786 
2 422 566 
2 706 792 
2 423 472 
2 9 193 
2 264 604 
2 147 747 
2 2 703 
2 208 323 
2 216 225 
2 240 375 
2 334 335 
2 3 206 
2 513 720 
2 28 234 
2 241 438 
2 306 514 
2 26 44 
2 294 593 
2 284 744 
2 531 738 
2 317 457 
2 17 592 
2 395 726 
2 270 406 
2 170 174 
2 295 496 
2 297 561 
2 59 790 
2 41 593 
2 91 277 
2 87 155 
2 500 647 
2 75 530 
2 274 617 
2 527 556 
2 90 680 
2 221 431 
2 178 403 
2 346 700 
2 237 760 
2 401 638 
2 49 239 
2 114 230 
2 119 389 
2 506 628 
2 298 555 
2 591 707 
2 312 777 
2 56 191 
2 435 619 
2 31 174 
2 321 729 
2 380 668 
2 421 765 
2 724 774 
2 161 780 
2 679 702 
2 645 660 
2 185 359 
2 183 545 
2 319 700 
2 116 289 
2 622 639 
2 214 334 
2 310 377 
2 622 708 
2 85 374 
2 37 694 
2 70 765 
2 275 360 
2 426 635 
2 205 606 
2 184 596 
2 170 507 
2 50 187 
2 732 787 
2 249 747 
2 773 781 
2 684 788 
2 291 674 
2 418 692 
2 130 417 
2 261 612 
2 57 617 
2 390 725 
2 337 512 
2 339 472 
2 4 698 
2 200 658 
2 407 735 
2 445 573 
2 13 21 
2 532 642 
2 55 94 
2 373 578 
2 237 569 
2 447 553 
2 329 620 
2 188 386 
2 554 697 
2 690 722 
2 321 351 
2 230 487 
2 278 483 
2 103 469 
2 94 508 
2 679 690 
2 140 459 
2 14 427 
2 99 281 
2 433 491 
2 275 551 
2 121 564 
2 542 646 
2 220 328 
2 144 685 
2 530 733 
2 190 228 
2 300 497 
2 72 173 
2 357 756 
2 130 485 
2 444 705 
2 171 634 
2 216 515 
2 71 107 
2 86 465 
2 105 618 
2 463 536 
2 27 481 
2 55 471 
2 293 560 
2 302 441 
2 479 757 
2 467 482 
2 339 423 
2 185 695 
2 25 659 
2 215 217 
2 100 198 
2 498 559 
2 590 693 
2 292 470 
2 215 218 
2 23 466 
2 182 471 
2 213 440 
2 641 671 
2 89 458 
2 2 261 
2 90 439 
2 6 143 
2 260 755 
2 33 626 
2 299 447 
2 512 731 
2 506 797 
2 20 673 
2 197 272 
2 285 362 
2 455 659 
2 477 687 
2 42 251 
2 108 368 
2 723 776 
2 301 568 
2 242 318 
2 223 299 
2 305 608 
2 381 493 
2 24 410 
2 442 564 
2 314 652 
2 133 715 
2 165 628 
2 422 492 
2 231 349 
2 352 574 
2 124 461 
2 290 310 
2 82 610 
2 65 561 
2 53 191 
2 308 521 
2 520 579 
2 615 779 
2 648 748 
2 77 205 
2 529 728 
2 128 706 
2 202 371 
2 136 687 
2 222 525 
2 369 453 
2 356 745 
2 429 676 
2 575 766 
2 85 739 
2 317 577 
2 135 465 
2 96 624 
2 17 51 
2 11 569 
2 69 791 
2 50 572 
2 31 450 
2 548 616 
2 182 570 
2 396 605 
2 110 199 
2 19 625 
2 93 543 
2 192 661 
2 157 264 
2 448 702 
2 51 758 
2 156 433 
2 436 789 
2 382 742 
2 189 371 
2 204 217 
2 40 683 
2 292 477 
2 468 792 
2 363 518 
2 34 220 
2 125 223 
2 449 508 
2 788 790 
2 337 629 
2 7 71 
2 307 502 
2 432 539 
2 61 544 
2 203 714 
2 134 541 
2 315 427 
2 89 514 
2 533 745 
2 278 780 
2 253 535 
2 41 431 
2 219 521 
2 36 336 
2 588 754 
2 180 664 
2 248 330 
2 151 642 
2 639 664 
2 289 677 
2 199 612 
2 581 773 
2 105 685 
2 154 478 
2 383 695 
2 358 786 
2 354 365 
2 22 632 
2 33 636 
2 274 409 
2 60 203 
2 656 751 
2 224 712 
2 131 785 
2 63 159 
2 666 744 
2 180 701 
2 18 341 
2 545 756 
2 408 793 
2 145 326 
2 505 657 
2 40 104 
2 150 517 
2 206 764 
2 419 587 
2 25 211 
2 262 649 
2 232 522 
2 543 737 
2 370 420 
2 464 707 
2 255 386 
2 434 766 
2 204 678 
2 399 402 
2 91 192 
2 53 537 
2 547 663 
2 268 490 
2 162 768 
2 381 511 
2 325 566 
2 64 260 
2 155 322 
2 210 594 
2 692 733 
2 106 460 
2 258 407 
2 227 595 
2 139 782 
2 126 377 
2 399 585 
2 665 774 
2 118 484 
2 429 584 
2 8 316 
2 657 771 
2 394 761 
2 325 450 
2 138 368 
2 194 523 
2 133 614 
2 332 333 
2 295 717 
2 166 509 
2 188 671 
2 691 789 
2 232 746 
2 598 763 
2 608 644 
2 269 425 
2 474 497 
2 81 394 
2 76 549 
2 318 753 
2 96 625 
2 582 585 
2 140 640 
2 602 796 
2 233 750 
2 167 389 
2 77 271 
2 271 672 
2 484 653 
2 83 670 
2 494 713 
2 416 770 
2 88 697 
2 258 532 
2 142 586 
2 621 688 
2 393 443 
2 372 768 
2 250 263 
2 134 238 
2 252 558 
2 151 415 
2 452 589 
2 79 758 
2 498 528 
2 160 678 
2 135 164 
2 437 443 
2 181 654 
2 417 633 
2 251 478 
2 277 404 
2 473 591 
2 280 795 
2 436 675 
2 152 424 
2 44 110 
2 375 397 
2 6 603 
2 393 551 
2 146 343 
2 156 200 
2 139 459 
2 338 526 
2 383 618 
2 111 402 
2 72 189 
2 769 782 
2 273 307 
2 66 599 
2 673 775 
2 316 571 
2 47 510 
2 306 771 
2 651 727 
2 113 753 
2 168 177 
2 183 349 
2 249 326 
2 3 437 
2 107 501 
2 391 742 
2 127 421 
2 171 359 
2 285 717 
2 54 525 
2 305 388 
2 255 327 
2 114 492 
2 58 412 
2 453 633 
2 34 46 
2 426 759 
2 181 209 
2 74 616 
2 129 356 
2 124 534 
2 158 169 
2 265 767 
2 555 724 
2 257 328 
2 355 602 
2 531 575 
2 108 655 
2 342 413 
2 333 523 
2 117 210 
2 29 667 
2 137 598 
2 81 82 
2 662 718 
2 126 581 
2 145 489 
2 457 605 
2 132 470 
2 552 686 
2 18 735 
2 29 376 
2 243 645 
2 254 311 
2 78 656 
2 313 611 
2 390 405 
2 533 620 
2 298 741 
2 627 680 
2 148 710 
2 48 674 
2 644 716 
2 63 257 
2 414 588 
2 391 640 
2 165 713 
2 66 501 
2 68 384 
2 141 301 
2 116 522 
2 392 576 
2 84 414 
2 637 710 
2 309 313 
2 37 320 
2 27 600 
2 336 592 
2 412 795 
2 415 565 
2 554 654 
2 364 565 
2 45 540 
2 338 560 
2 16 606 
2 163 166 
2 696 787 
2 98 666 
2 246 493 
2 247 296 
2 84 283 
