850 850
2 361 373 
2 716 717 
2 430 441 
2 25 564 
2 79 774 
2 74 396 
2 257 752 
2 80 116 
2 217 766 
2 304 822 
2 390 669 
2 549 593 
2 346 438 
2 607 798 
2 239 808 
2 54 203 
2 228 368 
2 107 540 
2 30 518 
2 685 777 
2 172 689 
2 422 595 
2 131 810 
2 714 715 
2 585 699 
2 3 504 
2 510 845 
2 529 655 
2 377 738 
2 117 169 
2 18 703 
2 139 521 
2 304 519 
2 201 292 
2 229 654 
2 236 641 
2 190 202 
2 186 283 
2 428 828 
2 580 799 
2 282 296 
2 93 321 
2 603 630 
2 561 800 
2 604 700 
2 301 596 
2 416 429 
2 127 642 
2 574 627 
2 65 761 
2 392 671 
2 55 411 
2 487 683 
2 123 722 
2 15 571 
2 51 60 
2 85 290 
2 89 756 
2 469 508 
2 96 120 
2 55 330 
2 366 767 
2 628 701 
2 827 830 
2 316 578 
2 49 497 
2 374 558 
2 442 506 
2 426 728 
2 253 636 
2 597 684 
2 386 612 
2 165 357 
2 98 776 
2 5 576 
2 474 686 
2 259 291 
2 235 659 
2 327 378 
2 4 672 
2 7 440 
2 418 609 
2 554 813 
2 156 423 
2 735 739 
2 56 251 
2 356 668 
2 142 763 
2 247 544 
2 57 223 
2 280 772 
2 578 697 
2 537 828 
2 41 607 
2 507 841 
2 152 275 
2 59 557 
2 431 764 
2 73 672 
2 284 701 
2 104 820 
2 251 391 
2 474 633 
2 123 608 
2 100 425 
2 353 796 
2 402 419 
2 17 484 
2 611 757 
2 665 708 
2 212 800 
2 346 847 
2 488 766 
2 260 673 
2 609 806 
2 373 827 
2 7 269 
2 29 522 
2 436 484 
2 200 532 
2 59 686 
2 150 439 
2 374 779 
2 53 103 
2 471 821 
2 380 702 
2 306 834 
2 47 409 
2 164 656 
2 206 812 
2 163 547 
2 22 313 
2 352 505 
2 242 433 
2 707 757 
2 173 225 
2 173 570 
2 480 733 
2 710 735 
2 31 231 
2 269 312 
2 538 604 
2 87 826 
2 263 465 
2 435 622 
2 340 556 
2 288 719 
2 362 608 
2 553 709 
2 676 805 
2 121 643 
2 350 746 
2 95 341 
2 271 494 
2 182 250 
2 502 812 
2 83 261 
2 794 795 
2 520 722 
2 286 328 
2 399 421 
2 507 681 
2 326 706 
2 130 326 
2 128 302 
2 72 394 
2 270 308 
2 184 213 
2 170 530 
2 29 509 
2 168 378 
2 208 817 
2 20 335 
2 135 136 
2 183 456 
2 617 650 
2 182 725 
2 457 503 
2 492 512 
2 692 750 
2 518 660 
2 641 848 
2 154 176 
2 174 560 
2 167 638 
2 256 599 
2 37 526 
2 443 511 
2 274 625 
2 390 663 
2 36 803 
2 477 623 
2 207 625 
2 683 704 
2 290 341 
2 383 831 
2 504 804 
2 278 732 
2 451 462 
2 375 636 
2 119 639 
2 33 781 
2 36 651 
2 15 453 
2 224 655 
2 262 640 
2 129 622 
2 192 303 
2 171 232 
2 743 793 
2 317 336 
2 259 711 
2 110 342 
2 167 584 
2 387 413 
2 629 744 
2 345 696 
2 8 513 
2 354 433 
2 621 761 
2 428 543 
2 520 713 
2 695 832 
2 89 248 
2 204 393 
2 135 833 
2 322 516 
2 472 829 
2 16 252 
2 34 569 
2 489 714 
2 139 237 
2 208 263 
2 408 566 
2 577 742 
2 77 319 
2 35 449 
2 231 769 
2 461 589 
2 14 721 
2 294 488 
2 485 688 
2 133 687 
2 458 721 
2 525 836 
2 323 365 
2 365 482 
2 88 729 
2 223 675 
2 583 846 
2 154 366 
2 85 101 
2 228 573 
2 69 634 
2 363 554 
2 267 549 
2 185 816 
2 6 644 
2 446 449 
2 76 211 
2 113 451 
2 156 264 
2 205 834 
2 143 232 
2 261 331 
2 514 843 
2 394 466 
2 255 351 
2 453 731 
2 116 140 
2 166 489 
2 153 298 
2 288 370 
2 705 736 
2 188 742 
2 95 592 
2 407 687 
2 674 749 
2 197 768 
2 330 437 
2 90 461 
2 298 351 
2 40 731 
2 37 513 
2 99 839 
2 317 803 
2 159 533 
2 339 787 
2 146 272 
2 693 747 
2 56 194 
2 76 573 
2 33 331 
2 404 564 
2 240 375 
2 693 760 
2 40 536 
2 590 614 
2 271 281 
2 652 694 
2 337 784 
2 45 552 
2 164 395 
2 207 391 
2 9 32 
2 527 632 
2 126 666 
2 333 495 
2 166 771 
2 355 751 
2 370 424 
2 384 434 
2 140 593 
2 131 475 
2 588 613 
2 539 592 
2 64 610 
2 210 285 
2 377 422 
2 235 494 
2 467 566 
2 41 833 
2 226 616 
2 245 809 
2 740 818 
2 541 560 
2 162 163 
2 78 585 
2 159 741 
2 349 591 
2 60 279 
2 264 292 
2 388 476 
2 307 506 
2 565 691 
2 172 718 
2 210 740 
2 300 652 
2 469 473 
2 287 619 
2 145 698 
2 152 194 
2 212 690 
2 397 415 
2 444 643 
2 216 840 
2 12 111 
2 368 814 
2 410 600 
2 329 624 
2 151 478 
2 267 281 
2 132 467 
2 105 406 
2 218 651 
2 309 675 
2 86 460 
2 72 802 
2 483 847 
2 501 821 
2 579 773 
2 0 692 
2 147 414 
2 254 763 
2 440 582 
2 245 246 
2 61 250 
2 490 776 
2 16 347 
2 747 819 
2 272 310 
2 545 555 
2 621 648 
2 0 115 
2 66 122 
2 199 294 
2 632 660 
2 28 318 
2 78 170 
2 475 616 
2 125 577 
2 665 750 
2 420 447 
2 195 758 
2 311 844 
2 671 706 
2 71 718 
2 214 696 
2 332 618 
2 470 725 
2 10 189 
2 101 303 
2 50 596 
2 224 804 
2 165 266 
2 302 519 
2 5 468 
2 343 627 
2 458 734 
2 160 720 
2 448 704 
2 629 810 
2 106 765 
2 797 822 
2 293 754 
2 615 739 
2 353 836 
2 276 510 
2 233 732 
2 127 589 
2 348 500 
2 51 570 
2 503 745 
2 214 726 
2 362 417 
2 343 602 
2 46 685 
2 414 796 
2 81 455 
2 106 429 
2 382 628 
2 160 760 
2 21 318 
2 83 670 
2 310 775 
2 104 745 
2 68 689 
2 611 842 
2 38 220 
2 46 419 
2 2 444 
2 97 580 
2 707 783 
2 133 218 
2 311 491 
2 144 825 
2 118 727 
2 279 664 
2 12 657 
2 121 645 
2 80 364 
2 2 658 
2 67 656 
2 187 780 
2 344 430 
2 466 794 
2 258 493 
2 382 702 
2 400 838 
2 236 258 
2 473 826 
2 198 260 
2 462 789 
2 203 268 
2 477 765 
2 418 677 
2 174 547 
2 177 561 
2 243 398 
2 606 674 
2 356 631 
2 238 280 
2 198 452 
2 630 715 
2 753 849 
2 143 517 
2 266 445 
2 320 352 
2 396 786 
2 58 338 
2 389 773 
2 124 557 
2 227 537 
2 338 450 
2 75 102 
2 313 379 
2 332 523 
2 191 454 
2 350 710 
2 524 669 
2 137 806 
2 647 813 
2 246 807 
2 358 680 
2 107 118 
2 241 734 
2 500 784 
2 52 730 
2 112 240 
2 230 270 
2 367 744 
2 434 723 
2 178 759 
2 446 536 
2 153 319 
2 307 770 
2 600 720 
2 65 661 
2 530 612 
2 529 777 
2 410 486 
2 359 679 
2 155 751 
2 177 412 
2 25 196 
2 132 830 
2 67 333 
2 94 161 
2 58 599 
2 169 783 
2 26 407 
2 187 512 
2 178 511 
2 217 283 
2 265 779 
2 690 801 
2 226 684 
2 465 814 
2 18 180 
2 32 395 
2 158 221 
2 31 844 
2 117 840 
2 476 842 
2 479 661 
2 244 574 
2 186 795 
2 305 695 
2 645 749 
2 27 499 
2 168 498 
2 697 837 
2 119 563 
2 286 705 
2 597 657 
2 581 816 
2 296 493 
2 92 472 
2 141 664 
2 315 654 
2 17 679 
2 325 581 
2 775 805 
2 220 748 
2 88 620 
2 371 649 
2 712 780 
2 130 456 
2 572 728 
2 11 255 
2 568 594 
2 586 789 
2 301 825 
2 148 785 
2 82 254 
2 371 708 
2 145 698 
2 96 471 
2 66 723 
2 601 762 
2 183 325 
2 43 457 
2 635 713 
2 532 571 
2 3 293 
2 334 648 
2 233 320 
2 568 802 
2 550 567 
2 229 767 
2 136 411 
2 54 563 
2 548 758 
2 252 291 
2 48 525 
2 606 824 
2 74 646 
2 234 380 
2 64 91 
2 360 798 
2 39 431 
2 535 541 
2 364 823 
2 249 778 
2 213 746 
2 24 327 
2 551 797 
2 591 667 
2 314 768 
2 238 409 
2 297 659 
2 329 587 
2 275 315 
2 11 312 
2 550 737 
2 21 793 
2 45 392 
2 70 534 
2 613 716 
2 185 508 
2 348 496 
2 559 614 
2 415 792 
2 42 792 
2 44 141 
2 682 791 
2 459 575 
2 13 93 
2 103 147 
2 81 114 
2 316 650 
2 108 427 
2 71 498 
2 314 598 
2 297 601 
2 405 676 
2 322 379 
2 175 635 
2 388 835 
2 339 778 
2 544 823 
2 219 372 
2 144 206 
2 191 756 
2 349 848 
2 188 192 
2 741 764 
2 48 397 
2 62 420 
2 215 401 
2 42 463 
2 460 682 
2 305 376 
2 102 726 
2 253 673 
2 562 617 
2 69 199 
2 774 849 
2 184 832 
2 200 807 
2 205 817 
2 35 181 
2 47 785 
2 150 344 
2 257 809 
2 439 528 
2 576 762 
2 481 845 
2 372 565 
2 545 788 
2 175 610 
2 202 354 
2 299 337 
2 662 755 
2 34 539 
2 27 204 
2 128 442 
2 438 534 
2 441 733 
2 77 590 
2 180 376 
2 497 524 
2 653 699 
2 189 753 
2 437 538 
2 109 381 
2 306 819 
2 587 712 
2 86 811 
2 10 479 
2 423 790 
2 50 385 
2 79 98 
2 113 634 
2 277 459 
2 248 355 
2 149 615 
2 455 771 
2 730 835 
2 501 540 
2 483 719 
2 161 717 
2 605 631 
2 52 193 
2 70 516 
2 19 416 
2 75 120 
2 242 276 
2 241 724 
2 20 426 
2 342 515 
2 334 694 
2 179 361 
2 289 295 
2 299 691 
2 222 527 
2 216 387 
2 91 531 
2 340 556 
2 24 662 
2 44 791 
2 62 99 
2 125 447 
2 30 846 
2 193 400 
2 273 533 
2 162 385 
2 134 432 
2 109 555 
2 148 786 
2 138 478 
2 211 788 
2 546 667 
2 221 562 
2 23 230 
2 23 463 
2 1 598 
2 1 681 
2 335 386 
2 146 680 
2 399 496 
2 239 243 
2 53 158 
2 491 558 
2 688 799 
2 176 389 
2 413 633 
2 436 841 
2 68 548 
2 247 808 
2 487 678 
2 268 282 
2 197 408 
2 137 658 
2 398 485 
2 84 138 
2 273 752 
2 594 748 
2 28 781 
2 84 405 
2 324 336 
2 328 626 
2 234 274 
2 209 811 
2 215 490 
2 412 425 
2 151 584 
2 289 369 
2 543 737 
2 277 528 
2 179 381 
2 309 502 
2 6 736 
2 464 663 
2 404 782 
2 653 820 
2 57 623 
2 108 134 
2 383 572 
2 492 787 
2 295 421 
2 49 219 
2 559 646 
2 87 363 
2 97 626 
2 402 454 
2 8 112 
2 61 569 
2 278 588 
2 237 818 
2 495 790 
2 308 677 
2 90 801 
2 360 470 
2 4 637 
2 424 542 
2 73 367 
2 19 499 
2 583 619 
2 122 514 
2 443 546 
2 201 738 
2 754 829 
2 432 509 
2 300 486 
2 553 642 
2 468 709 
2 287 759 
2 649 711 
2 452 551 
2 670 770 
2 605 700 
2 602 603 
2 209 595 
2 157 445 
2 157 526 
2 105 417 
2 403 586 
2 13 579 
2 39 724 
2 43 110 
2 515 772 
2 357 567 
2 190 285 
2 196 393 
2 149 542 
2 114 480 
2 482 639 
2 14 729 
2 323 644 
2 22 401 
2 668 743 
2 129 155 
2 82 481 
2 347 517 
2 838 839 
2 256 535 
2 171 640 
2 324 769 
2 369 666 
2 100 755 
2 124 359 
2 9 403 
2 582 620 
2 575 831 
2 435 552 
2 142 450 
2 63 115 
2 38 92 
2 227 782 
2 63 505 
2 195 824 
2 222 638 
2 225 321 
2 126 262 
2 618 678 
2 244 406 
2 531 843 
2 448 815 
2 284 815 
2 345 522 
2 94 727 
2 427 523 
2 265 837 
2 384 521 
2 26 647 
2 249 703 
2 111 358 
2 181 624 
2 464 637 
850 850
2 594 818 
2 215 583 
2 273 356 
2 410 842 
2 330 426 
2 53 624 
2 78 324 
2 20 526 
2 149 559 
2 177 737 
2 128 477 
2 72 245 
2 46 590 
2 251 260 
2 95 471 
2 552 607 
2 76 683 
2 234 791 
2 135 152 
2 100 722 
2 7 491 
2 94 799 
2 265 784 
2 289 562 
2 564 644 
2 355 448 
2 733 764 
2 96 427 
2 310 415 
2 583 809 
2 116 119 
2 312 802 
2 248 278 
2 63 588 
2 176 449 
2 86 496 
2 47 534 
2 165 320 
2 503 742 
2 73 232 
2 275 286 
2 157 464 
2 233 242 
2 370 411 
2 478 798 
2 541 682 
2 12 259 
2 36 338 
2 124 174 
2 96 379 
2 68 518 
2 236 457 
2 294 789 
2 5 354 
2 488 581 
2 334 595 
2 118 288 
2 591 653 
2 74 598 
2 651 843 
2 121 612 
2 528 565 
2 216 511 
2 33 200 
2 321 638 
2 529 809 
2 551 620 
2 363 515 
2 50 576 
2 731 744 
2 368 441 
2 112 532 
2 11 561 
2 39 281 
2 58 168 
2 584 830 
2 16 163 
2 523 785 
2 6 693 
2 82 131 
2 294 847 
2 114 257 
2 79 585 
2 307 695 
2 105 754 
2 323 622 
2 35 404 
2 387 469 
2 148 412 
2 775 780 
2 185 474 
2 320 787 
2 414 562 
2 342 542 
2 21 405 
2 14 654 
2 27 49 
2 460 737 
2 408 475 
2 329 348 
2 19 316 
2 227 621 
2 261 407 
2 196 604 
2 182 316 
2 84 411 
2 238 478 
2 159 626 
2 379 795 
2 190 800 
2 381 481 
2 660 705 
2 71 127 
2 350 575 
2 81 154 
2 120 368 
2 30 607 
2 482 585 
2 56 237 
2 30 719 
2 115 476 
2 60 568 
2 708 763 
2 420 597 
2 48 210 
2 469 642 
2 561 727 
2 112 717 
2 10 200 
2 463 846 
2 537 634 
2 79 291 
2 283 751 
2 157 781 
2 267 311 
2 18 803 
2 245 380 
2 180 425 
2 567 757 
2 262 315 
2 171 341 
2 289 828 
2 436 604 
2 203 361 
2 488 741 
2 531 611 
2 332 640 
2 810 839 
2 88 710 
2 8 682 
2 364 406 
2 253 673 
2 18 308 
2 536 558 
2 114 801 
2 221 601 
2 181 554 
2 41 133 
2 241 582 
2 107 560 
2 446 594 
2 231 477 
2 283 613 
2 76 485 
2 522 762 
2 37 639 
2 652 711 
2 716 732 
2 74 172 
2 271 721 
2 674 714 
2 140 313 
2 168 444 
2 299 377 
2 48 505 
2 230 739 
2 34 383 
2 9 219 
2 196 556 
2 413 802 
2 137 534 
2 156 451 
2 104 570 
2 548 730 
2 324 690 
2 90 703 
2 426 559 
2 373 792 
2 239 728 
2 203 342 
2 109 525 
2 263 822 
2 650 672 
2 424 458 
2 429 659 
2 231 736 
2 103 178 
2 415 639 
2 526 825 
2 685 753 
2 63 128 
2 354 459 
2 206 211 
2 143 189 
2 388 516 
2 266 339 
2 202 563 
2 555 748 
2 267 655 
2 357 545 
2 124 382 
2 202 214 
2 385 741 
2 577 641 
2 211 257 
2 1 677 
2 62 794 
2 338 648 
2 502 666 
2 177 530 
2 812 829 
2 155 527 
2 455 796 
2 372 779 
2 508 729 
2 430 474 
2 456 703 
2 101 716 
2 461 633 
2 281 298 
2 175 443 
2 161 195 
2 39 457 
2 42 514 
2 17 667 
2 441 676 
2 51 304 
2 118 549 
2 106 748 
2 188 309 
2 462 768 
2 158 263 
2 42 579 
2 317 402 
2 494 636 
2 11 136 
2 268 826 
2 494 524 
2 32 452 
2 270 566 
2 760 820 
2 13 766 
2 343 524 
2 151 578 
2 295 401 
2 392 759 
2 345 394 
2 81 214 
2 530 693 
2 46 834 
2 13 843 
2 102 373 
2 139 447 
2 191 241 
2 601 808 
2 22 444 
2 205 449 
2 134 208 
2 246 649 
2 385 678 
2 249 272 
2 169 705 
2 270 274 
2 2 528 
2 272 437 
2 40 370 
2 343 600 
2 473 753 
2 32 610 
2 393 544 
2 689 777 
2 73 229 
2 572 727 
2 132 162 
2 492 599 
2 747 805 
2 40 552 
2 612 673 
2 56 658 
2 23 141 
2 346 735 
2 131 717 
2 466 696 
2 483 738 
2 52 80 
2 254 810 
2 725 750 
2 501 793 
2 229 830 
2 173 746 
2 648 849 
2 423 701 
2 512 758 
2 508 681 
2 236 596 
2 616 627 
2 480 720 
2 83 529 
2 152 359 
2 239 399 
2 28 755 
2 134 423 
2 31 453 
2 171 560 
2 590 772 
2 139 466 
2 100 104 
2 243 517 
2 366 614 
2 770 800 
2 37 91 
2 64 623 
2 432 643 
2 85 573 
2 6 184 
2 605 651 
2 472 641 
2 331 589 
2 386 631 
2 99 579 
2 4 495 
2 327 815 
2 146 384 
2 392 518 
2 55 831 
2 490 537 
2 539 763 
2 435 539 
2 47 217 
2 205 649 
2 380 628 
2 140 557 
2 93 189 
2 252 276 
2 451 580 
2 256 835 
2 290 835 
2 461 688 
2 99 797 
2 470 625 
2 113 455 
2 722 828 
2 678 692 
2 627 801 
2 53 201 
2 25 570 
2 2 656 
2 209 548 
2 367 428 
2 308 681 
2 445 806 
2 143 721 
2 394 687 
2 67 408 
2 150 771 
2 597 669 
2 318 412 
2 358 440 
2 70 115 
2 535 662 
2 43 275 
2 609 706 
2 223 510 
2 187 261 
2 391 756 
2 614 704 
2 543 796 
2 173 697 
2 468 538 
2 49 108 
2 136 340 
2 110 657 
2 210 592 
2 176 793 
2 332 767 
2 212 269 
2 328 565 
2 87 390 
2 204 807 
2 743 821 
2 387 832 
2 374 694 
2 255 333 
2 279 504 
2 256 362 
2 698 836 
2 776 799 
2 569 771 
2 527 726 
2 309 849 
2 731 833 
2 254 525 
2 243 792 
2 462 635 
2 86 517 
2 94 686 
2 150 533 
2 102 664 
2 98 363 
2 660 789 
2 3 633 
2 43 105 
2 88 366 
2 179 834 
2 92 503 
2 28 197 
2 507 564 
2 687 749 
2 487 598 
2 668 679 
2 123 680 
2 772 844 
2 521 591 
2 301 311 
2 193 709 
2 137 676 
2 4 186 
2 27 632 
2 358 724 
2 194 638 
2 225 661 
2 502 520 
2 322 465 
2 542 572 
2 657 845 
2 337 670 
2 142 500 
2 274 453 
2 646 841 
2 535 690 
2 367 761 
2 70 235 
2 817 844 
2 230 495 
2 172 265 
2 360 838 
2 160 769 
2 262 770 
2 25 826 
2 34 266 
2 504 833 
2 181 344 
2 248 733 
2 312 437 
2 484 699 
2 222 350 
2 226 647 
2 51 232 
2 193 578 
2 201 655 
2 97 743 
2 228 347 
2 240 403 
2 129 827 
2 41 636 
2 432 778 
2 292 315 
2 483 718 
2 378 709 
2 87 125 
2 349 762 
2 14 486 
2 326 567 
2 277 593 
2 90 225 
2 98 814 
2 120 785 
2 10 161 
2 44 106 
2 611 767 
2 306 619 
2 110 489 
2 117 555 
2 293 467 
2 454 769 
2 163 576 
2 471 600 
2 418 610 
2 54 144 
2 481 509 
2 335 571 
2 20 686 
2 284 701 
2 553 706 
2 244 247 
2 330 443 
2 35 827 
2 646 777 
2 736 824 
2 740 774 
2 436 806 
2 297 774 
2 218 431 
2 38 414 
2 393 450 
2 174 666 
2 661 745 
2 416 817 
2 224 303 
2 489 606 
2 372 605 
2 62 602 
2 302 812 
2 669 715 
2 233 658 
2 67 588 
2 204 663 
2 317 404 
2 50 333 
2 615 684 
2 431 664 
2 422 790 
2 164 791 
2 77 563 
2 247 252 
2 190 401 
2 7 198 
2 221 398 
2 61 273 
2 65 307 
2 219 258 
2 145 691 
2 71 740 
2 406 577 
2 36 180 
2 369 439 
2 153 805 
2 130 335 
2 378 775 
2 336 337 
2 782 788 
2 45 765 
2 93 433 
2 376 645 
2 279 760 
2 209 608 
2 631 713 
2 629 803 
2 183 357 
2 237 551 
2 712 836 
2 66 549 
2 15 286 
2 493 584 
2 156 823 
2 207 482 
2 178 794 
2 341 790 
2 153 725 
2 8 186 
2 159 313 
2 72 126 
2 23 92 
2 206 523 
2 24 416 
2 61 386 
2 249 644 
2 138 472 
2 121 708 
2 397 587 
2 182 355 
2 490 623 
2 282 433 
2 323 752 
2 723 813 
2 113 840 
2 68 485 
2 213 533 
2 253 458 
2 242 329 
2 344 730 
2 54 665 
2 158 618 
2 1 29 
2 75 553 
2 82 117 
2 732 773 
2 569 602 
2 33 515 
2 327 719 
2 12 314 
2 57 422 
2 382 675 
2 473 847 
2 0 160 
2 55 813 
2 304 761 
2 123 365 
2 58 418 
2 284 744 
2 276 486 
2 155 264 
2 511 587 
2 811 818 
2 103 142 
2 325 510 
2 509 759 
2 15 116 
2 545 652 
2 371 757 
2 278 487 
2 145 479 
2 60 287 
2 162 700 
2 318 375 
2 519 758 
2 305 724 
2 697 819 
2 582 838 
2 480 804 
2 66 807 
2 101 630 
2 85 625 
2 321 571 
2 5 768 
2 349 622 
2 107 683 
2 305 353 
2 340 691 
2 547 841 
2 621 632 
2 328 546 
2 427 630 
2 228 410 
2 130 837 
2 403 848 
2 244 464 
2 711 714 
2 64 429 
2 165 197 
2 146 662 
2 213 326 
2 125 656 
2 322 734 
2 24 566 
2 543 720 
2 438 497 
2 456 692 
2 217 300 
2 268 339 
2 192 756 
2 59 325 
2 166 608 
2 57 776 
2 95 700 
2 208 459 
2 356 642 
2 381 434 
2 288 514 
2 194 832 
2 111 409 
2 430 506 
2 369 640 
2 516 764 
2 407 520 
2 581 738 
2 218 505 
2 234 699 
2 419 829 
2 365 513 
2 435 707 
2 750 816 
2 192 798 
2 151 287 
2 170 837 
2 592 729 
2 235 425 
2 215 747 
2 269 352 
2 419 804 
2 420 823 
2 303 359 
2 45 149 
2 16 626 
2 519 784 
2 199 831 
2 405 491 
2 362 417 
2 347 735 
2 280 752 
2 184 439 
2 531 628 
2 352 647 
2 78 258 
2 391 808 
2 83 783 
2 292 825 
2 377 617 
2 395 824 
2 454 667 
2 613 654 
2 301 492 
2 739 754 
2 185 226 
2 375 778 
2 111 271 
2 371 493 
2 670 795 
2 122 568 
2 424 468 
2 148 781 
2 166 637 
2 550 788 
2 546 848 
2 170 637 
2 513 786 
2 167 227 
2 127 291 
2 467 840 
2 119 589 
2 306 645 
2 169 361 
2 19 351 
2 574 779 
2 428 616 
2 296 558 
2 398 745 
2 126 282 
2 188 755 
2 224 675 
2 183 580 
2 69 400 
2 167 586 
2 26 452 
2 643 742 
2 290 688 
2 195 498 
2 9 97 
2 293 665 
2 175 702 
2 499 532 
2 144 212 
2 38 734 
2 389 460 
2 69 599 
2 506 726 
2 299 783 
2 285 677 
2 207 238 
2 417 842 
2 296 671 
2 132 845 
2 573 689 
2 199 277 
2 84 702 
2 310 728 
2 374 650 
2 138 609 
2 302 615 
2 255 606 
2 250 544 
2 440 596 
2 164 470 
2 122 336 
2 26 663 
2 541 822 
2 251 816 
2 384 479 
2 240 624 
2 446 484 
2 319 447 
2 364 397 
2 314 421 
2 586 821 
2 499 501 
2 89 538 
2 396 653 
2 280 497 
2 465 704 
2 223 723 
2 89 839 
2 133 710 
2 540 814 
2 695 746 
2 22 684 
2 77 476 
2 715 797 
2 91 846 
2 540 712 
2 52 409 
2 521 557 
2 17 522 
2 187 402 
2 297 383 
2 216 556 
2 108 707 
2 222 376 
2 348 786 
2 44 672 
2 21 396 
2 109 319 
2 154 353 
2 31 179 
2 135 547 
2 619 679 
2 285 536 
2 360 500 
2 388 620 
2 264 694 
2 29 65 
2 147 295 
2 603 815 
2 220 512 
2 574 595 
2 475 782 
2 331 811 
2 671 766 
2 442 507 
2 0 603 
2 617 820 
2 250 819 
2 389 773 
2 191 765 
2 554 680 
2 498 698 
2 198 696 
2 246 448 
2 463 496 
2 141 351 
2 220 668 
2 75 298 
2 334 685 
2 390 659 
2 400 450 
2 259 413 
2 345 346 
2 395 550 
2 634 674 
2 445 618 
2 147 780 
2 575 718 
2 438 629 
2 3 749 
2 59 260 
2 421 442 
2 434 751 
2 129 787 
2 80 593 
2 635 713 
2 300 399 
