100 500
10 18 20 28 38 44 59 79 81 82 90 
10 2 5 16 21 27 41 57 60 90 96 
10 1 14 20 35 47 53 61 83 89 95 
10 12 15 41 49 68 71 78 79 88 97 
10 7 18 26 49 53 69 72 77 95 98 
10 1 9 22 32 61 74 75 84 85 86 
10 8 13 24 25 34 72 91 94 95 99 
10 4 16 28 55 58 60 73 85 86 96 
10 6 11 19 62 68 77 80 87 90 97 
10 5 10 31 32 38 44 75 83 84 91 
10 9 39 40 45 60 61 74 80 94 95 
10 8 20 28 42 54 74 86 87 94 96 
10 3 14 23 28 30 38 47 48 85 92 
10 6 37 43 44 48 55 63 69 74 87 
10 2 12 20 32 50 66 76 79 81 83 
10 3 19 21 23 30 32 54 57 89 99 
10 1 7 21 23 54 57 59 77 88 99 
10 33 35 61 65 67 74 83 92 93 96 
10 0 4 24 49 52 56 62 79 88 99 
10 8 15 30 42 50 51 71 73 84 91 
10 0 2 11 14 39 55 67 69 91 97 
10 1 15 16 45 46 50 59 63 88 89 
10 5 28 47 50 64 76 77 82 84 97 
10 12 15 16 36 52 53 54 63 89 98 
10 6 18 56 57 60 73 76 90 94 97 
10 6 29 39 50 59 68 72 79 81 96 
10 4 28 39 54 56 57 67 71 83 99 
10 1 31 53 60 62 71 73 78 81 91 
10 0 7 11 12 22 26 34 68 71 92 
10 25 37 51 63 64 69 75 76 80 93 
10 12 15 19 37 49 75 76 80 86 96 
10 9 27 36 38 41 51 57 65 87 94 
10 5 9 14 15 48 61 77 87 89 99 
10 17 37 55 63 67 68 70 71 73 79 
10 6 28 43 53 58 64 82 84 86 94 
10 2 17 56 67 68 72 73 78 88 98 
10 23 31 41 49 54 62 66 67 83 85 
10 13 29 30 33 43 44 52 70 72 95 
10 0 9 12 31 41 46 56 72 80 97 
10 10 20 25 26 61 69 82 83 85 88 
10 10 53 63 78 79 80 81 82 84 98 
10 1 3 31 36 38 73 78 90 96 99 
10 11 19 48 50 51 57 75 89 90 92 
10 13 34 37 52 60 62 64 65 94 97 
10 0 9 13 37 48 55 56 66 80 81 
10 10 21 46 51 57 58 74 84 94 98 
10 21 38 45 51 54 74 85 91 96 98 
10 2 12 22 51 55 56 70 80 90 93 
10 12 13 32 42 44 58 60 63 74 98 
10 3 4 18 30 36 60 70 80 85 91 
10 14 19 21 22 25 42 66 72 87 93 
10 19 29 31 42 45 46 47 61 68 82 
10 18 23 37 43 62 74 75 77 85 92 
10 2 4 23 27 34 40 66 69 70 71 
10 11 15 16 23 26 36 46 87 92 95 
10 7 13 20 33 44 47 72 83 85 92 
10 18 24 26 35 38 44 47 70 90 94 
10 1 15 16 24 26 31 42 45 65 88 
10 7 34 45 48 66 73 74 81 96 98 
10 0 16 21 25 64 70 73 77 80 82 
10 1 7 10 24 27 43 48 49 70 71 
10 2 5 10 17 32 39 51 81 84 99 
10 8 18 27 36 43 52 75 82 83 86 
10 13 21 23 29 33 40 48 64 65 95 
10 22 29 34 43 59 63 69 76 89 95 
10 17 31 43 57 63 77 78 79 93 98 
10 14 36 44 50 53 58 68 82 86 97 
10 17 20 26 33 35 36 77 86 88 91 
10 3 8 25 28 33 35 51 66 87 88 
10 4 13 20 29 39 53 64 78 93 98 
10 33 37 47 49 53 56 59 60 73 87 
10 3 19 26 27 28 33 53 60 78 94 
10 4 6 25 35 37 38 50 55 93 99 
10 7 19 24 27 33 35 41 58 59 70 
10 5 10 11 13 17 45 46 48 52 58 
10 5 9 29 30 42 52 62 86 90 96 
10 14 22 24 29 30 64 79 85 93 95 
10 4 8 16 22 32 52 59 65 67 89 
10 3 27 35 40 41 65 69 71 79 84 
10 0 3 14 18 25 33 40 65 76 78 
10 8 10 29 30 38 40 44 47 49 59 
10 0 14 25 27 40 44 58 61 87 89 
10 0 22 34 39 40 51 59 62 66 93 
10 2 9 14 17 26 36 39 55 62 92 
10 5 9 19 22 34 40 45 61 78 97 
10 5 7 12 36 39 46 49 52 55 76 
10 5 7 11 30 34 62 66 67 75 89 
10 8 11 13 31 32 50 54 68 70 81 
10 3 16 18 21 35 39 57 67 68 92 
10 2 15 21 23 32 42 64 77 81 86 
10 0 1 8 24 41 42 47 56 75 91 
10 6 9 19 20 27 46 49 67 90 97 
10 12 17 28 42 52 54 55 83 88 99 
10 17 29 47 50 65 69 72 76 82 95 
10 6 10 11 24 31 34 43 45 56 71 
10 2 4 6 10 37 54 63 64 76 93 
10 1 7 11 17 25 30 41 46 58 75 
10 3 8 20 22 24 38 43 66 84 91 
10 4 23 35 40 45 46 48 58 65 69 
10 6 15 16 18 26 32 41 61 72 92 
100 500
10 3 6 21 27 37 41 43 60 68 72 
10 13 18 21 37 43 44 50 60 76 95 
10 3 20 23 29 30 34 77 78 85 97 
10 0 2 5 6 47 49 74 81 90 94 
10 25 28 34 55 57 62 79 82 83 86 
10 3 12 13 19 32 46 68 80 90 98 
10 0 3 19 22 54 71 73 81 95 99 
10 12 32 37 48 49 69 73 79 85 93 
10 17 32 47 55 64 67 69 76 92 94 
10 10 24 27 46 51 52 64 68 69 82 
10 9 13 20 24 27 29 40 60 67 72 
10 16 23 36 37 42 48 51 66 67 79 
10 5 7 43 55 58 63 77 82 94 95 
10 1 5 10 14 25 33 38 45 47 98 
10 13 22 41 48 66 68 79 81 89 91 
10 19 22 31 37 41 54 65 66 79 91 
10 11 29 33 38 59 67 69 90 96 99 
10 8 22 50 54 70 71 78 82 83 97 
10 1 20 21 29 44 55 71 74 79 88 
10 5 6 15 25 29 53 77 80 96 99 
10 2 10 18 34 46 53 57 68 81 84 
10 0 1 18 26 62 65 69 75 88 99 
10 6 14 15 17 28 40 43 59 75 86 
10 2 11 24 32 47 56 58 65 90 91 
10 9 10 23 25 26 37 39 62 77 87 
10 4 13 19 24 45 72 84 90 92 95 
10 21 24 34 58 63 72 76 88 89 96 
10 0 9 10 29 44 47 58 79 80 82 
10 4 22 29 30 42 52 62 70 80 98 
10 2 10 16 18 19 27 28 45 57 61 
10 2 28 31 45 49 64 65 76 83 98 
10 15 30 48 56 58 62 86 87 95 96 
10 5 7 8 23 37 53 61 79 91 97 
10 13 16 38 54 57 73 75 77 84 85 
10 2 4 20 26 40 52 73 83 94 99 
10 37 38 39 46 47 52 53 82 88 89 
10 11 42 43 47 49 56 71 73 85 93 
10 0 1 7 11 15 24 32 35 40 54 
10 13 16 33 35 55 59 70 74 80 98 
10 24 35 46 47 51 64 67 76 90 94 
10 10 22 34 37 48 49 62 65 77 79 
10 0 14 15 46 52 65 69 83 87 90 
10 11 28 36 49 51 52 80 88 89 97 
10 0 1 12 22 36 58 70 72 78 93 
10 1 18 27 48 60 67 84 86 88 98 
10 13 25 29 30 67 74 82 84 90 95 
10 5 9 20 35 39 41 53 88 89 99 
10 3 8 13 23 27 35 36 39 48 97 
10 7 11 14 31 40 44 47 51 54 66 
10 3 7 30 36 40 42 59 65 75 96 
10 1 17 51 67 73 75 81 87 92 97 
10 9 11 39 42 48 50 52 62 63 78 
10 9 28 34 35 41 42 51 72 79 83 
10 19 20 32 35 46 56 64 78 81 85 
10 6 15 17 33 37 48 85 86 87 99 
10 4 8 12 18 38 57 63 73 83 91 
10 23 31 36 53 66 71 77 82 86 89 
10 4 20 29 33 55 59 66 68 70 96 
10 12 23 26 27 31 43 60 65 72 73 
10 16 22 38 49 57 63 64 81 91 98 
10 0 1 10 44 58 68 74 84 85 89 
10 29 32 70 80 84 88 89 93 94 96 
10 4 21 24 28 31 40 51 72 83 85 
10 12 26 51 55 59 64 68 69 73 87 
10 8 9 30 39 53 59 63 76 85 88 
10 15 21 23 30 40 41 49 58 66 93 
10 11 14 15 48 56 57 65 68 70 87 
10 8 10 11 16 39 44 45 50 83 92 
10 0 5 9 14 20 57 60 63 66 96 
10 7 8 9 16 21 41 63 82 86 89 
10 17 28 38 43 57 61 66 71 84 93 
10 6 17 18 36 56 70 77 81 93 99 
10 0 10 25 26 43 52 58 62 74 92 
10 6 7 33 34 36 50 55 58 63 92 
10 3 18 38 45 60 72 80 87 91 92 
10 21 22 33 49 50 84 86 91 98 99 
10 1 8 26 30 39 64 77 78 82 98 
10 2 12 19 24 33 40 56 71 76 94 
10 2 17 43 51 53 76 80 83 91 92 
10 4 7 11 14 15 18 27 32 40 52 
10 5 19 27 28 38 42 61 74 78 97 
10 3 6 14 20 50 53 59 71 95 98 
10 4 9 12 17 27 35 45 56 69 76 
10 4 17 30 34 41 52 55 62 67 78 
10 20 25 33 44 45 60 61 70 75 95 
10 2 7 33 36 53 54 60 62 64 90 
10 4 22 31 44 54 56 69 75 90 97 
10 24 31 41 50 54 63 66 74 94 95 
10 18 21 26 35 42 44 46 61 64 94 
10 14 26 35 42 46 56 60 61 69 94 
10 3 5 16 23 25 39 41 45 85 86 
10 14 15 23 32 55 59 74 75 78 93 
10 8 25 50 67 72 73 74 78 96 99 
10 7 36 43 61 65 70 71 91 95 97 
10 3 8 12 34 39 61 77 87 88 89 
10 1 6 12 25 31 45 81 84 87 93 
10 16 19 26 31 49 57 61 68 92 97 
10 2 17 32 42 47 50 80 86 93 96 
10 5 13 28 30 38 44 59 75 76 81 
10 6 16 19 21 34 46 54 71 75 92 
