120 600
10 4 6 22 34 44 74 87 104 113 116 
10 16 22 42 45 72 80 83 91 94 113 
10 8 14 29 32 38 41 50 82 88 96 
10 9 48 53 80 82 92 97 99 103 111 
10 0 26 28 48 55 60 90 93 116 118 
10 8 20 34 60 64 65 78 84 104 115 
10 0 15 17 23 24 36 67 76 93 104 
10 11 26 27 28 45 79 89 94 98 109 
10 2 5 9 10 30 65 75 77 95 106 
10 3 8 43 44 48 59 83 94 108 117 
10 8 33 35 43 45 51 61 68 78 104 
10 7 30 37 38 47 66 78 97 108 112 
10 35 45 61 69 71 75 81 90 91 107 
10 63 68 79 85 86 87 105 113 117 119 
10 2 52 62 66 70 87 89 98 100 108 
10 6 26 40 42 46 92 101 104 111 112 
10 1 23 31 36 43 48 58 64 82 84 
10 6 32 48 54 63 84 107 109 110 118 
10 64 67 83 86 91 103 107 109 114 119 
10 25 42 45 50 55 63 71 79 85 114 
10 5 24 34 35 55 72 78 90 92 109 
10 27 30 33 36 65 71 77 78 95 115 
10 0 1 37 67 73 80 99 111 112 115 
10 6 16 26 29 32 35 42 85 88 90 
10 6 20 44 45 61 73 86 100 102 117 
10 19 27 28 42 50 57 88 94 110 117 
10 4 7 15 23 50 67 69 80 102 103 
10 7 21 25 34 41 63 65 83 96 117 
10 4 7 25 37 40 44 62 71 98 100 
10 2 23 40 59 72 77 78 79 106 117 
10 8 11 21 31 41 56 57 67 99 108 
10 16 30 34 64 68 72 97 102 107 109 
10 2 17 23 34 48 66 86 89 93 105 
10 10 21 36 41 42 47 78 80 93 109 
10 0 5 20 27 31 32 56 78 95 118 
10 10 12 20 23 60 73 85 96 101 118 
10 6 16 21 33 47 73 87 103 116 118 
10 11 22 28 38 60 61 68 73 78 119 
10 2 11 37 44 47 64 94 97 100 112 
10 43 46 48 53 66 70 77 81 103 113 
10 15 28 29 55 65 90 92 93 114 119 
10 2 27 30 33 48 71 85 90 97 99 
10 1 15 19 23 25 33 44 68 100 113 
10 9 10 16 39 52 72 95 103 111 115 
10 0 9 24 28 38 42 59 62 71 92 
10 1 7 10 12 19 24 46 52 74 111 
10 15 39 45 63 70 74 99 102 104 113 
10 11 33 36 38 63 64 77 97 100 105 
10 3 4 9 16 17 32 39 41 54 107 
10 50 53 54 63 84 85 95 108 110 114 
10 2 19 25 26 49 72 81 94 96 98 
10 10 59 60 62 73 96 97 102 110 115 
10 14 43 45 62 64 66 85 86 89 115 
10 3 39 49 57 63 85 98 105 108 110 
10 17 48 49 55 78 85 109 112 115 116 
10 4 19 20 40 54 66 67 71 91 99 
10 30 34 61 64 75 82 88 102 109 116 
10 25 30 53 58 83 84 86 93 95 98 
10 16 57 76 80 88 93 94 100 103 112 
10 9 29 44 51 68 76 81 83 101 112 
10 4 5 35 37 51 79 82 95 110 116 
10 10 12 24 37 56 74 75 77 111 113 
10 14 28 44 51 52 76 88 89 92 103 
10 13 17 19 27 46 47 49 53 77 81 
10 5 16 18 31 38 47 52 56 67 98 
10 5 8 21 27 40 76 83 94 99 112 
10 11 14 32 39 52 55 73 89 98 114 
10 6 18 22 26 30 55 64 68 82 118 
10 10 13 31 37 42 59 67 84 108 113 
10 12 26 70 87 89 91 95 100 106 112 
10 14 39 46 69 72 74 81 84 101 110 
10 12 19 21 28 41 44 55 73 76 111 
10 1 20 29 31 43 50 70 96 98 106 
10 22 24 35 36 37 51 66 71 87 90 
10 0 45 46 61 70 86 93 97 101 114 
10 8 12 56 61 81 82 86 90 92 119 
10 6 58 59 62 65 71 77 91 106 112 
10 8 21 29 39 47 61 63 76 101 117 
10 5 10 11 20 21 29 33 34 37 54 
10 7 13 19 29 60 85 104 106 113 119 
10 1 3 22 26 33 58 90 101 107 116 
10 12 39 50 59 63 70 75 89 97 117 
10 2 3 16 56 60 67 75 83 99 115 
10 1 9 18 27 57 59 65 82 105 109 
10 5 16 17 49 57 68 70 105 111 117 
10 13 19 23 35 41 49 52 53 54 79 
10 13 18 24 32 52 57 74 75 91 110 
10 0 13 14 36 69 73 88 90 101 115 
10 2 23 25 56 58 62 87 89 91 119 
10 7 14 32 52 62 66 69 81 88 92 
10 4 12 20 23 40 41 73 75 80 87 
10 1 12 18 55 69 76 86 88 108 118 
10 3 15 20 40 44 62 75 89 94 114 
10 4 6 32 33 40 57 58 74 94 102 
10 1 7 9 25 38 50 58 65 92 93 
10 8 21 34 43 49 57 60 69 102 118 
10 2 27 35 50 51 72 103 115 116 118 
10 3 11 31 38 41 47 51 74 81 117 
10 7 14 28 50 53 57 64 66 72 107 
10 3 22 30 41 46 55 65 82 108 118 
10 14 24 28 38 42 47 58 69 107 119 
10 15 35 59 70 74 77 80 87 105 111 
10 24 26 31 46 51 56 93 95 105 110 
10 3 18 26 36 39 43 58 62 96 104 
10 0 5 6 10 15 46 79 103 106 111 
10 13 32 47 53 83 84 101 102 106 114 
10 8 29 69 72 76 79 104 105 110 114 
10 12 17 18 31 48 80 98 100 114 119 
10 9 11 14 30 49 53 68 91 99 113 
10 7 17 18 20 31 33 54 56 83 116 
10 17 25 49 51 53 60 70 86 102 106 
10 3 15 22 43 45 61 71 84 101 104 
10 11 15 22 38 54 58 59 65 69 76 
10 0 1 13 39 42 46 61 68 79 108 
10 18 19 40 49 66 74 92 105 106 107 
10 5 21 22 43 51 52 54 82 87 96 
10 0 4 36 54 56 60 80 96 109 119 
10 9 13 24 25 27 29 77 81 84 97 
10 4 17 34 35 36 67 91 95 96 99 
10 13 18 37 40 75 79 88 100 107 116 
120 600
10 19 29 35 48 52 69 72 81 83 87 
10 4 12 22 40 41 47 60 87 91 103 
10 18 40 44 49 54 59 68 83 84 112 
10 40 50 67 87 90 91 93 94 105 114 
10 1 8 15 34 38 40 46 93 99 112 
10 6 10 17 56 78 79 97 98 105 108 
10 5 10 19 39 53 71 73 76 84 107 
10 8 27 46 48 52 55 58 87 110 114 
10 4 7 12 22 24 54 72 74 100 109 
10 21 22 26 29 36 66 102 109 114 118 
10 5 6 45 49 50 82 97 98 104 108 
10 12 14 39 42 47 64 70 81 105 110 
10 1 8 11 19 26 30 36 52 101 104 
10 19 44 52 53 56 63 94 103 106 107 
10 11 31 36 43 70 73 89 90 111 117 
10 4 32 33 40 55 59 79 91 102 115 
10 27 29 37 48 54 60 62 69 74 86 
10 5 28 57 63 71 75 76 102 113 117 
10 2 28 33 57 69 77 82 84 85 93 
10 0 6 12 13 49 61 62 83 98 110 
10 24 32 42 43 60 70 91 102 105 115 
10 9 40 65 71 74 80 95 96 98 106 
10 1 8 9 33 42 66 74 78 79 80 
10 30 31 46 53 88 101 106 113 114 115 
10 8 20 26 29 58 80 85 92 105 107 
10 43 63 71 74 77 81 90 100 103 114 
10 9 12 24 32 34 36 40 71 108 118 
10 7 16 36 38 61 64 70 89 95 113 
10 17 18 40 42 67 72 78 81 88 91 
10 0 9 16 24 36 55 57 58 95 116 
10 12 23 39 42 49 56 62 63 73 115 
10 14 23 41 44 47 67 93 99 109 116 
10 15 20 26 33 39 99 100 105 109 119 
10 15 18 22 32 45 50 59 79 93 95 
10 4 26 37 38 52 59 65 74 80 99 
10 0 50 64 82 85 86 93 97 102 116 
10 9 12 14 26 27 29 68 73 98 107 
10 16 34 43 45 46 54 78 96 117 119 
10 4 27 34 45 64 75 76 77 78 81 
10 6 11 30 32 41 57 61 68 102 109 
10 1 2 3 4 15 21 26 28 54 85 
10 1 31 39 53 57 63 66 77 78 90 
10 11 20 22 28 30 64 75 97 103 116 
10 14 20 25 37 48 52 57 63 94 98 
10 2 13 31 46 53 68 80 86 112 115 
10 10 33 37 38 56 58 60 73 75 92 
10 4 7 23 37 44 60 70 72 117 118 
10 1 11 31 50 51 54 59 83 91 99 
10 0 7 16 43 49 72 85 102 108 115 
10 2 10 19 30 48 58 67 70 71 111 
10 3 10 33 35 47 71 89 101 111 112 
10 47 63 66 71 83 84 88 103 105 118 
10 0 7 12 13 34 43 84 92 98 114 
10 6 13 23 41 44 56 65 79 99 104 
10 2 8 16 37 40 47 70 84 90 104 
10 7 15 29 61 63 72 89 92 107 111 
10 5 13 30 45 53 86 95 96 97 111 
10 17 18 29 39 41 43 64 77 86 91 
10 7 24 29 45 49 62 75 76 87 91 
10 2 15 33 34 47 70 74 88 106 112 
10 1 16 20 45 46 85 92 99 104 117 
10 19 27 39 55 68 69 87 88 108 109 
10 16 19 30 58 68 87 88 99 108 110 
10 13 17 25 30 41 43 51 55 82 101 
10 11 27 35 38 42 57 66 75 76 94 
10 21 34 53 72 79 96 108 116 118 119 
10 9 22 41 51 64 69 78 84 104 113 
10 3 28 31 49 80 81 95 98 108 113 
10 2 36 39 44 61 62 81 91 104 109 
10 0 16 18 61 66 89 96 103 106 117 
10 11 14 20 27 46 49 54 59 96 97 
10 6 17 21 25 26 49 50 51 76 83 
10 0 8 28 46 48 55 65 76 114 117 
10 6 14 30 36 45 82 88 105 107 114 
10 8 16 21 22 25 34 59 91 95 107 
10 17 38 42 45 58 64 77 89 93 110 
10 6 17 38 58 64 71 72 101 106 116 
10 18 25 38 41 57 75 96 100 113 116 
10 5 22 28 37 38 41 66 103 110 119 
10 5 15 22 33 53 65 83 95 104 105 
10 21 22 24 34 44 67 84 93 111 117 
10 0 11 25 28 38 67 68 89 92 100 
10 10 18 35 63 73 86 88 89 112 119 
10 0 2 19 47 51 71 79 89 94 103 
10 2 6 18 51 52 54 66 80 86 112 
10 18 24 35 40 48 60 94 98 100 101 
10 16 35 44 56 57 82 84 87 110 118 
10 0 1 3 7 58 61 62 86 94 111 
10 23 28 51 59 61 62 73 82 90 115 
10 14 27 50 55 69 75 81 82 83 95 
10 3 14 25 41 54 88 102 104 114 119 
10 1 3 15 20 28 47 57 58 68 74 
10 24 45 52 55 60 81 101 106 107 110 
10 3 4 18 31 33 35 75 80 113 115 
10 3 13 43 64 83 85 87 97 99 114 
10 21 27 29 33 56 67 74 79 89 112 
10 21 37 56 65 69 70 77 108 113 118 
10 5 10 35 42 56 70 94 100 102 109 
10 5 10 19 21 36 43 52 67 85 118 
10 4 31 32 34 47 53 60 62 94 119 
10 8 25 32 77 81 85 97 112 116 118 
10 12 23 50 63 76 85 92 106 109 115 
10 9 15 17 20 35 39 48 90 97 119 
10 1 13 25 42 51 69 78 83 113 119 
10 10 12 53 54 60 66 68 79 90 110 
10 3 5 11 20 24 32 51 73 79 113 
10 13 21 23 59 69 76 92 101 109 116 
10 6 13 24 36 55 73 74 92 111 117 
10 5 10 26 48 61 62 65 67 96 116 
10 8 9 31 32 39 61 68 97 101 106 
10 7 11 19 62 75 78 86 92 104 119 
10 14 49 50 55 56 80 87 107 112 115 
10 2 4 44 50 59 82 84 95 100 111 
10 17 23 27 66 67 77 93 96 103 105 
10 3 7 9 23 25 52 72 73 90 94 
10 15 20 23 30 44 48 88 93 101 111 
10 29 31 35 42 65 76 77 100 106 108 
10 14 17 37 46 60 69 72 80 107 118 
10 9 26 46 51 65 86 96 98 100 117 
10 32 37 65 78 82 90 99 102 103 110 
