180 900
10 37 46 73 83 88 89 94 147 149 165 
10 37 54 55 61 65 69 99 102 160 166 
10 8 21 40 44 92 107 136 140 144 163 
10 4 10 24 44 67 87 125 139 150 178 
10 3 28 40 59 61 153 154 166 167 173 
10 7 22 24 31 35 68 81 90 118 145 
10 9 24 25 28 32 57 59 101 126 135 
10 5 19 32 72 80 109 129 143 156 165 
10 2 29 43 63 67 73 137 144 165 173 
10 6 24 71 73 80 81 94 128 149 172 
10 3 14 49 81 100 122 128 138 144 150 
10 22 24 33 59 76 83 86 142 143 176 
10 26 33 52 54 71 97 115 128 145 151 
10 24 45 50 97 102 106 121 149 153 155 
10 10 24 46 56 91 120 166 172 177 179 
10 27 45 89 101 102 114 121 144 158 162 
10 19 20 25 77 114 116 131 139 150 156 
10 26 27 40 53 95 101 131 152 153 170 
10 20 41 42 45 76 137 140 168 169 174 
10 7 16 21 43 62 77 81 98 109 121 
10 16 18 55 58 70 74 78 101 119 155 
10 2 19 39 48 72 85 112 113 157 161 
10 5 11 23 69 76 79 93 135 142 174 
10 22 44 67 85 105 109 112 137 151 167 
10 3 5 6 9 11 13 14 49 112 157 
10 6 16 41 71 72 86 109 113 143 146 
10 12 17 52 56 72 131 140 143 146 158 
10 15 17 29 41 85 91 103 104 130 166 
10 4 6 75 96 103 106 110 119 149 164 
10 8 27 49 54 57 60 89 125 145 167 
10 38 51 68 81 90 119 143 152 157 162 
10 5 50 69 83 93 100 105 115 117 125 
10 6 7 46 68 70 77 104 115 124 156 
10 11 12 86 91 124 127 159 165 167 171 
10 44 49 118 129 146 151 168 175 176 177 
10 5 48 51 95 100 113 119 144 146 170 
10 52 71 94 107 112 126 131 139 164 170 
10 0 1 52 77 101 123 128 139 160 172 
10 30 47 61 64 74 104 145 151 162 164 
10 21 45 60 61 70 130 154 157 175 176 
10 2 4 17 75 78 82 116 127 158 169 
10 18 25 27 57 63 75 101 107 135 159 
10 18 48 58 63 95 148 150 158 167 179 
10 8 19 45 50 70 86 113 137 176 177 
10 2 3 23 34 66 93 119 139 149 168 
10 13 15 18 39 43 71 76 79 84 144 
10 0 14 32 78 80 87 94 105 120 135 
10 38 68 74 77 80 111 113 116 174 178 
10 21 35 42 62 68 83 101 117 126 172 
10 10 24 29 34 60 91 112 118 135 145 
10 13 31 43 74 75 92 98 100 131 173 
10 30 35 81 92 94 96 108 122 132 138 
10 12 26 36 37 67 124 126 129 141 143 
10 17 85 107 110 134 136 147 155 168 169 
10 1 12 29 56 66 70 142 156 169 177 
10 1 20 57 63 98 113 115 117 136 179 
10 14 26 54 65 76 82 122 132 171 179 
10 6 29 41 55 63 69 89 99 120 137 
10 20 42 59 67 78 102 120 126 157 176 
10 4 6 11 58 64 91 103 118 125 147 
10 29 39 49 66 92 99 101 116 117 126 
10 1 4 38 39 152 166 169 171 172 177 
10 19 48 76 80 84 87 112 129 158 175 
10 8 41 42 55 57 67 79 86 148 155 
10 38 59 84 106 113 117 119 149 159 177 
10 1 56 100 116 152 155 160 162 170 179 
10 44 54 60 69 106 124 133 150 159 169 
10 3 8 23 52 58 63 68 129 146 151 
10 5 30 32 47 48 67 102 154 164 168 
10 1 22 31 57 66 78 83 131 141 175 
10 20 32 39 43 54 83 126 131 171 174 
10 9 12 25 36 45 74 95 103 124 153 
10 7 21 25 26 107 108 109 118 125 142 
10 0 8 9 74 94 103 122 153 160 165 
10 20 38 47 50 71 73 133 158 161 174 
10 28 40 41 50 96 122 149 166 176 177 
10 11 18 22 45 56 62 102 140 173 179 
10 16 19 32 37 47 88 138 143 161 171 
10 20 40 46 58 69 81 92 93 151 167 
10 22 45 63 82 99 113 121 131 141 164 
10 7 9 46 47 62 102 122 156 161 164 
10 5 9 10 19 30 51 78 108 132 134 
10 40 56 79 95 96 104 110 112 134 154 
10 0 11 31 48 69 70 105 114 140 142 
10 45 62 64 88 99 106 114 115 163 175 
10 21 23 27 53 86 123 136 148 153 170 
10 11 25 33 43 63 85 89 121 135 145 
10 3 46 62 119 130 132 137 139 141 175 
10 0 77 84 104 118 130 143 147 156 159 
10 0 15 29 57 86 99 117 151 167 169 
10 5 30 94 105 108 109 115 149 168 173 
10 14 27 33 49 59 97 98 117 134 162 
10 2 50 51 60 78 98 100 102 120 162 
10 22 31 44 78 107 127 137 166 167 170 
10 0 9 36 46 51 73 90 112 127 136 
10 17 35 42 71 82 104 111 114 153 171 
10 28 51 75 82 127 138 141 163 168 173 
10 12 13 91 114 118 144 146 148 165 171 
10 19 50 55 91 92 109 124 125 139 150 
10 1 57 60 79 84 89 117 131 146 179 
10 10 31 35 50 65 92 111 123 138 164 
10 6 15 17 20 37 41 48 60 108 159 
10 1 13 15 58 68 76 80 92 110 135 
10 27 28 59 71 73 121 125 136 138 140 
10 27 32 38 82 88 95 106 138 153 170 
10 23 31 46 83 90 110 147 148 156 160 
10 13 28 64 66 84 104 110 141 152 157 
10 2 36 41 53 72 93 108 118 150 174 
10 51 72 81 90 101 107 109 116 148 149 
10 7 19 23 25 72 90 98 108 154 159 
10 28 53 82 102 105 106 121 134 147 157 
10 47 95 100 121 123 132 161 167 170 178 
10 21 23 24 36 49 62 82 94 154 178 
10 21 25 35 43 47 55 64 79 154 177 
10 15 16 83 84 95 97 129 130 137 162 
10 12 31 32 55 84 90 123 124 147 169 
10 16 40 47 60 65 108 151 152 171 173 
10 31 48 55 60 64 89 91 99 118 146 
10 5 34 49 59 72 88 97 107 117 124 
10 20 28 30 35 44 64 87 120 159 166 
10 14 46 57 58 92 119 130 134 168 178 
10 13 15 19 79 86 103 110 111 132 169 
10 10 51 56 73 75 80 135 144 162 172 
10 37 85 100 111 115 132 161 163 176 178 
10 32 33 52 66 71 98 115 118 146 151 
10 3 29 31 59 72 98 103 132 145 168 
10 6 36 48 52 58 60 70 140 142 155 
10 33 40 93 94 96 139 155 157 174 177 
10 9 10 12 37 129 133 147 148 160 175 
10 7 34 52 62 67 114 128 158 161 167 
10 27 39 87 88 114 120 142 147 174 175 
10 16 17 26 36 50 69 70 79 99 165 
10 51 56 81 87 111 121 123 125 172 175 
10 66 74 128 140 141 142 144 155 156 171 
10 53 81 82 91 110 120 141 145 160 161 
10 6 22 41 46 49 86 102 122 139 142 
10 2 53 55 85 94 103 149 152 160 175 
10 8 18 23 43 57 87 93 114 144 148 
10 10 51 77 96 100 103 104 146 152 158 
10 3 16 36 37 44 87 98 127 135 152 
10 2 18 26 76 83 103 126 133 164 165 
10 52 69 79 87 96 106 133 134 150 170 
10 11 22 54 72 83 126 130 133 135 168 
10 7 11 25 26 30 52 77 88 153 163 
10 2 8 10 15 35 45 97 122 133 137 
10 5 12 29 38 49 86 125 134 155 163 
10 25 26 34 35 67 97 99 117 124 138 
10 0 53 59 88 105 110 115 128 130 169 
10 42 63 85 97 105 108 128 137 162 166 
10 0 9 13 28 44 64 75 90 108 136 
10 3 10 16 42 66 98 107 141 160 164 
10 12 23 34 38 67 78 89 116 124 154 
10 17 30 61 65 106 116 136 138 139 179 
10 4 13 17 71 73 85 95 104 143 176 
10 4 39 68 82 109 112 113 151 172 176 
10 13 20 53 63 65 126 127 133 145 163 
10 7 16 32 54 80 88 105 133 159 172 
10 21 24 30 39 58 106 110 127 163 171 
10 15 26 40 42 62 74 129 138 174 178 
10 33 41 64 66 88 101 109 119 156 163 
10 1 37 65 73 105 128 134 136 150 173 
10 21 74 77 80 111 123 129 134 173 178 
10 15 30 38 65 91 92 114 122 148 177 
10 2 84 96 123 143 145 155 157 159 179 
10 28 36 38 68 79 80 100 140 150 174 
10 0 7 8 33 73 97 131 140 170 172 
10 1 4 14 27 61 75 93 119 148 178 
10 4 23 29 33 42 78 89 93 111 129 
10 18 34 44 53 68 90 96 120 125 142 
10 18 40 53 54 61 66 89 115 121 147 
10 17 35 36 65 85 93 104 111 141 165 
10 33 56 61 70 77 95 97 116 133 157 
10 9 14 37 48 61 122 132 154 156 165 
10 4 8 50 76 90 96 116 160 161 178 
10 18 22 47 70 74 107 127 130 158 164 
10 34 39 62 69 84 87 128 130 132 136 
10 11 34 39 43 58 75 123 153 154 179 
10 14 34 43 54 61 64 75 113 127 162 
10 3 47 111 112 120 123 158 161 166 173 
10 14 42 55 56 65 76 99 152 163 176 
180 900
10 10 14 48 57 89 96 113 115 153 179 
10 32 45 48 51 58 84 98 99 157 175 
10 8 25 28 44 54 66 88 105 132 143 
10 4 28 52 85 94 124 128 133 157 174 
10 3 6 40 52 72 83 111 154 162 177 
10 9 45 67 78 85 119 127 128 147 166 
10 4 9 25 30 42 60 74 102 142 174 
10 27 39 80 110 114 116 130 135 163 167 
10 2 18 25 45 48 61 83 86 141 146 
10 5 6 11 22 39 59 81 99 139 172 
10 0 15 23 30 48 62 76 118 119 150 
10 9 13 31 40 49 62 79 89 120 174 
10 33 57 64 74 77 88 91 109 133 137 
10 11 19 26 35 85 93 110 123 151 168 
10 0 37 55 93 97 103 126 158 164 179 
10 10 41 44 52 82 106 146 153 158 173 
10 49 91 93 117 119 125 139 141 148 151 
10 36 83 86 89 90 118 132 156 169 172 
10 8 29 74 81 85 101 116 120 150 153 
10 13 41 53 84 100 115 132 144 147 168 
10 38 68 80 86 95 99 100 107 132 161 
10 28 42 45 54 76 100 106 107 142 167 
10 9 35 46 51 63 76 95 121 131 172 
10 10 49 56 88 99 119 136 137 169 170 
10 68 71 73 74 105 114 171 172 176 177 
10 2 6 8 31 70 140 147 153 163 179 
10 13 28 40 64 73 81 106 144 170 179 
10 7 44 50 59 67 84 103 118 134 177 
10 2 3 21 26 33 76 111 121 150 165 
10 18 50 51 55 115 118 126 147 152 169 
10 6 10 46 59 60 61 134 140 142 145 
10 11 25 44 52 55 110 117 126 128 171 
10 1 38 106 112 132 136 141 157 171 177 
10 12 28 55 62 67 74 124 138 157 161 
10 46 68 77 85 107 112 114 120 131 152 
10 13 22 57 59 66 67 128 145 162 164 
10 17 47 82 99 106 144 159 160 168 179 
10 14 50 60 75 86 90 136 138 141 154 
10 20 32 43 88 93 97 101 110 137 140 
10 7 9 42 52 74 97 99 138 144 167 
10 4 11 26 87 92 104 139 142 159 168 
10 15 19 62 69 73 87 110 113 121 131 
10 6 21 39 68 91 111 113 118 149 168 
10 38 46 49 58 73 76 87 100 122 129 
10 2 15 27 31 86 90 98 112 152 178 
10 1 5 8 21 57 101 126 132 158 175 
10 22 30 34 43 74 92 96 112 114 125 
10 36 58 64 71 73 82 107 117 139 178 
10 0 1 8 10 94 104 110 113 135 159 
10 11 16 23 43 69 82 106 121 135 146 
10 27 29 37 56 75 90 92 104 127 155 
10 1 22 29 81 119 136 152 162 165 175 
10 3 4 15 31 39 80 86 107 117 157 
10 19 56 107 116 117 120 138 152 154 155 
10 2 21 57 63 84 104 122 131 158 175 
10 14 29 31 33 60 69 98 104 175 176 
10 23 50 53 86 102 122 125 135 143 158 
10 0 12 35 45 54 87 97 114 115 160 
10 1 43 47 59 69 94 98 102 117 144 
10 9 27 30 35 58 71 108 110 132 176 
10 6 30 37 55 78 131 151 158 162 173 
10 8 30 67 78 87 129 150 156 171 172 
10 10 11 33 41 71 104 109 113 171 173 
10 22 54 108 124 126 129 130 136 141 161 
10 12 26 47 65 109 131 148 162 169 171 
10 64 90 94 114 125 149 151 170 174 178 
10 2 35 68 72 89 108 122 128 156 177 
10 5 27 33 35 61 119 133 153 158 178 
10 20 24 34 42 66 75 92 130 135 139 
10 41 49 55 58 70 78 88 92 171 176 
10 25 69 86 129 135 138 141 160 166 174 
10 24 47 59 62 82 109 116 130 140 162 
10 4 66 83 91 109 113 125 133 143 160 
10 24 26 41 43 47 97 128 149 153 165 
10 6 12 18 24 33 39 46 94 103 123 
10 37 50 68 94 95 111 121 138 163 176 
10 10 21 22 28 43 79 111 142 159 166 
10 12 34 79 88 108 114 136 138 156 179 
10 5 60 61 69 107 115 129 148 162 170 
10 11 76 77 117 123 137 143 156 176 179 
10 7 20 52 91 102 110 152 155 166 172 
10 9 18 26 51 101 148 158 160 168 174 
10 15 36 47 49 71 149 157 163 169 175 
10 4 8 17 72 86 130 134 146 167 178 
10 1 19 27 54 122 123 129 168 170 174 
10 3 5 13 18 34 97 121 150 175 177 
10 8 17 20 37 44 52 56 70 83 140 
10 40 41 43 57 61 102 103 104 114 173 
10 2 12 23 38 69 77 100 155 161 162 
10 0 11 17 66 95 104 125 133 147 172 
10 17 37 44 50 65 91 96 125 165 179 
10 12 16 42 72 80 90 95 148 170 176 
10 40 46 50 68 69 110 112 125 139 151 
10 13 14 16 38 95 96 104 141 166 167 
10 3 48 58 65 74 75 116 125 164 171 
10 20 22 75 89 91 93 99 117 143 160 
10 0 46 90 93 102 108 112 124 130 146 
10 14 38 39 57 73 85 103 104 108 167 
10 1 44 55 58 114 130 142 143 151 164 
10 1 9 20 23 36 39 95 143 173 174 
10 19 20 21 43 88 116 124 131 134 149 
10 18 38 45 81 112 134 136 157 173 175 
10 6 56 58 80 87 96 117 123 134 177 
10 14 27 74 87 97 116 126 140 152 160 
10 40 48 50 54 55 62 87 89 93 97 
10 2 24 109 112 113 116 119 123 155 177 
10 15 21 26 32 36 49 146 149 160 172 
10 20 21 34 47 52 53 78 132 163 166 
10 59 63 66 77 96 97 109 137 150 170 
10 12 62 64 71 72 105 108 123 128 137 
10 7 13 31 38 41 48 59 80 92 124 
10 4 28 42 75 76 127 133 173 176 178 
10 32 34 44 46 92 96 101 105 114 120 
10 0 41 42 48 62 72 105 135 163 169 
10 7 24 34 46 57 65 77 87 98 112 
10 0 19 29 57 78 118 133 153 158 179 
10 7 18 53 71 94 100 103 105 145 156 
10 16 31 47 52 53 58 79 95 102 171 
10 10 17 27 29 42 115 131 147 148 151 
10 5 10 16 23 51 67 105 130 139 169 
10 11 18 34 53 112 133 134 138 165 176 
10 22 28 41 49 75 85 135 148 153 154 
10 43 54 56 66 84 125 148 155 161 178 
10 13 74 79 84 102 105 109 131 138 168 
10 3 33 63 96 100 110 149 153 159 164 
10 16 46 56 65 72 89 90 92 94 122 
10 14 29 31 45 63 103 137 145 166 178 
10 5 50 111 142 143 144 154 155 164 168 
10 3 5 31 35 66 73 109 143 146 164 
10 43 61 63 70 78 84 145 156 159 167 
10 7 63 68 71 83 96 98 119 155 163 
10 22 34 41 54 60 64 100 118 123 134 
10 2 17 19 20 32 45 59 107 163 176 
10 3 12 67 72 89 111 115 120 152 155 
10 27 30 83 100 101 102 120 131 136 170 
10 7 48 49 56 68 70 113 121 144 146 
10 23 32 37 51 63 77 101 134 159 162 
10 12 23 38 79 108 109 126 161 169 178 
10 33 37 39 53 70 75 77 120 123 179 
10 9 16 40 47 68 92 119 145 167 177 
10 25 30 38 71 86 103 143 149 173 175 
10 8 16 32 37 63 70 93 144 148 165 
10 6 21 30 40 76 98 127 151 160 173 
10 2 56 72 79 95 98 99 127 128 140 
10 19 26 36 39 58 127 135 141 147 154 
10 30 35 116 126 129 139 146 156 164 175 
10 8 15 49 83 96 106 128 135 145 147 
10 5 19 25 29 89 118 144 146 154 156 
10 16 64 78 81 91 118 121 122 141 161 
10 42 65 73 82 100 106 124 140 156 163 
10 10 18 28 61 85 108 151 159 170 173 
10 13 16 60 65 92 98 118 142 150 152 
10 29 34 44 51 53 80 103 133 151 157 
10 0 15 18 25 67 73 115 121 124 155 
10 4 37 53 121 127 144 147 164 170 174 
10 50 53 80 88 105 122 127 130 133 153 
10 17 61 66 77 79 116 129 145 147 149 
10 1 3 32 33 52 82 101 152 163 172 
10 14 15 45 54 56 60 67 81 115 166 
10 36 40 48 76 124 129 136 150 162 165 
10 36 57 70 72 81 95 103 106 142 174 
10 20 33 63 88 122 137 148 167 171 172 
10 4 35 51 60 64 71 78 88 136 159 
10 7 25 75 82 107 113 130 132 149 157 
10 14 35 94 98 124 127 128 145 154 165 
10 28 51 73 90 120 141 159 164 166 168 
10 5 70 76 80 93 107 126 158 165 178 
10 7 21 39 83 93 97 129 139 161 169 
10 13 19 36 40 42 81 84 123 127 165 
10 17 23 29 64 82 113 119 137 167 177 
10 23 26 65 78 84 91 108 134 150 154 
10 24 31 32 61 62 64 69 94 117 161 
10 9 17 22 24 61 80 89 106 157 161 
10 15 60 62 87 99 101 111 140 142 150 
10 3 6 11 65 70 81 84 99 154 160 
10 1 45 51 54 55 82 85 101 140 145 
10 24 55 59 69 75 79 91 111 120 132 
10 4 24 27 32 66 85 102 105 139 169 
10 44 47 65 67 83 111 122 126 137 166 
10 0 14 25 26 36 77 79 90 115 138 
