260 1300
10 5 78 107 123 160 177 186 196 219 242 
10 67 76 160 176 180 189 191 200 201 258 
10 20 29 48 96 101 133 172 177 192 253 
10 20 60 76 98 179 189 207 210 248 257 
10 45 52 104 116 122 129 161 171 203 242 
10 0 10 14 18 82 97 128 225 250 253 
10 30 42 106 111 157 164 190 203 231 256 
10 25 30 36 81 89 126 139 195 205 207 
10 50 55 96 109 113 158 170 185 190 213 
10 31 43 47 119 152 161 223 239 246 256 
10 5 13 26 56 80 104 159 204 205 220 
10 66 73 108 145 176 198 199 212 214 235 
10 17 29 58 90 93 121 137 179 214 243 
10 10 55 59 123 136 157 175 188 226 231 
10 5 23 34 37 56 94 133 168 177 205 
10 32 40 98 103 104 159 189 190 212 221 
10 52 62 76 119 123 125 152 178 190 249 
10 12 21 34 49 64 91 182 195 198 204 
10 5 27 111 120 134 137 180 183 222 233 
10 46 61 78 79 112 128 180 185 193 233 
10 2 3 64 76 95 112 128 214 236 258 
10 17 24 44 45 59 89 92 102 192 247 
10 45 58 64 76 90 113 157 191 192 228 
10 14 42 63 82 129 146 178 200 201 228 
10 21 38 65 86 89 144 145 161 177 229 
10 7 41 117 131 148 168 189 201 230 235 
10 10 32 66 81 118 141 164 180 244 249 
10 18 51 55 63 68 114 135 199 202 221 
10 29 47 58 82 99 103 187 208 236 257 
10 2 12 28 37 41 44 95 132 177 185 
10 6 7 94 99 136 141 186 238 239 250 
10 9 54 66 116 118 120 146 188 214 217 
10 15 26 43 71 85 163 171 192 206 240 
10 44 45 49 95 101 109 136 165 168 197 
10 14 17 44 80 86 113 157 170 189 241 
10 69 72 96 97 129 132 168 181 184 188 
10 7 46 65 138 154 178 201 217 220 256 
10 14 29 47 55 101 143 197 199 227 234 
10 24 61 100 120 150 163 193 216 219 253 
10 81 103 119 126 128 129 174 185 243 258 
10 15 68 78 144 153 186 201 206 233 246 
10 25 29 82 127 144 152 191 204 238 252 
10 6 23 79 85 86 119 131 147 152 235 
10 9 32 65 72 81 107 119 133 202 224 
10 21 29 33 34 58 73 114 133 209 239 
10 4 21 22 33 105 115 138 187 206 227 
10 19 36 72 90 136 164 174 189 199 233 
10 9 28 37 84 100 120 123 159 161 163 
10 2 59 64 82 127 148 162 212 247 256 
10 17 33 54 85 112 127 154 168 211 253 
10 8 52 58 68 83 114 127 129 174 237 
10 27 59 62 72 117 131 174 210 226 232 
10 4 16 50 115 133 174 187 207 236 243 
10 58 75 88 143 150 172 187 202 219 247 
10 31 49 66 107 129 162 223 224 252 258 
10 8 13 27 37 110 126 185 238 241 246 
10 10 14 70 85 116 132 138 140 167 252 
10 88 102 125 154 168 213 221 242 253 257 
10 12 22 28 44 50 53 112 123 134 141 
10 13 21 48 51 75 83 175 205 211 245 
10 3 67 83 120 124 142 146 149 194 198 
10 19 38 98 108 142 146 166 168 232 245 
10 16 51 91 98 156 158 187 211 218 240 
10 23 27 95 116 118 139 150 178 186 238 
10 17 20 22 48 79 132 136 155 173 202 
10 24 36 43 106 116 138 168 224 226 248 
10 11 26 31 54 97 121 175 232 254 258 
10 1 60 77 91 119 140 148 181 187 210 
10 27 40 50 155 195 210 215 218 227 245 
10 35 75 137 152 167 186 203 210 212 255 
10 56 91 96 113 122 138 156 194 202 219 
10 32 81 111 130 133 144 145 182 211 224 
10 35 43 46 51 134 151 188 206 233 242 
10 11 44 108 112 133 166 178 195 206 218 
10 101 110 113 132 143 183 199 206 222 244 
10 53 59 69 131 184 191 200 204 229 244 
10 1 3 16 20 22 86 109 121 159 257 
10 67 92 138 140 148 164 171 176 180 185 
10 0 19 40 117 180 193 218 219 234 258 
10 19 42 64 90 160 177 186 211 232 247 
10 10 34 97 107 118 133 155 169 212 234 
10 7 26 39 43 71 105 129 150 167 249 
10 5 23 28 41 48 148 154 208 225 252 
10 50 59 60 105 116 128 206 243 251 256 
10 47 102 115 124 127 135 160 162 240 253 
10 32 42 49 56 124 127 147 148 196 257 
10 24 34 42 76 90 125 166 198 203 230 
10 103 104 109 117 149 150 175 193 210 253 
10 53 57 108 124 131 132 140 165 177 240 
10 7 21 24 117 169 171 192 195 228 233 
10 12 22 46 79 86 96 103 198 236 250 
10 17 62 67 70 135 145 163 220 225 239 
10 21 77 134 147 196 197 207 213 231 255 
10 12 95 124 143 154 169 172 189 242 254 
10 14 30 114 154 165 178 194 225 255 256 
10 20 29 33 63 93 142 148 182 227 234 
10 2 8 35 70 90 109 135 142 160 230 
10 5 35 66 80 112 113 142 159 164 225 
10 3 15 61 62 131 137 142 162 216 218 
10 28 30 100 122 130 147 179 182 232 242 
10 38 47 99 110 111 112 135 184 209 234 
10 2 33 37 74 156 166 173 189 190 254 
10 21 57 84 114 125 134 167 202 209 213 
10 15 28 39 87 90 153 156 178 231 249 
10 4 10 15 87 134 158 182 218 229 257 
10 45 81 83 170 188 199 206 216 222 230 
10 6 65 135 166 176 193 198 200 205 233 
10 0 43 54 80 151 184 190 207 219 241 
10 11 61 73 88 109 143 149 159 194 224 
10 8 33 76 87 96 108 141 147 181 220 
10 55 74 100 128 131 149 180 221 228 251 
10 6 18 71 100 145 146 156 184 188 222 
10 19 20 49 58 73 97 100 189 222 238 
10 8 22 34 70 74 97 126 132 166 177 
10 27 44 50 94 102 123 156 165 182 211 
10 45 52 84 124 152 203 228 247 255 256 
10 4 31 56 63 65 83 130 180 189 229 
10 25 51 78 87 89 142 166 172 254 255 
10 26 31 63 80 145 158 160 164 184 203 
10 9 16 39 42 43 67 215 224 230 245 
10 18 31 38 47 60 162 167 211 214 258 
10 12 66 76 123 138 184 191 208 231 238 
10 4 70 99 178 182 195 220 246 251 257 
10 0 13 16 47 58 114 121 192 208 241 
10 60 84 85 88 93 115 139 149 175 259 
10 16 57 86 102 130 157 171 194 204 209 
10 7 39 55 113 153 161 171 173 221 224 
10 41 48 49 50 84 85 169 188 199 252 
10 5 19 20 39 83 110 153 162 166 214 
10 4 23 35 39 50 54 81 179 204 206 
10 71 99 116 125 151 176 183 187 188 259 
10 25 42 51 75 88 98 110 148 226 245 
10 29 35 56 64 74 88 113 153 223 256 
10 2 14 43 44 52 71 73 80 164 192 
10 18 58 72 92 102 104 159 201 205 218 
10 27 84 91 96 100 106 151 176 202 213 
10 13 30 33 46 64 150 176 204 235 255 
10 12 18 69 98 155 213 215 224 227 232 
10 36 45 56 65 70 77 121 200 216 229 
10 7 63 124 169 182 197 217 220 237 244 
10 56 67 77 88 149 156 193 238 246 258 
10 26 30 58 109 160 165 173 233 235 241 
10 60 61 95 96 97 98 117 220 250 259 
10 37 53 74 93 108 197 198 220 239 244 
10 24 40 41 71 161 162 165 190 235 244 
10 11 24 71 91 111 118 223 229 242 245 
10 23 31 60 61 111 183 187 222 227 252 
10 42 85 92 99 109 151 169 194 230 247 
10 25 48 67 77 82 85 95 131 163 251 
10 60 87 108 110 124 140 190 232 249 252 
10 38 53 63 81 87 136 178 180 223 254 
10 72 107 130 135 147 168 200 221 241 255 
10 9 16 41 42 69 115 169 175 191 245 
10 40 103 126 128 132 184 191 214 243 250 
10 36 49 57 82 93 94 213 226 244 246 
10 64 68 80 137 171 201 218 225 229 252 
10 62 70 101 103 111 114 140 159 198 223 
10 6 13 22 34 125 158 170 185 208 233 
10 8 62 104 118 157 172 174 212 235 239 
10 10 15 47 76 97 108 134 156 234 253 
10 0 1 79 84 96 118 141 167 169 239 
10 4 9 24 47 126 144 170 174 226 237 
10 48 54 84 98 120 128 144 204 211 243 
10 32 38 47 91 148 165 199 210 243 258 
10 6 26 46 77 97 118 133 187 196 211 
10 33 88 94 114 141 144 163 167 225 236 
10 61 73 86 101 106 113 117 128 192 228 
10 56 69 81 102 120 160 165 207 227 240 
10 14 25 33 35 49 57 61 65 151 236 
10 80 89 93 127 139 147 152 160 200 222 
10 8 34 105 157 161 193 218 219 221 254 
10 4 32 77 89 125 126 155 185 186 187 
10 2 53 93 117 158 173 179 181 201 215 
10 64 101 126 141 172 203 234 243 249 256 
10 39 46 50 51 52 158 161 212 237 247 
10 13 59 66 87 124 152 202 203 226 250 
10 1 11 77 106 130 135 136 179 217 223 
10 0 2 14 24 29 79 88 113 182 222 
10 16 23 36 63 73 94 103 122 150 228 
10 3 12 99 129 172 176 216 231 245 251 
10 1 18 19 26 77 78 110 116 150 196 
10 35 67 109 172 197 204 214 217 234 248 
10 17 71 95 99 104 114 122 139 177 244 
10 18 74 130 146 190 191 193 216 235 248 
10 35 75 100 107 111 118 121 153 242 253 
10 8 19 29 39 55 77 157 171 213 250 
10 0 30 40 63 69 79 171 213 232 259 
10 28 45 52 53 62 67 130 146 164 171 
10 13 31 35 72 105 111 127 130 226 231 
10 1 3 15 25 34 46 93 101 112 116 
10 6 8 15 16 101 107 144 149 183 237 
10 1 22 41 75 121 152 153 183 251 252 
10 2 21 22 32 89 123 133 166 208 241 
10 19 38 78 87 106 140 170 183 197 231 
10 60 70 94 108 125 147 217 228 247 248 
10 7 17 68 73 89 122 209 216 223 229 
10 0 85 92 164 180 202 215 224 248 259 
10 33 37 92 139 143 181 193 212 221 239 
10 11 17 60 86 90 106 143 156 207 247 
10 11 27 37 46 74 105 127 163 203 230 
10 1 23 75 106 138 151 169 209 217 250 
10 1 23 25 36 40 134 155 172 209 243 
10 27 43 53 64 70 102 135 175 196 219 
10 4 6 69 86 115 118 173 175 199 240 
10 10 17 41 75 125 129 136 162 181 244 
10 7 10 14 59 106 134 207 230 251 257 
10 32 40 45 72 73 74 83 105 129 216 
10 3 7 52 92 107 167 198 205 208 209 
10 28 82 121 123 157 192 207 220 225 226 
10 44 100 102 125 195 200 201 207 214 226 
10 3 51 67 68 69 87 163 216 236 237 
10 49 59 62 71 79 114 120 162 164 237 
10 11 15 48 69 80 158 174 197 243 257 
10 8 57 92 102 135 137 154 185 186 253 
10 11 12 20 31 120 128 153 181 209 229 
10 68 119 137 172 196 219 220 230 238 249 
10 38 98 105 138 179 183 195 206 210 251 
10 31 36 139 176 181 194 200 235 237 256 
10 62 68 73 78 98 104 134 155 170 246 
10 0 38 53 70 78 107 170 202 215 246 
10 10 36 91 109 122 139 142 143 208 215 
10 15 27 57 110 126 151 170 197 222 228 
10 18 74 105 111 112 146 169 177 221 239 
10 9 54 132 145 150 156 176 195 240 257 
10 43 54 65 71 108 119 126 137 196 254 
10 5 82 91 94 97 155 165 208 228 241 
10 13 51 65 131 154 161 175 188 208 209 
10 37 45 68 95 137 146 167 238 254 255 
10 22 23 89 110 115 166 178 194 221 225 
10 24 75 104 116 138 145 155 195 214 236 
10 25 86 96 105 119 147 199 205 215 233 
10 6 13 92 103 121 179 188 193 238 242 
10 51 61 66 79 99 137 149 186 241 259 
10 18 19 40 46 72 89 106 141 157 230 
10 37 78 80 95 100 159 173 181 236 250 
10 11 25 42 136 141 144 158 183 217 248 
10 20 28 52 90 165 168 210 229 234 249 
10 50 139 161 174 190 210 211 217 248 259 
10 30 41 55 63 112 121 140 215 227 231 
10 9 30 44 91 143 158 160 197 222 250 
10 32 62 84 88 167 203 223 241 242 255 
10 34 55 107 123 141 151 192 225 232 240 
10 0 4 57 72 93 99 145 184 231 240 
10 12 39 52 83 153 162 163 173 201 212 
10 26 74 75 139 143 144 154 182 204 246 
10 59 61 68 119 131 145 152 179 258 259 
10 9 40 55 122 140 154 218 219 244 252 
10 21 48 53 79 115 147 174 194 198 251 
10 3 65 181 183 194 196 235 237 254 259 
10 16 26 81 103 149 173 215 236 254 259 
10 5 30 90 142 153 175 185 200 234 239 
10 83 110 122 148 179 191 205 216 247 255 
10 41 54 56 82 127 146 149 155 191 246 
10 2 5 38 49 57 84 87 159 184 213 
10 66 93 101 117 150 170 224 227 248 249 
10 69 92 94 115 117 136 151 227 240 251 
10 6 9 36 48 83 94 115 132 173 217 
10 3 28 57 76 85 104 122 205 212 223 
10 1 20 39 54 66 78 120 140 163 245 
10 124 130 142 186 196 232 237 245 248 249 
260 1300
10 28 107 165 175 198 211 215 227 235 257 
10 23 29 62 67 75 120 126 181 188 226 
10 32 41 58 71 93 102 132 143 226 231 
10 5 23 38 95 108 122 148 176 235 246 
10 46 64 65 83 121 185 213 217 242 244 
10 3 66 74 82 89 150 154 193 219 229 
10 39 41 54 75 98 125 165 206 230 247 
10 31 41 64 94 102 129 136 201 224 257 
10 15 80 100 117 127 135 139 199 227 241 
10 27 33 39 65 101 113 121 125 168 173 
10 18 104 117 122 127 144 176 177 194 218 
10 26 31 40 92 106 163 173 185 210 247 
10 25 43 75 84 127 138 145 179 184 210 
10 20 24 38 45 55 94 95 112 130 173 
10 16 42 57 63 73 103 136 163 170 222 
10 8 61 91 94 96 125 154 182 215 221 
10 14 32 56 79 80 85 109 116 156 216 
10 18 53 81 83 86 105 117 158 192 223 
10 10 17 27 40 102 129 133 171 223 230 
10 47 57 96 145 173 187 192 209 223 234 
10 13 22 64 82 100 123 161 192 215 233 
10 62 101 124 136 148 154 184 218 222 253 
10 20 48 67 118 126 164 166 171 213 232 
10 1 3 25 91 135 170 181 216 250 258 
10 13 30 50 58 60 64 91 96 186 253 
10 12 23 33 44 48 50 111 140 159 197 
10 11 32 38 39 91 109 172 180 196 243 
10 9 18 59 91 138 143 145 158 208 219 
10 0 29 33 38 51 140 149 159 205 246 
10 1 28 67 130 175 180 182 190 198 236 
10 24 60 111 144 147 160 170 196 243 252 
10 7 11 71 119 121 170 204 230 234 240 
10 2 16 26 38 59 131 187 225 235 258 
10 9 25 28 52 84 112 117 166 204 207 
10 48 79 85 105 114 123 141 177 207 224 
10 63 79 97 105 112 119 133 151 193 211 
10 48 76 80 97 149 155 168 201 243 247 
10 55 89 105 124 133 164 165 180 238 242 
10 3 13 26 28 32 52 78 155 159 184 
10 6 9 26 89 130 131 136 146 186 242 
10 11 18 66 106 119 130 152 178 217 238 
10 2 6 7 97 117 160 162 168 186 245 
10 14 43 111 112 128 148 160 197 225 244 
10 12 42 74 101 107 155 183 197 209 232 
10 25 63 66 128 153 155 163 167 192 240 
10 13 47 63 73 107 127 146 174 232 233 
10 4 49 83 118 130 162 204 227 239 247 
10 19 45 80 89 106 145 170 210 245 252 
10 22 25 34 36 51 102 110 129 147 206 
10 46 61 84 118 133 136 181 202 225 229 
10 24 25 62 63 96 108 143 198 207 236 
10 28 48 68 92 149 173 176 210 237 248 
10 33 38 57 63 67 88 128 202 220 258 
10 17 60 87 89 113 134 167 205 208 244 
10 6 77 95 135 152 156 159 165 209 244 
10 13 37 60 133 137 160 169 187 207 243 
10 16 73 85 180 205 219 220 249 252 255 
10 14 19 52 93 95 110 142 157 160 249 
10 2 24 73 113 145 187 216 221 229 256 
10 27 32 66 70 152 153 185 199 231 248 
10 24 30 53 55 70 146 175 198 212 222 
10 15 49 151 163 165 167 170 178 183 253 
10 1 21 50 124 137 143 146 149 157 179 
10 14 35 44 45 50 52 94 177 206 231 
10 4 7 20 24 111 119 188 210 221 244 
10 4 9 70 80 149 159 173 229 232 257 
10 5 40 44 59 93 104 117 119 122 184 
10 1 22 29 52 68 76 107 118 151 190 
10 51 67 174 178 190 191 220 223 228 251 
10 77 98 124 189 190 196 206 248 254 255 
10 59 60 65 73 95 99 120 123 227 253 
10 2 31 79 82 126 170 197 232 234 249 
10 73 129 169 185 186 192 203 204 223 243 
10 14 45 56 58 70 72 98 172 206 236 
10 5 43 97 112 122 126 145 164 206 235 
10 1 6 12 97 104 107 134 149 154 259 
10 36 67 99 105 106 118 152 172 204 224 
10 54 69 86 96 114 155 162 176 241 252 
10 38 84 115 148 164 179 229 234 241 259 
10 16 34 35 71 81 93 141 209 219 254 
10 8 16 36 47 65 81 130 139 174 178 
10 17 79 80 96 118 169 219 220 232 249 
10 5 20 71 100 109 121 184 194 230 240 
10 4 17 46 94 98 117 151 201 215 252 
10 12 33 49 78 105 113 124 127 135 203 
10 16 34 56 96 103 132 147 198 251 255 
10 17 77 89 99 125 163 189 213 222 257 
10 53 134 140 144 172 194 211 224 234 250 
10 52 116 184 186 188 192 202 218 224 254 
10 5 37 39 47 53 86 94 126 221 222 
10 107 143 148 155 156 169 176 196 199 229 
10 15 23 24 26 27 106 108 114 126 183 
10 11 51 108 118 122 129 131 156 159 237 
10 2 57 66 79 151 160 176 233 248 258 
10 7 13 15 63 83 89 113 128 137 231 
10 3 13 54 57 70 110 117 184 232 250 
10 15 19 24 50 77 81 85 110 112 219 
10 35 36 41 74 75 103 182 195 211 228 
10 6 69 73 83 147 171 203 221 241 256 
10 70 76 86 120 140 154 163 183 213 231 
10 8 20 82 135 150 190 221 226 237 245 
10 9 21 43 134 144 152 166 168 186 236 
10 2 7 18 48 105 117 122 158 209 228 
10 14 85 97 130 145 166 167 193 232 240 
10 10 66 75 180 187 196 231 237 250 258 
10 17 34 35 37 76 84 102 120 145 166 
10 11 40 47 76 91 128 175 185 254 256 
10 0 43 45 67 75 90 138 153 196 250 
10 3 50 91 92 175 177 188 204 225 228 
10 16 26 82 123 139 150 193 221 235 251 
10 48 57 95 96 167 172 201 208 212 253 
10 25 30 42 64 116 134 137 233 234 242 
10 13 33 35 42 74 96 121 122 197 202 
10 9 53 58 84 94 120 127 151 239 259 
10 34 77 91 132 154 161 178 189 203 215 
10 78 129 192 205 208 226 234 236 248 259 
10 16 88 111 150 179 187 191 236 240 255 
10 8 10 17 33 41 66 83 95 102 251 
10 22 46 49 67 76 81 92 126 216 257 
10 31 35 40 64 66 153 172 189 235 248 
10 1 70 99 105 113 180 206 210 238 251 
10 4 9 31 82 112 177 181 229 249 251 
10 3 10 66 74 92 102 112 126 195 256 
10 20 34 70 109 124 144 156 214 236 250 
10 21 37 62 69 84 123 188 205 222 246 
10 6 9 15 86 135 208 215 225 228 239 
10 1 22 71 74 89 91 118 122 192 239 
10 8 10 12 45 84 113 171 242 245 247 
10 42 44 52 94 106 212 220 225 239 240 
10 7 18 48 72 92 115 146 167 203 224 
10 13 29 39 40 46 80 103 189 191 210 
10 32 39 92 139 147 166 174 237 245 249 
10 2 85 114 155 162 183 214 238 239 256 
10 18 35 37 49 55 151 188 195 218 242 
10 53 75 87 101 111 156 189 205 217 257 
10 8 23 54 84 100 125 162 188 213 220 
10 7 14 21 39 49 142 143 161 219 243 
10 55 62 94 111 157 160 162 237 241 245 
10 12 27 107 139 165 169 175 191 214 216 
10 8 80 109 131 138 147 162 196 202 245 
10 25 28 87 99 181 195 198 241 244 245 
10 34 79 148 165 168 203 204 205 216 259 
10 57 136 145 150 179 204 224 232 249 254 
10 2 27 50 62 90 136 160 188 193 255 
10 10 30 87 101 123 197 199 238 242 253 
10 12 19 27 47 58 74 103 105 142 231 
10 39 45 60 62 129 166 208 215 226 240 
10 30 48 85 98 131 139 149 157 191 249 
10 3 21 42 78 90 141 163 172 207 208 
10 28 36 51 62 65 75 147 186 187 237 
10 5 100 109 116 142 152 182 184 229 239 
10 35 61 67 83 93 113 133 154 167 225 
10 40 54 59 76 101 150 178 194 241 245 
10 44 59 107 119 176 197 208 209 216 229 
10 5 15 21 75 99 114 151 174 193 211 
10 36 38 43 44 77 90 132 188 203 247 
10 16 54 90 92 123 134 157 213 221 244 
10 57 62 137 147 156 194 218 223 227 246 
10 17 27 102 164 173 179 181 227 234 237 
10 25 28 38 54 65 92 196 230 242 259 
10 30 41 42 55 57 93 137 143 204 247 
10 20 114 136 177 179 197 200 217 218 256 
10 41 46 77 132 135 137 139 175 195 217 
10 11 14 44 61 86 99 148 180 193 243 
10 22 37 74 78 158 169 225 235 241 243 
10 0 6 37 54 61 138 141 191 195 207 
10 22 33 101 103 105 131 146 201 233 238 
10 44 53 61 103 110 129 151 227 233 258 
10 9 36 41 101 141 174 182 197 212 220 
10 55 72 81 90 138 164 173 179 190 238 
10 14 23 30 31 47 61 71 177 195 231 
10 18 22 98 127 191 195 214 230 239 253 
10 26 73 76 87 110 119 148 246 249 258 
10 9 11 13 19 51 65 158 169 247 254 
10 45 68 80 131 154 168 184 201 205 229 
10 0 29 60 106 108 138 162 203 236 252 
10 3 10 51 77 90 93 153 216 223 226 
10 10 34 63 108 121 161 170 209 228 245 
10 40 61 68 80 114 152 189 201 224 227 
10 12 62 78 116 142 158 161 169 194 201 
10 26 29 37 56 104 120 163 226 252 257 
10 1 23 49 121 140 158 202 210 220 238 
10 15 29 97 150 168 199 207 213 219 227 
10 43 61 91 99 132 209 215 216 221 240 
10 12 21 38 66 82 88 95 150 174 200 
10 4 11 59 72 106 192 205 217 233 253 
10 24 39 41 72 88 101 149 209 230 233 
10 19 32 55 58 104 116 149 198 239 257 
10 1 64 88 108 124 133 135 143 155 256 
10 69 86 114 119 130 134 178 202 214 254 
10 29 67 68 69 100 169 200 241 250 255 
10 68 116 130 138 147 165 171 196 212 246 
10 17 19 20 44 72 88 115 126 185 195 
10 5 35 103 109 143 154 163 208 252 258 
10 10 82 87 152 157 179 214 231 250 258 
10 97 122 133 140 162 165 170 171 192 211 
10 26 30 69 90 104 107 139 159 191 247 
10 25 42 43 71 112 144 153 161 168 248 
10 0 29 50 60 85 140 187 202 228 250 
10 8 59 90 144 182 231 237 238 242 248 
10 161 184 190 203 207 223 227 230 238 254 
10 7 36 83 110 166 174 178 179 202 234 
10 49 52 88 112 139 181 189 198 201 243 
10 72 84 98 114 129 141 155 175 200 223 
10 31 33 46 72 76 108 141 142 160 223 
10 28 53 56 115 124 134 141 174 185 206 
10 6 48 63 69 73 74 120 205 226 232 
10 33 34 50 55 148 165 182 200 220 257 
10 27 53 110 115 125 146 148 153 193 214 
10 19 43 54 79 102 153 177 183 186 248 
10 11 12 47 51 64 120 130 181 219 251 
10 0 35 87 97 154 195 217 222 251 253 
10 60 110 128 168 191 214 215 217 222 252 
10 4 22 86 99 135 156 182 224 240 248 
10 123 132 138 171 189 194 208 212 228 259 
10 0 15 20 83 114 125 146 183 212 256 
10 16 23 58 118 138 141 153 176 183 244 
10 4 40 134 161 162 185 211 212 218 242 
10 10 21 88 133 157 161 217 226 246 253 
10 5 27 56 79 81 96 136 182 210 244 
10 52 56 68 81 128 135 168 181 207 249 
10 15 58 64 89 98 100 109 156 183 250 
10 14 21 60 86 89 124 211 212 239 244 
10 17 18 19 68 72 157 176 200 203 204 
10 7 34 76 87 88 129 142 178 213 235 
10 32 42 49 108 125 128 151 164 258 259 
10 1 2 100 115 146 176 180 206 218 254 
10 0 8 46 70 157 158 167 178 182 200 
10 68 97 102 108 125 177 198 214 230 246 
10 5 49 58 65 78 90 121 150 153 174 
10 6 18 31 82 159 171 186 200 228 247 
10 2 59 63 94 99 104 145 170 194 199 
10 22 43 45 65 71 81 95 103 142 206 
10 20 45 93 111 166 167 185 186 235 252 
10 19 31 71 78 87 111 115 158 201 259 
10 0 3 32 74 109 119 164 224 233 251 
10 29 50 73 101 115 116 123 175 246 254 
10 51 92 100 104 131 137 149 158 199 255 
10 37 40 120 132 144 166 169 181 199 200 
10 46 113 125 126 128 132 150 171 187 222 
10 31 44 82 103 116 128 146 183 213 255 
10 8 77 78 98 137 140 152 164 190 259 
10 4 37 39 111 127 133 144 159 199 217 
10 26 30 36 55 72 136 163 164 202 255 
10 4 42 53 54 64 140 156 216 219 222 
10 41 47 100 127 131 137 139 140 152 177 
10 3 28 124 157 172 191 218 228 236 256 
10 6 11 36 46 127 155 160 173 196 230 
10 51 59 69 93 115 119 197 199 209 213 
10 56 57 71 81 121 131 142 147 172 220 
10 23 87 95 104 107 123 190 194 198 221 
10 68 85 109 117 120 121 210 211 235 255 
10 30 47 56 77 83 175 180 193 212 233 
10 21 24 61 70 110 144 171 185 211 218 
10 69 79 88 106 142 173 189 200 226 236 
10 56 69 85 116 143 190 237 240 243 251 
10 58 98 106 122 132 161 188 215 246 257 
10 0 7 65 86 118 134 180 187 207 256 
10 23 32 52 93 104 167 172 193 194 225 
10 75 78 113 115 141 159 214 225 234 241 
