200 1000
10 13 50 53 73 74 92 112 114 137 183 
10 49 59 70 77 92 118 131 132 143 157 
10 4 18 61 75 97 114 120 150 151 195 
10 21 40 48 89 103 123 127 169 182 199 
10 2 50 63 69 71 80 111 126 159 199 
10 17 35 38 59 103 120 122 141 145 178 
10 30 33 35 89 108 167 168 181 187 196 
10 21 41 52 98 115 153 159 162 163 199 
10 12 25 29 50 56 75 95 97 104 169 
10 15 26 94 101 107 131 152 159 165 174 
10 11 29 30 50 52 65 88 98 149 151 
10 10 12 14 29 32 46 63 113 170 186 
10 8 11 41 57 67 100 123 173 176 197 
10 0 20 74 78 114 128 132 138 150 160 
10 11 53 59 61 78 87 142 158 177 181 
10 9 96 101 117 123 128 142 157 188 194 
10 26 55 76 85 111 133 140 165 181 186 
10 5 30 68 80 117 137 160 175 179 182 
10 2 30 35 55 70 113 139 145 175 190 
10 30 39 66 79 88 109 153 189 197 199 
10 13 21 28 53 73 139 159 161 165 179 
10 3 7 20 52 54 61 70 71 105 141 
10 24 28 33 59 65 135 145 153 159 171 
10 45 47 128 151 167 172 178 184 191 193 
10 22 34 49 60 95 106 136 137 168 189 
10 8 26 37 46 73 75 90 91 99 196 
10 9 16 25 46 53 56 76 144 164 193 
10 40 64 68 72 76 81 122 137 176 189 
10 20 22 49 83 101 111 127 128 155 156 
10 8 10 11 40 46 146 154 157 159 180 
10 6 10 17 18 19 63 80 88 161 169 
10 57 76 80 91 116 149 171 180 183 192 
10 11 84 99 101 103 132 147 150 166 191 
10 6 22 54 56 107 129 137 152 173 194 
10 24 55 83 91 119 141 143 174 191 197 
10 5 6 18 61 84 108 142 143 153 174 
10 42 48 52 62 83 102 120 165 180 184 
10 25 48 75 90 117 126 140 147 160 169 
10 5 54 69 80 121 124 129 154 164 181 
10 19 47 67 76 93 95 143 151 167 175 
10 3 27 29 52 54 60 107 133 138 160 
10 7 12 42 84 87 105 155 177 184 199 
10 36 41 66 71 110 116 117 125 175 176 
10 51 71 95 97 111 134 144 158 191 197 
10 52 62 73 88 99 109 120 162 170 191 
10 23 61 66 73 106 121 129 133 177 184 
10 11 25 26 29 56 104 150 158 179 185 
10 23 39 86 98 137 138 143 152 155 185 
10 3 36 37 67 72 114 133 134 163 199 
10 1 24 28 79 90 103 131 151 170 182 
10 0 4 8 10 74 87 90 120 148 170 
10 43 71 98 105 114 122 138 142 186 194 
10 7 10 21 36 40 44 80 85 95 189 
10 0 14 20 26 80 88 130 132 194 199 
10 21 33 38 40 55 81 111 116 155 182 
10 16 18 34 54 61 69 110 122 143 177 
10 8 26 33 46 90 152 154 174 182 187 
10 12 31 84 87 90 119 136 179 180 188 
10 79 82 89 92 126 137 139 149 152 190 
10 1 5 14 22 110 120 175 188 197 198 
10 24 40 67 84 88 99 112 128 149 194 
10 2 14 21 35 45 55 75 86 88 190 
10 36 44 68 83 90 107 110 127 151 181 
10 4 11 30 118 122 148 152 167 173 175 
10 27 129 156 162 163 164 179 187 193 197 
10 10 22 70 86 104 134 158 169 171 176 
10 19 42 45 74 78 100 108 156 191 196 
10 12 39 48 60 77 86 144 159 163 178 
10 17 27 62 107 123 130 148 157 177 198 
10 4 38 55 75 83 97 102 154 184 187 
10 1 18 21 65 72 113 139 146 171 172 
10 4 21 42 43 51 74 77 104 146 192 
10 27 48 70 111 161 163 166 188 191 198 
10 0 20 25 44 45 98 112 145 160 165 
10 0 13 50 66 71 110 135 171 172 181 
10 2 8 25 37 61 69 94 117 128 166 
10 16 26 27 31 39 99 140 154 162 170 
10 1 67 71 100 125 154 157 168 172 173 
10 13 14 66 93 102 121 122 131 145 173 
10 19 49 58 87 117 122 137 148 183 186 
10 4 17 30 31 38 52 53 162 172 198 
10 27 54 85 89 128 140 155 164 185 188 
10 58 84 91 96 105 107 123 142 162 188 
10 28 34 36 62 69 92 99 151 155 195 
10 32 35 41 57 60 82 86 99 116 197 
10 16 52 81 104 110 131 146 170 174 187 
10 47 61 65 67 84 92 111 138 161 193 
10 14 41 50 57 79 94 109 121 136 194 
10 10 19 30 44 53 60 61 112 151 166 
10 3 6 58 81 115 144 150 168 189 198 
10 25 37 49 50 56 57 62 133 176 177 
10 25 31 34 82 114 130 135 143 176 185 
10 0 1 58 83 86 104 131 135 163 188 
10 39 78 126 127 133 135 157 161 168 178 
10 9 75 87 100 104 114 127 161 175 181 
10 8 24 39 43 52 100 108 109 139 164 
10 15 82 103 121 144 148 156 160 182 193 
10 2 8 43 69 109 122 140 141 142 168 
10 7 10 47 51 73 142 153 166 170 192 
10 25 32 44 60 76 83 84 115 149 176 
10 12 66 77 94 95 139 178 186 189 199 
10 9 15 28 32 125 132 181 187 195 198 
10 36 69 78 116 142 143 145 164 179 199 
10 3 5 32 49 96 120 174 180 183 193 
10 8 46 65 71 85 92 94 109 124 162 
10 21 41 51 82 106 123 130 149 171 188 
10 24 45 105 123 146 149 162 174 183 195 
10 9 33 40 62 68 82 112 124 154 193 
10 6 35 66 95 115 118 125 140 144 149 
10 19 44 87 95 97 104 115 132 146 150 
10 42 55 59 62 74 85 125 141 164 180 
10 4 16 28 43 54 72 86 118 160 179 
10 0 60 73 88 107 114 119 122 125 146 
10 11 18 70 142 156 158 168 173 187 189 
10 0 2 13 48 51 91 94 112 115 195 
10 7 89 99 108 109 114 119 137 151 171 
10 31 42 54 84 102 130 156 158 178 185 
10 15 17 37 42 75 79 134 140 153 176 
10 1 63 108 111 136 146 163 177 183 196 
10 34 57 112 115 129 147 148 155 157 198 
10 2 5 36 44 50 59 103 121 126 166 
10 38 45 78 87 96 120 133 138 172 182 
10 5 27 51 55 63 78 79 97 112 124 
10 3 12 15 68 82 105 106 127 190 198 
10 38 104 107 122 125 129 133 186 192 195 
10 42 77 101 108 110 112 124 127 128 178 
10 4 37 58 93 120 131 180 182 189 192 
10 3 28 62 93 94 123 125 145 155 181 
10 13 15 23 28 60 75 81 125 145 195 
10 33 38 45 64 119 124 162 167 183 184 
10 53 68 91 105 116 131 132 140 152 164 
10 1 9 49 78 85 92 126 130 136 170 
10 1 13 32 53 101 109 130 147 168 169 
10 16 40 45 48 90 93 121 124 152 195 
10 43 48 65 117 153 156 169 190 192 196 
10 22 74 91 92 93 152 170 179 184 192 
10 24 57 87 118 131 142 150 168 182 198 
10 0 17 24 27 33 47 58 79 115 173 
10 13 40 47 51 86 121 144 147 149 177 
10 18 20 58 70 95 100 141 174 187 191 
10 16 37 76 81 97 108 117 130 163 196 
10 5 21 34 97 110 139 159 160 173 190 
10 14 15 35 51 82 97 98 102 113 136 
10 1 34 35 39 47 55 91 102 147 173 
10 26 43 67 89 96 108 138 151 167 179 
10 5 18 22 73 78 102 127 128 190 194 
10 29 70 71 85 106 109 112 118 150 173 
10 32 37 119 132 138 143 148 165 183 195 
10 50 63 68 79 96 119 147 167 182 193 
10 10 31 58 60 99 105 106 108 138 196 
10 2 13 32 46 89 109 136 146 153 199 
10 2 10 23 39 49 62 83 88 115 144 
10 9 33 47 56 58 63 130 133 135 185 
10 7 19 22 35 98 117 134 150 157 179 
10 29 38 56 69 76 77 107 175 185 189 
10 28 41 47 54 81 83 119 127 163 192 
10 28 64 66 96 113 116 134 167 185 196 
10 1 15 29 68 77 93 119 153 158 178 
10 14 43 46 65 113 116 157 170 171 180 
10 4 7 9 20 22 29 67 141 166 167 
10 13 17 37 40 73 96 111 141 172 184 
10 20 30 72 86 93 94 169 175 177 197 
10 7 44 64 76 80 82 104 106 129 197 
10 7 48 64 67 72 92 118 140 155 164 
10 26 38 64 81 95 102 110 130 163 166 
10 9 16 20 36 73 147 178 185 191 194 
10 32 72 75 88 98 120 159 164 186 190 
10 6 23 39 63 129 144 148 156 159 185 
10 6 24 77 89 93 97 113 132 136 195 
10 3 8 30 37 65 132 134 161 171 178 
10 11 44 49 50 76 85 98 131 135 158 
10 22 31 65 70 74 105 115 158 169 172 
10 23 70 74 77 80 121 160 171 186 197 
10 12 33 63 77 78 113 137 141 143 146 
10 9 34 35 56 85 103 106 139 183 184 
10 17 18 39 42 59 63 94 154 161 177 
10 12 27 42 65 90 91 99 117 189 196 
10 14 41 45 55 68 90 118 138 161 175 
10 5 23 67 93 100 116 125 157 165 169 
10 17 20 46 57 64 102 111 135 144 153 
10 29 31 36 57 103 110 126 158 186 193 
10 6 14 16 38 62 74 94 101 127 188 
10 3 17 49 54 56 96 121 126 136 148 
10 0 31 79 103 106 118 129 147 174 190 
10 23 36 41 45 69 129 135 160 174 192 
10 46 47 81 91 116 152 154 156 165 167 
10 11 16 51 79 100 124 166 172 180 193 
10 6 56 64 69 85 101 113 139 192 196 
10 15 57 59 72 81 82 92 105 181 194 
10 19 24 27 52 89 100 113 126 154 176 
10 18 58 61 123 134 141 145 166 183 198 
10 23 32 34 43 44 66 72 139 165 194 
10 31 71 98 124 126 134 135 155 184 187 
10 23 26 64 86 96 103 107 148 180 186 
10 15 33 51 53 60 87 145 165 188 191 
10 2 83 101 106 114 124 128 133 147 168 
10 6 25 66 118 134 140 149 156 176 187 
10 12 19 34 43 59 64 84 161 162 172 
10 59 68 72 80 89 101 119 123 136 190 
10 3 4 7 19 41 48 53 100 102 150 
200 1000
10 12 18 34 84 88 91 120 130 154 161 
10 23 34 71 92 127 134 147 149 154 165 
10 48 57 88 102 103 151 170 171 181 184 
10 6 20 42 61 105 114 140 172 175 186 
10 38 44 54 55 70 100 119 129 155 160 
10 22 38 101 117 118 162 168 183 188 189 
10 3 13 41 74 126 135 148 181 184 199 
10 10 50 63 75 86 106 109 135 150 198 
10 26 40 68 70 74 76 78 150 157 169 
10 13 26 44 48 73 76 85 151 176 191 
10 7 21 24 30 46 112 121 169 189 192 
10 13 28 74 75 85 107 116 128 158 184 
10 0 14 33 49 60 66 108 142 164 168 
10 6 9 11 59 68 73 93 139 187 190 
10 12 37 71 115 118 147 153 167 180 190 
10 16 19 34 35 55 57 65 129 134 158 
10 15 22 57 80 88 108 132 139 160 193 
10 67 80 92 96 97 101 110 131 147 185 
10 0 58 66 81 89 100 144 149 182 192 
10 15 43 51 96 137 156 163 168 180 184 
10 3 45 51 61 62 90 116 123 130 134 
10 10 81 90 96 97 108 128 163 173 190 
10 5 16 29 31 48 79 90 98 121 150 
10 1 39 77 86 89 94 134 153 162 181 
10 10 76 126 133 153 159 166 173 186 192 
10 45 79 83 107 110 114 128 133 156 199 
10 8 9 56 79 88 113 164 167 171 199 
10 103 113 114 124 132 145 154 169 178 186 
10 11 30 35 67 76 89 135 156 160 173 
10 22 53 89 108 112 133 152 155 180 188 
10 10 28 37 69 150 152 159 163 165 195 
10 22 45 50 69 95 106 138 141 171 192 
10 78 79 80 104 121 125 157 158 184 190 
10 12 38 61 63 85 98 112 156 163 189 
10 0 1 15 46 99 115 119 130 147 195 
10 15 28 40 49 66 85 150 163 191 194 
10 54 83 100 107 109 115 120 123 146 193 
10 14 30 60 73 86 126 137 160 161 181 
10 4 5 33 59 86 94 112 194 195 199 
10 23 47 73 109 125 149 154 173 178 187 
10 8 35 43 54 72 83 136 140 157 177 
10 6 50 57 71 75 76 171 175 182 194 
10 3 76 102 140 150 166 183 187 194 196 
10 19 40 46 94 107 119 128 177 180 181 
10 4 9 99 108 110 144 159 166 191 196 
10 20 25 31 47 74 124 153 157 164 177 
10 10 34 43 89 91 109 115 121 125 128 
10 39 45 72 122 130 135 138 146 170 183 
10 2 9 22 98 121 144 157 177 186 198 
10 12 35 93 98 101 117 129 145 178 179 
10 7 31 41 94 104 145 148 158 171 199 
10 19 20 90 93 112 151 165 187 188 194 
10 55 56 58 78 114 126 133 139 167 179 
10 29 61 82 91 123 137 156 158 161 166 
10 4 36 40 66 78 136 166 170 174 182 
10 4 15 52 56 98 122 134 135 138 149 
10 26 52 55 81 99 132 143 174 179 189 
10 2 15 16 41 72 74 118 151 191 195 
10 18 52 82 88 95 125 145 159 162 164 
10 13 38 75 79 82 103 111 133 146 176 
10 12 37 100 105 118 131 138 176 196 199 
10 3 20 33 53 67 69 111 113 178 195 
10 20 83 84 101 107 127 136 148 178 191 
10 7 33 95 109 127 137 138 154 183 189 
10 65 69 76 84 106 113 145 189 190 192 
10 15 64 91 100 116 134 155 185 193 199 
10 12 18 35 54 97 127 145 155 187 191 
10 17 28 61 70 74 80 83 87 142 170 
10 8 13 79 87 100 101 117 138 139 198 
10 30 31 61 64 77 82 90 113 138 155 
10 4 8 67 127 133 172 182 190 197 198 
10 1 14 41 103 121 150 152 155 164 168 
10 40 47 57 111 121 133 141 163 172 196 
10 9 13 37 39 95 108 136 138 155 177 
10 6 8 11 45 57 67 81 108 178 193 
10 7 11 41 59 78 103 105 118 151 181 
10 8 9 24 28 41 42 64 151 159 167 
10 23 69 93 97 115 125 156 188 195 196 
10 8 32 52 54 75 94 118 152 164 169 
10 22 25 26 32 59 68 129 146 147 165 
10 16 17 32 67 81 95 117 172 188 195 
10 18 21 56 74 80 136 157 158 168 188 
10 53 58 59 69 99 131 132 150 168 185 
10 25 36 40 62 67 106 109 134 169 185 
10 0 62 64 105 108 122 125 148 156 176 
10 9 11 33 35 123 124 155 160 183 194 
10 7 23 37 38 92 99 142 172 185 192 
10 67 68 110 115 122 128 167 184 186 196 
10 0 2 16 26 58 117 119 136 141 193 
10 18 23 28 29 46 104 120 158 164 185 
10 20 21 22 51 69 105 126 131 152 191 
10 0 46 53 65 92 101 103 118 142 185 
10 1 17 86 91 93 98 127 136 162 169 
10 13 49 51 77 92 111 140 149 161 191 
10 23 38 43 50 78 108 116 160 174 197 
10 31 58 63 73 80 102 130 143 174 192 
10 17 19 21 123 165 178 181 185 186 198 
10 17 21 66 77 102 113 132 142 166 198 
10 22 33 48 49 55 92 119 121 182 186 
10 34 44 56 82 86 108 122 124 136 186 
10 4 18 36 60 65 68 103 121 158 181 
10 5 17 49 62 68 91 143 170 174 194 
10 2 42 95 97 122 147 165 175 179 193 
10 2 27 59 71 75 91 100 179 180 198 
10 32 50 89 109 114 117 122 139 161 184 
10 3 60 75 84 90 114 128 139 179 184 
10 7 31 64 83 126 137 144 175 182 197 
10 11 25 36 43 62 140 162 171 188 193 
10 12 16 21 29 44 73 74 84 94 99 
10 7 36 39 46 63 83 104 145 187 197 
10 17 25 44 87 120 146 159 170 190 197 
10 59 61 72 93 119 130 135 136 147 165 
10 10 29 33 38 51 145 147 153 158 171 
10 26 27 61 64 69 97 122 163 173 190 
10 3 25 27 52 104 105 130 189 195 198 
10 14 34 36 46 77 87 132 159 160 180 
10 11 20 65 94 119 124 137 140 170 197 
10 5 49 68 80 88 104 146 154 184 186 
10 5 14 57 60 75 78 91 140 188 190 
10 4 34 43 88 98 111 116 129 157 177 
10 0 36 89 110 129 143 161 171 182 196 
10 10 22 32 46 48 71 72 98 100 139 
10 47 55 84 87 99 102 104 113 143 179 
10 20 36 53 85 96 126 129 171 172 187 
10 27 45 85 99 116 126 133 169 175 176 
10 32 39 46 58 77 84 142 159 168 182 
10 6 24 37 52 90 106 123 124 175 185 
10 1 62 63 66 70 92 146 156 188 197 
10 11 21 25 43 46 87 105 164 194 196 
10 4 15 49 79 119 120 123 135 148 151 
10 0 20 34 47 95 111 114 144 163 180 
10 17 60 82 90 141 142 154 161 176 198 
10 16 27 56 82 97 115 138 145 155 199 
10 24 25 29 52 59 70 72 124 153 179 
10 1 15 20 23 55 65 83 137 176 195 
10 6 7 28 47 55 111 129 151 180 194 
10 40 54 62 73 81 88 92 99 111 173 
10 19 37 53 63 106 116 134 143 180 189 
10 31 47 55 60 63 68 69 73 132 153 
10 13 16 52 68 104 105 121 162 172 178 
10 3 40 42 93 107 116 118 142 144 177 
10 31 72 88 131 146 151 174 182 183 198 
10 12 67 86 91 97 125 131 140 143 144 
10 56 95 101 120 122 137 142 152 154 188 
10 18 44 48 106 130 140 142 154 170 186 
10 27 49 50 58 64 66 109 112 132 183 
10 36 47 59 79 110 117 127 141 178 194 
10 1 14 17 34 79 102 111 112 148 169 
10 6 50 62 84 129 147 152 153 159 175 
10 1 18 39 55 93 153 162 164 168 170 
10 7 8 22 30 35 42 71 82 154 172 
10 2 9 51 57 75 76 129 135 141 153 
10 29 30 71 78 90 143 148 167 175 177 
10 14 23 24 45 112 133 138 148 149 151 
10 0 1 27 39 63 117 131 143 144 150 
10 4 29 65 66 69 71 73 85 132 187 
10 19 25 28 33 53 77 84 127 167 168 
10 8 32 40 45 48 81 119 169 173 180 
10 11 15 32 50 53 81 89 100 112 161 
10 24 30 44 58 76 110 115 125 148 177 
10 4 16 28 37 85 94 115 166 172 184 
10 0 37 53 93 104 120 131 158 167 191 
10 5 23 58 92 107 139 149 165 187 199 
10 19 21 30 33 35 72 113 130 173 193 
10 12 26 45 58 71 78 89 128 149 189 
10 1 30 51 79 96 102 111 162 176 182 
10 24 42 44 53 54 97 160 174 183 187 
10 14 26 52 76 87 152 156 161 174 183 
10 5 12 19 71 81 82 125 149 156 173 
10 8 10 27 78 83 92 124 147 157 192 
10 2 47 54 67 101 110 116 144 149 193 
10 2 26 31 41 50 107 112 120 123 189 
10 3 70 72 80 86 123 139 150 160 173 
10 21 24 28 39 113 136 157 163 168 172 
10 54 56 94 95 101 141 166 167 181 191 
10 3 41 102 106 124 126 148 152 196 197 
10 9 59 60 84 124 131 134 165 181 192 
10 40 43 45 48 73 119 140 152 159 179 
10 27 39 49 61 62 74 96 139 146 190 
10 49 52 56 102 103 105 122 133 177 196 
10 14 19 29 43 103 115 130 135 137 157 
10 2 6 23 37 43 75 96 100 174 176 
10 18 41 54 70 98 106 120 125 141 165 
10 5 42 47 63 85 141 145 166 167 193 
10 2 6 11 19 32 87 104 105 117 160 
10 17 65 82 83 86 89 91 96 126 192 
10 3 24 27 48 87 96 98 99 117 144 
10 13 39 42 51 66 109 123 155 162 166 
10 5 29 51 77 80 81 107 118 127 143 
10 5 10 33 56 63 64 114 137 164 171 
10 13 14 21 32 64 70 110 113 118 178 
10 9 35 44 57 62 66 90 93 161 174 
10 10 18 24 31 64 86 95 169 176 185 
10 16 36 65 74 88 102 107 163 170 183 
10 35 38 41 42 51 85 101 128 135 146 
10 30 34 38 57 61 77 80 114 134 197 
10 42 44 60 72 77 87 120 128 175 179 
10 70 94 106 109 110 116 127 175 195 199 
10 7 48 68 70 96 97 103 114 131 141 
10 6 25 26 38 50 60 65 132 162 197 
