280 1400
10 8 16 22 67 93 130 155 213 223 273 
10 59 92 95 118 153 183 206 218 220 244 
10 25 37 56 63 67 121 131 156 195 215 
10 11 29 37 64 116 132 148 230 262 273 
10 27 49 95 97 106 141 172 192 212 234 
10 68 95 122 146 183 224 225 241 245 254 
10 22 41 66 110 164 174 186 220 237 255 
10 37 40 76 87 109 111 128 210 227 277 
10 0 116 125 134 151 181 196 205 247 266 
10 26 89 113 166 184 208 223 232 255 275 
10 18 27 44 64 109 161 173 183 222 243 
10 3 19 34 54 73 74 107 149 167 177 
10 17 38 48 73 92 96 252 257 259 276 
10 35 74 142 173 184 216 228 263 271 279 
10 27 41 90 155 169 179 201 223 255 266 
10 66 120 142 143 150 165 176 191 226 246 
10 0 40 56 70 81 94 117 175 249 269 
10 12 29 45 60 64 110 153 196 210 236 
10 10 40 44 100 108 121 166 169 207 209 
10 11 55 57 99 151 153 204 222 256 263 
10 24 32 68 72 97 119 125 132 149 178 
10 106 110 122 125 129 176 211 217 227 244 
10 0 6 53 61 106 133 178 205 217 240 
10 29 39 50 82 85 137 138 163 191 234 
10 20 59 144 158 193 204 210 214 226 274 
10 2 29 83 94 137 171 191 200 208 217 
10 9 51 85 103 118 126 133 150 184 277 
10 4 10 14 64 70 104 130 131 247 253 
10 52 69 82 84 111 124 179 193 197 230 
10 3 17 23 25 78 126 169 200 207 259 
10 79 88 91 92 126 164 171 200 222 276 
10 94 115 117 123 139 152 174 233 257 274 
10 20 43 57 74 90 93 164 173 253 256 
10 36 42 55 83 100 102 111 160 194 258 
10 11 72 86 160 175 176 212 221 262 274 
10 13 42 85 101 120 181 187 193 207 262 
10 33 42 53 58 60 100 147 158 257 264 
10 2 3 7 41 179 183 189 253 254 268 
10 12 42 118 137 172 173 204 209 243 256 
10 23 45 67 68 70 193 205 218 249 253 
10 7 16 18 88 91 101 104 195 266 274 
10 6 14 37 57 71 74 156 210 216 254 
10 33 35 36 38 77 94 124 182 212 235 
10 32 44 57 69 112 113 164 173 229 230 
10 10 18 43 55 83 149 193 205 231 260 
10 17 39 68 134 141 161 213 219 246 248 
10 51 61 78 94 127 128 150 160 172 188 
10 74 105 107 113 119 182 196 203 234 241 
10 12 61 74 128 160 185 204 224 237 261 
10 4 60 62 82 99 107 120 124 240 271 
10 23 73 98 124 154 167 192 218 230 253 
10 26 46 69 76 77 93 102 136 151 221 
10 28 66 78 90 101 114 124 143 145 206 
10 22 36 114 163 166 186 196 252 259 260 
10 11 60 89 138 155 180 237 246 267 268 
10 19 33 44 62 94 117 197 213 229 257 
10 2 16 75 94 112 121 127 171 245 278 
10 19 32 41 43 75 91 107 150 208 242 
10 36 86 114 115 126 137 138 141 177 190 
10 1 24 80 109 113 202 209 218 241 272 
10 17 36 49 54 81 83 119 158 182 267 
10 22 46 48 69 92 123 150 179 201 227 
10 49 55 95 109 126 128 143 233 264 266 
10 2 93 102 120 123 131 242 247 250 255 
10 3 10 17 27 150 185 202 215 235 268 
10 90 130 142 185 203 208 214 236 261 272 
10 6 15 52 128 163 195 228 242 260 265 
10 0 2 39 93 145 189 209 211 224 258 
10 5 20 39 45 100 168 182 255 274 276 
10 28 43 51 61 88 185 258 261 263 270 
10 16 27 39 104 105 121 180 197 201 220 
10 41 96 103 119 151 155 197 201 226 260 
10 20 34 73 76 92 116 132 178 186 267 
10 11 12 50 72 99 149 177 192 220 262 
10 11 13 32 41 47 48 126 147 240 246 
10 56 57 119 134 151 185 219 236 245 278 
10 7 51 72 86 125 137 206 230 234 279 
10 42 51 98 135 164 166 224 227 249 274 
10 29 46 52 97 131 132 145 171 197 222 
10 30 119 122 125 162 164 233 241 270 279 
10 59 86 118 145 178 225 226 239 242 257 
10 16 60 86 103 129 199 211 219 231 253 
10 23 28 49 89 141 147 174 218 229 266 
10 25 33 44 60 88 169 170 181 182 239 
10 28 118 153 157 162 177 198 199 206 252 
10 23 26 35 128 148 162 191 238 267 269 
10 34 58 76 80 81 144 154 183 232 238 
10 7 112 123 135 147 179 208 249 259 278 
10 30 40 69 83 100 165 210 225 238 279 
10 9 54 82 93 157 199 225 229 241 245 
10 14 32 52 65 115 119 168 177 209 242 
10 30 40 57 111 143 162 166 219 223 262 
10 1 12 30 61 72 106 167 195 228 234 
10 0 32 51 63 67 89 129 159 229 250 
10 16 25 31 42 46 55 56 97 177 194 
10 1 4 5 62 108 115 130 181 272 274 
10 12 71 107 118 167 220 233 266 271 272 
10 4 20 78 94 121 124 133 155 201 257 
10 50 77 100 116 129 144 158 221 227 228 
10 19 49 73 106 122 126 148 176 239 254 
10 18 33 36 68 88 98 116 205 227 240 
10 35 40 52 124 173 195 199 200 233 273 
10 33 51 63 126 140 156 215 239 255 271 
10 26 71 81 117 118 190 198 207 223 259 
10 27 40 70 109 135 217 237 260 277 278 
10 47 70 113 116 147 169 181 216 231 239 
10 4 21 22 92 99 128 152 162 179 216 
10 11 47 49 57 96 188 203 251 270 277 
10 18 95 151 163 165 179 194 218 238 260 
10 7 10 59 62 104 156 188 207 214 215 
10 6 17 21 134 145 178 209 221 234 267 
10 7 28 33 91 117 121 146 170 198 276 
10 43 56 87 114 122 140 159 204 250 265 
10 9 43 47 59 105 140 146 186 230 272 
10 52 53 58 112 152 165 196 206 212 249 
10 31 58 90 95 167 171 189 204 214 219 
10 3 8 72 98 100 105 154 164 235 244 
10 16 31 55 103 111 155 222 258 260 273 
10 1 26 38 80 84 96 103 130 134 270 
10 20 47 60 71 75 79 90 139 148 225 
10 15 35 49 63 133 134 177 183 187 273 
10 2 18 56 70 97 111 125 159 233 275 
10 5 21 79 99 112 175 181 184 200 236 
10 31 61 63 87 125 190 201 252 256 269 
10 28 42 49 50 52 97 101 145 226 245 
10 8 20 21 76 79 121 123 158 200 269 
10 26 29 30 58 62 74 99 102 139 263 
10 46 56 128 146 186 201 215 233 238 259 
10 7 46 48 62 66 85 106 127 153 248 
10 21 81 93 98 135 179 186 203 268 273 
10 0 27 65 95 118 155 176 184 269 278 
10 2 27 63 78 152 161 171 172 232 262 
10 3 20 72 78 147 155 192 226 228 278 
10 22 26 97 120 152 163 169 202 247 249 
10 8 45 75 110 118 120 206 244 250 254 
10 77 87 104 129 136 160 181 202 227 241 
10 51 135 146 152 168 216 232 255 265 271 
10 23 25 38 58 76 184 233 234 250 273 
10 23 54 58 156 170 219 238 243 251 256 
10 31 119 126 147 162 188 248 263 268 273 
10 102 112 113 152 176 193 236 254 258 267 
10 4 45 58 82 166 169 224 242 250 270 
10 13 15 65 154 181 226 242 245 248 254 
10 15 52 62 91 145 165 207 210 241 274 
10 24 86 98 172 196 247 256 261 272 277 
10 52 67 78 80 110 124 143 204 221 228 
10 5 111 113 127 136 197 201 214 231 258 
10 36 74 82 87 105 132 139 213 236 255 
10 3 85 99 119 154 163 167 192 237 268 
10 11 20 44 73 161 182 198 202 203 224 
10 15 26 46 57 61 64 166 172 180 225 
10 8 19 51 71 75 108 159 208 243 252 
10 31 106 114 131 133 136 140 167 173 190 
10 1 17 19 84 128 175 180 210 264 275 
10 50 86 116 142 148 157 190 223 245 275 
10 0 14 54 71 97 117 130 132 197 227 
10 2 41 102 109 138 170 187 217 252 270 
10 84 89 154 186 189 192 202 225 256 275 
10 24 36 60 98 125 185 199 259 264 268 
10 93 112 121 151 168 191 198 206 221 243 
10 33 34 46 48 135 162 203 218 244 276 
10 10 45 131 149 167 193 212 221 267 270 
10 79 84 85 91 106 139 160 200 234 277 
10 23 53 66 108 133 148 199 235 239 249 
10 6 30 32 43 77 79 116 187 220 243 
10 15 88 108 114 143 173 174 188 211 239 
10 9 18 53 77 91 141 150 178 230 254 
10 11 50 92 96 115 148 152 161 214 248 
10 68 90 136 159 174 212 223 227 232 251 
10 14 18 29 83 105 133 141 229 232 245 
10 83 111 138 156 183 192 194 196 205 278 
10 25 30 56 78 115 131 177 208 266 275 
10 4 38 46 131 144 150 184 246 253 260 
10 10 13 32 38 43 101 152 165 220 250 
10 6 31 82 165 168 188 197 209 215 256 
10 16 34 122 153 176 202 216 231 243 254 
10 15 21 34 99 130 140 175 189 212 261 
10 11 58 73 84 90 94 120 171 195 205 
10 20 22 72 80 110 166 198 211 252 269 
10 14 28 37 61 87 106 108 129 241 248 
10 54 70 150 153 188 199 222 240 269 275 
10 8 35 83 95 105 122 135 142 231 265 
10 42 47 60 68 83 149 205 208 269 278 
10 1 5 10 37 86 120 170 203 234 258 
10 9 13 26 122 130 137 172 202 213 223 
10 48 64 65 69 75 158 194 207 224 258 
10 6 53 72 113 127 129 157 202 244 247 
10 35 120 156 164 200 218 228 261 265 276 
10 46 107 109 139 165 174 180 220 228 266 
10 37 67 115 157 176 203 217 263 268 277 
10 58 103 123 152 154 191 243 250 259 277 
10 15 23 25 85 159 190 214 231 252 263 
10 4 50 73 132 148 157 170 244 246 262 
10 24 28 35 39 44 140 161 229 257 261 
10 33 94 108 170 185 196 197 219 237 245 
10 2 40 66 92 101 177 228 244 262 272 
10 8 17 47 53 114 144 170 194 239 243 
10 28 55 70 71 78 146 155 174 194 240 
10 84 103 111 149 159 178 224 240 265 271 
10 81 84 89 101 158 163 180 225 251 279 
10 25 29 30 101 122 125 162 187 213 235 
10 14 61 70 71 97 123 127 146 236 255 
10 59 64 133 135 149 157 175 184 186 235 
10 47 65 107 129 149 160 183 189 265 276 
10 19 24 38 48 112 115 145 221 264 270 
10 8 22 39 44 100 170 177 182 219 231 
10 1 52 76 84 114 134 159 207 222 253 
10 18 29 35 103 109 143 185 206 263 267 
10 9 25 57 65 87 151 171 182 214 261 
10 18 38 59 67 90 110 174 244 251 279 
10 7 17 24 41 88 143 153 211 215 247 
10 21 67 81 165 178 210 215 229 233 246 
10 4 34 42 114 161 168 176 213 216 224 
10 0 45 55 147 184 200 212 220 272 275 
10 24 65 109 115 146 167 191 208 240 264 
10 2 64 102 109 127 174 210 211 247 269 
10 13 41 105 106 136 175 212 251 264 276 
10 21 22 25 104 156 189 235 240 248 266 
10 1 39 50 59 82 108 160 187 235 236 
10 45 75 81 91 115 138 194 205 245 251 
10 1 6 70 73 96 164 173 188 213 277 
10 34 51 98 110 145 159 161 204 247 275 
10 10 19 30 78 117 180 206 232 263 275 
10 0 9 14 91 103 154 168 184 238 271 
10 5 48 67 77 141 149 185 198 212 261 
10 5 80 88 89 119 150 157 199 248 249 
10 15 24 71 80 124 132 142 242 246 251 
10 7 21 61 77 98 100 135 155 168 232 
10 13 66 92 98 132 145 187 188 195 236 
10 43 55 82 89 93 169 193 211 230 260 
10 3 28 43 50 76 113 166 229 250 257 
10 44 81 105 146 175 181 191 205 247 260 
10 9 86 131 136 168 169 222 227 242 267 
10 31 62 79 96 101 121 127 137 211 250 
10 4 23 47 76 92 110 137 162 183 237 
10 42 64 116 163 200 202 217 218 239 272 
10 17 65 75 122 140 147 201 218 228 273 
10 6 48 54 104 148 194 234 244 255 271 
10 85 86 88 108 127 138 223 249 252 279 
10 80 83 99 102 105 163 165 196 235 251 
10 22 49 74 100 180 197 198 214 217 253 
10 5 47 59 79 89 135 143 179 265 266 
10 57 63 66 80 90 141 142 226 232 261 
10 10 38 138 151 159 164 175 190 196 264 
10 1 21 116 134 160 186 192 195 209 237 
10 5 56 75 89 124 142 154 169 194 219 
10 15 45 54 74 172 192 211 226 265 270 
10 8 27 63 133 144 186 210 215 221 231 
10 45 128 139 142 167 179 217 225 258 276 
10 16 39 77 87 114 133 163 225 238 274 
10 63 93 112 134 137 141 173 190 230 233 
10 107 138 168 199 209 216 219 226 239 264 
10 12 53 84 123 151 156 178 191 238 274 
10 27 32 37 39 50 81 172 206 240 269 
10 5 37 41 99 134 140 142 166 175 264 
10 6 9 14 63 68 102 136 147 201 237 
10 19 32 38 123 138 144 157 174 257 258 
10 12 31 36 55 80 97 193 230 256 265 
10 33 67 69 117 140 146 183 185 248 256 
10 12 29 53 87 103 127 158 190 271 279 
10 44 53 66 71 104 108 117 172 229 231 
10 48 65 69 144 176 187 193 208 224 242 
10 3 34 35 73 91 131 192 195 276 277 
10 13 19 69 126 139 189 191 207 222 279 
10 36 62 153 158 204 214 216 243 251 254 
10 66 112 136 181 187 198 203 241 246 257 
10 8 14 40 62 82 96 171 188 217 241 
10 54 60 72 85 110 140 161 207 232 271 
10 37 54 64 129 139 148 158 189 278 279 
10 16 85 123 125 130 178 180 182 215 253 
10 69 79 107 118 141 156 161 204 246 273 
10 13 49 96 102 136 198 223 237 259 267 
10 59 65 95 96 113 144 195 213 235 278 
10 0 3 101 117 120 129 137 139 236 270 
10 24 31 34 40 68 77 95 143 249 252 
10 9 121 153 154 157 171 180 213 221 222 
10 12 30 68 111 160 187 203 216 248 262 
10 7 26 104 107 144 162 189 190 220 262 
10 56 75 87 104 130 132 170 182 268 272 
10 13 76 79 88 199 209 238 259 263 268 
280 1400
10 53 54 62 100 129 195 198 212 254 278 
10 16 51 56 91 158 200 202 240 252 273 
10 7 11 12 30 49 55 128 192 251 269 
10 40 57 92 101 130 149 152 194 210 217 
10 48 83 105 112 131 205 231 235 275 279 
10 17 77 95 104 131 133 198 238 239 273 
10 9 76 107 119 120 147 200 203 243 276 
10 2 25 134 164 173 191 193 227 231 241 
10 15 23 68 79 126 129 183 187 246 263 
10 6 15 45 55 86 89 92 139 152 171 
10 43 83 101 103 111 174 178 194 224 233 
10 2 83 98 169 189 207 242 255 265 267 
10 2 88 100 146 158 164 231 234 245 257 
10 19 27 49 70 91 95 147 219 233 245 
10 36 91 94 99 136 185 211 213 228 250 
10 8 9 44 66 109 141 155 220 236 263 
10 1 33 76 87 133 147 159 161 179 247 
10 5 18 22 45 69 131 144 177 227 258 
10 17 49 71 78 88 105 114 130 176 214 
10 13 37 76 85 140 157 211 220 242 256 
10 21 30 33 39 43 84 88 101 167 274 
10 20 26 34 111 129 140 199 218 222 228 
10 17 60 76 99 104 106 181 211 215 267 
10 8 32 42 78 153 163 177 184 206 267 
10 48 107 126 137 146 163 195 210 217 270 
10 7 92 116 152 198 203 217 219 240 260 
10 21 43 109 120 145 147 218 249 250 266 
10 13 48 72 82 90 93 149 159 224 274 
10 71 139 163 166 199 235 243 251 254 277 
10 32 35 54 76 135 169 244 253 267 271 
10 2 20 46 98 108 125 168 181 230 277 
10 83 85 128 168 172 177 178 189 210 244 
10 23 29 39 58 66 69 110 132 154 165 
10 16 20 58 83 97 112 130 142 218 260 
10 21 39 92 103 168 174 194 214 216 223 
10 29 80 81 124 172 183 217 231 255 272 
10 14 57 72 76 85 146 184 209 228 267 
10 19 41 63 78 113 197 209 234 235 248 
10 43 93 94 128 154 212 225 255 273 274 
10 20 32 34 72 86 105 118 162 208 256 
10 3 101 141 155 168 171 185 197 222 232 
10 37 46 57 63 87 97 111 135 198 204 
10 23 89 99 118 178 212 222 229 246 258 
10 10 20 26 38 77 121 126 160 186 225 
10 15 53 55 104 114 123 176 187 197 242 
10 9 17 50 85 90 154 161 184 191 271 
10 30 41 90 102 129 144 213 220 221 245 
10 117 135 159 209 215 233 235 261 271 277 
10 4 24 27 50 96 108 140 163 179 190 
10 2 13 18 147 152 159 224 232 240 256 
10 45 48 52 88 92 132 202 219 248 253 
10 1 82 87 120 181 184 190 193 230 257 
10 50 69 70 84 98 150 153 188 265 274 
10 0 44 63 77 90 150 172 213 244 263 
10 0 29 81 93 107 141 170 203 269 277 
10 2 9 44 65 90 109 185 255 267 275 
10 1 61 67 99 154 197 200 245 258 278 
10 3 36 41 100 113 140 141 148 150 162 
10 32 33 80 149 177 179 201 224 238 278 
10 64 91 112 120 127 132 138 221 227 252 
10 22 71 118 137 144 157 166 195 239 278 
10 56 69 80 117 160 161 192 204 212 259 
10 0 65 74 156 187 189 242 256 264 273 
10 37 41 53 97 105 121 146 148 237 246 
10 59 98 100 116 124 150 205 264 268 272 
10 55 62 74 89 145 179 186 202 229 254 
10 15 32 110 123 131 172 188 220 258 266 
10 56 81 94 118 131 171 186 205 234 238 
10 8 96 115 123 142 147 169 224 256 274 
10 17 32 52 61 133 150 170 211 263 264 
10 13 52 82 107 124 148 214 223 229 278 
10 18 28 60 79 131 160 190 234 239 266 
10 27 36 39 110 111 139 154 247 256 275 
10 111 115 127 141 151 206 222 237 263 277 
10 62 65 109 125 135 138 177 216 224 243 
10 94 97 103 127 132 151 178 223 243 247 
10 6 16 19 22 29 36 108 185 188 214 
10 5 43 53 85 102 151 200 211 227 228 
10 18 23 37 91 119 157 160 168 200 248 
10 8 71 82 108 158 206 221 229 247 250 
10 35 58 61 86 104 151 153 164 261 266 
10 35 54 67 143 165 201 213 220 236 268 
10 27 51 70 79 93 132 142 145 164 253 
10 4 10 11 31 33 121 183 187 194 230 
10 20 52 122 125 179 202 255 259 275 277 
10 19 31 36 45 77 120 145 183 225 256 
10 9 39 80 95 113 175 180 198 200 258 
10 16 41 51 101 102 138 207 245 272 275 
10 12 18 20 50 92 97 137 153 168 279 
10 9 42 65 95 167 189 207 217 244 247 
10 27 45 46 53 55 108 154 182 265 271 
10 1 13 14 59 78 126 182 183 233 266 
10 3 9 25 34 50 88 100 121 208 264 
10 27 38 54 82 135 156 177 216 219 262 
10 14 38 67 75 137 173 208 234 249 276 
10 5 13 86 89 197 225 234 261 263 278 
10 48 68 109 126 176 198 199 204 208 255 
10 33 41 63 75 88 189 207 209 213 268 
10 11 30 52 64 99 136 150 189 209 235 
10 14 22 42 56 98 131 162 230 246 268 
10 0 12 57 64 92 106 129 169 180 187 
10 3 10 20 40 87 103 111 124 160 250 
10 46 77 87 107 124 182 197 198 257 269 
10 10 34 75 101 133 140 173 198 216 266 
10 5 22 44 80 126 127 134 175 195 267 
10 4 18 39 63 138 153 176 178 220 253 
10 22 100 135 137 161 189 222 224 229 250 
10 6 24 54 70 102 144 182 188 251 256 
10 30 48 76 79 90 112 121 135 238 276 
10 15 26 55 74 96 120 132 239 253 271 
10 32 66 72 196 201 217 219 231 260 272 
10 10 21 41 72 73 101 122 180 188 205 
10 4 33 59 108 119 152 175 199 232 236 
10 37 57 86 128 148 157 181 186 204 260 
10 18 44 117 118 123 124 154 174 223 248 
10 68 73 140 158 184 209 214 241 244 265 
10 25 64 117 129 133 143 155 161 252 275 
10 47 61 114 116 146 184 188 190 249 254 
10 39 42 60 67 114 122 181 204 219 228 
10 6 78 112 122 127 136 162 174 196 257 
10 6 26 51 59 85 109 124 187 238 264 
10 43 63 83 92 108 149 156 171 234 237 
10 84 111 118 119 134 163 165 211 226 276 
10 44 66 68 114 161 166 209 223 238 246 
10 35 64 70 101 102 114 120 171 192 233 
10 30 74 84 140 162 167 168 183 209 212 
10 8 24 43 91 96 104 193 239 260 264 
10 59 73 75 104 119 163 188 206 208 277 
10 2 31 38 113 214 233 235 236 251 258 
10 0 8 21 46 100 116 137 196 257 279 
10 3 18 33 143 144 236 247 262 263 272 
10 4 5 17 66 67 71 99 140 222 236 
10 32 50 59 75 82 109 181 193 227 276 
10 5 16 69 103 116 165 168 226 244 259 
10 7 104 122 179 194 199 248 262 270 279 
10 29 41 47 74 93 106 108 207 227 262 
10 14 98 119 180 191 209 242 243 249 253 
10 24 60 88 94 106 129 156 203 212 279 
10 59 74 87 105 167 197 236 252 255 261 
10 9 28 72 159 166 221 241 259 266 270 
10 19 21 48 57 103 115 125 131 151 217 
10 15 40 54 57 73 181 189 212 223 229 
10 33 68 82 158 167 216 218 253 262 275 
10 81 116 130 176 213 216 235 242 257 273 
10 17 46 60 107 130 175 183 190 220 275 
10 26 65 82 85 148 206 226 261 265 267 
10 12 24 36 63 117 171 180 213 229 246 
10 6 13 16 26 49 68 199 214 227 239 
10 57 63 70 113 145 165 170 203 208 244 
10 3 27 58 121 192 215 243 260 266 273 
10 52 53 57 64 69 98 203 208 225 230 
10 73 75 77 80 140 170 176 210 240 253 
10 3 9 25 49 112 163 179 212 215 216 
10 23 52 80 88 105 161 223 252 259 268 
10 32 38 45 56 72 90 114 170 190 249 
10 15 40 116 156 163 170 177 195 201 267 
10 62 93 121 137 155 214 218 231 233 255 
10 19 60 78 113 162 166 192 239 251 269 
10 1 12 79 115 142 169 191 197 228 259 
10 16 27 47 49 139 172 177 185 225 253 
10 43 61 71 78 101 218 221 226 231 242 
10 16 45 61 106 116 123 153 174 182 272 
10 39 57 99 119 125 157 236 252 265 272 
10 23 24 28 48 122 127 152 155 187 241 
10 7 12 80 82 188 213 222 241 262 278 
10 32 81 122 133 148 182 184 186 213 215 
10 28 60 123 139 157 191 193 227 230 249 
10 20 89 125 138 142 180 203 204 206 245 
10 30 31 34 40 78 88 125 133 235 237 
10 11 29 68 100 158 174 182 190 209 268 
10 54 69 148 151 154 155 185 190 201 208 
10 9 40 67 121 124 146 186 215 234 271 
10 31 35 53 66 159 193 194 210 222 263 
10 7 94 103 181 191 201 211 221 239 273 
10 10 34 114 119 161 169 224 263 271 276 
10 86 104 112 144 215 224 239 253 269 270 
10 18 44 96 105 143 151 200 238 257 273 
10 17 23 31 58 74 93 155 159 188 195 
10 10 31 42 75 105 192 195 216 246 248 
10 16 48 58 65 84 134 152 184 217 249 
10 86 100 111 136 146 167 184 192 224 261 
10 22 30 51 113 118 132 141 173 238 245 
10 90 91 102 107 161 165 169 207 232 259 
10 8 35 83 85 91 125 144 247 254 258 
10 23 36 45 51 115 117 165 179 180 237 
10 14 40 55 76 159 170 192 196 205 225 
10 43 65 67 113 165 171 254 258 262 278 
10 8 44 62 83 100 120 163 192 202 277 
10 52 66 76 107 111 117 127 164 177 202 
10 11 31 62 89 97 98 106 141 204 258 
10 48 51 71 117 144 154 169 170 191 241 
10 7 45 136 158 166 173 190 201 243 259 
10 2 61 124 149 157 178 180 185 187 255 
10 7 51 126 132 166 172 203 222 248 278 
10 3 10 34 83 134 172 215 218 219 228 
10 0 24 60 104 155 177 178 196 228 232 
10 110 119 129 185 195 199 200 222 231 232 
10 37 40 44 56 95 102 138 158 266 268 
10 0 5 25 41 86 96 102 103 248 249 
10 21 28 96 112 134 147 196 205 261 274 
10 1 6 56 77 78 86 176 196 213 240 
10 58 81 110 155 170 173 191 217 240 244 
10 1 50 65 84 187 188 221 226 264 267 
10 6 25 54 137 148 150 167 193 228 262 
10 41 61 96 113 118 167 189 210 251 268 
10 4 64 67 111 185 199 206 210 238 242 
10 23 73 79 127 145 167 205 229 265 269 
10 11 87 89 97 135 182 243 247 268 269 
10 39 92 94 96 127 148 150 170 223 233 
10 36 37 47 97 98 115 123 125 136 169 
10 3 24 31 151 172 204 205 223 240 256 
10 14 19 22 69 77 122 173 228 231 250 
10 0 38 42 61 125 137 141 152 229 261 
10 14 46 53 81 97 143 146 164 165 200 
10 18 34 70 76 115 128 147 156 252 262 
10 22 47 149 152 165 171 175 194 226 276 
10 34 74 93 103 142 143 152 178 250 264 
10 3 24 25 35 89 110 140 179 201 270 
10 21 26 33 142 156 160 194 237 265 274 
10 13 25 50 93 110 118 194 230 252 265 
10 15 19 46 66 81 105 144 242 245 272 
10 46 59 79 139 160 173 202 232 237 241 
10 21 40 42 73 106 131 164 172 193 196 
10 34 70 75 114 123 141 153 208 210 235 
10 10 27 49 58 68 74 106 174 175 180 
10 38 43 85 95 150 159 185 227 251 260 
10 122 133 145 160 202 215 245 260 269 270 
10 7 17 59 77 132 135 147 166 225 257 
10 14 21 36 77 118 158 194 195 203 211 
10 42 65 70 79 106 141 146 206 212 230 
10 30 51 83 99 150 166 219 229 232 264 
10 4 7 12 35 110 156 160 196 211 273 
10 40 49 112 182 195 196 221 230 242 260 
10 10 13 47 91 124 128 156 208 244 260 
10 12 37 67 71 94 95 121 171 246 247 
10 4 28 37 47 98 128 143 168 223 243 
10 15 81 112 128 130 131 138 162 247 266 
10 63 73 121 168 184 218 221 261 271 279 
10 5 58 67 108 120 123 176 181 205 240 
10 5 60 71 109 126 147 157 173 175 274 
10 1 25 49 151 200 201 210 238 243 270 
10 7 115 139 163 164 190 221 251 252 270 
10 11 19 44 62 136 143 160 205 220 232 
10 6 28 74 75 136 149 191 207 235 240 
10 29 31 53 89 115 133 148 201 233 254 
10 12 13 46 56 87 167 181 220 226 254 
10 8 42 63 99 123 146 178 234 251 254 
10 16 72 75 79 89 130 183 207 234 236 
10 37 50 78 114 134 178 193 198 277 279 
10 26 94 117 136 154 166 179 198 252 279 
10 14 26 79 101 106 211 216 265 275 277 
10 2 28 107 128 157 204 225 241 246 278 
10 1 59 116 138 153 162 214 219 241 249 
10 29 50 82 105 109 136 142 151 159 175 
10 0 28 65 117 183 186 244 245 246 257 
10 11 35 38 55 84 96 138 156 192 263 
10 19 39 49 62 68 72 85 107 210 269 
10 12 51 102 119 129 143 176 227 254 271 
10 17 42 56 66 86 128 183 186 189 276 
10 61 84 133 139 153 158 182 191 270 276 
10 25 33 110 113 126 149 225 226 232 233 
10 47 80 95 138 145 180 199 212 237 262 
10 93 130 134 135 142 164 186 203 214 261 
10 8 15 53 69 73 95 130 172 174 255 
10 62 64 69 92 120 126 202 216 230 271 
10 11 52 90 115 145 162 206 218 219 250 
10 26 66 71 80 91 103 139 149 197 236 
10 11 22 23 29 36 55 104 145 155 202 
10 64 81 97 99 153 169 197 204 207 273 
10 2 54 102 157 175 206 207 226 256 272 
10 24 134 139 175 217 226 240 241 259 279 
10 29 45 47 90 109 171 174 237 257 264 
10 35 64 87 110 130 161 162 220 269 276 
10 1 5 38 62 143 149 173 176 231 268 
10 20 27 38 52 68 199 218 239 275 279 
10 4 55 72 84 87 116 142 144 250 274 
10 6 94 108 122 132 174 215 258 259 272 
10 28 30 47 54 73 84 127 187 248 250 
10 0 56 58 60 70 95 164 186 193 251 
10 4 88 129 134 137 237 248 249 270 274 
