20 100
10 7 8 9 11 13 14 15 16 17 18 
10 2 3 8 11 12 13 14 16 18 19 
10 1 3 4 5 7 11 13 14 16 17 
10 1 2 6 8 9 10 13 16 17 19 
10 2 5 6 10 12 13 14 15 17 19 
10 2 4 6 10 11 12 16 17 18 19 
10 3 4 5 7 8 9 10 14 15 19 
10 0 2 6 10 11 12 13 14 15 17 
10 0 1 3 6 9 12 15 16 18 19 
10 0 3 6 8 10 11 12 16 18 19 
10 3 4 5 6 7 9 11 12 15 18 
10 0 1 2 5 7 9 10 13 15 19 
10 1 4 5 7 8 9 10 15 17 18 
10 0 1 2 3 4 7 11 14 16 17 
10 0 1 2 4 6 7 13 16 18 19 
10 0 4 6 7 8 10 11 12 18 19 
10 0 1 2 3 5 8 9 13 14 17 
10 0 2 3 4 5 7 12 13 16 18 
10 0 1 5 8 9 10 12 14 15 17 
10 1 3 4 5 6 8 9 11 14 15 
20 100
10 4 5 7 8 9 13 15 17 18 19 
10 2 3 5 7 8 11 12 14 16 17 
10 1 4 6 7 9 10 11 12 14 15 
10 1 4 5 7 8 11 13 14 15 19 
10 0 2 3 7 8 9 10 12 13 18 
10 0 1 3 6 10 12 13 14 17 18 
10 2 5 10 11 12 13 14 15 16 18 
10 0 1 2 3 4 9 10 16 17 18 
10 0 1 3 4 9 10 15 16 17 18 
10 0 2 4 7 8 11 13 15 16 19 
10 2 4 5 6 7 8 13 14 17 19 
10 1 2 3 6 9 13 14 16 17 19 
10 1 2 4 5 6 13 15 17 18 19 
10 0 3 4 5 6 9 10 11 12 15 
10 1 2 3 5 6 10 11 16 18 19 
10 0 2 3 6 8 9 12 13 16 19 
10 1 6 7 8 9 11 14 15 17 18 
10 0 1 5 7 8 10 11 12 16 19 
10 0 4 5 6 7 8 12 14 16 19 
10 0 3 9 10 11 12 14 15 17 18 
