300 1500
10 6 45 91 98 114 142 177 182 217 253 
10 3 45 65 73 78 135 246 260 289 299 
10 7 46 57 67 138 147 159 185 220 227 
10 1 7 89 90 107 120 127 136 223 237 
10 10 25 28 34 123 171 182 236 251 253 
10 15 16 94 98 104 129 135 195 245 286 
10 0 9 16 60 91 145 173 175 250 265 
10 2 3 116 137 139 153 192 255 287 290 
10 10 15 46 91 105 161 187 195 244 281 
10 6 12 29 81 95 124 129 251 252 294 
10 4 8 27 55 106 147 233 257 271 297 
10 36 49 108 206 209 216 220 244 277 297 
10 9 166 167 171 175 197 218 245 272 294 
10 47 49 62 97 163 184 195 220 230 283 
10 28 41 111 162 197 229 270 273 274 279 
10 5 8 27 30 49 79 83 205 243 245 
10 5 6 116 124 130 189 212 220 233 280 
10 23 30 55 107 109 199 256 261 282 293 
10 49 57 79 82 85 93 122 194 213 276 
10 70 90 98 101 112 142 211 212 277 299 
10 31 35 38 92 115 140 192 267 275 283 
10 52 54 58 62 92 145 203 215 261 281 
10 39 69 79 126 152 172 210 247 250 295 
10 17 82 112 120 141 201 215 249 258 274 
10 34 46 64 86 203 209 222 253 261 297 
10 4 93 126 135 171 176 184 252 256 266 
10 29 51 54 63 122 151 157 161 173 263 
10 10 15 119 121 181 214 246 267 275 298 
10 4 14 83 88 112 129 144 177 223 230 
10 9 26 44 46 47 125 165 267 271 291 
10 15 17 75 98 107 112 143 226 255 259 
10 20 71 79 85 102 105 148 164 230 293 
10 65 86 94 134 143 231 244 260 287 294 
10 54 58 72 96 103 114 177 180 238 284 
10 4 24 37 64 75 116 190 210 244 268 
10 20 41 61 96 104 127 138 183 206 279 
10 11 56 77 125 157 185 207 242 255 289 
10 34 71 74 136 137 169 215 223 257 285 
10 20 47 146 151 153 192 239 241 254 276 
10 22 41 102 105 114 133 207 216 269 280 
10 44 62 84 92 114 138 161 205 209 215 
10 14 35 39 87 102 125 210 243 256 291 
10 119 120 166 172 188 230 245 253 254 272 
10 73 102 124 126 156 164 181 191 233 245 
10 29 40 46 69 90 113 136 237 263 284 
10 0 1 119 170 182 247 265 283 287 292 
10 2 8 24 29 44 87 88 217 223 297 
10 13 29 38 86 110 178 190 204 207 228 
10 53 137 143 168 179 194 198 232 241 295 
10 11 13 15 18 81 119 145 168 217 226 
10 66 101 110 129 163 191 240 260 264 296 
10 26 62 85 126 157 158 181 185 253 285 
10 21 57 143 151 153 218 255 265 275 296 
10 48 77 93 108 113 118 132 163 185 200 
10 21 26 33 94 117 129 182 240 248 277 
10 10 17 86 88 95 124 135 195 235 277 
10 36 71 96 133 228 240 259 291 295 299 
10 2 18 52 63 131 147 161 163 196 260 
10 21 33 107 109 156 195 199 272 289 299 
10 63 88 106 107 125 149 162 205 215 297 
10 6 65 66 125 154 178 199 239 258 292 
10 35 63 84 111 158 206 215 243 259 272 
10 13 21 40 51 66 146 210 213 221 239 
10 26 57 59 61 109 113 149 179 233 295 
10 24 34 82 165 191 196 213 228 253 270 
10 1 32 60 127 152 198 216 222 275 298 
10 50 60 62 144 186 201 224 236 262 274 
10 2 115 133 159 161 162 240 265 268 289 
10 102 121 122 130 148 182 189 226 242 292 
10 22 44 84 87 97 140 173 200 208 233 
10 19 85 91 116 122 188 237 240 246 265 
10 31 37 56 98 133 141 143 156 189 259 
10 33 78 88 123 132 149 211 229 282 286 
10 1 43 139 159 180 184 203 209 211 291 
10 37 78 123 132 172 177 198 265 269 278 
10 30 34 81 91 104 159 165 178 203 220 
10 100 131 140 168 198 205 217 248 249 273 
10 36 53 86 201 207 212 235 250 271 285 
10 1 72 74 105 112 130 161 183 223 279 
10 15 18 22 31 106 138 176 213 280 288 
10 106 114 127 131 177 254 270 271 288 291 
10 9 49 75 96 115 116 130 165 188 266 
10 18 23 64 102 128 134 158 213 295 296 
10 15 28 84 175 190 192 206 208 224 225 
10 40 61 69 83 118 134 168 232 234 274 
10 18 31 51 70 96 100 101 108 242 249 
10 24 32 47 55 77 132 203 223 266 268 
10 41 46 69 89 109 154 194 196 219 278 
10 28 46 55 59 72 138 155 161 233 274 
10 3 87 96 107 170 192 215 236 251 296 
10 3 19 44 103 140 153 158 160 233 279 
10 0 6 8 70 75 109 247 252 284 289 
10 20 21 40 94 128 170 250 273 297 299 
10 18 25 53 120 134 135 204 214 248 259 
10 5 32 54 92 112 160 190 221 248 289 
10 9 55 110 126 198 200 221 263 276 281 
10 33 35 56 81 85 89 137 143 154 255 
10 13 69 112 113 172 197 220 288 290 296 
10 0 5 19 30 71 112 132 237 270 288 
10 119 134 136 176 192 198 234 237 290 292 
10 76 85 155 174 193 195 231 243 262 294 
10 19 50 85 166 170 173 174 277 279 298 
10 31 39 41 43 68 82 109 121 155 293 
10 33 90 114 124 152 227 234 239 276 284 
10 5 35 75 111 128 177 236 261 287 296 
10 8 31 39 78 196 197 205 248 280 286 
10 10 59 79 80 140 141 164 276 278 279 
10 3 17 30 58 59 89 250 256 276 284 
10 11 53 85 125 140 150 183 186 273 282 
10 17 58 63 87 91 102 111 158 222 283 
10 47 50 95 125 175 220 225 254 269 275 
10 14 61 104 109 117 167 169 217 246 275 
10 19 23 28 30 78 94 97 98 181 214 
10 44 53 63 97 114 131 225 262 265 284 
10 0 33 39 40 80 103 113 145 247 255 
10 20 67 81 146 178 216 228 231 232 254 
10 7 16 34 70 81 118 155 197 276 288 
10 54 111 141 176 210 252 263 282 288 289 
10 53 84 116 147 186 190 236 248 263 297 
10 27 42 45 49 99 124 128 201 232 247 
10 3 23 42 93 127 196 227 256 267 287 
10 27 68 102 132 186 207 243 263 265 298 
10 18 26 68 70 150 174 197 211 214 294 
10 4 72 74 187 231 250 264 266 273 295 
10 9 16 43 55 103 119 126 137 143 240 
10 29 36 41 59 60 108 110 169 202 241 
10 22 25 43 51 95 124 163 224 262 263 
10 3 35 65 80 120 173 252 254 268 282 
10 82 92 104 119 134 157 162 213 231 264 
10 5 9 28 50 54 177 190 256 288 294 
10 16 68 78 81 236 272 280 289 297 299 
10 57 76 80 113 193 213 215 252 253 278 
10 53 72 74 86 98 121 174 219 239 257 
10 39 56 67 71 155 169 222 231 258 271 
10 32 82 84 93 99 128 141 174 183 241 
10 1 5 25 55 93 136 226 251 259 288 
10 3 37 44 99 135 201 212 226 257 297 
10 7 37 48 96 124 145 173 271 288 296 
10 2 35 40 79 88 143 153 184 217 273 
10 7 73 174 188 207 238 241 259 260 285 
10 20 69 76 90 106 108 144 154 221 235 
10 23 71 106 117 134 223 225 240 269 285 
10 0 19 145 159 162 185 200 208 262 268 
10 30 32 48 52 71 96 124 138 146 214 
10 28 66 140 148 175 187 191 195 196 202 
10 6 21 49 114 137 142 157 194 231 243 
10 38 62 115 143 149 156 185 214 239 281 
10 2 10 57 118 167 208 219 270 284 285 
10 31 68 144 150 155 171 192 233 235 287 
10 59 63 72 146 151 167 172 234 256 286 
10 108 122 148 178 181 192 247 282 290 291 
10 26 38 52 149 189 206 229 245 247 290 
10 22 65 103 164 189 198 211 230 235 295 
10 7 38 52 90 138 160 184 244 246 264 
10 60 87 96 140 191 204 246 255 283 292 
10 88 100 102 116 133 148 187 264 291 296 
10 43 58 71 146 175 203 249 258 262 287 
10 26 36 51 128 145 160 166 201 246 265 
10 51 61 82 90 109 219 227 228 238 272 
10 2 67 73 75 142 165 171 189 229 292 
10 90 94 153 157 180 182 208 266 270 281 
10 8 26 40 57 67 78 88 193 196 204 
10 14 59 67 128 142 172 218 220 266 273 
10 13 50 53 57 126 192 197 215 249 266 
10 31 43 106 152 168 170 211 230 236 281 
10 29 64 75 81 159 202 203 208 245 278 
10 12 42 101 157 181 192 240 241 261 267 
10 12 111 147 149 168 219 233 262 264 270 
10 48 49 76 84 164 167 170 221 273 295 
10 37 111 125 133 183 199 219 253 262 267 
10 45 89 92 101 164 168 204 228 236 241 
10 4 12 25 148 159 218 237 244 251 268 
10 22 42 74 97 149 162 194 230 238 278 
10 6 26 69 101 127 137 271 279 286 290 
10 100 101 122 132 134 139 220 253 268 282 
10 6 12 83 110 144 156 193 196 224 232 
10 25 79 99 117 208 222 235 237 239 269 
10 0 28 33 74 80 104 129 199 242 270 
10 47 60 75 115 150 203 217 225 226 264 
10 48 63 180 203 210 215 222 275 279 299 
10 33 73 160 179 186 188 210 257 260 297 
10 27 43 51 112 150 166 189 205 206 267 
10 0 4 45 54 68 160 188 199 204 279 
10 35 78 108 134 169 187 207 216 218 242 
10 13 25 73 138 153 218 227 264 282 298 
10 2 36 51 53 142 146 231 232 242 292 
10 66 108 118 121 180 210 217 254 257 272 
10 8 123 144 155 183 200 222 249 275 294 
10 42 70 81 139 180 182 214 232 283 298 
10 16 68 71 151 152 159 181 248 256 268 
10 34 47 83 94 118 129 198 208 261 271 
10 43 50 64 144 154 193 200 256 294 296 
10 7 20 38 83 89 99 148 150 163 166 
10 100 131 161 175 191 221 254 280 286 291 
10 18 48 87 145 172 236 261 276 281 284 
10 5 8 13 55 58 100 144 196 277 292 
10 57 64 87 105 120 144 161 175 195 286 
10 12 14 97 105 116 122 163 226 240 263 
10 48 65 74 76 95 99 152 190 213 241 
10 17 58 60 169 177 182 225 242 252 293 
10 53 69 95 142 187 191 216 250 269 294 
10 23 66 77 119 136 157 255 272 279 285 
10 125 144 165 224 238 247 252 255 264 284 
10 21 24 73 75 86 156 165 178 179 237 
10 47 93 154 161 170 182 206 217 238 245 
10 15 40 59 76 105 181 212 228 254 260 
10 11 35 61 83 151 181 204 229 249 288 
10 36 39 47 77 121 139 183 216 222 269 
10 69 83 142 147 160 165 176 190 226 258 
10 11 24 40 73 218 230 273 278 280 289 
10 22 34 41 62 117 179 180 186 261 269 
10 19 72 73 122 152 164 221 225 228 234 
10 16 19 77 136 205 225 235 265 290 299 
10 18 62 64 79 82 128 131 198 224 244 
10 27 93 112 122 143 146 188 250 272 289 
10 21 23 37 40 59 61 89 131 163 179 
10 11 39 65 115 183 200 207 223 251 286 
10 0 46 49 76 111 138 178 186 204 298 
10 12 52 162 171 183 184 209 233 277 298 
10 87 132 147 158 167 169 220 238 243 246 
10 2 11 13 16 75 97 110 162 174 219 
10 62 94 95 140 168 193 211 267 280 287 
10 24 65 109 133 176 179 187 207 239 243 
10 3 28 37 46 78 86 141 216 235 274 
10 66 83 126 175 202 213 258 282 285 298 
10 83 110 113 141 178 199 211 212 270 282 
10 30 49 68 135 136 178 197 208 250 275 
10 2 103 120 158 184 257 263 271 277 286 
10 47 56 64 115 158 170 205 211 244 269 
10 14 72 151 159 206 260 271 274 286 287 
10 13 28 31 42 152 164 172 209 258 283 
10 32 100 115 123 128 133 145 185 239 259 
10 48 84 115 119 175 185 188 236 238 290 
10 10 16 43 63 69 88 90 148 167 218 
10 84 99 103 149 211 238 267 268 275 287 
10 55 77 140 148 152 176 212 223 281 293 
10 4 66 89 104 118 130 164 170 194 232 
10 3 44 70 98 99 171 176 203 259 273 
10 33 139 158 172 202 204 219 232 234 242 
10 38 60 62 103 132 146 176 222 231 283 
10 50 54 56 67 70 124 141 166 197 291 
10 38 48 125 134 139 166 170 198 251 296 
10 36 68 85 177 183 185 199 238 248 277 
10 15 41 61 100 121 145 219 222 285 293 
10 8 11 32 34 153 171 213 228 250 285 
10 5 12 15 42 43 151 165 204 246 248 
10 1 27 70 111 153 154 157 219 245 278 
10 22 45 91 114 119 150 151 202 251 261 
10 54 76 93 94 105 118 189 242 245 257 
10 23 76 85 156 163 187 206 252 260 278 
10 6 22 77 92 107 123 200 214 226 244 
10 4 9 89 135 171 216 241 247 278 294 
10 9 25 91 117 127 131 199 202 249 281 
10 0 4 24 42 51 64 131 169 174 261 
10 38 42 80 110 115 127 186 193 205 259 
10 7 30 36 52 96 114 154 201 202 272 
10 17 25 41 107 120 129 149 189 191 258 
10 10 37 132 136 180 186 227 248 262 270 
10 23 60 133 156 208 224 230 256 262 277 
10 30 56 61 71 93 135 139 231 237 254 
10 1 32 50 57 139 180 205 229 249 292 
10 17 21 24 104 166 190 194 210 247 253 
10 66 100 113 126 142 156 167 169 257 258 
10 26 44 95 117 118 121 126 197 227 269 
10 50 123 128 153 155 167 178 184 202 290 
10 6 45 52 67 70 74 113 121 157 212 
10 25 81 86 123 160 162 163 274 292 293 
10 20 27 29 120 166 169 181 221 234 299 
10 34 67 86 127 142 171 174 189 234 280 
10 39 74 110 141 176 200 207 210 228 263 
10 14 64 80 98 147 160 167 177 225 257 
10 10 29 77 80 133 137 173 190 227 229 
10 12 42 58 61 130 158 186 201 214 255 
10 14 76 92 108 123 138 162 168 209 237 
10 14 23 66 84 88 223 229 266 291 293 
10 20 27 52 65 110 111 179 187 226 234 
10 18 38 95 103 106 107 116 194 283 293 
10 11 19 54 55 101 195 218 227 242 258 
10 74 87 106 131 165 172 209 246 249 251 
10 14 35 78 90 101 106 173 179 182 201 
10 16 39 79 105 130 193 209 221 268 295 
10 8 21 95 146 160 164 194 235 252 298 
10 17 72 108 117 127 150 174 184 224 225 
10 13 20 45 109 154 188 230 239 276 290 
10 33 44 91 103 107 113 147 194 202 293 
10 37 51 77 139 141 147 201 224 243 244 
10 5 72 105 149 173 193 196 216 227 229 
10 7 32 45 104 120 148 156 221 229 234 
10 79 80 97 98 116 117 129 135 137 206 
10 1 36 58 67 91 94 117 130 209 214 
10 7 97 99 150 151 173 212 232 264 283 
10 29 41 56 73 80 150 155 193 240 274 
10 45 60 68 99 154 159 185 195 260 266 
10 17 31 102 199 235 243 266 274 276 284 
10 9 12 32 100 122 129 187 191 200 251 
10 22 48 56 63 82 123 152 168 280 299 
10 50 52 82 89 97 104 137 155 191 241 
10 10 11 24 46 59 92 118 130 136 180 
10 27 65 101 121 184 188 217 218 224 281 
10 1 19 56 58 92 130 179 212 267 295 
300 1500
10 15 33 52 143 193 211 213 217 240 254 
10 8 19 73 74 116 156 169 244 253 255 
10 16 35 64 90 109 118 169 174 244 282 
10 37 39 94 171 195 210 241 247 261 295 
10 23 120 155 174 195 214 218 226 272 275 
10 45 58 99 113 119 181 214 218 227 299 
10 101 102 165 167 190 217 226 233 264 276 
10 21 42 63 69 106 110 111 113 202 240 
10 1 51 86 122 130 134 141 168 189 211 
10 28 31 35 63 133 168 181 237 284 289 
10 18 47 54 86 99 108 112 184 241 246 
10 54 72 76 81 118 140 185 233 256 284 
10 80 111 125 165 172 179 201 217 228 273 
10 17 20 34 67 111 155 204 230 242 285 
10 75 84 116 133 177 193 219 222 227 281 
10 0 57 121 123 199 239 254 277 279 288 
10 2 26 27 41 60 80 112 175 197 297 
10 13 39 49 50 102 214 239 250 260 278 
10 10 124 135 147 164 201 210 215 257 296 
10 1 21 33 65 117 130 188 230 253 288 
10 13 34 136 145 192 232 257 263 287 291 
10 7 19 40 44 61 73 98 171 223 233 
10 42 50 89 96 140 168 176 187 221 260 
10 4 91 96 132 175 225 260 278 279 290 
10 51 59 115 152 195 199 208 238 267 275 
10 58 129 142 152 167 193 252 258 289 299 
10 16 27 53 60 128 131 181 198 256 278 
10 16 26 39 42 60 87 97 221 246 263 
10 9 71 88 157 186 192 197 204 217 290 
10 97 100 103 116 147 177 197 201 287 289 
10 39 51 92 135 210 215 251 255 261 283 
10 9 96 117 134 182 209 214 221 255 271 
10 41 50 53 80 109 113 227 242 260 268 
10 0 19 102 121 176 229 255 269 282 297 
10 13 20 49 77 120 138 199 231 272 296 
10 2 9 83 105 115 255 275 279 285 287 
10 37 75 79 81 83 135 200 220 247 275 
10 3 36 56 87 142 170 187 191 235 246 
10 81 108 120 153 157 165 197 219 236 249 
10 3 17 27 30 91 118 126 154 193 274 
10 21 58 84 105 127 151 234 241 294 297 
10 16 32 59 119 127 176 187 210 247 282 
10 7 22 27 74 195 208 229 236 262 277 
10 75 89 128 132 133 134 204 211 242 289 
10 21 50 66 101 105 114 162 200 218 270 
10 5 101 112 123 139 150 175 204 252 282 
10 47 108 113 121 143 218 231 268 271 276 
10 10 46 58 92 145 166 176 221 223 237 
10 81 107 123 125 133 216 217 253 260 297 
10 17 34 55 139 159 182 222 258 279 287 
10 17 22 32 44 63 98 110 155 165 263 
10 8 24 30 88 155 184 188 203 237 277 
10 0 55 91 93 163 179 191 230 264 265 
10 26 32 84 98 109 152 158 174 253 299 
10 10 11 62 138 150 166 167 173 216 261 
10 49 52 73 76 112 138 148 149 153 232 
10 37 76 95 137 235 241 242 248 251 277 
10 15 88 142 164 174 177 181 264 284 285 
10 5 25 40 47 95 96 102 106 124 128 
10 24 41 89 96 104 108 216 219 227 275 
10 16 26 27 96 117 164 180 236 237 263 
10 21 89 144 167 180 183 184 211 260 270 
10 54 65 77 85 110 133 145 160 176 193 
10 7 9 50 95 168 185 198 239 243 280 
10 2 100 163 185 188 198 206 212 259 276 
10 19 62 130 162 173 174 184 192 222 281 
10 44 84 99 135 145 158 177 211 246 250 
10 13 100 103 115 147 171 190 213 272 280 
10 75 105 107 114 154 161 165 184 223 296 
10 7 85 92 122 131 144 151 221 263 290 
10 95 97 137 170 172 187 200 233 244 292 
10 28 107 110 134 146 199 203 239 257 274 
10 11 108 138 144 147 160 167 239 277 297 
10 1 21 55 124 134 140 224 231 232 288 
10 1 42 176 205 214 230 251 269 286 298 
10 14 36 43 68 126 185 196 220 227 245 
10 11 55 56 134 149 166 183 189 225 274 
10 34 62 82 88 97 122 161 225 283 291 
10 79 91 108 133 179 185 226 232 267 293 
10 36 78 121 170 188 211 227 234 260 262 
10 12 16 32 90 111 183 209 216 249 278 
10 11 36 38 48 85 139 162 184 186 283 
10 77 102 136 167 171 209 256 258 267 278 
10 35 36 89 114 117 138 149 183 219 242 
10 14 40 53 66 140 162 207 217 265 274 
10 62 69 81 159 194 202 241 257 263 280 
10 8 10 104 140 163 190 193 228 241 250 
10 27 37 104 159 196 208 262 272 283 298 
10 28 51 57 77 107 110 125 131 154 157 
10 22 43 59 61 83 92 98 154 164 171 
10 2 80 132 162 196 206 236 271 276 293 
10 23 39 52 78 190 198 238 274 280 299 
10 30 47 69 89 113 145 154 197 201 218 
10 52 121 150 158 206 209 232 238 246 273 
10 3 129 172 193 205 206 216 220 287 298 
10 56 58 63 70 121 231 233 252 265 292 
10 22 23 31 58 59 60 150 185 252 298 
10 27 29 70 77 115 151 213 245 247 254 
10 21 50 53 89 103 122 176 189 214 227 
10 5 10 66 118 148 173 181 199 202 240 
10 29 64 67 139 160 178 223 224 233 278 
10 6 44 45 130 170 180 198 201 241 298 
10 6 17 33 58 82 135 210 215 226 250 
10 29 67 98 110 127 146 229 242 283 293 
10 59 86 87 117 154 211 222 234 268 286 
10 35 40 44 68 150 151 203 212 215 227 
10 7 58 109 117 131 132 159 197 218 252 
10 48 68 71 88 219 227 248 251 267 282 
10 10 38 46 59 72 78 116 259 262 267 
10 2 32 53 106 112 153 192 194 245 285 
10 7 50 62 71 88 103 118 129 203 207 
10 7 12 13 80 138 196 208 260 264 297 
10 10 16 45 55 109 138 165 206 242 251 
10 5 7 32 46 92 196 207 210 246 286 
10 44 68 83 179 187 192 206 208 285 289 
10 24 35 67 97 119 205 232 266 275 288 
10 1 14 29 108 182 205 284 286 288 294 
10 19 31 60 83 104 106 134 221 250 259 
10 2 11 39 99 110 178 198 222 232 249 
10 5 41 115 147 163 209 233 255 256 277 
10 4 34 38 126 127 157 158 161 239 261 
10 15 33 46 79 93 95 134 169 217 255 
10 8 69 77 98 128 145 156 189 212 293 
10 15 45 48 215 243 245 260 275 287 294 
10 18 58 73 131 157 167 186 200 278 295 
10 12 48 88 185 199 200 207 223 280 293 
10 39 75 120 158 224 242 253 265 285 294 
10 40 41 103 120 149 166 178 244 286 291 
10 26 43 58 122 131 148 173 226 246 255 
10 25 94 110 132 163 218 243 245 254 270 
10 8 19 65 101 168 173 223 225 247 283 
10 26 69 88 106 124 128 136 142 236 274 
10 23 43 90 106 129 149 170 174 205 283 
10 9 14 43 48 62 78 190 234 236 259 
10 8 31 43 71 73 76 117 121 146 169 
10 18 30 36 66 102 183 184 193 271 284 
10 20 82 131 141 192 230 261 280 288 299 
10 56 70 146 152 157 210 212 219 276 281 
10 34 54 55 72 83 111 112 158 223 231 
10 45 49 81 100 178 213 215 256 266 267 
10 11 22 73 84 86 170 198 244 286 293 
10 8 136 181 185 187 188 230 248 250 255 
10 25 37 57 131 148 215 230 237 286 296 
10 0 46 166 190 193 220 228 259 261 272 
10 61 69 72 150 200 229 235 269 272 282 
10 20 47 62 66 92 122 178 240 269 284 
10 71 103 134 137 164 191 197 216 243 282 
10 18 29 67 72 119 187 196 222 266 284 
10 55 99 128 142 167 177 185 193 235 283 
10 55 76 83 127 132 180 201 231 234 259 
10 45 54 93 96 105 144 179 191 228 295 
10 40 69 97 105 153 164 232 263 276 298 
10 24 25 53 137 164 182 269 275 283 294 
10 38 55 109 151 154 161 162 204 243 290 
10 39 68 88 89 92 104 153 161 231 262 
10 4 13 50 51 161 204 222 235 262 286 
10 1 122 180 199 218 270 277 280 285 299 
10 28 38 88 120 124 137 161 219 247 294 
10 53 66 93 120 126 138 248 253 260 265 
10 49 85 87 106 177 188 195 225 252 268 
10 62 72 100 243 254 263 267 281 295 299 
10 68 77 120 153 154 155 157 169 186 264 
10 44 65 81 84 90 153 220 253 258 299 
10 52 64 86 119 129 180 219 226 234 279 
10 18 57 60 89 146 151 152 201 247 294 
10 6 12 38 50 68 112 195 209 224 290 
10 47 54 76 127 143 172 182 202 261 296 
10 6 25 54 61 72 82 124 148 200 203 
10 8 9 22 63 130 191 198 222 285 297 
10 1 2 121 134 161 179 248 259 283 287 
10 37 70 79 101 132 140 189 258 279 295 
10 3 21 67 82 89 194 240 242 258 291 
10 12 70 94 166 182 202 257 268 272 274 
10 54 65 99 128 130 182 203 208 235 291 
10 2 4 53 57 65 132 183 231 239 258 
10 16 23 45 176 197 199 224 261 264 278 
10 22 33 41 47 62 74 98 175 183 208 
10 14 29 57 66 148 159 195 225 238 250 
10 100 118 127 139 145 237 257 269 272 292 
10 12 52 78 114 150 169 243 245 257 273 
10 60 61 101 149 156 163 230 243 249 299 
10 5 9 26 57 99 141 228 236 273 279 
10 31 49 116 152 166 172 173 202 270 294 
10 61 76 80 83 135 174 176 276 278 294 
10 10 51 61 65 68 81 135 234 268 271 
10 11 63 64 75 78 96 125 141 148 290 
10 28 81 124 161 194 204 207 226 234 269 
10 22 37 41 70 114 141 147 197 219 251 
10 19 51 64 79 141 159 192 205 264 288 
10 8 76 98 122 170 202 210 226 256 259 
10 6 67 86 91 133 143 213 217 249 298 
10 37 52 146 150 168 247 249 266 268 275 
10 20 28 65 109 114 136 188 195 248 249 
10 0 14 25 39 62 86 94 135 143 148 
10 85 109 171 186 196 252 264 280 292 296 
10 3 4 24 42 159 165 177 192 222 297 
10 75 87 90 111 113 147 194 213 225 245 
10 16 28 29 38 92 106 146 175 187 242 
10 26 63 64 91 101 118 140 168 200 238 
10 15 24 34 71 99 125 156 175 212 238 
10 36 44 70 124 125 144 167 198 210 244 
10 12 18 29 92 101 149 164 213 235 237 
10 7 85 99 166 172 182 189 205 237 258 
10 51 71 105 110 167 173 209 214 254 289 
10 13 28 43 45 153 155 186 228 231 295 
10 74 94 115 116 132 188 202 209 240 241 
10 64 90 93 94 112 114 208 236 248 268 
10 84 110 113 125 186 240 248 276 279 295 
10 24 42 87 111 114 173 176 206 215 243 
10 31 80 82 93 119 165 203 205 240 269 
10 3 18 30 41 102 113 137 189 200 212 
10 0 8 43 61 66 79 104 253 274 292 
10 64 105 122 137 199 210 230 263 265 299 
10 0 67 97 139 190 196 201 266 272 294 
10 4 5 17 31 74 98 203 217 273 295 
10 18 30 102 105 123 139 142 208 271 288 
10 48 54 59 80 94 146 229 246 276 297 
10 0 6 12 28 48 84 121 190 214 250 
10 4 5 44 46 92 106 129 156 240 277 
10 14 38 59 83 107 137 157 163 187 271 
10 36 75 94 143 162 267 271 276 288 291 
10 22 27 31 47 69 117 224 235 254 266 
10 14 49 65 104 118 147 155 168 195 235 
10 21 47 68 100 125 130 138 236 256 293 
10 73 100 126 165 175 221 232 270 273 298 
10 23 76 77 130 159 177 196 234 273 282 
10 4 6 78 102 128 163 186 189 265 281 
10 5 14 32 59 75 79 98 105 107 256 
10 12 86 143 150 181 204 231 238 254 289 
10 33 42 103 144 216 249 262 266 267 281 
10 13 19 52 74 136 141 142 180 212 238 
10 34 46 73 95 138 149 154 174 204 228 
10 20 55 73 78 93 115 118 151 224 257 
10 6 11 21 70 95 100 119 253 286 289 
10 40 79 104 133 149 163 184 186 225 268 
10 37 56 144 148 155 173 201 221 222 241 
10 38 42 60 90 131 133 181 206 223 270 
10 9 47 51 60 142 178 201 202 271 280 
10 24 91 93 177 198 199 228 230 261 262 
10 15 17 63 71 72 120 174 273 281 284 
10 0 7 99 145 171 205 207 209 218 292 
10 3 10 40 56 85 86 101 205 235 245 
10 13 32 43 56 83 103 112 126 171 197 
10 63 123 129 146 153 160 179 180 208 285 
10 1 2 70 127 140 200 257 269 281 297 
10 75 97 109 123 129 179 196 241 251 292 
10 10 27 37 66 93 113 128 216 247 259 
10 3 36 41 97 130 157 164 191 246 284 
10 56 107 141 158 169 192 206 207 252 253 
10 38 80 118 180 190 191 192 229 259 273 
10 17 66 86 102 117 141 177 217 284 290 
10 30 56 74 107 112 187 245 264 274 298 
10 25 45 95 96 106 159 194 248 293 296 
10 1 19 48 53 126 158 162 211 233 248 
10 0 15 97 129 160 203 221 228 270 279 
10 1 30 31 33 35 119 121 128 141 271 
10 11 26 82 119 139 189 223 227 258 288 
10 18 20 71 85 172 178 179 232 244 262 
10 25 49 82 162 170 171 174 202 256 273 
10 64 108 117 133 143 149 169 189 246 249 
10 17 22 23 32 48 61 79 111 123 158 
10 3 30 54 120 136 143 166 175 238 278 
10 42 79 87 108 154 155 229 238 257 292 
10 20 27 50 60 69 85 151 160 212 298 
10 6 52 57 111 161 175 188 194 251 296 
10 52 84 95 126 158 212 226 270 289 290 
10 115 139 147 191 213 221 229 286 287 291 
10 24 78 82 107 108 139 160 220 229 285 
10 32 46 104 159 172 184 191 206 234 292 
10 33 74 144 145 152 178 186 209 244 282 
10 44 61 129 156 182 224 236 254 265 296 
10 31 46 90 135 184 215 219 220 237 255 
10 4 34 67 87 143 144 172 178 213 291 
10 12 93 179 181 214 224 225 239 249 258 
10 39 71 76 84 91 131 172 211 251 290 
10 4 24 35 36 59 115 123 152 191 282 
10 6 46 64 90 137 151 183 207 216 220 
10 15 42 51 56 72 119 156 218 287 293 
10 17 23 26 80 82 100 124 175 183 261 
10 15 23 35 49 163 170 181 207 254 292 
10 63 67 85 91 125 136 156 194 237 295 
10 14 65 137 160 226 229 239 244 289 290 
10 2 33 41 45 107 144 146 225 269 275 
10 30 77 81 87 103 130 132 148 152 169 
10 9 11 57 116 135 145 147 239 247 250 
10 13 35 57 109 114 126 156 168 243 267 
10 74 104 113 116 127 140 142 155 233 266 
10 20 29 35 49 94 123 169 266 277 291 
10 15 19 73 115 116 136 188 215 220 256 
10 9 25 29 43 114 203 228 233 265 281 
10 23 28 69 153 165 185 250 265 274 281 
10 20 77 127 171 173 220 266 272 287 296 
10 70 95 178 194 211 240 245 262 268 279 
10 78 90 103 122 125 140 223 252 277 295 
10 40 116 123 126 152 157 164 182 183 213 
10 3 124 150 160 170 204 207 214 280 293 
10 18 34 68 142 166 194 252 264 270 291 
10 16 33 40 48 72 111 168 195 216 244 
10 74 87 94 96 101 151 190 224 251 263 
10 5 25 53 91 136 156 160 162 180 212 
