80 400
10 2 12 22 25 27 44 46 55 61 67 
10 9 10 25 38 50 56 61 62 77 79 
10 0 5 17 25 44 51 54 58 62 72 
10 4 9 23 33 41 44 47 57 69 75 
10 3 6 15 24 25 28 49 50 52 72 
10 2 17 27 32 34 40 51 60 73 77 
10 4 7 16 23 30 34 55 65 68 74 
10 6 11 13 17 26 44 48 49 64 69 
10 11 17 21 44 52 55 59 63 66 70 
10 1 3 18 20 28 54 56 70 71 74 
10 1 33 37 38 48 53 62 69 70 76 
10 7 8 21 34 35 46 48 60 67 68 
10 0 22 24 35 45 49 51 52 64 74 
10 7 17 30 31 39 41 43 57 70 74 
10 23 26 33 37 40 41 47 49 59 77 
10 4 20 29 40 53 55 57 63 71 79 
10 6 27 29 31 38 54 61 62 68 69 
10 2 5 7 8 13 38 39 51 56 70 
10 9 37 38 60 63 65 67 68 72 75 
10 20 21 46 50 58 60 61 68 71 74 
10 9 15 19 34 36 57 58 65 67 77 
10 8 11 19 26 31 32 47 64 76 79 
10 0 12 31 32 39 42 55 69 73 75 
10 3 6 14 24 30 37 42 53 55 60 
10 4 12 23 42 43 44 56 59 62 66 
10 0 1 2 4 26 36 37 44 49 75 
10 7 14 21 25 27 36 40 47 69 72 
10 0 5 16 26 28 29 33 35 56 76 
10 4 9 27 30 31 40 45 52 57 73 
10 15 16 27 32 56 65 66 70 75 76 
10 6 13 23 28 37 51 52 56 65 73 
10 13 16 21 22 28 33 43 51 64 68 
10 5 21 22 29 51 60 69 72 73 79 
10 3 10 14 27 31 60 63 74 77 78 
10 5 6 11 20 41 45 49 60 69 73 
10 11 12 27 37 53 59 61 62 63 65 
10 20 25 26 41 52 54 60 64 74 78 
10 10 14 18 23 25 30 35 42 53 65 
10 1 10 16 17 18 42 46 59 63 67 
10 13 17 22 52 57 64 65 75 77 78 
10 5 14 15 26 28 42 44 50 57 79 
10 3 13 14 34 36 47 58 66 71 72 
10 22 23 24 37 38 40 52 66 71 73 
10 13 24 31 45 46 53 58 70 72 75 
10 0 2 3 7 8 24 25 40 45 49 
10 12 28 34 43 44 46 48 49 61 76 
10 0 11 19 38 43 45 58 68 73 79 
10 3 14 21 26 41 50 67 72 76 78 
10 7 10 11 45 52 56 63 64 70 71 
10 4 7 12 14 25 34 44 45 54 62 
10 1 4 19 40 47 52 53 54 66 78 
10 2 5 12 17 30 31 32 55 57 62 
10 4 8 12 28 30 36 39 42 48 50 
10 10 15 23 35 37 43 50 54 55 58 
10 2 9 16 36 49 50 53 65 71 76 
10 0 6 8 15 22 23 51 53 66 70 
10 1 9 17 24 27 29 30 48 58 77 
10 3 13 15 20 28 39 40 51 67 74 
10 2 19 20 41 43 46 53 56 63 78 
10 8 14 24 35 38 62 64 68 72 78 
10 5 11 18 19 23 32 33 34 36 70 
10 0 1 16 19 35 45 65 75 77 79 
10 1 2 10 16 24 35 49 51 59 76 
10 8 15 18 33 35 38 48 58 71 76 
10 7 12 21 31 36 39 48 59 73 78 
10 6 18 20 29 30 35 37 39 54 61 
10 8 24 29 41 42 50 55 71 75 77 
10 0 11 18 20 38 47 57 69 77 78 
10 6 11 16 18 19 31 46 59 76 79 
10 3 7 10 16 22 26 32 34 67 79 
10 8 9 10 13 17 29 43 48 55 60 
10 9 15 19 41 42 48 54 63 66 74 
10 2 4 18 26 32 41 43 47 59 75 
10 5 22 28 30 32 34 42 46 64 78 
10 6 9 12 13 19 33 36 57 71 79 
10 3 18 22 25 29 39 43 61 66 72 
10 10 21 27 29 45 47 54 62 63 68 
10 1 5 14 20 33 39 56 61 66 67 
10 33 36 39 47 50 58 59 64 67 73 
10 1 15 21 32 40 46 61 68 69 74 
80 400
10 3 13 15 21 26 37 42 53 60 66 
10 4 19 22 24 32 34 43 45 53 61 
10 19 25 26 40 44 49 54 64 74 76 
10 0 15 28 33 36 37 40 47 58 60 
10 1 9 11 21 27 42 46 61 65 76 
10 7 16 21 26 36 50 57 63 64 75 
10 7 17 42 45 52 56 62 63 70 77 
10 5 6 18 28 32 42 57 59 64 68 
10 17 19 27 29 32 50 58 63 66 70 
10 4 12 13 19 25 30 35 36 37 54 
10 42 46 47 49 53 54 63 64 65 68 
10 4 22 27 30 31 40 45 62 77 79 
10 9 14 19 21 40 46 51 60 73 77 
10 0 9 20 34 44 47 50 52 56 64 
10 12 18 19 24 32 34 62 64 72 73 
10 0 3 20 28 34 39 55 57 68 73 
10 5 21 25 39 51 57 60 69 71 77 
10 6 8 26 27 41 56 66 70 71 75 
10 7 14 28 37 45 50 51 64 71 75 
10 1 2 8 9 12 14 28 48 54 65 
10 13 15 29 51 52 53 57 68 77 78 
10 0 4 5 12 16 22 26 42 43 72 
10 1 11 21 28 31 32 41 58 66 74 
10 25 30 39 42 45 57 61 62 64 67 
10 1 14 31 35 39 40 51 61 68 76 
10 2 9 16 23 29 40 51 67 69 75 
10 0 2 5 17 21 39 51 52 73 79 
10 4 8 11 17 44 56 65 70 76 77 
10 3 7 15 18 19 22 35 43 52 74 
10 8 20 25 36 39 53 54 55 58 59 
10 9 11 23 42 44 59 60 71 78 79 
10 11 22 24 39 41 43 62 69 70 77 
10 1 7 8 14 22 33 41 64 70 78 
10 3 32 35 38 49 51 52 61 71 72 
10 1 13 14 15 41 43 66 71 75 78 
10 9 24 28 33 40 52 69 72 74 77 
10 3 5 9 29 41 49 58 66 67 79 
10 0 3 9 18 47 54 68 72 74 76 
10 33 47 48 49 52 53 58 59 65 73 
10 15 16 23 24 26 29 31 44 57 65 
10 2 3 11 12 24 25 35 46 48 55 
10 17 22 31 32 34 36 43 59 63 79 
10 0 4 6 7 10 21 23 30 63 76 
10 1 21 28 31 34 41 45 50 54 57 
10 2 13 27 30 39 49 53 65 67 68 
10 1 6 11 18 23 43 50 55 62 67 
10 4 10 12 40 51 59 62 68 69 77 
10 3 10 13 37 38 58 59 63 75 78 
10 19 38 40 50 57 60 61 70 75 79 
10 2 10 33 36 38 44 56 58 72 73 
10 5 8 13 18 43 45 48 60 73 78 
10 12 16 18 20 24 25 26 33 46 58 
10 6 13 20 26 28 33 35 38 61 72 
10 0 1 10 20 29 38 44 54 55 78 
10 2 9 10 19 29 37 43 53 64 67 
10 15 29 40 45 53 57 62 65 66 75 
10 6 13 17 27 49 60 67 73 76 78 
10 5 7 15 16 20 23 39 43 48 55 
10 3 8 22 29 36 38 47 49 51 68 
10 7 29 30 38 41 46 47 62 65 71 
10 0 3 12 16 30 48 50 56 69 79 
10 1 4 23 24 33 48 52 63 67 69 
10 6 11 14 23 31 45 46 55 59 66 
10 5 6 8 10 41 42 47 61 73 79 
10 2 5 7 10 13 14 18 23 32 54 
10 4 10 19 27 38 39 44 55 59 69 
10 0 8 17 22 34 36 55 62 70 74 
10 23 25 36 44 45 54 56 61 71 79 
10 7 10 15 20 24 37 44 46 58 77 
10 16 25 31 35 46 60 61 65 74 75 
10 6 8 17 27 31 32 48 66 71 76 
10 16 17 18 30 33 34 59 67 70 73 
10 14 21 33 35 37 49 52 74 76 79 
10 12 14 15 26 38 49 50 56 63 71 
10 2 22 28 35 37 66 69 72 75 78 
10 5 17 18 25 34 47 48 55 69 74 
10 2 4 24 27 37 42 56 70 72 78 
10 6 11 12 16 20 27 31 35 46 68 
10 20 30 32 34 47 50 53 56 74 76 
10 11 26 30 36 41 48 60 63 67 72 
