130 130
2 76 115 
2 84 118 
2 26 83 
2 7 101 
2 57 84 
2 15 67 
2 28 39 
2 3 111 
2 62 122 
2 88 109 
2 77 98 
2 24 108 
2 78 100 
2 35 90 
2 102 107 
2 5 80 
2 28 63 
2 73 128 
2 21 114 
2 101 107 
2 35 118 
2 18 55 
2 54 56 
2 65 88 
2 11 48 
2 91 108 
2 2 96 
2 49 80 
2 6 16 
2 59 99 
2 94 112 
2 98 112 
2 62 87 
2 40 60 
2 97 127 
2 13 20 
2 94 111 
2 65 120 
2 69 95 
2 6 45 
2 33 66 
2 102 105 
2 50 69 
2 75 123 
2 89 93 
2 39 109 
2 47 110 
2 46 76 
2 24 113 
2 27 59 
2 42 70 
2 52 82 
2 51 125 
2 71 129 
2 22 56 
2 21 57 
2 22 54 
2 4 55 
2 67 72 
2 29 49 
2 33 117 
2 81 89 
2 8 32 
2 16 110 
2 66 83 
2 23 37 
2 40 64 
2 5 58 
2 78 121 
2 38 42 
2 50 91 
2 53 127 
2 58 86 
2 17 121 
2 75 116 
2 43 74 
2 0 47 
2 10 114 
2 12 68 
2 95 124 
2 15 27 
2 61 85 
2 51 106 
2 2 64 
2 1 4 
2 81 104 
2 72 129 
2 32 97 
2 9 23 
2 44 61 
2 13 125 
2 25 70 
2 119 128 
2 44 113 
2 30 36 
2 38 79 
2 26 115 
2 34 87 
2 10 31 
2 29 106 
2 12 126 
2 3 19 
2 14 41 
2 117 126 
2 85 119 
2 41 116 
2 82 99 
2 14 19 
2 11 25 
2 9 45 
2 46 63 
2 7 36 
2 30 31 
2 48 93 
2 18 77 
2 0 96 
2 74 105 
2 60 103 
2 1 20 
2 92 104 
2 37 122 
2 68 73 
2 8 120 
2 43 124 
2 79 123 
2 52 90 
2 100 103 
2 34 71 
2 17 92 
2 53 86 
130 130
2 56 93 
2 40 123 
2 52 86 
2 26 77 
2 78 85 
2 28 54 
2 97 119 
2 24 81 
2 11 35 
2 33 122 
2 61 104 
2 8 79 
2 27 84 
2 17 88 
2 94 106 
2 115 121 
2 22 125 
2 13 99 
2 59 66 
2 22 68 
2 92 124 
2 59 118 
2 16 19 
2 53 62 
2 7 68 
2 27 117 
2 3 37 
2 12 25 
2 5 86 
2 55 124 
2 83 106 
2 92 93 
2 57 63 
2 9 100 
2 67 120 
2 8 98 
2 75 110 
2 26 64 
2 102 126 
2 46 112 
2 1 41 
2 40 129 
2 95 128 
2 74 105 
2 60 109 
2 47 111 
2 39 128 
2 45 75 
2 49 91 
2 48 114 
2 72 101 
2 67 118 
2 2 119 
2 23 70 
2 5 126 
2 29 69 
2 0 127 
2 32 69 
2 103 120 
2 18 21 
2 44 70 
2 10 122 
2 23 117 
2 32 72 
2 37 95 
2 110 129 
2 18 115 
2 34 51 
2 19 24 
2 55 57 
2 53 60 
2 101 112 
2 50 63 
2 76 125 
2 43 77 
2 36 47 
2 73 103 
2 3 74 
2 4 113 
2 11 99 
2 89 97 
2 7 89 
2 90 105 
2 30 102 
2 12 98 
2 4 127 
2 2 28 
2 104 107 
2 13 96 
2 80 81 
2 82 100 
2 48 116 
2 20 31 
2 0 31 
2 14 113 
2 42 64 
2 88 108 
2 6 80 
2 35 84 
2 17 79 
2 33 90 
2 50 71 
2 38 83 
2 58 76 
2 10 87 
2 43 82 
2 14 30 
2 87 114 
2 96 109 
2 44 108 
2 36 65 
2 45 123 
2 39 71 
2 78 94 
2 49 107 
2 15 66 
2 91 121 
2 25 62 
2 21 51 
2 6 52 
2 34 58 
2 15 116 
2 9 61 
2 1 111 
2 20 29 
2 16 73 
2 38 54 
2 56 85 
2 42 46 
2 41 65 
