140 140
2 37 39 
2 16 36 
2 17 127 
2 48 126 
2 66 68 
2 108 121 
2 63 137 
2 13 120 
2 15 101 
2 60 104 
2 77 138 
2 20 95 
2 85 101 
2 7 29 
2 56 97 
2 8 107 
2 1 22 
2 2 72 
2 100 116 
2 26 41 
2 11 128 
2 36 54 
2 16 46 
2 61 115 
2 32 92 
2 56 78 
2 19 134 
2 47 97 
2 102 139 
2 13 106 
2 40 58 
2 62 139 
2 24 87 
2 98 113 
2 51 73 
2 99 105 
2 1 21 
2 0 88 
2 42 70 
2 0 78 
2 30 116 
2 19 63 
2 38 122 
2 55 95 
2 82 85 
2 51 53 
2 22 109 
2 27 125 
2 3 59 
2 67 94 
2 76 81 
2 34 45 
2 88 94 
2 45 130 
2 21 86 
2 43 111 
2 14 25 
2 90 121 
2 30 132 
2 48 71 
2 9 115 
2 23 74 
2 31 75 
2 6 41 
2 80 131 
2 96 133 
2 4 109 
2 49 69 
2 4 96 
2 67 103 
2 38 113 
2 59 91 
2 17 79 
2 34 77 
2 61 106 
2 62 105 
2 50 99 
2 10 73 
2 25 39 
2 72 122 
2 64 83 
2 50 112 
2 44 84 
2 80 120 
2 82 114 
2 12 44 
2 54 126 
2 32 90 
2 37 52 
2 118 132 
2 57 87 
2 71 129 
2 24 138 
2 130 134 
2 49 52 
2 11 43 
2 65 68 
2 14 27 
2 33 110 
2 35 76 
2 18 135 
2 8 12 
2 28 133 
2 69 123 
2 9 117 
2 35 75 
2 29 74 
2 15 117 
2 5 136 
2 46 66 
2 98 128 
2 55 129 
2 81 119 
2 33 70 
2 84 131 
2 23 60 
2 18 40 
2 104 107 
2 89 125 
2 112 124 
2 7 83 
2 5 57 
2 42 79 
2 103 137 
2 119 135 
2 47 118 
2 3 86 
2 2 136 
2 20 110 
2 91 111 
2 53 93 
2 64 114 
2 58 89 
2 65 102 
2 26 93 
2 100 124 
2 108 127 
2 6 123 
2 10 92 
2 28 31 
140 140
2 87 99 
2 51 109 
2 44 120 
2 84 123 
2 22 88 
2 17 82 
2 32 69 
2 13 90 
2 30 88 
2 83 97 
2 45 56 
2 51 128 
2 77 96 
2 7 131 
2 16 138 
2 108 127 
2 14 40 
2 5 134 
2 20 105 
2 49 71 
2 18 50 
2 119 135 
2 4 136 
2 86 107 
2 57 103 
2 62 63 
2 73 104 
2 48 81 
2 34 86 
2 85 111 
2 8 31 
2 30 75 
2 6 36 
2 87 127 
2 28 89 
2 37 43 
2 32 68 
2 35 83 
2 109 122 
2 94 138 
2 16 100 
2 64 114 
2 79 132 
2 35 59 
2 2 98 
2 10 52 
2 67 101 
2 108 122 
2 27 53 
2 19 64 
2 20 115 
2 1 11 
2 45 132 
2 48 92 
2 90 93 
2 62 129 
2 10 102 
2 24 71 
2 69 105 
2 43 119 
2 65 95 
2 120 126 
2 25 55 
2 25 77 
2 41 49 
2 60 81 
2 95 121 
2 46 80 
2 36 123 
2 6 58 
2 94 99 
2 19 57 
2 103 137 
2 26 136 
2 93 107 
2 31 106 
2 111 135 
2 12 63 
2 112 130 
2 42 125 
2 67 128 
2 27 65 
2 5 124 
2 9 37 
2 3 114 
2 29 117 
2 23 28 
2 0 33 
2 4 8 
2 34 92 
2 7 54 
2 110 133 
2 53 89 
2 54 74 
2 39 70 
2 60 66 
2 12 137 
2 9 102 
2 44 104 
2 0 70 
2 40 117 
2 46 116 
2 56 97 
2 24 72 
2 26 98 
2 18 58 
2 75 131 
2 23 74 
2 15 47 
2 1 38 
2 91 139 
2 29 76 
2 78 118 
2 121 133 
2 41 84 
2 50 124 
2 101 125 
2 85 100 
2 112 126 
2 21 59 
2 2 61 
2 66 113 
2 38 47 
2 3 68 
2 82 115 
2 79 116 
2 61 118 
2 15 33 
2 11 80 
2 55 130 
2 78 129 
2 13 106 
2 42 52 
2 91 113 
2 17 139 
2 21 76 
2 22 73 
2 72 96 
2 14 39 
2 110 134 
