230 230
2 40 84 
2 43 105 
2 8 163 
2 167 184 
2 91 173 
2 47 107 
2 76 118 
2 46 212 
2 2 110 
2 44 164 
2 144 193 
2 65 71 
2 124 189 
2 154 201 
2 36 124 
2 165 204 
2 198 222 
2 89 104 
2 163 181 
2 121 207 
2 30 184 
2 148 209 
2 70 123 
2 46 146 
2 102 116 
2 41 169 
2 45 208 
2 58 87 
2 113 202 
2 193 196 
2 20 217 
2 127 177 
2 108 176 
2 99 210 
2 209 227 
2 39 226 
2 14 88 
2 134 187 
2 56 140 
2 35 80 
2 0 155 
2 25 78 
2 76 187 
2 1 132 
2 9 64 
2 26 133 
2 7 23 
2 5 136 
2 141 220 
2 168 213 
2 117 120 
2 105 196 
2 54 182 
2 55 171 
2 52 89 
2 53 136 
2 38 160 
2 63 106 
2 27 143 
2 111 166 
2 148 152 
2 72 86 
2 161 225 
2 57 75 
2 44 85 
2 11 86 
2 139 170 
2 83 130 
2 109 155 
2 131 174 
2 22 135 
2 11 138 
2 61 115 
2 77 216 
2 151 217 
2 63 106 
2 6 42 
2 73 194 
2 41 205 
2 107 215 
2 39 140 
2 146 223 
2 182 188 
2 67 131 
2 0 137 
2 64 168 
2 61 65 
2 27 180 
2 36 195 
2 17 54 
2 109 122 
2 4 151 
2 134 152 
2 122 153 
2 125 220 
2 149 160 
2 189 214 
2 154 212 
2 118 197 
2 33 190 
2 197 200 
2 169 195 
2 24 141 
2 111 206 
2 17 210 
2 1 51 
2 57 75 
2 5 79 
2 32 142 
2 68 90 
2 8 130 
2 59 103 
2 119 228 
2 28 145 
2 116 227 
2 72 144 
2 24 114 
2 50 218 
2 6 98 
2 112 158 
2 50 229 
2 19 127 
2 90 93 
2 22 177 
2 12 14 
2 94 216 
2 143 194 
2 31 121 
2 133 205 
2 156 221 
2 67 110 
2 69 83 
2 43 191 
2 45 128 
2 37 92 
2 70 219 
2 47 55 
2 84 206 
2 71 149 
2 66 211 
2 38 80 
2 48 102 
2 108 202 
2 58 126 
2 10 115 
2 113 224 
2 23 81 
2 175 203 
2 21 60 
2 95 138 
2 170 171 
2 74 91 
2 60 92 
2 93 228 
2 13 97 
2 40 68 
2 129 162 
2 218 229 
2 119 200 
2 162 204 
2 56 95 
2 62 174 
2 156 159 
2 2 18 
2 9 203 
2 15 179 
2 59 183 
2 3 190 
2 49 85 
2 25 101 
2 66 150 
2 53 150 
2 201 208 
2 4 179 
2 69 161 
2 147 178 
2 32 192 
2 31 123 
2 175 191 
2 165 173 
2 87 181 
2 18 180 
2 52 82 
2 166 221 
2 3 20 
2 186 215 
2 185 199 
2 37 42 
2 82 198 
2 12 96 
2 99 167 
2 132 178 
2 176 225 
2 10 29 
2 77 126 
2 88 101 
2 29 51 
2 98 100 
2 16 188 
2 186 226 
2 100 158 
2 13 172 
2 28 142 
2 147 164 
2 15 159 
2 78 128 
2 103 137 
2 19 223 
2 26 172 
2 21 34 
2 33 104 
2 139 224 
2 7 97 
2 49 219 
2 96 222 
2 79 185 
2 73 125 
2 30 74 
2 117 157 
2 135 213 
2 48 94 
2 129 183 
2 16 214 
2 81 207 
2 145 211 
2 62 192 
2 35 199 
2 34 114 
2 112 153 
2 120 157 
230 230
2 210 225 
2 52 64 
2 13 26 
2 73 130 
2 5 59 
2 4 105 
2 29 206 
2 147 221 
2 20 95 
2 38 168 
2 16 43 
2 12 20 
2 11 184 
2 2 182 
2 48 102 
2 80 222 
2 10 229 
2 123 209 
2 122 189 
2 130 140 
2 8 11 
2 86 159 
2 72 120 
2 94 169 
2 128 157 
2 142 165 
2 2 153 
2 91 108 
2 131 224 
2 6 101 
2 93 103 
2 34 127 
2 146 164 
2 155 195 
2 31 148 
2 54 166 
2 37 200 
2 36 131 
2 9 40 
2 49 62 
2 38 150 
2 50 174 
2 107 187 
2 10 196 
2 163 186 
2 141 151 
2 84 145 
2 54 207 
2 14 67 
2 39 101 
2 41 155 
2 68 197 
2 1 193 
2 109 170 
2 35 47 
2 186 218 
2 77 173 
2 68 229 
2 67 175 
2 4 214 
2 63 209 
2 66 128 
2 39 108 
2 60 197 
2 1 178 
2 72 212 
2 61 92 
2 48 58 
2 51 57 
2 110 138 
2 156 211 
2 98 215 
2 22 65 
2 3 136 
2 88 158 
2 117 132 
2 114 135 
2 56 170 
2 176 211 
2 125 183 
2 15 226 
2 89 117 
2 105 161 
2 100 172 
2 46 93 
2 120 190 
2 21 95 
2 202 203 
2 74 138 
2 81 127 
2 156 183 
2 27 160 
2 66 96 
2 30 84 
2 23 124 
2 8 86 
2 92 164 
2 134 180 
2 71 135 
2 194 204 
2 83 216 
2 29 49 
2 14 208 
2 30 167 
2 182 203 
2 5 82 
2 148 223 
2 42 173 
2 27 62 
2 53 198 
2 69 213 
2 185 222 
2 139 149 
2 159 181 
2 76 178 
2 129 215 
2 185 200 
2 75 81 
2 119 199 
2 118 154 
2 22 85 
2 126 146 
2 18 162 
2 17 126 
2 94 201 
2 79 177 
2 121 123 
2 31 89 
2 24 61 
2 115 202 
2 3 19 
2 28 37 
2 75 176 
2 143 217 
2 97 174 
2 76 98 
2 73 137 
2 136 175 
2 69 88 
2 112 217 
2 19 205 
2 45 152 
2 25 144 
2 133 205 
2 142 212 
2 46 218 
2 32 121 
2 7 150 
2 34 106 
2 112 224 
2 40 147 
2 45 193 
2 141 198 
2 26 169 
2 119 177 
2 33 50 
2 70 90 
2 24 167 
2 74 191 
2 21 113 
2 91 162 
2 82 189 
2 122 160 
2 44 172 
2 32 96 
2 25 187 
2 35 206 
2 103 157 
2 9 171 
2 23 153 
2 53 77 
2 168 214 
2 83 163 
2 56 107 
2 41 134 
2 58 137 
2 78 132 
2 125 154 
2 64 114 
2 190 192 
2 97 210 
2 113 208 
2 13 104 
2 79 90 
2 12 194 
2 111 116 
2 44 55 
2 42 165 
2 216 228 
2 18 161 
2 85 179 
2 158 227 
2 179 196 
2 52 151 
2 99 184 
2 33 227 
2 43 192 
2 51 63 
2 109 152 
2 118 223 
2 36 116 
2 124 220 
2 87 129 
2 87 104 
2 99 221 
2 140 143 
2 6 166 
2 47 220 
2 102 181 
2 17 60 
2 0 180 
2 70 78 
2 65 144 
2 110 219 
2 59 171 
2 71 115 
2 100 188 
2 133 139 
2 55 145 
2 213 226 
2 201 207 
2 7 204 
2 15 111 
2 106 199 
2 28 149 
2 0 228 
2 80 219 
2 191 195 
2 188 225 
2 16 57 
