240 240
2 35 107 
2 110 218 
2 71 78 
2 14 192 
2 50 218 
2 122 217 
2 61 138 
2 113 193 
2 152 181 
2 49 96 
2 134 154 
2 139 199 
2 85 202 
2 201 222 
2 3 81 
2 30 37 
2 95 170 
2 28 105 
2 67 86 
2 103 136 
2 176 200 
2 86 146 
2 155 160 
2 164 168 
2 119 173 
2 128 156 
2 190 234 
2 40 68 
2 17 150 
2 132 210 
2 15 157 
2 84 172 
2 37 146 
2 109 169 
2 66 198 
2 0 179 
2 52 111 
2 15 32 
2 54 203 
2 43 188 
2 27 157 
2 57 69 
2 127 182 
2 39 141 
2 130 137 
2 120 189 
2 151 206 
2 100 144 
2 90 104 
2 9 87 
2 4 63 
2 75 159 
2 36 145 
2 79 180 
2 38 111 
2 80 161 
2 59 220 
2 41 92 
2 95 208 
2 56 129 
2 73 231 
2 6 140 
2 124 235 
2 50 118 
2 153 170 
2 78 100 
2 34 230 
2 18 207 
2 27 216 
2 41 167 
2 123 126 
2 2 159 
2 143 194 
2 60 185 
2 150 217 
2 51 114 
2 101 236 
2 225 238 
2 2 65 
2 53 158 
2 55 99 
2 14 215 
2 127 224 
2 167 224 
2 31 204 
2 12 163 
2 18 21 
2 49 96 
2 120 210 
2 164 182 
2 48 155 
2 168 236 
2 57 234 
2 138 173 
2 121 186 
2 16 58 
2 9 87 
2 178 227 
2 175 207 
2 80 158 
2 47 65 
2 76 133 
2 144 205 
2 19 203 
2 48 137 
2 17 171 
2 177 227 
2 0 226 
2 179 233 
2 33 125 
2 1 197 
2 36 54 
2 116 186 
2 7 160 
2 75 192 
2 162 169 
2 112 223 
2 132 172 
2 63 221 
2 24 178 
2 45 88 
2 94 126 
2 5 199 
2 70 162 
2 62 195 
2 109 145 
2 70 121 
2 42 82 
2 25 165 
2 59 149 
2 44 174 
2 135 163 
2 29 117 
2 101 147 
2 10 171 
2 131 214 
2 19 153 
2 44 104 
2 6 93 
2 11 212 
2 61 166 
2 43 142 
2 141 148 
2 72 233 
2 47 102 
2 52 125 
2 21 32 
2 133 177 
2 142 175 
2 129 232 
2 28 74 
2 46 191 
2 8 184 
2 64 136 
2 10 211 
2 22 90 
2 25 201 
2 30 40 
2 79 99 
2 51 71 
2 22 113 
2 55 191 
2 115 123 
2 85 131 
2 23 89 
2 128 213 
2 140 176 
2 69 83 
2 23 91 
2 33 115 
2 16 64 
2 105 134 
2 31 117 
2 24 93 
2 130 195 
2 98 148 
2 20 166 
2 106 147 
2 97 119 
2 35 108 
2 53 209 
2 8 197 
2 42 89 
2 202 214 
2 152 204 
2 73 231 
2 94 112 
2 205 228 
2 39 215 
2 45 225 
2 26 196 
2 151 161 
2 3 114 
2 7 239 
2 72 223 
2 124 174 
2 190 211 
2 110 181 
2 34 221 
2 11 122 
2 20 232 
2 13 156 
2 12 183 
2 38 103 
2 84 184 
2 102 187 
2 46 230 
2 67 98 
2 58 239 
2 180 237 
2 29 88 
2 154 196 
2 139 238 
2 165 216 
2 135 183 
2 81 188 
2 68 213 
2 5 74 
2 1 4 
2 222 229 
2 56 228 
2 118 198 
2 13 219 
2 116 194 
2 82 83 
2 77 189 
2 107 237 
2 97 106 
2 187 220 
2 219 235 
2 66 206 
2 60 185 
2 149 200 
2 108 143 
2 26 92 
2 62 229 
2 76 91 
2 209 226 
2 77 212 
2 193 208 
240 240
2 73 186 
2 58 118 
2 104 213 
2 217 237 
2 103 142 
2 156 172 
2 61 82 
2 19 88 
2 178 224 
2 183 199 
2 114 160 
2 72 212 
2 66 205 
2 209 238 
2 218 236 
2 75 189 
2 39 108 
2 57 164 
2 41 194 
2 7 85 
2 189 207 
2 38 179 
2 29 59 
2 44 151 
2 27 96 
2 89 171 
2 76 154 
2 24 174 
2 50 138 
2 22 161 
2 40 118 
2 49 112 
2 55 170 
2 99 113 
2 166 185 
2 96 149 
2 182 227 
2 115 136 
2 21 125 
2 16 115 
2 30 101 
2 18 176 
2 117 147 
2 112 122 
2 23 95 
2 90 201 
2 49 121 
2 110 181 
2 152 208 
2 31 46 
2 28 52 
2 140 154 
2 50 181 
2 70 84 
2 75 206 
2 32 101 
2 65 72 
2 17 223 
2 1 184 
2 22 105 
2 190 223 
2 6 69 
2 155 178 
2 137 168 
2 81 230 
2 56 136 
2 12 216 
2 153 166 
2 133 148 
2 61 192 
2 53 129 
2 211 233 
2 11 56 
2 0 97 
2 111 234 
2 15 54 
2 26 107 
2 152 239 
2 106 202 
2 146 180 
2 155 215 
2 64 86 
2 6 119 
2 93 102 
2 53 88 
2 19 212 
2 81 203 
2 132 197 
2 7 84 
2 25 104 
2 45 159 
2 205 220 
2 109 164 
2 83 106 
2 215 239 
2 44 206 
2 24 35 
2 73 171 
2 183 236 
2 33 145 
2 192 200 
2 40 55 
2 83 191 
2 4 153 
2 2 89 
2 59 196 
2 78 93 
2 76 123 
2 16 143 
2 92 141 
2 47 158 
2 74 113 
2 31 43 
2 33 111 
2 10 158 
2 37 39 
2 165 225 
2 42 221 
2 1 30 
2 82 172 
2 140 173 
2 46 187 
2 43 200 
2 107 235 
2 130 142 
2 38 211 
2 138 193 
2 128 220 
2 127 235 
2 70 186 
2 124 157 
2 144 238 
2 87 188 
2 68 210 
2 156 218 
2 194 229 
2 37 65 
2 63 230 
2 28 126 
2 147 208 
2 51 120 
2 109 149 
2 4 124 
2 108 191 
2 131 222 
2 99 167 
2 79 209 
2 42 139 
2 68 150 
2 35 141 
2 148 184 
2 23 227 
2 48 77 
2 67 103 
2 26 51 
2 62 80 
2 5 134 
2 130 228 
2 110 114 
2 90 228 
2 10 217 
2 29 195 
2 167 170 
2 222 234 
2 17 92 
2 116 213 
2 34 67 
2 145 162 
2 63 229 
2 198 216 
2 32 162 
2 25 97 
2 5 119 
2 120 226 
2 27 204 
2 185 237 
2 41 201 
2 225 231 
2 8 62 
2 21 182 
2 79 203 
2 47 52 
2 36 179 
2 9 98 
2 58 150 
2 34 175 
2 0 129 
2 121 199 
2 132 198 
2 15 20 
2 60 219 
2 102 143 
2 69 100 
2 126 195 
2 18 135 
2 161 193 
2 105 210 
2 87 214 
2 169 188 
2 9 187 
2 100 122 
2 45 176 
2 78 214 
2 86 180 
2 174 231 
2 12 91 
2 54 95 
2 20 232 
2 48 139 
2 13 146 
2 133 196 
2 71 125 
2 11 85 
2 2 165 
2 197 202 
2 80 94 
2 66 169 
2 3 160 
2 14 134 
2 190 232 
2 91 127 
2 117 226 
2 144 163 
2 57 60 
2 8 233 
2 116 177 
2 173 221 
2 36 151 
2 157 159 
2 135 168 
2 64 137 
2 177 204 
2 207 219 
2 71 224 
2 74 163 
2 123 128 
2 14 98 
2 3 175 
2 13 131 
2 77 94 
