280 280
2 102 133 
2 146 159 
2 102 210 
2 13 19 
2 15 27 
2 108 230 
2 156 207 
2 101 121 
2 148 179 
2 137 219 
2 50 228 
2 214 230 
2 106 142 
2 3 160 
2 156 157 
2 4 193 
2 77 259 
2 51 275 
2 71 178 
2 3 34 
2 41 130 
2 151 177 
2 32 55 
2 142 265 
2 126 196 
2 30 209 
2 166 187 
2 4 88 
2 119 131 
2 49 98 
2 25 198 
2 163 261 
2 22 274 
2 208 233 
2 19 42 
2 54 117 
2 41 204 
2 53 153 
2 97 267 
2 134 185 
2 48 258 
2 20 36 
2 34 267 
2 83 278 
2 149 243 
2 66 165 
2 229 262 
2 175 190 
2 40 238 
2 29 165 
2 10 277 
2 17 250 
2 91 247 
2 37 264 
2 35 139 
2 22 61 
2 173 184 
2 198 199 
2 169 241 
2 181 269 
2 99 253 
2 55 275 
2 92 132 
2 71 197 
2 70 257 
2 80 202 
2 45 107 
2 138 150 
2 89 269 
2 109 138 
2 64 147 
2 18 63 
2 141 224 
2 97 249 
2 93 162 
2 195 263 
2 85 253 
2 16 211 
2 103 243 
2 191 254 
2 65 263 
2 99 173 
2 93 244 
2 43 258 
2 212 236 
2 76 215 
2 233 245 
2 105 192 
2 27 100 
2 68 124 
2 113 260 
2 52 148 
2 62 143 
2 74 82 
2 172 272 
2 178 239 
2 217 221 
2 38 73 
2 29 206 
2 60 81 
2 88 216 
2 7 180 
2 0 2 
2 78 186 
2 126 168 
2 87 177 
2 12 271 
2 66 228 
2 5 248 
2 69 182 
2 151 181 
2 136 164 
2 129 149 
2 90 123 
2 180 202 
2 120 128 
2 175 209 
2 35 194 
2 196 218 
2 28 244 
2 115 226 
2 7 259 
2 135 189 
2 113 276 
2 89 236 
2 152 252 
2 24 104 
2 144 247 
2 115 237 
2 112 190 
2 20 174 
2 28 245 
2 62 225 
2 0 188 
2 39 150 
2 122 224 
2 111 261 
2 9 158 
2 67 69 
2 54 195 
2 212 273 
2 72 221 
2 12 23 
2 92 216 
2 127 199 
2 200 250 
2 1 264 
2 70 274 
2 8 91 
2 44 112 
2 67 134 
2 21 110 
2 125 176 
2 37 205 
2 225 266 
2 220 223 
2 6 14 
2 14 170 
2 137 189 
2 1 254 
2 13 277 
2 162 170 
2 74 161 
2 31 167 
2 111 214 
2 45 49 
2 26 223 
2 163 192 
2 104 273 
2 58 188 
2 157 161 
2 239 257 
2 94 268 
2 56 81 
2 130 235 
2 47 116 
2 152 206 
2 21 105 
2 18 95 
2 8 255 
2 101 114 
2 59 110 
2 109 201 
2 268 279 
2 56 276 
2 39 218 
2 103 207 
2 26 279 
2 133 169 
2 122 158 
2 47 129 
2 79 270 
2 87 167 
2 15 249 
2 117 200 
2 75 139 
2 24 118 
2 63 215 
2 30 57 
2 57 144 
2 145 194 
2 182 227 
2 65 114 
2 217 227 
2 36 219 
2 153 251 
2 98 176 
2 6 186 
2 33 271 
2 25 116 
2 2 211 
2 77 210 
2 84 140 
2 255 278 
2 11 164 
2 85 197 
2 100 143 
2 96 203 
2 118 185 
2 9 204 
2 155 265 
2 96 141 
2 248 272 
2 155 166 
2 72 135 
2 132 154 
2 120 237 
2 201 203 
2 10 107 
2 46 234 
2 5 11 
2 242 262 
2 241 252 
2 33 86 
2 229 240 
2 174 240 
2 84 124 
2 128 226 
2 48 266 
2 95 171 
2 234 235 
2 58 232 
2 231 260 
2 44 78 
2 82 119 
2 86 131 
2 256 270 
2 52 127 
2 108 222 
2 73 193 
2 51 145 
2 205 256 
2 125 232 
2 60 76 
2 79 159 
2 179 213 
2 246 251 
2 64 171 
2 40 83 
2 16 121 
2 90 242 
2 31 136 
2 46 231 
2 75 80 
2 53 146 
2 23 220 
2 154 238 
2 38 42 
2 172 183 
2 59 68 
2 191 246 
2 106 208 
2 94 222 
2 140 168 
2 32 147 
2 17 61 
2 123 184 
2 50 160 
2 43 213 
2 183 187 
280 280
2 26 135 
2 162 253 
2 37 98 
2 13 22 
2 23 221 
2 20 243 
2 7 169 
2 6 42 
2 211 238 
2 32 267 
2 93 145 
2 213 235 
2 21 28 
2 3 69 
2 59 266 
2 175 191 
2 39 267 
2 236 251 
2 51 90 
2 32 80 
2 5 103 
2 12 141 
2 3 56 
2 4 62 
2 44 100 
2 256 265 
2 0 180 
2 174 234 
2 12 196 
2 123 182 
2 157 237 
2 107 247 
2 9 19 
2 63 231 
2 225 256 
2 48 187 
2 143 204 
2 2 129 
2 190 201 
2 16 271 
2 134 157 
2 128 239 
2 7 199 
2 150 229 
2 24 135 
2 122 257 
2 124 228 
2 148 264 
2 35 252 
2 144 153 
2 218 231 
2 18 114 
2 58 108 
2 189 278 
2 166 171 
2 241 273 
2 22 261 
2 152 178 
2 52 151 
2 14 199 
2 72 182 
2 68 117 
2 23 155 
2 33 81 
2 170 208 
2 158 265 
2 130 268 
2 121 259 
2 61 108 
2 13 87 
2 173 192 
2 201 276 
2 60 242 
2 96 277 
2 128 228 
2 143 152 
2 249 269 
2 149 159 
2 149 227 
2 164 196 
2 19 211 
2 63 248 
2 110 262 
2 172 176 
2 101 167 
2 205 271 
2 97 264 
2 69 95 
2 125 204 
2 239 244 
2 18 168 
2 210 214 
2 120 153 
2 10 168 
2 226 277 
2 87 188 
2 73 148 
2 86 139 
2 2 252 
2 151 166 
2 24 195 
2 84 216 
2 106 203 
2 20 266 
2 115 197 
2 160 260 
2 102 163 
2 31 133 
2 52 68 
2 142 275 
2 82 268 
2 127 131 
2 122 129 
2 223 225 
2 51 175 
2 104 188 
2 126 147 
2 61 195 
2 215 236 
2 222 235 
2 92 244 
2 67 219 
2 45 112 
2 29 259 
2 46 185 
2 88 190 
2 116 255 
2 111 230 
2 41 74 
2 37 112 
2 66 269 
2 111 181 
2 179 232 
2 107 178 
2 40 194 
2 0 44 
2 139 214 
2 208 233 
2 179 232 
2 97 136 
2 146 174 
2 21 161 
2 109 254 
2 36 75 
2 49 155 
2 10 245 
2 140 224 
2 116 209 
2 47 96 
2 77 78 
2 43 262 
2 58 99 
2 57 75 
2 49 92 
2 207 230 
2 62 144 
2 184 263 
2 30 40 
2 65 219 
2 77 278 
2 105 215 
2 141 246 
2 1 163 
2 106 162 
2 79 202 
2 209 275 
2 54 99 
2 84 274 
2 90 93 
2 6 216 
2 64 249 
2 54 197 
2 83 194 
2 70 206 
2 27 140 
2 15 114 
2 83 217 
2 220 245 
2 57 133 
2 132 138 
2 26 198 
2 131 191 
2 29 60 
2 254 255 
2 156 279 
2 124 193 
2 218 224 
2 35 222 
2 95 115 
2 53 220 
2 38 125 
2 15 181 
2 70 263 
2 185 240 
2 134 172 
2 100 117 
2 28 79 
2 104 171 
2 180 260 
2 42 59 
2 221 241 
2 38 71 
2 164 250 
2 102 238 
2 36 88 
2 85 250 
2 173 274 
2 154 253 
2 64 137 
2 147 165 
2 91 272 
2 8 80 
2 240 279 
2 11 261 
2 91 136 
2 118 160 
2 101 169 
2 176 276 
2 50 186 
2 121 158 
2 177 189 
2 4 200 
2 119 187 
2 113 246 
2 146 186 
2 34 113 
2 94 270 
2 78 234 
2 46 74 
2 43 272 
2 127 154 
2 33 50 
2 132 138 
2 137 243 
2 27 227 
2 11 119 
2 17 118 
2 30 247 
2 8 203 
2 41 89 
2 193 212 
2 55 200 
2 72 251 
2 5 233 
2 89 120 
2 145 177 
2 161 223 
2 31 237 
2 81 273 
2 76 170 
2 202 205 
2 17 242 
2 48 98 
2 1 207 
2 142 183 
2 126 183 
2 25 34 
2 45 258 
2 257 270 
2 67 123 
2 105 198 
2 56 213 
2 82 150 
2 156 192 
2 47 86 
2 25 65 
2 14 103 
2 9 16 
2 66 110 
2 76 130 
2 226 258 
2 39 85 
2 210 229 
2 55 248 
2 167 206 
2 109 165 
2 71 217 
2 73 94 
2 53 159 
2 184 212 
