330 330
2 50 309 
2 177 312 
2 60 75 
2 178 183 
2 131 135 
2 24 191 
2 89 100 
2 117 182 
2 175 321 
2 55 281 
2 177 194 
2 57 216 
2 251 264 
2 83 200 
2 170 215 
2 205 309 
2 74 95 
2 36 37 
2 58 211 
2 53 143 
2 141 180 
2 90 219 
2 45 71 
2 45 199 
2 5 139 
2 128 219 
2 187 248 
2 68 129 
2 34 108 
2 83 176 
2 165 321 
2 144 213 
2 41 167 
2 245 304 
2 28 64 
2 95 211 
2 17 298 
2 17 163 
2 92 324 
2 121 144 
2 65 85 
2 32 140 
2 63 249 
2 49 112 
2 80 89 
2 22 23 
2 67 191 
2 125 221 
2 100 262 
2 43 101 
2 0 146 
2 94 245 
2 263 308 
2 19 300 
2 293 302 
2 9 184 
2 199 241 
2 11 324 
2 18 198 
2 123 323 
2 2 259 
2 233 283 
2 198 268 
2 42 195 
2 34 238 
2 40 71 
2 256 322 
2 46 140 
2 27 311 
2 125 169 
2 186 328 
2 22 65 
2 261 288 
2 172 287 
2 16 201 
2 2 269 
2 186 285 
2 151 310 
2 167 229 
2 319 325 
2 44 227 
2 230 257 
2 132 270 
2 13 29 
2 153 178 
2 40 102 
2 126 241 
2 142 206 
2 250 294 
2 6 44 
2 21 329 
2 149 159 
2 38 297 
2 152 250 
2 51 129 
2 16 35 
2 105 197 
2 308 314 
2 113 122 
2 169 294 
2 6 48 
2 49 316 
2 85 148 
2 251 292 
2 210 320 
2 96 283 
2 120 203 
2 173 242 
2 28 136 
2 215 258 
2 296 304 
2 139 190 
2 43 291 
2 98 276 
2 145 188 
2 133 285 
2 237 277 
2 7 307 
2 163 208 
2 252 313 
2 106 299 
2 39 157 
2 98 302 
2 59 312 
2 282 298 
2 47 69 
2 86 273 
2 158 192 
2 25 195 
2 27 94 
2 204 231 
2 4 299 
2 82 244 
2 115 162 
2 214 232 
2 4 249 
2 108 293 
2 193 291 
2 314 316 
2 24 111 
2 41 67 
2 20 329 
2 87 286 
2 19 264 
2 31 39 
2 114 154 
2 50 148 
2 161 306 
2 102 146 
2 91 229 
2 297 303 
2 77 214 
2 93 326 
2 84 254 
2 145 218 
2 175 225 
2 193 255 
2 121 201 
2 127 224 
2 91 239 
2 189 231 
2 147 185 
2 133 206 
2 37 118 
2 248 310 
2 30 184 
2 247 281 
2 32 78 
2 220 327 
2 69 99 
2 14 277 
2 238 292 
2 73 319 
2 107 227 
2 279 288 
2 8 155 
2 29 207 
2 1 10 
2 3 84 
2 236 295 
2 20 225 
2 202 290 
2 7 274 
2 3 223 
2 55 165 
2 161 318 
2 70 76 
2 26 221 
2 114 220 
2 160 271 
2 111 213 
2 5 46 
2 127 217 
2 137 156 
2 10 247 
2 63 128 
2 202 256 
2 96 216 
2 58 62 
2 23 56 
2 13 322 
2 74 157 
2 181 196 
2 106 315 
2 130 239 
2 15 272 
2 87 162 
2 176 266 
2 118 267 
2 212 242 
2 104 315 
2 18 35 
2 209 323 
2 31 190 
2 134 151 
2 14 109 
2 11 197 
2 192 228 
2 154 300 
2 21 25 
2 168 188 
2 47 187 
2 244 318 
2 183 273 
2 158 313 
2 155 180 
2 265 284 
2 80 173 
2 217 255 
2 78 149 
2 81 280 
2 130 160 
2 134 265 
2 61 295 
2 267 275 
2 240 301 
2 179 268 
2 116 278 
2 64 171 
2 159 204 
2 235 305 
2 56 86 
2 107 209 
2 261 278 
2 132 222 
2 33 51 
2 269 296 
2 166 194 
2 26 164 
2 42 135 
2 88 93 
2 12 103 
2 119 289 
2 262 305 
2 153 274 
2 156 228 
2 66 196 
2 81 284 
2 109 328 
2 60 276 
2 263 272 
2 72 243 
2 48 253 
2 52 260 
2 12 143 
2 226 232 
2 207 317 
2 208 234 
2 62 236 
2 75 246 
2 82 301 
2 189 326 
2 205 260 
2 126 223 
2 182 254 
2 234 325 
2 113 259 
2 116 170 
2 237 243 
2 174 306 
2 230 287 
2 9 166 
2 124 303 
2 61 105 
2 226 257 
2 76 115 
2 142 289 
2 73 280 
2 72 174 
2 252 286 
2 181 307 
2 112 137 
2 103 171 
2 54 136 
2 88 99 
2 179 233 
2 110 246 
2 92 150 
2 36 124 
2 120 131 
2 53 218 
2 235 270 
2 54 122 
2 150 282 
2 33 110 
2 240 253 
2 147 279 
2 117 290 
2 52 97 
2 0 15 
2 77 164 
2 68 317 
2 1 123 
2 119 224 
2 97 138 
2 203 210 
2 101 138 
2 266 311 
2 185 222 
2 79 172 
2 104 327 
2 8 30 
2 66 200 
2 59 212 
2 38 57 
2 79 275 
2 152 271 
2 168 320 
2 70 258 
2 90 141 
330 330
2 283 288 
2 52 54 
2 286 304 
2 164 272 
2 170 200 
2 78 121 
2 79 266 
2 72 315 
2 101 246 
2 71 218 
2 199 299 
2 74 191 
2 57 175 
2 23 319 
2 122 315 
2 41 233 
2 189 241 
2 46 94 
2 161 174 
2 91 206 
2 227 294 
2 204 295 
2 248 294 
2 13 125 
2 226 327 
2 39 233 
2 157 185 
2 119 329 
2 103 184 
2 210 237 
2 201 307 
2 226 231 
2 82 262 
2 137 288 
2 93 105 
2 119 259 
2 173 306 
2 51 203 
2 74 197 
2 25 56 
2 44 125 
2 15 257 
2 141 252 
2 50 219 
2 40 308 
2 250 261 
2 17 257 
2 180 298 
2 166 208 
2 210 326 
2 43 84 
2 37 170 
2 1 270 
2 109 169 
2 1 205 
2 158 253 
2 39 311 
2 12 129 
2 113 285 
2 105 251 
2 75 305 
2 284 323 
2 217 280 
2 86 115 
2 244 292 
2 162 224 
2 86 296 
2 227 248 
2 94 151 
2 154 187 
2 143 151 
2 9 183 
2 7 129 
2 157 175 
2 11 38 
2 60 179 
2 128 263 
2 99 135 
2 5 187 
2 6 265 
2 134 300 
2 191 303 
2 32 203 
2 134 293 
2 50 195 
2 106 254 
2 63 66 
2 258 312 
2 274 320 
2 113 124 
2 168 260 
2 19 223 
2 171 221 
2 34 307 
2 17 68 
2 100 318 
2 118 291 
2 269 271 
2 159 304 
2 77 165 
2 95 255 
2 8 295 
2 165 264 
2 28 206 
2 153 167 
2 34 59 
2 85 251 
2 110 327 
2 292 322 
2 53 289 
2 107 116 
2 140 179 
2 136 229 
2 58 89 
2 163 232 
2 63 293 
2 110 148 
2 169 183 
2 96 312 
2 27 35 
2 139 271 
2 5 255 
2 14 176 
2 181 182 
2 89 167 
2 23 40 
2 242 256 
2 280 316 
2 76 328 
2 57 72 
2 180 220 
2 133 277 
2 137 247 
2 131 309 
2 80 83 
2 77 155 
2 112 228 
2 33 132 
2 200 202 
2 120 176 
2 111 209 
2 42 236 
2 193 225 
2 70 286 
2 162 217 
2 287 310 
2 264 277 
2 171 289 
2 116 211 
2 250 299 
2 243 296 
2 68 70 
2 238 301 
2 104 215 
2 69 237 
2 135 261 
2 214 318 
2 26 73 
2 55 163 
2 98 311 
2 181 314 
2 18 229 
2 65 144 
2 114 158 
2 3 178 
2 99 102 
2 48 317 
2 104 124 
2 90 198 
2 53 117 
2 4 51 
2 92 147 
2 283 321 
2 36 212 
2 18 302 
2 12 73 
2 122 139 
2 207 321 
2 164 263 
2 75 111 
2 47 130 
2 123 160 
2 123 236 
2 71 117 
2 28 256 
2 26 189 
2 195 290 
2 69 78 
2 230 235 
2 16 185 
2 245 317 
2 11 81 
2 224 302 
2 142 241 
2 222 323 
2 84 186 
2 262 329 
2 38 287 
2 168 279 
2 10 303 
2 4 138 
2 30 207 
2 138 214 
2 37 82 
2 21 212 
2 54 291 
2 19 103 
2 177 201 
2 48 254 
2 140 276 
2 29 49 
2 148 313 
2 173 204 
2 269 325 
2 156 202 
2 153 249 
2 275 290 
2 62 144 
2 9 234 
2 43 285 
2 130 326 
2 92 314 
2 194 281 
2 91 279 
2 65 192 
2 142 282 
2 24 31 
2 20 67 
2 136 313 
2 112 161 
2 188 266 
2 31 249 
2 114 324 
2 15 25 
2 218 324 
2 188 240 
2 141 182 
2 29 154 
2 152 252 
2 267 270 
2 235 258 
2 16 193 
2 126 265 
2 150 274 
2 64 325 
2 190 253 
2 8 328 
2 132 298 
2 22 67 
2 215 231 
2 45 149 
2 59 106 
2 42 238 
2 55 245 
2 85 208 
2 100 121 
2 126 184 
2 41 46 
2 87 240 
2 35 310 
2 90 301 
2 45 155 
2 32 196 
2 76 178 
2 102 146 
2 79 242 
2 6 230 
2 239 284 
2 278 308 
2 97 213 
2 52 239 
2 97 120 
2 3 320 
2 297 319 
2 88 243 
2 216 305 
2 209 309 
2 131 146 
2 268 297 
2 198 223 
2 62 127 
2 222 322 
2 225 300 
2 0 172 
2 61 267 
2 58 219 
2 2 143 
2 145 197 
2 0 33 
2 109 147 
2 186 216 
2 96 205 
2 64 108 
2 83 115 
2 20 22 
2 21 101 
2 66 150 
2 273 278 
2 47 247 
2 10 149 
2 80 282 
2 152 260 
2 174 192 
2 81 199 
2 2 98 
2 60 275 
2 36 316 
2 30 93 
2 44 268 
2 133 276 
2 145 259 
2 56 159 
2 87 118 
2 211 228 
2 160 221 
2 7 14 
2 127 306 
2 166 190 
2 95 156 
2 13 273 
2 88 272 
2 172 177 
2 108 281 
2 61 194 
2 232 234 
2 213 244 
2 49 220 
2 24 107 
2 128 246 
2 27 196 
