340 340
2 86 301 
2 12 210 
2 162 300 
2 55 187 
2 22 164 
2 178 318 
2 293 325 
2 73 154 
2 56 193 
2 48 263 
2 150 261 
2 26 151 
2 1 156 
2 215 253 
2 37 186 
2 230 233 
2 69 189 
2 93 220 
2 210 283 
2 64 207 
2 211 339 
2 25 70 
2 4 269 
2 237 262 
2 313 325 
2 21 260 
2 11 117 
2 55 80 
2 112 179 
2 98 168 
2 39 224 
2 306 337 
2 215 309 
2 68 336 
2 132 189 
2 145 181 
2 87 318 
2 14 283 
2 68 328 
2 30 83 
2 137 146 
2 254 308 
2 52 56 
2 168 268 
2 187 262 
2 71 259 
2 63 336 
2 108 184 
2 9 291 
2 52 290 
2 194 335 
2 241 273 
2 42 49 
2 212 303 
2 203 217 
2 3 27 
2 8 42 
2 84 191 
2 153 214 
2 170 324 
2 199 234 
2 158 217 
2 236 239 
2 46 258 
2 19 167 
2 115 256 
2 190 208 
2 102 324 
2 33 38 
2 16 73 
2 21 320 
2 45 129 
2 114 275 
2 7 69 
2 101 184 
2 232 246 
2 160 251 
2 151 338 
2 123 282 
2 141 201 
2 27 274 
2 223 316 
2 100 130 
2 39 200 
2 57 121 
2 249 277 
2 0 317 
2 36 142 
2 149 282 
2 176 332 
2 216 334 
2 225 339 
2 162 277 
2 17 126 
2 134 140 
2 143 255 
2 120 228 
2 163 247 
2 29 198 
2 138 183 
2 82 118 
2 74 188 
2 67 266 
2 131 266 
2 204 227 
2 126 298 
2 213 272 
2 127 203 
2 47 238 
2 129 226 
2 164 288 
2 175 295 
2 28 160 
2 294 314 
2 72 281 
2 65 328 
2 276 320 
2 26 202 
2 100 327 
2 157 269 
2 96 289 
2 84 304 
2 139 205 
2 78 280 
2 173 310 
2 201 237 
2 93 105 
2 107 165 
2 191 205 
2 71 109 
2 82 197 
2 103 155 
2 34 218 
2 137 308 
2 94 270 
2 185 332 
2 194 231 
2 40 133 
2 99 284 
2 122 248 
2 94 156 
2 79 190 
2 87 230 
2 95 169 
2 285 330 
2 35 170 
2 40 245 
2 195 337 
2 198 329 
2 88 250 
2 10 258 
2 11 77 
2 220 267 
2 58 305 
2 7 235 
2 131 322 
2 12 140 
2 119 314 
2 61 275 
2 165 307 
2 76 112 
2 295 319 
2 2 92 
2 97 233 
2 4 110 
2 127 159 
2 196 301 
2 64 272 
2 29 43 
2 143 298 
2 59 145 
2 224 289 
2 273 326 
2 124 321 
2 182 323 
2 111 279 
2 89 300 
2 255 316 
2 5 312 
2 28 202 
2 241 254 
2 35 236 
2 174 252 
2 99 276 
2 47 74 
2 135 239 
2 14 309 
2 3 44 
2 101 290 
2 16 34 
2 66 141 
2 57 128 
2 302 313 
2 8 219 
2 50 136 
2 147 280 
2 166 286 
2 130 319 
2 98 148 
2 60 279 
2 83 206 
2 79 125 
2 117 179 
2 54 107 
2 104 265 
2 122 128 
2 200 294 
2 19 256 
2 66 326 
2 222 333 
2 1 18 
2 20 218 
2 53 251 
2 106 263 
2 58 231 
2 13 32 
2 90 296 
2 54 61 
2 132 211 
2 193 297 
2 17 152 
2 228 331 
2 209 305 
2 81 227 
2 30 171 
2 91 268 
2 109 245 
2 104 223 
2 96 221 
2 260 329 
2 15 142 
2 136 214 
2 75 264 
2 15 163 
2 60 270 
2 154 306 
2 62 181 
2 23 125 
2 108 323 
2 62 185 
2 278 335 
2 51 180 
2 244 288 
2 278 330 
2 242 321 
2 146 226 
2 75 299 
2 97 248 
2 139 247 
2 85 293 
2 149 264 
2 76 212 
2 182 267 
2 13 271 
2 41 180 
2 95 177 
2 65 207 
2 292 312 
2 63 150 
2 45 296 
2 25 229 
2 10 331 
2 23 44 
2 9 213 
2 232 250 
2 204 281 
2 102 103 
2 152 252 
2 43 225 
2 22 119 
2 134 234 
2 253 274 
2 106 167 
2 51 172 
2 80 271 
2 72 158 
2 116 183 
2 85 92 
2 240 243 
2 175 199 
2 123 195 
2 114 265 
2 78 88 
2 18 37 
2 138 285 
2 144 284 
2 196 291 
2 315 338 
2 110 242 
2 120 171 
2 49 188 
2 48 286 
2 257 317 
2 6 249 
2 113 206 
2 111 161 
2 216 259 
2 219 304 
2 105 169 
2 246 310 
2 2 176 
2 0 166 
2 192 311 
2 53 327 
2 121 297 
2 153 222 
2 31 235 
2 159 315 
2 41 133 
2 32 186 
2 124 299 
2 302 333 
2 178 257 
2 24 192 
2 113 157 
2 287 307 
2 81 177 
2 86 292 
2 5 36 
2 161 197 
2 70 116 
2 173 244 
2 155 334 
2 174 238 
2 59 67 
2 6 24 
2 172 208 
2 118 303 
2 38 115 
2 148 229 
2 144 243 
2 221 261 
2 89 135 
2 209 311 
2 90 322 
2 50 240 
2 33 46 
2 31 147 
2 77 287 
2 20 91 
340 340
2 36 89 
2 71 289 
2 108 252 
2 150 310 
2 25 126 
2 13 322 
2 247 255 
2 193 247 
2 190 325 
2 177 302 
2 83 253 
2 174 256 
2 109 334 
2 5 14 
2 13 80 
2 258 262 
2 52 130 
2 28 187 
2 71 98 
2 187 193 
2 110 196 
2 95 315 
2 135 337 
2 82 113 
2 48 191 
2 4 151 
2 103 184 
2 211 308 
2 17 221 
2 164 212 
2 281 318 
2 145 226 
2 199 302 
2 264 301 
2 264 281 
2 124 338 
2 0 154 
2 59 87 
2 147 164 
2 167 319 
2 95 154 
2 182 223 
2 308 321 
2 81 265 
2 234 320 
2 121 324 
2 113 250 
2 184 253 
2 24 93 
2 90 194 
2 159 316 
2 263 270 
2 16 294 
2 232 304 
2 237 252 
2 226 251 
2 205 325 
2 221 310 
2 166 273 
2 37 279 
2 153 280 
2 136 254 
2 204 279 
2 94 141 
2 176 207 
2 251 266 
2 87 319 
2 134 246 
2 300 335 
2 147 243 
2 77 138 
2 1 18 
2 214 231 
2 127 314 
2 245 262 
2 102 286 
2 79 217 
2 70 260 
2 114 173 
2 76 284 
2 14 291 
2 43 239 
2 23 265 
2 10 249 
2 86 153 
2 190 213 
2 84 219 
2 37 66 
2 127 269 
2 0 102 
2 49 155 
2 101 161 
2 94 158 
2 48 157 
2 63 92 
2 21 40 
2 139 195 
2 222 278 
2 18 115 
2 117 298 
2 185 286 
2 91 146 
2 75 89 
2 26 305 
2 228 267 
2 206 243 
2 210 317 
2 148 283 
2 2 132 
2 12 121 
2 20 324 
2 167 198 
2 336 339 
2 23 46 
2 78 128 
2 98 145 
2 120 161 
2 99 240 
2 133 283 
2 216 285 
2 116 235 
2 45 109 
2 132 195 
2 293 326 
2 35 202 
2 189 291 
2 4 271 
2 73 88 
2 114 183 
2 258 259 
2 16 235 
2 198 248 
2 108 122 
2 118 294 
2 67 201 
2 22 299 
2 61 214 
2 142 276 
2 70 224 
2 96 244 
2 179 213 
2 63 320 
2 137 336 
2 178 230 
2 233 295 
2 31 115 
2 101 311 
2 38 69 
2 107 236 
2 225 329 
2 3 162 
2 25 238 
2 209 322 
2 60 84 
2 36 40 
2 90 254 
2 204 242 
2 93 287 
2 92 317 
2 50 229 
2 208 261 
2 91 116 
2 150 220 
2 218 312 
2 29 38 
2 227 293 
2 58 182 
2 39 111 
2 200 215 
2 244 299 
2 181 197 
2 257 285 
2 186 246 
2 78 239 
2 11 203 
2 180 305 
2 64 241 
2 9 250 
2 143 288 
2 140 274 
2 175 186 
2 170 313 
2 41 166 
2 128 202 
2 26 47 
2 100 304 
2 172 180 
2 17 19 
2 234 329 
2 125 301 
2 8 85 
2 24 275 
2 289 309 
2 7 19 
2 49 245 
2 96 122 
2 20 300 
2 170 288 
2 111 131 
2 32 297 
2 168 290 
2 134 229 
2 124 183 
2 174 261 
2 62 156 
2 56 272 
2 105 331 
2 64 307 
2 160 272 
2 152 313 
2 106 323 
2 27 218 
2 29 334 
2 85 140 
2 72 136 
2 168 268 
2 119 259 
2 76 282 
2 163 211 
2 86 303 
2 162 333 
2 28 57 
2 97 328 
2 41 236 
2 138 227 
2 149 276 
2 31 55 
2 165 224 
2 104 318 
2 159 201 
2 143 315 
2 72 326 
2 53 333 
2 144 338 
2 44 188 
2 120 130 
2 148 223 
2 54 321 
2 151 297 
2 81 173 
2 117 269 
2 176 249 
2 156 287 
2 69 105 
2 139 169 
2 74 194 
2 67 172 
2 6 7 
2 131 303 
2 83 241 
2 46 177 
2 55 65 
2 2 54 
2 10 47 
2 61 155 
2 6 309 
2 11 274 
2 171 277 
2 15 129 
2 129 216 
2 77 263 
2 160 203 
2 15 74 
2 51 260 
2 33 34 
2 43 82 
2 65 314 
2 104 273 
2 215 312 
2 88 240 
2 51 327 
2 126 339 
2 205 208 
2 58 267 
2 179 256 
2 191 296 
2 137 225 
2 257 327 
2 97 280 
2 59 62 
2 60 278 
2 30 34 
2 217 298 
2 107 118 
2 79 296 
2 119 171 
2 75 100 
2 157 242 
2 178 197 
2 1 192 
2 200 328 
2 80 125 
2 306 316 
2 123 165 
2 52 133 
2 144 337 
2 275 284 
2 199 238 
2 99 282 
2 135 169 
2 68 196 
2 33 189 
2 9 32 
2 219 248 
2 53 185 
2 103 175 
2 292 335 
2 207 330 
2 27 42 
2 192 255 
2 3 57 
2 146 332 
2 163 268 
2 181 209 
2 73 266 
2 21 230 
2 50 292 
2 106 158 
2 30 228 
2 39 66 
2 44 141 
2 42 237 
2 5 152 
2 210 331 
2 45 110 
2 8 56 
2 123 231 
2 270 277 
2 222 290 
2 149 188 
2 307 332 
2 206 323 
2 311 330 
2 220 232 
2 12 212 
2 68 306 
2 112 142 
2 22 295 
2 35 233 
2 112 271 
