470 470
2 8 233 
2 191 446 
2 215 347 
2 120 429 
2 173 277 
2 88 94 
2 28 265 
2 77 152 
2 0 125 
2 102 346 
2 122 334 
2 274 453 
2 183 216 
2 86 378 
2 127 155 
2 123 315 
2 36 367 
2 44 84 
2 219 343 
2 27 352 
2 118 146 
2 97 384 
2 129 295 
2 59 109 
2 53 165 
2 389 414 
2 244 440 
2 19 358 
2 6 263 
2 243 457 
2 115 185 
2 91 312 
2 262 441 
2 438 469 
2 128 196 
2 169 214 
2 16 241 
2 329 461 
2 309 401 
2 255 437 
2 41 67 
2 40 62 
2 113 464 
2 306 444 
2 17 98 
2 198 459 
2 57 371 
2 351 454 
2 187 321 
2 222 439 
2 242 294 
2 319 465 
2 83 330 
2 24 304 
2 184 196 
2 155 271 
2 136 182 
2 46 348 
2 70 90 
2 23 408 
2 128 328 
2 210 293 
2 41 275 
2 313 330 
2 393 403 
2 150 426 
2 86 309 
2 40 369 
2 260 296 
2 140 314 
2 58 83 
2 104 285 
2 126 322 
2 148 317 
2 100 235 
2 441 456 
2 123 177 
2 7 304 
2 349 455 
2 289 411 
2 144 180 
2 122 197 
2 303 342 
2 52 70 
2 17 311 
2 141 199 
2 13 66 
2 92 134 
2 5 316 
2 243 448 
2 58 274 
2 31 139 
2 87 394 
2 156 423 
2 5 408 
2 447 466 
2 246 277 
2 21 350 
2 44 184 
2 103 392 
2 74 427 
2 268 296 
2 9 148 
2 99 126 
2 71 188 
2 272 364 
2 373 395 
2 201 228 
2 172 176 
2 23 223 
2 325 351 
2 242 272 
2 120 130 
2 42 422 
2 225 368 
2 30 353 
2 195 253 
2 147 185 
2 20 321 
2 269 301 
2 3 112 
2 307 315 
2 10 81 
2 15 76 
2 240 332 
2 8 333 
2 72 103 
2 14 434 
2 34 60 
2 22 337 
2 112 387 
2 158 254 
2 176 266 
2 200 397 
2 87 222 
2 376 420 
2 56 216 
2 380 438 
2 165 431 
2 91 466 
2 69 458 
2 85 235 
2 221 354 
2 192 276 
2 80 329 
2 168 443 
2 20 288 
2 117 360 
2 73 102 
2 159 213 
2 65 186 
2 257 434 
2 7 280 
2 336 399 
2 171 450 
2 14 55 
2 93 316 
2 360 381 
2 131 193 
2 149 344 
2 266 458 
2 359 388 
2 318 372 
2 190 449 
2 327 442 
2 24 138 
2 213 284 
2 314 332 
2 145 298 
2 35 373 
2 407 453 
2 154 212 
2 108 366 
2 4 270 
2 398 424 
2 331 380 
2 108 132 
2 76 218 
2 240 409 
2 186 440 
2 80 445 
2 284 367 
2 56 461 
2 12 292 
2 54 98 
2 30 117 
2 150 179 
2 48 203 
2 104 227 
2 203 347 
2 163 406 
2 1 383 
2 143 324 
2 158 278 
2 251 382 
2 116 419 
2 34 54 
2 81 258 
2 45 444 
2 85 269 
2 133 299 
2 107 446 
2 264 467 
2 187 189 
2 377 396 
2 340 460 
2 345 385 
2 233 256 
2 424 457 
2 375 398 
2 61 283 
2 411 413 
2 171 292 
2 149 166 
2 35 423 
2 2 276 
2 12 136 
2 390 432 
2 177 454 
2 18 267 
2 297 397 
2 142 238 
2 49 134 
2 109 393 
2 286 326 
2 114 334 
2 244 256 
2 188 412 
2 107 327 
2 320 428 
2 283 376 
2 287 307 
2 263 427 
2 0 207 
2 358 460 
2 74 141 
2 313 436 
2 386 405 
2 221 388 
2 249 435 
2 124 178 
2 36 395 
2 50 111 
2 29 89 
2 26 226 
2 404 431 
2 96 370 
2 305 382 
2 302 308 
2 239 385 
2 295 312 
2 194 338 
2 416 417 
2 116 416 
2 131 426 
2 39 468 
2 207 226 
2 151 288 
2 197 372 
2 279 435 
2 68 374 
2 290 370 
2 32 299 
2 28 232 
2 202 270 
2 6 459 
2 132 160 
2 219 353 
2 101 387 
2 119 199 
2 173 264 
2 55 324 
2 105 111 
2 400 450 
2 11 90 
2 62 355 
2 143 215 
2 4 96 
2 193 404 
2 259 468 
2 152 344 
2 363 406 
2 293 401 
2 210 230 
2 166 181 
2 71 323 
2 224 301 
2 231 336 
2 146 257 
2 79 341 
2 261 298 
2 392 394 
2 183 212 
2 61 282 
2 50 359 
2 22 250 
2 68 101 
2 220 377 
2 168 290 
2 200 262 
2 322 325 
2 119 286 
2 248 412 
2 82 357 
2 53 77 
2 247 350 
2 43 374 
2 121 231 
2 248 346 
2 38 66 
2 437 462 
2 84 319 
2 31 250 
2 63 236 
2 69 167 
2 15 121 
2 88 156 
2 73 361 
2 162 413 
2 51 311 
2 229 323 
2 48 118 
2 72 300 
2 285 320 
2 192 271 
2 110 300 
2 224 363 
2 164 228 
2 60 369 
2 37 144 
2 52 63 
2 175 432 
2 124 167 
2 125 448 
2 10 225 
2 415 442 
2 153 287 
2 129 348 
2 251 403 
2 349 464 
2 205 425 
2 289 375 
2 82 439 
2 18 371 
2 159 280 
2 206 383 
2 9 308 
2 2 189 
2 57 337 
2 78 339 
2 97 305 
2 47 110 
2 19 410 
2 115 267 
2 142 419 
2 275 465 
2 422 452 
2 303 449 
2 27 234 
2 161 294 
2 147 157 
2 317 433 
2 402 418 
2 281 326 
2 105 425 
2 396 462 
2 172 391 
2 16 181 
2 114 420 
2 67 328 
2 246 261 
2 46 343 
2 162 258 
2 106 169 
2 260 306 
2 209 341 
2 135 230 
2 204 297 
2 13 389 
2 418 429 
2 137 175 
2 157 390 
2 194 247 
2 191 345 
2 21 451 
2 206 249 
2 237 455 
2 130 268 
2 161 238 
2 25 378 
2 217 381 
2 366 463 
2 99 291 
2 64 223 
2 92 291 
2 106 241 
2 204 365 
2 133 220 
2 174 209 
2 153 428 
2 273 447 
2 38 282 
2 362 430 
2 64 338 
2 245 278 
2 237 421 
2 190 281 
2 170 451 
2 59 94 
2 178 436 
2 352 456 
2 79 211 
2 227 302 
2 211 318 
2 25 430 
2 335 469 
2 252 253 
2 252 467 
2 362 379 
2 195 354 
2 135 368 
2 405 452 
2 113 356 
2 93 214 
2 174 208 
2 340 364 
2 65 254 
2 100 232 
2 229 399 
2 3 379 
2 402 414 
2 138 245 
2 217 331 
2 361 463 
2 127 151 
2 239 259 
2 236 409 
2 39 310 
2 33 137 
2 49 342 
2 26 179 
2 32 75 
2 164 335 
2 145 445 
2 43 198 
2 180 443 
2 1 201 
2 95 400 
2 89 333 
2 163 357 
2 154 273 
2 384 407 
2 356 421 
2 11 170 
2 47 218 
2 78 386 
2 75 410 
2 29 208 
2 140 160 
2 45 265 
2 205 234 
2 37 182 
2 310 365 
2 391 433 
2 42 339 
2 51 355 
2 95 139 
2 202 417 
2 255 279 
2 33 415 
470 470
2 123 240 
2 226 251 
2 70 469 
2 101 221 
2 40 445 
2 329 438 
2 190 264 
2 174 367 
2 227 261 
2 158 213 
2 48 308 
2 84 127 
2 351 456 
2 133 214 
2 69 335 
2 172 212 
2 255 376 
2 183 339 
2 109 247 
2 253 273 
2 274 381 
2 143 275 
2 55 114 
2 38 308 
2 269 432 
2 94 332 
2 185 356 
2 134 410 
2 162 432 
2 187 460 
2 93 330 
2 212 333 
2 126 205 
2 209 351 
2 74 138 
2 48 244 
2 191 268 
2 243 359 
2 23 202 
2 404 451 
2 4 139 
2 404 453 
2 259 282 
2 53 284 
2 255 285 
2 170 232 
2 187 228 
2 315 342 
2 10 35 
2 103 171 
2 163 402 
2 108 395 
2 346 462 
2 43 328 
2 90 346 
2 22 105 
2 140 450 
2 60 167 
2 154 231 
2 256 303 
2 57 325 
2 250 388 
2 306 417 
2 311 378 
2 272 340 
2 292 357 
2 350 441 
2 76 372 
2 297 393 
2 14 368 
2 2 461 
2 304 318 
2 282 337 
2 239 322 
2 34 209 
2 101 364 
2 67 421 
2 176 440 
2 406 419 
2 87 273 
2 99 165 
2 113 201 
2 256 261 
2 323 395 
2 11 196 
2 159 369 
2 118 219 
2 79 327 
2 303 358 
2 401 424 
2 54 408 
2 365 394 
2 125 185 
2 30 338 
2 25 148 
2 145 469 
2 126 373 
2 254 461 
2 266 409 
2 80 237 
2 164 186 
2 3 75 
2 156 296 
2 49 463 
2 134 164 
2 55 337 
2 310 317 
2 176 218 
2 51 135 
2 18 241 
2 382 392 
2 163 245 
2 344 349 
2 81 431 
2 22 413 
2 324 347 
2 175 336 
2 245 354 
2 86 338 
2 192 405 
2 172 297 
2 128 305 
2 183 400 
2 0 326 
2 217 293 
2 92 200 
2 32 96 
2 11 327 
2 121 300 
2 143 244 
2 333 456 
2 407 439 
2 378 425 
2 13 236 
2 27 104 
2 108 385 
2 230 257 
2 384 422 
2 34 151 
2 40 179 
2 56 329 
2 193 222 
2 208 375 
2 21 129 
2 162 263 
2 95 436 
2 152 228 
2 184 353 
2 94 235 
2 427 448 
2 264 429 
2 138 275 
2 146 450 
2 268 457 
2 58 166 
2 248 433 
2 102 415 
2 179 198 
2 9 249 
2 85 363 
2 288 410 
2 267 397 
2 28 144 
2 50 111 
2 100 104 
2 80 207 
2 154 384 
2 57 287 
2 374 452 
2 206 409 
2 45 423 
2 49 296 
2 15 120 
2 310 368 
2 7 411 
2 116 462 
2 77 107 
2 219 468 
2 293 348 
2 139 157 
2 221 298 
2 345 401 
2 238 342 
2 17 122 
2 147 304 
2 26 92 
2 100 449 
2 29 46 
2 270 465 
2 316 416 
2 6 191 
2 36 190 
2 119 324 
2 141 210 
2 373 436 
2 285 355 
2 84 399 
2 369 403 
2 157 230 
2 248 458 
2 125 311 
2 81 334 
2 38 448 
2 291 355 
2 358 366 
2 32 419 
2 169 412 
2 165 300 
2 142 249 
2 33 74 
2 193 234 
2 295 442 
2 15 31 
2 9 319 
2 13 437 
2 343 447 
2 289 468 
2 124 433 
2 107 446 
2 86 177 
2 387 463 
2 3 180 
2 141 258 
2 265 376 
2 316 466 
2 398 428 
2 1 393 
2 8 444 
2 46 146 
2 371 375 
2 136 198 
2 58 254 
2 45 414 
2 402 422 
2 210 332 
2 148 345 
2 133 271 
2 99 455 
2 182 263 
2 73 313 
2 0 370 
2 109 454 
2 247 266 
2 37 398 
2 35 129 
2 111 117 
2 309 426 
2 18 242 
2 155 199 
2 158 208 
2 61 281 
2 1 262 
2 383 464 
2 19 281 
2 97 231 
2 16 44 
2 59 82 
2 136 361 
2 222 423 
2 42 420 
2 340 464 
2 8 82 
2 251 291 
2 144 238 
2 6 150 
2 223 412 
2 98 242 
2 161 328 
2 36 153 
2 24 377 
2 188 334 
2 236 443 
2 64 390 
2 19 79 
2 20 459 
2 21 151 
2 349 356 
2 294 301 
2 380 411 
2 290 306 
2 302 424 
2 250 253 
2 42 72 
2 341 466 
2 43 453 
2 44 195 
2 359 434 
2 167 390 
2 160 353 
2 216 301 
2 279 341 
2 203 262 
2 65 314 
2 124 178 
2 277 305 
2 211 361 
2 102 171 
2 68 120 
2 180 372 
2 322 460 
2 128 207 
2 277 289 
2 280 315 
2 59 88 
2 71 184 
2 121 294 
2 62 279 
2 370 435 
2 10 23 
2 246 418 
2 106 173 
2 63 200 
2 313 396 
2 239 312 
2 292 374 
2 47 302 
2 189 224 
2 106 382 
2 71 407 
2 213 447 
2 418 434 
2 326 431 
2 73 299 
2 83 335 
2 115 192 
2 60 465 
2 123 321 
2 87 127 
2 53 267 
2 5 140 
2 30 360 
2 354 457 
2 25 234 
2 31 130 
2 201 270 
2 14 323 
2 116 362 
2 72 105 
2 93 118 
2 17 403 
2 64 260 
2 283 290 
2 47 182 
2 215 381 
2 112 363 
2 181 235 
2 52 54 
2 115 415 
2 178 385 
2 112 276 
2 66 421 
2 12 33 
2 371 406 
2 147 288 
2 117 331 
2 195 203 
2 26 276 
2 65 467 
2 88 204 
2 37 286 
2 330 438 
2 257 295 
2 336 416 
2 159 344 
2 75 394 
2 91 386 
2 204 452 
2 7 392 
2 69 173 
2 85 197 
2 240 307 
2 229 352 
2 67 298 
2 96 194 
2 168 314 
2 142 229 
2 16 223 
2 269 391 
2 63 132 
2 427 445 
2 278 413 
2 20 343 
2 110 317 
2 252 386 
2 137 166 
2 135 348 
2 365 383 
2 220 459 
2 61 389 
2 388 446 
2 272 287 
2 377 417 
2 110 367 
2 68 226 
2 91 364 
2 51 83 
2 312 455 
2 161 454 
2 225 243 
2 196 443 
2 122 451 
2 89 181 
2 50 233 
2 197 339 
2 39 41 
2 119 420 
2 78 352 
2 131 318 
2 90 440 
2 98 169 
2 27 160 
2 174 278 
2 206 265 
2 114 380 
2 232 458 
2 156 347 
2 189 362 
2 62 391 
2 309 320 
2 78 205 
2 259 405 
2 76 350 
2 137 233 
2 170 258 
2 89 280 
2 132 430 
2 246 467 
2 149 379 
2 225 441 
2 150 439 
2 425 444 
2 113 321 
2 24 28 
2 155 217 
2 286 320 
2 307 449 
2 145 194 
2 214 442 
2 5 360 
2 131 429 
2 77 408 
2 66 428 
2 211 437 
2 271 399 
2 227 430 
2 4 379 
2 218 389 
2 215 319 
2 149 202 
2 186 435 
2 56 152 
2 39 400 
2 168 366 
2 41 284 
2 241 397 
2 237 396 
2 12 130 
2 153 331 
2 199 414 
2 274 387 
2 29 299 
2 70 97 
2 52 175 
2 103 220 
2 252 260 
2 188 325 
2 224 283 
2 357 426 
2 177 216 
2 2 95 
