50 50
2 6 33 
2 4 25 
2 11 41 
2 29 49 
2 1 42 
2 9 40 
2 0 29 
2 12 13 
2 24 40 
2 5 21 
2 35 47 
2 2 30 
2 7 41 
2 7 14 
2 13 31 
2 32 33 
2 34 37 
2 22 27 
2 22 49 
2 23 39 
2 28 43 
2 9 46 
2 17 18 
2 19 34 
2 8 47 
2 1 38 
2 30 44 
2 17 42 
2 20 35 
2 3 6 
2 11 26 
2 14 39 
2 15 48 
2 0 15 
2 16 23 
2 10 28 
2 45 48 
2 16 44 
2 25 46 
2 19 31 
2 5 8 
2 2 12 
2 4 27 
2 20 45 
2 26 37 
2 36 43 
2 21 38 
2 10 24 
2 32 36 
2 3 18 
50 50
2 26 33 
2 21 39 
2 11 15 
2 18 20 
2 6 9 
2 29 42 
2 4 14 
2 24 32 
2 9 45 
2 4 8 
2 25 40 
2 2 32 
2 36 43 
2 33 46 
2 6 19 
2 2 18 
2 23 41 
2 36 47 
2 3 15 
2 14 38 
2 3 39 
2 1 43 
2 31 42 
2 16 28 
2 7 40 
2 10 37 
2 0 49 
2 30 41 
2 23 29 
2 5 28 
2 27 34 
2 22 48 
2 7 11 
2 0 13 
2 30 38 
2 37 44 
2 12 17 
2 25 35 
2 19 34 
2 1 20 
2 10 24 
2 16 27 
2 5 22 
2 12 21 
2 35 47 
2 8 46 
2 13 45 
2 17 44 
2 31 49 
2 26 48 
