60 60
2 1 52 
2 0 36 
2 22 23 
2 7 10 
2 20 57 
2 15 24 
2 44 56 
2 3 35 
2 11 16 
2 55 58 
2 3 19 
2 8 53 
2 20 40 
2 25 59 
2 22 33 
2 5 37 
2 8 47 
2 31 51 
2 21 44 
2 10 31 
2 4 12 
2 18 55 
2 2 14 
2 2 48 
2 5 38 
2 13 57 
2 40 50 
2 32 49 
2 41 42 
2 36 59 
2 35 45 
2 17 19 
2 27 46 
2 14 41 
2 50 53 
2 7 30 
2 1 29 
2 15 47 
2 24 46 
2 42 45 
2 12 26 
2 28 33 
2 28 39 
2 48 54 
2 6 18 
2 30 39 
2 32 38 
2 16 37 
2 23 43 
2 27 58 
2 26 34 
2 17 52 
2 0 51 
2 11 34 
2 43 56 
2 9 21 
2 6 54 
2 4 25 
2 9 49 
2 13 29 
60 60
2 9 32 
2 4 44 
2 25 39 
2 34 37 
2 1 31 
2 33 40 
2 9 10 
2 19 52 
2 15 59 
2 0 6 
2 6 56 
2 28 55 
2 22 50 
2 18 43 
2 30 40 
2 8 17 
2 37 54 
2 15 52 
2 13 28 
2 7 31 
2 42 51 
2 35 45 
2 12 27 
2 29 32 
2 42 57 
2 2 49 
2 41 58 
2 22 36 
2 11 18 
2 23 39 
2 14 57 
2 4 19 
2 0 23 
2 5 53 
2 3 35 
2 21 34 
2 27 56 
2 3 16 
2 44 48 
2 2 29 
2 5 14 
2 26 58 
2 20 24 
2 13 49 
2 1 38 
2 21 46 
2 45 47 
2 46 55 
2 38 51 
2 25 43 
2 12 53 
2 20 48 
2 7 17 
2 33 50 
2 16 59 
2 11 47 
2 10 36 
2 24 30 
2 26 41 
2 8 54 
