80 80
2 40 70 
2 58 68 
2 6 46 
2 13 66 
2 54 75 
2 12 75 
2 2 62 
2 8 44 
2 7 42 
2 22 34 
2 22 70 
2 60 73 
2 5 50 
2 3 61 
2 21 24 
2 38 74 
2 69 77 
2 18 53 
2 17 49 
2 42 71 
2 63 79 
2 14 35 
2 9 10 
2 59 65 
2 14 72 
2 32 47 
2 28 36 
2 46 55 
2 26 77 
2 39 52 
2 59 67 
2 60 72 
2 25 48 
2 52 69 
2 9 56 
2 21 50 
2 26 57 
2 64 71 
2 15 39 
2 29 38 
2 0 73 
2 43 45 
2 8 19 
2 41 78 
2 7 74 
2 41 76 
2 2 27 
2 25 49 
2 32 63 
2 18 47 
2 12 35 
2 53 58 
2 29 33 
2 17 51 
2 4 61 
2 27 79 
2 34 64 
2 36 76 
2 1 51 
2 23 30 
2 11 31 
2 13 54 
2 6 65 
2 20 48 
2 37 56 
2 23 62 
2 3 68 
2 30 78 
2 1 66 
2 16 33 
2 0 10 
2 19 37 
2 24 31 
2 11 40 
2 15 44 
2 4 5 
2 45 57 
2 16 28 
2 43 67 
2 20 55 
80 80
2 22 64 
2 35 54 
2 56 57 
2 8 49 
2 41 70 
2 21 27 
2 22 63 
2 26 37 
2 3 33 
2 25 78 
2 36 45 
2 40 44 
2 20 25 
2 19 68 
2 28 38 
2 48 71 
2 46 53 
2 45 67 
2 21 67 
2 13 50 
2 12 38 
2 5 18 
2 0 6 
2 34 72 
2 34 73 
2 9 12 
2 7 41 
2 5 51 
2 14 66 
2 47 52 
2 32 55 
2 59 70 
2 30 52 
2 8 66 
2 23 24 
2 1 75 
2 10 60 
2 7 39 
2 14 20 
2 37 76 
2 11 43 
2 4 26 
2 49 61 
2 40 74 
2 11 61 
2 10 17 
2 16 69 
2 29 51 
2 15 63 
2 3 42 
2 19 62 
2 27 47 
2 29 32 
2 16 58 
2 1 78 
2 30 71 
2 2 65 
2 2 64 
2 53 65 
2 31 77 
2 36 79 
2 42 44 
2 50 73 
2 6 48 
2 0 57 
2 56 58 
2 28 33 
2 17 18 
2 13 77 
2 46 79 
2 4 31 
2 15 55 
2 23 74 
2 24 62 
2 43 72 
2 35 76 
2 39 75 
2 59 68 
2 9 54 
2 60 69 
