90 90
2 62 63 
2 27 55 
2 46 81 
2 35 80 
2 43 72 
2 20 25 
2 69 88 
2 33 58 
2 23 27 
2 39 73 
2 42 67 
2 30 75 
2 59 60 
2 60 86 
2 22 34 
2 30 44 
2 42 43 
2 20 82 
2 33 44 
2 38 69 
2 5 17 
2 25 88 
2 14 85 
2 8 32 
2 28 36 
2 5 21 
2 45 85 
2 1 8 
2 24 89 
2 72 79 
2 11 15 
2 62 77 
2 23 84 
2 7 18 
2 14 68 
2 3 70 
2 24 64 
2 76 83 
2 19 49 
2 9 61 
2 71 78 
2 50 68 
2 10 16 
2 4 16 
2 15 18 
2 26 49 
2 2 57 
2 63 66 
2 65 70 
2 38 45 
2 41 80 
2 58 76 
2 53 79 
2 52 74 
2 64 66 
2 1 81 
2 75 78 
2 46 86 
2 7 51 
2 12 87 
2 12 13 
2 39 74 
2 0 31 
2 0 47 
2 36 54 
2 48 89 
2 47 54 
2 10 83 
2 34 41 
2 6 19 
2 35 48 
2 40 73 
2 4 29 
2 9 71 
2 53 61 
2 11 56 
2 37 51 
2 31 82 
2 40 56 
2 29 52 
2 3 50 
2 2 55 
2 17 77 
2 37 67 
2 32 87 
2 22 26 
2 13 57 
2 59 84 
2 6 21 
2 28 65 
90 90
2 73 79 
2 34 36 
2 20 89 
2 35 38 
2 22 54 
2 12 52 
2 21 58 
2 57 64 
2 13 45 
2 15 23 
2 27 35 
2 14 46 
2 5 66 
2 8 69 
2 11 42 
2 9 71 
2 78 84 
2 53 59 
2 28 56 
2 48 88 
2 2 32 
2 6 61 
2 4 86 
2 9 72 
2 70 75 
2 41 77 
2 60 80 
2 10 89 
2 18 37 
2 31 40 
2 50 63 
2 29 51 
2 20 72 
2 63 82 
2 1 78 
2 3 10 
2 1 64 
2 28 43 
2 3 49 
2 68 85 
2 29 80 
2 25 60 
2 14 55 
2 37 57 
2 58 88 
2 8 85 
2 11 67 
2 74 83 
2 19 70 
2 38 77 
2 30 54 
2 31 65 
2 5 82 
2 17 67 
2 4 50 
2 42 81 
2 18 87 
2 7 43 
2 6 44 
2 17 75 
2 26 41 
2 21 66 
2 65 83 
2 30 33 
2 7 36 
2 51 62 
2 12 61 
2 46 53 
2 39 84 
2 13 76 
2 24 48 
2 15 87 
2 23 32 
2 0 79 
2 47 86 
2 24 59 
2 69 81 
2 25 49 
2 16 34 
2 0 73 
2 26 40 
2 55 76 
2 33 52 
2 47 62 
2 16 68 
2 39 45 
2 22 74 
2 56 71 
2 19 44 
2 2 27 
