100 150
3 35 53 85 
3 4 7 26 
3 21 58 95 
3 11 38 70 
3 1 46 71 
3 67 74 96 
3 11 27 39 
3 1 70 80 
3 37 63 99 
3 37 38 63 
3 27 57 88 
3 3 6 68 
3 19 46 73 
3 55 65 89 
3 23 45 57 
3 22 45 90 
3 17 67 99 
3 16 71 76 
3 29 73 96 
3 12 47 67 
3 23 33 54 
3 2 24 56 
3 15 78 79 
3 14 20 77 
3 21 28 62 
3 40 42 59 
3 1 74 91 
3 6 10 88 
3 24 29 81 
3 18 28 61 
3 42 91 97 
3 52 58 82 
3 49 60 66 
3 20 72 93 
3 49 64 65 
3 0 50 64 
3 55 75 97 
3 8 9 77 
3 3 9 41 
3 6 41 76 
3 25 81 86 
3 38 39 53 
3 25 30 57 
3 52 53 82 
3 47 51 90 
3 14 15 59 
3 4 12 98 
3 19 44 50 
3 52 82 89 
3 32 34 75 
3 35 47 59 
3 44 92 97 
3 31 43 48 
3 0 41 43 
3 20 62 83 
3 13 36 99 
3 21 75 78 
3 10 14 42 
3 2 31 72 
3 25 45 50 
3 32 63 94 
3 29 84 95 
3 24 54 74 
3 8 9 60 
3 34 35 76 
3 13 34 83 
3 32 69 98 
3 5 16 19 
3 11 87 96 
3 66 70 84 
3 3 7 69 
3 4 17 95 
3 33 58 73 
3 12 18 72 
3 5 26 62 
3 36 49 56 
3 17 39 64 
3 23 37 83 
3 22 56 87 
3 22 80 88 
3 7 79 87 
3 28 40 92 
3 31 43 48 
3 54 65 77 
3 61 69 85 
3 0 84 98 
3 40 92 93 
3 68 78 80 
3 10 27 79 
3 13 48 94 
3 15 44 91 
3 26 30 90 
3 51 81 86 
3 33 86 94 
3 60 89 93 
3 2 61 71 
3 5 18 68 
3 30 36 51 
3 46 66 85 
3 8 16 55 
100 150
3 35 57 96 
3 38 81 83 
3 6 42 43 
3 20 49 58 
3 10 53 82 
3 9 19 50 
3 2 9 94 
3 45 77 85 
3 10 24 30 
3 5 6 93 
3 4 8 42 
3 25 35 70 
3 42 48 71 
3 27 48 57 
3 15 23 51 
3 14 18 68 
3 26 66 91 
3 25 86 91 
3 15 20 77 
3 5 62 87 
3 3 18 31 
3 54 63 67 
3 43 85 91 
3 14 41 80 
3 8 69 78 
3 11 17 93 
3 16 32 66 
3 13 29 79 
3 73 78 85 
3 27 59 89 
3 8 87 94 
3 20 53 60 
3 26 33 49 
3 32 61 73 
3 37 64 84 
3 0 11 80 
3 39 47 64 
3 34 90 98 
3 1 68 98 
3 36 53 55 
3 41 71 84 
3 23 40 96 
3 2 10 12 
3 2 22 44 
3 43 54 63 
3 7 59 65 
3 50 70 80 
3 36 65 72 
3 12 13 76 
3 3 32 81 
3 5 46 99 
3 14 81 92 
3 76 89 99 
3 4 31 39 
3 21 44 74 
3 39 89 90 
3 60 87 92 
3 0 13 62 
3 3 78 97 
3 29 45 64 
3 31 56 72 
3 33 62 98 
3 19 57 61 
3 21 44 88 
3 34 36 59 
3 45 47 69 
3 16 26 92 
3 21 74 95 
3 15 38 69 
3 24 65 68 
3 11 46 75 
3 12 40 86 
3 47 60 86 
3 28 33 83 
3 54 67 77 
3 70 79 84 
3 48 52 79 
3 7 18 74 
3 24 28 58 
3 27 75 76 
3 23 35 46 
3 1 49 51 
3 4 95 97 
3 1 73 99 
3 34 40 75 
3 7 22 28 
3 17 71 72 
3 19 30 56 
3 63 90 93 
3 29 52 55 
3 37 55 88 
3 16 17 22 
3 51 56 66 
3 9 25 88 
3 6 30 96 
3 67 82 97 
3 0 41 94 
3 58 82 95 
3 37 38 61 
3 50 52 83 
