120 180
3 62 102 113 
3 14 99 104 
3 60 114 119 
3 30 36 67 
3 47 78 114 
3 22 69 108 
3 48 60 89 
3 23 57 112 
3 36 46 116 
3 25 39 59 
3 17 35 64 
3 42 108 110 
3 20 40 76 
3 46 66 82 
3 1 43 77 
3 24 52 98 
3 96 99 114 
3 10 23 26 
3 87 91 111 
3 21 45 53 
3 12 26 118 
3 19 33 102 
3 5 73 89 
3 7 17 82 
3 15 73 103 
3 9 34 44 
3 17 20 71 
3 52 61 112 
3 51 88 109 
3 65 81 100 
3 3 65 90 
3 65 66 106 
3 33 40 116 
3 21 32 53 
3 25 83 104 
3 10 49 86 
3 3 8 112 
3 49 73 74 
3 63 70 92 
3 9 40 88 
3 12 32 39 
3 72 103 110 
3 11 51 97 
3 14 69 103 
3 25 55 93 
3 19 78 97 
3 8 13 107 
3 4 80 113 
3 6 109 119 
3 35 37 87 
3 55 82 110 
3 28 42 58 
3 15 27 69 
3 19 33 54 
3 53 91 117 
3 44 50 94 
3 79 86 117 
3 7 93 102 
3 51 97 106 
3 9 72 80 
3 2 6 106 
3 27 98 101 
3 0 84 118 
3 38 85 88 
3 10 67 85 
3 29 30 31 
3 13 31 75 
3 3 64 104 
3 79 95 100 
3 5 43 52 
3 38 99 116 
3 26 83 98 
3 41 59 92 
3 22 24 37 
3 37 79 91 
3 66 93 115 
3 12 90 119 
3 14 81 86 
3 4 45 113 
3 56 68 74 
3 47 59 90 
3 29 77 83 
3 13 23 50 
3 34 71 81 
3 62 89 115 
3 63 64 95 
3 35 56 77 
3 18 49 111 
3 28 39 63 
3 6 22 84 
3 30 76 80 
3 18 54 74 
3 38 72 108 
3 44 57 75 
3 55 100 101 
3 68 85 111 
3 16 101 105 
3 42 45 58 
3 15 61 71 
3 1 16 70 
3 29 68 94 
3 61 94 96 
3 0 21 57 
3 24 41 43 
3 1 34 67 
3 96 107 117 
3 31 58 60 
3 46 105 118 
3 5 11 92 
3 28 48 115 
3 11 41 50 
3 18 87 95 
3 7 27 36 
3 0 47 78 
3 2 4 16 
3 75 84 109 
3 8 32 70 
3 54 56 105 
3 20 62 107 
3 2 48 76 
120 180
3 1 31 48 
3 0 107 116 
3 102 109 117 
3 20 30 113 
3 11 63 90 
3 59 104 119 
3 42 75 112 
3 31 46 107 
3 43 69 92 
3 41 82 94 
3 73 80 84 
3 4 24 108 
3 78 79 115 
3 50 82 117 
3 20 69 72 
3 20 39 98 
3 87 103 114 
3 25 68 87 
3 22 56 67 
3 45 85 106 
3 3 14 15 
3 37 76 77 
3 18 47 60 
3 52 75 95 
3 11 64 88 
3 17 92 118 
3 28 62 108 
3 79 100 114 
3 26 86 103 
3 38 82 91 
3 3 49 90 
3 0 7 110 
3 83 101 111 
3 56 62 72 
3 40 52 66 
3 93 102 107 
3 50 57 65 
3 21 58 113 
3 29 109 119 
3 15 42 93 
3 34 80 94 
3 9 45 58 
3 6 39 49 
3 8 73 96 
3 61 96 117 
3 19 41 99 
3 7 77 78 
3 22 68 76 
3 0 49 66 
3 30 42 48 
3 13 36 93 
3 60 74 89 
3 23 34 61 
3 74 98 103 
3 64 71 106 
3 63 89 96 
3 18 33 105 
3 36 64 70 
3 37 41 74 
3 5 67 80 
3 22 51 65 
3 44 52 88 
3 26 33 95 
3 4 55 105 
3 24 54 57 
3 36 60 115 
3 34 48 104 
3 18 59 112 
3 17 47 85 
3 8 14 112 
3 57 91 116 
3 54 83 91 
3 14 33 77 
3 10 43 105 
3 51 53 58 
3 6 23 101 
3 21 47 92 
3 21 46 72 
3 12 46 115 
3 12 27 113 
3 10 40 59 
3 86 88 106 
3 9 13 29 
3 32 71 97 
3 10 89 116 
3 19 68 102 
3 28 81 108 
3 16 17 119 
3 24 61 81 
3 51 55 84 
3 4 30 110 
3 29 70 71 
3 8 25 76 
3 35 39 50 
3 9 40 110 
3 23 62 111 
3 43 44 55 
3 83 109 118 
3 15 53 100 
3 45 104 118 
3 27 98 114 
3 32 75 111 
3 2 35 85 
3 16 28 53 
3 5 66 99 
3 56 63 73 
3 19 54 81 
3 1 7 35 
3 11 26 86 
3 2 38 97 
3 31 90 94 
3 32 95 101 
3 6 67 69 
3 3 37 79 
3 16 27 100 
3 12 65 78 
3 1 70 84 
3 2 13 44 
3 25 97 99 
3 5 38 87 
