140 210
3 20 42 101 
3 14 39 57 
3 4 52 105 
3 18 22 46 
3 2 60 63 
3 15 23 112 
3 12 37 101 
3 67 106 124 
3 23 54 122 
3 37 39 62 
3 31 32 52 
3 99 108 118 
3 6 88 136 
3 45 54 76 
3 1 27 70 
3 5 21 89 
3 59 116 132 
3 29 40 55 
3 3 24 93 
3 51 62 71 
3 0 26 134 
3 15 78 90 
3 3 78 79 
3 5 8 87 
3 18 58 71 
3 26 73 86 
3 20 25 111 
3 14 36 80 
3 30 113 130 
3 17 36 54 
3 28 131 139 
3 10 42 135 
3 10 35 121 
3 40 69 126 
3 48 95 105 
3 32 72 97 
3 27 29 133 
3 6 9 111 
3 108 113 118 
3 1 9 61 
3 17 33 64 
3 53 90 102 
3 0 31 44 
3 93 101 130 
3 42 49 91 
3 13 65 93 
3 3 116 134 
3 56 77 120 
3 34 75 94 
3 44 72 100 
3 81 97 100 
3 19 117 129 
3 2 10 115 
3 41 123 125 
3 8 13 29 
3 17 66 128 
3 47 81 120 
3 1 72 75 
3 24 80 137 
3 16 76 98 
3 4 61 123 
3 39 60 103 
3 9 19 114 
3 4 86 97 
3 40 83 132 
3 45 66 68 
3 55 65 139 
3 7 112 120 
3 65 69 113 
3 33 68 77 
3 14 84 92 
3 19 24 94 
3 35 49 57 
3 25 104 136 
3 80 117 119 
3 48 57 114 
3 13 59 107 
3 47 69 102 
3 21 22 82 
3 22 82 105 
3 27 58 74 
3 50 56 111 
3 78 79 110 
3 64 96 135 
3 70 123 125 
3 87 95 112 
3 25 63 96 
3 23 85 119 
3 12 104 137 
3 15 100 131 
3 21 41 103 
3 44 106 107 
3 70 108 134 
3 18 43 45 
3 48 71 122 
3 34 85 99 
3 83 86 129 
3 35 50 63 
3 59 128 137 
3 11 95 121 
3 49 50 89 
3 0 6 43 
3 41 77 138 
3 61 90 115 
3 73 88 107 
3 2 34 79 
3 7 91 136 
3 76 91 104 
3 11 38 92 
3 115 119 129 
3 82 117 126 
3 26 37 81 
3 5 67 85 
3 28 38 68 
3 62 75 121 
3 52 103 109 
3 16 46 128 
3 51 74 110 
3 11 38 133 
3 74 87 109 
3 47 56 67 
3 32 99 114 
3 8 94 127 
3 53 60 84 
3 7 127 138 
3 53 84 126 
3 33 110 125 
3 122 124 131 
3 55 98 116 
3 51 96 109 
3 28 43 132 
3 30 89 127 
3 16 64 130 
3 36 118 139 
3 20 46 92 
3 31 83 138 
3 12 73 106 
3 58 88 98 
3 102 124 135 
3 30 66 133 
140 210
3 45 54 85 
3 65 87 128 
3 44 107 110 
3 4 72 134 
3 3 9 50 
3 14 94 130 
3 29 31 90 
3 39 104 115 
3 23 83 91 
3 4 30 95 
3 85 115 121 
3 104 117 128 
3 86 98 127 
3 46 59 112 
3 5 71 130 
3 64 100 107 
3 26 75 131 
3 50 83 118 
3 52 55 90 
3 81 99 116 
3 71 103 114 
3 90 101 111 
3 38 63 89 
3 8 102 115 
3 88 125 129 
3 73 92 137 
3 16 98 114 
3 40 67 98 
3 74 122 136 
3 6 31 51 
3 9 68 86 
3 6 29 44 
3 68 137 138 
3 42 72 84 
3 54 65 82 
3 97 128 139 
3 41 49 102 
3 65 100 126 
3 22 57 139 
3 7 59 119 
3 27 53 135 
3 36 122 123 
3 33 111 118 
3 79 101 124 
3 2 31 88 
3 0 52 60 
3 13 74 87 
3 62 109 133 
3 51 64 117 
3 36 89 91 
3 4 17 138 
3 29 48 52 
3 18 45 51 
3 40 87 102 
3 0 34 94 
3 18 80 133 
3 76 82 129 
3 38 89 124 
3 72 96 116 
3 13 39 77 
3 45 105 132 
3 78 92 93 
3 47 113 129 
3 22 70 122 
3 15 48 127 
3 1 34 37 
3 84 91 121 
3 27 83 123 
3 30 32 136 
3 86 123 134 
3 63 106 119 
3 14 20 81 
3 3 33 58 
3 25 108 118 
3 28 46 96 
3 16 101 131 
3 56 93 134 
3 59 78 79 
3 61 77 138 
3 43 77 132 
3 55 121 135 
3 19 71 109 
3 34 56 135 
3 8 17 67 
3 33 66 94 
3 0 10 99 
3 12 30 69 
3 1 46 53 
3 24 44 113 
3 22 49 57 
3 6 18 21 
3 8 49 66 
3 25 61 125 
3 61 76 95 
3 5 54 84 
3 9 93 106 
3 58 74 120 
3 35 103 112 
3 12 26 27 
3 19 85 100 
3 15 37 99 
3 21 43 75 
3 23 36 53 
3 20 97 104 
3 7 11 103 
3 60 126 139 
3 70 95 126 
3 2 15 127 
3 73 114 125 
3 47 81 119 
3 2 113 117 
3 21 42 124 
3 13 97 130 
3 62 88 110 
3 20 26 108 
3 7 10 23 
3 19 58 133 
3 11 48 110 
3 17 42 73 
3 39 70 109 
3 96 131 137 
3 10 66 80 
3 28 41 63 
3 41 67 69 
3 43 57 111 
3 24 92 108 
3 37 105 106 
3 12 64 107 
3 1 11 35 
3 24 56 62 
3 5 14 112 
3 16 75 120 
3 60 79 136 
3 47 55 116 
3 3 69 76 
3 40 80 82 
3 28 68 132 
3 25 32 120 
3 32 50 78 
3 35 38 105 
