150 225
3 18 52 116 
3 19 77 97 
3 105 112 136 
3 42 55 64 
3 40 121 124 
3 72 88 105 
3 13 70 98 
3 58 78 143 
3 32 47 95 
3 66 126 149 
3 34 80 101 
3 17 58 84 
3 59 94 96 
3 6 83 120 
3 25 43 68 
3 17 39 125 
3 30 83 147 
3 11 15 118 
3 0 47 117 
3 1 76 127 
3 46 80 82 
3 48 78 90 
3 59 94 136 
3 32 85 121 
3 76 104 108 
3 14 91 110 
3 86 132 136 
3 66 84 124 
3 62 73 103 
3 38 50 120 
3 16 38 81 
3 49 57 98 
3 8 23 122 
3 52 70 141 
3 10 57 127 
3 107 127 133 
3 63 79 114 
3 54 61 138 
3 29 30 74 
3 15 48 144 
3 4 46 64 
3 89 99 113 
3 3 72 115 
3 14 60 128 
3 99 101 142 
3 85 106 140 
3 20 40 53 
3 8 18 88 
3 21 39 73 
3 31 80 119 
3 29 108 116 
3 54 90 147 
3 0 33 138 
3 46 87 129 
3 37 51 89 
3 3 63 92 
3 75 109 134 
3 31 34 98 
3 7 11 61 
3 12 22 65 
3 43 119 145 
3 37 58 125 
3 28 91 147 
3 36 55 137 
3 3 40 130 
3 59 93 103 
3 9 27 102 
3 74 112 142 
3 14 92 129 
3 96 123 140 
3 6 33 79 
3 78 95 148 
3 5 42 113 
3 28 48 82 
3 38 67 123 
3 56 77 87 
3 19 24 126 
3 1 75 117 
3 7 21 71 
3 36 70 131 
3 10 20 49 
3 30 92 133 
3 20 73 89 
3 13 16 87 
3 11 27 139 
3 23 45 146 
3 26 114 115 
3 53 75 83 
3 5 47 138 
3 41 54 82 
3 21 51 107 
3 25 62 134 
3 55 68 81 
3 65 125 141 
3 12 22 118 
3 8 71 140 
3 12 69 102 
3 1 102 145 
3 6 31 57 
3 41 44 148 
3 128 130 137 
3 10 44 130 
3 66 96 97 
3 28 65 111 
3 24 129 141 
3 2 5 139 
3 45 110 113 
3 35 90 135 
3 24 50 117 
3 56 110 123 
3 25 106 109 
3 103 144 149 
3 2 67 126 
3 41 72 106 
3 36 86 121 
3 42 86 124 
3 0 50 146 
3 18 77 108 
3 17 94 142 
3 49 60 122 
3 13 29 134 
3 4 23 114 
3 32 119 139 
3 69 74 109 
3 4 27 115 
3 15 61 93 
3 9 76 112 
3 19 34 35 
3 43 100 135 
3 53 68 104 
3 64 100 101 
3 79 133 146 
3 26 135 144 
3 35 81 131 
3 56 91 120 
3 107 128 132 
3 2 22 26 
3 63 100 143 
3 37 52 88 
3 84 105 122 
3 45 69 95 
3 33 93 104 
3 44 67 118 
3 7 137 145 
3 39 111 132 
3 60 97 143 
3 85 116 131 
3 16 51 62 
3 71 99 149 
3 9 111 148 
150 225
3 38 47 98 
3 94 97 119 
3 93 103 106 
3 40 54 100 
3 27 63 125 
3 29 77 79 
3 52 72 108 
3 12 61 73 
3 45 71 142 
3 30 35 39 
3 28 85 87 
3 17 44 143 
3 7 90 136 
3 96 98 102 
3 56 97 142 
3 83 85 130 
3 33 62 87 
3 11 41 144 
3 48 95 120 
3 43 80 118 
3 28 68 70 
3 65 101 132 
3 94 110 128 
3 56 100 131 
3 36 52 129 
3 74 93 126 
3 70 114 115 
3 4 121 129 
3 10 20 87 
3 5 48 106 
3 9 50 53 
3 43 107 110 
3 51 82 120 
3 16 40 122 
3 80 103 116 
3 9 57 62 
3 24 73 122 
3 48 89 111 
3 0 103 140 
3 9 57 113 
3 3 33 92 
3 17 146 147 
3 76 119 138 
3 19 31 140 
3 11 90 110 
3 8 59 60 
3 102 124 138 
3 0 51 70 
3 18 29 37 
3 73 98 125 
3 30 79 124 
3 32 47 106 
3 6 24 91 
3 30 64 71 
3 3 101 113 
3 64 124 146 
3 14 23 81 
3 35 39 68 
3 63 121 123 
3 45 134 148 
3 45 86 121 
3 7 82 135 
3 16 35 127 
3 4 58 132 
3 53 55 105 
3 21 75 104 
3 84 96 145 
3 109 137 148 
3 20 57 133 
3 101 139 141 
3 20 26 47 
3 8 53 145 
3 6 95 107 
3 7 36 49 
3 25 135 136 
3 65 133 134 
3 42 104 132 
3 5 99 123 
3 129 136 143 
3 5 50 149 
3 19 34 135 
3 56 88 114 
3 32 61 117 
3 15 89 118 
3 66 100 145 
3 10 15 144 
3 60 88 90 
3 10 16 28 
3 81 86 116 
3 37 83 117 
3 12 44 86 
3 52 144 149 
3 40 95 111 
3 2 25 149 
3 1 22 130 
3 18 72 92 
3 13 66 130 
3 1 14 115 
3 0 13 49 
3 77 131 137 
3 3 23 84 
3 21 54 69 
3 13 46 143 
3 2 34 38 
3 65 76 113 
3 64 108 128 
3 2 29 51 
3 31 72 139 
3 6 105 122 
3 67 139 142 
3 22 31 44 
3 37 92 128 
3 123 126 140 
3 39 54 104 
3 26 81 117 
3 26 97 116 
3 34 88 115 
3 82 89 114 
3 19 83 131 
3 1 42 137 
3 18 32 141 
3 27 58 60 
3 33 36 108 
3 58 77 112 
3 46 50 55 
3 4 49 147 
3 25 112 148 
3 62 133 147 
3 22 105 111 
3 24 27 78 
3 15 94 96 
3 23 99 118 
3 21 63 76 
3 68 75 127 
3 59 75 138 
3 61 74 80 
3 12 74 78 
3 67 99 119 
3 42 46 134 
3 69 107 109 
3 38 43 112 
3 69 120 146 
3 8 14 109 
3 11 78 102 
3 17 85 91 
3 66 71 84 
3 41 55 141 
3 41 125 127 
3 59 67 126 
3 79 91 93 
