160 240
3 35 77 112 
3 50 65 68 
3 92 125 131 
3 18 121 133 
3 78 85 151 
3 49 60 152 
3 12 86 134 
3 55 107 126 
3 99 125 151 
3 79 84 93 
3 28 37 64 
3 97 106 122 
3 6 67 140 
3 45 71 96 
3 25 104 132 
3 73 76 85 
3 43 143 148 
3 43 50 157 
3 3 22 31 
3 53 92 132 
3 58 103 145 
3 41 62 69 
3 18 87 133 
3 40 64 100 
3 71 110 150 
3 14 105 130 
3 60 105 115 
3 53 106 142 
3 10 115 118 
3 53 85 131 
3 40 58 111 
3 18 39 126 
3 74 117 130 
3 39 110 137 
3 47 91 108 
3 0 146 149 
3 56 62 73 
3 10 38 49 
3 37 112 116 
3 31 33 56 
3 23 30 94 
3 21 111 139 
3 105 109 121 
3 16 17 127 
3 64 75 91 
3 13 67 140 
3 94 133 143 
3 34 59 155 
3 87 116 143 
3 5 37 79 
3 1 17 52 
3 98 106 120 
3 50 61 114 
3 19 27 29 
3 82 99 129 
3 7 61 142 
3 36 39 136 
3 62 89 146 
3 20 30 113 
3 47 68 139 
3 5 26 103 
3 52 55 79 
3 21 36 57 
3 84 95 145 
3 10 23 44 
3 1 101 119 
3 71 136 150 
3 12 45 132 
3 1 59 104 
3 21 73 76 
3 81 82 118 
3 13 24 66 
3 88 126 129 
3 15 36 69 
3 32 130 159 
3 44 149 159 
3 15 69 156 
3 0 83 113 
3 4 81 154 
3 9 49 61 
3 119 156 158 
3 70 78 144 
3 54 70 102 
3 77 123 138 
3 9 63 87 
3 4 15 29 
3 6 104 141 
3 22 48 84 
3 72 97 159 
3 57 108 158 
3 114 122 154 
3 34 44 138 
3 2 19 115 
3 9 116 124 
3 40 46 135 
3 63 149 152 
3 13 138 155 
3 11 88 128 
3 51 103 112 
3 8 54 101 
3 23 142 145 
3 65 99 120 
3 82 118 141 
3 20 60 98 
3 14 68 86 
3 25 26 42 
3 11 27 51 
3 7 109 148 
3 34 89 137 
3 42 107 146 
3 24 33 124 
3 30 41 128 
3 0 38 98 
3 58 77 152 
3 52 90 125 
3 26 28 92 
3 38 48 93 
3 32 134 154 
3 28 70 102 
3 65 80 123 
3 51 101 147 
3 3 42 153 
3 11 90 144 
3 83 119 158 
3 93 110 136 
3 2 8 114 
3 7 31 72 
3 43 134 137 
3 97 111 151 
3 54 72 135 
3 25 32 74 
3 2 29 147 
3 14 19 67 
3 3 22 46 
3 6 117 127 
3 94 129 155 
3 56 66 124 
3 33 108 127 
3 83 91 96 
3 41 59 144 
3 12 45 150 
3 86 102 153 
3 27 55 100 
3 16 46 48 
3 81 122 139 
3 20 63 100 
3 35 57 109 
3 120 131 157 
3 16 107 153 
3 35 75 95 
3 24 66 140 
3 4 8 128 
3 5 95 113 
3 121 141 148 
3 78 90 117 
3 47 96 135 
3 76 80 157 
3 17 147 156 
3 80 89 123 
3 74 75 88 
160 240
3 2 14 98 
3 41 97 117 
3 0 105 144 
3 23 106 110 
3 56 126 150 
3 74 144 153 
3 15 50 108 
3 10 32 42 
3 12 16 130 
3 59 75 132 
3 7 18 145 
3 83 110 137 
3 8 68 86 
3 108 122 141 
3 0 82 115 
3 6 45 81 
3 8 109 149 
3 46 118 134 
3 10 88 132 
3 87 107 127 
3 89 125 146 
3 61 74 124 
3 26 67 135 
3 3 60 69 
3 30 79 129 
3 52 78 137 
3 22 47 90 
3 39 74 154 
3 29 39 148 
3 28 120 140 
3 24 82 107 
3 106 118 156 
3 7 71 112 
3 42 43 142 
3 93 139 159 
3 82 150 157 
3 77 155 156 
3 59 81 145 
3 70 91 113 
3 27 28 113 
3 73 139 159 
3 1 64 136 
3 7 33 97 
3 33 58 114 
3 49 54 55 
3 15 98 103 
3 17 91 100 
3 26 51 66 
3 109 119 130 
3 44 67 150 
3 6 111 149 
3 47 77 147 
3 25 127 147 
3 71 75 123 
3 44 63 133 
3 44 102 111 
3 4 91 114 
3 72 138 154 
3 43 65 116 
3 9 37 112 
3 23 63 143 
3 21 126 145 
3 84 141 146 
3 54 60 158 
3 41 96 101 
3 58 134 135 
3 47 97 142 
3 22 49 105 
3 12 114 151 
3 23 72 143 
3 38 103 106 
3 32 53 88 
3 57 69 157 
3 40 99 124 
3 5 21 27 
3 9 53 117 
3 95 108 127 
3 36 51 151 
3 25 109 155 
3 24 80 90 
3 79 96 137 
3 15 37 96 
3 14 30 35 
3 11 94 128 
3 62 129 143 
3 116 121 144 
3 12 147 156 
3 19 115 140 
3 18 71 101 
3 20 138 141 
3 26 79 104 
3 38 46 56 
3 93 110 153 
3 34 92 119 
3 83 139 151 
3 76 115 152 
3 64 80 81 
3 1 42 66 
3 0 45 133 
3 73 130 131 
3 46 107 136 
3 64 88 133 
3 55 124 131 
3 45 70 152 
3 90 117 152 
3 2 67 159 
3 3 31 70 
3 19 30 100 
3 6 13 76 
3 16 48 78 
3 3 11 92 
3 50 55 116 
3 32 59 113 
3 38 39 112 
3 43 56 68 
3 14 87 95 
3 58 85 111 
3 1 75 104 
3 17 31 158 
3 48 93 120 
3 29 119 155 
3 85 126 131 
3 13 136 154 
3 53 138 148 
3 21 73 102 
3 20 132 149 
3 4 61 121 
3 19 52 76 
3 83 129 142 
3 24 84 128 
3 8 48 99 
3 99 102 121 
3 9 18 125 
3 54 98 101 
3 17 65 158 
3 22 65 148 
3 41 100 122 
3 11 25 80 
3 57 89 123 
3 34 40 94 
3 29 87 157 
3 13 62 89 
3 33 66 128 
3 60 69 84 
3 2 5 85 
3 10 37 61 
3 20 62 153 
3 51 52 86 
3 28 123 135 
3 16 50 125 
3 4 35 49 
3 68 77 94 
3 95 103 104 
3 5 92 146 
3 27 57 122 
3 36 78 120 
3 31 36 86 
3 35 72 140 
3 63 118 134 
3 34 40 105 
