180 270
3 15 36 103 
3 50 88 172 
3 15 95 145 
3 27 57 63 
3 85 146 147 
3 76 94 168 
3 8 34 130 
3 40 48 155 
3 6 116 165 
3 12 83 145 
3 92 96 129 
3 37 68 150 
3 9 59 108 
3 87 149 163 
3 32 74 167 
3 0 2 64 
3 20 24 136 
3 87 100 110 
3 44 105 149 
3 53 104 128 
3 16 78 127 
3 28 84 104 
3 109 129 139 
3 64 118 126 
3 16 80 140 
3 70 86 129 
3 60 93 114 
3 3 101 115 
3 21 170 174 
3 160 167 173 
3 61 99 134 
3 64 90 100 
3 14 82 121 
3 49 70 96 
3 6 146 161 
3 79 125 143 
3 0 88 120 
3 11 90 169 
3 60 84 175 
3 110 122 159 
3 7 41 174 
3 40 76 86 
3 52 103 113 
3 44 109 148 
3 18 43 117 
3 66 89 91 
3 57 123 166 
3 50 73 137 
3 7 49 156 
3 33 48 108 
3 1 47 164 
3 117 165 167 
3 42 73 123 
3 19 133 173 
3 92 111 174 
3 91 107 153 
3 84 93 143 
3 3 46 137 
3 125 128 155 
3 12 71 178 
3 26 38 142 
3 30 67 69 
3 115 151 175 
3 3 150 151 
3 15 23 31 
3 83 112 172 
3 45 98 117 
3 61 108 158 
3 11 71 177 
3 61 83 152 
3 25 33 124 
3 59 68 166 
3 85 107 123 
3 47 52 178 
3 14 119 164 
3 161 165 171 
3 5 41 159 
3 139 149 150 
3 20 80 82 
3 35 89 179 
3 24 78 144 
3 85 101 179 
3 32 78 132 
3 9 65 69 
3 21 38 56 
3 4 72 81 
3 25 41 106 
3 13 17 169 
3 1 36 105 
3 45 79 107 
3 31 37 156 
3 45 55 102 
3 10 54 93 
3 26 56 92 
3 5 96 155 
3 2 134 157 
3 10 33 94 
3 124 130 171 
3 66 102 119 
3 30 112 122 
3 17 31 122 
3 27 81 119 
3 91 98 177 
3 0 42 120 
3 19 21 140 
3 18 88 176 
3 86 141 170 
3 55 72 89 
3 12 49 67 
3 22 43 152 
3 17 39 158 
3 54 131 160 
3 65 99 132 
3 42 135 178 
3 26 133 153 
3 27 62 162 
3 8 142 175 
3 44 51 66 
3 23 147 148 
3 74 98 101 
3 36 103 135 
3 32 136 154 
3 39 99 100 
3 46 52 72 
3 70 97 139 
3 35 58 154 
3 23 137 156 
3 20 154 160 
3 19 58 132 
3 10 22 25 
3 6 97 166 
3 111 142 159 
3 82 112 128 
3 53 114 157 
3 30 95 163 
3 113 120 168 
3 16 121 176 
3 47 57 126 
3 146 153 176 
3 22 77 124 
3 24 104 152 
3 106 151 169 
3 60 116 131 
3 35 56 144 
3 80 143 157 
3 2 9 148 
3 4 34 138 
3 4 118 179 
3 43 118 145 
3 13 18 77 
3 11 63 77 
3 62 63 141 
3 69 109 140 
3 55 114 138 
3 121 125 127 
3 7 58 94 
3 48 90 126 
3 95 133 144 
3 67 110 162 
3 39 76 131 
3 29 111 127 
3 34 75 170 
3 115 158 173 
3 13 134 177 
3 50 74 171 
3 8 51 75 
3 46 71 130 
3 14 29 51 
3 5 135 172 
3 37 87 141 
3 28 106 161 
3 75 97 164 
3 1 65 168 
3 29 53 162 
3 28 40 54 
3 38 62 116 
3 105 136 138 
3 68 102 163 
3 59 73 113 
3 79 81 147 
180 270
3 47 67 111 
3 30 90 127 
3 10 98 100 
3 24 43 140 
3 19 26 34 
3 73 122 135 
3 65 81 118 
3 113 147 164 
3 70 104 146 
3 28 64 111 
3 2 27 44 
3 41 63 100 
3 14 151 174 
3 97 149 167 
3 12 59 166 
3 20 128 160 
3 50 139 178 
3 91 140 147 
3 20 32 88 
3 4 112 176 
3 15 18 160 
3 100 110 163 
3 75 138 175 
3 91 153 159 
3 3 80 101 
3 76 107 119 
3 4 87 148 
3 10 52 101 
3 9 59 173 
3 60 110 127 
3 1 42 109 
3 42 63 174 
3 18 93 130 
3 48 145 177 
3 4 85 104 
3 136 157 166 
3 44 46 120 
3 96 106 157 
3 88 92 130 
3 63 115 169 
3 81 116 156 
3 11 69 133 
3 30 31 162 
3 3 113 141 
3 10 36 104 
3 109 113 171 
3 36 82 167 
3 0 77 179 
3 33 66 169 
3 54 76 163 
3 16 58 108 
3 83 156 178 
3 27 114 148 
3 91 107 137 
3 49 75 98 
3 120 149 177 
3 67 146 153 
3 119 139 147 
3 50 110 142 
3 14 28 164 
3 29 150 175 
3 86 129 165 
3 77 84 99 
3 11 31 39 
3 9 109 161 
3 6 79 127 
3 48 151 159 
3 0 56 117 
3 86 130 137 
3 41 146 162 
3 8 86 89 
3 94 103 143 
3 87 115 122 
3 5 85 89 
3 78 96 138 
3 22 54 168 
3 25 49 129 
3 47 62 124 
3 74 102 170 
3 65 161 175 
3 24 134 152 
3 6 40 116 
3 46 105 137 
3 51 103 135 
3 62 93 169 
3 34 73 177 
3 61 68 70 
3 26 72 96 
3 18 38 131 
3 70 73 173 
3 1 125 165 
3 17 23 53 
3 38 131 143 
3 32 84 133 
3 71 126 136 
3 103 116 126 
3 37 74 87 
3 13 131 168 
3 2 54 179 
3 62 129 160 
3 2 11 21 
3 24 27 140 
3 78 126 132 
3 71 83 95 
3 8 34 44 
3 82 128 172 
3 37 154 158 
3 25 53 156 
3 50 111 158 
3 30 45 64 
3 21 29 58 
3 0 9 108 
3 19 154 173 
3 7 43 45 
3 52 121 150 
3 39 72 143 
3 40 81 95 
3 67 132 134 
3 6 125 176 
3 25 57 133 
3 36 55 148 
3 114 142 153 
3 5 72 123 
3 122 162 176 
3 77 159 178 
3 90 118 165 
3 94 95 102 
3 1 29 65 
3 15 105 141 
3 61 76 99 
3 32 38 68 
3 88 92 97 
3 102 117 154 
3 41 93 119 
3 80 117 172 
3 5 83 161 
3 35 94 144 
3 53 68 82 
3 22 74 144 
3 16 57 144 
3 3 17 101 
3 43 128 171 
3 58 121 149 
3 71 92 115 
3 136 138 139 
3 33 152 158 
3 8 56 69 
3 7 17 57 
3 26 52 120 
3 13 55 142 
3 60 114 155 
3 12 66 167 
3 80 145 164 
3 23 56 121 
3 106 112 132 
3 150 163 168 
3 40 51 107 
3 35 37 170 
3 106 108 145 
3 23 66 124 
3 15 20 99 
3 64 79 135 
3 42 69 123 
3 21 49 155 
3 7 59 152 
3 61 90 125 
3 14 35 179 
3 13 46 151 
3 75 97 155 
3 39 48 84 
3 78 157 172 
3 45 141 174 
3 105 134 170 
3 28 89 112 
3 12 31 171 
3 22 60 79 
3 19 118 123 
3 33 55 85 
3 16 51 124 
3 47 98 166 
