210 315
3 53 58 200 
3 114 132 185 
3 21 108 128 
3 40 57 101 
3 116 138 181 
3 52 78 127 
3 134 185 201 
3 40 74 174 
3 167 178 179 
3 42 187 207 
3 158 193 195 
3 88 169 191 
3 39 51 60 
3 47 80 122 
3 44 85 146 
3 54 185 204 
3 82 87 140 
3 56 100 201 
3 48 74 96 
3 75 76 77 
3 55 164 173 
3 2 46 128 
3 103 112 193 
3 39 72 85 
3 74 102 143 
3 64 70 176 
3 53 96 152 
3 86 153 181 
3 124 189 192 
3 67 94 199 
3 142 155 189 
3 112 180 202 
3 117 197 203 
3 95 195 206 
3 107 137 203 
3 65 104 202 
3 37 139 175 
3 36 66 162 
3 65 98 145 
3 12 23 66 
3 3 7 83 
3 137 150 192 
3 9 113 154 
3 135 184 204 
3 14 148 171 
3 61 117 141 
3 21 59 144 
3 13 124 206 
3 18 116 156 
3 91 156 176 
3 82 93 174 
3 12 56 90 
3 5 100 110 
3 0 26 106 
3 15 98 118 
3 20 65 184 
3 17 51 170 
3 3 133 154 
3 0 81 102 
3 46 73 157 
3 12 123 199 
3 45 143 145 
3 109 131 202 
3 84 142 208 
3 25 68 124 
3 35 38 55 
3 37 39 164 
3 29 76 173 
3 64 120 159 
3 120 148 172 
3 25 163 181 
3 146 177 196 
3 23 89 122 
3 59 104 176 
3 7 18 24 
3 19 131 184 
3 19 67 148 
3 19 120 158 
3 5 88 204 
3 105 174 203 
3 13 167 201 
3 58 109 161 
3 16 50 110 
3 40 99 103 
3 63 149 160 
3 14 23 126 
3 27 125 146 
3 16 92 155 
3 11 78 93 
3 72 113 147 
3 51 130 183 
3 49 121 208 
3 87 168 207 
3 50 88 179 
3 29 123 178 
3 33 121 191 
3 18 26 192 
3 129 151 180 
3 38 54 152 
3 83 194 200 
3 17 52 144 
3 3 130 170 
3 24 58 190 
3 22 83 168 
3 35 73 129 
3 79 127 158 
3 53 157 187 
3 34 188 197 
3 2 149 177 
3 62 81 196 
3 52 82 151 
3 138 186 194 
3 22 31 209 
3 42 89 128 
3 1 147 177 
3 126 161 188 
3 4 48 151 
3 32 45 129 
3 54 147 159 
3 145 163 209 
3 68 69 77 
3 91 95 169 
3 13 72 208 
3 60 94 153 
3 28 47 64 
3 86 140 205 
3 85 115 196 
3 5 105 190 
3 2 21 113 
3 97 104 117 
3 90 101 186 
3 62 75 186 
3 1 143 159 
3 57 160 172 
3 6 178 197 
3 43 140 190 
3 137 172 207 
3 34 41 136 
3 4 111 160 
3 36 141 170 
3 16 125 135 
3 45 139 161 
3 30 63 187 
3 24 61 132 
3 46 100 173 
3 38 61 119 
3 14 71 86 
3 89 114 118 
3 44 69 76 
3 84 108 180 
3 41 167 182 
3 97 110 116 
3 26 98 163 
3 27 123 175 
3 42 57 155 
3 30 87 154 
3 48 49 198 
3 59 106 182 
3 10 77 105 
3 68 118 132 
3 84 133 138 
3 81 115 141 
3 37 168 199 
3 70 119 152 
3 20 66 171 
3 183 189 193 
3 169 171 209 
3 8 80 150 
3 92 103 162 
3 11 121 166 
3 56 101 139 
3 44 164 166 
3 69 133 136 
3 20 67 144 
3 7 50 79 
3 36 153 205 
3 25 49 73 
3 71 108 114 
3 8 94 134 
3 8 93 206 
3 31 97 149 
3 4 27 70 
3 150 157 183 
3 90 165 182 
3 43 55 75 
3 1 6 15 
3 111 130 131 
3 9 106 142 
3 107 115 198 
3 28 30 165 
3 102 127 135 
3 11 95 205 
3 28 41 96 
3 10 22 165 
3 99 111 195 
3 10 33 194 
3 71 109 126 
3 32 107 134 
3 156 188 200 
3 29 60 162 
3 0 99 198 
3 6 17 80 
3 31 35 62 
3 32 34 79 
3 15 43 78 
3 125 175 191 
3 33 47 179 
3 9 92 136 
3 63 91 122 
3 112 119 166 
210 315
3 33 144 184 
3 59 89 158 
3 46 174 182 
3 4 106 122 
3 3 17 75 
3 121 123 184 
3 136 150 166 
3 120 129 156 
3 12 27 82 
3 30 66 113 
3 18 70 158 
3 24 69 81 
3 8 79 130 
3 66 76 109 
3 28 171 196 
3 16 28 61 
3 15 32 71 
3 4 70 180 
3 10 92 162 
3 71 119 168 
3 63 170 182 
3 25 124 139 
3 65 73 124 
3 29 36 191 
3 11 29 184 
3 21 147 183 
3 79 202 206 
3 8 84 157 
3 14 15 59 
3 23 24 81 
3 9 202 209 
3 121 160 173 
3 16 72 118 
3 0 60 111 
3 42 56 107 
3 83 88 100 
3 23 101 175 
3 110 112 160 
3 74 77 114 
3 53 147 194 
3 68 103 128 
3 170 177 188 
3 34 114 125 
3 50 146 185 
3 175 179 208 
3 163 166 174 
3 2 106 155 
3 105 152 207 
3 75 94 143 
3 76 103 148 
3 43 150 199 
3 84 156 192 
3 85 102 167 
3 39 180 203 
3 92 97 180 
3 110 154 168 
3 34 120 135 
3 59 62 97 
3 115 135 178 
3 1 28 57 
3 33 104 179 
3 15 104 160 
3 57 103 161 
3 20 76 176 
3 123 135 150 
3 22 142 190 
3 9 13 130 
3 78 155 193 
3 40 126 207 
3 11 72 90 
3 10 17 117 
3 16 19 206 
3 32 69 96 
3 22 118 149 
3 38 114 194 
3 4 48 83 
3 13 49 63 
3 38 93 133 
3 67 86 188 
3 12 26 186 
3 162 189 200 
3 11 29 109 
3 8 98 208 
3 35 75 158 
3 27 51 181 
3 52 151 161 
3 78 187 197 
3 100 136 168 
3 35 196 197 
3 1 116 155 
3 69 157 190 
3 95 108 113 
3 18 54 93 
3 77 92 195 
3 48 96 110 
3 91 104 205 
3 72 94 167 
3 54 57 209 
3 82 102 179 
3 137 145 171 
3 35 87 105 
3 36 146 193 
3 52 98 118 
3 40 49 62 
3 60 61 95 
3 47 100 169 
3 3 46 175 
3 34 113 203 
3 91 148 182 
3 13 81 164 
3 37 55 94 
3 33 190 200 
3 37 186 209 
3 9 91 107 
3 38 42 74 
3 58 164 199 
3 89 122 204 
3 70 140 156 
3 32 73 102 
3 19 163 188 
3 7 56 192 
3 5 31 169 
3 3 116 206 
3 5 64 201 
3 21 22 137 
3 42 136 202 
3 68 152 200 
3 145 151 161 
3 40 132 207 
3 7 132 153 
3 12 66 138 
3 144 152 204 
3 128 129 165 
3 77 164 174 
3 151 176 194 
3 56 58 64 
3 6 87 125 
3 99 124 169 
3 130 172 199 
3 21 141 154 
3 117 157 198 
3 139 144 193 
3 65 165 196 
3 48 198 208 
3 0 131 141 
3 99 127 192 
3 43 101 201 
3 25 39 172 
3 49 108 159 
3 73 153 191 
3 6 50 64 
3 85 127 134 
3 47 126 131 
3 129 149 197 
3 55 139 177 
3 46 67 89 
3 7 51 117 
3 27 90 140 
3 1 10 83 
3 148 166 187 
3 31 37 61 
3 62 85 127 
3 18 80 201 
3 45 119 167 
3 109 115 133 
3 132 142 204 
3 6 45 159 
3 52 96 163 
3 19 55 87 
3 105 121 137 
3 20 41 187 
3 14 99 178 
3 138 147 177 
3 31 185 195 
3 2 45 133 
3 36 44 106 
3 63 134 191 
3 41 154 172 
3 58 171 183 
3 44 60 98 
3 17 53 54 
3 84 183 198 
3 2 20 108 
3 25 178 181 
3 0 5 24 
3 43 173 189 
3 79 112 205 
3 86 159 170 
3 41 78 119 
3 80 185 203 
3 65 90 111 
3 23 149 176 
3 51 120 145 
3 67 101 141 
3 39 74 134 
3 93 173 205 
3 14 88 142 
3 86 88 153 
3 140 143 181 
3 50 115 138 
3 80 111 126 
3 123 146 162 
3 26 30 125 
3 53 107 189 
3 116 131 165 
3 95 186 195 
3 26 71 122 
3 47 68 128 
3 44 82 143 
3 30 97 112 
