220 330
3 3 143 187 
3 12 22 177 
3 125 134 176 
3 0 95 117 
3 38 52 207 
3 60 96 176 
3 19 112 180 
3 64 68 189 
3 50 112 192 
3 44 147 214 
3 94 133 175 
3 100 149 178 
3 1 124 149 
3 59 61 146 
3 50 109 139 
3 20 70 79 
3 47 75 126 
3 25 85 98 
3 92 154 201 
3 6 71 199 
3 15 35 165 
3 115 150 219 
3 1 41 77 
3 26 83 163 
3 58 145 178 
3 17 69 93 
3 23 56 91 
3 29 122 139 
3 58 153 182 
3 27 137 194 
3 79 89 98 
3 75 152 197 
3 155 161 202 
3 41 138 172 
3 39 195 198 
3 20 110 128 
3 42 150 163 
3 137 146 189 
3 4 111 167 
3 34 107 171 
3 55 76 153 
3 22 33 200 
3 36 85 202 
3 48 110 149 
3 9 52 199 
3 114 169 193 
3 57 142 148 
3 16 168 169 
3 43 101 157 
3 106 164 184 
3 8 14 132 
3 80 177 197 
3 4 44 201 
3 68 139 152 
3 131 170 189 
3 40 160 187 
3 26 124 184 
3 46 93 160 
3 24 28 147 
3 13 105 190 
3 5 80 84 
3 13 100 179 
3 115 125 191 
3 89 180 205 
3 7 113 188 
3 88 143 191 
3 108 154 158 
3 111 115 126 
3 7 53 118 
3 25 113 135 
3 15 109 206 
3 19 144 174 
3 94 142 191 
3 90 131 172 
3 102 195 211 
3 16 31 122 
3 40 82 127 
3 22 135 138 
3 167 173 217 
3 15 30 167 
3 51 60 171 
3 86 87 192 
3 76 144 210 
3 23 103 166 
3 60 187 214 
3 17 42 212 
3 81 91 125 
3 81 119 217 
3 65 148 151 
3 30 63 190 
3 73 100 130 
3 26 86 118 
3 18 95 129 
3 25 57 141 
3 10 72 120 
3 3 92 188 
3 5 179 185 
3 108 159 183 
3 17 30 208 
3 109 177 181 
3 11 61 90 
3 48 108 182 
3 74 111 156 
3 83 124 136 
3 113 180 196 
3 59 158 190 
3 49 134 161 
3 39 132 142 
3 66 97 101 
3 14 70 99 
3 35 43 213 
3 38 67 102 
3 6 8 146 
3 64 69 104 
3 45 154 216 
3 21 62 67 
3 157 199 208 
3 3 156 204 
3 68 91 217 
3 87 128 200 
3 94 161 203 
3 123 194 210 
3 27 75 184 
3 121 134 166 
3 12 56 103 
3 2 62 86 
3 16 67 130 
3 76 166 185 
3 35 119 164 
3 92 164 216 
3 90 126 204 
3 54 73 140 
3 50 107 170 
3 10 185 197 
3 2 106 123 
3 69 77 144 
3 103 152 202 
3 29 37 145 
3 33 77 153 
3 14 27 53 
3 131 178 218 
3 93 200 205 
3 46 72 107 
3 0 65 208 
3 71 82 135 
3 24 137 165 
3 13 37 112 
3 9 58 206 
3 46 88 198 
3 11 12 43 
3 21 36 215 
3 88 165 196 
3 31 53 136 
3 28 40 138 
3 18 66 114 
3 32 158 173 
3 102 117 215 
3 48 116 183 
3 66 105 155 
3 97 195 206 
3 55 57 181 
3 32 106 120 
3 169 203 218 
3 23 36 209 
3 49 128 129 
3 20 145 151 
3 83 123 127 
3 38 78 79 
3 47 174 204 
3 45 47 162 
3 54 132 176 
3 39 80 179 
3 33 73 183 
3 78 155 196 
3 71 168 193 
3 10 186 205 
3 2 5 170 
3 1 51 99 
3 11 24 140 
3 61 96 171 
3 6 63 104 
3 99 160 211 
3 28 101 194 
3 97 157 172 
3 49 56 122 
3 96 127 133 
3 175 216 218 
3 0 55 84 
3 64 95 213 
3 7 37 54 
3 59 89 105 
3 62 65 72 
3 8 81 213 
3 45 174 198 
3 29 121 182 
3 34 74 159 
3 104 151 173 
3 31 51 133 
3 34 148 193 
3 19 44 116 
3 41 119 141 
3 18 52 212 
3 32 42 136 
3 120 162 219 
3 117 130 168 
3 63 141 175 
3 70 147 159 
3 4 209 210 
3 98 116 143 
3 163 207 219 
3 82 121 207 
3 74 181 212 
3 85 201 211 
3 110 188 192 
3 9 84 215 
3 150 156 214 
3 114 129 186 
3 78 87 118 
3 140 162 186 
3 21 203 209 
220 330
3 20 25 122 
3 64 98 196 
3 28 95 193 
3 14 41 166 
3 41 135 171 
3 29 36 192 
3 11 39 65 
3 50 74 78 
3 45 133 164 
3 66 128 144 
3 12 130 154 
3 6 56 190 
3 10 80 118 
3 165 178 210 
3 3 88 100 
3 113 156 161 
3 33 37 68 
3 66 108 184 
3 30 115 129 
3 34 38 154 
3 0 118 146 
3 48 62 139 
3 26 47 172 
3 36 42 198 
3 27 80 183 
3 0 186 207 
3 22 57 218 
3 24 120 149 
3 2 67 97 
3 5 138 215 
3 18 114 119 
3 139 152 162 
3 103 104 211 
3 16 159 167 
3 19 51 97 
3 44 81 112 
3 5 23 137 
3 16 41 171 
3 19 79 145 
3 6 140 169 
3 101 136 185 
3 3 4 37 
3 23 197 200 
3 73 84 144 
3 35 84 117 
3 8 91 216 
3 174 192 219 
3 22 129 217 
3 21 108 136 
3 85 126 134 
3 7 76 218 
3 34 210 212 
3 59 110 127 
3 63 79 145 
3 159 201 212 
3 70 96 178 
3 11 73 133 
3 26 119 218 
3 109 132 157 
3 52 68 126 
3 66 167 209 
3 105 119 168 
3 21 177 198 
3 53 75 89 
3 1 150 197 
3 6 181 191 
3 9 17 60 
3 28 108 110 
3 16 59 161 
3 87 96 155 
3 55 96 125 
3 166 181 206 
3 130 188 205 
3 43 56 192 
3 7 146 196 
3 63 106 143 
3 50 124 206 
3 86 93 196 
3 7 176 216 
3 38 53 191 
3 12 24 146 
3 35 173 181 
3 187 202 213 
3 88 168 176 
3 43 44 92 
3 49 87 219 
3 77 140 216 
3 69 85 215 
3 14 83 161 
3 63 105 190 
3 134 165 201 
3 45 168 182 
3 84 111 147 
3 77 153 212 
3 103 156 160 
3 2 143 176 
3 55 69 70 
3 28 34 206 
3 1 109 208 
3 100 122 214 
3 14 99 167 
3 40 162 174 
3 164 169 189 
3 32 94 209 
3 32 120 182 
3 61 89 117 
3 75 158 178 
3 142 151 194 
3 17 48 67 
3 58 98 144 
3 52 67 130 
3 92 134 163 
3 35 132 163 
3 15 128 191 
3 30 177 209 
3 18 175 213 
3 158 199 200 
3 44 105 190 
3 12 20 217 
3 30 57 61 
3 27 104 123 
3 172 185 204 
3 0 99 219 
3 120 150 201 
3 76 153 195 
3 70 149 155 
3 49 59 180 
3 52 174 189 
3 9 113 203 
3 18 47 195 
3 10 72 110 
3 182 195 211 
3 58 112 169 
3 8 56 210 
3 49 90 111 
3 4 172 199 
3 40 48 188 
3 36 143 205 
3 29 150 177 
3 21 31 160 
3 39 86 155 
3 170 183 193 
3 107 175 189 
3 75 95 137 
3 9 43 109 
3 38 53 203 
3 20 74 80 
3 92 204 217 
3 163 202 214 
3 27 125 186 
3 64 123 138 
3 107 154 188 
3 31 184 194 
3 93 124 171 
3 10 19 151 
3 69 125 140 
3 15 94 208 
3 58 180 183 
3 106 116 162 
3 33 54 199 
3 94 139 187 
3 15 68 88 
3 31 101 158 
3 111 112 148 
3 8 102 184 
3 13 90 198 
3 3 71 214 
3 33 60 100 
3 61 83 91 
3 39 102 132 
3 141 207 211 
3 4 37 153 
3 22 121 135 
3 81 179 187 
3 46 101 127 
3 115 142 207 
3 78 83 95 
3 62 114 138 
3 13 55 106 
3 173 197 208 
3 126 157 213 
3 65 71 81 
3 91 104 131 
3 24 141 157 
3 17 152 164 
3 40 121 194 
3 25 149 205 
3 82 160 173 
3 72 136 151 
3 102 127 142 
3 11 89 117 
3 65 79 113 
3 5 46 73 
3 2 141 204 
3 107 152 185 
3 124 129 131 
3 1 74 77 
3 42 64 179 
3 23 62 165 
3 116 135 159 
3 42 116 215 
3 54 90 123 
3 82 148 203 
3 128 145 202 
3 121 147 193 
3 72 137 186 
3 71 76 97 
3 25 170 175 
3 98 156 179 
3 60 103 114 
3 13 51 133 
3 32 131 170 
3 51 54 93 
3 82 115 180 
3 99 148 166 
3 29 87 200 
3 45 78 86 
3 47 118 147 
3 26 50 57 
3 46 85 122 
