230 345
3 40 167 199 
3 24 175 222 
3 19 43 154 
3 8 93 126 
3 41 59 228 
3 120 146 172 
3 28 129 213 
3 12 149 207 
3 3 71 183 
3 75 115 219 
3 16 111 196 
3 123 141 158 
3 7 118 140 
3 45 59 105 
3 151 200 212 
3 32 57 98 
3 10 76 143 
3 18 67 156 
3 17 164 170 
3 2 122 146 
3 22 128 151 
3 85 141 229 
3 20 40 188 
3 153 198 208 
3 1 113 185 
3 205 218 221 
3 27 65 139 
3 26 70 189 
3 6 130 160 
3 33 38 206 
3 37 119 193 
3 150 173 183 
3 15 40 195 
3 29 108 198 
3 88 161 220 
3 165 190 193 
3 63 173 184 
3 30 92 127 
3 29 99 166 
3 68 108 158 
3 0 22 32 
3 4 212 216 
3 53 72 97 
3 2 84 210 
3 69 82 174 
3 13 144 190 
3 128 133 180 
3 115 137 142 
3 85 205 209 
3 62 78 155 
3 74 163 218 
3 134 148 169 
3 96 113 213 
3 42 193 197 
3 100 162 168 
3 96 160 192 
3 61 63 117 
3 15 126 211 
3 149 184 186 
3 4 13 94 
3 134 145 148 
3 56 78 201 
3 49 170 227 
3 36 56 143 
3 70 142 228 
3 26 179 206 
3 124 142 226 
3 17 131 227 
3 39 79 91 
3 44 102 179 
3 27 64 133 
3 8 144 184 
3 42 125 162 
3 131 192 203 
3 50 103 187 
3 9 92 153 
3 16 159 202 
3 83 91 101 
3 49 61 162 
3 68 114 174 
3 175 200 210 
3 83 124 186 
3 44 108 118 
3 77 81 140 
3 43 112 189 
3 21 48 153 
3 105 115 204 
3 122 141 204 
3 34 159 165 
3 104 158 210 
3 98 161 225 
3 68 77 172 
3 37 75 106 
3 3 96 182 
3 59 120 147 
3 123 207 208 
3 52 55 93 
3 42 136 229 
3 15 90 131 
3 38 182 224 
3 54 112 124 
3 77 201 225 
3 69 145 161 
3 74 174 180 
3 89 148 217 
3 13 86 217 
3 92 211 218 
3 180 185 216 
3 33 39 82 
3 181 215 226 
3 128 177 202 
3 10 146 186 
3 84 100 229 
3 24 52 125 
3 79 178 191 
3 9 47 86 
3 137 171 224 
3 56 157 228 
3 12 82 134 
3 30 168 223 
3 5 94 130 
3 123 136 187 
3 19 87 217 
3 11 95 121 
3 66 81 100 
3 72 113 192 
3 3 57 138 
3 37 138 147 
3 20 46 110 
3 6 135 155 
3 28 120 181 
3 67 73 98 
3 152 165 223 
3 46 70 197 
3 51 60 118 
3 129 151 199 
3 97 121 214 
3 47 116 195 
3 126 127 149 
3 26 188 209 
3 12 83 179 
3 11 21 87 
3 47 64 66 
3 16 63 185 
3 45 71 182 
3 60 102 189 
3 5 19 111 
3 94 127 181 
3 51 60 104 
3 7 58 138 
3 31 160 205 
3 14 20 135 
3 132 194 216 
3 23 75 85 
3 2 196 206 
3 49 129 226 
3 17 211 224 
3 117 194 214 
3 11 39 89 
3 76 88 176 
3 28 55 150 
3 34 90 102 
3 54 72 78 
3 50 198 204 
3 18 197 203 
3 35 88 132 
3 38 175 201 
3 0 196 212 
3 54 119 223 
3 51 191 209 
3 18 62 171 
3 116 170 190 
3 5 91 187 
3 31 36 219 
3 44 79 103 
3 1 80 166 
3 159 177 221 
3 110 176 188 
3 114 195 220 
3 65 69 140 
3 46 103 107 
3 109 130 147 
3 93 99 144 
3 8 31 202 
3 36 58 71 
3 24 107 143 
3 58 81 111 
3 74 121 172 
3 22 139 177 
3 27 84 145 
3 35 45 171 
3 114 169 225 
3 55 73 125 
3 30 35 53 
3 152 157 214 
3 32 137 178 
3 10 154 167 
3 53 133 164 
3 23 33 163 
3 0 135 203 
3 14 80 220 
3 61 101 166 
3 76 110 183 
3 73 164 199 
3 86 87 163 
3 25 48 150 
3 29 65 154 
3 7 95 215 
3 23 95 219 
3 48 139 169 
3 43 80 89 
3 57 106 156 
3 14 41 167 
3 6 52 221 
3 136 157 194 
3 109 207 222 
3 41 107 152 
3 104 105 122 
3 25 50 106 
3 9 173 208 
3 34 178 200 
3 25 176 213 
3 1 215 227 
3 119 132 168 
3 99 116 156 
3 90 101 191 
3 66 109 155 
3 62 67 222 
3 4 64 117 
3 21 97 112 
230 345
3 67 83 223 
3 49 117 179 
3 107 113 154 
3 100 179 190 
3 38 159 227 
3 33 73 175 
3 57 80 134 
3 41 80 153 
3 124 171 173 
3 128 152 185 
3 13 54 136 
3 17 178 221 
3 95 167 193 
3 10 61 134 
3 18 81 98 
3 52 59 130 
3 136 184 219 
3 11 135 155 
3 14 72 213 
3 37 61 229 
3 36 43 182 
3 69 86 197 
3 24 148 228 
3 32 91 212 
3 22 124 144 
3 51 123 186 
3 55 158 215 
3 154 160 182 
3 150 180 207 
3 160 170 174 
3 64 204 223 
3 51 126 129 
3 23 66 147 
3 5 142 194 
3 53 185 192 
3 47 221 228 
3 20 155 203 
3 19 90 172 
3 4 166 220 
3 111 167 220 
3 77 116 134 
3 7 55 222 
3 102 110 158 
3 20 93 137 
3 109 225 229 
3 173 183 217 
3 78 125 141 
3 35 127 143 
3 49 183 227 
3 1 48 57 
3 110 130 181 
3 25 31 98 
3 15 127 167 
3 34 70 79 
3 10 66 131 
3 26 41 200 
3 62 83 180 
3 6 49 80 
3 88 149 212 
3 15 94 201 
3 95 97 198 
3 13 19 196 
3 56 151 204 
3 118 155 192 
3 30 140 216 
3 103 162 226 
3 32 54 205 
3 0 112 221 
3 121 152 210 
3 21 71 92 
3 53 105 125 
3 69 112 222 
3 18 139 208 
3 5 112 213 
3 203 208 220 
3 92 143 171 
3 114 128 178 
3 40 140 174 
3 46 157 199 
3 53 173 202 
3 6 7 57 
3 14 177 217 
3 166 187 200 
3 0 56 102 
3 88 136 195 
3 111 130 135 
3 21 165 201 
3 91 170 175 
3 58 84 103 
3 171 214 226 
3 37 96 166 
3 23 87 172 
3 69 75 159 
3 43 172 207 
3 59 119 176 
3 12 60 196 
3 90 133 186 
3 60 106 148 
3 14 51 107 
3 183 209 219 
3 3 206 218 
3 139 159 176 
3 42 83 113 
3 65 88 193 
3 146 181 208 
3 70 107 225 
3 97 146 153 
3 2 98 105 
3 137 149 165 
3 44 197 224 
3 42 50 163 
3 39 85 206 
3 67 71 73 
3 2 102 209 
3 76 132 181 
3 187 211 219 
3 40 127 188 
3 1 123 129 
3 63 137 184 
3 94 179 202 
3 145 192 214 
3 68 193 196 
3 138 143 217 
3 25 117 185 
3 8 24 187 
3 46 70 168 
3 31 149 200 
3 47 52 116 
3 9 76 204 
3 31 117 222 
3 15 50 85 
3 54 141 184 
3 114 198 215 
3 96 142 198 
3 6 13 40 
3 17 85 177 
3 10 16 84 
3 43 108 118 
3 122 194 229 
3 72 101 157 
3 64 77 156 
3 46 131 150 
3 33 133 199 
3 47 75 122 
3 24 145 175 
3 120 144 188 
3 104 106 147 
3 32 146 205 
3 22 97 174 
3 58 108 126 
3 28 141 206 
3 62 169 188 
3 9 68 216 
3 7 106 186 
3 2 27 162 
3 17 36 63 
3 140 177 213 
3 78 139 202 
3 26 42 203 
3 4 92 101 
3 27 29 223 
3 168 195 210 
3 65 154 164 
3 110 165 182 
3 162 169 224 
3 86 108 163 
3 38 82 90 
3 12 39 52 
3 125 161 176 
3 151 164 211 
3 29 87 191 
3 8 75 89 
3 37 91 93 
3 8 45 79 
3 29 77 148 
3 5 87 144 
3 94 101 168 
3 81 135 156 
3 11 76 191 
3 1 3 119 
3 28 56 224 
3 50 104 114 
3 20 27 163 
3 45 48 99 
3 16 118 131 
3 9 34 123 
3 25 96 153 
3 82 115 124 
3 116 145 151 
3 214 227 228 
3 3 195 207 
3 170 178 225 
3 34 63 120 
3 12 103 121 
3 33 138 218 
3 84 161 190 
3 61 95 121 
3 21 109 209 
3 60 132 133 
3 78 142 211 
3 55 82 126 
3 59 86 212 
3 79 119 157 
3 36 74 158 
3 30 62 128 
3 66 147 215 
3 100 111 150 
3 28 93 190 
3 72 74 104 
3 99 113 197 
3 68 161 218 
3 115 169 199 
3 23 58 201 
3 18 73 156 
3 89 120 189 
3 26 132 205 
3 64 152 226 
3 45 81 122 
3 100 194 210 
3 16 99 115 
3 38 39 74 
3 11 35 67 
3 41 71 129 
3 0 30 160 
3 109 164 180 
3 44 105 191 
3 65 89 216 
3 4 48 189 
3 22 35 189 
3 19 44 138 
