250 375
3 24 60 200 
3 45 53 57 
3 5 59 184 
3 9 17 99 
3 42 118 143 
3 2 192 211 
3 29 89 140 
3 18 33 63 
3 22 195 208 
3 3 122 137 
3 87 168 205 
3 174 188 230 
3 25 69 185 
3 85 134 183 
3 17 114 219 
3 30 98 150 
3 54 128 249 
3 3 14 67 
3 7 150 152 
3 30 80 175 
3 70 131 233 
3 64 80 166 
3 8 27 125 
3 37 141 247 
3 0 49 163 
3 12 74 191 
3 90 142 186 
3 22 170 183 
3 47 156 187 
3 6 33 52 
3 15 19 94 
3 161 195 228 
3 79 177 228 
3 7 29 231 
3 71 198 209 
3 96 228 249 
3 55 74 144 
3 23 180 197 
3 42 119 163 
3 109 155 222 
3 100 177 181 
3 133 175 188 
3 4 38 164 
3 138 194 221 
3 148 205 245 
3 1 68 189 
3 47 215 230 
3 28 46 203 
3 129 215 225 
3 24 120 227 
3 75 108 195 
3 113 130 184 
3 29 73 159 
3 1 111 234 
3 16 99 245 
3 36 165 213 
3 112 146 209 
3 1 62 203 
3 102 144 232 
3 2 153 226 
3 0 95 160 
3 77 187 240 
3 57 63 162 
3 7 62 97 
3 21 224 244 
3 66 212 247 
3 65 221 226 
3 17 153 200 
3 45 171 242 
3 12 124 226 
3 20 73 77 
3 34 167 217 
3 98 104 137 
3 52 70 167 
3 25 36 239 
3 50 159 207 
3 102 139 237 
3 61 70 132 
3 145 224 249 
3 32 82 242 
3 19 21 168 
3 124 130 152 
3 79 89 236 
3 138 174 246 
3 96 102 105 
3 13 122 178 
3 128 198 206 
3 10 237 245 
3 182 217 222 
3 6 82 132 
3 26 106 135 
3 155 200 248 
3 160 189 234 
3 126 165 208 
3 30 227 246 
3 60 169 214 
3 35 84 187 
3 63 164 246 
3 15 72 141 
3 3 54 142 
3 40 126 139 
3 107 119 124 
3 58 76 84 
3 113 176 204 
3 72 172 237 
3 84 158 227 
3 90 162 218 
3 101 147 193 
3 50 127 190 
3 39 118 167 
3 147 152 177 
3 53 189 215 
3 56 117 161 
3 51 103 146 
3 14 149 196 
3 191 229 230 
3 131 206 225 
3 112 136 143 
3 4 109 199 
3 38 101 214 
3 49 163 207 
3 137 140 222 
3 9 85 191 
3 156 212 243 
3 69 81 101 
3 22 213 217 
3 93 100 206 
3 108 134 205 
3 16 86 148 
3 48 194 244 
3 51 81 224 
3 20 116 161 
3 77 89 192 
3 41 183 235 
3 13 127 178 
3 90 146 238 
3 117 198 234 
3 9 72 121 
3 43 83 202 
3 76 100 199 
3 6 121 242 
3 23 98 196 
3 26 99 231 
3 4 117 211 
3 36 58 197 
3 78 193 244 
3 56 113 135 
3 107 110 190 
3 44 128 154 
3 114 164 210 
3 15 18 241 
3 207 225 229 
3 18 81 110 
3 59 67 240 
3 148 201 233 
3 39 91 218 
3 28 123 169 
3 201 209 247 
3 105 220 235 
3 52 75 173 
3 60 92 202 
3 31 112 131 
3 62 106 184 
3 24 38 120 
3 42 97 149 
3 55 93 182 
3 21 178 188 
3 71 73 109 
3 10 80 170 
3 95 156 243 
3 27 168 243 
3 68 172 192 
3 104 171 179 
3 159 202 241 
3 11 83 204 
3 19 41 248 
3 103 199 232 
3 32 40 110 
3 85 134 166 
3 172 181 216 
3 37 236 240 
3 40 179 213 
3 88 165 186 
3 13 27 133 
3 2 51 162 
3 12 193 231 
3 26 182 239 
3 28 61 96 
3 11 41 166 
3 45 92 111 
3 108 147 194 
3 25 115 122 
3 5 132 171 
3 107 145 185 
3 43 129 190 
3 8 31 50 
3 114 141 223 
3 37 144 221 
3 34 86 136 
3 118 139 176 
3 0 67 91 
3 154 157 232 
3 138 160 173 
3 47 57 238 
3 103 174 219 
3 10 44 127 
3 86 116 126 
3 75 120 151 
3 8 93 248 
3 34 56 157 
3 149 216 219 
3 5 143 235 
3 65 123 241 
3 55 125 181 
3 95 119 218 
3 46 48 111 
3 179 210 220 
3 71 88 125 
3 106 155 214 
3 14 204 210 
3 158 216 229 
3 43 66 197 
3 39 88 121 
3 196 238 239 
3 64 78 130 
3 48 116 151 
3 59 66 69 
3 49 94 105 
3 31 32 35 
3 115 151 220 
3 11 46 115 
3 33 142 185 
3 58 176 201 
3 20 154 236 
3 53 92 136 
3 133 158 211 
3 82 180 233 
3 76 87 104 
3 135 203 223 
3 74 186 223 
3 61 153 180 
3 150 173 212 
3 68 79 140 
3 123 169 170 
3 64 129 145 
3 44 54 87 
3 83 94 97 
3 23 65 157 
3 91 175 208 
3 16 35 78 
250 375
3 29 91 128 
3 138 230 236 
3 47 109 189 
3 150 173 196 
3 101 141 240 
3 59 147 176 
3 110 139 169 
3 145 205 223 
3 30 147 211 
3 140 145 205 
3 83 106 224 
3 42 55 98 
3 117 234 249 
3 90 217 241 
3 40 47 60 
3 89 108 152 
3 91 213 230 
3 48 94 219 
3 96 128 129 
3 31 160 232 
3 49 160 189 
3 30 54 210 
3 110 195 243 
3 30 58 226 
3 115 131 226 
3 44 59 125 
3 101 165 225 
3 61 65 99 
3 185 232 248 
3 0 34 95 
3 8 21 23 
3 19 102 142 
3 183 188 241 
3 42 215 235 
3 29 84 142 
3 39 77 162 
3 67 96 185 
3 43 207 245 
3 59 130 225 
3 35 120 190 
3 14 105 159 
3 62 73 155 
3 11 33 74 
3 37 53 61 
3 25 114 136 
3 51 159 235 
3 68 176 222 
3 2 14 218 
3 17 179 210 
3 20 76 108 
3 134 156 186 
3 45 190 247 
3 157 193 239 
3 43 141 180 
3 21 123 139 
3 11 64 155 
3 79 112 184 
3 111 184 217 
3 23 126 212 
3 5 25 38 
3 14 179 182 
3 27 43 187 
3 41 72 124 
3 86 221 233 
3 55 169 177 
3 27 142 207 
3 90 181 216 
3 36 107 240 
3 46 163 172 
3 71 154 225 
3 133 166 224 
3 69 164 237 
3 62 103 201 
3 41 99 198 
3 42 136 152 
3 105 212 230 
3 49 125 168 
3 35 84 241 
3 130 159 164 
3 56 97 124 
3 93 106 192 
3 149 177 237 
3 122 206 214 
3 10 180 246 
3 34 77 193 
3 94 192 211 
3 63 197 248 
3 122 131 170 
3 171 202 231 
3 15 191 198 
3 13 66 244 
3 0 16 172 
3 120 141 149 
3 80 148 174 
3 17 85 204 
3 29 208 236 
3 18 36 98 
3 79 233 247 
3 11 96 102 
3 27 73 119 
3 119 185 238 
3 4 26 246 
3 31 98 206 
3 72 137 206 
3 121 172 211 
3 40 75 212 
3 10 80 238 
3 67 137 221 
3 15 49 113 
3 2 204 231 
3 6 22 115 
3 57 197 209 
3 56 177 202 
3 108 208 235 
3 44 157 208 
3 24 110 222 
3 128 144 174 
3 12 233 244 
3 127 220 227 
3 99 100 209 
3 39 92 135 
3 104 213 249 
3 82 87 167 
3 54 209 231 
3 62 79 143 
3 25 76 214 
3 58 144 167 
3 118 155 188 
3 0 18 116 
3 18 216 242 
3 38 78 132 
3 24 87 199 
3 130 133 174 
3 70 132 171 
3 50 161 221 
3 120 165 203 
3 44 74 163 
3 103 107 165 
3 1 215 232 
3 6 54 245 
3 9 170 184 
3 4 53 92 
3 31 34 65 
3 124 150 153 
3 116 126 167 
3 7 9 151 
3 158 218 229 
3 5 8 190 
3 93 188 220 
3 81 92 175 
3 3 143 228 
3 145 157 173 
3 15 74 173 
3 143 197 202 
3 69 195 247 
3 41 55 127 
3 50 242 243 
3 52 114 151 
3 146 203 215 
3 40 45 78 
3 19 20 213 
3 134 181 236 
3 35 194 220 
3 68 136 205 
3 71 78 182 
3 26 135 137 
3 70 186 229 
3 122 126 144 
3 76 195 248 
3 6 64 178 
3 87 140 171 
3 88 133 170 
3 68 91 104 
3 3 151 152 
3 93 116 132 
3 149 223 249 
3 5 46 238 
3 64 81 112 
3 169 187 246 
3 48 60 207 
3 53 83 234 
3 66 161 214 
3 60 164 186 
3 32 204 219 
3 56 57 140 
3 28 36 100 
3 50 166 182 
3 61 178 196 
3 32 127 148 
3 2 20 203 
3 39 51 147 
3 89 200 227 
3 80 85 240 
3 52 84 200 
3 162 199 237 
3 22 154 168 
3 3 187 200 
3 86 111 153 
3 73 89 229 
3 131 194 227 
3 191 193 196 
3 72 228 245 
3 88 112 153 
3 135 158 189 
3 94 109 183 
3 7 9 163 
3 82 102 103 
3 37 65 179 
3 95 113 114 
3 111 119 123 
3 21 48 223 
3 8 85 104 
3 58 75 105 
3 16 121 160 
3 82 125 181 
3 33 138 158 
3 66 129 224 
3 13 57 222 
3 47 146 243 
3 17 183 242 
3 118 148 162 
3 63 107 134 
3 46 115 217 
3 7 175 210 
3 10 70 216 
3 26 38 69 
3 23 24 239 
3 118 191 199 
3 150 201 244 
3 146 166 198 
3 1 16 75 
3 88 109 123 
3 19 28 138 
3 63 97 117 
3 12 180 239 
3 33 45 113 
3 1 95 161 
3 71 81 194 
3 100 106 176 
3 52 226 234 
3 4 67 192 
3 13 32 77 
3 129 156 219 
3 22 156 218 
3 90 117 228 
3 37 139 201 
3 83 101 178 
3 51 97 154 
3 28 86 168 
3 12 121 175 
