270 405
3 58 61 85 
3 27 86 178 
3 16 164 186 
3 200 212 224 
3 102 122 134 
3 22 31 160 
3 64 173 179 
3 94 121 175 
3 112 219 244 
3 38 180 199 
3 110 229 269 
3 153 218 229 
3 80 118 151 
3 32 110 148 
3 118 127 206 
3 76 198 228 
3 2 78 188 
3 37 63 176 
3 66 144 214 
3 27 37 91 
3 54 129 179 
3 98 125 255 
3 5 99 132 
3 28 53 233 
3 107 157 165 
3 205 207 248 
3 140 243 256 
3 1 19 227 
3 23 108 258 
3 88 96 136 
3 59 64 247 
3 5 49 98 
3 13 97 181 
3 62 152 162 
3 112 190 210 
3 116 167 249 
3 151 216 236 
3 17 19 103 
3 9 115 149 
3 122 226 227 
3 198 212 264 
3 58 231 264 
3 60 80 156 
3 90 184 257 
3 139 192 195 
3 135 220 246 
3 69 213 253 
3 84 185 268 
3 71 89 269 
3 31 53 257 
3 183 199 235 
3 53 113 244 
3 65 141 191 
3 23 49 51 
3 20 221 240 
3 101 109 136 
3 72 96 123 
3 61 155 191 
3 0 41 165 
3 30 82 131 
3 42 179 241 
3 0 57 155 
3 33 67 91 
3 17 211 226 
3 6 30 137 
3 52 73 140 
3 18 107 159 
3 62 104 133 
3 217 258 265 
3 46 99 235 
3 81 98 138 
3 48 78 126 
3 56 103 157 
3 65 92 147 
3 86 99 194 
3 193 220 252 
3 15 145 224 
3 123 168 211 
3 16 71 79 
3 78 228 237 
3 12 42 230 
3 70 135 245 
3 59 114 262 
3 124 186 232 
3 47 118 143 
3 0 109 124 
3 1 74 119 
3 111 144 157 
3 29 116 223 
3 48 101 217 
3 43 124 265 
3 19 62 154 
3 73 201 234 
3 175 227 254 
3 7 142 269 
3 102 106 114 
3 29 56 203 
3 32 213 267 
3 21 31 70 
3 22 69 74 
3 170 240 252 
3 55 89 156 
3 4 95 192 
3 37 72 163 
3 67 133 259 
3 145 166 261 
3 95 160 194 
3 24 66 261 
3 28 167 246 
3 55 85 259 
3 10 13 213 
3 87 121 237 
3 8 34 206 
3 51 171 239 
3 82 95 175 
3 38 174 186 
3 35 88 251 
3 161 197 252 
3 12 14 84 
3 86 141 144 
3 142 181 268 
3 7 111 244 
3 4 39 208 
3 56 77 149 
3 83 85 90 
3 21 161 188 
3 71 129 191 
3 14 198 203 
3 181 205 241 
3 20 126 131 
3 209 217 256 
3 59 129 166 
3 22 226 263 
3 67 104 158 
3 4 152 247 
3 45 81 248 
3 29 55 231 
3 64 171 219 
3 70 177 221 
3 44 210 266 
3 26 65 150 
3 52 119 170 
3 94 120 173 
3 84 259 260 
3 18 87 119 
3 76 105 250 
3 165 195 202 
3 73 243 257 
3 13 230 250 
3 38 123 189 
3 140 156 267 
3 12 36 167 
3 33 134 230 
3 11 225 228 
3 91 223 242 
3 57 61 207 
3 42 101 150 
3 24 72 87 
3 133 196 264 
3 66 174 185 
3 5 106 240 
3 117 125 262 
3 33 200 260 
3 103 183 238 
3 2 229 262 
3 24 58 146 
3 105 131 182 
3 35 108 151 
3 77 184 215 
3 242 255 263 
3 100 141 246 
3 113 137 204 
3 218 237 261 
3 6 142 241 
3 115 159 202 
3 7 93 114 
3 17 222 245 
3 138 196 216 
3 1 180 204 
3 6 20 60 
3 9 178 187 
3 32 120 128 
3 166 184 265 
3 50 163 266 
3 43 168 182 
3 47 159 200 
3 2 83 115 
3 180 231 253 
3 16 125 220 
3 149 225 247 
3 34 233 251 
3 52 57 126 
3 44 102 214 
3 75 195 256 
3 74 106 248 
3 44 146 193 
3 158 177 216 
3 117 219 263 
3 15 40 127 
3 9 50 249 
3 3 162 185 
3 92 205 249 
3 146 174 214 
3 96 127 211 
3 171 178 236 
3 25 128 201 
3 14 112 243 
3 25 155 225 
3 122 215 238 
3 130 222 234 
3 34 139 239 
3 63 77 203 
3 3 40 232 
3 46 97 110 
3 18 192 202 
3 168 208 254 
3 36 177 196 
3 68 89 130 
3 11 172 245 
3 8 137 197 
3 45 75 188 
3 54 138 258 
3 176 209 267 
3 88 154 235 
3 3 76 236 
3 153 189 207 
3 39 63 132 
3 27 39 93 
3 15 79 153 
3 10 11 164 
3 80 148 152 
3 41 136 187 
3 83 212 234 
3 23 190 242 
3 92 209 232 
3 50 69 223 
3 36 204 224 
3 79 111 172 
3 163 208 251 
3 113 210 250 
3 54 100 160 
3 60 128 173 
3 154 169 233 
3 26 147 206 
3 8 51 121 
3 81 176 218 
3 45 108 170 
3 30 134 189 
3 25 135 194 
3 35 199 201 
3 145 148 239 
3 116 190 238 
3 75 100 117 
3 46 187 260 
3 93 215 266 
3 21 169 268 
3 26 130 193 
3 43 49 147 
3 28 68 221 
3 104 109 143 
3 143 162 253 
3 105 107 172 
3 82 161 164 
3 132 169 197 
3 40 41 158 
3 68 90 182 
3 139 183 254 
3 97 150 222 
3 47 120 255 
3 10 48 94 
270 405
3 22 131 255 
3 75 125 233 
3 23 66 178 
3 39 43 267 
3 80 81 141 
3 44 52 228 
3 14 97 232 
3 94 112 229 
3 45 93 168 
3 94 213 235 
3 145 186 235 
3 96 126 207 
3 62 98 171 
3 53 58 135 
3 6 61 80 
3 32 87 163 
3 87 149 153 
3 132 197 216 
3 24 97 219 
3 101 203 216 
3 72 123 257 
3 51 59 121 
3 0 153 169 
3 2 54 110 
3 18 26 140 
3 170 262 266 
3 24 258 267 
3 63 214 251 
3 46 52 246 
3 179 190 196 
3 172 231 243 
3 69 253 261 
3 15 119 230 
3 39 208 215 
3 69 133 237 
3 36 43 99 
3 35 191 211 
3 162 206 269 
3 54 85 120 
3 3 33 186 
3 88 129 155 
3 83 259 261 
3 146 219 225 
3 3 35 127 
3 5 132 145 
3 8 134 197 
3 28 124 159 
3 152 232 236 
3 115 163 244 
3 50 57 85 
3 49 81 245 
3 21 155 248 
3 5 28 201 
3 13 97 133 
3 23 38 224 
3 138 167 169 
3 94 141 228 
3 49 136 181 
3 13 187 193 
3 21 88 189 
3 179 182 238 
3 14 194 221 
3 12 199 266 
3 27 79 131 
3 103 221 243 
3 73 77 143 
3 2 147 149 
3 99 107 226 
3 77 117 148 
3 31 34 219 
3 166 195 214 
3 95 154 228 
3 20 87 130 
3 65 211 245 
3 93 186 212 
3 1 147 251 
3 158 178 183 
3 65 68 127 
3 133 157 197 
3 63 188 212 
3 4 14 104 
3 4 50 105 
3 144 183 187 
3 41 102 159 
3 98 175 242 
3 38 49 199 
3 89 152 240 
3 15 16 72 
3 40 59 230 
3 86 171 180 
3 98 148 153 
3 212 227 230 
3 110 194 223 
3 8 74 172 
3 7 9 56 
3 71 134 240 
3 11 176 260 
3 6 18 53 
3 12 84 90 
3 35 67 202 
3 124 155 263 
3 19 140 237 
3 83 242 257 
3 64 179 182 
3 80 213 239 
3 81 144 151 
3 117 193 254 
3 67 202 206 
3 125 191 269 
3 164 176 256 
3 23 92 241 
3 134 135 261 
3 7 142 252 
3 128 172 222 
3 122 167 185 
3 48 209 262 
3 184 236 263 
3 68 106 264 
3 131 204 258 
3 32 151 239 
3 38 194 244 
3 21 169 184 
3 114 250 268 
3 20 151 200 
3 46 100 174 
3 1 108 193 
3 11 161 205 
3 43 77 166 
3 113 177 238 
3 40 157 250 
3 72 159 215 
3 0 63 118 
3 17 44 233 
3 34 53 78 
3 45 95 111 
3 13 111 174 
3 57 198 227 
3 205 253 268 
3 55 218 244 
3 184 247 256 
3 24 101 164 
3 4 56 209 
3 112 189 240 
3 65 163 207 
3 82 105 255 
3 10 44 254 
3 42 178 189 
3 66 75 215 
3 68 90 154 
3 16 66 216 
3 177 217 241 
3 105 119 123 
3 47 86 196 
3 16 22 90 
3 71 148 267 
3 40 51 100 
3 174 198 256 
3 78 129 259 
3 76 192 208 
3 46 83 130 
3 185 223 265 
3 126 182 247 
3 37 173 259 
3 15 48 143 
3 109 140 237 
3 195 246 249 
3 70 127 264 
3 55 114 168 
3 8 167 190 
3 22 55 121 
3 25 201 232 
3 12 89 225 
3 30 93 113 
3 162 206 223 
3 124 135 156 
3 84 191 199 
3 96 109 205 
3 128 150 246 
3 2 76 146 
3 29 60 103 
3 89 239 242 
3 57 200 252 
3 60 103 161 
3 76 82 245 
3 116 121 139 
3 114 160 210 
3 10 39 74 
3 58 82 233 
3 79 249 263 
3 59 142 146 
3 29 168 258 
3 36 108 175 
3 158 210 218 
3 58 106 125 
3 61 92 120 
3 70 165 224 
3 29 152 250 
3 17 45 78 
3 136 156 265 
3 62 85 175 
3 123 181 220 
3 52 170 222 
3 99 107 229 
3 19 226 262 
3 118 208 236 
3 126 137 176 
3 37 107 173 
3 11 143 217 
3 33 158 204 
3 115 141 210 
3 185 192 209 
3 36 73 224 
3 74 79 91 
3 9 104 251 
3 27 70 249 
3 33 130 147 
3 17 19 149 
3 150 207 234 
3 138 192 268 
3 18 42 69 
3 200 234 252 
3 61 64 231 
3 113 201 238 
3 92 160 173 
3 54 195 211 
3 42 171 227 
3 67 203 247 
3 91 136 225 
3 5 56 71 
3 7 202 264 
3 32 88 91 
3 30 221 235 
3 6 47 170 
3 1 132 187 
3 217 220 243 
3 9 10 231 
3 47 116 204 
3 34 101 164 
3 60 128 222 
3 104 119 180 
3 86 95 142 
3 110 150 254 
3 84 102 180 
3 30 64 234 
3 48 120 138 
3 50 73 183 
3 28 165 177 
3 139 161 226 
3 51 260 265 
3 165 188 214 
3 122 129 196 
3 27 75 213 
3 112 181 220 
3 31 137 257 
3 106 145 241 
3 0 144 269 
3 109 139 156 
3 20 102 253 
3 26 118 190 
3 41 157 162 
3 96 248 266 
3 31 41 111 
3 25 115 203 
3 100 116 188 
3 117 166 229 
3 160 198 248 
3 25 62 260 
3 3 26 154 
3 122 137 218 
3 37 108 255 
