280 420
3 109 221 236 
3 79 96 108 
3 87 128 169 
3 55 117 145 
3 63 268 270 
3 75 89 167 
3 56 218 240 
3 83 113 169 
3 78 199 219 
3 84 143 264 
3 64 90 155 
3 31 116 142 
3 152 206 241 
3 15 34 204 
3 119 147 217 
3 13 66 149 
3 39 138 144 
3 49 93 279 
3 30 92 223 
3 101 222 226 
3 185 225 258 
3 60 169 244 
3 106 246 275 
3 109 213 248 
3 47 95 129 
3 90 104 136 
3 45 123 264 
3 44 161 206 
3 110 166 171 
3 71 131 164 
3 18 124 265 
3 11 178 273 
3 74 88 113 
3 72 87 197 
3 13 45 245 
3 107 235 242 
3 141 225 277 
3 52 108 274 
3 70 204 259 
3 16 221 267 
3 148 243 257 
3 60 255 277 
3 205 265 269 
3 85 137 259 
3 27 76 271 
3 26 34 202 
3 193 222 262 
3 24 230 265 
3 110 240 256 
3 17 194 257 
3 139 154 160 
3 121 157 176 
3 37 158 271 
3 140 180 183 
3 174 251 279 
3 3 68 186 
3 6 203 217 
3 119 123 246 
3 137 211 276 
3 163 165 192 
3 21 41 250 
3 97 167 173 
3 145 151 245 
3 4 73 272 
3 10 151 220 
3 100 238 251 
3 15 165 204 
3 86 208 211 
3 55 191 255 
3 81 177 219 
3 38 79 178 
3 29 220 246 
3 33 151 272 
3 63 130 267 
3 32 98 105 
3 5 77 124 
3 44 239 274 
3 75 154 187 
3 8 95 261 
3 1 70 238 
3 86 129 268 
3 69 143 170 
3 103 171 254 
3 7 150 250 
3 9 141 194 
3 43 109 228 
3 67 80 179 
3 2 33 185 
3 32 168 214 
3 5 188 263 
3 10 25 201 
3 212 227 236 
3 18 196 216 
3 17 229 261 
3 170 202 230 
3 24 78 262 
3 1 114 126 
3 61 139 211 
3 74 125 156 
3 127 136 139 
3 65 140 190 
3 19 154 266 
3 218 225 249 
3 82 231 233 
3 25 143 158 
3 74 161 172 
3 22 166 187 
3 35 133 144 
3 1 37 242 
3 0 23 85 
3 28 48 130 
3 117 128 276 
3 117 145 155 
3 7 32 231 
3 96 128 228 
3 177 181 209 
3 11 232 248 
3 3 111 112 
3 142 157 226 
3 14 57 235 
3 186 233 268 
3 51 195 254 
3 134 212 263 
3 26 57 134 
3 30 75 192 
3 98 138 232 
3 96 160 241 
3 99 133 249 
3 2 111 114 
3 24 80 161 
3 73 110 231 
3 29 189 198 
3 142 257 260 
3 107 127 168 
3 122 123 228 
3 149 153 163 
3 25 99 239 
3 43 58 215 
3 16 125 164 
3 50 97 99 
3 53 100 259 
3 36 84 227 
3 11 118 132 
3 9 81 104 
3 16 107 267 
3 3 62 112 
3 205 230 247 
3 14 162 273 
3 40 167 209 
3 15 135 275 
3 83 198 215 
3 62 64 72 
3 12 223 269 
3 135 200 214 
3 50 77 101 
3 10 112 261 
3 98 207 278 
3 51 118 193 
3 52 104 252 
3 206 247 269 
3 50 126 253 
3 27 105 129 
3 147 179 252 
3 59 135 186 
3 29 138 207 
3 59 66 224 
3 28 106 216 
3 5 61 148 
3 88 133 189 
3 2 7 21 
3 81 94 226 
3 28 82 278 
3 105 215 218 
3 61 175 195 
3 54 197 229 
3 173 200 262 
3 51 188 234 
3 69 115 276 
3 31 70 212 
3 86 162 266 
3 53 181 219 
3 115 180 277 
3 210 264 266 
3 53 201 253 
3 190 237 254 
3 20 87 194 
3 55 120 163 
3 77 106 227 
3 89 176 275 
3 131 168 196 
3 100 184 260 
3 68 253 256 
3 59 124 216 
3 46 157 258 
3 49 84 185 
3 121 173 223 
3 92 189 202 
3 33 174 263 
3 131 150 210 
3 8 220 242 
3 153 175 255 
3 90 183 237 
3 45 94 196 
3 56 214 224 
3 13 38 66 
3 42 146 244 
3 12 27 159 
3 156 164 251 
3 67 248 278 
3 115 148 224 
3 182 198 256 
3 58 67 97 
3 91 122 178 
3 23 234 279 
3 88 153 203 
3 137 150 172 
3 92 166 192 
3 14 56 272 
3 6 102 172 
3 8 69 180 
3 64 71 199 
3 0 39 258 
3 19 46 274 
3 18 152 195 
3 165 203 209 
3 20 36 102 
3 19 118 170 
3 91 141 187 
3 85 114 134 
3 93 174 260 
3 47 94 146 
3 103 113 130 
3 116 125 249 
3 103 120 243 
3 176 213 235 
3 35 119 234 
3 0 91 252 
3 184 201 239 
3 65 79 250 
3 76 136 237 
3 6 48 244 
3 12 126 245 
3 35 108 199 
3 40 233 270 
3 21 205 240 
3 34 62 241 
3 22 57 71 
3 146 159 270 
3 23 116 208 
3 102 127 232 
3 60 83 238 
3 54 65 207 
3 158 162 236 
3 160 183 191 
3 82 121 184 
3 41 68 200 
3 48 191 210 
3 40 49 132 
3 20 193 221 
3 38 43 140 
3 132 190 229 
3 78 93 155 
3 46 95 175 
3 89 122 197 
3 9 26 182 
3 30 42 47 
3 101 179 182 
3 39 73 144 
3 4 80 120 
3 42 152 159 
3 4 243 247 
3 44 52 273 
3 63 72 217 
3 31 147 271 
3 37 76 222 
3 22 149 188 
3 58 111 177 
3 36 41 181 
3 156 171 208 
3 17 54 213 
280 420
3 45 166 263 
3 149 184 214 
3 175 237 247 
3 44 143 269 
3 6 112 191 
3 39 87 240 
3 4 170 272 
3 12 157 219 
3 87 179 226 
3 41 116 120 
3 72 151 243 
3 17 160 258 
3 7 159 186 
3 141 171 204 
3 119 146 264 
3 79 91 182 
3 28 110 149 
3 11 27 98 
3 27 28 75 
3 85 239 244 
3 105 248 260 
3 245 246 277 
3 173 208 236 
3 48 110 161 
3 105 181 198 
3 136 193 227 
3 44 74 163 
3 17 18 259 
3 16 18 85 
3 74 127 157 
3 127 162 170 
3 37 192 256 
3 247 254 276 
3 52 56 252 
3 70 174 219 
3 76 128 250 
3 71 116 259 
3 31 121 201 
3 108 161 216 
3 5 88 269 
3 93 167 169 
3 9 50 77 
3 49 163 241 
3 185 254 265 
3 3 26 213 
3 0 51 153 
3 137 202 209 
3 59 232 276 
3 23 123 273 
3 42 150 261 
3 41 118 225 
3 45 222 271 
3 33 99 138 
3 85 162 274 
3 65 104 141 
3 82 167 202 
3 33 169 205 
3 119 121 245 
3 151 180 272 
3 47 166 231 
3 127 138 171 
3 81 173 202 
3 139 237 243 
3 109 188 278 
3 104 120 262 
3 54 129 218 
3 147 205 248 
3 110 168 201 
3 148 181 221 
3 94 142 159 
3 34 73 234 
3 36 113 220 
3 10 228 267 
3 70 79 226 
3 26 29 194 
3 18 115 181 
3 35 116 122 
3 41 249 261 
3 90 96 114 
3 15 73 106 
3 133 229 273 
3 61 142 177 
3 55 203 211 
3 118 156 199 
3 106 152 253 
3 19 28 53 
3 90 155 160 
3 5 8 262 
3 39 162 251 
3 128 137 156 
3 78 86 118 
3 15 139 262 
3 136 190 239 
3 40 172 203 
3 69 231 274 
3 119 125 267 
3 78 176 236 
3 204 213 230 
3 17 141 265 
3 52 126 239 
3 113 134 135 
3 228 232 257 
3 177 246 266 
3 222 244 255 
3 54 64 167 
3 20 24 197 
3 79 84 150 
3 122 144 223 
3 38 120 153 
3 63 161 217 
3 16 23 67 
3 121 220 235 
3 4 193 224 
3 71 100 149 
3 78 115 279 
3 75 114 164 
3 9 36 76 
3 220 228 255 
3 50 83 90 
3 14 57 95 
3 9 64 108 
3 37 57 111 
3 76 107 132 
3 48 131 209 
3 132 201 250 
3 95 130 271 
3 99 170 215 
3 29 30 60 
3 35 89 179 
3 65 248 253 
3 125 165 234 
3 123 183 185 
3 122 124 241 
3 80 190 235 
3 100 171 192 
3 100 172 218 
3 25 92 197 
3 46 89 217 
3 52 60 191 
3 62 91 260 
3 219 257 264 
3 13 54 98 
3 69 81 265 
3 3 199 230 
3 107 158 208 
3 233 257 276 
3 14 241 266 
3 66 172 174 
3 68 176 183 
3 1 16 113 
3 49 106 194 
3 10 58 244 
3 84 187 270 
3 45 108 267 
3 186 195 217 
3 86 192 277 
3 83 89 261 
3 7 29 189 
3 144 163 212 
3 12 69 198 
3 11 86 233 
3 23 38 109 
3 30 53 88 
3 26 42 158 
3 115 252 258 
3 130 191 249 
3 0 59 251 
3 40 55 104 
3 67 185 263 
3 40 56 211 
3 6 30 126 
3 13 60 134 
3 93 135 147 
3 22 61 176 
3 34 147 194 
3 2 200 254 
3 96 148 173 
3 81 102 279 
3 196 258 270 
3 8 128 180 
3 58 179 212 
3 24 68 75 
3 15 252 272 
3 131 148 222 
3 1 208 216 
3 43 131 168 
3 12 154 196 
3 152 203 238 
3 63 227 229 
3 157 247 275 
3 92 133 256 
3 4 138 165 
3 31 134 155 
3 25 112 210 
3 74 150 174 
3 154 221 269 
3 178 186 243 
3 105 136 238 
3 24 159 215 
3 83 143 225 
3 175 221 242 
3 37 67 124 
3 46 55 61 
3 82 93 187 
3 13 97 251 
3 56 66 260 
3 207 242 268 
3 206 210 236 
3 22 144 184 
3 46 123 238 
3 193 207 213 
3 82 169 229 
3 158 180 271 
3 44 97 210 
3 1 245 250 
3 126 198 223 
3 38 184 256 
3 109 137 154 
3 65 135 275 
3 7 34 140 
3 71 111 117 
3 68 195 200 
3 51 103 183 
3 107 215 255 
3 112 233 240 
3 50 199 268 
3 8 73 232 
3 25 188 230 
3 72 101 117 
3 80 188 211 
3 97 143 227 
3 59 94 249 
3 47 101 226 
3 145 160 224 
3 70 130 275 
3 111 133 240 
3 22 96 207 
3 2 62 273 
3 187 197 209 
3 19 92 99 
3 5 224 235 
3 42 132 146 
3 200 206 274 
3 10 62 196 
3 19 103 151 
3 21 57 214 
3 21 102 270 
3 2 32 189 
3 20 66 129 
3 77 165 231 
3 35 124 214 
3 88 166 204 
3 33 164 182 
3 84 129 263 
3 32 43 175 
3 103 117 223 
3 31 190 216 
3 101 140 145 
3 11 164 178 
3 27 36 268 
3 20 139 205 
3 49 77 156 
3 64 87 91 
3 0 168 253 
3 14 140 279 
3 43 98 142 
3 102 146 278 
3 72 95 153 
3 206 225 259 
3 3 39 195 
3 152 178 246 
3 51 125 212 
3 6 58 182 
3 48 80 237 
3 53 94 242 
3 189 218 234 
3 32 47 145 
3 21 155 278 
3 63 266 277 
3 114 177 264 
