290 435
3 118 132 237 
3 181 200 260 
3 81 234 252 
3 32 46 253 
3 119 232 233 
3 124 262 265 
3 42 76 79 
3 72 162 206 
3 16 93 173 
3 172 205 232 
3 29 191 268 
3 28 122 222 
3 66 67 105 
3 26 176 244 
3 145 198 280 
3 57 84 146 
3 8 269 281 
3 93 120 260 
3 176 256 264 
3 25 66 128 
3 36 158 262 
3 177 218 285 
3 141 178 279 
3 109 153 211 
3 60 112 135 
3 19 40 259 
3 13 126 210 
3 103 220 230 
3 11 154 216 
3 10 163 170 
3 106 175 234 
3 121 140 216 
3 3 43 68 
3 139 280 287 
3 110 120 241 
3 124 247 266 
3 20 71 142 
3 96 229 283 
3 41 121 270 
3 98 127 218 
3 25 214 237 
3 38 109 164 
3 6 153 201 
3 32 90 133 
3 188 234 255 
3 55 74 149 
3 3 137 170 
3 159 251 274 
3 102 183 208 
3 99 111 172 
3 64 89 125 
3 56 119 245 
3 97 134 207 
3 148 220 263 
3 220 267 282 
3 45 100 195 
3 51 75 247 
3 15 91 286 
3 152 189 190 
3 89 157 200 
3 24 233 256 
3 108 152 179 
3 157 181 201 
3 100 171 236 
3 50 68 192 
3 211 224 253 
3 12 19 70 
3 12 113 150 
3 32 64 159 
3 96 168 169 
3 66 84 156 
3 36 158 212 
3 7 82 221 
3 165 195 204 
3 45 187 286 
3 56 135 240 
3 6 97 227 
3 131 231 289 
3 90 103 205 
3 6 80 251 
3 79 134 136 
3 2 118 243 
3 72 225 235 
3 86 245 248 
3 15 70 169 
3 121 226 248 
3 83 154 173 
3 182 201 212 
3 139 255 262 
3 50 59 102 
3 43 78 140 
3 57 166 272 
3 130 217 228 
3 8 17 283 
3 107 115 137 
3 110 180 190 
3 37 69 196 
3 52 76 104 
3 39 162 258 
3 49 230 289 
3 55 63 261 
3 113 206 219 
3 48 89 161 
3 27 78 231 
3 97 106 228 
3 12 195 258 
3 30 104 167 
3 94 237 269 
3 61 202 244 
3 23 41 239 
3 34 95 235 
3 49 127 221 
3 24 178 257 
3 67 101 258 
3 164 174 225 
3 94 122 215 
3 167 198 205 
3 151 174 202 
3 0 81 273 
3 4 51 149 
3 17 34 183 
3 31 38 85 
3 11 115 189 
3 145 186 208 
3 5 35 210 
3 50 188 244 
3 26 222 280 
3 39 111 139 
3 19 159 171 
3 169 180 185 
3 92 281 282 
3 77 223 276 
3 0 239 252 
3 43 179 228 
3 52 80 204 
3 24 75 253 
3 80 160 214 
3 46 94 265 
3 217 239 243 
3 33 88 127 
3 31 90 250 
3 22 215 218 
3 36 190 261 
3 148 151 196 
3 206 222 283 
3 14 123 175 
3 15 223 236 
3 164 215 278 
3 53 143 199 
3 45 119 167 
3 67 211 265 
3 117 143 216 
3 58 61 197 
3 23 42 274 
3 28 86 194 
3 180 202 268 
3 70 242 285 
3 59 62 249 
3 20 71 226 
3 47 68 128 
3 136 175 186 
3 102 184 273 
3 7 98 270 
3 29 170 256 
3 41 114 147 
3 73 227 278 
3 91 213 271 
3 106 116 149 
3 69 238 251 
3 69 84 129 
3 29 46 163 
3 63 128 289 
3 9 49 193 
3 8 86 286 
3 114 117 242 
3 30 145 160 
3 13 18 229 
3 21 182 287 
3 22 112 277 
3 61 133 268 
3 95 129 155 
3 1 62 200 
3 87 177 275 
3 48 120 246 
3 161 233 250 
3 129 194 272 
3 123 160 266 
3 74 252 260 
3 44 125 231 
3 58 122 241 
3 58 95 142 
3 10 192 245 
3 64 191 284 
3 172 224 261 
3 154 185 247 
3 55 73 105 
3 96 143 269 
3 152 213 242 
3 14 116 257 
3 148 209 277 
3 1 59 181 
3 42 62 87 
3 108 117 155 
3 219 263 274 
3 73 134 259 
3 9 78 116 
3 7 101 144 
3 52 271 275 
3 48 123 288 
3 199 223 236 
3 26 124 217 
3 23 65 150 
3 71 87 267 
3 166 197 232 
3 40 136 227 
3 115 141 147 
3 28 31 151 
3 92 138 210 
3 21 39 141 
3 101 203 264 
3 27 53 54 
3 72 111 229 
3 11 126 144 
3 131 146 209 
3 65 193 271 
3 82 114 240 
3 85 158 276 
3 76 165 214 
3 92 104 133 
3 37 176 221 
3 27 99 254 
3 77 103 188 
3 4 9 213 
3 4 60 184 
3 2 30 44 
3 82 110 264 
3 63 146 209 
3 0 40 107 
3 168 266 279 
3 109 132 138 
3 75 225 243 
3 34 189 285 
3 156 174 197 
3 81 138 240 
3 13 108 125 
3 51 83 191 
3 183 254 276 
3 35 56 194 
3 83 85 282 
3 157 257 273 
3 140 184 279 
3 47 79 168 
3 2 132 187 
3 3 65 135 
3 230 246 275 
3 44 88 277 
3 18 60 163 
3 112 198 249 
3 98 105 113 
3 25 204 270 
3 1 17 187 
3 100 142 193 
3 5 20 88 
3 53 203 284 
3 18 219 235 
3 5 137 150 
3 35 186 238 
3 54 212 281 
3 10 155 179 
3 16 107 196 
3 38 162 259 
3 166 207 224 
3 91 185 278 
3 118 161 249 
3 47 153 203 
3 182 207 254 
3 131 226 246 
3 178 199 255 
3 147 165 272 
3 22 238 250 
3 14 33 126 
3 16 130 267 
3 54 130 248 
3 37 93 144 
3 192 263 288 
3 21 156 241 
3 57 74 173 
3 33 177 288 
3 208 284 287 
3 77 99 171 
290 435
3 147 153 209 
3 6 100 285 
3 149 170 263 
3 94 164 236 
3 155 191 215 
3 12 138 271 
3 1 99 250 
3 148 220 267 
3 171 216 288 
3 14 254 258 
3 79 131 268 
3 173 190 191 
3 5 67 226 
3 15 272 282 
3 9 103 187 
3 13 68 170 
3 22 144 210 
3 132 198 200 
3 62 88 269 
3 41 185 277 
3 93 126 172 
3 31 97 265 
3 16 250 284 
3 28 59 75 
3 77 151 159 
3 40 240 242 
3 65 160 195 
3 59 78 119 
3 23 50 204 
3 34 46 273 
3 57 185 253 
3 21 111 281 
3 63 184 235 
3 94 225 257 
3 29 198 236 
3 235 237 252 
3 133 205 276 
3 100 145 172 
3 58 88 253 
3 86 232 278 
3 25 123 139 
3 19 143 288 
3 98 157 260 
3 63 112 149 
3 111 120 141 
3 104 223 280 
3 29 73 278 
3 153 161 283 
3 53 113 196 
3 181 213 283 
3 28 141 217 
3 75 121 266 
3 81 84 126 
3 48 90 101 
3 61 91 176 
3 199 249 261 
3 132 164 224 
3 30 125 237 
3 38 214 230 
3 23 27 200 
3 163 182 189 
3 54 87 201 
3 18 98 190 
3 32 43 174 
3 82 212 231 
3 26 167 261 
3 125 169 207 
3 12 115 207 
3 15 211 277 
3 185 194 251 
3 78 92 183 
3 137 146 256 
3 207 239 256 
3 46 129 158 
3 234 251 279 
3 23 51 264 
3 77 88 274 
3 24 76 264 
3 27 70 265 
3 10 158 245 
3 87 220 247 
3 52 117 180 
3 64 234 286 
3 97 146 171 
3 52 175 287 
3 145 162 197 
3 39 149 271 
3 61 80 229 
3 18 38 76 
3 174 188 285 
3 53 241 255 
3 54 257 279 
3 70 118 255 
3 20 130 197 
3 3 33 198 
3 111 233 282 
3 218 220 258 
3 21 83 156 
3 42 62 259 
3 6 159 212 
3 1 37 103 
3 53 187 252 
3 194 214 241 
3 14 100 213 
3 45 110 167 
3 173 188 219 
3 160 219 267 
3 125 223 274 
3 168 179 221 
3 138 145 163 
3 104 155 157 
3 31 44 95 
3 43 128 266 
3 48 142 216 
3 200 246 247 
3 67 154 179 
3 184 242 263 
3 81 251 270 
3 92 161 224 
3 27 254 269 
3 44 244 260 
3 51 141 162 
3 182 203 256 
3 40 131 219 
3 151 161 211 
3 57 66 107 
3 20 52 222 
3 194 218 272 
3 112 189 197 
3 73 152 284 
3 93 273 286 
3 10 123 146 
3 17 56 179 
3 36 188 261 
3 181 201 246 
3 177 208 221 
3 232 237 262 
3 71 227 239 
3 5 109 184 
3 40 227 267 
3 154 193 222 
3 44 50 121 
3 113 221 249 
3 41 262 285 
3 16 246 269 
3 37 85 109 
3 71 83 131 
3 0 215 236 
3 7 264 276 
3 2 43 86 
3 169 239 281 
3 24 124 226 
3 129 170 226 
3 0 47 180 
3 115 140 186 
3 4 110 228 
3 97 165 225 
3 42 110 273 
3 73 79 206 
3 24 99 229 
3 26 106 209 
3 47 118 124 
3 85 121 243 
3 60 109 175 
3 3 56 272 
3 156 245 254 
3 172 189 255 
3 65 104 235 
3 108 214 263 
3 66 150 252 
3 2 15 152 
3 8 83 248 
3 20 37 166 
3 11 105 199 
3 63 89 238 
3 84 163 228 
3 54 265 281 
3 135 217 289 
3 224 275 277 
3 108 115 132 
3 81 153 245 
3 49 134 203 
3 60 122 211 
3 70 208 257 
3 32 116 138 
3 19 30 69 
3 154 190 276 
3 14 101 243 
3 89 105 133 
3 60 128 166 
3 11 62 186 
3 4 11 202 
3 208 241 247 
3 140 199 274 
3 69 102 127 
3 26 248 275 
3 48 215 218 
3 85 93 128 
3 17 34 94 
3 55 173 193 
3 17 59 114 
3 61 134 250 
3 191 228 275 
3 122 181 270 
3 28 209 282 
3 36 230 279 
3 158 212 231 
3 66 67 72 
3 135 183 192 
3 0 160 204 
3 16 225 289 
3 68 124 182 
3 64 99 206 
3 49 103 258 
3 58 102 168 
3 4 147 196 
3 8 113 233 
3 50 177 262 
3 96 127 196 
3 105 106 123 
3 7 80 96 
3 108 135 142 
3 126 140 233 
3 45 107 284 
3 56 118 178 
3 33 156 210 
3 12 151 152 
3 137 139 266 
3 155 175 202 
3 87 159 249 
3 58 205 286 
3 64 206 260 
3 39 136 248 
3 95 216 222 
3 74 82 278 
3 32 35 167 
3 3 34 147 
3 35 57 136 
3 174 280 287 
3 72 137 150 
3 25 253 288 
3 90 102 192 
3 25 116 271 
3 162 187 244 
3 120 243 283 
3 79 165 180 
3 114 134 144 
3 80 114 192 
3 171 195 232 
3 55 142 229 
3 6 22 201 
3 69 74 117 
3 35 101 169 
3 30 38 240 
3 9 119 165 
3 90 92 166 
3 71 72 122 
3 33 91 183 
3 9 96 213 
3 98 280 287 
3 42 120 231 
3 55 65 133 
3 136 143 217 
3 2 116 168 
3 75 77 148 
3 21 78 176 
3 51 112 227 
3 7 106 139 
3 10 270 289 
3 18 119 144 
3 117 203 268 
3 5 86 242 
3 13 127 164 
3 29 130 157 
3 76 107 193 
3 178 195 202 
3 36 148 186 
3 19 68 178 
3 39 46 234 
3 74 91 205 
3 45 238 259 
3 31 150 176 
3 13 95 204 
3 47 49 244 
3 22 129 223 
3 1 89 143 
3 82 130 230 
3 84 238 259 
3 8 41 240 
3 177 210 268 
