40 60
3 1 34 38 
3 0 9 25 
3 11 13 33 
3 12 22 25 
3 7 12 26 
3 19 24 38 
3 18 20 36 
3 4 8 30 
3 7 22 29 
3 1 13 27 
3 15 23 37 
3 2 18 28 
3 3 4 37 
3 2 9 23 
3 16 27 38 
3 10 26 31 
3 14 17 35 
3 16 19 33 
3 6 11 39 
3 5 17 21 
3 6 26 33 
3 19 27 36 
3 3 8 31 
3 10 13 30 
3 5 29 39 
3 1 3 31 
3 4 15 20 
3 9 14 21 
3 11 29 32 
3 8 24 28 
3 7 23 34 
3 15 22 25 
3 28 36 39 
3 2 17 20 
3 0 30 35 
3 16 34 37 
3 6 21 32 
3 10 12 35 
3 0 5 14 
3 18 24 32 
40 60
3 29 37 39 
3 16 22 39 
3 7 9 17 
3 5 27 32 
3 5 11 30 
3 3 4 29 
3 19 22 33 
3 2 21 28 
3 24 26 35 
3 2 17 33 
3 12 25 39 
3 4 15 35 
3 10 16 25 
3 15 31 38 
3 20 28 32 
3 11 13 27 
3 1 12 19 
3 2 9 22 
3 34 36 37 
3 6 16 37 
3 14 32 38 
3 7 23 25 
3 1 6 17 
3 21 31 34 
3 8 26 27 
3 10 12 21 
3 8 24 35 
3 3 15 24 
3 7 14 34 
3 0 5 36 
3 4 33 38 
3 13 23 36 
3 3 14 20 
3 6 9 30 
3 18 23 28 
3 8 11 26 
3 18 29 31 
3 0 18 19 
3 13 20 30 
3 0 1 10 
