90 135
3 8 21 72 
3 23 37 85 
3 18 66 69 
3 28 73 84 
3 26 28 43 
3 63 81 83 
3 9 21 79 
3 23 75 79 
3 0 56 81 
3 6 11 42 
3 29 52 54 
3 9 41 62 
3 21 40 80 
3 30 61 73 
3 36 37 45 
3 47 63 72 
3 19 26 64 
3 19 34 41 
3 2 32 74 
3 16 17 56 
3 30 72 84 
3 0 6 12 
3 50 60 85 
3 1 7 65 
3 39 54 55 
3 43 61 75 
3 4 16 42 
3 54 60 82 
3 3 4 62 
3 10 76 80 
3 13 20 59 
3 36 38 45 
3 18 37 82 
3 48 55 73 
3 17 50 66 
3 45 85 86 
3 14 31 44 
3 1 14 32 
3 31 59 70 
3 24 46 57 
3 12 51 65 
3 11 17 88 
3 9 26 55 
3 4 25 64 
3 36 47 82 
3 14 31 35 
3 39 78 80 
3 15 44 62 
3 33 57 76 
3 58 67 76 
3 22 34 51 
3 40 50 78 
3 10 56 77 
3 64 68 74 
3 10 24 27 
3 24 33 42 
3 8 19 52 
3 39 48 83 
3 49 69 71 
3 30 38 87 
3 22 27 63 
3 13 25 81 
3 11 28 47 
3 5 15 60 
3 16 43 53 
3 23 40 89 
3 2 34 88 
3 49 70 84 
3 53 75 78 
3 2 58 77 
3 38 67 89 
3 58 79 87 
3 0 15 20 
3 3 13 33 
3 18 53 86 
3 7 25 68 
3 29 48 49 
3 52 69 83 
3 46 51 68 
3 6 7 71 
3 12 29 46 
3 5 8 61 
3 27 32 44 
3 5 57 77 
3 3 20 67 
3 1 22 35 
3 35 74 89 
3 59 71 88 
3 41 66 87 
3 65 70 86 
90 135
3 29 30 35 
3 4 55 68 
3 32 49 83 
3 5 50 71 
3 1 32 58 
3 3 12 82 
3 13 40 73 
3 28 66 86 
3 20 39 42 
3 11 51 76 
3 15 31 37 
3 9 43 67 
3 5 38 83 
3 6 45 61 
3 62 78 87 
3 10 25 70 
3 21 38 64 
3 26 61 71 
3 42 43 57 
3 24 75 82 
3 8 24 27 
3 16 44 84 
3 26 31 72 
3 27 53 62 
3 19 20 45 
3 15 63 77 
3 17 22 65 
3 20 23 81 
3 7 56 85 
3 0 41 62 
3 0 31 86 
3 10 22 30 
3 2 4 38 
3 47 55 56 
3 68 81 84 
3 0 40 55 
3 41 80 89 
3 10 48 69 
3 12 16 32 
3 8 40 54 
3 6 35 39 
3 29 36 76 
3 8 18 53 
3 11 18 51 
3 21 48 72 
3 13 24 84 
3 60 63 68 
3 33 64 73 
3 37 44 83 
3 2 53 85 
3 3 70 81 
3 9 43 77 
3 73 80 88 
3 23 42 49 
3 39 60 78 
3 1 33 35 
3 28 33 69 
3 18 61 88 
3 4 66 67 
3 63 78 87 
3 46 54 76 
3 13 17 57 
3 14 23 29 
3 25 46 59 
3 16 47 75 
3 26 74 86 
3 7 58 79 
3 11 58 82 
3 1 34 46 
3 37 56 89 
3 15 50 71 
3 3 17 70 
3 22 44 87 
3 6 47 52 
3 65 77 88 
3 19 64 89 
3 9 41 60 
3 25 51 74 
3 14 54 59 
3 66 80 85 
3 36 52 79 
3 27 34 50 
3 5 19 67 
3 2 12 48 
3 21 34 45 
3 28 49 79 
3 7 30 65 
3 14 59 72 
3 52 57 74 
3 36 69 75 
