160 400
5 72 73 74 100 117 
5 119 126 146 150 156 
5 27 35 78 95 134 
5 60 65 67 90 146 
5 45 98 127 138 157 
5 30 48 93 123 141 
5 27 66 76 87 112 
5 9 38 81 96 158 
5 50 85 127 133 148 
5 7 14 28 132 159 
5 36 51 64 109 128 
5 52 91 92 100 101 
5 27 53 60 61 96 
5 27 44 47 81 154 
5 9 22 76 131 141 
5 35 37 136 142 157 
5 74 117 129 135 154 
5 53 70 71 102 151 
5 20 128 135 147 152 
5 64 76 91 106 124 
5 18 22 34 58 127 
5 45 55 83 89 102 
5 14 20 55 126 150 
5 56 66 79 156 158 
5 68 80 103 120 121 
5 71 97 121 145 155 
5 40 56 73 78 86 
5 2 6 12 13 58 
5 9 34 82 150 156 
5 52 63 136 139 143 
5 5 54 72 119 128 
5 33 41 42 75 156 
5 35 71 84 85 113 
5 31 64 83 87 157 
5 20 28 39 50 59 
5 2 15 32 109 159 
5 10 46 51 114 146 
5 15 56 90 111 155 
5 7 72 80 131 141 
5 34 70 82 94 108 
5 26 69 104 105 155 
5 31 43 51 99 136 
5 31 110 137 140 159 
5 41 65 90 124 158 
5 13 46 111 114 129 
5 4 21 53 93 95 
5 36 44 49 62 131 
5 13 55 80 92 104 
5 5 88 116 125 137 
5 46 63 82 121 144 
5 8 34 107 123 147 
5 10 36 41 56 118 
5 11 29 152 153 157 
5 12 17 45 111 158 
5 30 75 78 112 122 
5 21 22 47 68 98 
5 23 26 37 51 136 
5 61 87 103 133 158 
5 20 27 90 152 156 
5 34 85 90 99 103 
5 3 12 94 102 138 
5 12 57 68 84 97 
5 46 117 132 139 148 
5 29 49 79 101 130 
5 10 19 33 144 149 
5 3 43 69 115 152 
5 6 23 87 123 128 
5 3 100 102 134 140 
5 24 55 61 107 148 
5 40 65 92 144 145 
5 17 39 77 96 137 
5 17 25 32 73 134 
5 0 30 38 130 154 
5 0 26 71 129 135 
5 0 16 89 120 151 
5 31 54 83 113 133 
5 6 14 19 110 143 
5 70 85 103 105 138 
5 2 26 54 88 92 
5 23 63 108 128 143 
5 24 38 47 126 142 
5 7 13 105 110 115 
5 28 39 49 83 110 
5 21 33 75 82 134 
5 32 61 97 99 117 
5 8 32 59 77 130 
5 26 98 120 142 145 
5 6 33 57 66 149 
5 48 78 106 121 145 
5 21 74 97 107 118 
5 3 37 43 58 59 
5 11 19 115 140 147 
5 11 47 69 78 114 
5 5 45 113 125 138 
5 39 60 126 133 135 
5 2 45 119 142 143 
5 7 12 70 103 150 
5 25 61 84 89 150 
5 4 55 86 105 136 
5 41 59 84 107 153 
5 0 11 67 122 154 
5 11 63 111 112 146 
5 17 21 60 67 112 
5 24 57 59 77 96 
5 40 47 134 146 151 
5 40 77 81 98 112 
5 19 88 108 138 140 
5 50 68 89 99 114 
5 39 79 106 139 159 
5 10 35 113 137 151 
5 42 76 81 82 127 
5 37 44 53 101 142 
5 6 54 101 102 105 
5 32 75 93 109 132 
5 36 44 92 107 125 
5 65 81 91 119 129 
5 48 120 126 139 148 
5 0 16 62 84 118 
5 51 89 117 135 159 
5 1 30 95 115 129 
5 24 74 86 116 149 
5 24 25 49 88 131 
5 54 100 123 132 151 
5 5 50 66 122 155 
5 19 43 125 130 140 
5 48 93 114 124 139 
5 1 22 80 94 116 
5 4 8 20 110 130 
5 10 18 30 66 79 
5 16 44 73 115 119 
5 63 72 85 124 127 
5 14 38 46 121 155 
5 9 62 113 122 149 
5 8 57 75 94 145 
5 2 67 71 83 104 
5 16 18 73 94 118 
5 15 29 41 56 98 
5 42 48 70 109 153 
5 4 60 77 93 106 
5 29 62 108 116 125 
5 42 67 91 106 124 
5 5 14 38 143 147 
5 15 80 86 95 111 
5 29 76 79 95 141 
5 49 64 69 152 154 
5 25 69 86 88 133 
5 1 3 36 101 104 
5 18 50 91 141 148 
5 8 62 68 116 147 
5 64 87 120 132 153 
5 1 22 28 96 97 
5 17 74 104 109 122 
5 18 52 58 65 144 
5 52 99 137 149 157 
5 13 16 72 100 144 
5 25 37 40 123 131 
5 1 23 28 31 58 
5 4 15 33 52 153 
5 7 23 43 53 57 
5 9 35 42 108 118 
160 400
5 16 27 43 61 72 
5 3 13 125 134 147 
5 24 55 125 150 151 
5 1 18 23 50 65 
5 18 39 68 118 146 
5 57 112 132 136 154 
5 38 62 93 121 140 
5 57 89 99 100 119 
5 33 44 80 149 159 
5 20 56 77 121 152 
5 36 60 117 120 140 
5 35 87 112 118 146 
5 22 45 70 109 127 
5 1 34 54 110 132 
5 29 38 55 63 148 
5 29 36 37 56 119 
5 0 48 74 92 141 
5 111 129 133 142 154 
5 3 4 43 79 130 
5 21 24 28 122 129 
5 9 49 58 130 153 
5 19 62 66 68 104 
5 12 59 96 143 159 
5 3 87 90 137 146 
5 2 19 71 99 142 
5 60 69 83 153 156 
5 41 51 107 124 146 
5 0 31 50 153 154 
5 19 31 54 127 144 
5 14 15 64 79 126 
5 50 65 94 148 151 
5 27 28 51 62 87 
5 52 71 86 95 97 
5 8 57 70 120 132 
5 13 59 68 87 149 
5 11 47 54 70 132 
5 10 15 73 97 114 
5 15 63 79 92 113 
5 6 14 80 110 111 
5 4 71 110 133 145 
5 46 53 98 136 157 
5 26 48 70 88 100 
5 86 96 111 138 147 
5 0 18 93 104 154 
5 8 46 58 115 152 
5 12 53 56 64 67 
5 40 44 73 74 94 
5 35 59 64 114 158 
5 16 41 63 113 134 
5 20 67 75 135 152 
5 3 27 30 97 140 
5 26 31 102 109 121 
5 32 58 138 142 156 
5 40 45 73 82 104 
5 13 28 35 123 131 
5 2 14 110 120 130 
5 9 15 45 118 132 
5 5 7 33 85 104 
5 20 44 52 129 143 
5 22 34 47 101 150 
5 10 25 74 105 135 
5 0 96 136 142 156 
5 6 21 31 91 138 
5 14 37 48 141 145 
5 29 45 47 81 115 
5 3 30 77 99 149 
5 21 88 97 125 135 
5 45 49 75 108 116 
5 4 21 34 77 102 
5 25 86 128 143 159 
5 12 33 35 41 144 
5 24 32 39 90 145 
5 0 76 87 146 157 
5 36 46 53 118 158 
5 16 46 60 126 155 
5 49 67 83 101 102 
5 72 78 112 126 127 
5 9 65 68 118 149 
5 76 81 101 116 131 
5 18 29 37 89 119 
5 8 38 94 151 155 
5 64 78 88 95 138 
5 53 89 92 95 152 
5 25 75 85 123 131 
5 93 102 123 137 157 
5 57 83 108 124 139 
5 32 42 69 124 127 
5 11 23 31 34 72 
5 41 66 81 109 113 
5 7 79 82 137 138 
5 23 71 98 122 145 
5 62 95 108 157 158 
5 16 37 82 113 149 
5 6 43 84 139 150 
5 30 46 80 129 143 
5 32 81 82 91 140 
5 22 42 61 111 152 
5 32 36 50 66 144 
5 40 90 106 113 155 
5 7 24 65 122 129 
5 7 41 104 105 141 
5 59 75 78 109 156 
5 51 68 75 84 128 
5 106 112 126 135 147 
5 21 43 53 57 100 
5 60 100 116 144 155 
5 98 103 142 145 151 
5 26 117 153 155 158 
5 67 85 91 120 157 
5 12 51 88 101 137 
5 13 38 39 55 119 
5 17 38 42 96 117 
5 5 11 76 103 133 
5 37 48 88 92 98 
5 36 47 134 139 158 
5 44 64 120 128 137 
5 67 78 105 121 123 
5 10 107 111 122 156 
5 4 11 56 73 77 
5 7 15 79 110 159 
5 10 33 55 108 115 
5 6 9 51 116 128 
5 19 90 99 117 153 
5 54 83 84 116 125 
5 26 85 86 130 144 
5 1 2 66 123 136 
5 29 74 76 103 143 
5 12 28 76 86 136 
5 69 102 115 121 148 
5 17 19 58 94 99 
5 18 20 55 124 147 
5 54 78 83 134 135 
5 5 13 33 35 56 
5 17 39 112 139 141 
5 1 48 114 131 150 
5 49 60 66 103 131 
5 5 40 61 125 127 
5 23 84 89 109 115 
5 42 52 62 81 89 
5 85 93 114 133 154 
5 6 10 50 95 159 
5 16 63 100 133 148 
5 17 24 52 61 106 
5 22 58 69 94 126 
5 28 70 97 105 124 
5 39 63 71 90 106 
5 4 11 23 26 72 
5 1 42 103 130 151 
5 14 30 128 141 150 
5 8 34 65 77 92 
5 2 59 93 134 148 
5 2 30 80 106 147 
5 9 44 49 82 96 
5 20 25 27 107 122 
5 5 17 27 43 139 
5 74 80 98 105 107 
5 25 52 61 101 117 
5 40 72 84 91 108 
5 47 73 91 107 114 
5 8 22 69 119 140 
