190 475
5 14 27 133 152 178 
5 53 116 123 179 186 
5 30 90 137 160 169 
5 70 91 123 139 172 
5 40 108 116 141 185 
5 45 106 132 180 186 
5 8 48 86 120 172 
5 26 36 113 130 151 
5 6 17 54 103 112 
5 22 36 66 108 183 
5 29 69 76 100 146 
5 35 38 50 98 140 
5 17 78 87 118 172 
5 23 78 93 109 184 
5 0 20 96 101 187 
5 47 66 104 123 170 
5 35 47 85 126 179 
5 8 12 99 131 149 
5 25 95 123 179 182 
5 33 62 68 86 161 
5 14 57 98 124 171 
5 27 70 105 108 124 
5 9 32 153 156 185 
5 13 73 79 106 144 
5 34 38 57 74 152 
5 18 60 83 124 181 
5 7 37 72 88 140 
5 0 21 76 132 168 
5 54 62 141 148 169 
5 10 89 131 145 183 
5 2 53 84 93 135 
5 44 96 117 134 143 
5 22 41 81 110 170 
5 19 87 102 107 184 
5 24 46 95 124 136 
5 11 16 53 60 101 
5 7 9 42 158 188 
5 26 84 117 128 156 
5 11 24 84 112 154 
5 99 121 122 156 159 
5 4 129 135 168 185 
5 32 46 66 83 135 
5 36 70 90 113 180 
5 52 77 138 160 172 
5 31 63 106 131 153 
5 5 54 71 119 165 
5 34 41 118 147 187 
5 15 16 93 166 186 
5 6 57 112 157 164 
5 85 115 132 168 174 
5 11 60 127 130 177 
5 86 94 105 117 128 
5 43 150 159 160 164 
5 1 30 35 86 109 
5 8 28 45 114 128 
5 71 125 178 184 186 
5 68 75 104 127 166 
5 20 24 48 73 145 
5 61 63 76 122 174 
5 71 114 119 139 158 
5 25 35 50 82 182 
5 58 77 79 114 138 
5 19 28 121 158 162 
5 44 58 65 89 119 
5 68 121 148 173 182 
5 63 118 125 142 173 
5 9 15 41 74 177 
5 77 121 173 177 178 
5 19 56 64 140 167 
5 10 92 175 181 187 
5 3 21 42 155 157 
5 45 55 59 72 113 
5 26 71 96 164 178 
5 23 57 75 79 189 
5 24 66 95 103 120 
5 56 73 139 156 178 
5 10 27 58 138 162 
5 43 61 67 112 158 
5 12 13 110 135 169 
5 23 61 73 155 186 
5 87 95 117 149 152 
5 32 101 142 144 161 
5 60 100 163 165 187 
5 25 41 88 151 173 
5 30 37 38 122 188 
5 16 49 146 181 183 
5 6 19 51 53 137 
5 12 33 80 106 126 
5 26 83 115 121 125 
5 29 63 97 136 139 
5 2 42 116 176 183 
5 3 104 128 133 166 
5 69 122 125 147 153 
5 13 30 47 116 174 
5 51 136 145 151 163 
5 18 34 74 80 98 
5 14 31 72 154 165 
5 89 101 136 137 148 
5 11 20 95 151 153 
5 17 39 122 140 176 
5 10 82 102 146 150 
5 14 35 81 97 134 
5 33 100 142 150 159 
5 8 74 111 149 169 
5 15 56 91 113 150 
5 21 51 107 148 161 
5 5 23 44 87 131 
5 33 105 118 130 165 
5 4 9 21 126 130 
5 13 53 146 149 155 
5 32 78 129 154 189 
5 103 120 150 155 159 
5 8 38 48 77 152 
5 7 42 71 104 130 
5 54 59 61 116 131 
5 49 88 167 168 176 
5 1 4 90 93 114 
5 31 37 51 80 177 
5 12 46 65 107 129 
5 45 59 63 124 148 
5 6 74 111 162 170 
5 39 62 64 67 88 
5 39 58 84 92 99 
5 1 3 15 18 188 
5 20 21 25 34 119 
5 55 65 88 92 156 
5 16 87 108 141 166 
5 50 56 132 154 163 
5 37 51 54 91 138 
5 40 110 118 145 189 
5 7 50 107 108 113 
5 17 29 44 106 114 
5 5 27 49 127 143 
5 0 91 134 143 188 
5 31 101 133 146 157 
5 30 40 41 78 171 
5 34 89 94 97 143 
5 2 86 97 171 175 
5 43 61 76 128 163 
5 3 59 75 89 183 
5 11 26 68 99 174 
5 4 28 126 164 179 
5 65 81 102 145 162 
5 31 132 133 136 164 
5 23 81 163 172 179 
5 29 57 94 129 142 
5 10 85 100 109 134 
5 46 92 161 180 182 
5 28 64 97 105 119 
5 17 80 103 109 157 
5 52 100 102 104 111 
5 7 83 94 98 189 
5 0 24 80 112 159 
5 22 44 92 98 169 
5 38 96 110 127 181 
5 70 79 109 111 166 
5 22 37 39 75 125 
5 48 70 134 149 189 
5 36 59 62 77 175 
5 39 52 102 111 152 
5 2 43 52 167 173 
5 19 81 105 147 171 
5 62 76 120 142 180 
5 82 94 127 138 144 
5 48 52 72 141 143 
5 45 82 96 107 176 
5 47 56 91 126 155 
5 68 115 160 174 187 
5 27 40 49 115 175 
5 2 28 78 103 153 
5 15 32 120 182 184 
5 20 135 137 161 184 
5 3 6 12 43 144 
5 64 65 67 83 160 
5 49 58 93 140 167 
5 69 137 158 168 177 
5 90 99 115 165 180 
5 50 66 67 117 175 
5 0 55 67 72 75 
5 1 16 18 141 144 
5 5 42 147 162 176 
5 25 69 85 154 185 
5 18 60 64 147 170 
5 9 29 85 90 139 
5 13 33 55 170 171 
5 4 22 40 181 188 
5 1 5 47 55 79 
5 14 46 69 82 167 
5 36 84 123 133 185 
5 73 110 129 151 157 
190 475
5 13 78 97 151 179 
5 10 105 107 173 181 
5 42 44 96 112 114 
5 47 54 125 148 170 
5 15 112 140 156 163 
5 20 77 80 123 149 
5 14 60 79 109 145 
5 40 72 96 126 179 
5 22 26 49 106 159 
5 74 82 100 149 165 
5 1 64 65 69 177 
5 92 105 121 186 189 
5 50 55 81 84 115 
5 0 37 53 103 142 
5 6 38 117 118 132 
5 4 57 71 124 137 
5 19 116 123 137 164 
5 31 50 77 98 137 
5 28 32 131 135 180 
5 16 40 48 82 183 
5 5 53 72 93 127 
5 37 53 54 62 73 
5 8 40 91 101 176 
5 42 68 156 175 186 
5 40 82 87 111 143 
5 29 30 63 105 183 
5 8 51 66 164 170 
5 28 59 108 165 169 
5 18 27 65 67 143 
5 25 67 86 152 173 
5 25 70 106 111 168 
5 17 56 152 165 185 
5 18 90 126 147 161 
5 39 75 90 129 174 
5 41 53 60 140 171 
5 49 105 133 139 161 
5 71 86 87 103 178 
5 13 21 46 127 149 
5 14 94 127 146 182 
5 33 44 73 100 101 
5 7 19 22 24 110 
5 34 50 51 98 100 
5 2 23 85 115 135 
5 97 120 128 151 176 
5 2 39 116 119 182 
5 82 88 93 134 166 
5 37 58 75 110 181 
5 3 57 175 182 186 
5 19 85 120 161 189 
5 8 35 109 128 166 
5 12 17 41 51 64 
5 26 41 50 88 136 
5 67 133 146 159 185 
5 13 20 21 34 72 
5 3 21 65 89 170 
5 12 95 108 126 170 
5 31 68 92 154 181 
5 15 47 69 136 164 
5 46 68 90 100 144 
5 27 87 127 134 140 
5 6 34 62 130 174 
5 70 112 133 147 155 
5 21 60 76 184 188 
5 25 79 95 108 176 
5 10 50 86 97 177 
5 10 28 54 113 131 
5 26 135 161 180 187 
5 28 29 52 79 85 
5 23 56 58 148 153 
5 10 57 131 137 150 
5 30 61 101 123 158 
5 15 36 87 174 182 
5 7 20 53 104 140 
5 21 39 78 89 163 
5 9 78 157 168 185 
5 33 46 109 159 183 
5 62 79 81 119 179 
5 5 17 83 133 168 
5 0 73 74 122 143 
5 6 63 67 76 189 
5 5 84 105 126 165 
5 12 76 118 167 172 
5 9 19 24 45 182 
5 77 107 145 148 171 
5 12 80 94 157 171 
5 42 48 67 91 178 
5 29 36 64 93 153 
5 24 36 59 71 104 
5 45 51 158 166 189 
5 54 73 136 144 175 
5 32 33 58 96 138 
5 22 85 134 164 165 
5 11 56 94 119 137 
5 20 45 86 116 125 
5 38 84 92 112 131 
5 55 63 125 156 169 
5 2 7 90 122 179 
5 0 43 64 103 168 
5 17 41 121 135 155 
5 104 111 156 160 184 
5 9 39 41 58 152 
5 22 39 70 142 160 
5 107 122 145 150 152 
5 13 36 97 152 172 
5 72 87 99 117 153 
5 1 11 25 35 80 
5 8 30 109 112 188 
5 1 83 102 158 185 
5 27 55 63 130 138 
5 6 49 75 106 118 
5 40 46 138 162 186 
5 24 30 99 116 177 
5 2 4 61 94 106 
5 65 136 156 172 189 
5 2 141 150 153 161 
5 12 42 121 144 149 
5 16 44 93 111 123 
5 14 104 118 145 181 
5 14 81 109 117 154 
5 44 76 92 181 187 
5 43 48 124 132 179 
5 11 98 115 130 167 
5 78 96 102 136 162 
5 5 16 70 116 185 
5 15 120 129 130 178 
5 3 93 95 142 163 
5 7 32 55 80 144 
5 20 37 38 59 129 
5 43 49 135 147 166 
5 33 124 127 141 155 
5 60 108 121 124 169 
5 18 65 69 94 160 
5 14 120 142 160 180 
5 35 52 61 77 166 
5 45 59 91 145 151 
5 18 42 66 98 128 
5 51 57 89 113 122 
5 15 16 17 69 92 
5 90 108 110 173 186 
5 35 144 148 178 184 
5 4 34 59 72 162 
5 114 129 147 162 178 
5 13 101 125 132 173 
5 24 28 78 164 176 
5 58 89 115 126 139 
5 6 83 102 117 134 
5 38 52 157 158 187 
5 32 61 128 141 183 
5 3 68 83 139 157 
5 5 9 37 115 151 
5 69 102 114 177 187 
5 0 43 134 149 188 
5 29 31 100 102 103 
5 68 86 104 114 160 
5 56 118 175 180 184 
5 61 98 129 159 188 
5 4 23 95 99 113 
5 74 84 146 148 167 
5 70 88 107 146 163 
5 8 52 75 155 169 
5 99 101 131 132 153 
5 32 35 48 66 114 
5 110 122 140 141 176 
5 4 73 125 158 172 
5 16 26 57 91 143 
5 9 27 31 80 91 
5 45 49 88 128 133 
5 81 121 157 169 184 
5 30 74 77 97 174 
5 27 95 130 159 167 
5 3 26 54 55 174 
5 34 83 84 177 188 
5 81 103 113 163 187 
5 1 29 138 142 175 
5 33 60 71 168 170 
5 23 47 89 154 173 
5 22 43 63 143 162 
5 10 64 111 150 171 
5 36 85 124 139 141 
5 0 7 76 96 120 
5 18 66 132 154 183 
5 1 46 56 117 119 
5 38 44 47 71 82 
5 19 25 75 147 180 
5 62 99 139 154 167 
5 31 52 74 107 123 
5 11 23 47 110 138 
5 66 119 146 150 172 
5 62 106 151 155 171 
5 11 48 79 88 113 
