260 650
5 30 107 124 242 258 
5 61 68 129 191 209 
5 54 133 188 208 224 
5 43 44 174 193 236 
5 22 42 87 158 238 
5 17 28 33 100 138 
5 30 115 134 205 214 
5 75 96 192 215 222 
5 30 54 78 106 160 
5 63 159 195 203 255 
5 53 147 148 247 256 
5 71 76 81 225 253 
5 96 107 116 142 189 
5 52 66 137 204 231 
5 47 74 113 164 241 
5 57 58 153 185 237 
5 35 41 135 237 238 
5 5 27 172 207 236 
5 115 151 172 202 214 
5 72 83 110 129 258 
5 26 79 233 247 255 
5 71 118 190 244 246 
5 4 29 33 204 250 
5 60 124 175 191 219 
5 38 56 90 105 117 
5 35 36 57 91 118 
5 20 150 156 172 240 
5 17 46 92 95 140 
5 5 88 105 126 218 
5 22 33 181 240 252 
5 0 6 8 144 234 
5 37 59 97 99 154 
5 116 162 179 246 248 
5 5 22 29 89 119 
5 45 77 206 207 247 
5 16 25 36 73 119 
5 25 35 55 176 244 
5 31 77 155 209 218 
5 24 39 126 138 178 
5 38 114 129 198 237 
5 143 152 160 234 245 
5 16 63 99 180 241 
5 4 73 82 137 190 
5 3 163 168 173 202 
5 3 107 171 186 253 
5 34 67 202 237 241 
5 27 89 103 140 209 
5 14 127 182 186 199 
5 70 83 212 233 251 
5 63 73 118 194 251 
5 60 79 134 196 210 
5 53 106 136 146 190 
5 13 61 89 216 239 
5 10 51 83 172 231 
5 2 8 94 169 208 
5 36 116 180 192 248 
5 24 61 242 245 249 
5 15 25 69 94 135 
5 15 133 177 181 183 
5 31 100 153 164 197 
5 23 50 98 107 259 
5 1 52 56 231 247 
5 136 198 211 228 243 
5 9 41 49 121 254 
5 133 145 146 173 180 
5 82 105 123 212 250 
5 13 101 147 167 233 
5 45 75 139 163 203 
5 1 162 196 208 226 
5 57 104 123 170 243 
5 48 82 104 219 259 
5 11 21 151 181 193 
5 19 95 125 197 210 
5 35 42 49 134 149 
5 14 76 93 142 177 
5 7 67 90 216 232 
5 11 74 122 194 208 
5 34 37 97 219 250 
5 8 155 162 177 205 
5 20 50 92 133 201 
5 154 200 216 221 224 
5 11 122 155 170 233 
5 42 65 70 183 227 
5 19 48 53 146 212 
5 86 132 147 220 243 
5 128 134 137 167 185 
5 84 114 170 201 214 
5 4 155 203 227 238 
5 28 154 178 192 244 
5 33 46 52 158 159 
5 24 75 125 182 209 
5 25 114 195 221 230 
5 27 79 175 210 211 
5 74 108 131 205 250 
5 54 57 121 144 207 
5 27 72 123 207 215 
5 7 12 102 144 202 
5 31 77 152 180 238 
5 60 133 143 199 230 
5 31 41 137 195 196 
5 5 59 145 231 256 
5 66 120 131 213 254 
5 96 150 166 213 222 
5 46 109 156 217 248 
5 69 70 105 110 211 
5 24 28 65 104 187 
5 8 51 112 239 248 
5 0 12 44 60 144 
5 93 168 183 184 234 
5 103 141 167 175 187 
5 19 104 209 212 259 
5 114 126 138 142 232 
5 106 142 161 194 205 
5 14 128 189 198 232 
5 39 86 91 111 171 
5 6 18 152 160 207 
5 12 32 55 164 216 
5 24 166 221 224 256 
5 21 25 49 120 200 
5 33 35 165 201 224 
5 101 118 182 206 222 
5 63 94 163 184 201 
5 76 81 174 185 235 
5 65 69 95 160 198 
5 0 23 191 239 247 
5 72 90 156 164 213 
5 28 38 111 157 248 
5 47 158 181 187 220 
5 85 113 145 166 256 
5 1 19 39 135 191 
5 134 136 185 186 191 
5 93 101 169 185 219 
5 84 146 152 194 245 
5 2 58 64 79 98 
5 6 50 73 85 130 
5 16 57 129 230 253 
5 51 62 130 139 216 
5 13 42 85 99 240 
5 5 38 111 225 257 
5 67 136 215 231 258 
5 27 46 141 174 179 
5 109 140 229 235 258 
5 12 74 111 112 258 
5 40 98 155 167 194 
5 30 94 96 107 257 
5 64 100 128 151 226 
5 51 64 83 132 222 
5 10 66 84 224 230 
5 10 204 210 212 242 
5 73 165 217 223 242 
5 26 102 197 200 218 
5 18 71 145 166 184 
5 40 97 115 132 229 
5 15 59 167 228 249 
5 31 80 88 183 232 
5 37 78 81 87 143 
5 26 103 125 161 234 
5 126 214 228 250 252 
5 4 89 127 161 229 
5 9 89 160 165 193 
5 8 40 115 123 159 
5 112 156 158 249 254 
5 32 68 78 192 257 
5 43 67 121 230 241 
5 14 59 116 125 215 
5 119 149 159 169 171 
5 102 117 128 151 168 
5 66 85 109 143 153 
5 43 108 166 174 180 
5 54 131 165 171 252 
5 69 81 86 255 257 
5 44 114 165 169 193 
5 17 18 26 53 257 
5 43 64 196 223 235 
5 3 122 140 168 226 
5 23 92 109 227 259 
5 36 186 189 199 213 
5 58 74 78 184 246 
5 38 88 179 182 234 
5 32 140 178 215 254 
5 41 55 64 97 168 
5 29 58 71 127 236 
5 47 90 120 178 184 
5 58 82 108 154 252 
5 108 121 151 177 182 
5 15 85 122 130 131 
5 44 47 130 176 251 
5 105 109 127 203 204 
5 2 236 240 253 256 
5 12 113 176 208 223 
5 21 42 51 228 249 
5 1 23 124 129 130 
5 7 55 88 162 233 
5 3 71 159 171 227 
5 49 76 112 132 143 
5 9 91 99 200 229 
5 50 68 99 173 245 
5 59 72 150 225 241 
5 39 62 113 123 225 
5 47 98 176 236 238 
5 80 118 150 195 204 
5 79 86 119 121 229 
5 18 43 45 96 244 
5 9 67 87 187 206 
5 13 22 148 187 200 
5 6 78 93 112 252 
5 34 120 203 239 243 
5 17 34 94 95 115 
5 2 54 68 76 189 
5 1 37 46 90 110 
5 50 72 92 148 246 
5 62 92 104 223 235 
5 48 65 83 110 148 
5 101 102 125 176 217 
5 6 18 86 157 237 
5 7 95 139 164 179 
5 52 75 80 116 136 
5 103 149 213 249 259 
5 28 37 150 223 227 
5 23 70 77 131 251 
5 84 127 222 226 244 
5 80 91 117 226 232 
5 7 102 120 146 220 
5 149 173 189 211 218 
5 2 80 117 119 147 
5 11 138 197 198 253 
5 68 145 174 220 221 
5 82 87 175 193 218 
5 62 153 157 190 243 
5 141 152 158 195 201 
5 91 98 135 147 163 
5 13 53 61 100 139 
5 75 111 113 154 221 
5 20 48 66 81 192 
5 30 40 108 156 178 
5 122 141 173 211 254 
5 3 17 181 188 199 
5 15 16 39 45 214 
5 4 16 87 97 199 
5 52 106 124 206 251 
5 26 29 137 188 245 
5 14 41 45 163 197 
5 0 56 148 149 255 
5 62 69 84 206 228 
5 21 36 88 202 220 
5 40 56 132 196 240 
5 21 32 177 210 255 
5 10 20 34 61 124 
5 32 55 103 106 126 
5 56 153 161 190 217 
5 22 65 77 93 157 
5 48 49 186 219 239 
5 29 157 169 183 205 
5 11 44 135 188 225 
5 63 101 161 179 235 
5 9 20 170 242 246 
5 10 100 117 128 188 
5 138 144 162 170 172 
5 0 19 139 141 142 
5 60 70 110 175 217 
260 650
5 36 72 148 167 232 
5 31 53 109 231 236 
5 62 69 123 180 183 
5 62 96 111 133 153 
5 17 20 49 83 168 
5 155 172 218 219 230 
5 96 101 124 235 256 
5 120 144 173 189 254 
5 50 53 162 196 223 
5 30 51 125 131 229 
5 38 54 135 184 247 
5 50 121 139 193 219 
5 30 40 55 93 146 
5 86 115 171 173 175 
5 15 134 142 180 182 
5 14 96 127 137 156 
5 38 75 118 211 253 
5 4 102 148 204 206 
5 40 87 197 204 222 
5 34 46 91 145 151 
5 4 22 61 98 171 
5 77 120 163 186 197 
5 20 119 162 196 248 
5 29 78 82 185 222 
5 66 69 72 188 251 
5 74 195 202 205 224 
5 41 58 134 139 184 
5 88 98 117 122 214 
5 51 165 170 238 258 
5 23 63 226 238 239 
5 9 12 36 214 257 
5 1 41 163 171 259 
5 104 127 148 255 259 
5 71 97 120 187 191 
5 19 45 53 115 215 
5 54 134 157 189 233 
5 0 30 46 125 240 
5 130 215 218 221 254 
5 10 16 39 63 204 
5 38 108 124 136 216 
5 12 18 109 149 160 
5 26 31 124 164 183 
5 77 152 228 234 243 
5 45 86 87 171 176 
5 106 209 220 223 232 
5 34 43 113 158 182 
5 19 36 85 220 251 
5 48 56 161 233 244 
5 47 153 158 187 202 
5 4 111 116 149 183 
5 8 11 92 152 257 
5 9 28 174 184 259 
5 207 230 240 242 244 
5 1 8 34 84 86 
5 10 35 58 88 109 
5 12 70 122 187 209 
5 47 69 108 210 246 
5 78 147 180 186 238 
5 26 54 91 171 221 
5 78 79 129 207 248 
5 90 149 179 192 196 
5 20 80 130 210 229 
5 2 3 162 176 227 
5 29 38 64 163 208 
5 63 66 85 129 246 
5 73 127 128 160 178 
5 24 64 76 92 217 
5 74 117 132 234 240 
5 70 180 247 251 254 
5 2 24 56 86 126 
5 55 68 108 158 235 
5 33 98 112 177 236 
5 0 24 87 169 211 
5 65 116 142 212 231 
5 25 67 175 182 207 
5 16 101 167 205 236 
5 66 118 189 200 209 
5 21 42 82 198 213 
5 23 57 59 114 140 
5 59 129 130 190 198 
5 61 153 170 227 238 
5 88 161 164 194 245 
5 23 77 85 200 243 
5 4 97 103 116 141 
5 53 88 107 145 229 
5 46 64 82 213 228 
5 13 43 53 69 242 
5 18 43 72 143 207 
5 27 54 81 84 108 
5 90 115 143 228 231 
5 60 89 205 245 253 
5 19 58 170 182 212 
5 50 66 113 147 220 
5 12 105 153 159 206 
5 99 104 126 146 215 
5 102 190 222 248 258 
5 3 6 15 219 236 
5 33 83 114 140 188 
5 20 27 71 135 229 
5 94 104 173 249 253 
5 125 133 134 141 153 
5 6 75 144 198 247 
5 17 95 138 147 178 
5 83 172 195 206 233 
5 32 94 99 145 226 
5 93 159 177 225 243 
5 44 112 113 235 248 
5 84 130 185 239 255 
5 39 56 70 88 127 
5 1 40 54 123 178 
5 136 179 243 256 259 
5 3 49 203 235 253 
5 71 106 175 176 205 
5 45 92 106 133 142 
5 78 97 150 163 193 
5 13 34 89 165 184 
5 49 73 83 198 227 
5 27 67 118 189 249 
5 16 76 117 201 257 
5 22 146 174 195 214 
5 7 21 33 181 249 
5 11 166 209 219 230 
5 27 55 150 197 199 
5 2 109 191 228 245 
5 6 39 41 163 203 
5 9 36 100 131 148 
5 69 94 166 213 258 
5 15 32 65 108 213 
5 65 140 223 242 246 
5 59 64 79 174 217 
5 37 61 79 107 152 
5 9 125 192 194 215 
5 67 151 173 217 224 
5 3 100 113 157 165 
5 14 26 35 100 237 
5 10 98 154 167 248 
5 39 110 150 210 255 
5 15 149 185 200 225 
5 102 155 205 211 224 
5 11 26 177 217 233 
5 78 97 128 231 238 
5 83 100 208 228 259 
5 14 73 113 151 208 
5 87 89 226 250 252 
5 7 101 149 176 241 
5 19 84 104 160 194 
5 12 94 119 186 201 
5 57 92 102 244 255 
5 0 17 32 125 195 
5 40 49 60 137 144 
5 114 122 136 227 245 
5 19 132 142 199 236 
5 42 50 130 177 183 
5 3 48 80 93 100 
5 135 156 161 193 216 
5 5 138 179 237 251 
5 15 154 190 223 232 
5 35 133 179 187 243 
5 45 48 70 175 239 
5 93 105 169 210 257 
5 40 65 145 174 252 
5 47 81 154 193 201 
5 8 22 62 168 212 
5 21 31 63 114 124 
5 41 81 172 214 253 
5 28 115 133 230 249 
5 121 126 211 221 244 
5 0 75 135 192 196 
5 4 162 172 193 256 
5 72 159 191 211 220 
5 28 80 91 206 226 
5 13 20 31 43 58 
5 5 103 164 168 241 
5 7 13 99 132 229 
5 51 119 129 160 223 
5 13 74 112 158 189 
5 43 62 112 144 203 
5 71 105 139 152 246 
5 65 102 109 186 244 
5 60 110 155 157 226 
5 2 14 57 68 220 
5 120 188 196 198 225 
5 14 45 74 91 217 
5 2 41 49 152 204 
5 10 26 51 115 225 
5 23 107 137 199 239 
5 21 57 146 178 212 
5 33 48 55 157 250 
5 24 97 181 201 218 
5 7 35 76 117 175 
5 79 95 156 240 247 
5 33 123 169 197 214 
5 60 131 167 204 245 
5 11 114 154 161 168 
5 81 131 145 207 222 
5 25 103 119 148 247 
5 8 22 60 167 181 
5 18 21 122 191 232 
5 77 79 101 116 181 
5 122 151 185 224 241 
5 76 82 137 208 249 
5 118 146 161 188 254 
5 25 48 219 233 256 
5 111 124 176 218 237 
5 17 18 38 183 192 
5 25 75 90 112 138 
5 17 93 103 170 218 
5 52 59 74 87 194 
5 63 141 142 200 234 
5 44 55 76 121 230 
5 56 61 136 159 216 
5 16 72 138 166 169 
5 73 91 162 186 250 
5 77 85 126 127 242 
5 27 30 119 164 191 
5 34 37 94 131 256 
5 39 154 210 252 255 
5 66 129 132 139 182 
5 5 37 188 203 206 
5 5 11 96 121 202 
5 44 46 92 169 180 
5 37 58 166 222 254 
5 18 23 95 194 221 
5 8 44 128 156 174 
5 25 132 138 199 250 
5 105 137 181 184 231 
5 29 104 143 170 179 
5 62 80 116 150 237 
5 42 85 89 123 141 
5 9 61 84 98 173 
5 5 52 121 165 209 
5 1 73 89 140 225 
5 0 44 156 197 237 
5 35 47 103 139 202 
5 42 67 208 241 252 
5 6 70 106 111 252 
5 1 71 75 96 151 
5 134 155 203 227 232 
5 28 29 57 80 140 
5 29 107 158 185 246 
5 36 52 67 190 257 
5 144 172 199 234 250 
5 52 86 128 213 258 
5 42 82 105 110 157 
5 47 52 147 166 178 
5 81 90 123 150 192 
5 56 64 128 177 239 
5 10 68 101 190 195 
5 22 59 95 106 135 
5 99 117 120 165 200 
5 143 187 212 224 241 
5 24 46 68 155 258 
5 143 160 216 234 235 
5 16 90 99 111 164 
5 7 37 68 201 221 
5 32 107 136 147 216 
5 6 110 168 202 215 
5 30 50 118 159 240 
5 28 95 126 242 251 
5 31 32 51 110 141 
