290 725
5 40 58 183 260 289 
5 70 72 127 153 281 
5 78 91 170 178 179 
5 7 37 45 102 151 
5 72 196 204 210 268 
5 8 85 206 215 253 
5 30 71 114 163 275 
5 3 126 209 235 251 
5 5 16 98 205 280 
5 23 26 95 114 287 
5 69 146 152 161 262 
5 53 77 154 216 254 
5 80 127 173 190 271 
5 81 122 182 187 193 
5 37 81 181 244 250 
5 24 74 123 165 237 
5 8 82 118 121 219 
5 64 83 162 195 235 
5 37 87 199 272 287 
5 22 46 124 150 277 
5 90 101 130 190 224 
5 31 117 135 175 278 
5 19 62 94 161 274 
5 9 56 97 120 168 
5 15 43 124 167 248 
5 32 183 243 261 281 
5 9 62 198 211 245 
5 40 94 120 181 247 
5 65 88 107 160 255 
5 41 80 189 213 223 
5 6 189 230 242 266 
5 21 56 86 132 201 
5 25 45 65 154 277 
5 81 89 150 167 184 
5 109 115 132 145 187 
5 42 51 103 114 134 
5 60 111 151 215 234 
5 3 14 18 43 278 
5 44 186 246 269 283 
5 105 197 246 254 273 
5 0 27 111 145 177 
5 29 126 133 172 177 
5 35 117 248 267 268 
5 24 37 84 175 255 
5 38 84 92 172 286 
5 3 32 118 252 266 
5 19 112 125 180 270 
5 121 185 207 212 274 
5 72 114 138 156 267 
5 210 233 252 259 265 
5 52 123 155 164 275 
5 35 103 132 143 242 
5 50 78 215 224 256 
5 11 163 220 276 285 
5 141 182 209 214 280 
5 125 154 195 236 255 
5 23 31 69 155 279 
5 169 213 247 269 285 
5 0 162 166 176 200 
5 88 104 113 167 196 
5 36 85 244 261 281 
5 82 171 227 233 264 
5 22 26 79 182 289 
5 139 156 194 228 287 
5 17 67 94 123 129 
5 28 32 73 183 249 
5 183 185 216 243 288 
5 64 93 131 162 218 
5 74 145 205 244 263 
5 10 56 101 123 149 
5 1 83 105 108 118 
5 6 169 186 200 245 
5 1 4 48 92 277 
5 65 76 116 176 242 
5 15 68 99 140 275 
5 139 197 214 217 224 
5 73 156 161 189 264 
5 11 159 249 276 283 
5 2 52 108 218 285 
5 62 159 161 185 258 
5 12 29 128 165 238 
5 13 14 33 100 215 
5 16 61 220 237 258 
5 17 70 88 143 155 
5 43 44 141 231 240 
5 5 60 111 191 211 
5 31 139 168 206 242 
5 18 150 195 202 280 
5 28 59 83 108 132 
5 33 98 119 174 241 
5 20 216 245 257 267 
5 2 117 128 147 279 
5 44 72 134 137 259 
5 67 129 203 245 286 
5 22 27 64 117 208 
5 9 104 107 112 246 
5 132 199 202 211 240 
5 23 124 158 179 180 
5 8 89 131 190 236 
5 74 102 170 257 282 
5 81 160 188 193 204 
5 20 69 109 136 240 
5 3 99 106 173 261 
5 35 51 131 188 271 
5 59 95 158 247 281 
5 39 70 137 168 287 
5 102 115 158 231 253 
5 28 95 137 163 210 
5 70 78 88 125 152 
5 34 101 141 186 238 
5 157 188 203 258 261 
5 36 40 85 160 252 
5 46 95 195 208 225 
5 59 146 207 213 219 
5 6 9 35 48 217 
5 34 106 151 180 280 
5 73 154 158 239 243 
5 21 42 91 94 237 
5 16 45 70 198 241 
5 89 144 189 218 278 
5 23 27 170 223 232 
5 16 47 153 200 223 
5 13 156 157 212 250 
5 15 50 64 69 165 
5 19 24 97 204 275 
5 46 55 108 154 188 
5 7 41 129 209 257 
5 1 12 142 232 251 
5 80 91 220 228 263 
5 64 93 126 172 264 
5 20 155 181 228 254 
5 67 98 103 187 227 
5 31 34 51 88 96 
5 41 144 170 248 289 
5 35 92 140 184 255 
5 21 172 173 236 284 
5 101 216 219 241 283 
5 92 105 107 194 196 
5 48 148 187 201 209 
5 63 75 86 198 258 
5 74 134 146 203 207 
5 54 84 109 232 256 
5 127 153 175 262 268 
5 51 83 151 201 232 
5 119 133 204 234 266 
5 34 40 68 193 272 
5 10 113 140 147 273 
5 91 146 153 177 216 
5 138 149 194 219 264 
5 69 148 169 236 238 
5 19 33 87 179 205 
5 3 36 115 143 192 
5 10 108 164 233 281 
5 1 121 142 147 285 
5 11 32 55 116 125 
5 50 56 83 130 282 
5 48 63 76 122 159 
5 110 122 235 256 271 
5 97 104 106 116 218 
5 77 79 156 225 279 
5 28 100 111 238 275 
5 10 22 76 79 199 
5 17 58 67 189 276 
5 6 53 107 196 265 
5 50 152 179 181 273 
5 15 80 123 235 256 
5 58 173 177 234 273 
5 24 33 59 173 254 
5 23 86 105 201 230 
5 57 71 149 276 288 
5 2 99 120 133 224 
5 61 193 202 250 264 
5 41 44 129 135 193 
5 12 102 135 166 167 
5 89 225 228 237 286 
5 21 43 142 211 230 
5 58 73 242 266 270 
5 40 41 147 166 284 
5 2 180 203 229 246 
5 2 97 150 164 230 
5 46 97 115 178 225 
5 14 27 130 164 213 
5 13 54 62 199 206 
5 0 25 65 66 239 
5 33 134 254 278 289 
5 47 66 79 202 244 
5 38 71 109 251 283 
5 13 34 131 138 241 
5 100 103 110 125 260 
5 29 30 76 119 162 
5 12 20 98 262 280 
5 85 214 235 251 271 
5 151 222 229 259 278 
5 13 100 145 171 172 
5 63 137 148 199 282 
5 17 55 87 112 273 
5 4 59 137 163 198 
5 39 75 226 227 272 
5 26 118 139 196 231 
5 18 96 161 182 194 
5 58 71 121 244 270 
5 31 138 143 168 271 
5 87 96 171 185 214 
5 93 110 140 178 263 
5 4 100 124 144 284 
5 8 68 150 222 241 
5 5 86 182 230 247 
5 47 113 140 209 222 
5 94 112 226 248 249 
5 7 54 126 138 207 
5 4 49 107 217 263 
5 26 85 96 175 288 
5 47 122 228 234 240 
5 29 57 113 181 269 
5 54 75 191 202 243 
5 5 36 52 81 259 
5 11 66 90 136 147 
5 75 114 210 279 288 
5 67 78 119 158 225 
5 16 113 136 148 287 
5 53 82 128 224 269 
5 223 229 240 262 274 
5 192 205 207 233 270 
5 29 120 121 221 260 
5 20 52 75 170 220 
5 112 159 174 180 218 
5 197 208 229 258 289 
5 61 131 197 268 277 
5 63 128 130 174 212 
5 178 192 221 226 256 
5 30 168 175 179 206 
5 84 106 198 251 270 
5 120 127 141 143 267 
5 49 61 152 222 277 
5 36 144 166 212 250 
5 7 17 157 165 191 
5 55 98 135 149 239 
5 15 82 117 174 257 
5 80 109 149 160 245 
5 116 183 236 253 279 
5 84 96 101 212 221 
5 89 118 136 187 205 
5 30 51 73 86 176 
5 25 66 116 214 252 
5 14 60 68 185 200 
5 26 71 90 93 238 
5 38 39 95 178 253 
5 27 57 104 206 259 
5 24 42 133 208 282 
5 65 77 208 252 266 
5 14 122 171 234 260 
5 7 127 186 191 231 
5 45 49 111 243 249 
5 5 106 239 246 276 
5 11 39 130 167 184 
5 28 43 55 134 265 
5 52 141 157 165 229 
5 90 99 126 237 288 
5 79 82 110 139 226 
5 49 92 192 215 247 
5 0 188 223 250 284 
5 25 60 102 110 262 
5 10 142 190 221 261 
5 68 128 203 210 267 
5 61 76 129 148 171 
5 49 163 255 269 272 
5 30 45 144 176 249 
5 42 48 90 232 263 
5 4 42 142 227 286 
5 38 57 213 220 265 
5 46 176 200 222 231 
5 12 103 157 191 201 
5 18 145 197 265 274 
5 39 146 164 166 195 
5 22 47 221 272 283 
5 6 50 74 124 160 
5 53 77 162 169 253 
5 19 32 72 227 233 
5 21 37 119 184 192 
5 56 91 159 217 239 
5 8 54 87 115 190 
5 1 25 60 104 152 
5 99 155 194 248 285 
5 38 77 136 186 274 
5 135 177 204 260 286 
5 53 57 78 153 282 
5 44 93 174 268 284 
5 9 18 63 105 219 
5 66 169 211 217 257 
5 0 62 133 184 226 
290 725
5 13 53 103 144 152 
5 12 45 75 161 168 
5 24 177 186 240 288 
5 13 39 81 134 282 
5 143 165 194 226 264 
5 37 75 147 197 253 
5 102 127 159 244 258 
5 73 120 191 235 263 
5 32 163 212 231 285 
5 25 98 117 225 238 
5 73 155 211 229 289 
5 12 23 120 123 278 
5 1 11 108 184 236 
5 0 3 50 195 243 
5 44 96 168 196 259 
5 36 112 121 122 198 
5 50 65 159 269 276 
5 47 56 162 194 287 
5 92 110 119 149 280 
5 39 152 158 230 271 
5 70 94 109 140 142 
5 53 79 206 265 274 
5 35 87 133 222 237 
5 11 128 150 181 261 
5 2 71 157 173 281 
5 9 62 163 221 262 
5 79 87 182 184 206 
5 83 90 213 237 268 
5 133 206 223 276 284 
5 48 107 129 241 245 
5 35 124 166 195 272 
5 34 146 184 204 245 
5 8 231 245 246 248 
5 66 112 213 221 241 
5 31 170 240 250 260 
5 22 30 93 225 256 
5 15 37 60 106 181 
5 5 36 129 175 283 
5 54 94 184 188 279 
5 3 19 179 231 269 
5 106 183 190 204 226 
5 50 161 232 242 265 
5 67 142 154 233 234 
5 78 132 187 201 235 
5 14 97 192 278 282 
5 1 59 169 231 275 
5 132 167 188 255 283 
5 17 151 236 248 257 
5 29 55 82 221 270 
5 144 181 193 200 262 
5 13 16 41 137 272 
5 57 110 206 259 272 
5 73 151 197 237 275 
5 0 21 144 202 270 
5 38 67 211 212 243 
5 48 76 121 207 286 
5 17 82 85 110 239 
5 51 124 234 257 289 
5 65 102 141 172 178 
5 45 111 206 273 275 
5 36 103 182 215 248 
5 115 125 158 172 236 
5 25 105 116 121 279 
5 125 150 163 194 246 
5 98 105 114 269 288 
5 16 58 107 118 137 
5 33 76 84 166 270 
5 42 54 136 171 277 
5 170 209 231 234 264 
5 81 120 126 200 265 
5 20 122 147 260 274 
5 24 74 108 205 276 
5 87 107 148 257 264 
5 7 10 52 162 246 
5 71 249 261 271 288 
5 1 5 162 165 245 
5 55 66 233 237 250 
5 134 195 196 222 266 
5 43 80 202 258 286 
5 21 26 136 173 189 
5 78 83 92 127 168 
5 3 69 95 182 207 
5 48 56 189 242 244 
5 27 80 164 166 243 
5 66 123 187 195 256 
5 56 109 118 211 238 
5 94 143 212 219 281 
5 22 26 72 89 215 
5 89 96 138 227 252 
5 87 88 228 274 280 
5 27 121 222 254 282 
5 119 148 278 279 288 
5 18 80 169 193 210 
5 35 94 113 252 282 
5 20 38 86 93 159 
5 81 107 125 165 190 
5 14 88 100 104 199 
5 44 134 140 145 158 
5 9 64 111 147 233 
5 101 144 167 176 196 
5 96 116 137 146 218 
5 99 114 134 159 182 
5 6 58 155 238 254 
5 0 60 145 153 235 
5 96 117 124 148 153 
5 62 64 131 149 156 
5 36 40 139 214 243 
5 29 65 72 95 226 
5 12 71 221 223 277 
5 20 85 172 216 281 
5 18 51 56 145 265 
5 59 98 146 185 204 
5 15 33 130 144 208 
5 93 126 184 191 240 
5 64 101 160 214 254 
5 61 200 205 210 253 
5 62 100 199 213 227 
5 9 104 162 204 273 
5 65 85 188 247 275 
5 18 91 150 220 287 
5 7 11 69 141 286 
5 15 55 62 90 239 
5 15 70 187 229 263 
5 11 84 189 220 277 
5 30 57 104 198 214 
5 61 63 95 127 183 
5 69 113 135 191 232 
5 6 80 125 273 276 
5 23 169 174 211 286 
5 29 37 153 225 271 
5 112 150 180 219 245 
5 105 161 177 220 236 
5 43 46 138 147 289 
5 22 28 192 229 234 
5 3 77 97 101 267 
5 126 163 169 250 260 
5 67 79 178 181 285 
5 50 65 100 175 179 
5 88 132 183 221 282 
5 106 180 222 259 280 
5 20 97 143 193 274 
5 58 120 241 261 289 
5 20 42 178 223 249 
5 4 86 140 178 187 
5 0 49 53 99 112 
5 97 103 110 203 217 
5 31 100 111 159 188 
5 5 70 98 132 210 
5 72 91 104 180 252 
5 18 105 212 225 263 
5 23 63 119 130 254 
5 47 52 174 193 247 
5 0 19 171 268 272 
5 103 104 129 242 275 
5 42 167 201 230 280 
5 10 102 157 280 283 
5 105 170 200 244 271 
5 24 155 209 228 281 
5 19 61 97 250 289 
5 6 16 94 101 146 
5 114 165 173 195 257 
5 1 41 131 192 219 
5 17 73 75 117 269 
5 8 25 63 135 190 
5 83 192 233 279 285 
5 4 75 95 160 198 
5 30 66 83 202 214 
5 46 99 154 179 216 
5 1 14 80 178 249 
5 45 92 128 135 208 
5 34 68 156 224 229 
5 67 152 198 209 249 
5 58 61 109 197 247 
5 24 79 160 239 260 
5 128 151 185 228 251 
5 37 137 205 224 241 
5 99 201 226 233 261 
5 2 131 179 227 239 
5 58 136 142 143 168 
5 39 137 167 177 257 
5 130 139 148 248 255 
5 23 36 49 136 183 
5 26 60 81 101 217 
5 40 125 138 181 191 
5 12 26 31 38 113 
5 111 174 188 218 284 
5 2 232 243 252 288 
5 43 84 122 143 242 
5 38 46 118 146 185 
5 79 82 123 196 208 
5 40 95 163 261 266 
5 7 113 126 183 277 
5 44 133 161 164 284 
5 49 92 140 151 216 
5 4 17 63 217 225 
5 13 30 77 84 160 
5 14 77 99 189 220 
5 5 52 172 202 209 
5 15 124 165 171 207 
5 96 116 205 218 266 
5 49 69 115 156 244 
5 43 154 176 230 287 
5 53 78 166 197 204 
5 145 212 229 244 283 
5 31 40 111 117 202 
5 71 115 175 199 267 
5 21 26 28 51 59 
5 55 81 198 248 285 
5 112 169 189 226 235 
5 68 157 171 197 260 
5 92 115 147 242 249 
5 10 54 85 128 223 
5 8 54 86 149 203 
5 27 33 116 240 258 
5 106 114 124 166 270 
5 60 87 222 258 272 
5 109 167 193 224 264 
5 145 182 194 253 281 
5 100 185 199 254 255 
5 86 130 161 273 285 
5 119 123 131 196 287 
5 25 33 48 108 138 
5 22 77 90 139 215 
5 28 108 142 211 256 
5 170 175 216 234 284 
5 9 35 129 149 194 
5 4 40 107 176 208 
5 88 116 177 238 267 
5 89 157 174 237 250 
5 10 122 133 170 203 
5 19 154 201 241 271 
5 8 32 39 45 68 
5 41 126 186 253 278 
5 42 76 98 164 176 
5 42 57 68 133 224 
5 7 43 103 208 266 
5 12 47 61 131 265 
5 22 27 52 76 228 
5 9 85 102 227 266 
5 56 121 173 177 251 
5 2 34 113 213 279 
5 29 33 141 175 230 
5 41 82 153 187 210 
5 13 54 83 106 186 
5 6 82 156 200 203 
5 29 31 32 75 130 
5 32 63 73 251 259 
5 118 151 172 262 270 
5 32 47 60 180 207 
5 74 142 168 171 210 
5 34 76 135 158 228 
5 174 239 246 258 273 
5 88 93 148 186 256 
5 5 115 217 232 267 
5 90 102 114 150 218 
5 46 180 218 268 287 
5 35 84 223 252 262 
5 47 57 72 160 179 
5 6 78 213 215 251 
5 14 51 139 246 284 
5 34 70 135 173 209 
5 23 74 141 176 190 
5 25 49 247 256 278 
5 7 122 149 267 268 
5 4 68 72 216 276 
5 21 41 69 110 236 
5 77 190 199 235 238 
5 134 205 227 253 263 
5 27 152 255 263 286 
5 16 39 64 162 277 
5 48 53 66 214 247 
5 19 74 129 156 230 
5 30 50 51 152 215 
5 59 117 127 219 251 
5 21 70 89 140 283 
5 45 52 59 118 153 
5 16 28 71 127 264 
5 67 108 123 191 269 
5 11 44 91 232 262 
5 38 62 91 164 240 
5 18 89 139 154 155 
5 24 86 109 157 217 
5 3 44 90 93 138 
5 37 46 155 203 274 
5 28 185 192 224 259 
5 8 136 164 207 219 
5 55 78 120 128 268 
5 17 119 201 220 255 
5 2 64 74 91 186 
5 10 57 132 141 158 
