340 850
5 20 160 166 213 319 
5 33 76 82 285 294 
5 11 21 65 310 314 
5 152 209 260 291 323 
5 38 81 167 210 336 
5 27 51 149 161 256 
5 47 49 246 257 297 
5 65 103 285 304 308 
5 87 137 270 306 307 
5 14 89 90 163 164 
5 51 104 123 198 330 
5 2 38 98 271 289 
5 103 119 244 316 331 
5 184 206 207 210 257 
5 9 156 217 313 339 
5 37 159 215 225 270 
5 22 131 179 187 223 
5 196 219 221 309 322 
5 45 69 97 244 327 
5 76 91 114 133 230 
5 0 53 231 254 298 
5 2 35 72 172 230 
5 16 37 152 270 327 
5 33 125 182 297 333 
5 26 61 72 216 273 
5 35 36 271 296 309 
5 24 75 186 202 284 
5 5 117 186 255 279 
5 155 212 238 254 278 
5 40 127 260 261 278 
5 142 163 175 190 274 
5 36 114 160 310 337 
5 78 83 135 157 243 
5 1 23 236 323 337 
5 86 129 242 276 278 
5 21 25 108 150 282 
5 25 31 217 280 324 
5 15 22 95 229 333 
5 4 11 127 153 195 
5 61 85 105 134 151 
5 29 148 226 243 252 
5 67 95 180 263 290 
5 68 79 83 97 272 
5 73 207 214 219 242 
5 160 215 218 232 321 
5 18 79 93 113 174 
5 113 147 164 232 318 
5 6 86 101 204 265 
5 164 179 285 297 336 
5 6 110 133 186 267 
5 63 114 143 175 229 
5 5 10 247 262 292 
5 151 222 248 252 321 
5 20 75 154 237 272 
5 140 203 263 290 315 
5 64 184 224 294 301 
5 71 242 293 306 321 
5 92 130 176 298 323 
5 152 154 162 214 328 
5 74 146 181 276 335 
5 64 130 163 269 292 
5 24 39 117 200 266 
5 75 92 179 191 295 
5 50 112 116 167 227 
5 55 60 68 161 253 
5 2 7 118 168 299 
5 110 117 291 304 314 
5 41 99 138 215 235 
5 42 64 165 231 280 
5 18 135 247 283 308 
5 89 99 176 259 338 
5 56 223 262 267 305 
5 21 24 94 200 244 
5 43 84 153 157 320 
5 59 150 153 204 261 
5 26 53 62 203 338 
5 1 19 94 186 189 
5 124 185 208 224 293 
5 32 155 174 303 328 
5 42 45 202 233 293 
5 120 137 160 211 287 
5 4 151 299 311 318 
5 1 100 236 319 326 
5 32 42 86 132 184 
5 73 138 192 214 327 
5 39 87 97 143 330 
5 34 47 83 211 218 
5 8 85 114 124 312 
5 91 198 209 267 275 
5 9 70 219 300 322 
5 9 237 256 265 266 
5 19 88 219 245 259 
5 57 62 213 251 294 
5 45 109 174 205 337 
5 72 76 221 260 280 
5 37 41 131 142 275 
5 130 145 151 281 301 
5 18 42 85 315 319 
5 11 152 164 198 255 
5 67 70 178 196 238 
5 82 191 207 238 279 
5 47 115 154 176 321 
5 148 226 239 249 280 
5 7 12 144 166 296 
5 10 106 194 241 263 
5 39 110 172 303 318 
5 104 170 263 286 292 
5 127 162 185 209 325 
5 35 169 192 228 239 
5 93 111 166 243 316 
5 49 66 105 284 289 
5 109 119 145 161 332 
5 63 124 248 281 333 
5 45 46 115 136 154 
5 19 31 50 87 194 
5 101 113 125 265 326 
5 63 139 183 227 302 
5 27 61 66 180 324 
5 65 140 165 216 287 
5 12 111 148 206 332 
5 80 123 225 268 272 
5 122 208 228 267 281 
5 121 133 154 320 335 
5 10 120 165 185 256 
5 77 87 112 141 149 
5 23 115 129 145 211 
5 129 200 246 250 334 
5 29 38 107 249 329 
5 142 170 195 316 336 
5 34 125 126 177 208 
5 57 60 96 227 281 
5 16 95 197 259 277 
5 83 161 218 261 262 
5 19 49 122 190 248 
5 39 240 295 311 313 
5 32 69 311 312 322 
5 113 144 159 196 240 
5 8 80 235 244 292 
5 67 84 212 215 228 
5 116 213 217 234 288 
5 54 118 171 207 310 
5 124 177 307 313 338 
5 30 95 128 165 220 
5 50 85 149 203 230 
5 103 136 233 273 275 
5 96 111 125 177 213 
5 59 187 261 287 317 
5 46 172 309 322 331 
5 40 102 119 149 215 
5 5 124 143 148 312 
5 35 74 194 218 250 
5 39 52 81 96 165 
5 3 22 58 98 237 
5 38 73 74 158 284 
5 53 58 101 113 122 
5 28 78 210 288 329 
5 14 168 183 279 326 
5 32 73 167 250 326 
5 153 179 303 308 332 
5 15 136 264 271 317 
5 0 31 44 80 283 
5 5 64 111 132 288 
5 58 107 187 243 336 
5 9 30 60 176 241 
5 9 46 48 98 202 
5 68 118 123 142 151 
5 0 103 109 295 300 
5 4 63 157 198 318 
5 65 156 181 182 334 
5 108 205 280 282 286 
5 106 128 268 269 282 
5 140 175 190 203 304 
5 21 105 147 290 336 
5 205 217 224 226 339 
5 45 78 93 257 283 
5 30 50 171 232 273 
5 57 70 101 163 265 
5 129 141 145 278 334 
5 99 192 223 271 286 
5 16 48 62 158 296 
5 41 117 190 241 305 
5 59 168 201 209 219 
5 23 168 276 279 290 
5 116 156 201 221 277 
5 13 55 83 195 262 
5 77 107 123 189 301 
5 26 27 49 76 294 
5 16 146 162 226 278 
5 194 212 316 324 329 
5 76 185 193 235 301 
5 30 133 171 180 206 
5 62 100 229 251 277 
5 84 108 178 201 300 
5 189 205 208 320 321 
5 104 114 150 188 338 
5 38 128 184 229 306 
5 17 99 136 204 214 
5 131 205 225 251 310 
5 10 88 98 167 289 
5 252 263 273 315 316 
5 61 72 126 220 240 
5 181 183 192 298 323 
5 26 79 164 254 330 
5 54 75 143 171 254 
5 47 74 196 217 255 
5 93 169 173 193 197 
5 13 119 190 248 253 
5 13 43 100 140 209 
5 77 121 129 193 234 
5 3 88 107 181 207 
5 4 13 155 237 300 
5 80 86 125 216 298 
5 28 138 188 239 320 
5 0 92 139 145 264 
5 43 58 84 196 221 
5 15 44 67 138 148 
5 24 118 211 220 317 
5 14 36 139 173 204 
5 44 86 132 150 253 
5 17 43 89 91 181 
5 142 200 216 246 297 
5 17 94 183 214 247 
5 52 228 233 261 273 
5 16 71 178 238 325 
5 55 77 173 227 306 
5 15 120 197 256 276 
5 40 102 173 187 333 
5 63 116 130 224 300 
5 108 121 138 222 335 
5 37 50 191 195 230 
5 19 21 143 229 270 
5 20 68 235 254 304 
5 44 46 175 245 252 
5 79 144 222 304 311 
5 139 208 279 308 332 
5 67 137 189 231 335 
5 33 82 243 287 335 
5 53 90 152 210 288 
5 28 99 100 223 272 
5 102 108 212 258 291 
5 134 136 200 286 302 
5 104 163 180 269 289 
5 34 43 56 251 282 
5 32 40 109 162 236 
5 12 18 72 137 305 
5 91 232 260 275 305 
5 6 126 220 247 325 
5 51 69 221 246 305 
5 52 112 133 206 257 
5 102 127 264 277 307 
5 126 150 157 266 331 
5 92 191 197 242 275 
5 40 52 199 232 295 
5 64 206 218 277 306 
5 20 28 202 203 231 
5 27 98 204 295 329 
5 5 90 123 225 262 
5 6 13 174 248 302 
5 239 287 291 325 337 
5 70 91 131 284 322 
5 3 29 94 245 313 
5 29 74 132 146 222 
5 51 71 132 184 256 
5 41 54 104 106 199 
5 159 213 249 274 319 
5 47 90 115 176 325 
5 61 90 250 281 314 
5 49 71 88 121 327 
5 120 170 270 299 328 
5 60 170 241 274 303 
5 8 15 22 230 268 
5 11 25 159 178 328 
5 42 53 120 238 282 
5 24 144 175 199 222 
5 30 264 269 276 289 
5 88 95 144 245 251 
5 34 59 182 225 274 
5 131 183 191 249 253 
5 28 29 34 177 187 
5 27 100 156 182 234 
5 36 68 94 102 169 
5 96 112 121 130 266 
5 35 169 170 242 272 
5 69 160 174 285 337 
5 26 110 153 259 339 
5 1 7 48 283 314 
5 106 169 178 240 317 
5 80 118 146 236 258 
5 139 155 161 237 294 
5 11 110 198 241 274 
5 41 54 172 182 312 
5 3 66 239 258 292 
5 51 60 106 137 291 
5 56 77 79 309 329 
5 1 55 92 186 288 
5 62 134 166 252 255 
5 25 103 179 297 309 
5 6 23 48 220 296 
5 20 57 201 211 308 
5 65 81 268 302 311 
5 89 166 192 210 227 
5 55 96 185 189 315 
5 116 240 257 299 319 
5 78 105 158 269 331 
5 7 66 171 231 233 
5 71 180 244 245 247 
5 8 56 195 224 253 
5 8 141 249 310 333 
5 7 69 158 234 298 
5 17 25 147 293 296 
5 2 31 140 197 307 
5 81 134 135 233 299 
5 87 135 149 290 338 
5 14 134 141 260 318 
5 2 66 266 285 339 
5 54 97 199 301 320 
5 12 109 128 188 199 
5 146 159 216 286 334 
5 46 81 105 167 313 
5 0 82 97 264 302 
5 73 122 193 212 315 
5 44 52 56 101 193 
5 17 89 135 147 259 
5 3 33 57 201 330 
5 36 117 188 327 334 
5 107 223 246 258 265 
5 82 115 156 157 332 
5 18 22 84 267 324 
5 58 78 268 271 339 
5 127 155 188 255 293 
5 10 85 202 323 331 
5 12 147 250 303 330 
5 111 119 158 234 326 
5 23 37 112 226 307 
5 126 168 177 317 324 
5 59 122 228 235 236 
5 4 48 128 162 172 
5 31 33 93 258 283 
5 70 75 141 194 312 
5 14 173 284 314 328 
340 850
5 71 87 163 265 286 
5 91 208 220 271 317 
5 39 62 215 239 308 
5 66 101 198 232 326 
5 42 75 84 165 166 
5 40 68 111 183 305 
5 128 148 171 220 280 
5 41 83 85 178 204 
5 68 118 172 189 323 
5 116 145 202 203 272 
5 108 132 193 229 263 
5 63 76 167 203 208 
5 74 184 294 308 314 
5 160 178 252 256 306 
5 33 80 108 175 201 
5 30 57 128 239 338 
5 24 43 51 174 222 
5 82 105 107 169 271 
5 70 169 328 334 336 
5 132 218 219 234 315 
5 41 92 170 257 281 
5 45 55 201 233 283 
5 64 95 98 119 231 
5 129 154 214 216 302 
5 16 38 60 228 331 
5 190 262 290 324 336 
5 40 114 131 214 282 
5 85 99 108 155 205 
5 158 255 299 305 318 
5 102 105 173 179 293 
5 15 101 232 271 296 
5 139 144 160 258 266 
5 95 156 303 311 337 
5 14 60 241 302 321 
5 136 167 229 283 337 
5 52 124 126 244 327 
5 88 209 244 293 336 
5 169 172 194 206 301 
5 24 40 111 228 312 
5 2 113 160 180 297 
5 5 26 38 167 246 
5 7 20 121 291 319 
5 4 67 73 141 266 
5 16 71 157 263 278 
5 110 207 228 315 334 
5 21 50 100 224 254 
5 124 164 253 287 320 
5 72 148 175 202 297 
5 189 224 237 241 245 
5 52 80 89 214 292 
5 45 147 155 157 283 
5 16 71 119 199 262 
5 35 49 191 196 320 
5 104 117 186 233 250 
5 86 149 151 223 285 
5 21 74 141 194 196 
5 103 130 132 143 263 
5 15 113 142 210 287 
5 86 159 267 301 339 
5 70 144 153 164 210 
5 24 33 67 256 274 
5 83 121 257 264 284 
5 2 151 159 287 316 
5 11 249 253 284 327 
5 22 184 256 276 294 
5 80 151 198 240 245 
5 3 115 166 261 271 
5 42 60 71 91 127 
5 5 8 88 123 288 
5 163 273 285 299 315 
5 18 59 140 192 270 
5 0 43 51 67 120 
5 47 120 161 248 298 
5 42 269 297 310 319 
5 12 55 128 225 309 
5 4 159 184 199 322 
5 11 221 230 237 281 
5 122 164 179 201 266 
5 88 108 226 238 320 
5 164 221 223 234 247 
5 14 49 65 226 303 
5 229 267 295 298 308 
5 17 162 174 261 315 
5 7 61 89 114 211 
5 4 124 152 177 298 
5 7 27 115 117 296 
5 54 58 90 181 311 
5 0 118 187 255 260 
5 36 68 78 133 297 
5 49 83 152 272 277 
5 86 178 266 296 328 
5 1 67 135 184 290 
5 20 106 156 175 276 
5 143 153 232 259 304 
5 189 204 210 245 299 
5 22 32 169 183 242 
5 100 120 179 250 280 
5 163 217 221 269 334 
5 22 99 118 132 238 
5 27 98 157 239 289 
5 45 96 144 176 198 
5 3 30 237 263 322 
5 29 123 135 231 269 
5 56 180 232 268 329 
5 53 160 312 313 339 
5 17 29 140 225 331 
5 92 154 169 180 217 
5 17 121 155 208 253 
5 10 14 27 78 139 
5 139 203 206 258 300 
5 44 158 170 200 204 
5 5 38 192 215 260 
5 182 284 299 307 322 
5 39 57 133 224 274 
5 26 83 264 265 300 
5 66 85 213 250 321 
5 9 123 185 190 303 
5 53 85 150 252 326 
5 8 87 98 135 231 
5 22 51 136 268 323 
5 71 72 96 225 298 
5 41 61 107 183 227 
5 77 236 310 318 321 
5 68 102 116 146 332 
5 35 46 84 136 335 
5 139 218 278 294 330 
5 35 150 235 251 307 
5 67 142 197 214 235 
5 6 15 74 156 177 
5 23 211 252 282 335 
5 56 225 240 309 339 
5 26 161 295 313 332 
5 10 19 56 98 218 
5 88 113 239 273 311 
5 143 171 224 233 290 
5 91 102 118 221 255 
5 34 119 124 268 327 
5 165 177 202 209 264 
5 156 221 235 238 313 
5 31 108 109 125 191 
5 70 105 168 204 330 
5 42 55 289 325 329 
5 57 127 157 270 317 
5 56 93 134 172 300 
5 31 59 100 170 219 
5 9 193 230 281 295 
5 123 219 244 310 333 
5 50 165 173 220 296 
5 6 47 166 173 334 
5 54 161 198 246 292 
5 117 126 210 249 253 
5 54 62 65 279 334 
5 84 89 205 272 327 
5 59 93 193 306 320 
5 23 106 159 224 331 
5 27 50 107 197 333 
5 32 92 128 138 241 
5 43 50 99 142 291 
5 28 110 188 270 294 
5 58 62 75 154 215 
5 13 31 39 104 196 
5 72 131 149 201 322 
5 82 247 270 318 330 
5 0 69 97 229 326 
5 46 59 77 79 216 
5 4 137 147 228 325 
5 4 66 148 227 328 
5 11 34 40 188 297 
5 140 205 226 235 239 
5 17 18 37 95 106 
5 20 110 144 173 234 
5 6 134 282 286 302 
5 8 37 143 314 320 
5 29 147 148 170 286 
5 16 82 210 319 325 
5 14 47 92 259 316 
5 100 246 276 293 302 
5 84 128 137 237 256 
5 7 13 90 237 333 
5 29 77 96 250 300 
5 39 103 106 187 282 
5 86 216 258 276 330 
5 112 191 248 315 323 
5 5 95 121 247 333 
5 12 64 75 91 243 
5 116 223 248 250 305 
5 53 214 258 295 302 
5 87 180 207 262 305 
5 158 167 222 246 299 
5 8 48 94 197 235 
5 25 116 220 254 277 
5 52 139 182 264 329 
5 70 111 196 259 304 
5 10 145 153 262 286 
5 37 55 290 294 317 
5 211 231 260 304 338 
5 52 55 160 192 308 
5 127 155 189 251 337 
5 3 65 100 149 232 
5 51 75 260 287 322 
5 110 207 209 213 233 
5 14 21 77 161 288 
5 9 47 137 227 328 
5 9 11 109 206 284 
5 7 94 110 140 230 
5 27 152 168 208 325 
5 37 109 203 211 212 
5 44 187 200 243 316 
5 1 11 107 205 335 
5 36 137 200 263 269 
5 57 59 94 150 174 
5 83 129 195 206 279 
5 206 242 248 301 338 
5 115 200 223 293 328 
5 23 26 49 127 186 
5 2 111 159 283 331 
5 23 164 181 230 274 
5 97 106 236 246 275 
5 19 125 132 306 317 
5 19 144 146 268 301 
5 1 6 147 190 291 
5 76 79 97 135 138 
5 16 188 233 253 275 
5 54 79 185 213 257 
5 45 48 113 134 154 
5 74 105 120 130 286 
5 78 80 168 298 335 
5 121 166 202 275 312 
5 24 38 44 165 259 
5 10 34 81 163 249 
5 76 145 204 216 252 
5 22 102 118 195 242 
5 3 30 93 103 198 
5 21 53 134 200 222 
5 19 79 170 317 323 
5 126 127 138 168 189 
5 122 217 272 279 288 
5 48 76 101 177 178 
5 78 98 138 266 276 
5 2 15 99 133 168 
5 65 130 241 265 285 
5 33 48 156 240 247 
5 95 212 231 309 336 
5 184 207 275 314 326 
5 35 36 146 279 313 
5 48 65 94 280 290 
5 40 149 176 188 217 
5 79 162 183 241 273 
5 72 182 185 212 326 
5 63 150 229 288 314 
5 53 96 115 179 185 
5 126 197 258 273 324 
5 13 117 129 230 303 
5 46 63 107 150 222 
5 45 190 291 323 337 
5 28 87 135 264 325 
5 13 60 64 177 265 
5 20 61 223 289 339 
5 31 109 181 186 251 
5 93 175 192 228 280 
5 87 111 195 199 310 
5 66 82 269 284 321 
5 25 51 187 193 314 
5 10 43 56 101 209 
5 61 114 137 191 255 
5 0 114 240 256 289 
5 31 42 77 90 238 
5 58 81 270 281 324 
5 103 119 136 219 321 
5 73 97 102 209 261 
5 70 142 158 162 267 
5 1 17 30 66 274 
5 9 89 152 236 339 
5 69 133 247 251 292 
5 60 113 216 271 316 
5 217 222 227 243 289 
5 64 92 176 181 238 
5 89 190 303 319 324 
5 43 125 292 335 338 
5 151 211 236 244 300 
5 6 96 245 259 309 
5 20 76 145 267 285 
5 26 129 171 180 296 
5 21 34 50 215 293 
5 61 63 112 203 261 
5 54 69 240 281 332 
5 0 171 173 193 225 
5 46 57 62 199 306 
5 68 201 236 249 304 
5 99 141 257 265 275 
5 25 91 134 194 245 
5 41 157 220 254 327 
5 49 149 273 278 312 
5 29 36 176 213 283 
5 12 64 125 158 194 
5 81 131 145 186 336 
5 30 85 90 147 282 
5 39 47 73 88 167 
5 72 81 84 120 226 
5 28 69 94 112 188 
5 109 114 143 179 279 
5 37 58 212 219 311 
5 23 33 171 176 186 
5 32 80 116 252 277 
5 93 192 195 288 337 
5 5 28 185 187 331 
5 13 153 218 287 307 
5 112 126 306 313 329 
5 2 12 81 196 318 
5 74 130 242 280 312 
5 73 122 146 260 333 
5 32 86 133 301 338 
5 38 104 227 292 309 
5 104 131 138 244 307 
5 12 172 243 249 262 
5 19 44 69 82 182 
5 62 175 207 274 330 
5 1 142 194 218 234 
5 28 122 162 308 332 
5 41 73 174 277 329 
5 46 52 78 153 172 
5 33 115 122 261 268 
5 75 101 112 161 199 
5 8 119 182 234 254 
5 25 251 267 277 332 
5 141 165 174 205 255 
5 3 117 163 243 248 
5 35 63 136 152 291 
5 18 90 166 202 213 
5 103 141 191 307 319 
5 125 140 162 181 316 
5 24 105 154 215 305 
5 123 131 285 318 324 
5 146 155 178 183 310 
5 18 44 97 148 151 
5 124 129 208 226 278 
5 18 25 36 242 295 
5 32 34 197 254 304 
5 15 195 212 278 311 
5 58 104 130 257 272 
