350 875
5 153 218 233 257 316 
5 15 23 223 280 293 
5 88 102 172 178 239 
5 4 7 77 154 222 
5 3 149 223 301 344 
5 58 174 205 214 345 
5 106 148 255 293 342 
5 3 145 171 233 280 
5 13 101 123 128 331 
5 14 75 167 175 343 
5 18 122 125 160 248 
5 17 95 245 296 331 
5 23 104 169 171 274 
5 8 125 217 255 284 
5 9 44 59 105 294 
5 1 17 117 329 331 
5 75 115 138 183 219 
5 11 15 197 258 317 
5 10 65 201 209 329 
5 34 50 115 143 266 
5 58 62 275 278 320 
5 36 121 211 302 348 
5 108 239 251 323 344 
5 1 12 161 189 244 
5 113 198 242 298 323 
5 41 150 213 286 303 
5 70 119 124 275 284 
5 49 237 253 308 331 
5 53 145 288 297 322 
5 60 126 206 279 298 
5 100 102 174 206 237 
5 114 125 221 232 280 
5 53 79 90 215 327 
5 55 136 213 219 327 
5 19 92 238 244 325 
5 40 69 147 259 301 
5 21 89 97 269 309 
5 54 74 95 119 321 
5 98 108 122 165 188 
5 129 151 200 203 276 
5 35 107 156 222 313 
5 25 95 200 238 342 
5 81 175 202 319 323 
5 61 74 140 193 345 
5 14 203 260 294 330 
5 131 158 164 310 347 
5 54 90 127 255 298 
5 80 139 225 249 273 
5 94 122 135 211 318 
5 27 94 248 251 314 
5 19 60 143 186 342 
5 125 172 210 271 289 
5 145 146 155 254 320 
5 28 32 113 123 224 
5 37 46 99 184 208 
5 33 138 171 177 227 
5 93 118 215 268 312 
5 166 218 268 269 348 
5 5 20 143 224 270 
5 14 67 168 189 231 
5 29 50 66 169 293 
5 43 122 153 192 265 
5 20 134 136 170 217 
5 85 146 206 276 284 
5 74 79 204 237 304 
5 18 83 137 154 163 
5 60 157 273 285 336 
5 59 76 130 190 330 
5 98 102 234 257 273 
5 35 105 158 175 336 
5 26 142 183 205 302 
5 91 178 229 316 327 
5 83 170 228 252 276 
5 96 107 234 301 332 
5 37 43 64 77 337 
5 9 16 155 181 208 
5 67 118 179 277 301 
5 3 74 116 127 220 
5 101 131 133 137 243 
5 32 64 84 162 307 
5 47 95 322 326 337 
5 42 228 257 282 312 
5 225 241 253 276 284 
5 65 72 86 154 160 
5 79 112 157 241 256 
5 63 182 245 268 297 
5 83 114 130 149 349 
5 117 121 132 146 233 
5 2 129 199 206 285 
5 36 104 107 249 321 
5 32 46 192 224 251 
5 71 176 222 272 287 
5 34 171 197 282 348 
5 56 116 247 252 343 
5 48 49 152 220 294 
5 11 37 41 80 348 
5 73 133 192 311 324 
5 36 126 155 243 347 
5 38 68 164 177 258 
5 54 141 263 281 293 
5 30 114 223 225 328 
5 8 78 261 313 335 
5 2 30 68 162 306 
5 106 161 168 209 211 
5 12 89 225 308 311 
5 14 69 119 131 334 
5 6 103 177 188 203 
5 40 73 89 169 340 
5 22 38 240 252 296 
5 226 245 247 299 325 
5 156 183 235 327 337 
5 116 123 230 281 304 
5 84 219 299 334 337 
5 24 53 123 250 263 
5 31 86 100 147 314 
5 16 19 131 291 328 
5 77 93 111 249 275 
5 15 87 135 198 329 
5 56 76 186 261 283 
5 26 37 105 139 279 
5 134 148 151 193 225 
5 21 87 173 275 293 
5 10 38 48 61 132 
5 8 53 111 113 288 
5 26 244 259 314 315 
5 10 13 31 51 304 
5 29 97 147 191 320 
5 46 77 160 254 309 
5 8 174 221 224 307 
5 39 88 181 312 326 
5 67 86 160 221 287 
5 45 78 105 115 176 
5 87 122 135 163 282 
5 78 96 148 173 295 
5 62 120 241 280 334 
5 48 117 132 167 297 
5 33 62 209 227 319 
5 65 78 239 245 322 
5 16 55 140 184 229 
5 47 119 261 289 294 
5 43 138 205 270 274 
5 99 161 189 286 345 
5 70 168 190 251 269 
5 19 50 58 238 284 
5 186 215 231 265 300 
5 7 28 52 272 337 
5 52 63 87 204 277 
5 35 114 126 205 299 
5 6 120 133 188 208 
5 4 86 219 235 262 
5 25 246 272 313 347 
5 39 120 159 191 310 
5 94 192 246 300 339 
5 0 61 164 202 289 
5 3 65 83 216 264 
5 52 75 97 207 255 
5 40 110 165 188 346 
5 66 84 318 319 335 
5 45 69 163 210 256 
5 151 181 287 332 347 
5 10 83 127 130 259 
5 23 103 141 290 346 
5 79 102 230 268 348 
5 65 132 158 217 310 
5 45 98 153 173 231 
5 38 156 200 203 342 
5 57 179 190 213 324 
5 9 135 184 281 330 
5 59 103 142 172 212 
5 12 60 107 204 292 
5 62 72 193 261 333 
5 7 12 55 92 338 
5 2 51 168 218 319 
5 121 133 164 202 238 
5 5 30 128 223 288 
5 9 42 69 183 256 
5 91 131 198 223 278 
5 55 98 106 254 286 
5 2 71 247 282 283 
5 76 166 196 240 286 
5 201 236 268 283 334 
5 75 129 159 195 270 
5 85 239 286 291 317 
5 16 70 110 175 227 
5 54 138 167 249 315 
5 237 247 258 329 332 
5 50 118 144 265 333 
5 235 246 285 311 349 
5 38 106 148 156 264 
5 23 59 141 216 308 
5 67 142 166 289 307 
5 126 151 204 277 341 
5 61 90 96 152 271 
5 43 120 170 266 295 
5 226 249 264 266 340 
5 181 237 306 311 341 
5 179 230 242 291 302 
5 17 92 226 300 346 
5 24 117 176 280 283 
5 88 228 250 299 309 
5 39 41 165 234 335 
5 18 180 289 316 328 
5 42 153 173 212 241 
5 39 44 106 165 288 
5 64 146 169 191 211 
5 5 70 140 147 326 
5 29 30 63 88 318 
5 155 240 248 296 298 
5 54 75 148 232 262 
5 18 103 136 218 292 
5 51 158 229 234 317 
5 21 48 103 204 281 
5 168 202 216 295 346 
5 25 33 166 275 310 
5 5 226 292 321 343 
5 32 56 144 228 253 
5 154 189 212 250 339 
5 13 62 163 238 344 
5 0 57 172 209 265 
5 16 33 112 149 312 
5 77 94 298 304 311 
5 31 128 130 323 338 
5 3 40 91 240 253 
5 1 4 100 174 176 
5 53 58 90 128 254 
5 47 82 100 104 120 
5 109 194 197 214 273 
5 55 136 183 277 334 
5 72 81 199 215 321 
5 71 138 210 267 318 
5 111 162 196 263 332 
5 59 144 164 290 328 
5 31 208 287 343 346 
5 0 7 87 270 290 
5 68 73 200 210 324 
5 110 149 187 270 335 
5 180 246 257 267 279 
5 27 30 64 185 195 
5 34 41 143 173 217 
5 2 22 137 182 260 
5 108 179 207 222 328 
5 82 84 134 202 296 
5 24 196 303 318 325 
5 78 97 245 258 303 
5 23 34 124 278 343 
5 11 85 109 137 243 
5 150 152 187 236 300 
5 93 109 178 185 325 
5 10 49 207 271 291 
5 47 89 116 184 194 
5 113 199 216 260 324 
5 22 49 90 142 341 
5 72 93 108 308 322 
5 27 82 215 222 292 
5 52 127 177 224 271 
5 6 13 46 155 320 
5 84 158 175 299 333 
5 0 68 81 236 297 
5 17 98 185 243 336 
5 35 124 160 271 303 
5 44 239 250 266 305 
5 101 118 139 170 305 
5 149 208 290 310 349 
5 99 113 230 321 335 
5 154 188 194 265 306 
5 61 144 186 218 264 
5 19 193 194 260 277 
5 229 236 295 338 349 
5 56 57 85 162 180 
5 36 57 142 283 344 
5 58 140 181 233 235 
5 51 192 248 254 259 
5 91 145 150 285 315 
5 47 66 68 226 313 
5 12 140 327 340 349 
5 20 26 116 121 213 
5 39 63 72 82 287 
5 76 146 191 227 266 
5 20 176 244 290 320 
5 29 119 236 332 336 
5 1 7 31 134 198 
5 99 111 167 211 292 
5 81 92 132 178 301 
5 118 178 180 198 269 
5 13 26 63 82 143 
5 66 88 187 272 342 
5 25 141 177 179 182 
5 91 130 159 232 276 
5 28 123 174 203 339 
5 51 139 153 190 201 
5 161 231 233 262 278 
5 115 182 196 248 307 
5 169 209 214 253 281 
5 1 6 60 99 121 
5 14 44 94 139 314 
5 133 193 212 267 303 
5 11 108 207 241 305 
5 28 85 135 257 340 
5 24 29 46 207 220 
5 109 112 147 199 256 
5 144 152 197 246 302 
5 4 35 73 76 282 
5 21 70 196 300 336 
5 25 242 243 259 295 
5 64 111 125 220 344 
5 260 261 296 313 338 
5 102 195 264 317 326 
5 79 128 190 291 330 
5 27 104 189 252 317 
5 36 127 199 322 324 
5 45 151 163 213 262 
5 96 104 187 195 220 
5 56 81 129 219 330 
5 40 101 150 273 305 
5 49 114 124 294 339 
5 124 184 272 316 333 
5 0 71 201 315 326 
5 17 182 210 306 308 
5 48 157 206 229 242 
5 42 136 157 172 341 
5 20 52 126 255 278 
5 37 89 214 228 263 
5 28 80 137 252 309 
5 22 24 42 221 333 
5 96 166 234 250 309 
5 34 109 242 247 347 
5 80 129 205 306 316 
5 32 33 71 110 274 
5 100 115 201 231 240 
5 15 18 117 185 340 
5 44 67 167 307 312 
5 8 11 15 27 345 
5 73 159 185 230 279 
5 170 186 256 315 323 
5 105 112 134 180 227 
5 101 157 200 235 263 
5 66 69 258 279 302 
5 74 80 110 112 145 
5 171 221 267 305 339 
5 152 216 288 314 338 
5 107 194 274 297 329 
5 191 195 251 319 345 
5 6 41 50 165 285 
5 9 93 214 232 244 
5 4 22 217 269 304 
5 5 43 141 331 341 
5 156 161 197 212 232 
5 45 97 150 159 325 
5 21 57 92 95 162 
5 86 187 262 267 274 
350 875
5 84 158 216 292 314 
5 55 68 112 194 312 
5 14 22 38 54 77 
5 49 84 279 282 294 
5 86 221 236 289 310 
5 93 189 268 279 330 
5 17 45 94 153 337 
5 89 124 134 139 295 
5 11 86 124 218 240 
5 176 193 197 247 324 
5 132 147 219 241 281 
5 8 65 115 154 262 
5 88 96 120 178 211 
5 50 156 162 283 339 
5 2 36 200 265 330 
5 63 92 250 272 303 
5 150 264 275 324 339 
5 6 90 146 231 336 
5 152 215 312 317 338 
5 22 26 74 99 185 
5 39 92 102 235 289 
5 40 117 163 170 296 
5 2 19 153 228 345 
5 40 85 121 186 189 
5 75 178 211 280 341 
5 198 243 246 344 345 
5 19 79 136 260 279 
5 35 41 77 82 321 
5 43 70 198 303 325 
5 45 138 257 270 315 
5 197 279 318 336 342 
5 85 139 224 274 312 
5 55 75 131 286 348 
5 156 168 278 284 333 
5 95 191 203 270 296 
5 27 83 203 268 285 
5 14 63 221 288 326 
5 84 122 125 281 339 
5 2 59 238 258 311 
5 20 147 286 326 340 
5 21 23 118 344 349 
5 27 91 179 266 286 
5 170 207 270 297 332 
5 28 134 136 145 286 
5 50 133 266 285 317 
5 6 29 267 310 337 
5 160 232 248 282 293 
5 194 206 213 229 340 
5 137 139 151 205 217 
5 3 122 265 328 335 
5 13 44 77 113 343 
5 117 131 207 222 251 
5 55 114 275 282 329 
5 185 244 249 301 305 
5 2 157 165 228 236 
5 1 32 52 66 125 
5 109 110 226 233 347 
5 171 172 285 305 345 
5 64 140 183 273 302 
5 38 61 72 79 262 
5 105 201 210 220 242 
5 59 182 216 245 344 
5 95 118 194 322 339 
5 15 36 195 319 338 
5 58 93 114 183 349 
5 11 72 145 192 193 
5 55 138 218 220 256 
5 75 121 188 289 343 
5 1 81 110 131 224 
5 130 166 193 248 270 
5 28 122 149 275 317 
5 118 196 211 320 331 
5 59 65 111 120 278 
5 125 126 184 201 284 
5 19 83 196 254 263 
5 24 32 67 84 278 
5 89 136 173 174 231 
5 2 27 50 101 309 
5 180 186 256 269 330 
5 26 59 246 254 317 
5 150 154 195 250 288 
5 68 104 229 291 320 
5 27 142 189 223 265 
5 35 74 187 201 261 
5 0 3 37 75 291 
5 23 31 313 315 334 
5 4 8 179 224 308 
5 95 101 175 202 285 
5 12 189 232 252 346 
5 7 76 223 224 237 
5 17 190 208 305 328 
5 41 100 215 233 335 
5 15 20 164 169 209 
5 5 64 175 208 226 
5 6 116 127 221 226 
5 34 62 87 291 299 
5 12 219 296 316 348 
5 124 243 283 326 339 
5 108 159 191 198 260 
5 19 154 200 222 311 
5 91 139 159 298 301 
5 77 87 102 258 284 
5 20 101 103 203 256 
5 102 160 214 215 228 
5 81 135 183 203 250 
5 60 209 248 275 341 
5 160 212 229 304 320 
5 158 165 172 269 300 
5 98 138 162 171 227 
5 56 213 225 301 346 
5 56 68 230 245 290 
5 72 154 166 222 244 
5 1 141 184 228 241 
5 50 159 192 218 332 
5 52 64 212 274 315 
5 11 161 236 239 274 
5 94 175 272 308 331 
5 21 51 164 238 327 
5 40 62 71 247 329 
5 188 203 220 305 333 
5 12 72 144 323 346 
5 23 67 135 185 254 
5 37 49 70 136 166 
5 191 264 293 297 337 
5 7 8 97 201 328 
5 37 55 73 254 277 
5 73 224 231 259 309 
5 94 177 213 291 301 
5 163 184 221 282 292 
5 149 182 302 312 325 
5 69 194 242 254 321 
5 32 51 68 306 338 
5 10 230 268 290 321 
5 44 225 251 280 340 
5 7 43 180 208 259 
5 104 121 293 308 341 
5 26 43 76 122 227 
5 48 253 297 314 324 
5 29 66 108 206 226 
5 7 31 48 100 152 
5 58 143 153 230 298 
5 112 144 238 294 344 
5 82 150 184 195 322 
5 140 185 235 240 258 
5 120 141 190 307 335 
5 43 65 172 266 349 
5 17 157 278 323 346 
5 10 39 257 321 323 
5 165 169 186 253 296 
5 70 129 250 288 331 
5 16 80 142 281 299 
5 48 152 168 202 230 
5 18 139 151 303 336 
5 6 22 140 235 346 
5 11 80 99 111 338 
5 173 195 248 321 347 
5 13 33 190 238 322 
5 54 146 188 207 300 
5 0 107 223 348 349 
5 98 100 113 232 313 
5 46 103 106 298 337 
5 115 176 209 242 269 
5 13 108 217 276 312 
5 21 128 242 275 276 
5 92 117 171 218 340 
5 54 107 148 234 249 
5 69 111 122 227 302 
5 177 187 249 263 279 
5 33 151 215 227 335 
5 92 148 237 295 308 
5 21 42 209 234 318 
5 57 108 164 257 264 
5 57 107 145 199 301 
5 76 155 205 206 334 
5 76 182 240 294 314 
5 87 93 116 226 313 
5 9 161 186 232 280 
5 127 167 210 299 306 
5 12 24 238 251 262 
5 41 86 252 261 289 
5 78 134 225 264 319 
5 231 273 285 305 325 
5 61 129 174 229 241 
5 58 64 104 287 295 
5 73 112 128 142 260 
5 19 53 121 143 342 
5 23 78 148 176 246 
5 83 167 235 244 347 
5 67 119 157 219 323 
5 5 23 82 88 330 
5 90 144 156 220 239 
5 34 98 123 205 215 
5 65 113 209 236 304 
5 9 65 69 287 348 
5 1 47 62 130 265 
5 63 80 142 155 341 
5 71 74 205 271 324 
5 9 30 260 306 330 
5 25 28 98 327 337 
5 172 252 262 268 293 
5 14 99 225 269 325 
5 60 73 83 124 334 
5 87 151 267 309 323 
5 34 35 102 104 119 
5 241 249 251 255 304 
5 48 173 191 196 310 
5 47 138 173 255 311 
5 42 51 157 233 276 
5 90 93 134 294 348 
5 92 105 161 170 192 
5 60 177 276 308 317 
5 12 24 71 218 293 
5 106 114 230 241 245 
5 47 109 127 289 322 
5 103 260 288 298 322 
5 18 91 103 168 191 
5 0 61 223 318 343 
5 48 162 248 253 314 
5 8 66 113 164 211 
5 10 96 188 284 287 
5 60 66 119 190 295 
5 4 36 94 128 234 
5 51 99 111 257 327 
5 82 89 158 216 259 
5 31 68 86 89 126 
5 109 133 180 200 319 
5 56 93 94 138 175 
5 108 136 166 168 344 
5 22 54 103 112 288 
5 47 81 106 182 307 
5 110 132 140 151 212 
5 17 76 126 181 263 
5 46 88 159 176 270 
5 56 91 207 243 300 
5 165 170 221 264 314 
5 20 143 153 187 271 
5 4 54 115 192 329 
5 89 169 290 292 307 
5 38 117 141 156 178 
5 115 190 269 294 306 
5 8 143 174 253 327 
5 10 112 182 204 212 
5 60 130 161 163 259 
5 25 97 233 266 300 
5 53 111 187 281 333 
5 61 110 212 261 277 
5 25 79 186 298 316 
5 9 118 252 283 335 
5 46 69 105 155 217 
5 53 165 167 204 304 
5 15 80 104 149 318 
5 51 133 178 204 295 
5 88 179 199 247 278 
5 137 148 217 240 340 
5 74 79 121 125 130 
5 204 206 280 310 316 
5 66 78 102 265 309 
5 29 147 171 222 261 
5 38 101 143 284 342 
5 126 134 223 242 297 
5 26 98 184 197 214 
5 83 179 245 257 345 
5 11 59 178 199 329 
5 74 167 231 277 328 
5 16 123 171 180 234 
5 14 49 82 194 256 
5 41 44 145 243 273 
5 45 202 291 332 349 
5 5 35 132 199 333 
5 78 107 161 200 239 
5 29 34 42 69 232 
5 196 235 299 316 342 
5 15 116 276 292 327 
5 58 181 266 311 343 
5 31 114 115 307 325 
5 16 52 70 105 163 
5 162 163 207 210 272 
5 125 245 263 315 331 
5 33 72 75 146 252 
5 3 5 26 30 167 
5 24 133 176 255 347 
5 10 37 150 244 334 
5 3 46 52 128 326 
5 13 97 247 287 297 
5 33 73 101 219 258 
5 35 44 57 87 181 
5 32 39 41 43 313 
5 183 193 219 283 310 
5 36 80 149 214 228 
5 4 20 67 179 213 
5 110 132 237 315 333 
5 81 84 95 127 267 
5 0 128 237 272 300 
5 46 123 135 199 211 
5 3 141 174 208 239 
5 7 169 183 220 251 
5 21 34 96 148 302 
5 42 123 137 259 283 
5 100 140 160 214 246 
5 95 150 177 271 316 
5 107 157 233 243 292 
5 53 100 109 127 172 
5 58 129 166 296 329 
5 15 28 152 342 343 
5 106 192 204 249 324 
5 53 57 90 119 181 
5 131 177 197 239 326 
5 144 229 237 274 341 
5 86 116 135 169 210 
5 77 126 202 256 318 
5 4 45 205 255 287 
5 38 99 206 273 336 
5 1 18 31 129 162 
5 85 159 175 286 347 
5 0 137 174 217 234 
5 29 85 114 277 290 
5 96 246 255 271 299 
5 18 44 70 79 210 
5 30 170 216 250 309 
5 63 180 225 328 331 
5 71 81 106 332 345 
5 27 130 132 147 155 
5 62 142 156 213 214 
5 120 146 147 188 202 
5 9 16 137 196 304 
5 28 129 181 200 274 
5 36 39 97 282 306 
5 117 198 222 240 272 
5 49 90 124 263 319 
5 52 118 236 262 302 
5 5 14 78 189 197 
5 71 116 149 277 319 
5 42 113 267 320 336 
5 33 119 244 268 290 
5 85 173 201 281 338 
5 49 91 144 168 247 
5 17 30 152 311 332 
5 6 45 123 160 198 
5 18 63 131 154 334 
5 13 16 37 62 97 
5 39 47 133 164 253 
5 24 105 135 195 307 
5 30 185 258 271 303 
5 50 67 216 273 303 
5 25 40 61 141 227 
5 22 25 57 261 320 
5 88 109 120 146 153 
5 56 155 187 280 313 
5 32 96 158 193 208 
5 40 64 145 158 267 
