360 900
5 12 36 119 155 327 
5 6 7 11 164 197 
5 115 201 280 292 343 
5 79 141 155 221 276 
5 23 84 180 188 305 
5 19 26 149 168 330 
5 1 52 210 334 336 
5 1 38 99 131 276 
5 89 163 225 229 301 
5 30 162 234 242 323 
5 59 232 248 305 342 
5 1 41 140 198 294 
5 0 104 162 212 273 
5 77 170 239 286 304 
5 87 129 145 208 237 
5 109 206 298 299 303 
5 87 223 248 255 330 
5 118 138 172 204 290 
5 145 187 239 300 321 
5 5 64 105 153 328 
5 130 157 189 314 339 
5 89 195 229 335 348 
5 37 39 101 293 310 
5 4 101 201 226 281 
5 122 142 172 185 352 
5 63 97 210 305 340 
5 5 58 124 219 271 
5 76 136 206 259 303 
5 164 192 196 287 359 
5 125 181 223 228 229 
5 9 56 70 169 262 
5 106 155 187 269 348 
5 125 129 166 240 242 
5 96 155 157 187 192 
5 87 103 196 247 332 
5 63 181 209 227 250 
5 0 60 92 141 282 
5 22 57 173 202 329 
5 7 50 51 191 193 
5 22 226 227 266 344 
5 154 159 262 266 272 
5 11 182 201 273 309 
5 78 100 230 268 301 
5 59 124 179 186 224 
5 118 150 171 184 214 
5 60 66 125 144 166 
5 150 164 170 274 286 
5 96 129 194 212 347 
5 136 188 250 270 342 
5 61 154 237 284 291 
5 38 75 153 226 260 
5 38 121 263 278 292 
5 6 61 184 247 321 
5 148 212 232 259 289 
5 132 138 178 216 262 
5 130 168 221 302 357 
5 30 89 267 321 353 
5 37 123 177 258 347 
5 26 86 124 186 313 
5 10 43 76 207 300 
5 36 45 271 272 333 
5 49 52 64 70 201 
5 107 271 275 301 352 
5 25 35 91 116 149 
5 19 61 142 226 298 
5 75 98 105 136 296 
5 45 211 213 244 277 
5 97 142 162 294 323 
5 84 235 323 325 327 
5 123 161 165 278 300 
5 30 61 126 259 325 
5 130 273 287 333 350 
5 94 211 314 341 351 
5 85 93 106 183 198 
5 85 127 164 210 248 
5 50 65 109 169 266 
5 27 59 160 212 276 
5 13 134 175 304 307 
5 42 125 157 182 191 
5 3 80 83 245 288 
5 79 219 232 270 348 
5 85 201 205 328 344 
5 106 122 186 328 346 
5 79 91 117 257 261 
5 4 68 173 238 331 
5 73 74 81 215 297 
5 58 172 224 230 240 
5 14 16 34 122 200 
5 170 181 214 258 311 
5 8 21 56 174 349 
5 219 251 277 290 293 
5 63 83 100 119 138 
5 36 170 258 266 280 
5 73 134 237 241 329 
5 72 114 176 254 299 
5 120 122 231 237 339 
5 33 47 190 289 336 
5 25 67 134 151 191 
5 65 99 137 185 351 
5 7 98 169 200 241 
5 42 91 199 268 309 
5 22 23 111 273 316 
5 121 223 283 350 353 
5 34 145 159 165 301 
5 12 115 152 220 293 
5 19 65 121 204 300 
5 31 73 82 112 231 
5 62 168 215 255 316 
5 213 228 306 310 324 
5 15 75 167 315 351 
5 138 203 270 296 333 
5 101 274 299 300 320 
5 106 147 207 286 359 
5 143 235 260 272 309 
5 94 124 298 316 317 
5 2 104 131 135 345 
5 63 140 213 251 270 
5 83 126 182 207 287 
5 17 44 154 324 343 
5 0 91 173 228 265 
5 95 245 253 268 295 
5 51 102 105 208 339 
5 24 82 87 95 349 
5 57 69 181 299 305 
5 26 43 58 114 198 
5 29 32 45 78 335 
5 70 117 130 272 297 
5 74 221 224 232 352 
5 231 257 291 310 357 
5 14 32 47 283 341 
5 20 55 71 126 235 
5 7 115 204 251 253 
5 54 212 222 246 269 
5 140 169 225 308 318 
5 77 93 97 236 291 
5 115 147 152 217 355 
5 27 48 65 227 282 
5 98 172 203 224 350 
5 17 54 91 110 293 
5 180 189 208 236 286 
5 11 116 133 278 328 
5 3 36 297 313 358 
5 24 64 67 271 319 
5 113 165 227 330 343 
5 45 173 285 337 338 
5 14 18 103 258 311 
5 179 222 276 318 324 
5 112 135 193 296 345 
5 53 162 208 236 359 
5 5 63 265 294 308 
5 44 46 166 215 233 
5 97 183 204 245 356 
5 104 135 225 278 338 
5 19 50 194 327 359 
5 40 49 118 302 325 
5 0 3 31 33 195 
5 234 251 304 306 336 
5 20 33 78 220 297 
5 181 260 291 292 359 
5 40 103 198 256 315 
5 76 178 296 312 346 
5 69 188 217 263 342 
5 9 12 67 148 220 
5 8 277 278 320 328 
5 1 28 46 74 266 
5 69 103 143 193 195 
5 32 45 150 255 285 
5 109 206 264 299 323 
5 5 55 107 290 340 
5 30 75 99 133 263 
5 13 46 88 92 288 
5 44 179 200 322 354 
5 17 24 86 137 350 
5 37 84 119 144 331 
5 89 188 250 318 344 
5 77 217 238 254 321 
5 94 272 320 337 354 
5 57 219 247 325 358 
5 54 160 184 206 277 
5 43 146 171 275 348 
5 4 139 259 355 356 
5 29 35 88 123 158 
5 41 78 117 307 343 
5 73 151 285 292 341 
5 44 52 178 338 340 
5 24 98 280 288 312 
5 43 58 82 319 346 
5 18 31 33 214 336 
5 4 48 161 174 204 
5 20 139 202 282 313 
5 96 202 207 214 223 
5 38 78 97 264 339 
5 28 33 239 284 307 
5 38 147 165 195 334 
5 47 153 197 269 332 
5 21 155 165 193 230 
5 28 34 197 225 283 
5 1 194 196 253 274 
5 11 73 124 159 209 
5 100 279 283 306 343 
5 87 99 171 276 316 
5 2 23 41 61 81 
5 37 189 190 331 349 
5 110 137 209 253 264 
5 17 105 131 151 188 
5 81 242 308 333 347 
5 15 27 167 178 260 
5 59 112 117 190 277 
5 14 121 139 148 265 
5 35 198 203 244 348 
5 6 25 74 211 305 
5 66 72 210 243 345 
5 12 47 53 76 132 
5 66 108 116 303 323 
5 44 88 187 190 283 
5 85 107 150 247 333 
5 54 227 233 337 352 
5 135 161 175 289 338 
5 282 289 295 301 334 
5 26 80 90 177 262 
5 104 157 162 334 349 
5 3 55 127 248 261 
5 132 146 250 268 303 
5 16 29 102 190 252 
5 43 86 127 137 335 
5 8 133 152 196 226 
5 23 39 50 64 225 
5 35 39 136 143 216 
5 29 108 119 332 337 
5 8 21 29 314 356 
5 42 86 195 232 337 
5 95 106 128 302 345 
5 10 53 80 127 230 
5 150 216 264 321 334 
5 9 156 256 279 302 
5 68 113 130 326 347 
5 134 139 148 239 273 
5 14 49 93 95 255 
5 84 175 253 298 312 
5 13 18 192 236 275 
5 32 86 315 316 327 
5 93 99 258 274 281 
5 9 32 205 295 353 
5 211 244 257 310 325 
5 66 209 243 295 357 
5 79 120 151 257 317 
5 132 254 308 324 356 
5 34 52 177 215 338 
5 10 16 74 221 313 
5 263 286 295 329 330 
5 35 48 174 222 291 
5 90 116 131 156 306 
5 223 256 294 339 341 
5 120 131 197 203 238 
5 94 175 246 282 307 
5 16 107 166 237 341 
5 159 234 252 289 315 
5 83 128 243 245 311 
5 57 88 92 145 241 
5 27 53 70 180 335 
5 50 113 158 206 271 
5 83 221 342 346 347 
5 30 40 54 219 344 
5 51 161 169 249 351 
5 167 191 203 233 346 
5 119 149 208 267 279 
5 39 40 75 92 164 
5 56 265 268 319 355 
5 42 100 120 222 267 
5 31 132 194 312 322 
5 48 80 110 116 302 
5 26 60 62 142 260 
5 40 60 113 126 176 
5 12 41 71 101 236 
5 46 111 197 241 326 
5 62 179 239 287 350 
5 3 7 76 146 200 
5 66 90 163 178 207 
5 51 69 140 152 163 
5 199 234 265 314 340 
5 2 92 185 303 352 
5 23 241 287 340 355 
5 36 136 189 218 254 
5 102 129 196 199 214 
5 49 192 317 318 357 
5 144 166 183 290 308 
5 13 46 112 139 249 
5 28 71 117 275 281 
5 79 170 185 293 296 
5 53 96 217 218 256 
5 17 90 168 285 331 
5 49 128 134 158 250 
5 2 51 158 183 356 
5 22 90 104 138 288 
5 11 67 149 252 326 
5 120 218 242 244 249 
5 65 110 147 160 288 
5 85 126 141 157 317 
5 15 64 114 238 318 
5 15 94 111 123 167 
5 18 59 69 105 111 
5 8 42 62 103 218 
5 55 154 231 234 270 
5 15 27 213 222 280 
5 13 77 156 335 355 
5 4 10 25 123 210 
5 108 156 199 251 324 
5 77 182 192 254 314 
5 133 149 205 246 285 
5 41 100 113 329 353 
5 22 108 128 243 353 
5 88 145 257 317 332 
5 160 185 238 269 313 
5 58 141 189 248 312 
5 20 72 229 279 307 
5 109 159 240 256 349 
5 101 107 114 200 240 
5 114 245 284 297 311 
5 133 146 174 284 298 
5 142 186 267 342 351 
5 111 163 176 329 358 
5 18 52 56 175 233 
5 171 269 331 332 354 
5 9 67 68 167 213 
5 108 118 146 246 306 
5 68 70 154 177 243 
5 235 274 294 344 345 
5 0 68 153 240 336 
5 19 81 82 140 163 
5 37 93 249 309 320 
5 5 16 143 249 354 
5 84 173 202 290 322 
5 34 194 228 311 322 
5 60 71 110 205 215 
5 6 193 218 220 233 
5 21 125 224 259 304 
5 6 96 156 187 327 
5 144 176 216 228 230 
5 144 152 184 217 247 
5 20 95 121 191 252 
5 25 168 184 279 281 
5 72 129 183 252 255 
5 10 48 161 261 319 
5 2 118 143 182 199 
5 39 81 174 262 326 
5 115 147 211 231 326 
5 82 160 186 261 264 
5 47 57 205 235 261 
5 21 31 80 179 209 
5 89 122 202 220 315 
5 71 102 137 172 275 
5 72 98 109 263 319 
5 24 62 127 216 280 
5 56 102 242 309 310 
5 171 176 322 330 358 
5 135 180 267 281 304 
5 151 180 229 246 292 
5 55 128 244 284 358 
5 141 177 320 354 357 
5 28 112 148 153 158 
360 900
5 35 116 178 277 354 
5 10 38 74 165 238 
5 36 216 285 331 350 
5 108 135 167 197 310 
5 197 235 243 338 348 
5 53 58 109 137 300 
5 70 169 230 318 336 
5 8 68 98 222 227 
5 7 199 279 315 355 
5 114 280 313 324 358 
5 1 109 119 197 231 
5 62 133 154 261 293 
5 135 141 156 181 249 
5 94 158 192 264 273 
5 146 232 297 301 352 
5 93 120 163 292 359 
5 89 220 239 272 337 
5 38 58 246 287 311 
5 22 82 164 196 343 
5 30 79 80 102 119 
5 60 107 168 245 278 
5 106 174 230 308 345 
5 18 40 248 311 323 
5 37 206 248 281 329 
5 96 221 259 292 347 
5 34 54 61 199 223 
5 43 156 280 302 333 
5 30 159 194 236 306 
5 172 247 272 277 351 
5 37 46 111 145 213 
5 19 27 170 242 261 
5 41 273 282 324 345 
5 47 280 288 318 357 
5 100 193 209 338 350 
5 25 51 63 95 305 
5 0 71 106 122 246 
5 2 108 110 235 336 
5 23 29 39 186 350 
5 1 17 43 123 333 
5 37 123 187 315 359 
5 22 181 254 317 328 
5 31 202 321 329 347 
5 79 252 262 272 305 
5 26 38 59 98 281 
5 71 76 90 218 223 
5 174 228 287 312 351 
5 29 56 102 268 301 
5 32 105 254 296 350 
5 74 234 236 260 286 
5 100 185 255 329 344 
5 103 155 226 231 305 
5 34 88 190 201 235 
5 83 196 304 314 341 
5 5 149 176 204 214 
5 25 92 183 225 318 
5 61 85 96 295 297 
5 46 266 290 297 354 
5 117 152 215 223 234 
5 5 17 65 125 172 
5 43 86 136 190 267 
5 20 123 176 189 214 
5 25 55 93 166 293 
5 11 103 164 252 328 
5 34 110 128 286 359 
5 86 117 141 199 316 
5 58 140 229 335 341 
5 163 224 270 318 342 
5 90 157 158 166 326 
5 7 144 177 217 319 
5 97 140 224 237 334 
5 6 123 173 208 259 
5 35 44 95 192 293 
5 95 161 183 221 328 
5 112 139 212 214 349 
5 1 48 132 159 266 
5 122 133 233 272 283 
5 44 151 245 335 338 
5 96 128 177 287 354 
5 218 284 291 321 333 
5 19 42 158 170 322 
5 19 107 164 205 282 
5 114 153 233 267 276 
5 18 94 101 112 348 
5 52 174 182 224 239 
5 123 182 206 339 352 
5 55 288 293 296 356 
5 59 64 111 237 288 
5 216 221 238 290 340 
5 51 250 260 340 343 
5 16 118 164 177 312 
5 44 67 122 297 331 
5 119 191 229 351 355 
5 54 109 125 168 286 
5 15 61 210 227 275 
5 13 82 185 251 289 
5 34 71 72 140 240 
5 24 55 77 129 300 
5 69 131 231 243 320 
5 7 43 189 279 289 
5 153 166 318 327 352 
5 33 49 120 281 317 
5 82 102 190 212 341 
5 19 46 101 105 149 
5 50 62 219 227 311 
5 120 147 158 303 325 
5 47 102 180 198 206 
5 21 35 147 157 256 
5 20 80 132 186 203 
5 3 36 115 290 298 
5 5 10 92 285 313 
5 36 63 145 170 285 
5 29 86 178 202 278 
5 73 82 162 268 355 
5 165 199 241 327 351 
5 9 81 143 160 266 
5 108 170 219 315 319 
5 0 117 131 270 345 
5 57 64 116 320 332 
5 89 142 151 168 330 
5 10 19 91 129 148 
5 15 100 104 153 302 
5 156 159 192 240 309 
5 35 75 90 138 270 
5 38 39 60 70 84 
5 128 203 291 339 346 
5 58 92 146 152 252 
5 151 196 250 258 331 
5 172 192 273 304 353 
5 63 77 124 224 257 
5 96 119 217 219 223 
5 162 174 296 308 340 
5 97 116 167 282 295 
5 74 107 256 303 328 
5 11 75 188 276 294 
5 161 166 212 234 244 
5 3 12 207 264 309 
5 59 187 188 214 226 
5 5 195 200 317 353 
5 122 145 161 196 294 
5 73 258 311 314 320 
5 65 69 95 154 338 
5 12 64 173 188 189 
5 118 165 202 281 303 
5 114 210 239 248 277 
5 68 184 211 258 332 
5 29 110 138 152 210 
5 14 125 198 243 283 
5 104 106 195 239 274 
5 119 226 227 255 273 
5 53 102 230 292 317 
5 179 181 185 226 279 
5 76 118 126 205 246 
5 57 125 145 263 323 
5 81 99 120 299 310 
5 11 140 160 196 324 
5 50 159 246 271 332 
5 12 26 121 270 336 
5 67 106 159 225 328 
5 13 67 79 104 193 
5 27 74 121 155 157 
5 114 154 218 228 344 
5 72 134 138 263 347 
5 112 130 243 247 251 
5 15 66 232 244 269 
5 18 62 80 89 211 
5 1 113 142 323 325 
5 61 67 99 134 335 
5 3 131 223 240 322 
5 20 92 118 241 329 
5 6 184 209 279 344 
5 30 79 110 115 304 
5 198 307 314 325 334 
5 28 58 127 255 347 
5 70 141 260 274 301 
5 21 45 83 130 289 
5 209 230 257 260 299 
5 53 60 229 322 330 
5 68 77 89 324 346 
5 0 111 251 267 284 
5 150 180 213 321 349 
5 105 179 245 276 310 
5 12 40 150 247 271 
5 83 84 251 275 353 
5 54 72 306 321 333 
5 144 169 292 346 355 
5 49 94 150 239 346 
5 37 107 215 254 261 
5 39 136 234 276 284 
5 133 136 141 191 269 
5 60 98 141 207 242 
5 51 59 101 241 288 
5 91 188 299 315 356 
5 13 71 121 127 336 
5 33 158 290 304 306 
5 27 198 216 243 317 
5 137 147 273 289 347 
5 18 52 126 138 154 
5 3 4 10 208 296 
5 105 146 171 194 358 
5 8 25 64 113 286 
5 137 259 307 327 342 
5 51 228 248 271 337 
5 41 111 142 220 298 
5 107 124 238 312 337 
5 53 222 294 314 325 
5 80 151 250 291 313 
5 23 84 105 249 285 
5 135 189 280 302 336 
5 70 197 220 300 319 
5 33 169 175 274 294 
5 93 143 145 271 351 
5 144 164 267 296 327 
5 73 101 134 257 303 
5 29 179 256 310 337 
5 53 60 73 136 261 
5 57 186 253 316 352 
5 2 87 194 245 260 
5 68 129 300 305 345 
5 44 78 160 301 342 
5 103 115 129 341 356 
5 16 202 208 237 275 
5 24 72 87 274 342 
5 7 204 225 259 269 
5 25 44 57 129 167 
5 66 69 83 128 285 
5 54 157 222 249 343 
5 50 136 148 150 283 
5 7 93 103 148 306 
5 45 160 201 268 294 
5 65 91 176 304 349 
5 6 21 149 175 356 
5 10 50 97 255 295 
5 14 163 238 312 332 
5 75 81 241 278 313 
5 48 57 134 187 307 
5 4 36 51 297 315 
5 27 48 244 326 335 
5 69 86 220 258 295 
5 1 87 203 232 264 
5 16 83 143 147 185 
5 95 121 167 247 309 
5 113 168 190 233 358 
5 30 189 253 335 359 
5 4 97 146 162 194 
5 134 163 236 287 357 
5 20 76 180 216 254 
5 17 35 151 155 312 
5 28 162 181 240 353 
5 22 23 143 201 275 
5 12 206 225 275 300 
5 88 126 205 331 344 
5 94 162 178 182 339 
5 42 62 125 253 262 
5 215 242 252 271 276 
5 40 47 186 245 343 
5 49 148 172 231 316 
5 106 132 213 272 358 
5 128 175 212 284 291 
5 126 139 144 237 330 
5 24 70 200 222 340 
5 48 88 173 175 216 
5 11 30 186 214 290 
5 42 252 263 342 346 
5 152 161 262 274 322 
5 13 135 238 332 358 
5 282 293 316 334 356 
5 56 74 114 287 302 
5 59 81 178 211 314 
5 46 112 228 269 308 
5 163 188 222 268 308 
5 66 116 122 156 333 
5 155 181 201 210 253 
5 16 28 42 75 256 
5 13 31 127 148 195 
5 147 173 209 221 263 
5 93 182 220 248 249 
5 81 133 180 187 253 
5 0 28 143 320 326 
5 20 111 233 316 324 
5 8 98 150 169 354 
5 9 26 32 207 349 
5 23 43 100 142 301 
5 31 80 131 265 310 
5 75 146 226 307 341 
5 78 178 187 257 337 
5 2 109 110 206 224 
5 48 63 92 199 305 
5 17 45 77 244 266 
5 32 85 86 190 359 
5 94 98 174 195 299 
5 56 87 108 193 261 
5 78 124 205 257 303 
5 15 24 149 184 321 
5 11 61 71 85 265 
5 133 138 204 209 228 
5 55 131 231 237 331 
5 47 85 130 197 211 
5 14 55 56 90 235 
5 108 202 313 325 338 
5 153 175 191 289 327 
5 5 96 208 217 249 
5 14 46 173 218 281 
5 26 120 207 266 355 
5 104 132 142 212 291 
5 52 127 170 193 229 
5 34 42 50 217 286 
5 27 183 193 227 354 
5 171 200 234 283 357 
5 21 130 268 269 326 
5 121 135 240 330 334 
5 3 153 180 213 282 
5 17 22 103 139 344 
5 45 89 203 232 246 
5 9 109 205 233 298 
5 52 139 171 204 267 
5 8 39 115 191 235 
5 64 215 255 265 278 
5 40 100 137 149 194 
5 6 32 54 66 99 
5 68 115 208 348 357 
5 97 117 139 277 340 
5 41 78 179 183 292 
5 79 167 176 263 348 
5 22 152 165 339 357 
5 9 31 154 177 278 
5 104 165 171 204 298 
5 67 236 277 308 350 
5 99 113 200 211 299 
5 40 62 72 132 157 
5 23 41 49 168 352 
5 118 176 258 309 348 
5 2 90 126 250 295 
5 117 144 155 232 264 
5 26 38 78 183 270 
5 69 171 265 309 339 
5 65 76 166 236 242 
5 6 36 156 192 207 
5 16 201 203 213 284 
5 4 33 76 140 298 
5 84 124 251 323 334 
5 87 88 130 259 320 
5 52 65 101 219 283 
5 66 200 218 221 262 
5 18 88 225 254 349 
5 49 160 169 250 311 
5 21 31 116 217 353 
5 124 177 184 185 262 
5 24 41 161 172 195 
5 4 82 319 322 330 
5 73 179 229 280 343 
5 2 33 37 47 326 
5 28 45 91 113 210 
5 14 84 99 215 329 
5 127 137 182 247 345 
5 0 56 77 279 306 
5 8 91 112 184 302 
5 85 191 219 230 265 
5 32 244 307 319 323 
5 9 198 241 256 264 
5 15 39 63 242 288 
