370 925
5 6 18 96 122 344 
5 12 37 214 272 323 
5 58 130 146 219 340 
5 57 140 224 335 359 
5 91 148 308 319 368 
5 25 212 221 253 351 
5 0 54 281 297 353 
5 70 232 234 271 312 
5 167 176 183 259 320 
5 56 145 189 224 237 
5 102 198 202 260 282 
5 26 48 190 238 308 
5 1 60 116 132 347 
5 87 214 228 274 340 
5 31 173 232 280 291 
5 103 149 177 257 304 
5 31 57 135 168 200 
5 25 76 285 307 310 
5 0 30 252 328 330 
5 39 44 230 239 362 
5 100 162 246 260 286 
5 24 190 239 281 346 
5 46 49 97 258 284 
5 80 195 213 241 344 
5 21 63 158 200 330 
5 5 17 162 168 226 
5 11 64 79 118 173 
5 70 143 176 269 314 
5 83 177 206 312 342 
5 136 142 269 324 336 
5 18 77 96 128 165 
5 14 16 98 289 297 
5 55 108 133 316 335 
5 50 184 219 227 337 
5 145 148 191 288 363 
5 73 76 120 228 353 
5 58 90 301 324 335 
5 1 150 239 285 287 
5 71 172 241 281 355 
5 19 145 150 277 283 
5 46 107 156 287 364 
5 56 199 234 347 368 
5 101 184 266 308 345 
5 45 115 122 184 357 
5 19 93 100 353 369 
5 43 106 147 262 342 
5 22 40 139 289 337 
5 59 64 155 224 299 
5 11 131 242 254 313 
5 22 134 137 155 186 
5 33 154 197 256 283 
5 102 125 196 364 366 
5 79 85 104 174 341 
5 85 166 191 250 358 
5 6 145 205 256 302 
5 32 226 244 294 351 
5 9 41 239 278 361 
5 3 16 100 178 282 
5 2 36 222 302 308 
5 47 164 198 213 220 
5 12 109 228 258 265 
5 63 146 149 313 369 
5 139 156 270 317 331 
5 24 61 111 118 350 
5 26 47 106 326 353 
5 175 229 306 319 325 
5 111 207 257 275 321 
5 103 131 169 192 296 
5 126 233 329 339 343 
5 89 104 117 125 243 
5 7 27 117 208 210 
5 38 175 306 333 356 
5 83 112 121 137 265 
5 35 128 131 190 220 
5 167 290 327 347 357 
5 78 230 247 253 318 
5 17 35 173 212 274 
5 30 82 147 318 344 
5 75 176 312 316 327 
5 26 52 82 208 263 
5 23 89 182 203 210 
5 144 145 181 269 328 
5 77 79 236 294 310 
5 28 72 182 309 338 
5 89 179 190 202 352 
5 52 53 143 207 345 
5 152 173 215 219 243 
5 13 121 142 188 265 
5 106 109 115 244 340 
5 69 80 84 159 220 
5 36 170 195 209 350 
5 4 222 236 278 342 
5 194 272 297 306 360 
5 44 200 210 360 365 
5 136 159 263 264 270 
5 162 175 176 242 246 
5 0 30 122 197 327 
5 22 108 281 298 329 
5 31 167 277 279 367 
5 118 162 167 191 328 
5 20 44 57 214 355 
5 42 121 154 300 338 
5 10 51 152 319 361 
5 15 67 181 221 311 
5 52 69 242 316 317 
5 219 224 267 290 291 
5 45 64 88 144 247 
5 40 278 283 285 304 
5 32 97 134 172 280 
5 60 88 238 286 298 
5 114 205 215 235 318 
5 63 66 295 302 325 
5 72 198 284 310 341 
5 121 287 304 349 359 
5 110 144 209 217 270 
5 43 88 218 223 272 
5 12 277 282 347 353 
5 69 70 336 343 346 
5 26 63 99 331 349 
5 136 217 329 338 363 
5 35 142 199 337 365 
5 72 87 101 113 254 
5 0 43 96 200 288 
5 180 202 207 300 303 
5 129 235 274 306 326 
5 51 69 129 261 300 
5 68 138 160 197 364 
5 133 148 192 231 260 
5 30 73 160 192 358 
5 124 125 189 243 274 
5 2 188 206 299 337 
5 48 67 73 140 348 
5 12 211 250 307 321 
5 32 127 265 273 320 
5 49 108 171 229 237 
5 16 139 292 321 326 
5 29 94 119 141 234 
5 49 72 159 180 284 
5 126 193 243 263 325 
5 46 62 135 161 354 
5 3 131 259 292 336 
5 136 185 242 290 333 
5 29 87 120 288 322 
5 27 85 181 290 362 
5 81 106 114 181 348 
5 9 34 39 54 81 
5 2 61 232 248 317 
5 45 77 154 169 257 
5 4 34 127 188 227 
5 15 61 215 267 288 
5 37 39 155 201 365 
5 160 201 223 248 339 
5 86 102 191 245 277 
5 266 268 279 314 332 
5 50 101 147 181 228 
5 47 49 150 250 334 
5 40 62 210 269 342 
5 205 207 264 284 299 
5 24 188 333 351 368 
5 89 94 137 225 301 
5 126 128 151 311 369 
5 139 167 305 341 354 
5 20 25 95 99 280 
5 204 212 253 286 305 
5 59 266 271 295 342 
5 30 187 212 316 357 
5 53 241 251 283 295 
5 8 74 98 99 161 
5 16 25 227 235 276 
5 67 147 202 219 297 
5 90 171 226 289 355 
5 134 170 203 245 348 
5 38 108 270 316 368 
5 14 26 76 86 247 
5 52 221 275 322 328 
5 65 71 95 229 366 
5 8 27 78 95 331 
5 15 28 216 291 348 
5 57 204 249 252 268 
5 84 231 334 347 360 
5 123 137 274 320 352 
5 81 103 143 144 154 
5 80 83 236 249 259 
5 8 186 233 251 304 
5 33 42 43 192 369 
5 141 187 197 299 352 
5 49 183 267 268 355 
5 165 185 237 315 331 
5 87 130 148 158 213 
5 9 129 193 226 249 
5 11 21 73 84 312 
5 34 53 99 152 258 
5 67 127 128 184 255 
5 138 189 209 252 332 
5 92 208 276 300 311 
5 23 90 232 301 341 
5 51 207 220 309 359 
5 50 96 126 185 292 
5 10 59 112 204 228 
5 41 120 307 354 361 
5 16 24 93 122 258 
5 150 151 314 319 359 
5 10 84 123 169 286 
5 80 171 206 211 304 
5 163 178 198 205 305 
5 54 110 157 204 324 
5 28 130 203 257 366 
5 66 85 123 157 196 
5 70 79 194 275 308 
5 90 114 193 217 315 
5 70 80 93 156 330 
5 132 203 261 275 356 
5 5 76 163 165 312 
5 23 59 188 276 287 
5 1 13 100 272 354 
5 86 110 149 234 240 
5 177 220 278 295 341 
5 114 119 209 268 368 
5 115 271 297 335 363 
5 2 33 86 105 169 
5 59 73 89 196 216 
5 5 103 174 223 361 
5 58 91 226 322 362 
5 115 151 221 246 248 
5 3 9 47 105 365 
5 159 238 293 327 335 
5 25 55 170 189 222 
5 33 148 168 240 330 
5 13 35 60 154 198 
5 65 134 175 290 344 
5 19 75 279 289 296 
5 127 179 273 322 362 
5 7 14 146 195 273 
5 68 183 272 292 331 
5 7 41 136 215 236 
5 110 124 168 246 326 
5 82 91 182 234 287 
5 9 134 187 279 334 
5 11 109 225 270 323 
5 19 21 37 56 279 
5 215 227 254 280 296 
5 23 38 166 288 293 
5 48 95 104 141 339 
5 69 86 129 138 286 
5 55 88 245 264 314 
5 152 171 244 315 349 
5 20 95 223 235 343 
5 75 106 173 262 318 
5 146 151 223 291 330 
5 178 182 189 275 292 
5 53 132 155 344 351 
5 166 183 264 315 320 
5 18 178 193 309 345 
5 5 75 163 305 360 
5 48 121 240 283 352 
5 192 265 296 310 358 
5 50 54 273 334 365 
5 15 66 147 206 338 
5 22 60 191 200 310 
5 8 140 182 320 340 
5 10 20 127 345 354 
5 125 211 323 326 352 
5 45 247 294 299 357 
5 79 94 138 293 366 
5 94 157 244 251 318 
5 60 72 87 133 255 
5 42 153 164 315 364 
5 105 149 186 273 333 
5 153 178 186 217 349 
5 27 29 81 156 323 
5 62 94 114 172 238 
5 7 164 218 311 346 
5 1 92 115 214 233 
5 133 231 232 256 267 
5 13 76 124 129 180 
5 66 174 208 211 249 
5 168 194 213 317 367 
5 39 98 116 152 278 
5 56 91 107 216 277 
5 98 153 230 237 239 
5 14 108 162 240 281 
5 6 21 38 97 280 
5 10 57 116 300 351 
5 39 50 107 166 254 
5 22 112 137 157 325 
5 17 37 107 293 336 
5 20 109 163 202 243 
5 37 40 113 213 236 
5 34 122 142 149 241 
5 31 46 170 230 363 
5 74 105 141 143 229 
5 14 105 177 248 324 
5 135 140 197 233 249 
5 225 241 263 285 314 
5 55 82 262 305 360 
5 111 164 166 216 364 
5 67 230 240 255 302 
5 6 31 92 169 218 
5 97 109 334 343 363 
5 47 130 157 185 262 
5 101 123 125 194 282 
5 36 159 195 328 356 
5 54 58 111 296 311 
5 123 317 322 327 339 
5 15 107 113 183 203 
5 161 163 204 253 294 
5 65 71 92 124 313 
5 17 132 199 332 362 
5 4 11 42 58 208 
5 83 196 252 313 357 
5 17 82 112 255 258 
5 103 160 194 271 302 
5 7 28 78 190 212 
5 48 61 306 309 346 
5 27 153 201 244 293 
5 187 209 245 251 266 
5 32 78 104 165 172 
5 62 104 146 276 303 
5 75 77 110 247 264 
5 4 65 102 201 369 
5 8 133 180 251 259 
5 66 132 135 348 366 
5 142 174 222 231 303 
5 1 238 261 269 333 
5 29 36 205 291 367 
5 65 111 138 284 337 
5 64 124 135 235 261 
5 74 78 96 225 303 
5 18 81 99 174 301 
5 68 97 119 350 361 
5 18 24 210 227 248 
5 62 118 176 187 233 
5 153 193 307 356 359 
5 71 141 158 267 323 
5 155 179 237 256 298 
5 3 32 36 218 225 
5 29 117 140 285 345 
5 33 46 120 130 325 
5 83 101 119 257 358 
5 68 151 242 303 355 
5 2 13 88 259 346 
5 52 112 161 195 216 
5 28 45 91 156 164 
5 68 117 246 298 358 
5 0 23 77 229 250 
5 42 85 252 260 336 
5 21 117 271 313 340 
5 12 41 74 116 179 
5 131 144 171 177 321 
5 113 118 245 268 350 
5 63 90 329 349 367 
5 5 55 158 250 282 
5 84 180 185 254 261 
5 6 35 44 64 116 
5 139 161 199 214 260 
5 38 100 170 186 339 
5 71 211 301 332 367 
5 43 74 165 262 309 
5 53 128 255 338 343 
5 3 113 196 201 332 
5 92 93 179 253 294 
5 56 102 199 221 329 
5 19 143 222 231 307 
5 34 119 218 289 298 
5 40 51 126 266 295 
5 93 120 150 224 256 
5 51 175 206 263 321 
5 98 276 324 350 356 
5 4 41 158 172 217 
5 44 61 160 184 319 
370 925
5 79 155 207 259 332 
5 68 88 107 144 319 
5 47 53 56 147 368 
5 78 241 253 291 349 
5 38 53 145 168 361 
5 102 146 192 271 326 
5 79 83 155 160 245 
5 58 190 192 267 306 
5 9 59 200 205 332 
5 8 17 229 276 300 
5 66 143 148 235 326 
5 35 235 240 284 326 
5 99 206 212 217 224 
5 61 299 314 337 363 
5 68 122 162 198 309 
5 24 65 210 225 290 
5 39 140 206 269 324 
5 9 40 124 179 217 
5 34 75 76 247 333 
5 32 90 159 335 348 
5 122 166 196 322 348 
5 202 223 237 274 341 
5 86 127 203 240 322 
5 96 146 217 245 263 
5 15 96 210 340 363 
5 31 100 170 182 303 
5 63 221 313 350 364 
5 77 148 209 256 276 
5 66 237 287 346 364 
5 81 157 164 254 258 
5 67 173 212 276 356 
5 25 204 236 281 332 
5 19 47 225 247 363 
5 96 195 209 303 308 
5 18 125 129 180 207 
5 11 48 113 180 262 
5 90 141 222 291 293 
5 54 103 147 213 343 
5 4 121 149 339 353 
5 16 190 211 326 334 
5 17 42 54 117 240 
5 77 161 163 306 327 
5 40 49 98 180 225 
5 134 243 271 358 366 
5 47 72 131 277 317 
5 127 173 252 297 303 
5 161 188 281 336 358 
5 2 32 44 161 334 
5 35 158 235 294 308 
5 42 57 161 286 343 
5 128 150 176 182 223 
5 87 151 164 166 316 
5 121 247 266 312 364 
5 2 4 62 282 335 
5 37 40 173 250 338 
5 76 189 228 233 288 
5 2 58 74 106 242 
5 49 74 137 285 313 
5 7 56 177 241 309 
5 8 266 269 283 352 
5 131 203 274 302 315 
5 13 210 232 249 319 
5 53 102 172 200 252 
5 26 146 163 268 348 
5 87 239 254 267 274 
5 15 106 134 179 218 
5 10 28 67 191 262 
5 30 66 134 165 233 
5 1 14 126 168 235 
5 142 199 256 313 368 
5 166 198 202 228 308 
5 120 251 292 294 345 
5 44 140 208 267 364 
5 94 136 307 352 366 
5 56 57 101 185 254 
5 18 165 195 292 293 
5 18 55 93 186 263 
5 27 41 86 273 331 
5 3 205 232 275 334 
5 0 6 162 233 357 
5 141 145 156 189 316 
5 29 97 103 193 264 
5 99 232 270 306 355 
5 6 103 223 252 312 
5 88 138 260 356 362 
5 91 270 278 304 365 
5 22 77 179 200 260 
5 51 64 175 178 358 
5 1 84 143 211 331 
5 134 136 139 151 238 
5 19 36 96 119 324 
5 85 92 219 228 350 
5 91 265 293 300 316 
5 76 128 187 206 305 
5 73 169 201 258 338 
5 216 231 253 269 322 
5 23 24 33 90 268 
5 81 105 152 348 365 
5 42 210 251 262 308 
5 12 82 214 242 247 
5 25 151 163 245 339 
5 74 120 289 310 340 
5 5 62 167 196 298 
5 37 81 83 276 336 
5 173 208 313 323 347 
5 97 186 216 337 363 
5 56 65 223 288 309 
5 1 159 214 215 311 
5 132 184 199 310 345 
5 153 171 201 220 317 
5 121 158 194 283 333 
5 116 197 251 311 360 
5 181 201 213 321 357 
5 35 126 154 307 315 
5 151 193 287 292 359 
5 176 203 217 227 296 
5 111 133 162 170 333 
5 40 124 190 255 329 
5 123 175 234 327 367 
5 90 127 192 227 301 
5 71 101 124 360 366 
5 38 52 110 199 201 
5 14 20 160 218 305 
5 118 125 204 286 302 
5 17 117 120 230 294 
5 34 123 222 264 297 
5 68 113 135 145 361 
5 22 45 119 137 302 
5 50 93 157 176 366 
5 34 130 278 305 320 
5 129 256 288 354 357 
5 44 60 149 202 361 
5 108 241 321 329 337 
5 116 179 248 280 359 
5 43 65 67 89 250 
5 126 182 256 310 342 
5 73 89 179 248 319 
5 57 127 216 244 323 
5 84 174 188 221 231 
5 89 170 231 317 343 
5 16 72 263 338 362 
5 36 80 252 272 273 
5 69 257 268 270 301 
5 10 88 280 342 345 
5 1 176 178 229 296 
5 4 80 126 182 369 
5 5 23 63 205 355 
5 2 37 165 230 347 
5 10 27 218 290 298 
5 38 131 188 261 361 
5 50 159 194 205 289 
5 51 89 100 114 307 
5 97 190 245 281 325 
5 109 228 273 312 352 
5 113 197 290 344 350 
5 0 6 205 315 368 
5 80 171 227 241 363 
5 29 128 214 235 355 
5 48 110 221 261 298 
5 19 107 150 316 358 
5 6 122 269 300 336 
5 41 46 47 49 332 
5 14 79 116 198 227 
5 41 63 100 195 213 
5 29 51 182 315 332 
5 67 75 147 199 275 
5 20 51 70 196 239 
5 102 175 194 318 333 
5 4 68 239 317 360 
5 94 259 274 320 344 
5 25 116 139 245 248 
5 109 156 257 328 365 
5 62 219 259 290 309 
5 30 45 54 104 297 
5 138 224 239 246 288 
5 87 118 167 243 264 
5 50 115 128 144 180 
5 58 234 290 351 369 
5 87 144 231 234 357 
5 17 65 86 133 136 
5 34 35 42 176 292 
5 112 229 324 329 361 
5 25 50 135 145 164 
5 243 251 277 284 298 
5 108 237 284 292 341 
5 74 202 247 264 337 
5 76 105 262 322 358 
5 93 253 279 317 324 
5 46 138 149 246 330 
5 55 80 193 355 368 
5 7 39 117 152 204 
5 66 216 238 267 367 
5 5 7 119 253 258 
5 81 114 189 224 230 
5 110 150 167 212 323 
5 33 75 163 318 345 
5 20 102 166 319 320 
5 111 154 208 233 238 
5 14 70 162 240 354 
5 69 108 121 165 326 
5 8 62 86 201 232 
5 94 109 112 121 200 
5 21 70 131 185 260 
5 22 60 115 243 356 
5 31 123 190 222 223 
5 8 78 146 150 155 
5 12 16 93 250 276 
5 0 34 221 239 248 
5 72 104 197 241 342 
5 27 33 252 282 357 
5 15 24 61 98 271 
5 39 88 226 231 274 
5 12 30 194 242 304 
5 37 112 163 225 325 
5 99 107 157 266 321 
5 107 250 311 331 359 
5 95 105 137 191 351 
5 12 17 23 115 240 
5 65 122 148 304 346 
5 91 172 254 300 322 
5 109 291 342 360 366 
5 26 138 158 207 344 
5 36 125 204 226 246 
5 21 50 83 106 204 
5 12 174 193 246 360 
5 15 32 42 213 296 
5 211 222 282 285 327 
5 115 119 156 162 320 
5 55 70 91 153 273 
5 9 144 181 277 305 
5 124 147 193 255 318 
5 95 138 139 178 211 
5 61 78 82 200 364 
5 55 67 79 197 302 
5 118 177 178 344 368 
5 10 11 48 68 157 
5 31 263 280 296 345 
5 21 28 184 277 349 
5 89 191 197 272 286 
5 64 166 168 174 207 
5 11 22 40 198 217 
5 3 58 132 156 208 
5 56 99 212 251 359 
5 43 175 183 203 266 
5 137 261 336 337 350 
5 6 23 100 152 170 
5 174 188 222 224 295 
5 18 32 52 99 185 
5 133 136 170 207 259 
5 61 278 298 336 351 
5 54 134 206 215 255 
5 71 98 111 183 242 
5 45 62 83 141 209 
5 3 95 187 192 335 
5 29 64 74 219 277 
5 117 230 250 275 346 
5 27 69 130 135 260 
5 142 171 295 324 346 
5 29 94 192 359 367 
5 0 169 172 248 265 
5 84 86 202 256 352 
5 149 158 244 279 342 
5 35 66 98 186 281 
5 23 76 140 236 347 
5 81 125 175 185 349 
5 92 259 272 296 323 
5 52 59 214 243 291 
5 7 64 72 191 272 
5 63 96 142 284 339 
5 16 59 95 160 289 
5 82 85 142 295 299 
5 5 43 210 310 341 
5 141 238 265 267 280 
5 77 141 153 228 349 
5 21 60 64 169 211 
5 78 165 255 314 330 
5 9 27 30 103 206 
5 44 183 229 237 254 
5 85 129 249 315 329 
5 187 261 330 338 369 
5 133 143 236 272 354 
5 31 46 152 262 295 
5 53 209 226 302 350 
5 59 110 286 320 325 
5 11 183 184 268 347 
5 57 226 309 311 314 
5 49 123 238 283 289 
5 28 114 293 340 369 
5 55 106 130 174 307 
5 101 150 269 286 334 
5 15 148 154 172 177 
5 3 36 220 266 352 
5 71 75 114 180 184 
5 36 75 92 287 328 
5 48 71 124 299 327 
5 246 257 270 281 356 
5 115 144 225 236 265 
5 45 125 173 318 354 
5 102 148 158 183 249 
5 13 270 294 341 369 
5 9 92 160 219 354 
5 119 142 303 312 353 
5 60 123 127 233 282 
5 25 33 45 301 308 
5 85 212 218 348 365 
5 93 122 129 229 330 
5 7 41 82 314 328 
5 73 113 151 288 343 
5 33 48 70 98 303 
5 14 58 106 172 285 
5 101 108 135 271 321 
5 107 111 215 285 365 
5 52 83 153 301 351 
5 26 57 69 104 339 
5 13 275 285 306 344 
5 60 113 155 164 278 
5 51 80 92 159 349 
5 44 109 139 168 187 
5 167 195 230 297 343 
5 1 61 136 196 330 
5 129 169 196 227 283 
5 112 132 214 310 362 
5 20 22 95 186 219 
5 104 137 194 265 356 
5 16 90 181 187 257 
5 152 213 283 340 353 
5 5 10 11 39 199 
5 41 118 226 294 333 
5 171 293 306 331 351 
5 117 132 181 278 353 
5 188 275 279 305 319 
5 77 88 215 328 339 
5 0 8 31 161 164 
5 18 110 116 167 327 
5 39 47 78 289 353 
5 19 53 253 347 367 
5 46 103 160 244 249 
5 13 105 132 185 244 
5 54 94 140 279 340 
5 38 100 268 313 331 
5 24 101 287 325 338 
5 21 184 271 299 362 
5 135 143 208 220 261 
5 37 49 139 307 318 
5 154 169 221 234 314 
5 71 108 143 195 236 
5 28 218 255 257 355 
5 104 147 263 284 335 
5 19 20 63 97 304 
5 3 237 264 273 316 
5 26 91 154 244 282 
5 177 216 249 312 328 
5 59 73 153 260 291 
5 38 301 325 329 334 
5 130 198 280 297 300 
5 82 146 157 189 346 
5 30 84 203 295 323 
5 79 112 130 178 209 
5 43 46 87 159 186 
5 114 133 215 242 258 
5 111 120 168 220 224 
5 4 126 131 149 181 
5 84 140 321 341 367 
5 13 24 32 105 156 
5 26 28 52 72 232 
5 85 97 171 304 311 
5 43 73 120 128 220 
5 118 191 258 335 362 
5 2 69 155 189 234 
5 145 177 279 287 299 
