400 1000
5 24 173 248 311 366 
5 31 44 202 340 373 
5 55 190 301 323 378 
5 74 132 137 249 380 
5 21 45 66 348 385 
5 145 172 190 316 349 
5 167 174 259 313 320 
5 28 56 82 374 388 
5 171 249 299 331 359 
5 154 162 265 355 362 
5 46 200 272 286 373 
5 30 89 92 294 387 
5 68 138 208 209 341 
5 19 44 168 362 382 
5 29 37 64 185 393 
5 71 90 102 201 255 
5 19 232 271 314 317 
5 29 40 260 382 387 
5 61 78 262 367 391 
5 13 16 292 305 316 
5 102 105 238 283 313 
5 4 85 148 162 254 
5 73 162 193 222 226 
5 26 231 281 354 390 
5 0 169 210 328 350 
5 41 181 254 284 342 
5 23 140 276 384 395 
5 71 116 118 287 327 
5 7 222 270 277 282 
5 14 17 180 288 309 
5 11 123 275 285 363 
5 1 91 224 291 338 
5 99 102 176 191 203 
5 148 165 289 293 352 
5 156 236 282 356 390 
5 65 110 143 178 257 
5 57 214 227 253 342 
5 14 39 92 284 300 
5 81 139 284 318 386 
5 37 246 291 303 375 
5 17 54 83 107 149 
5 25 97 137 193 199 
5 52 144 243 253 282 
5 172 216 299 332 386 
5 1 13 201 227 352 
5 4 125 236 254 375 
5 10 114 212 250 330 
5 224 236 261 372 391 
5 136 142 161 298 378 
5 262 271 290 326 361 
5 97 111 129 187 243 
5 132 152 211 264 290 
5 42 75 197 252 336 
5 86 95 166 173 386 
5 40 73 83 139 304 
5 2 90 197 203 243 
5 7 177 197 231 232 
5 36 74 89 133 219 
5 77 195 288 371 394 
5 100 134 269 374 387 
5 109 132 176 215 252 
5 18 91 149 289 310 
5 167 181 183 200 217 
5 140 229 256 307 313 
5 14 94 99 326 367 
5 35 165 259 325 351 
5 4 140 141 242 250 
5 72 223 225 294 394 
5 12 108 180 183 267 
5 129 137 148 282 312 
5 244 333 362 373 389 
5 15 27 216 255 261 
5 67 117 144 203 271 
5 22 54 215 266 333 
5 3 57 100 214 273 
5 52 270 277 318 399 
5 77 147 280 305 374 
5 58 76 114 239 268 
5 18 88 188 256 319 
5 103 203 237 289 345 
5 129 220 228 297 307 
5 38 99 149 168 196 
5 7 165 199 332 339 
5 40 54 134 151 218 
5 141 198 258 301 328 
5 21 106 130 213 290 
5 53 208 216 230 368 
5 101 124 142 154 347 
5 78 167 196 204 355 
5 11 57 166 223 357 
5 15 55 135 184 278 
5 31 61 233 261 334 
5 11 37 227 376 380 
5 155 171 284 300 318 
5 64 170 257 330 340 
5 53 103 109 202 255 
5 119 229 253 275 390 
5 41 50 205 284 346 
5 152 180 234 356 396 
5 32 64 81 189 235 
5 59 74 163 220 299 
5 87 124 131 396 399 
5 15 20 32 338 371 
5 79 95 134 206 364 
5 125 186 210 235 385 
5 20 171 178 316 327 
5 85 120 128 184 258 
5 40 144 211 266 317 
5 68 109 282 283 354 
5 60 95 108 139 383 
5 35 218 257 296 388 
5 50 124 206 262 304 
5 158 242 294 302 353 
5 231 287 317 338 343 
5 46 77 245 376 379 
5 127 193 195 211 379 
5 27 120 140 264 269 
5 72 135 216 255 384 
5 27 322 346 349 368 
5 96 206 212 279 367 
5 106 116 300 383 386 
5 123 332 334 384 395 
5 126 131 184 194 245 
5 30 121 160 210 382 
5 87 101 111 214 285 
5 45 104 144 230 270 
5 122 278 301 324 345 
5 115 227 271 334 344 
5 106 189 240 302 319 
5 50 69 80 365 370 
5 85 187 288 308 382 
5 101 122 156 206 313 
5 3 51 60 358 366 
5 57 175 315 375 398 
5 59 83 103 230 260 
5 90 117 152 202 209 
5 48 161 226 303 358 
5 3 41 69 170 254 
5 12 200 241 306 336 
5 38 54 109 207 265 
5 26 63 66 116 367 
5 66 84 179 204 311 
5 48 87 160 323 392 
5 35 164 198 270 312 
5 42 72 107 125 179 
5 5 260 281 286 317 
5 161 173 204 250 306 
5 76 183 198 310 383 
5 21 33 69 151 157 
5 40 61 81 190 219 
5 186 228 316 322 391 
5 83 148 184 220 395 
5 51 98 135 180 243 
5 234 268 337 343 351 
5 9 87 283 321 324 
5 93 204 357 377 390 
5 34 131 163 330 390 
5 148 202 211 246 260 
5 112 199 208 251 313 
5 208 229 314 328 360 
5 123 142 164 305 343 
5 48 136 146 309 384 
5 9 21 22 172 322 
5 100 156 281 331 345 
5 143 160 274 276 330 
5 33 65 82 239 251 
5 53 89 294 304 315 
5 6 62 88 179 360 
5 13 81 246 328 351 
5 24 215 333 340 371 
5 94 137 212 235 286 
5 8 93 105 338 378 
5 5 43 162 214 298 
5 0 53 146 245 273 
5 6 220 223 276 299 
5 133 176 249 275 325 
5 32 60 175 191 192 
5 56 251 335 336 361 
5 35 105 239 263 356 
5 141 144 167 188 248 
5 29 68 98 152 335 
5 25 62 192 244 372 
5 185 249 277 308 342 
5 62 68 147 293 399 
5 90 106 122 151 334 
5 14 182 303 318 327 
5 104 150 189 247 297 
5 50 130 319 344 364 
5 78 179 221 272 347 
5 99 128 186 233 389 
5 2 5 149 263 314 
5 32 176 221 236 381 
5 176 181 213 244 266 
5 22 41 115 331 335 
5 122 274 280 344 385 
5 58 115 218 242 258 
5 81 88 235 274 292 
5 52 55 56 296 309 
5 84 143 147 322 351 
5 41 82 158 310 374 
5 10 62 138 237 341 
5 15 44 247 250 293 
5 1 95 135 157 205 
5 32 55 72 79 392 
5 88 141 146 155 382 
5 97 202 207 329 340 
5 103 111 119 131 243 
5 139 205 218 287 388 
5 12 86 158 159 236 
5 12 135 219 324 397 
5 24 104 123 262 275 
5 51 107 115 157 253 
5 46 119 170 263 315 
5 85 192 297 329 370 
5 36 74 124 172 307 
5 60 73 169 216 277 
5 43 71 86 117 215 
5 62 225 233 316 358 
5 83 110 195 207 375 
5 57 149 209 234 391 
5 80 100 151 174 233 
5 188 191 224 349 377 
5 22 28 241 368 397 
5 67 89 174 310 380 
5 31 47 221 304 392 
5 67 217 252 320 399 
5 22 136 291 321 379 
5 36 44 92 127 293 
5 80 150 321 326 347 
5 63 96 159 250 346 
5 86 125 134 293 323 
5 23 56 113 257 319 
5 16 56 237 270 392 
5 91 189 217 220 258 
5 98 153 219 280 389 
5 99 104 170 196 341 
5 34 45 47 191 208 
5 79 200 232 324 357 
5 20 268 292 321 378 
5 77 165 178 300 394 
5 128 266 312 329 369 
5 138 222 288 303 361 
5 66 112 195 300 368 
5 42 50 55 152 206 
5 70 181 192 273 349 
5 114 122 173 287 356 
5 39 157 168 353 365 
5 186 201 254 298 337 
5 0 179 289 365 398 
5 3 8 175 182 296 
5 46 66 146 201 229 
5 158 165 177 330 380 
5 52 60 225 378 383 
5 36 42 96 211 329 
5 21 25 45 137 247 
5 15 71 95 117 362 
5 63 78 262 349 379 
5 35 94 110 231 276 
5 84 106 195 233 355 
5 6 65 302 314 350 
5 17 134 145 157 394 
5 47 71 91 366 396 
5 18 49 111 210 256 
5 178 190 212 347 377 
5 51 116 292 336 352 
5 9 139 274 290 389 
5 73 107 192 240 369 
5 68 297 298 346 385 
5 77 153 238 352 379 
5 59 116 286 312 395 
5 28 75 125 143 232 
5 16 49 72 127 296 
5 10 188 308 331 337 
5 74 173 244 372 398 
5 164 194 196 265 279 
5 30 96 175 210 370 
5 26 164 174 257 291 
5 28 75 182 215 315 
5 90 126 306 381 394 
5 119 274 343 345 361 
5 76 194 234 358 397 
5 23 145 163 297 365 
5 28 34 42 69 108 
5 20 108 154 384 393 
5 25 37 38 93 97 
5 30 124 298 345 358 
5 10 145 170 269 350 
5 27 113 207 245 385 
5 29 58 130 241 365 
5 33 61 79 248 354 
5 49 51 85 265 355 
5 31 39 226 276 369 
5 19 196 238 264 362 
5 33 183 201 227 230 
5 11 67 112 166 348 
5 354 363 367 375 388 
5 110 197 249 271 312 
5 80 186 213 267 281 
5 48 172 247 267 285 
5 8 43 100 174 311 
5 37 93 120 239 242 
5 2 84 126 305 369 
5 112 128 259 335 339 
5 39 136 185 241 348 
5 54 111 166 224 376 
5 19 76 160 301 350 
5 138 146 278 357 399 
5 63 80 214 314 374 
5 130 182 272 320 356 
5 29 161 197 321 381 
5 61 147 199 223 327 
5 0 141 299 318 396 
5 69 143 240 269 296 
5 6 20 63 131 158 
5 16 159 190 259 307 
5 133 166 212 277 344 
5 5 19 105 150 217 
5 16 107 113 145 373 
5 38 75 93 185 311 
5 78 128 187 231 333 
5 6 225 308 355 386 
5 154 226 228 238 309 
5 118 150 162 198 335 
5 2 142 230 332 337 
5 126 154 209 237 388 
5 65 175 336 353 359 
5 49 64 228 387 392 
5 27 105 185 310 341 
5 24 84 159 168 359 
5 205 213 240 253 351 
5 46 94 156 164 251 
5 8 163 193 272 364 
5 43 82 121 323 339 
5 70 73 169 319 397 
5 91 121 127 184 359 
5 177 180 193 302 322 
5 52 138 177 264 325 
5 153 247 272 323 359 
5 31 102 113 171 340 
5 82 302 332 354 398 
5 1 94 169 205 338 
5 12 200 235 327 348 
5 25 36 182 364 393 
5 113 153 160 279 366 
5 127 187 194 315 381 
5 79 126 163 279 285 
5 97 118 229 267 377 
5 87 188 228 263 363 
5 4 294 303 341 373 
5 5 118 221 244 256 
5 24 259 286 305 393 
5 65 153 168 198 329 
5 33 44 264 268 360 
5 112 246 325 383 391 
5 23 108 289 295 339 
5 9 88 258 290 320 
5 34 98 178 245 308 
5 89 155 237 306 370 
5 132 136 217 280 285 
5 8 325 328 334 337 
5 159 167 352 363 376 
5 49 177 241 279 368 
5 9 13 70 255 292 
5 30 295 347 360 396 
5 103 187 331 342 371 
5 129 246 248 281 288 
5 0 132 261 343 398 
5 18 64 119 140 295 
5 86 118 222 242 361 
5 240 266 291 301 380 
5 129 213 275 357 377 
5 58 102 169 364 395 
5 47 181 273 387 389 
5 1 10 70 317 348 
5 7 59 76 199 307 
5 39 45 133 218 295 
5 92 114 304 360 393 
5 155 221 263 346 370 
5 2 48 171 238 252 
5 114 115 226 256 268 
5 3 92 223 251 369 
5 191 278 309 344 397 
5 13 17 123 130 204 
5 109 120 147 252 353 
5 26 117 121 161 283 
5 4 104 194 267 287 
5 38 43 53 120 320 
5 11 17 59 326 372 
5 7 110 207 295 324 
5 70 189 234 265 372 
5 23 34 96 155 156 
5 18 47 150 219 353 
5 142 203 224 232 326 
5 14 283 342 350 376 
5 58 67 239 260 278 
5 26 121 151 269 371 
5 98 101 261 311 363 
5 209 222 280 333 381 
5 133 248 273 339 366 
5 75 101 183 225 306 
400 1000
5 68 142 308 373 378 
5 10 102 165 207 374 
5 26 51 78 84 257 
5 126 250 333 352 354 
5 149 185 263 308 381 
5 145 172 177 273 306 
5 9 92 307 357 397 
5 16 137 170 291 375 
5 16 108 132 234 399 
5 6 82 203 353 365 
5 1 86 114 266 279 
5 50 73 170 273 300 
5 67 247 313 317 351 
5 163 173 201 225 342 
5 73 117 122 126 131 
5 22 25 112 249 353 
5 7 8 90 250 287 
5 47 77 172 339 376 
5 91 114 331 364 395 
5 39 158 216 294 302 
5 96 110 121 277 284 
5 75 81 147 234 247 
5 15 204 226 320 361 
5 112 138 155 386 389 
5 238 255 269 290 296 
5 15 163 176 220 377 
5 2 204 274 300 374 
5 86 138 154 225 325 
5 129 236 297 335 395 
5 103 232 233 272 316 
5 125 173 282 331 376 
5 91 224 226 318 344 
5 87 222 270 273 394 
5 106 160 169 309 381 
5 50 117 175 265 316 
5 58 120 127 162 302 
5 70 142 171 349 392 
5 144 150 151 301 362 
5 53 90 173 214 216 
5 19 156 324 380 392 
5 66 131 289 335 375 
5 44 75 225 261 390 
5 144 284 296 319 398 
5 52 129 170 209 236 
5 41 168 215 277 339 
5 116 267 287 350 358 
5 134 149 205 286 287 
5 17 101 111 118 389 
5 193 301 313 315 382 
5 78 93 115 197 259 
5 11 34 203 274 377 
5 2 91 270 289 342 
5 43 131 137 244 376 
5 38 198 303 349 393 
5 59 205 219 300 331 
5 75 241 262 281 324 
5 60 83 93 103 314 
5 74 85 266 334 347 
5 35 88 246 301 374 
5 54 262 279 329 389 
5 56 105 110 117 299 
5 62 71 238 317 375 
5 61 255 352 353 369 
5 66 133 176 315 355 
5 131 248 286 288 347 
5 191 229 305 329 340 
5 40 63 200 217 323 
5 12 121 125 246 294 
5 0 80 212 299 314 
5 158 271 312 380 381 
5 36 80 146 196 326 
5 61 199 215 218 334 
5 156 186 210 295 345 
5 11 14 130 160 399 
5 57 79 89 171 299 
5 21 41 55 80 349 
5 154 201 217 335 387 
5 17 191 293 352 355 
5 2 49 185 223 357 
5 74 156 191 222 331 
5 68 70 75 248 319 
5 21 108 139 317 374 
5 9 91 109 194 257 
5 56 101 209 218 248 
5 2 140 176 206 367 
5 57 141 157 203 350 
5 10 27 189 297 306 
5 32 126 196 207 208 
5 58 135 143 246 387 
5 74 96 162 271 358 
5 16 38 135 160 215 
5 18 31 51 82 177 
5 6 167 234 359 384 
5 49 56 269 281 320 
5 190 318 328 383 386 
5 114 298 311 336 340 
5 20 89 333 341 381 
5 240 269 318 321 368 
5 130 161 221 366 395 
5 126 165 177 235 343 
5 195 226 228 249 264 
5 47 83 161 355 373 
5 1 114 140 195 372 
5 29 56 204 230 325 
5 217 243 370 373 383 
5 60 159 243 327 396 
5 33 111 199 272 356 
5 151 155 188 203 303 
5 8 81 182 187 230 
5 82 167 174 215 286 
5 20 60 181 221 310 
5 47 106 196 251 374 
5 15 23 120 148 258 
5 119 162 174 238 294 
5 10 18 95 102 171 
5 49 125 222 249 293 
5 45 179 199 275 332 
5 14 34 60 201 343 
5 47 126 181 240 302 
5 113 127 136 309 337 
5 35 112 155 167 387 
5 20 67 163 259 370 
5 14 180 208 282 339 
5 150 246 312 336 379 
5 212 233 268 298 388 
5 30 67 115 191 221 
5 3 14 87 99 118 
5 35 119 194 244 381 
5 186 214 281 346 393 
5 28 43 169 264 315 
5 73 98 142 367 379 
5 14 40 52 64 192 
5 8 188 227 309 382 
5 63 135 207 330 336 
5 46 177 378 396 399 
5 88 90 133 179 371 
5 119 227 270 300 338 
5 7 52 244 271 299 
5 23 27 250 297 313 
5 81 150 201 230 373 
5 84 102 325 362 375 
5 85 165 256 268 379 
5 0 36 130 237 276 
5 88 195 198 202 280 
5 37 42 322 346 364 
5 5 220 238 316 368 
5 70 170 210 260 266 
5 21 233 296 345 377 
5 112 151 168 322 383 
5 4 46 227 321 326 
5 37 123 139 151 364 
5 37 107 148 150 397 
5 181 247 255 279 280 
5 244 289 332 334 345 
5 27 76 157 202 240 
5 23 107 120 221 288 
5 39 72 79 182 209 
5 85 154 243 301 304 
5 19 69 295 339 347 
5 105 190 218 275 372 
5 33 73 90 248 328 
5 98 101 291 328 387 
5 35 89 113 222 350 
5 13 25 121 277 305 
5 176 179 213 311 314 
5 1 99 141 200 254 
5 167 187 237 245 290 
5 92 109 120 166 282 
5 44 148 362 367 394 
5 33 129 192 333 349 
5 7 11 43 146 298 
5 36 74 114 387 398 
5 5 17 259 263 349 
5 13 30 38 252 384 
5 109 113 227 379 393 
5 34 287 324 360 376 
5 25 63 84 164 226 
5 5 91 99 134 229 
5 179 181 249 279 302 
5 116 135 164 178 277 
5 122 233 330 344 358 
5 110 118 152 178 201 
5 108 156 190 323 351 
5 288 290 311 333 394 
5 199 224 235 283 355 
5 4 78 231 242 314 
5 72 128 192 214 388 
5 108 166 237 246 312 
5 107 132 211 348 385 
5 86 251 270 304 384 
5 94 159 182 262 337 
5 65 77 79 125 278 
5 131 169 186 205 371 
5 48 250 261 281 304 
5 82 127 213 280 348 
5 100 102 143 269 383 
5 70 87 111 197 285 
5 49 196 256 328 363 
5 53 143 231 307 391 
5 71 106 116 184 368 
5 66 165 208 280 368 
5 13 76 117 139 181 
5 143 154 219 343 364 
5 9 50 85 107 236 
5 22 26 103 268 278 
5 46 54 192 285 369 
5 84 225 261 339 359 
5 1 87 133 276 351 
5 87 122 200 241 255 
5 43 83 156 281 303 
5 72 146 224 293 313 
5 188 213 228 319 393 
5 68 124 305 370 398 
5 164 194 211 285 299 
5 38 128 186 243 295 
5 44 71 90 109 354 
5 19 38 235 272 283 
5 66 76 104 235 275 
5 71 83 159 295 368 
5 54 202 329 350 379 
5 25 145 318 344 391 
5 98 110 125 155 303 
5 32 79 115 162 346 
5 78 239 311 348 386 
5 31 184 210 341 380 
5 13 27 41 206 358 
5 22 31 100 176 243 
5 132 136 149 174 268 
5 100 211 237 289 290 
5 65 177 258 363 396 
5 103 108 139 293 391 
5 185 198 258 327 344 
5 29 252 330 340 356 
5 29 124 147 180 323 
5 8 21 92 235 270 
5 99 184 216 217 234 
5 28 43 203 292 341 
5 142 166 187 228 363 
5 24 61 113 145 395 
5 223 335 336 385 388 
5 97 118 154 259 319 
5 55 208 264 276 324 
5 185 286 329 338 385 
5 104 105 157 214 226 
5 52 127 137 153 280 
5 166 253 278 324 360 
5 58 67 88 123 187 
5 12 21 152 250 274 
5 64 80 83 160 252 
5 15 100 115 178 363 
5 3 16 138 193 247 
5 111 189 274 304 378 
5 173 232 248 260 295 
5 245 262 354 362 399 
5 165 266 296 327 354 
5 24 62 152 208 377 
5 141 197 266 298 384 
5 2 82 312 348 366 
5 112 229 231 264 389 
5 49 121 172 240 398 
5 146 252 283 284 371 
5 41 193 206 356 369 
5 55 59 190 253 383 
5 4 172 306 316 346 
5 100 129 241 258 371 
5 34 267 287 367 397 
5 10 57 146 254 256 
5 45 265 284 298 397 
5 124 141 204 227 398 
5 24 93 97 195 375 
5 32 51 136 189 234 
5 69 89 137 361 372 
5 29 106 216 315 342 
5 5 11 32 289 325 
5 26 50 247 251 382 
5 116 159 217 361 367 
5 142 207 241 332 390 
5 20 44 163 179 284 
5 191 204 245 300 305 
5 10 59 152 178 348 
5 143 152 194 200 244 
5 55 93 128 193 209 
5 30 122 167 302 390 
5 184 216 260 340 390 
5 20 42 260 267 277 
5 196 205 213 382 394 
5 46 64 109 242 334 
5 16 45 46 175 265 
5 64 155 183 359 364 
5 40 51 153 228 273 
5 24 166 183 228 322 
5 7 161 318 336 357 
5 236 319 331 332 337 
5 77 115 210 230 317 
5 19 67 113 326 371 
5 72 158 214 218 252 
5 24 42 147 254 342 
5 28 86 138 353 365 
5 95 124 170 256 267 
5 60 68 74 137 213 
5 11 26 54 136 278 
5 37 48 58 157 327 
5 19 35 118 178 282 
5 53 107 209 221 394 
5 157 189 193 251 391 
5 65 163 212 278 380 
5 5 86 263 307 372 
5 6 198 306 309 352 
5 0 4 312 343 359 
5 33 119 132 307 388 
5 110 320 357 395 396 
5 95 164 183 223 382 
5 69 123 187 257 308 
5 12 48 138 210 321 
5 56 68 164 185 345 
5 48 63 129 272 376 
5 29 34 145 263 377 
5 12 61 81 293 369 
5 31 94 97 220 291 
5 42 80 211 240 292 
5 22 93 310 321 385 
5 97 149 313 320 365 
5 144 148 290 344 346 
5 66 182 233 351 391 
5 39 55 175 241 245 
5 27 103 140 273 360 
5 70 149 294 340 369 
5 105 231 254 301 330 
5 94 160 161 197 333 
5 59 65 219 242 392 
5 133 180 232 327 347 
5 18 30 54 79 292 
5 116 153 276 292 389 
5 3 96 169 183 328 
5 57 71 153 286 380 
5 28 40 76 239 365 
5 95 123 133 239 291 
5 119 190 292 347 392 
5 136 242 345 370 386 
5 17 44 122 158 206 
5 65 95 232 283 326 
5 96 224 236 363 384 
5 13 51 272 296 396 
5 99 117 202 308 370 
5 31 180 220 231 322 
5 72 147 153 314 338 
5 128 144 222 263 322 
5 57 64 158 330 337 
5 188 194 223 257 279 
5 36 53 75 169 172 
5 45 85 162 219 366 
5 12 182 207 323 393 
5 3 62 77 307 358 
5 9 15 62 297 386 
5 3 215 253 254 356 
5 63 77 101 184 390 
5 106 232 261 354 357 
5 6 78 291 310 356 
5 45 89 180 225 352 
5 92 206 288 308 378 
5 175 245 325 372 378 
5 22 271 275 362 397 
5 37 140 168 253 361 
5 197 229 237 249 341 
5 18 144 150 202 288 
5 9 297 321 335 385 
5 98 257 350 392 399 
5 84 130 168 265 275 
5 97 145 199 200 218 
5 62 205 261 317 326 
5 104 121 212 338 343 
5 135 192 260 264 294 
5 102 159 271 306 360 
5 0 101 104 139 388 
5 1 26 58 81 111 
5 7 40 61 140 269 
5 17 30 52 175 315 
5 25 50 147 255 316 
5 0 134 251 359 360 
5 123 130 141 174 219 
5 39 69 224 305 334 
5 4 33 69 96 127 
5 48 132 274 285 311 
5 94 104 148 195 262 
5 92 173 189 256 341 
5 188 239 242 320 365 
5 23 94 223 338 353 
5 76 88 120 161 171 
5 124 186 239 309 373 
5 23 47 59 258 332 
5 41 276 282 283 355 
5 198 220 230 304 323 
5 36 39 329 337 366 
5 53 128 174 211 351 
5 32 168 183 285 303 
5 18 28 98 238 310 
5 105 134 229 310 342 
5 6 151 265 267 361 
5 42 171 212 259 268 
5 8 73 134 253 366 
