40 100
5 10 22 28 30 33 
5 18 29 31 34 36 
5 17 27 33 37 38 
5 5 15 22 32 35 
5 7 12 15 16 34 
5 3 7 9 12 26 
5 23 31 32 33 36 
5 4 5 21 35 39 
5 14 15 18 30 35 
5 5 11 14 21 25 
5 0 17 19 22 28 
5 9 19 26 30 31 
5 4 5 13 21 37 
5 12 17 18 30 39 
5 8 9 21 34 39 
5 3 4 8 25 35 
5 4 18 20 24 37 
5 2 10 13 26 27 
5 1 8 13 16 21 
5 10 11 20 30 32 
5 16 19 22 24 38 
5 7 9 12 14 18 
5 0 3 10 20 33 
5 6 24 25 28 29 
5 16 20 23 26 28 
5 9 15 23 32 34 
5 5 11 17 24 29 
5 2 17 36 38 39 
5 0 10 23 24 35 
5 1 23 26 36 37 
5 0 8 11 13 19 
5 1 6 11 36 38 
5 3 6 19 25 33 
5 0 2 6 22 32 
5 1 4 14 25 39 
5 3 7 8 15 28 
5 1 6 27 29 31 
5 2 12 16 29 38 
5 2 20 27 31 37 
5 7 13 14 27 34 
40 100
5 6 8 13 14 34 
5 4 9 23 27 30 
5 4 12 14 15 19 
5 9 18 19 28 31 
5 1 2 6 10 37 
5 11 24 29 34 37 
5 0 4 8 30 39 
5 10 11 19 32 34 
5 0 6 13 25 35 
5 1 3 18 26 27 
5 4 7 11 12 21 
5 5 7 10 14 16 
5 2 10 14 25 28 
5 0 8 27 32 39 
5 0 2 11 12 26 
5 2 21 33 35 39 
5 11 20 34 36 37 
5 18 19 22 32 34 
5 3 9 17 29 33 
5 2 3 7 17 36 
5 16 23 26 27 33 
5 10 15 24 31 35 
5 17 25 30 31 33 
5 1 20 25 36 38 
5 5 21 29 31 35 
5 8 12 22 23 35 
5 9 14 20 37 38 
5 1 9 13 20 39 
5 3 12 31 32 36 
5 5 18 24 33 38 
5 1 6 22 32 38 
5 3 21 22 24 28 
5 7 13 17 28 30 
5 15 18 20 22 29 
5 0 5 7 16 17 
5 8 15 21 24 25 
5 16 19 23 28 37 
5 4 5 16 26 36 
5 23 26 29 30 39 
5 6 13 15 27 38 
