60 150
5 11 20 43 53 59 
5 8 22 24 29 43 
5 3 6 7 12 38 
5 2 21 41 42 53 
5 25 28 29 49 54 
5 10 21 24 49 58 
5 2 23 34 41 42 
5 2 34 39 45 55 
5 1 9 22 45 56 
5 8 14 38 39 48 
5 5 17 33 40 55 
5 0 14 46 53 54 
5 2 39 48 57 59 
5 18 33 47 48 49 
5 9 11 27 30 31 
5 16 23 28 35 40 
5 15 18 30 45 58 
5 10 32 34 55 58 
5 13 16 35 37 40 
5 20 31 38 51 56 
5 0 19 27 43 53 
5 3 5 31 37 47 
5 1 8 39 41 50 
5 6 15 25 31 32 
5 1 5 28 34 59 
5 4 23 44 46 51 
5 32 34 36 41 51 
5 14 20 28 29 45 
5 4 15 24 27 57 
5 1 4 27 47 49 
5 14 16 36 38 58 
5 14 19 21 23 55 
5 17 23 26 50 57 
5 10 13 44 53 58 
5 6 7 17 24 26 
5 15 18 37 46 51 
5 26 30 40 52 54 
5 18 21 35 52 59 
5 2 9 19 30 42 
5 7 9 12 22 56 
5 10 15 18 36 44 
5 3 6 22 26 47 
5 3 6 38 52 56 
5 0 1 20 49 54 
5 25 33 40 51 59 
5 7 8 16 27 50 
5 11 25 35 52 57 
5 13 21 29 41 50 
5 9 12 13 50 57 
5 4 5 13 29 43 
5 22 32 45 47 48 
5 19 25 26 35 44 
5 36 37 42 46 56 
5 0 3 11 20 33 
5 4 11 36 43 55 
5 7 10 17 31 54 
5 8 19 39 42 52 
5 12 28 32 46 48 
5 5 16 17 30 33 
5 0 12 24 37 44 
60 150
5 6 7 24 48 57 
5 13 14 35 39 50 
5 5 17 29 35 51 
5 24 25 36 45 55 
5 9 15 23 37 43 
5 2 11 27 34 52 
5 0 26 32 45 47 
5 0 30 41 54 57 
5 10 11 14 28 35 
5 4 17 26 38 48 
5 8 13 15 16 19 
5 5 8 13 32 39 
5 20 31 44 49 53 
5 1 10 11 34 43 
5 1 8 40 42 53 
5 4 10 22 39 41 
5 10 18 19 26 46 
5 2 9 32 44 52 
5 16 23 38 42 59 
5 10 16 21 49 57 
5 12 29 31 45 57 
5 19 22 30 43 44 
5 15 21 34 39 51 
5 4 18 41 44 56 
5 0 3 25 55 59 
5 3 24 29 31 38 
5 6 9 16 53 59 
5 5 28 37 52 57 
5 8 27 33 46 56 
5 2 20 25 36 49 
5 7 21 33 36 38 
5 12 20 25 48 55 
5 6 11 17 33 50 
5 28 30 32 41 54 
5 5 13 22 37 58 
5 1 2 8 37 46 
5 3 29 30 53 56 
5 4 27 34 35 38 
5 9 18 25 30 37 
5 1 11 15 22 50 
5 14 43 48 51 52 
5 7 15 23 33 54 
5 14 18 47 52 59 
5 4 13 21 40 48 
5 12 17 21 23 58 
5 3 6 20 47 54 
5 16 28 35 50 59 
5 6 42 45 51 55 
5 0 9 31 40 43 
5 12 19 29 51 56 
5 1 32 39 46 58 
5 2 22 40 47 49 
5 5 17 27 40 42 
5 12 14 26 36 58 
5 7 33 41 45 55 
5 3 24 31 47 54 
5 23 28 36 49 58 
5 0 7 19 20 27 
5 34 44 50 53 56 
5 18 24 26 42 46 
