90 225
5 11 44 46 54 81 
5 27 30 64 77 84 
5 17 70 77 80 81 
5 11 16 50 85 88 
5 17 38 40 74 86 
5 12 48 69 79 87 
5 18 32 62 78 85 
5 19 20 41 59 83 
5 12 57 71 76 85 
5 14 25 57 71 86 
5 19 22 29 63 77 
5 0 3 21 35 74 
5 5 8 31 35 88 
5 15 64 67 76 82 
5 9 29 34 39 47 
5 13 16 17 21 60 
5 3 15 23 24 56 
5 2 4 15 34 48 
5 6 21 75 83 84 
5 7 10 43 52 78 
5 7 25 33 52 66 
5 11 15 18 52 70 
5 10 25 39 77 89 
5 16 50 57 59 84 
5 16 39 55 65 66 
5 9 20 22 45 51 
5 28 30 38 60 78 
5 1 41 71 73 76 
5 26 37 40 50 86 
5 10 14 31 66 70 
5 1 26 49 55 69 
5 12 29 52 65 69 
5 6 33 41 47 61 
5 20 32 48 71 74 
5 14 17 36 63 82 
5 11 12 43 54 73 
5 34 37 65 66 80 
5 28 36 45 46 75 
5 4 26 52 62 86 
5 14 22 24 78 81 
5 4 28 60 67 89 
5 7 27 32 51 64 
5 68 74 83 85 89 
5 19 35 54 77 88 
5 0 60 69 72 75 
5 25 37 73 74 76 
5 0 37 55 81 87 
5 14 32 54 79 86 
5 5 17 33 54 79 
5 30 51 55 62 88 
5 3 23 28 66 67 
5 25 41 49 61 75 
5 19 20 21 31 38 
5 61 68 69 75 85 
5 0 35 43 47 48 
5 24 30 46 49 58 
5 16 59 72 76 89 
5 8 9 23 63 64 
5 55 59 70 73 80 
5 7 23 56 58 60 
5 15 26 40 44 59 
5 32 51 53 80 82 
5 6 38 49 63 87 
5 10 34 57 62 71 
5 1 13 41 57 68 
5 24 31 36 68 78 
5 20 24 29 36 50 
5 13 40 50 79 87 
5 42 53 64 65 87 
5 5 30 31 44 53 
5 2 21 29 58 83 
5 8 9 27 33 63 
5 44 56 79 82 84 
5 27 35 45 58 83 
5 4 11 33 42 45 
5 18 37 44 51 53 
5 8 13 27 45 56 
5 1 2 10 22 43 
5 6 19 26 39 65 
5 5 47 48 67 72 
5 2 36 58 61 84 
5 0 2 39 46 82 
5 13 34 61 72 81 
5 7 18 42 70 73 
5 1 18 23 72 80 
5 3 6 8 42 53 
5 4 9 28 38 47 
5 5 46 62 67 68 
5 3 12 43 49 89 
5 22 40 42 56 88 
90 225
5 7 24 27 31 54 
5 37 39 43 47 83 
5 14 33 36 46 71 
5 8 10 67 79 81 
5 9 60 64 66 81 
5 11 13 23 40 82 
5 9 19 47 59 74 
5 0 16 21 65 69 
5 3 24 67 81 86 
5 4 6 31 56 60 
5 3 23 52 73 77 
5 5 27 44 46 57 
5 36 49 55 77 88 
5 5 22 57 64 81 
5 2 17 33 51 77 
5 19 34 36 68 74 
5 7 23 29 62 85 
5 14 29 32 34 40 
5 25 31 49 56 77 
5 6 15 25 27 39 
5 32 41 43 73 75 
5 7 23 49 52 83 
5 13 34 71 74 84 
5 5 10 16 21 36 
5 0 8 34 45 87 
5 18 19 66 76 87 
5 33 46 67 79 80 
5 0 11 19 48 60 
5 39 59 67 72 82 
5 16 17 49 70 78 
5 53 55 63 64 69 
5 0 9 18 52 61 
5 17 20 44 68 84 
5 2 14 26 55 57 
5 15 17 22 24 62 
5 40 41 58 61 62 
5 2 12 15 23 75 
5 1 42 66 79 83 
5 43 50 80 82 89 
5 1 19 28 45 73 
5 5 17 35 41 68 
5 20 35 40 53 84 
5 37 48 55 70 86 
5 1 20 38 66 86 
5 11 32 46 75 84 
5 24 39 50 55 89 
5 2 11 26 44 78 
5 1 6 63 68 85 
5 27 42 51 69 83 
5 12 18 21 29 68 
5 38 45 54 56 82 
5 14 48 52 71 74 
5 10 21 31 51 57 
5 30 41 62 65 67 
5 0 50 58 59 88 
5 12 30 33 42 45 
5 9 18 50 85 89 
5 11 13 33 52 83 
5 35 54 63 70 87 
5 6 28 54 69 88 
5 4 9 27 65 76 
5 31 35 70 71 88 
5 16 34 35 53 78 
5 30 47 58 86 89 
5 4 13 30 72 87 
5 7 53 60 80 87 
5 4 25 37 43 70 
5 3 8 26 28 53 
5 15 32 40 47 49 
5 7 30 48 59 84 
5 29 42 58 61 66 
5 2 22 51 61 76 
5 28 64 75 76 80 
5 10 20 39 79 85 
5 6 15 22 51 76 
5 20 36 44 72 80 
5 25 60 71 72 74 
5 10 12 14 18 78 
5 29 46 62 77 85 
5 3 26 37 73 88 
5 26 38 65 72 75 
5 3 4 8 13 89 
5 5 28 38 50 86 
5 1 21 37 48 57 
5 22 32 41 44 69 
5 16 47 56 73 78 
5 8 42 43 63 82 
5 24 25 58 64 65 
5 12 54 59 61 79 
5 38 45 56 63 81 
