10 12514
100 5773778
110 6120328
120 7092268
130 9145257
140 11061701
150 12649546
160 17321462
170 23072788
180 26608084
190 33850372
20 56634
200 35392608
210 40297907
220 47249324
230 53548404
240 63746284
250 68076291
260 72937172
270 83211107
280 91875684
290 103226398
30 141961
300 115290755
310 135992430
320 144616051
330 156267768
340 160915971
350 181988383
360 196355014
370 221978512
380 248940398
390 279861651
40 288654
400 265503183
410 310573301
420 330035959
430 380807670
440 387407007
450 412252785
460 432579955
470 448966782
480 511264165
490 519451384
50 565598
500 566003738
60 994922
70 1906248
80 2242050
90 3110797
