10 67965
100 17200244
110 21390738
120 26002124
130 31510791
140 37623596
150 45977425
160 54606721
170 64185148
180 73606154
190 84697598
20 334049
200 95161431
30 941345
40 1802668
50 3179869
60 5034560
70 7400327
80 10297974
90 13534122
10 73112
100 17094421
110 21289064
120 26203991
130 32412433
140 37586012
150 45617779
160 55460252
170 64024289
180 74830209
190 84346398
20 343481
200 95110820
210 106713128
220 118657117
230 131829278
240 146663434
250 161496490
260 177924050
270 193549736
280 212027203
290 229844561
30 941181
300 249173408
40 1821522
50 3161333
60 5031979
70 7425031
80 10313486
90 13557644
10 73834
100 17227203
110 21452720
120 26205781
130 32345986
140 37711351
150 45861426
160 55733703
170 64097155
180 74807989
190 85132960
20 336120
200 95246824
210 106491452
220 118374259
230 131574415
240 146843530
250 161953066
260 177511560
270 194608720
280 211925989
290 230385697
30 948894
300 248526822
310 267953019
320 289155491
330 310330127
340 332666545
350 356962253
360 382627335
370 407780976
380 438625061
390 461421464
40 1898476
400 489488737
50 3147446
60 5052733
70 7449614
80 10328364
90 13518316
