10 48456
100 300671
110 345777
120 402242
130 446742
140 491388
150 573676
160 636210
170 705935
180 729195
190 811747
20 32453
200 907797
210 932287
220 981322
230 1061909
240 1157471
250 1215589
260 1328345
270 1367827
280 1471087
290 1540344
30 57494
300 1685832
310 1750054
320 1913365
330 1907181
340 2021340
350 2096277
360 2169467
370 2323276
380 2389426
390 2559274
40 92811
400 2608573
410 2766492
420 3047148
430 3093768
440 3320899
450 3430959
460 3372622
470 3555858
480 3759429
490 3835682
50 119343
500 4080217
60 159096
70 188559
80 226260
90 264282
