10 0.00
100 0.00
1000 0.05
110 0.00
120 0.01
130 0.00
140 0.00
150 0.00
160 0.00
170 0.00
180 0.00
190 0.00
20 0.00
200 0.00
210 0.00
220 0.00
230 0.00
240 0.00
250 0.00
260 0.00
270 0.00
280 0.00
290 0.00
30 0.00
300 0.00
310 0.00
320 0.00
330 0.00
340 0.01
350 0.01
360 0.01
370 0.01
380 0.01
390 0.01
40 0.00
400 0.01
410 0.01
420 0.01
430 0.01
440 0.01
450 0.01
460 0.01
470 0.01
480 0.01
490 0.01
50 0.00
500 0.01
510 0.01
520 0.01
530 0.01
540 0.01
550 0.01
560 0.01
570 0.01
580 0.02
590 0.02
60 0.00
600 0.02
610 0.02
620 0.02
630 0.02
640 0.02
650 0.02
660 0.03
670 0.03
680 0.03
690 0.02
70 0.00
700 0.03
710 0.03
720 0.03
730 0.03
740 0.02
750 0.02
760 0.02
770 0.03
780 0.04
790 0.03
80 0.00
800 0.03
810 0.03
820 0.03
830 0.03
840 0.03
850 0.03
860 0.03
870 0.03
880 0.03
890 0.03
90 0.00
900 0.03
910 0.03
920 0.04
930 0.03
940 0.04
950 0.04
960 0.04
970 0.04
980 0.04
990 0.04
10 0.00
100 0.00
1000 0.04
110 0.00
120 0.00
130 0.00
140 0.00
150 0.00
160 0.00
170 0.00
180 0.00
190 0.00
20 0.00
200 0.00
210 0.00
220 0.00
230 0.00
240 0.00
250 0.00
260 0.00
270 0.00
280 0.00
290 0.00
30 0.00
300 0.00
310 0.00
320 0.00
330 0.00
340 0.01
350 0.01
360 0.01
370 0.01
380 0.01
390 0.01
40 0.00
400 0.01
410 0.01
420 0.01
430 0.01
440 0.01
450 0.01
460 0.01
470 0.01
480 0.01
490 0.01
50 0.00
500 0.01
510 0.01
520 0.01
530 0.01
540 0.01
550 0.01
560 0.01
570 0.01
580 0.02
590 0.02
60 0.00
600 0.02
610 0.02
620 0.02
630 0.02
640 0.02
650 0.02
660 0.02
670 0.02
680 0.02
690 0.02
70 0.00
700 0.02
710 0.02
720 0.02
730 0.02
740 0.02
750 0.02
760 0.03
770 0.02
780 0.02
790 0.03
80 0.00
800 0.03
810 0.03
820 0.03
830 0.03
840 0.03
850 0.03
860 0.03
870 0.03
880 0.03
890 0.03
90 0.00
900 0.03
910 0.03
920 0.04
930 0.04
940 0.04
950 0.04
960 0.04
970 0.04
980 0.04
990 0.04
