150 9
0 
0 
0 
0 
0 
0 
0 
0 
0 
0 
0 
0 
0 
1 31 
0 
0 
0 
0 
0 
0 
0 
0 
0 
0 
0 
0 
0 
0 
0 
0 
0 
2 13 59 
0 
0 
0 
0 
0 
1 43 
0 
0 
0 
0 
1 101 
1 37 
0 
0 
0 
0 
0 
0 
0 
0 
0 
0 
0 
1 147 
0 
0 
0 
1 31 
0 
0 
0 
0 
0 
0 
0 
0 
1 123 
1 101 
0 
0 
0 
0 
0 
0 
0 
0 
0 
0 
0 
0 
0 
0 
0 
0 
1 147 
0 
0 
0 
0 
0 
0 
0 
0 
0 
0 
0 
1 122 
0 
0 
2 42 69 
0 
0 
0 
0 
0 
0 
0 
0 
0 
0 
0 
0 
0 
0 
0 
0 
0 
0 
0 
0 
1 98 
1 68 
0 
0 
0 
0 
0 
0 
0 
0 
0 
0 
0 
0 
0 
0 
0 
0 
0 
0 
0 
0 
0 
0 
0 
2 55 86 
0 
0 
150 9
0 
0 
0 
0 
1 33 
0 
1 123 
0 
0 
0 
0 
0 
0 
0 
0 
0 
0 
0 
0 
0 
0 
0 
0 
0 
0 
0 
0 
0 
0 
0 
0 
0 
0 
1 4 
0 
0 
0 
0 
0 
0 
0 
0 
1 50 
0 
0 
0 
0 
0 
0 
0 
2 42 97 
0 
0 
0 
0 
0 
0 
0 
0 
0 
0 
0 
0 
0 
0 
0 
0 
1 121 
0 
0 
0 
0 
0 
2 122 133 
0 
0 
0 
0 
0 
0 
0 
0 
0 
0 
0 
0 
0 
0 
0 
0 
0 
0 
0 
0 
0 
1 123 
0 
1 50 
0 
0 
1 140 
0 
0 
0 
0 
0 
0 
0 
0 
0 
0 
0 
0 
0 
0 
0 
0 
0 
0 
0 
0 
1 67 
1 73 
2 6 95 
0 
0 
0 
0 
0 
0 
0 
0 
0 
1 73 
0 
0 
0 
0 
0 
0 
1 100 
0 
0 
0 
0 
0 
0 
0 
0 
0 
