320 16
0 
0 
0 
0 
0 
1 305 
0 
1 25 
1 105 
0 
0 
0 
0 
1 75 
0 
0 
0 
0 
0 
0 
0 
0 
0 
0 
0 
1 7 
0 
0 
0 
0 
0 
0 
0 
0 
1 168 
0 
0 
0 
0 
0 
0 
0 
0 
0 
0 
0 
0 
0 
1 178 
0 
0 
0 
0 
0 
0 
1 226 
0 
0 
0 
0 
0 
0 
0 
0 
0 
0 
0 
0 
0 
0 
0 
0 
0 
0 
0 
1 13 
0 
0 
0 
0 
0 
0 
0 
0 
0 
0 
0 
0 
0 
0 
1 313 
0 
0 
0 
0 
0 
0 
0 
0 
0 
0 
0 
0 
0 
0 
1 8 
0 
1 171 
0 
0 
0 
0 
0 
1 264 
0 
0 
0 
0 
0 
0 
0 
0 
0 
0 
0 
0 
0 
0 
0 
0 
0 
0 
0 
0 
0 
0 
0 
0 
0 
0 
0 
0 
0 
0 
0 
0 
0 
0 
1 166 
0 
0 
0 
0 
0 
0 
0 
0 
0 
0 
0 
0 
0 
0 
1 318 
0 
0 
1 148 
0 
1 34 
0 
0 
1 107 
0 
0 
0 
0 
0 
0 
1 48 
0 
0 
0 
0 
1 299 
0 
0 
0 
0 
0 
0 
0 
0 
0 
0 
0 
0 
0 
0 
0 
0 
0 
0 
0 
0 
0 
1 290 
0 
0 
0 
0 
0 
0 
1 244 
0 
0 
0 
0 
0 
0 
0 
0 
0 
0 
0 
0 
0 
1 55 
0 
0 
0 
0 
0 
0 
1 319 
0 
0 
0 
0 
0 
0 
0 
0 
0 
0 
1 212 
0 
0 
0 
0 
0 
0 
0 
0 
0 
0 
0 
0 
0 
0 
0 
0 
0 
0 
0 
1 113 
0 
0 
0 
0 
0 
0 
0 
0 
0 
0 
0 
0 
0 
0 
0 
0 
0 
0 
0 
0 
0 
0 
0 
0 
0 
1 205 
0 
0 
0 
0 
0 
0 
0 
0 
1 183 
0 
0 
0 
0 
0 
1 5 
0 
0 
0 
0 
0 
0 
0 
1 90 
0 
0 
0 
0 
1 163 
1 233 
320 16
0 
0 
0 
0 
0 
0 
0 
0 
0 
0 
0 
0 
0 
0 
0 
0 
0 
0 
0 
0 
0 
0 
1 270 
0 
0 
0 
0 
0 
1 165 
0 
0 
0 
0 
0 
0 
0 
0 
0 
0 
0 
0 
0 
0 
0 
0 
0 
0 
0 
0 
0 
0 
0 
0 
0 
0 
0 
0 
0 
0 
0 
0 
0 
0 
0 
0 
0 
0 
0 
0 
0 
0 
0 
0 
1 252 
0 
0 
0 
0 
1 79 
1 78 
0 
0 
0 
0 
0 
0 
0 
1 214 
0 
0 
0 
0 
0 
0 
0 
0 
0 
0 
1 245 
0 
0 
0 
0 
0 
0 
0 
0 
0 
0 
1 229 
1 192 
0 
1 204 
0 
0 
0 
0 
0 
0 
0 
0 
0 
0 
1 219 
0 
0 
0 
0 
0 
0 
0 
0 
0 
0 
0 
1 174 
0 
0 
0 
0 
0 
0 
0 
0 
0 
0 
0 
0 
0 
0 
0 
0 
0 
0 
0 
0 
0 
0 
0 
0 
0 
1 237 
0 
0 
1 303 
1 28 
0 
0 
0 
0 
0 
0 
0 
0 
1 135 
0 
0 
0 
0 
0 
0 
0 
0 
0 
0 
0 
1 299 
0 
0 
0 
1 254 
0 
1 110 
0 
0 
0 
0 
0 
0 
0 
0 
0 
0 
0 
1 112 
0 
0 
0 
0 
0 
0 
0 
0 
0 
1 87 
0 
0 
0 
0 
1 123 
0 
0 
0 
0 
0 
0 
0 
0 
0 
1 109 
0 
0 
0 
0 
0 
0 
0 
1 161 
0 
0 
0 
0 
0 
0 
0 
1 98 
0 
0 
0 
0 
0 
0 
1 73 
0 
1 190 
0 
0 
0 
0 
0 
0 
0 
0 
0 
0 
0 
0 
0 
0 
0 
1 22 
0 
1 278 
0 
0 
0 
0 
0 
1 272 
0 
0 
0 
0 
0 
0 
0 
0 
0 
0 
0 
0 
0 
0 
0 
0 
0 
0 
0 
0 
1 186 
0 
0 
0 
1 164 
0 
0 
0 
0 
0 
0 
0 
0 
0 
0 
0 
0 
0 
0 
0 
0 
