80 4
0 
0 
0 
1 69 
0 
0 
0 
0 
0 
0 
0 
0 
0 
0 
0 
0 
0 
0 
0 
0 
0 
0 
0 
0 
0 
0 
0 
0 
1 71 
0 
0 
0 
0 
0 
0 
0 
0 
1 58 
0 
0 
0 
0 
0 
0 
0 
0 
1 59 
0 
0 
0 
0 
0 
0 
0 
0 
0 
0 
0 
1 37 
1 46 
0 
0 
0 
0 
0 
0 
0 
0 
0 
1 3 
0 
1 28 
0 
0 
0 
0 
0 
0 
0 
0 
80 4
0 
0 
0 
0 
1 61 
0 
0 
0 
0 
0 
0 
0 
0 
0 
0 
0 
1 38 
0 
0 
0 
0 
0 
0 
0 
0 
0 
0 
0 
0 
0 
0 
0 
0 
0 
0 
0 
0 
0 
1 16 
0 
1 50 
0 
0 
0 
1 71 
0 
0 
0 
0 
0 
1 40 
0 
0 
0 
0 
0 
0 
0 
0 
0 
0 
1 4 
0 
0 
0 
0 
0 
0 
0 
0 
0 
1 44 
0 
0 
0 
0 
0 
0 
0 
0 
