330 14
0 
0 
0 
0 
0 
1 255 
1 277 
0 
1 25 
0 
0 
0 
1 261 
0 
0 
0 
0 
0 
0 
0 
0 
0 
0 
0 
0 
1 8 
0 
0 
0 
0 
0 
0 
0 
1 123 
0 
0 
0 
0 
0 
0 
0 
0 
0 
0 
0 
0 
1 261 
0 
0 
0 
0 
0 
0 
1 225 
0 
0 
0 
0 
0 
0 
0 
0 
0 
0 
0 
0 
0 
0 
0 
0 
0 
0 
0 
0 
0 
0 
0 
0 
0 
0 
0 
0 
0 
0 
0 
0 
0 
1 133 
0 
0 
0 
0 
0 
0 
0 
0 
0 
0 
0 
0 
0 
0 
1 221 
0 
0 
0 
0 
0 
1 224 
0 
0 
0 
0 
0 
0 
0 
0 
0 
0 
0 
0 
0 
0 
1 33 
0 
0 
0 
0 
0 
0 
0 
0 
0 
1 87 
0 
0 
0 
0 
0 
0 
1 162 
0 
0 
0 
0 
0 
0 
0 
0 
0 
0 
0 
0 
0 
1 218 
0 
0 
0 
0 
0 
0 
0 
1 140 
0 
0 
0 
0 
0 
0 
0 
0 
0 
0 
0 
0 
0 
0 
0 
0 
0 
0 
0 
0 
0 
0 
0 
0 
0 
0 
0 
0 
0 
0 
0 
0 
1 249 
0 
0 
0 
0 
0 
0 
0 
0 
0 
0 
0 
0 
0 
0 
0 
0 
0 
0 
0 
0 
0 
0 
1 154 
0 
0 
1 102 
0 
0 
1 108 
1 53 
0 
0 
0 
0 
0 
0 
0 
0 
0 
0 
0 
0 
0 
0 
0 
0 
0 
0 
0 
0 
0 
0 
0 
1 195 
0 
0 
0 
0 
0 
1 5 
0 
0 
0 
0 
0 
2 12 46 
0 
0 
0 
0 
0 
0 
0 
0 
0 
0 
0 
0 
0 
0 
0 
2 6 282 
0 
0 
0 
0 
1 277 
0 
0 
0 
0 
0 
0 
0 
0 
0 
0 
0 
0 
0 
0 
0 
0 
0 
0 
0 
0 
0 
0 
0 
0 
0 
0 
0 
0 
0 
0 
0 
0 
0 
0 
0 
0 
0 
0 
0 
0 
0 
0 
0 
0 
0 
0 
0 
330 14
0 
0 
0 
0 
2 111 266 
0 
1 135 
1 323 
0 
0 
0 
0 
0 
0 
0 
0 
0 
0 
0 
0 
0 
0 
0 
0 
0 
0 
0 
0 
0 
0 
0 
0 
0 
0 
0 
0 
0 
1 128 
0 
0 
0 
0 
0 
0 
0 
0 
0 
0 
1 196 
0 
0 
0 
0 
0 
0 
0 
0 
0 
0 
0 
0 
0 
0 
0 
0 
0 
0 
0 
0 
1 327 
0 
0 
1 140 
0 
0 
0 
0 
0 
0 
0 
0 
0 
0 
1 199 
0 
0 
0 
0 
0 
0 
0 
0 
0 
0 
0 
0 
0 
0 
0 
0 
0 
0 
0 
0 
0 
0 
0 
0 
0 
0 
1 277 
1 4 
0 
0 
0 
0 
1 140 
0 
0 
0 
0 
0 
0 
0 
0 
0 
0 
0 
1 37 
0 
0 
0 
0 
0 
0 
1 6 
0 
0 
0 
0 
2 72 116 
0 
0 
0 
0 
0 
0 
0 
0 
0 
0 
0 
0 
0 
0 
0 
0 
0 
0 
0 
0 
1 189 
0 
0 
0 
0 
0 
0 
0 
0 
0 
0 
0 
0 
0 
0 
0 
0 
0 
0 
0 
0 
0 
0 
0 
0 
0 
0 
0 
1 161 
0 
0 
1 329 
0 
0 
0 
1 48 
1 312 
0 
1 83 
0 
0 
0 
0 
0 
0 
0 
0 
0 
0 
0 
0 
0 
0 
0 
0 
0 
0 
0 
0 
0 
0 
0 
0 
0 
0 
0 
0 
0 
0 
0 
0 
0 
0 
0 
0 
0 
0 
0 
0 
0 
0 
0 
0 
0 
0 
0 
0 
0 
0 
0 
0 
0 
0 
0 
0 
0 
0 
0 
0 
0 
0 
0 
0 
0 
0 
1 4 
0 
0 
0 
0 
0 
0 
0 
0 
0 
0 
1 110 
0 
0 
0 
0 
0 
0 
0 
0 
0 
0 
0 
0 
0 
0 
0 
0 
0 
0 
0 
0 
0 
0 
0 
0 
0 
0 
0 
0 
0 
0 
0 
0 
0 
0 
1 197 
0 
0 
0 
0 
0 
0 
0 
0 
0 
0 
1 7 
0 
0 
0 
1 69 
0 
1 192 
