250 12
0 
0 
0 
0 
0 
0 
0 
1 170 
0 
1 34 
1 186 
0 
0 
0 
0 
0 
0 
1 51 
0 
0 
0 
0 
0 
0 
0 
0 
0 
0 
0 
0 
0 
0 
0 
0 
1 9 
0 
0 
0 
0 
0 
0 
0 
0 
0 
0 
1 249 
0 
0 
0 
0 
0 
1 17 
0 
0 
0 
0 
0 
0 
0 
0 
0 
0 
0 
0 
0 
0 
1 91 
0 
0 
0 
0 
0 
0 
0 
0 
0 
1 233 
0 
0 
0 
0 
0 
0 
0 
0 
0 
0 
0 
0 
0 
0 
1 66 
0 
0 
0 
0 
0 
0 
0 
0 
0 
0 
0 
0 
0 
0 
0 
0 
0 
0 
0 
0 
0 
0 
0 
0 
0 
0 
0 
0 
0 
0 
0 
0 
0 
0 
0 
0 
0 
0 
0 
0 
0 
0 
0 
0 
0 
0 
1 157 
0 
0 
0 
0 
0 
0 
0 
0 
0 
0 
0 
0 
0 
0 
0 
0 
0 
0 
1 138 
0 
0 
0 
0 
0 
0 
0 
0 
0 
0 
0 
0 
1 7 
0 
0 
0 
0 
0 
0 
1 206 
0 
0 
0 
0 
0 
0 
0 
0 
1 10 
0 
1 207 
0 
0 
0 
0 
0 
0 
0 
0 
0 
0 
1 219 
0 
0 
0 
0 
0 
0 
1 177 
1 188 
0 
1 238 
0 
0 
0 
0 
0 
0 
0 
0 
0 
1 199 
0 
0 
0 
0 
0 
0 
0 
0 
0 
0 
0 
0 
0 
1 76 
0 
0 
0 
0 
1 209 
0 
0 
0 
0 
0 
0 
0 
0 
0 
0 
1 45 
250 12
0 
0 
0 
0 
0 
0 
0 
0 
0 
1 240 
0 
0 
0 
0 
0 
0 
0 
0 
0 
0 
0 
0 
0 
0 
0 
0 
0 
0 
0 
0 
0 
0 
0 
0 
0 
0 
0 
0 
0 
0 
0 
0 
0 
0 
0 
0 
0 
0 
0 
0 
0 
1 232 
0 
1 181 
1 107 
0 
0 
0 
0 
0 
0 
0 
0 
0 
0 
0 
0 
0 
0 
0 
0 
0 
0 
1 238 
0 
0 
0 
0 
0 
0 
0 
0 
0 
1 132 
0 
1 228 
0 
0 
0 
0 
0 
0 
0 
0 
0 
0 
1 134 
0 
0 
0 
0 
0 
0 
0 
0 
0 
0 
1 54 
0 
0 
0 
0 
0 
0 
0 
0 
0 
0 
0 
0 
0 
0 
0 
0 
0 
0 
0 
0 
0 
0 
0 
0 
1 83 
0 
1 96 
0 
1 206 
0 
1 164 
0 
0 
0 
0 
0 
0 
0 
0 
0 
0 
0 
0 
0 
0 
0 
0 
0 
0 
0 
0 
0 
0 
0 
0 
0 
1 138 
0 
0 
0 
0 
0 
1 205 
0 
0 
0 
0 
0 
0 
0 
0 
0 
0 
1 53 
1 231 
0 
0 
0 
0 
0 
0 
0 
0 
0 
0 
0 
0 
0 
0 
0 
0 
0 
0 
0 
0 
0 
0 
1 170 
1 136 
0 
0 
0 
0 
0 
0 
0 
0 
0 
0 
0 
0 
0 
0 
0 
0 
0 
0 
0 
0 
0 
1 85 
0 
0 
1 182 
1 51 
0 
0 
0 
0 
0 
1 73 
0 
1 9 
0 
0 
0 
0 
0 
0 
0 
0 
0 
