440 22
0 
0 
0 
0 
1 139 
1 50 
1 8 
0 
1 6 
1 225 
0 
0 
0 
0 
0 
0 
0 
0 
0 
0 
0 
0 
0 
0 
1 183 
0 
0 
0 
0 
0 
0 
0 
0 
1 388 
0 
0 
0 
0 
1 290 
0 
0 
0 
0 
0 
0 
0 
0 
0 
0 
0 
1 5 
0 
0 
0 
0 
0 
0 
0 
0 
0 
0 
0 
0 
0 
0 
0 
0 
0 
0 
0 
1 281 
0 
0 
0 
1 159 
0 
0 
0 
0 
0 
0 
0 
0 
0 
0 
0 
0 
0 
0 
0 
0 
0 
1 242 
0 
0 
0 
0 
0 
0 
1 438 
0 
0 
0 
0 
0 
0 
0 
0 
0 
0 
0 
0 
0 
0 
0 
0 
0 
0 
0 
0 
0 
0 
0 
0 
0 
0 
0 
0 
0 
0 
0 
0 
0 
0 
0 
0 
0 
0 
0 
1 4 
0 
0 
0 
1 431 
0 
0 
0 
0 
0 
0 
0 
0 
0 
0 
0 
0 
0 
1 394 
0 
1 74 
0 
0 
0 
0 
0 
0 
0 
0 
0 
0 
0 
0 
0 
0 
0 
0 
0 
0 
0 
0 
0 
1 325 
0 
1 24 
0 
0 
0 
0 
0 
0 
0 
0 
0 
0 
0 
0 
0 
0 
0 
0 
0 
0 
0 
0 
0 
0 
0 
0 
0 
0 
0 
0 
0 
0 
0 
0 
0 
0 
0 
0 
0 
0 
0 
0 
0 
1 9 
0 
0 
0 
0 
0 
0 
0 
0 
0 
0 
0 
0 
0 
0 
0 
0 
1 92 
0 
0 
0 
0 
0 
0 
0 
0 
0 
0 
0 
0 
0 
0 
0 
0 
0 
0 
0 
1 366 
1 323 
0 
0 
0 
0 
0 
0 
0 
0 
0 
0 
0 
0 
0 
0 
0 
0 
0 
1 70 
0 
0 
0 
0 
0 
0 
1 412 
0 
1 38 
0 
0 
0 
0 
0 
0 
0 
0 
0 
0 
0 
0 
0 
0 
0 
0 
0 
0 
0 
0 
0 
0 
0 
0 
0 
0 
0 
0 
0 
0 
0 
0 
1 263 
0 
1 181 
0 
0 
0 
0 
0 
0 
1 352 
0 
0 
0 
0 
0 
0 
0 
0 
0 
0 
0 
0 
0 
0 
0 
0 
0 
1 367 
1 366 
1 332 
0 
0 
0 
0 
0 
1 406 
0 
0 
0 
0 
0 
0 
0 
2 262 351 
1 350 
0 
0 
0 
0 
0 
0 
0 
0 
0 
0 
0 
0 
0 
0 
0 
0 
0 
0 
0 
0 
1 33 
0 
0 
0 
0 
0 
1 157 
0 
0 
0 
0 
0 
0 
0 
0 
0 
0 
0 
1 358 
0 
0 
0 
0 
1 437 
1 288 
0 
0 
0 
0 
0 
0 
0 
0 
0 
0 
0 
0 
0 
0 
0 
0 
0 
0 
1 143 
0 
0 
0 
0 
0 
1 411 
1 99 
0 
440 22
0 
1 39 
0 
0 
1 260 
0 
0 
1 146 
0 
0 
0 
0 
0 
0 
0 
0 
0 
0 
0 
0 
0 
1 437 
0 
0 
0 
0 
0 
0 
0 
0 
0 
0 
0 
0 
0 
0 
0 
0 
0 
1 1 
0 
0 
0 
0 
1 300 
0 
0 
0 
0 
0 
0 
0 
0 
0 
0 
0 
0 
0 
1 293 
0 
1 292 
0 
0 
0 
0 
0 
0 
0 
0 
0 
0 
0 
0 
0 
0 
0 
0 
0 
1 258 
0 
0 
0 
0 
0 
1 154 
0 
1 182 
0 
0 
0 
0 
0 
0 
0 
0 
0 
0 
0 
0 
0 
0 
0 
0 
0 
0 
0 
0 
0 
0 
0 
0 
0 
0 
0 
1 375 
0 
0 
1 426 
0 
0 
0 
0 
0 
0 
0 
0 
0 
0 
0 
0 
0 
0 
0 
0 
0 
0 
1 326 
0 
0 
0 
0 
0 
0 
0 
1 223 
0 
1 7 
0 
1 408 
0 
0 
0 
0 
0 
2 84 339 
0 
0 
1 436 
0 
1 217 
0 
0 
0 
0 
0 
0 
0 
0 
0 
0 
1 187 
0 
1 353 
0 
0 
0 
0 
0 
0 
0 
0 
0 
1 86 
0 
0 
0 
0 
1 170 
0 
0 
0 
0 
0 
0 
0 
0 
0 
0 
0 
0 
0 
0 
0 
0 
0 
0 
0 
0 
0 
0 
0 
0 
0 
0 
0 
0 
1 419 
1 159 
0 
0 
0 
0 
0 
1 144 
0 
0 
0 
0 
0 
0 
0 
0 
0 
0 
0 
0 
0 
0 
1 439 
0 
0 
0 
0 
0 
0 
0 
0 
0 
0 
0 
0 
0 
0 
0 
0 
0 
0 
0 
1 78 
0 
1 4 
0 
0 
0 
0 
0 
0 
0 
0 
0 
0 
0 
0 
0 
0 
0 
0 
0 
0 
0 
0 
0 
0 
0 
0 
0 
0 
0 
0 
0 
0 
0 
1 60 
1 58 
0 
0 
0 
0 
0 
0 
1 44 
0 
0 
0 
0 
0 
0 
0 
0 
0 
0 
0 
0 
0 
0 
0 
0 
0 
0 
0 
0 
0 
0 
0 
0 
0 
1 136 
0 
0 
0 
0 
0 
0 
0 
0 
0 
0 
0 
0 
1 154 
0 
0 
0 
0 
0 
0 
0 
0 
0 
0 
0 
0 
0 
1 172 
0 
0 
0 
0 
0 
0 
0 
0 
0 
0 
0 
0 
0 
0 
0 
0 
0 
0 
0 
0 
0 
1 114 
0 
0 
0 
0 
0 
0 
0 
0 
0 
0 
0 
0 
0 
0 
0 
0 
0 
0 
0 
0 
0 
0 
0 
0 
0 
0 
0 
0 
0 
0 
0 
0 
1 148 
0 
0 
0 
0 
0 
0 
0 
0 
0 
0 
1 216 
0 
0 
0 
0 
0 
0 
1 117 
0 
0 
0 
0 
0 
0 
0 
0 
0 
1 157 
1 21 
0 
1 238 
