130 8
0 
0 
0 
0 
0 
0 
0 
0 
0 
0 
0 
0 
0 
0 
0 
1 62 
0 
0 
1 127 
0 
0 
0 
0 
0 
0 
0 
0 
0 
0 
0 
0 
0 
0 
0 
0 
0 
0 
1 112 
0 
0 
0 
0 
0 
0 
0 
1 83 
0 
0 
0 
0 
0 
0 
1 126 
0 
0 
0 
0 
0 
0 
0 
0 
0 
1 15 
0 
0 
0 
0 
0 
0 
0 
0 
0 
0 
1 86 
0 
0 
0 
0 
0 
0 
0 
0 
0 
1 45 
0 
0 
1 73 
0 
0 
0 
0 
0 
0 
0 
0 
0 
0 
0 
1 118 
0 
1 117 
0 
0 
0 
0 
0 
0 
0 
0 
0 
0 
0 
1 37 
0 
0 
0 
0 
1 100 
1 98 
0 
0 
0 
0 
0 
0 
0 
1 52 
1 18 
0 
0 
130 8
0 
0 
1 79 
0 
0 
0 
0 
0 
0 
0 
0 
0 
0 
0 
0 
0 
0 
0 
1 105 
0 
0 
0 
0 
1 100 
0 
0 
0 
0 
0 
1 103 
0 
0 
0 
0 
0 
0 
0 
0 
0 
0 
0 
0 
0 
0 
0 
0 
0 
0 
0 
0 
1 80 
0 
0 
0 
0 
0 
0 
0 
0 
0 
0 
0 
0 
0 
0 
1 83 
0 
0 
0 
0 
0 
0 
0 
0 
1 116 
0 
0 
0 
0 
1 2 
1 50 
0 
0 
1 65 
0 
0 
0 
0 
0 
0 
0 
0 
0 
1 114 
0 
0 
0 
0 
0 
0 
1 23 
0 
0 
1 29 
0 
1 18 
0 
0 
0 
0 
0 
0 
0 
0 
1 93 
0 
1 74 
0 
0 
0 
0 
0 
0 
0 
0 
0 
0 
0 
0 
0 
