110 5
0 
0 
0 
0 
0 
0 
0 
0 
0 
0 
0 
0 
0 
0 
0 
0 
0 
0 
1 86 
0 
0 
0 
0 
1 47 
0 
0 
0 
0 
0 
0 
0 
0 
0 
0 
0 
0 
0 
0 
0 
0 
0 
0 
0 
0 
0 
0 
0 
1 23 
0 
1 66 
0 
0 
0 
0 
0 
0 
0 
0 
0 
0 
0 
1 95 
0 
0 
0 
0 
1 49 
0 
0 
0 
0 
0 
0 
0 
0 
0 
1 98 
0 
0 
0 
0 
0 
0 
0 
0 
0 
1 18 
0 
0 
0 
0 
0 
0 
0 
0 
1 61 
0 
0 
1 76 
0 
0 
0 
0 
0 
0 
0 
0 
0 
0 
0 
110 5
0 
0 
1 108 
0 
0 
0 
0 
0 
1 41 
0 
0 
0 
1 24 
0 
0 
1 52 
0 
0 
0 
0 
0 
0 
0 
0 
1 12 
0 
0 
0 
0 
0 
0 
0 
0 
0 
0 
0 
0 
0 
0 
0 
0 
1 8 
0 
0 
0 
0 
0 
0 
0 
0 
0 
0 
1 15 
0 
0 
0 
0 
0 
0 
0 
0 
0 
0 
0 
0 
0 
0 
0 
0 
0 
0 
0 
0 
0 
0 
0 
0 
0 
0 
0 
0 
0 
0 
0 
0 
0 
0 
0 
1 93 
0 
0 
0 
0 
1 88 
0 
0 
0 
0 
0 
0 
0 
0 
0 
0 
0 
0 
0 
0 
1 2 
0 
