280 13
0 
0 
0 
0 
0 
0 
1 232 
0 
1 34 
1 155 
0 
0 
0 
0 
0 
1 66 
0 
0 
0 
0 
0 
0 
0 
0 
0 
0 
0 
0 
0 
0 
0 
0 
0 
0 
1 8 
0 
0 
0 
0 
0 
1 79 
0 
0 
0 
0 
0 
0 
0 
0 
0 
0 
0 
0 
0 
0 
0 
0 
1 64 
0 
0 
0 
0 
0 
0 
1 57 
1 241 
1 15 
0 
0 
0 
0 
0 
0 
0 
0 
0 
0 
0 
0 
1 40 
0 
0 
0 
0 
0 
0 
0 
0 
0 
0 
0 
0 
0 
0 
0 
0 
0 
0 
0 
0 
0 
0 
0 
0 
0 
0 
0 
0 
0 
0 
0 
1 175 
0 
0 
0 
0 
0 
0 
0 
0 
0 
0 
0 
0 
0 
0 
0 
0 
0 
0 
0 
0 
0 
0 
1 185 
0 
0 
0 
0 
1 202 
0 
0 
0 
1 269 
0 
0 
0 
0 
0 
0 
0 
0 
0 
0 
0 
1 9 
0 
0 
0 
0 
0 
0 
0 
0 
0 
0 
0 
0 
0 
0 
0 
0 
0 
0 
0 
1 111 
0 
0 
0 
0 
0 
0 
0 
0 
0 
1 134 
0 
0 
0 
0 
0 
0 
0 
0 
0 
0 
0 
0 
0 
0 
0 
0 
1 139 
0 
0 
1 272 
0 
0 
0 
0 
0 
0 
0 
0 
0 
0 
0 
0 
0 
0 
0 
0 
0 
0 
0 
0 
0 
0 
0 
0 
0 
0 
1 6 
0 
0 
0 
0 
0 
0 
0 
0 
1 65 
0 
0 
0 
0 
0 
0 
0 
0 
0 
0 
0 
0 
0 
0 
0 
0 
0 
0 
0 
0 
0 
0 
1 273 
0 
0 
0 
0 
1 143 
0 
0 
1 205 
1 264 
0 
0 
0 
0 
0 
0 
280 13
0 
0 
0 
0 
0 
0 
0 
0 
0 
0 
0 
0 
0 
0 
0 
0 
0 
0 
0 
1 242 
0 
0 
1 165 
0 
0 
0 
0 
0 
0 
0 
0 
0 
0 
1 257 
0 
0 
0 
0 
0 
1 41 
0 
1 39 
0 
0 
0 
0 
0 
0 
0 
0 
0 
0 
0 
0 
0 
0 
0 
0 
0 
0 
0 
0 
0 
1 214 
0 
0 
0 
0 
0 
0 
0 
0 
0 
0 
0 
1 231 
0 
0 
0 
0 
0 
0 
0 
0 
0 
0 
0 
0 
0 
0 
0 
0 
0 
0 
0 
0 
0 
0 
0 
1 125 
1 139 
0 
0 
0 
0 
0 
0 
0 
0 
0 
0 
0 
0 
0 
0 
0 
0 
0 
0 
0 
0 
0 
0 
0 
0 
1 99 
0 
0 
0 
0 
0 
0 
0 
0 
0 
1 161 
0 
0 
0 
1 100 
0 
0 
0 
0 
0 
0 
0 
0 
0 
0 
0 
0 
0 
0 
0 
0 
0 
0 
0 
0 
0 
1 135 
0 
0 
0 
1 22 
1 239 
0 
0 
0 
0 
0 
0 
0 
0 
0 
0 
0 
0 
0 
0 
0 
0 
0 
0 
0 
0 
0 
0 
0 
0 
0 
0 
0 
0 
0 
1 249 
0 
0 
0 
1 211 
0 
0 
0 
0 
0 
0 
0 
0 
0 
0 
1 200 
0 
0 
1 63 
0 
0 
0 
1 268 
0 
0 
0 
0 
0 
0 
0 
0 
0 
0 
0 
0 
1 75 
0 
0 
0 
0 
0 
0 
0 
1 166 
0 
0 
1 19 
0 
0 
0 
0 
0 
0 
1 196 
0 
0 
0 
0 
0 
0 
0 
1 33 
0 
0 
0 
0 
0 
0 
0 
0 
0 
0 
1 218 
0 
0 
0 
0 
0 
0 
0 
0 
0 
0 
0 
