100 5
0 
0 
0 
0 
0 
0 
0 
0 
0 
0 
0 
0 
0 
0 
0 
0 
0 
0 
0 
0 
0 
1 29 
0 
0 
0 
0 
1 55 
0 
0 
1 21 
0 
1 39 
0 
0 
0 
0 
0 
0 
0 
1 31 
0 
0 
0 
0 
0 
0 
0 
0 
0 
0 
0 
0 
0 
0 
0 
1 26 
0 
0 
0 
0 
1 72 
0 
0 
0 
0 
0 
0 
0 
0 
0 
0 
0 
1 60 
0 
0 
0 
0 
0 
0 
0 
0 
0 
0 
0 
0 
1 93 
0 
0 
0 
0 
0 
0 
0 
1 85 
0 
0 
0 
0 
0 
0 
100 5
1 6 
0 
0 
0 
0 
0 
1 0 
0 
0 
0 
0 
0 
0 
0 
0 
0 
1 48 
0 
0 
0 
0 
0 
0 
0 
0 
0 
0 
0 
1 71 
0 
0 
0 
0 
0 
0 
0 
1 50 
0 
0 
0 
0 
0 
0 
0 
0 
0 
0 
0 
1 16 
0 
1 36 
0 
0 
0 
0 
0 
0 
0 
0 
0 
0 
0 
0 
0 
0 
1 79 
0 
0 
0 
0 
0 
1 28 
0 
0 
0 
0 
0 
0 
0 
1 65 
0 
0 
0 
0 
0 
0 
0 
0 
0 
0 
0 
0 
0 
0 
0 
0 
0 
0 
0 
0 
