470 24
0 
0 
0 
0 
2 19 364 
1 291 
0 
0 
1 415 
0 
0 
0 
0 
0 
0 
0 
0 
0 
0 
1 4 
0 
0 
1 354 
0 
0 
0 
0 
0 
0 
0 
0 
1 271 
0 
0 
0 
1 446 
0 
0 
0 
0 
0 
0 
0 
0 
0 
0 
0 
0 
0 
0 
0 
0 
0 
0 
0 
0 
0 
0 
0 
0 
0 
0 
0 
0 
0 
1 186 
0 
0 
1 324 
0 
0 
0 
0 
0 
0 
0 
0 
0 
0 
0 
0 
0 
0 
0 
0 
1 142 
0 
0 
0 
0 
0 
1 456 
0 
0 
0 
0 
0 
0 
0 
0 
0 
0 
0 
0 
0 
0 
0 
0 
0 
0 
0 
0 
0 
0 
0 
0 
0 
0 
0 
0 
0 
0 
0 
0 
0 
0 
0 
0 
0 
0 
1 457 
0 
0 
0 
0 
0 
0 
0 
0 
0 
0 
0 
2 85 469 
0 
0 
0 
0 
0 
0 
0 
0 
0 
0 
0 
0 
0 
0 
0 
0 
0 
0 
0 
0 
1 232 
0 
0 
0 
0 
0 
0 
0 
0 
0 
0 
0 
0 
0 
0 
0 
0 
0 
0 
0 
0 
0 
0 
1 65 
0 
0 
0 
0 
0 
0 
0 
0 
0 
0 
0 
0 
0 
0 
0 
0 
0 
0 
0 
0 
0 
0 
0 
0 
0 
0 
0 
0 
0 
0 
0 
0 
0 
0 
0 
0 
0 
0 
0 
0 
1 346 
1 238 
0 
0 
0 
1 163 
0 
0 
0 
0 
0 
1 228 
0 
0 
0 
0 
0 
0 
1 458 
0 
0 
0 
0 
0 
0 
0 
0 
0 
0 
0 
0 
0 
0 
0 
0 
0 
0 
0 
0 
0 
0 
0 
0 
0 
1 31 
1 382 
0 
0 
0 
0 
0 
0 
0 
0 
1 424 
1 324 
0 
0 
1 397 
0 
0 
0 
0 
0 
1 5 
0 
0 
0 
0 
0 
0 
0 
0 
0 
0 
1 315 
0 
0 
0 
0 
0 
0 
0 
0 
0 
0 
0 
0 
1 302 
0 
0 
0 
0 
0 
0 
0 
0 
2 68 282 
0 
0 
0 
0 
0 
0 
0 
0 
0 
0 
0 
0 
0 
0 
0 
0 
0 
0 
0 
0 
0 
1 227 
0 
0 
0 
0 
0 
0 
0 
1 22 
0 
0 
0 
0 
0 
0 
0 
0 
0 
1 4 
0 
0 
1 452 
0 
0 
0 
0 
0 
0 
0 
0 
0 
0 
0 
0 
0 
0 
1 272 
0 
0 
0 
0 
0 
0 
0 
0 
0 
0 
0 
0 
0 
0 
1 285 
0 
0 
0 
0 
0 
1 458 
0 
0 
0 
0 
0 
0 
0 
0 
0 
0 
0 
1 8 
0 
0 
0 
0 
0 
0 
0 
0 
1 281 
0 
0 
0 
0 
0 
0 
0 
0 
0 
0 
0 
0 
0 
0 
0 
0 
0 
0 
0 
0 
0 
1 35 
0 
0 
0 
0 
0 
1 367 
0 
0 
0 
1 91 
1 130 
2 245 403 
0 
0 
0 
0 
0 
0 
0 
0 
0 
0 
1 142 
470 24
0 
0 
0 
0 
0 
0 
0 
0 
0 
0 
1 402 
0 
0 
0 
0 
0 
0 
0 
0 
0 
0 
0 
0 
0 
0 
0 
0 
0 
0 
0 
1 45 
0 
0 
0 
0 
0 
0 
0 
0 
0 
0 
0 
0 
0 
1 322 
1 30 
0 
0 
1 62 
0 
0 
0 
0 
0 
0 
0 
0 
0 
0 
0 
0 
0 
2 48 385 
0 
0 
0 
0 
0 
0 
0 
0 
0 
0 
0 
0 
0 
1 81 
1 124 
1 127 
0 
0 
1 76 
0 
0 
0 
0 
0 
0 
0 
0 
0 
0 
0 
0 
0 
0 
0 
0 
0 
0 
0 
0 
0 
0 
0 
0 
1 310 
0 
0 
0 
0 
0 
0 
0 
0 
0 
0 
0 
0 
0 
1 363 
0 
0 
0 
2 77 130 
0 
0 
1 78 
0 
0 
1 124 
0 
0 
0 
0 
0 
0 
0 
0 
0 
0 
0 
0 
0 
0 
0 
0 
0 
0 
0 
0 
0 
0 
0 
0 
0 
0 
0 
0 
0 
0 
0 
0 
0 
0 
0 
0 
0 
0 
0 
2 448 469 
0 
1 288 
0 
0 
0 
0 
0 
0 
0 
0 
0 
0 
0 
0 
0 
0 
0 
0 
0 
0 
0 
0 
0 
0 
0 
0 
0 
0 
0 
0 
0 
0 
0 
0 
0 
0 
0 
0 
0 
0 
0 
0 
0 
0 
0 
0 
0 
0 
0 
1 362 
1 237 
0 
0 
0 
0 
0 
0 
0 
1 277 
0 
0 
0 
1 354 
0 
0 
0 
1 221 
0 
0 
0 
0 
0 
0 
0 
0 
0 
0 
0 
0 
0 
0 
0 
0 
0 
0 
0 
0 
0 
0 
0 
0 
0 
0 
0 
0 
0 
0 
0 
0 
0 
0 
0 
0 
0 
0 
0 
1 229 
0 
0 
0 
0 
0 
0 
0 
0 
0 
0 
1 172 
0 
1 299 
0 
0 
0 
0 
0 
0 
0 
0 
1 290 
0 
0 
0 
1 363 
0 
0 
0 
0 
0 
0 
1 106 
0 
0 
0 
0 
0 
0 
0 
0 
0 
0 
0 
1 44 
0 
0 
0 
0 
0 
0 
0 
0 
0 
0 
0 
0 
0 
0 
0 
1 340 
0 
1 338 
0 
0 
0 
0 
0 
0 
0 
0 
0 
0 
0 
0 
0 
1 233 
0 
0 
0 
0 
0 
0 
0 
1 220 
2 120 303 
0 
0 
0 
0 
0 
0 
0 
0 
0 
0 
0 
0 
0 
0 
0 
0 
0 
0 
0 
0 
1 459 
1 62 
0 
0 
0 
0 
0 
0 
0 
0 
0 
0 
0 
0 
0 
0 
0 
0 
1 10 
0 
0 
0 
0 
0 
0 
0 
0 
0 
1 431 
0 
0 
0 
0 
0 
0 
0 
0 
0 
0 
0 
0 
0 
0 
0 
0 
1 461 
0 
1 412 
0 
0 
0 
0 
0 
0 
0 
0 
0 
0 
0 
0 
0 
0 
0 
0 
1 170 
0 
0 
0 
0 
0 
0 
0 
0 
0 
0 
1 384 
0 
1 429 
0 
0 
0 
0 
0 
0 
0 
1 170 
