440 54
0 
0 
0 
0 
1 175 
0 
0 
0 
0 
0 
0 
1 76 
0 
0 
0 
0 
0 
0 
0 
1 92 
1 146 
0 
0 
0 
2 53 81 
0 
0 
0 
0 
1 44 
0 
0 
1 337 
0 
0 
0 
0 
0 
0 
1 288 
0 
0 
0 
1 71 
1 29 
1 405 
0 
2 157 186 
0 
0 
0 
0 
0 
1 24 
0 
0 
0 
0 
1 382 
0 
0 
1 185 
0 
0 
0 
0 
0 
0 
0 
0 
0 
1 43 
0 
0 
1 163 
0 
1 11 
1 244 
1 409 
0 
1 157 
1 24 
0 
1 140 
0 
0 
0 
0 
0 
0 
0 
0 
1 19 
0 
0 
0 
0 
0 
0 
0 
0 
0 
0 
0 
1 352 
0 
0 
0 
1 160 
0 
0 
0 
0 
0 
1 321 
0 
1 184 
1 198 
0 
0 
0 
0 
0 
1 198 
0 
0 
1 224 
0 
0 
1 425 
0 
0 
0 
0 
0 
0 
0 
0 
1 392 
0 
1 83 
0 
1 214 
0 
0 
0 
1 20 
0 
0 
0 
0 
0 
0 
0 
0 
0 
0 
2 47 80 
0 
0 
1 108 
1 287 
0 
2 74 191 
0 
0 
0 
0 
0 
0 
1 380 
0 
2 307 424 
0 
1 404 
1 4 
0 
0 
0 
1 195 
0 
0 
0 
0 
1 116 
1 61 
1 47 
1 294 
1 273 
0 
0 
1 163 
0 
0 
0 
1 179 
0 
0 
2 117 123 
0 
0 
0 
0 
0 
0 
0 
0 
1 411 
1 360 
0 
0 
0 
1 426 
0 
2 142 387 
0 
0 
0 
0 
0 
0 
0 
0 
0 
1 126 
0 
1 408 
0 
1 364 
0 
0 
0 
0 
0 
0 
0 
0 
0 
0 
0 
0 
0 
0 
0 
1 77 
0 
0 
0 
0 
1 348 
0 
0 
0 
0 
0 
0 
0 
0 
0 
2 272 433 
0 
0 
0 
0 
1 430 
0 
0 
0 
0 
0 
0 
0 
1 259 
1 188 
0 
0 
0 
0 
0 
0 
0 
0 
1 337 
0 
0 
0 
0 
1 161 
1 39 
0 
0 
0 
0 
0 
2 187 425 
0 
0 
0 
0 
0 
0 
0 
0 
0 
0 
0 
0 
1 172 
1 315 
0 
1 435 
0 
0 
0 
0 
1 308 
0 
0 
0 
0 
0 
1 114 
0 
0 
0 
0 
0 
0 
0 
0 
0 
0 
0 
0 
0 
0 
0 
2 32 282 
0 
0 
0 
0 
0 
0 
0 
0 
0 
0 
1 249 
0 
0 
0 
1 104 
0 
0 
0 
0 
0 
0 
0 
1 208 
0 
0 
0 
1 228 
0 
0 
0 
0 
0 
0 
0 
0 
0 
0 
0 
0 
0 
0 
0 
1 170 
0 
1 58 
0 
0 
0 
0 
1 214 
0 
0 
0 
0 
1 138 
0 
0 
0 
0 
0 
0 
0 
0 
0 
0 
0 
1 174 
1 45 
0 
1 425 
1 226 
1 78 
0 
1 207 
0 
0 
0 
0 
0 
0 
0 
0 
0 
0 
0 
0 
1 172 
3 129 294 407 
1 212 
0 
0 
0 
1 264 
0 
0 
1 259 
0 
1 310 
0 
0 
0 
0 
440 54
0 
0 
1 244 
0 
0 
0 
0 
0 
1 282 
0 
0 
0 
0 
0 
0 
0 
0 
1 162 
1 371 
0 
0 
2 368 385 
0 
0 
1 63 
1 228 
0 
0 
0 
1 126 
0 
0 
1 351 
0 
0 
1 86 
0 
0 
0 
0 
2 162 255 
0 
0 
0 
0 
1 133 
0 
0 
0 
0 
0 
0 
0 
1 191 
0 
0 
0 
0 
0 
0 
0 
1 252 
1 76 
1 24 
2 70 323 
0 
0 
0 
0 
0 
3 64 217 338 
0 
0 
0 
1 118 
2 122 426 
2 62 408 
0 
1 88 
0 
0 
0 
2 142 195 
0 
0 
0 
1 35 
0 
1 78 
1 106 
0 
0 
0 
0 
0 
0 
0 
0 
1 369 
0 
0 
1 185 
0 
0 
0 
0 
1 89 
0 
0 
0 
0 
0 
0 
0 
0 
0 
0 
0 
1 74 
0 
0 
0 
1 75 
0 
0 
0 
1 29 
0 
0 
0 
1 328 
0 
0 
2 45 245 
0 
0 
1 154 
0 
0 
0 
0 
0 
1 82 
0 
0 
0 
0 
0 
0 
0 
0 
1 202 
0 
0 
1 136 
0 
0 
0 
0 
0 
0 
0 
2 17 40 
0 
0 
0 
0 
0 
0 
1 270 
1 246 
0 
0 
0 
0 
0 
1 388 
0 
1 265 
0 
0 
1 291 
0 
0 
0 
1 101 
1 251 
0 
0 
0 
0 
1 53 
0 
0 
0 
1 82 
0 
1 276 
0 
0 
0 
0 
1 151 
0 
0 
0 
0 
0 
0 
0 
0 
0 
0 
0 
1 370 
0 
0 
1 70 
1 307 
0 
0 
0 
0 
0 
0 
0 
0 
1 337 
1 25 
0 
0 
0 
0 
0 
1 371 
0 
0 
0 
0 
0 
0 
0 
0 
0 
1 2 
1 133 
1 170 
0 
0 
0 
0 
1 186 
1 61 
0 
0 
1 40 
0 
0 
0 
0 
0 
1 311 
0 
0 
0 
1 178 
0 
0 
0 
0 
1 169 
0 
0 
0 
0 
0 
1 197 
0 
0 
0 
0 
0 
1 8 
0 
0 
0 
0 
0 
0 
0 
1 436 
1 181 
0 
0 
0 
1 296 
1 295 
0 
0 
0 
0 
0 
0 
0 
0 
0 
0 
1 218 
0 
0 
0 
1 261 
0 
0 
0 
0 
0 
0 
0 
0 
0 
0 
0 
1 64 
0 
0 
0 
0 
1 130 
0 
0 
0 
0 
0 
0 
0 
0 
1 227 
1 70 
0 
0 
0 
0 
0 
0 
0 
0 
0 
0 
0 
0 
1 32 
0 
0 
0 
0 
0 
0 
0 
0 
0 
0 
2 364 392 
0 
1 362 
0 
0 
0 
1 21 
1 98 
1 214 
2 18 234 
1 400 
0 
0 
0 
0 
0 
0 
0 
1 418 
0 
0 
0 
0 
1 21 
1 395 
0 
1 176 
0 
0 
0 
1 362 
0 
0 
1 386 
0 
0 
0 
0 
1 372 
0 
0 
0 
0 
0 
0 
0 
1 76 
0 
0 
0 
0 
0 
0 
0 
0 
0 
1 380 
0 
0 
0 
0 
0 
0 
0 
1 75 
0 
0 
0 
0 
0 
0 
0 
0 
0 
1 290 
0 
0 
0 
