280 34
0 
0 
0 
1 269 
0 
0 
1 268 
0 
0 
0 
0 
0 
0 
0 
0 
0 
0 
1 249 
0 
0 
0 
0 
0 
0 
1 136 
0 
0 
0 
0 
0 
0 
1 90 
0 
1 70 
0 
1 122 
0 
0 
0 
3 188 216 219 
0 
0 
0 
0 
0 
0 
0 
0 
1 124 
0 
0 
0 
0 
0 
1 276 
0 
0 
0 
0 
0 
0 
0 
1 239 
0 
0 
0 
1 268 
1 214 
0 
0 
1 33 
0 
0 
0 
1 131 
0 
0 
0 
0 
1 244 
0 
0 
2 187 216 
0 
0 
0 
0 
0 
0 
1 255 
1 31 
0 
0 
0 
0 
1 239 
0 
0 
1 188 
0 
0 
0 
0 
1 185 
0 
0 
1 230 
0 
0 
0 
1 142 
0 
1 153 
0 
0 
0 
0 
0 
0 
0 
0 
0 
1 35 
0 
1 48 
0 
0 
0 
0 
1 170 
0 
1 74 
0 
0 
0 
0 
1 24 
0 
0 
0 
0 
0 
1 110 
1 273 
0 
0 
0 
0 
0 
0 
0 
0 
1 264 
1 112 
0 
0 
0 
1 170 
0 
1 253 
1 277 
0 
0 
0 
0 
0 
0 
0 
0 
0 
3 129 157 196 
0 
0 
0 
0 
0 
0 
0 
0 
0 
0 
0 
0 
0 
0 
1 103 
0 
1 82 
2 39 98 
0 
0 
0 
0 
0 
0 
0 
1 170 
0 
0 
0 
0 
0 
0 
0 
0 
0 
0 
0 
0 
0 
0 
0 
0 
0 
1 67 
0 
3 39 82 235 
0 
0 
1 39 
0 
0 
0 
0 
0 
0 
0 
0 
0 
0 
1 106 
0 
0 
0 
0 
1 216 
0 
0 
0 
2 62 95 
0 
0 
0 
0 
1 79 
0 
0 
0 
0 
1 17 
0 
0 
0 
1 159 
0 
1 89 
0 
0 
0 
0 
0 
0 
0 
0 
1 152 
0 
0 
0 
2 6 66 
1 3 
0 
0 
0 
1 143 
0 
0 
1 54 
1 160 
0 
0 
280 34
0 
0 
0 
0 
0 
0 
0 
0 
0 
1 38 
2 67 209 
0 
0 
1 165 
0 
0 
0 
0 
0 
0 
0 
3 40 138 177 
0 
0 
0 
1 43 
0 
1 50 
0 
0 
1 245 
1 251 
0 
1 172 
0 
1 42 
0 
0 
1 9 
0 
1 21 
0 
1 35 
1 25 
0 
0 
0 
0 
0 
0 
1 27 
0 
0 
1 142 
1 230 
0 
0 
0 
0 
0 
1 270 
0 
0 
0 
0 
0 
0 
1 10 
0 
2 179 251 
0 
1 110 
0 
0 
1 131 
0 
1 216 
0 
0 
0 
0 
0 
0 
0 
0 
1 228 
0 
1 249 
1 185 
0 
0 
0 
0 
0 
2 105 274 
0 
0 
0 
0 
0 
0 
0 
0 
0 
0 
1 94 
0 
0 
1 128 
1 258 
1 71 
0 
0 
0 
0 
0 
0 
0 
1 203 
0 
1 242 
0 
0 
0 
0 
0 
0 
0 
1 108 
0 
0 
1 74 
0 
0 
0 
0 
0 
0 
1 21 
0 
0 
0 
1 53 
0 
0 
0 
0 
0 
0 
0 
0 
0 
0 
0 
0 
0 
0 
0 
0 
0 
0 
0 
0 
0 
0 
1 13 
0 
0 
0 
0 
0 
0 
1 33 
0 
0 
0 
0 
1 21 
0 
1 69 
0 
1 249 
0 
0 
0 
1 88 
0 
0 
0 
0 
0 
0 
0 
0 
0 
0 
1 240 
0 
0 
0 
0 
0 
0 
1 118 
1 274 
0 
0 
0 
0 
1 10 
0 
0 
0 
0 
0 
0 
1 76 
0 
0 
0 
0 
0 
0 
0 
0 
0 
0 
0 
1 85 
0 
1 54 
0 
0 
0 
0 
0 
0 
0 
0 
0 
1 196 
0 
1 120 
0 
0 
1 30 
0 
0 
0 
2 87 181 
0 
3 31 69 274 
0 
0 
0 
0 
0 
0 
1 109 
0 
0 
0 
0 
0 
0 
0 
0 
0 
0 
0 
1 60 
0 
0 
0 
3 94 204 251 
0 
0 
0 
0 
0 
