170 21
0 
0 
1 102 
0 
1 78 
0 
1 107 
0 
0 
0 
0 
1 128 
1 60 
0 
0 
0 
0 
0 
0 
0 
0 
0 
0 
0 
0 
0 
0 
0 
0 
0 
0 
1 96 
0 
0 
0 
1 75 
0 
0 
0 
0 
0 
0 
0 
0 
1 86 
0 
0 
0 
0 
0 
0 
0 
1 129 
0 
0 
0 
0 
0 
2 117 152 
0 
1 12 
0 
0 
1 85 
0 
0 
0 
0 
1 111 
0 
0 
0 
0 
0 
0 
1 35 
0 
0 
1 4 
3 98 126 129 
0 
0 
0 
0 
1 136 
1 63 
1 44 
0 
0 
0 
0 
0 
0 
0 
0 
0 
1 31 
0 
2 79 166 
0 
0 
0 
1 2 
0 
0 
1 160 
0 
1 6 
0 
0 
0 
1 68 
1 161 
0 
0 
0 
0 
1 58 
0 
0 
0 
0 
0 
0 
0 
0 
1 79 
0 
1 11 
2 52 79 
0 
0 
0 
0 
0 
0 
1 84 
1 157 
0 
0 
0 
0 
0 
0 
0 
0 
0 
0 
0 
0 
0 
0 
1 58 
0 
0 
0 
0 
1 137 
0 
0 
1 105 
1 112 
0 
0 
0 
0 
1 98 
0 
0 
0 
170 21
0 
0 
0 
0 
1 154 
0 
0 
0 
0 
0 
0 
0 
1 117 
1 39 
0 
0 
0 
0 
0 
0 
0 
0 
0 
0 
0 
0 
2 84 86 
0 
0 
0 
1 44 
0 
0 
0 
0 
0 
0 
0 
0 
1 13 
0 
0 
0 
0 
1 30 
0 
0 
0 
0 
0 
0 
0 
1 127 
0 
0 
0 
0 
1 89 
1 153 
0 
0 
0 
1 140 
0 
0 
0 
0 
0 
0 
0 
1 132 
1 162 
1 114 
0 
0 
0 
0 
0 
0 
0 
0 
0 
0 
0 
1 26 
1 134 
1 26 
0 
0 
2 57 155 
0 
0 
1 164 
1 103 
0 
1 124 
0 
0 
0 
0 
0 
0 
0 
1 93 
0 
0 
1 113 
0 
0 
0 
0 
0 
0 
1 106 
1 72 
0 
0 
1 12 
0 
0 
0 
0 
1 155 
0 
1 95 
0 
0 
1 52 
0 
0 
0 
0 
1 70 
0 
1 85 
0 
0 
0 
0 
0 
1 62 
0 
0 
0 
0 
0 
0 
0 
0 
0 
0 
0 
0 
1 58 
1 4 
3 89 122 164 
0 
0 
0 
0 
0 
0 
1 71 
0 
2 92 155 
0 
0 
0 
0 
0 
