130 15
0 
0 
1 40 
1 56 
0 
1 114 
0 
0 
1 104 
0 
1 45 
0 
0 
0 
0 
1 106 
1 82 
0 
0 
0 
0 
0 
0 
1 80 
0 
0 
0 
0 
0 
0 
0 
0 
0 
0 
0 
0 
0 
0 
0 
0 
1 2 
0 
0 
0 
0 
2 10 69 
0 
0 
0 
0 
0 
1 107 
0 
0 
0 
0 
1 3 
1 95 
0 
0 
0 
0 
0 
0 
0 
0 
0 
0 
1 106 
1 45 
0 
0 
0 
0 
0 
0 
0 
0 
0 
0 
1 23 
0 
1 16 
0 
0 
0 
0 
0 
1 103 
0 
0 
0 
0 
0 
0 
1 57 
0 
0 
0 
0 
0 
0 
0 
1 88 
1 8 
0 
2 15 68 
1 51 
0 
0 
1 123 
0 
1 123 
0 
1 5 
0 
0 
0 
0 
0 
0 
0 
0 
2 110 112 
0 
0 
0 
0 
0 
0 
130 15
0 
0 
0 
0 
0 
0 
0 
0 
0 
0 
2 46 64 
0 
1 34 
0 
0 
0 
0 
0 
0 
0 
0 
0 
0 
0 
0 
0 
1 92 
0 
1 59 
1 70 
0 
0 
0 
0 
1 12 
0 
0 
0 
0 
1 50 
0 
0 
0 
0 
1 108 
1 83 
1 10 
0 
0 
0 
1 39 
0 
1 59 
0 
0 
1 96 
0 
0 
0 
2 28 52 
0 
0 
0 
0 
1 10 
0 
0 
0 
0 
0 
1 29 
0 
0 
0 
0 
1 121 
0 
0 
0 
0 
0 
0 
0 
1 45 
0 
0 
0 
0 
1 122 
0 
0 
1 121 
1 26 
0 
1 101 
0 
1 55 
0 
0 
0 
0 
1 94 
0 
0 
0 
0 
0 
0 
1 44 
0 
0 
0 
0 
0 
0 
0 
0 
0 
0 
0 
0 
2 75 91 
1 88 
0 
0 
0 
0 
0 
0 
0 
