300 38
0 
0 
0 
0 
0 
0 
1 148 
0 
0 
0 
0 
0 
0 
0 
0 
0 
1 191 
0 
0 
0 
0 
0 
0 
0 
0 
0 
0 
0 
1 277 
0 
1 211 
0 
1 217 
0 
0 
0 
3 191 219 222 
0 
0 
0 
0 
0 
0 
0 
1 174 
0 
0 
0 
0 
0 
1 182 
0 
0 
0 
0 
0 
0 
1 194 
0 
0 
0 
2 123 281 
0 
0 
0 
0 
0 
1 247 
0 
0 
0 
0 
1 225 
0 
0 
2 87 116 
0 
0 
0 
0 
0 
1 183 
0 
0 
0 
0 
1 211 
1 75 
1 283 
0 
0 
0 
0 
1 130 
0 
1 288 
0 
0 
1 276 
0 
1 223 
0 
0 
0 
0 
0 
0 
0 
0 
0 
0 
0 
0 
0 
0 
0 
1 75 
0 
0 
0 
0 
0 
0 
1 61 
0 
0 
1 201 
0 
0 
0 
1 93 
0 
0 
1 188 
0 
0 
1 222 
0 
1 223 
1 206 
0 
0 
0 
0 
0 
0 
1 168 
0 
1 6 
0 
0 
0 
0 
0 
0 
0 
0 
0 
0 
0 
0 
0 
0 
0 
0 
0 
0 
0 
1 146 
0 
0 
0 
0 
0 
2 44 262 
0 
0 
0 
0 
0 
0 
0 
1 50 
1 81 
0 
0 
0 
0 
1 133 
0 
0 
2 16 36 
0 
0 
1 57 
0 
0 
0 
0 
0 
0 
1 126 
0 
0 
0 
0 
2 139 275 
0 
0 
0 
0 
2 30 86 
0 
0 
0 
0 
0 
1 32 
0 
2 36 295 
0 
0 
2 36 136 
2 100 138 
0 
2 72 237 
0 
0 
0 
0 
0 
0 
0 
0 
0 
0 
0 
1 225 
0 
0 
0 
1 299 
0 
0 
0 
0 
0 
1 67 
0 
0 
0 
0 
0 
1 296 
0 
0 
0 
0 
0 
0 
0 
0 
1 174 
0 
0 
0 
1 299 
0 
0 
0 
0 
0 
0 
0 
0 
1 206 
1 98 
1 28 
0 
1 297 
0 
1 61 
0 
1 88 
0 
0 
0 
0 
1 95 
0 
0 
0 
0 
0 
0 
1 219 
1 253 
1 279 
0 
2 241 266 
300 38
0 
0 
0 
0 
0 
2 64 86 
0 
0 
1 82 
0 
0 
0 
0 
0 
0 
0 
1 96 
0 
0 
0 
2 23 292 
0 
0 
1 20 
0 
0 
0 
0 
0 
0 
0 
0 
0 
0 
0 
0 
2 210 263 
0 
0 
0 
0 
0 
1 235 
0 
0 
0 
0 
0 
0 
0 
0 
0 
0 
0 
0 
0 
0 
0 
0 
0 
0 
1 231 
0 
1 272 
1 5 
0 
1 142 
0 
0 
0 
0 
0 
0 
0 
0 
1 93 
0 
0 
0 
0 
0 
0 
1 8 
0 
1 144 
0 
1 5 
0 
0 
0 
0 
0 
0 
2 75 225 
1 220 
0 
2 16 299 
0 
0 
0 
0 
0 
1 118 
0 
1 188 
0 
0 
2 138 167 
0 
0 
0 
0 
0 
1 186 
0 
0 
0 
0 
1 102 
0 
0 
0 
0 
0 
0 
0 
0 
0 
0 
0 
0 
0 
0 
0 
0 
0 
0 
1 194 
1 107 
0 
0 
0 
1 66 
0 
1 84 
0 
0 
0 
0 
1 268 
0 
0 
0 
1 197 
0 
0 
1 157 
1 156 
1 240 
0 
0 
0 
0 
1 278 
1 248 
2 171 209 
0 
1 107 
0 
0 
0 
1 165 
0 
0 
0 
0 
0 
0 
0 
0 
0 
1 239 
0 
0 
0 
0 
2 113 261 
0 
1 104 
0 
0 
0 
0 
0 
1 137 
0 
0 
1 153 
0 
0 
0 
0 
0 
0 
0 
0 
0 
0 
0 
1 165 
1 36 
0 
0 
0 
0 
0 
0 
0 
0 
0 
2 94 299 
0 
0 
0 
0 
1 93 
0 
0 
0 
0 
0 
1 61 
0 
0 
0 
1 42 
0 
0 
0 
2 181 299 
1 158 
0 
0 
0 
0 
0 
0 
0 
1 164 
0 
0 
0 
0 
0 
0 
0 
0 
0 
0 
0 
0 
1 186 
0 
1 36 
0 
0 
0 
1 274 
1 149 
0 
0 
0 
1 63 
1 289 
2 267 286 
0 
0 
0 
1 163 
0 
0 
0 
0 
0 
0 
0 
1 274 
0 
0 
1 273 
0 
0 
1 20 
0 
0 
0 
0 
0 
0 
3 96 220 239 
