120 13
0 
0 
1 60 
1 86 
0 
0 
1 51 
0 
0 
1 74 
0 
1 37 
0 
0 
0 
0 
0 
1 51 
1 39 
0 
0 
0 
0 
0 
0 
0 
1 28 
0 
1 26 
0 
0 
0 
0 
0 
0 
0 
0 
1 11 
0 
1 18 
0 
0 
0 
0 
0 
0 
1 91 
0 
0 
0 
0 
3 6 17 96 
0 
0 
0 
0 
0 
0 
0 
1 109 
1 2 
0 
0 
0 
0 
0 
0 
1 100 
0 
0 
0 
0 
0 
0 
1 9 
0 
0 
0 
0 
0 
0 
0 
0 
0 
1 106 
0 
1 3 
0 
0 
0 
0 
1 46 
0 
0 
0 
0 
1 51 
0 
0 
0 
1 67 
0 
0 
0 
0 
0 
1 84 
0 
0 
1 59 
0 
0 
0 
0 
0 
0 
0 
0 
0 
0 
120 13
1 68 
1 118 
0 
0 
0 
0 
0 
0 
0 
0 
0 
0 
0 
0 
0 
1 18 
1 86 
0 
1 15 
0 
0 
0 
0 
1 80 
0 
1 78 
0 
0 
0 
0 
0 
0 
0 
0 
0 
0 
0 
0 
1 48 
0 
0 
0 
0 
0 
0 
0 
0 
0 
1 38 
0 
0 
0 
0 
0 
0 
0 
0 
0 
0 
0 
0 
1 95 
0 
0 
1 71 
0 
0 
0 
3 0 87 98 
0 
1 116 
1 64 
0 
0 
0 
0 
0 
0 
1 25 
0 
1 23 
0 
0 
0 
0 
0 
1 16 
1 68 
0 
0 
0 
0 
0 
0 
0 
1 61 
0 
0 
1 68 
0 
0 
0 
0 
0 
0 
1 107 
0 
1 105 
0 
0 
0 
0 
0 
0 
0 
0 
1 70 
0 
1 1 
0 
