370 49
0 
0 
0 
0 
0 
1 91 
0 
0 
0 
0 
0 
0 
0 
1 133 
0 
0 
0 
0 
0 
0 
0 
0 
0 
1 32 
1 160 
0 
0 
0 
1 363 
2 51 54 
0 
0 
1 23 
0 
0 
1 55 
0 
0 
0 
1 246 
0 
0 
0 
0 
1 338 
0 
0 
1 256 
1 93 
0 
0 
1 29 
1 192 
0 
1 29 
1 35 
1 57 
3 56 282 311 
0 
0 
0 
0 
1 156 
0 
0 
0 
0 
0 
0 
0 
1 221 
0 
1 193 
0 
0 
1 248 
0 
0 
0 
0 
0 
0 
0 
0 
0 
0 
0 
0 
0 
0 
0 
1 5 
1 204 
1 48 
0 
0 
1 276 
0 
1 259 
1 313 
1 187 
0 
0 
0 
1 175 
0 
0 
0 
0 
0 
0 
0 
0 
0 
0 
0 
0 
0 
0 
1 292 
0 
0 
0 
0 
0 
0 
0 
0 
0 
0 
0 
0 
0 
1 13 
1 147 
0 
0 
0 
1 355 
0 
1 297 
0 
0 
0 
0 
1 277 
0 
1 134 
1 226 
0 
1 297 
0 
1 198 
0 
0 
0 
1 62 
0 
0 
0 
1 24 
1 201 
0 
0 
0 
1 347 
0 
0 
0 
0 
0 
1 278 
0 
0 
0 
1 104 
0 
0 
0 
0 
0 
0 
0 
0 
0 
1 323 
0 
1 100 
0 
0 
0 
1 256 
1 52 
1 72 
0 
0 
0 
0 
1 152 
0 
0 
1 161 
0 
0 
1 92 
0 
0 
0 
0 
0 
0 
0 
0 
0 
0 
0 
0 
0 
0 
0 
0 
1 70 
0 
0 
0 
1 325 
1 148 
0 
1 356 
0 
0 
0 
0 
0 
0 
0 
0 
0 
0 
0 
0 
0 
0 
0 
1 329 
0 
1 39 
0 
2 75 301 
1 298 
0 
0 
0 
1 339 
0 
0 
2 47 191 
0 
0 
1 98 
0 
0 
0 
1 335 
0 
0 
0 
0 
0 
0 
0 
0 
0 
0 
0 
0 
1 96 
1 145 
1 171 
0 
0 
0 
1 57 
0 
0 
0 
1 316 
0 
0 
1 303 
0 
0 
1 119 
0 
0 
0 
0 
2 140 150 
1 249 
0 
0 
1 248 
0 
1 289 
0 
0 
0 
0 
0 
0 
0 
1 57 
0 
1 99 
0 
0 
1 286 
0 
0 
0 
0 
0 
0 
1 185 
0 
1 225 
0 
0 
0 
1 244 
0 
0 
0 
0 
0 
1 263 
0 
0 
1 44 
2 253 348 
0 
0 
0 
0 
0 
0 
0 
1 165 
1 339 
0 
0 
0 
0 
0 
0 
1 138 
1 228 
0 
0 
0 
0 
0 
0 
1 28 
0 
0 
0 
0 
0 
0 
370 49
0 
0 
0 
0 
1 189 
1 49 
0 
0 
1 82 
0 
1 308 
0 
1 355 
0 
1 120 
0 
0 
0 
0 
0 
0 
0 
1 249 
0 
0 
0 
1 256 
0 
0 
0 
0 
0 
1 186 
1 362 
1 294 
0 
0 
0 
0 
0 
0 
0 
0 
0 
1 54 
1 242 
0 
0 
0 
1 5 
0 
0 
0 
2 288 367 
1 44 
0 
0 
0 
0 
0 
0 
0 
0 
1 343 
2 111 318 
0 
1 106 
0 
0 
0 
1 300 
0 
0 
0 
0 
0 
0 
0 
0 
0 
1 309 
0 
1 8 
0 
0 
1 361 
0 
0 
0 
2 165 264 
0 
1 147 
1 347 
0 
1 198 
0 
0 
1 365 
0 
0 
0 
0 
0 
0 
0 
0 
1 66 
0 
0 
0 
0 
1 64 
0 
0 
0 
0 
0 
1 240 
1 148 
0 
1 14 
0 
0 
0 
0 
1 262 
0 
0 
0 
0 
1 333 
0 
0 
0 
0 
0 
1 354 
0 
1 300 
0 
0 
1 324 
0 
1 237 
0 
0 
0 
1 91 
1 118 
0 
0 
0 
0 
0 
0 
0 
0 
0 
0 
1 358 
0 
0 
0 
0 
0 
1 89 
0 
0 
0 
0 
1 305 
1 259 
0 
0 
0 
0 
0 
0 
0 
1 283 
0 
0 
0 
0 
0 
0 
1 32 
0 
0 
1 4 
0 
0 
0 
0 
0 
0 
0 
0 
1 94 
0 
0 
0 
0 
0 
0 
0 
0 
0 
0 
0 
0 
0 
0 
0 
0 
0 
0 
0 
1 272 
0 
0 
0 
0 
0 
1 313 
0 
0 
0 
0 
0 
0 
0 
0 
0 
0 
0 
0 
1 143 
0 
0 
1 117 
1 350 
1 45 
0 
0 
0 
0 
0 
0 
1 22 
0 
0 
0 
0 
0 
0 
1 26 
0 
0 
1 171 
0 
0 
1 125 
0 
1 89 
1 366 
0 
1 335 
0 
0 
1 350 
0 
1 218 
0 
0 
0 
0 
0 
0 
0 
0 
0 
0 
1 179 
0 
0 
0 
0 
1 53 
0 
0 
0 
0 
0 
1 34 
0 
1 345 
0 
0 
0 
2 70 138 
0 
0 
0 
0 
1 170 
0 
0 
1 10 
1 80 
0 
0 
0 
1 224 
0 
0 
0 
0 
1 64 
0 
0 
1 354 
0 
1 354 
1 141 
0 
0 
0 
0 
0 
0 
0 
0 
1 130 
0 
1 267 
0 
0 
0 
0 
0 
0 
0 
1 63 
0 
1 296 
0 
1 92 
0 
0 
2 241 270 
0 
0 
0 
3 136 321 323 
1 12 
0 
0 
1 159 
0 
0 
1 85 
1 33 
0 
0 
1 97 
1 265 
1 53 
0 
0 
