190 23
0 
0 
0 
1 183 
0 
1 170 
0 
0 
0 
0 
2 86 175 
0 
0 
0 
0 
0 
0 
0 
0 
0 
0 
0 
0 
0 
0 
0 
0 
1 114 
0 
0 
1 155 
0 
0 
0 
0 
0 
0 
0 
1 91 
0 
0 
0 
0 
0 
0 
1 69 
0 
0 
0 
0 
1 68 
0 
0 
1 130 
0 
0 
0 
1 137 
0 
0 
0 
0 
0 
0 
0 
3 149 177 180 
0 
0 
1 50 
2 45 136 
0 
0 
0 
0 
0 
0 
0 
0 
0 
1 106 
0 
0 
0 
1 139 
0 
0 
1 10 
1 146 
0 
0 
0 
1 38 
0 
0 
0 
0 
0 
0 
1 186 
0 
0 
0 
0 
0 
0 
0 
1 79 
0 
0 
0 
0 
0 
0 
0 
1 27 
0 
0 
0 
0 
0 
1 164 
0 
0 
0 
0 
0 
0 
0 
0 
0 
1 53 
0 
0 
0 
1 175 
1 136 
2 69 135 
2 57 189 
0 
1 83 
0 
0 
0 
0 
0 
0 
1 87 
0 
0 
1 65 
0 
0 
0 
0 
0 
1 30 
0 
0 
0 
0 
0 
0 
0 
0 
1 120 
0 
0 
0 
0 
0 
1 5 
0 
0 
0 
0 
2 10 134 
0 
1 65 
0 
0 
1 65 
0 
0 
1 3 
0 
0 
1 98 
0 
0 
1 137 
190 23
1 91 
0 
1 118 
0 
0 
0 
0 
0 
1 101 
0 
0 
0 
0 
0 
1 161 
0 
0 
0 
1 82 
0 
1 147 
0 
0 
0 
0 
1 46 
0 
0 
0 
0 
1 120 
0 
0 
1 46 
0 
0 
1 142 
0 
0 
0 
0 
0 
0 
0 
0 
0 
3 25 33 115 
0 
0 
1 166 
0 
0 
0 
0 
0 
0 
0 
0 
0 
0 
0 
0 
0 
0 
0 
0 
0 
0 
0 
0 
1 162 
2 126 151 
0 
0 
0 
0 
0 
0 
0 
0 
0 
0 
1 18 
0 
0 
0 
0 
0 
0 
1 153 
0 
1 0 
0 
0 
2 119 173 
0 
0 
0 
0 
0 
0 
1 8 
1 150 
0 
0 
0 
0 
0 
0 
0 
0 
0 
0 
0 
0 
1 46 
0 
0 
1 2 
2 94 158 
1 30 
0 
0 
0 
0 
0 
2 71 145 
0 
0 
0 
0 
1 182 
0 
0 
0 
0 
0 
0 
0 
0 
0 
0 
1 36 
0 
0 
1 126 
0 
1 20 
1 182 
0 
1 102 
1 71 
0 
1 89 
0 
0 
0 
0 
1 119 
0 
0 
1 14 
1 70 
0 
0 
0 
1 49 
0 
0 
0 
0 
0 
0 
1 94 
0 
0 
0 
0 
0 
0 
0 
0 
2 131 148 
0 
0 
0 
0 
0 
0 
0 
