150 19
0 
0 
1 142 
0 
0 
1 14 
0 
1 85 
0 
0 
0 
0 
0 
1 75 
2 5 29 
0 
0 
0 
0 
1 130 
0 
0 
0 
0 
0 
0 
0 
0 
0 
1 14 
0 
0 
0 
0 
0 
0 
1 141 
0 
0 
0 
0 
1 112 
0 
0 
0 
0 
0 
0 
0 
0 
0 
0 
0 
1 66 
0 
0 
0 
0 
0 
0 
0 
0 
0 
0 
1 83 
0 
1 53 
0 
0 
0 
0 
0 
2 108 143 
0 
0 
1 13 
0 
0 
0 
1 105 
0 
0 
0 
1 64 
0 
1 7 
0 
1 122 
0 
0 
0 
0 
0 
0 
0 
0 
0 
0 
0 
0 
0 
0 
0 
0 
0 
1 79 
0 
1 124 
3 72 111 114 
0 
0 
1 108 
1 41 
0 
1 108 
0 
0 
0 
0 
0 
1 142 
0 
1 87 
0 
1 107 
0 
0 
0 
1 135 
0 
1 19 
0 
0 
0 
0 
1 128 
0 
0 
0 
0 
0 
1 36 
2 2 120 
1 72 
0 
0 
0 
0 
0 
0 
150 19
0 
0 
1 95 
1 5 
0 
2 3 115 
1 53 
0 
0 
0 
0 
0 
1 147 
0 
0 
0 
0 
0 
0 
0 
0 
0 
0 
0 
0 
0 
0 
0 
0 
0 
0 
0 
0 
0 
0 
0 
0 
0 
1 63 
0 
0 
0 
0 
0 
0 
0 
0 
1 104 
0 
0 
0 
0 
0 
1 6 
0 
0 
1 71 
0 
0 
0 
0 
0 
0 
1 38 
0 
1 71 
0 
0 
0 
0 
1 138 
2 56 65 
0 
0 
0 
0 
1 116 
0 
0 
0 
0 
0 
0 
0 
0 
0 
1 90 
0 
0 
1 115 
1 86 
1 133 
0 
0 
0 
1 2 
0 
0 
0 
1 135 
0 
0 
0 
0 
1 47 
0 
0 
0 
0 
0 
0 
0 
0 
0 
0 
3 5 89 129 
1 76 
0 
0 
0 
1 124 
0 
0 
0 
1 120 
0 
0 
1 140 
0 
1 115 
0 
0 
0 
1 91 
0 
1 99 
0 
0 
2 70 141 
0 
1 127 
1 138 
0 
0 
0 
0 
0 
1 12 
0 
0 
