380 50
0 
0 
0 
0 
0 
1 41 
0 
0 
0 
0 
0 
0 
1 369 
0 
0 
0 
0 
0 
0 
0 
0 
0 
1 158 
1 275 
0 
0 
0 
0 
2 83 111 
0 
0 
0 
0 
0 
1 49 
0 
0 
0 
1 196 
0 
0 
1 5 
0 
1 233 
0 
0 
2 118 276 
0 
0 
1 34 
1 327 
0 
0 
0 
1 144 
1 357 
1 63 
0 
0 
0 
1 171 
0 
0 
1 56 
0 
0 
0 
0 
0 
0 
1 88 
0 
0 
1 107 
0 
0 
0 
0 
0 
0 
0 
0 
0 
1 28 
0 
0 
0 
0 
1 70 
1 148 
0 
0 
0 
1 168 
0 
1 125 
2 166 309 
0 
0 
0 
1 241 
0 
0 
0 
0 
0 
0 
1 73 
0 
0 
0 
1 28 
0 
0 
0 
1 148 
0 
0 
1 46 
0 
0 
0 
0 
0 
0 
1 95 
0 
0 
1 292 
0 
0 
0 
0 
1 190 
1 346 
0 
0 
0 
0 
0 
0 
0 
1 147 
0 
2 54 186 
1 288 
0 
1 142 
2 89 115 
0 
0 
0 
0 
1 363 
0 
0 
0 
0 
2 22 216 
0 
0 
0 
0 
1 260 
0 
0 
1 96 
0 
1 93 
0 
0 
1 60 
0 
0 
0 
0 
1 255 
0 
0 
0 
0 
1 271 
0 
0 
0 
0 
1 144 
0 
0 
0 
1 133 
0 
0 
0 
0 
0 
1 38 
0 
0 
0 
0 
0 
0 
0 
0 
0 
0 
0 
0 
0 
0 
1 322 
0 
0 
1 281 
0 
1 158 
0 
0 
0 
0 
0 
0 
0 
0 
0 
0 
1 320 
0 
0 
1 332 
1 301 
0 
1 43 
1 374 
0 
0 
0 
0 
0 
0 
1 100 
1 351 
0 
0 
0 
0 
0 
0 
0 
0 
0 
0 
0 
0 
1 176 
0 
0 
0 
1 318 
1 163 
1 311 
0 
0 
0 
0 
0 
0 
0 
0 
0 
1 181 
0 
0 
0 
1 23 
1 46 
0 
0 
0 
0 
1 214 
0 
0 
0 
0 
0 
1 364 
1 145 
0 
0 
0 
1 128 
0 
0 
0 
0 
0 
0 
0 
0 
1 231 
0 
0 
0 
0 
0 
0 
0 
1 96 
0 
1 261 
1 336 
0 
0 
1 321 
0 
0 
1 259 
0 
1 227 
1 315 
1 211 
0 
0 
0 
0 
1 50 
0 
0 
0 
0 
2 230 366 
0 
0 
0 
1 312 
0 
0 
0 
0 
0 
1 363 
0 
0 
0 
1 134 
0 
0 
0 
0 
1 242 
0 
0 
0 
0 
0 
1 55 
0 
0 
0 
0 
0 
2 153 342 
1 287 
0 
1 332 
0 
0 
1 12 
0 
0 
0 
0 
1 234 
0 
0 
0 
0 
0 
380 50
0 
0 
0 
0 
0 
0 
0 
0 
1 233 
0 
0 
0 
0 
0 
0 
0 
0 
0 
0 
0 
0 
0 
0 
0 
1 74 
0 
2 279 361 
0 
1 299 
1 187 
0 
0 
1 330 
0 
0 
0 
0 
0 
0 
1 211 
0 
0 
0 
0 
0 
0 
0 
1 209 
1 341 
1 330 
1 290 
0 
0 
0 
0 
0 
1 111 
0 
0 
1 158 
0 
0 
0 
0 
1 286 
0 
0 
1 364 
0 
0 
1 161 
0 
0 
0 
1 24 
0 
0 
0 
1 327 
0 
0 
0 
1 276 
0 
0 
0 
0 
0 
0 
0 
0 
0 
0 
0 
0 
0 
0 
0 
0 
0 
0 
0 
1 244 
0 
0 
1 305 
0 
1 122 
0 
0 
1 255 
1 56 
0 
0 
0 
0 
0 
0 
1 348 
0 
1 337 
1 141 
1 107 
0 
0 
0 
0 
0 
0 
0 
0 
0 
0 
0 
0 
1 231 
0 
0 
0 
0 
0 
2 121 176 
0 
0 
0 
0 
0 
0 
0 
0 
0 
1 212 
1 218 
0 
0 
0 
0 
0 
2 59 359 
0 
0 
1 70 
0 
0 
1 190 
0 
0 
0 
0 
0 
0 
0 
2 179 222 
0 
0 
0 
1 141 
0 
0 
1 172 
0 
0 
0 
0 
0 
0 
1 208 
1 29 
0 
0 
1 164 
1 345 
0 
0 
0 
0 
0 
0 
0 
0 
0 
0 
1 296 
0 
0 
1 366 
1 232 
0 
1 186 
1 47 
0 
1 39 
1 151 
1 356 
0 
0 
0 
0 
1 152 
0 
0 
1 259 
1 172 
0 
0 
0 
0 
0 
0 
0 
0 
2 135 338 
1 206 
1 8 
0 
0 
1 250 
0 
0 
0 
0 
0 
1 267 
0 
2 102 353 
0 
1 285 
0 
0 
0 
1 236 
0 
0 
0 
1 283 
1 110 
0 
0 
0 
1 221 
0 
0 
1 306 
0 
0 
0 
0 
1 242 
0 
0 
0 
0 
0 
0 
0 
0 
1 82 
0 
0 
1 26 
0 
0 
0 
1 254 
0 
1 246 
1 64 
0 
0 
0 
1 50 
0 
0 
0 
0 
0 
1 202 
0 
0 
1 28 
0 
0 
0 
0 
0 
1 105 
1 262 
0 
0 
0 
0 
0 
0 
0 
0 
0 
0 
0 
0 
0 
2 371 376 
0 
0 
0 
0 
0 
0 
1 78 
0 
0 
2 32 49 
0 
0 
0 
0 
0 
0 
1 120 
1 231 
0 
0 
1 48 
0 
0 
0 
1 191 
0 
0 
1 118 
0 
0 
0 
0 
1 244 
0 
0 
1 213 
0 
0 
1 158 
0 
1 26 
0 
0 
1 67 
0 
1 205 
0 
0 
0 
0 
1 320 
0 
0 
0 
0 
1 320 
0 
0 
0 
