110 12
0 
0 
1 80 
0 
1 11 
0 
0 
1 9 
0 
1 7 
1 65 
1 4 
1 50 
0 
0 
0 
0 
0 
0 
1 40 
1 40 
0 
0 
0 
0 
0 
0 
0 
0 
1 45 
0 
0 
0 
0 
0 
0 
0 
0 
0 
0 
2 19 20 
0 
0 
0 
0 
1 29 
0 
0 
0 
0 
1 12 
0 
0 
0 
1 83 
0 
0 
0 
0 
0 
0 
1 81 
0 
0 
0 
1 10 
0 
0 
0 
0 
0 
0 
0 
1 104 
0 
0 
0 
0 
0 
0 
1 2 
1 61 
0 
1 54 
0 
0 
0 
0 
0 
1 99 
0 
0 
0 
0 
0 
0 
0 
0 
0 
1 89 
0 
0 
0 
0 
1 73 
0 
0 
0 
0 
0 
110 12
0 
0 
0 
0 
2 7 93 
0 
0 
1 4 
0 
0 
0 
0 
0 
0 
0 
0 
0 
0 
0 
1 84 
0 
1 33 
0 
0 
1 40 
0 
0 
0 
0 
0 
0 
1 98 
0 
1 21 
0 
0 
0 
0 
0 
1 92 
1 24 
0 
0 
0 
0 
0 
0 
0 
0 
0 
0 
0 
0 
0 
0 
0 
0 
0 
0 
1 70 
0 
1 63 
0 
1 61 
0 
0 
0 
0 
0 
0 
1 59 
1 89 
0 
0 
0 
0 
0 
0 
0 
0 
1 86 
0 
0 
0 
1 19 
0 
1 80 
0 
0 
1 71 
0 
0 
1 39 
1 4 
0 
1 105 
0 
0 
1 31 
0 
0 
0 
0 
0 
0 
1 95 
0 
0 
0 
0 
