100 8
0 
0 
0 
0 
0 
0 
0 
0 
0 
0 
0 
0 
0 
0 
0 
0 
0 
1 49 
0 
0 
0 
1 92 
1 25 
1 56 
0 
1 22 
0 
0 
0 
0 
0 
0 
0 
0 
0 
0 
0 
0 
0 
0 
0 
0 
0 
1 79 
0 
0 
0 
0 
0 
1 17 
0 
0 
0 
0 
0 
0 
1 23 
0 
0 
0 
0 
0 
1 69 
0 
0 
0 
0 
1 70 
0 
1 62 
1 67 
0 
0 
0 
0 
0 
0 
0 
0 
1 43 
0 
0 
1 86 
0 
0 
0 
1 82 
0 
0 
0 
0 
0 
1 21 
0 
0 
0 
0 
0 
0 
0 
100 8
1 51 
0 
0 
0 
1 58 
1 88 
0 
0 
1 22 
0 
0 
0 
0 
0 
0 
0 
0 
0 
0 
0 
0 
0 
1 8 
0 
0 
0 
0 
1 64 
0 
0 
0 
0 
0 
1 66 
1 53 
0 
0 
0 
0 
0 
0 
1 99 
0 
0 
0 
0 
0 
0 
0 
0 
0 
1 0 
0 
1 34 
0 
0 
0 
0 
1 4 
0 
0 
0 
0 
0 
1 27 
0 
1 33 
0 
0 
0 
0 
0 
0 
0 
0 
0 
0 
0 
0 
0 
0 
0 
0 
0 
0 
0 
0 
0 
1 5 
0 
0 
0 
0 
0 
0 
0 
0 
0 
0 
1 41 
