480 62
0 
0 
0 
0 
1 15 
0 
0 
0 
0 
0 
0 
0 
0 
0 
0 
1 4 
0 
1 253 
1 265 
0 
0 
1 461 
0 
0 
0 
0 
1 237 
0 
0 
1 401 
0 
0 
0 
0 
0 
0 
1 51 
0 
0 
1 101 
0 
1 347 
2 447 476 
0 
0 
0 
0 
0 
0 
0 
0 
1 36 
0 
1 177 
0 
1 268 
0 
0 
0 
0 
0 
0 
0 
0 
0 
0 
1 471 
0 
0 
1 408 
0 
1 117 
1 177 
0 
1 420 
0 
0 
0 
0 
0 
0 
0 
0 
0 
0 
0 
0 
0 
0 
0 
0 
0 
0 
1 372 
0 
0 
1 358 
0 
0 
0 
0 
1 39 
1 207 
1 341 
1 302 
0 
0 
0 
0 
1 353 
0 
0 
1 217 
0 
0 
1 256 
0 
1 71 
0 
0 
0 
0 
1 448 
0 
0 
1 399 
0 
0 
0 
0 
0 
0 
0 
0 
0 
0 
0 
0 
0 
0 
0 
1 397 
0 
1 181 
0 
0 
0 
0 
0 
1 279 
1 412 
1 201 
1 385 
0 
0 
0 
1 188 
0 
0 
0 
0 
0 
1 414 
1 328 
0 
0 
0 
0 
0 
0 
0 
0 
0 
0 
0 
0 
0 
2 53 72 
1 425 
1 305 
0 
1 143 
1 391 
0 
1 212 
0 
0 
0 
1 156 
0 
0 
0 
0 
1 245 
1 339 
0 
0 
0 
0 
0 
0 
1 151 
0 
0 
0 
0 
0 
1 102 
0 
1 368 
0 
0 
1 184 
0 
0 
0 
2 275 436 
1 112 
0 
0 
1 276 
0 
0 
0 
0 
0 
0 
0 
0 
0 
0 
1 379 
0 
0 
0 
0 
0 
1 26 
0 
1 325 
0 
0 
0 
0 
0 
1 193 
0 
1 256 
1 404 
0 
0 
0 
0 
1 17 
0 
0 
2 115 247 
0 
0 
0 
0 
0 
0 
0 
0 
1 18 
0 
0 
1 55 
0 
0 
0 
0 
0 
0 
1 216 
1 220 
0 
0 
1 149 
0 
0 
0 
0 
0 
1 310 
0 
0 
0 
0 
0 
0 
0 
2 316 371 
0 
0 
0 
2 333 375 
0 
0 
0 
0 
1 104 
0 
0 
1 179 
0 
0 
0 
0 
1 285 
0 
0 
0 
0 
0 
1 293 
0 
0 
0 
0 
0 
0 
0 
1 435 
1 239 
0 
0 
1 163 
0 
0 
0 
0 
1 297 
1 460 
0 
0 
0 
0 
1 194 
0 
1 103 
0 
0 
0 
0 
0 
1 41 
0 
0 
0 
0 
0 
1 109 
1 475 
0 
0 
0 
1 96 
0 
0 
0 
0 
0 
0 
0 
0 
0 
1 209 
0 
0 
1 293 
1 93 
0 
0 
1 297 
0 
0 
0 
1 231 
0 
0 
0 
0 
0 
1 152 
0 
0 
0 
0 
0 
1 182 
0 
0 
0 
1 462 
0 
1 141 
0 
1 125 
0 
1 29 
1 407 
0 
1 248 
0 
0 
1 402 
1 69 
0 
0 
0 
1 150 
1 426 
1 162 
0 
0 
0 
0 
0 
1 74 
0 
0 
0 
0 
1 178 
1 413 
0 
0 
0 
0 
0 
0 
0 
0 
1 324 
1 216 
0 
0 
0 
0 
0 
0 
0 
0 
0 
0 
1 42 
1 122 
0 
0 
0 
0 
0 
0 
0 
0 
0 
0 
0 
1 334 
1 21 
1 395 
0 
0 
0 
0 
0 
0 
0 
0 
1 66 
0 
0 
0 
1 354 
1 42 
0 
0 
0 
480 62
0 
0 
0 
0 
1 298 
1 294 
0 
1 205 
0 
0 
1 430 
1 430 
0 
0 
0 
0 
1 302 
0 
0 
0 
0 
1 166 
1 406 
0 
0 
0 
0 
0 
0 
0 
0 
0 
0 
0 
1 373 
0 
0 
0 
0 
1 108 
0 
1 66 
0 
0 
0 
0 
0 
1 399 
0 
1 126 
0 
0 
0 
0 
0 
0 
0 
0 
0 
0 
1 364 
1 445 
0 
0 
1 92 
0 
1 41 
0 
0 
1 265 
0 
0 
0 
0 
0 
0 
1 339 
0 
0 
0 
0 
0 
1 169 
0 
1 325 
0 
0 
0 
0 
0 
1 422 
0 
1 64 
0 
0 
0 
0 
1 441 
0 
0 
0 
0 
1 142 
0 
1 400 
1 369 
0 
0 
1 39 
1 324 
0 
1 168 
0 
0 
1 353 
0 
0 
0 
0 
0 
0 
0 
1 193 
0 
0 
0 
1 49 
0 
1 352 
0 
0 
1 442 
0 
0 
0 
0 
0 
0 
0 
0 
0 
0 
1 102 
0 
1 463 
0 
0 
0 
0 
0 
0 
0 
0 
0 
0 
0 
0 
0 
0 
1 163 
0 
0 
1 457 
1 159 
0 
0 
1 21 
0 
1 111 
1 82 
0 
1 223 
0 
1 278 
0 
0 
0 
0 
0 
1 310 
1 202 
0 
0 
1 307 
0 
1 210 
0 
0 
0 
0 
0 
0 
0 
1 122 
0 
1 212 
0 
0 
0 
1 342 
0 
0 
1 180 
0 
0 
1 7 
1 372 
1 284 
0 
0 
1 185 
1 432 
1 195 
0 
0 
0 
0 
0 
0 
0 
0 
0 
1 479 
1 171 
0 
0 
0 
0 
0 
0 
1 438 
0 
0 
0 
0 
0 
0 
1 328 
0 
1 286 
0 
0 
0 
0 
0 
0 
1 314 
0 
0 
0 
0 
0 
1 468 
0 
0 
0 
0 
0 
0 
0 
0 
0 
0 
0 
0 
1 69 
0 
0 
0 
0 
0 
0 
0 
0 
0 
0 
0 
0 
1 173 
0 
0 
0 
0 
0 
1 207 
0 
1 239 
0 
0 
1 443 
1 463 
0 
0 
0 
2 5 470 
1 372 
0 
1 464 
1 4 
0 
0 
0 
1 16 
0 
0 
0 
0 
1 183 
0 
1 391 
1 179 
0 
0 
0 
1 246 
0 
0 
0 
0 
0 
0 
0 
0 
0 
1 109 
1 84 
0 
0 
2 237 447 
0 
1 428 
0 
0 
0 
0 
0 
0 
0 
0 
1 76 
1 432 
0 
1 199 
0 
0 
0 
0 
0 
0 
0 
0 
0 
1 128 
1 114 
0 
0 
0 
0 
0 
0 
0 
0 
0 
0 
1 60 
0 
0 
1 425 
0 
1 105 
0 
0 
2 206 295 
1 34 
0 
0 
0 
0 
0 
0 
0 
0 
0 
0 
0 
0 
0 
0 
0 
0 
0 
1 309 
0 
0 
0 
0 
0 
0 
0 
1 47 
1 104 
0 
0 
0 
0 
0 
1 22 
1 458 
0 
0 
0 
0 
0 
0 
0 
0 
0 
0 
0 
0 
0 
0 
1 90 
0 
0 
1 367 
0 
0 
1 330 
0 
2 10 11 
0 
2 211 340 
0 
0 
0 
0 
0 
1 230 
0 
0 
1 97 
1 131 
1 289 
0 
1 61 
0 
1 328 
0 
0 
0 
0 
0 
0 
0 
0 
0 
1 162 
1 407 
0 
0 
0 
0 
2 144 290 
1 297 
0 
0 
0 
1 252 
0 
1 294 
0 
0 
0 
0 
0 
0 
0 
0 
1 222 
