230 33
0 
0 
0 
0 
1 194 
0 
0 
0 
2 125 214 
0 
0 
0 
0 
0 
0 
0 
0 
0 
0 
0 
0 
0 
1 54 
0 
1 164 
0 
0 
0 
0 
0 
1 127 
0 
0 
0 
0 
1 154 
0 
0 
0 
1 92 
0 
1 188 
0 
0 
1 171 
0 
0 
0 
0 
0 
3 114 142 145 
0 
0 
1 56 
1 22 
0 
1 53 
0 
0 
0 
0 
0 
1 95 
0 
1 185 
0 
0 
0 
0 
0 
0 
1 154 
0 
0 
0 
0 
0 
0 
0 
0 
0 
0 
1 209 
0 
0 
0 
0 
0 
1 220 
1 95 
1 114 
0 
1 39 
0 
0 
2 62 89 
0 
0 
0 
0 
1 152 
0 
0 
0 
0 
0 
0 
0 
0 
1 159 
0 
0 
0 
1 226 
3 50 90 140 
0 
0 
0 
0 
0 
0 
0 
0 
0 
0 
1 8 
1 228 
1 30 
0 
0 
0 
0 
0 
0 
0 
0 
0 
0 
1 173 
0 
1 114 
0 
1 50 
1 228 
0 
1 50 
0 
0 
0 
0 
0 
0 
1 100 
0 
2 35 71 
1 161 
0 
0 
0 
1 109 
0 
1 155 
0 
1 172 
1 24 
0 
0 
0 
1 207 
0 
0 
1 44 
2 163 217 
1 138 
0 
0 
0 
0 
0 
1 192 
0 
0 
0 
0 
0 
1 64 
0 
0 
1 41 
0 
0 
0 
1 179 
0 
1 4 
0 
0 
0 
0 
0 
0 
0 
0 
0 
0 
0 
0 
1 168 
0 
1 82 
0 
0 
0 
0 
1 8 
0 
0 
1 172 
0 
0 
1 88 
0 
0 
0 
0 
0 
1 113 
0 
2 126 143 
0 
230 33
1 61 
0 
0 
0 
0 
0 
0 
0 
1 138 
0 
0 
0 
0 
0 
1 65 
0 
0 
0 
1 207 
0 
1 37 
0 
0 
0 
0 
1 186 
0 
0 
0 
0 
1 97 
0 
0 
0 
0 
0 
0 
1 20 
0 
0 
1 65 
0 
1 104 
0 
0 
0 
0 
0 
3 65 149 164 
1 170 
0 
0 
0 
0 
1 117 
0 
0 
0 
1 101 
0 
1 171 
1 0 
0 
0 
0 
3 14 40 48 
0 
1 69 
0 
2 67 194 
0 
0 
0 
0 
0 
0 
2 159 224 
1 90 
0 
0 
0 
0 
0 
0 
0 
0 
0 
1 112 
1 148 
0 
1 77 
1 217 
0 
0 
0 
0 
0 
1 30 
0 
0 
0 
1 58 
0 
0 
1 42 
0 
0 
0 
0 
0 
1 112 
0 
2 87 110 
0 
0 
0 
0 
1 54 
0 
0 
0 
0 
0 
0 
0 
0 
1 167 
0 
0 
0 
0 
1 178 
0 
0 
1 157 
0 
1 202 
1 143 
1 8 
0 
0 
0 
0 
1 137 
1 157 
0 
0 
0 
1 88 
1 48 
0 
0 
0 
0 
0 
0 
0 
2 134 144 
0 
1 76 
0 
0 
0 
0 
1 48 
0 
0 
1 126 
0 
1 210 
1 49 
2 60 174 
0 
0 
1 171 
0 
0 
0 
1 131 
0 
0 
0 
0 
0 
0 
0 
1 25 
0 
0 
0 
0 
0 
0 
0 
1 69 
0 
0 
0 
0 
0 
0 
0 
1 136 
0 
0 
0 
0 
1 18 
0 
0 
1 169 
0 
0 
0 
0 
0 
0 
1 91 
0 
0 
0 
0 
0 
0 
1 76 
0 
0 
0 
0 
0 
