210 58
0 
0 
1 107 
1 102 
1 85 
0 
1 53 
1 39 
0 
1 113 
2 142 158 
2 112 139 
0 
0 
0 
0 
0 
0 
0 
1 182 
0 
0 
2 73 182 
0 
1 60 
0 
0 
0 
0 
0 
1 98 
1 172 
1 135 
1 58 
0 
0 
0 
1 41 
1 177 
2 7 73 
0 
2 37 196 
0 
0 
0 
0 
0 
1 143 
0 
0 
1 134 
0 
0 
1 6 
0 
0 
0 
2 128 168 
2 33 96 
0 
4 24 142 160 179 
0 
0 
0 
0 
2 136 144 
0 
0 
0 
1 162 
0 
0 
0 
2 22 39 
0 
0 
0 
0 
0 
0 
0 
0 
1 202 
0 
0 
1 4 
0 
1 94 
0 
2 115 159 
1 118 
0 
1 176 
0 
2 87 133 
0 
2 58 187 
0 
1 30 
2 112 174 
0 
0 
1 3 
0 
0 
0 
0 
1 2 
1 146 
0 
0 
1 123 
2 11 99 
1 9 
0 
2 89 116 
1 115 
0 
2 90 124 
0 
0 
0 
0 
1 111 
2 118 188 
0 
0 
0 
1 57 
0 
1 180 
1 162 
0 
2 94 185 
1 50 
1 32 
3 65 145 146 
0 
0 
1 11 
0 
0 
2 10 60 
1 47 
1 65 
1 136 
3 108 136 208 
1 169 
0 
0 
0 
0 
0 
0 
0 
1 161 
0 
0 
1 10 
1 89 
2 60 209 
1 155 
2 69 131 
0 
0 
0 
1 186 
0 
1 57 
1 147 
0 
0 
1 31 
0 
1 99 
0 
1 92 
1 38 
0 
1 60 
1 130 
0 
2 19 22 
0 
0 
1 133 
1 166 
1 96 
1 124 
0 
0 
0 
0 
0 
0 
0 
1 41 
0 
0 
0 
0 
0 
1 82 
0 
0 
0 
0 
0 
1 146 
1 160 
210 58
0 
2 5 123 
0 
0 
0 
1 1 
0 
0 
1 88 
1 25 
0 
0 
0 
0 
0 
0 
1 156 
1 41 
0 
0 
2 161 171 
0 
4 30 55 72 149 
0 
0 
2 9 149 
1 45 
2 138 152 
0 
0 
2 22 134 
0 
0 
1 153 
2 192 206 
1 89 
0 
0 
0 
1 112 
0 
1 17 
0 
0 
1 103 
1 26 
2 144 186 
0 
0 
0 
1 201 
0 
0 
3 63 112 167 
0 
1 22 
0 
0 
0 
0 
1 85 
0 
0 
2 53 121 
0 
2 109 191 
0 
0 
2 91 129 
2 206 208 
0 
1 99 
1 22 
0 
0 
0 
0 
0 
0 
1 179 
0 
1 91 
0 
1 86 
0 
1 60 
1 83 
1 198 
1 8 
1 35 
0 
2 68 81 
0 
1 128 
0 
1 97 
0 
1 95 
0 
2 71 156 
0 
0 
1 184 
1 44 
0 
0 
0 
1 174 
1 145 
2 65 203 
0 
0 
3 39 53 195 
0 
0 
0 
1 153 
0 
0 
0 
0 
1 63 
1 152 
1 1 
2 186 201 
1 193 
0 
0 
1 93 
1 68 
1 169 
0 
0 
1 147 
1 30 
0 
0 
0 
1 27 
1 181 
0 
0 
0 
0 
1 46 
1 108 
0 
1 133 
0 
2 22 25 
0 
0 
2 27 122 
2 33 116 
0 
0 
2 16 99 
0 
0 
0 
0 
1 20 
0 
0 
0 
0 
0 
1 53 
0 
1 130 
0 
1 20 
0 
0 
1 107 
0 
0 
0 
0 
1 79 
0 
1 139 
0 
0 
1 102 
0 
2 46 124 
0 
0 
0 
0 
1 65 
1 34 
1 125 
0 
1 112 
0 
0 
1 87 
0 
0 
2 50 124 
0 
1 109 
0 
0 
2 34 69 
0 
1 69 
0 
