360 99
0 
0 
1 320 
0 
0 
0 
2 38 84 
1 313 
0 
1 66 
0 
0 
0 
0 
0 
0 
0 
1 349 
1 296 
0 
1 283 
0 
1 234 
0 
1 199 
0 
0 
0 
0 
3 44 144 238 
0 
0 
0 
0 
1 131 
0 
0 
0 
1 6 
1 60 
0 
1 101 
0 
0 
1 29 
0 
1 86 
1 222 
0 
0 
1 254 
0 
0 
1 119 
2 167 301 
0 
1 181 
0 
0 
0 
1 39 
1 158 
0 
1 228 
1 286 
0 
1 9 
1 235 
1 106 
0 
1 132 
0 
0 
0 
0 
0 
0 
0 
1 121 
0 
0 
0 
0 
1 345 
1 6 
0 
2 46 98 
0 
1 110 
0 
0 
2 98 154 
0 
1 261 
0 
0 
1 318 
0 
2 86 91 
0 
0 
2 41 179 
0 
0 
0 
1 279 
1 68 
0 
0 
0 
4 88 179 234 304 
0 
0 
0 
0 
2 257 359 
0 
0 
0 
1 53 
1 123 
3 78 134 165 
0 
1 120 
1 207 
0 
0 
1 198 
2 141 204 
0 
0 
3 34 325 340 
1 70 
0 
1 121 
0 
0 
0 
0 
0 
0 
1 128 
0 
0 
1 29 
1 205 
1 344 
0 
0 
0 
1 274 
2 159 220 
0 
1 248 
2 91 263 
0 
0 
0 
1 61 
2 151 228 
0 
1 215 
0 
0 
2 249 272 
1 121 
0 
2 54 266 
1 352 
0 
0 
0 
1 342 
1 312 
0 
0 
0 
0 
0 
3 101 110 296 
0 
1 56 
0 
0 
0 
0 
0 
1 260 
0 
0 
1 357 
0 
1 238 
1 249 
1 276 
0 
0 
0 
3 127 237 283 
2 24 336 
1 206 
0 
0 
0 
2 128 301 
2 145 253 
1 200 
1 124 
1 291 
0 
0 
1 245 
1 295 
0 
0 
1 161 
1 243 
0 
0 
1 268 
1 151 
0 
2 47 316 
0 
1 352 
0 
0 
0 
2 63 159 
0 
0 
0 
0 
0 
2 22 110 
1 67 
0 
2 198 340 
2 29 192 
0 
1 250 
0 
1 278 
1 216 
0 
1 211 
0 
0 
1 153 
2 164 193 
1 240 
0 
0 
2 205 273 
1 50 
0 
1 283 
1 115 
0 
1 335 
1 187 
1 93 
0 
1 154 
0 
0 
1 167 
0 
1 219 
0 
0 
0 
1 164 
1 253 
1 150 
0 
1 194 
0 
1 242 
1 105 
0 
0 
0 
3 20 198 256 
0 
0 
1 64 
0 
1 307 
0 
0 
1 208 
0 
0 
0 
1 212 
2 18 179 
0 
0 
1 305 
1 353 
2 54 204 
0 
0 
1 110 
1 299 
0 
1 288 
0 
0 
0 
0 
1 173 
1 7 
1 347 
0 
1 222 
0 
1 96 
0 
1 2 
0 
0 
0 
0 
2 131 350 
0 
0 
0 
0 
0 
0 
0 
0 
0 
1 259 
1 199 
0 
0 
0 
3 131 237 358 
0 
1 172 
0 
1 146 
1 83 
0 
1 314 
0 
1 17 
1 325 
0 
2 168 224 
1 300 
0 
0 
0 
1 190 
1 340 
1 115 
360 99
0 
2 157 311 
0 
0 
1 333 
1 226 
2 115 354 
0 
1 120 
0 
1 264 
0 
0 
1 94 
1 307 
2 17 75 
0 
1 15 
0 
1 179 
1 279 
0 
0 
0 
0 
0 
0 
0 
0 
0 
0 
1 230 
0 
1 259 
0 
1 273 
0 
1 272 
0 
0 
1 225 
1 183 
0 
0 
1 129 
0 
0 
0 
1 247 
1 314 
1 277 
1 135 
2 115 213 
0 
1 130 
0 
1 203 
0 
0 
1 64 
0 
0 
0 
0 
1 59 
2 133 230 
0 
0 
0 
0 
0 
0 
0 
1 105 
1 315 
1 15 
0 
1 254 
0 
0 
3 179 272 303 
0 
0 
1 354 
0 
0 
0 
0 
0 
0 
0 
0 
0 
0 
2 13 256 
0 
1 124 
0 
1 161 
1 104 
1 303 
1 211 
0 
0 
1 99 
1 73 
0 
0 
0 
0 
0 
2 145 168 
0 
0 
0 
2 6 52 
0 
0 
0 
0 
1 8 
0 
2 197 321 
3 167 283 335 
1 96 
0 
1 210 
0 
2 228 294 
1 44 
1 54 
0 
0 
2 65 256 
0 
1 51 
0 
1 326 
1 162 
0 
0 
0 
1 157 
0 
0 
2 111 185 
0 
1 262 
0 
1 195 
0 
0 
0 
1 252 
0 
1 198 
0 
2 1 142 
0 
0 
1 320 
1 98 
3 138 182 349 
1 309 
0 
0 
0 
3 123 209 216 
1 111 
0 
0 
1 224 
1 339 
1 274 
0 
1 331 
1 334 
0 
0 
4 19 80 240 320 
0 
0 
1 162 
1 41 
0 
1 145 
0 
1 347 
0 
0 
1 205 
0 
0 
0 
0 
1 149 
0 
1 122 
3 155 266 289 
0 
0 
0 
0 
2 56 286 
0 
1 190 
0 
0 
0 
1 167 
1 126 
1 101 
0 
1 52 
0 
1 284 
2 167 340 
0 
0 
0 
0 
0 
0 
0 
1 171 
1 40 
1 5 
0 
1 128 
0 
2 31 65 
0 
0 
0 
1 264 
0 
0 
0 
0 
1 316 
1 179 
0 
0 
0 
0 
0 
0 
1 48 
0 
0 
0 
0 
1 153 
0 
1 77 
0 
2 94 133 
0 
0 
1 33 
0 
1 329 
1 147 
0 
2 10 234 
0 
1 198 
0 
0 
1 291 
0 
0 
2 37 80 
1 35 
1 173 
0 
0 
1 50 
0 
1 20 
0 
0 
1 332 
1 123 
3 215 307 340 
0 
1 203 
0 
0 
1 198 
1 306 
1 269 
0 
1 299 
2 128 316 
0 
0 
0 
0 
1 293 
0 
0 
0 
2 80 100 
0 
0 
1 290 
2 14 284 
0 
1 163 
0 
1 1 
0 
0 
1 49 
1 74 
2 239 294 
0 
0 
0 
2 160 179 
1 122 
0 
0 
0 
0 
1 137 
0 
0 
1 261 
0 
1 175 
1 282 
1 4 
1 176 
1 123 
0 
1 350 
0 
2 172 358 
3 216 284 357 
0 
0 
0 
1 359 
0 
0 
1 187 
1 349 
2 162 348 
1 337 
0 
0 
0 
2 6 83 
0 
0 
1 340 
1 339 
1 344 
