470 140
0 
0 
1 100 
0 
2 305 351 
1 468 
1 459 
0 
0 
0 
0 
0 
0 
1 293 
1 126 
1 338 
0 
0 
1 244 
0 
0 
1 402 
1 149 
0 
0 
1 342 
0 
0 
0 
0 
1 354 
0 
0 
0 
1 168 
1 182 
0 
1 279 
0 
1 204 
1 128 
0 
0 
0 
0 
1 96 
1 336 
1 267 
0 
1 416 
0 
1 184 
0 
0 
0 
0 
1 374 
0 
0 
0 
1 346 
0 
1 106 
1 255 
0 
2 241 297 
0 
1 132 
0 
0 
0 
0 
1 147 
0 
0 
0 
0 
0 
2 118 188 
0 
0 
2 204 306 
0 
0 
3 117 366 397 
0 
1 380 
0 
0 
2 101 164 
0 
1 230 
0 
0 
0 
0 
1 45 
0 
0 
1 194 
2 2 177 
1 89 
3 214 307 368 
1 443 
1 298 
0 
1 62 
1 184 
1 207 
1 469 
1 133 
1 348 
1 268 
0 
2 301 457 
0 
0 
1 84 
2 78 126 
0 
0 
1 447 
0 
1 361 
2 232 409 
1 257 
2 14 118 
1 183 
2 40 130 
0 
2 128 172 
1 434 
1 67 
3 110 162 359 
0 
1 216 
1 331 
1 461 
1 437 
0 
0 
0 
0 
1 449 
1 394 
0 
0 
1 72 
0 
2 22 263 
1 266 
1 303 
0 
0 
0 
0 
0 
0 
0 
1 232 
0 
2 328 435 
1 133 
0 
2 89 232 
1 360 
1 455 
0 
1 34 
0 
0 
0 
1 130 
0 
0 
0 
0 
1 100 
1 353 
0 
0 
0 
1 35 
1 127 
3 51 107 202 
0 
0 
1 190 
1 78 
1 252 
1 187 
1 296 
0 
0 
1 99 
1 450 
1 286 
0 
0 
0 
0 
0 
2 184 367 
0 
3 39 81 249 
1 334 
1 293 
1 108 
1 425 
0 
0 
0 
0 
3 240 415 431 
3 102 307 316 
1 340 
1 135 
0 
1 261 
0 
0 
0 
1 304 
0 
1 418 
0 
0 
0 
0 
0 
1 91 
1 337 
5 124 159 164 251 434 
1 276 
0 
1 354 
0 
0 
1 256 
0 
1 213 
1 65 
0 
0 
1 18 
0 
0 
0 
0 
1 204 
0 
1 232 
1 189 
0 
0 
2 63 263 
2 238 443 
2 125 304 
0 
0 
0 
1 218 
1 295 
2 149 255 
1 420 
0 
2 150 333 
2 47 393 
1 112 
0 
1 295 
0 
0 
0 
1 448 
0 
1 233 
0 
0 
1 37 
0 
0 
0 
0 
0 
0 
1 196 
0 
1 391 
0 
0 
0 
1 425 
3 13 206 416 
0 
2 262 270 
1 191 
1 65 
1 104 
0 
1 411 
1 114 
0 
1 151 
2 222 257 
1 4 
2 81 434 
2 102 214 
0 
0 
0 
1 421 
0 
0 
0 
0 
1 214 
1 449 
0 
0 
0 
0 
0 
1 364 
0 
0 
0 
0 
1 161 
0 
1 449 
1 136 
0 
1 266 
1 205 
0 
1 46 
1 231 
1 15 
0 
1 215 
1 444 
2 25 383 
0 
0 
0 
1 60 
0 
1 111 
0 
0 
1 4 
0 
1 178 
2 30 235 
0 
2 369 422 
0 
0 
1 133 
1 165 
1 123 
0 
0 
1 323 
0 
1 84 
1 202 
2 102 435 
1 356 
0 
0 
0 
0 
1 56 
0 
0 
0 
0 
0 
1 86 
0 
0 
1 342 
0 
0 
0 
0 
0 
0 
0 
1 288 
1 434 
1 267 
1 144 
0 
0 
1 84 
0 
0 
0 
0 
1 21 
0 
0 
0 
0 
0 
0 
1 124 
0 
1 300 
0 
0 
0 
1 213 
2 49 293 
0 
1 224 
0 
1 264 
1 311 
2 356 456 
0 
0 
2 208 292 
1 468 
0 
0 
0 
0 
1 213 
0 
0 
4 131 232 306 392 
3 161 368 455 
0 
1 138 
0 
1 455 
0 
0 
0 
2 103 256 
1 341 
0 
0 
1 121 
2 274 464 
3 143 317 330 
1 195 
0 
0 
0 
0 
3 166 435 439 
1 422 
1 114 
0 
1 6 
0 
1 137 
0 
0 
1 448 
0 
0 
0 
2 5 426 
1 109 
470 140
0 
0 
0 
1 457 
0 
1 388 
3 79 404 425 
1 341 
0 
2 103 234 
0 
0 
1 137 
1 400 
1 385 
0 
0 
1 398 
0 
1 258 
2 352 433 
0 
1 339 
0 
0 
1 48 
0 
0 
0 
0 
0 
1 42 
0 
2 85 409 
2 256 407 
1 185 
1 174 
1 446 
0 
1 41 
0 
2 39 361 
2 31 213 
0 
1 166 
0 
2 164 451 
0 
2 25 430 
0 
1 405 
1 211 
0 
0 
1 318 
3 169 205 442 
0 
1 442 
0 
0 
0 
0 
1 442 
2 394 440 
0 
0 
0 
2 275 357 
0 
1 288 
0 
0 
1 257 
0 
0 
0 
0 
0 
0 
2 6 395 
0 
1 131 
0 
0 
0 
1 33 
0 
0 
0 
0 
1 379 
0 
0 
0 
1 379 
1 211 
1 465 
0 
1 300 
0 
0 
0 
0 
1 9 
0 
3 184 210 306 
1 152 
0 
1 352 
0 
0 
1 374 
0 
2 146 338 
0 
1 380 
0 
1 197 
1 455 
0 
0 
0 
0 
0 
0 
1 465 
1 248 
0 
0 
0 
1 143 
1 81 
1 412 
0 
0 
1 254 
1 399 
1 12 
0 
2 382 454 
0 
2 374 388 
2 196 324 
2 130 193 
0 
1 437 
1 113 
0 
1 321 
1 169 
0 
1 464 
1 106 
0 
0 
0 
0 
1 237 
0 
0 
0 
0 
0 
0 
3 46 241 303 
1 465 
1 44 
0 
0 
2 55 149 
1 346 
0 
0 
0 
1 36 
1 240 
0 
0 
0 
0 
0 
1 264 
0 
0 
1 105 
1 35 
0 
0 
0 
1 365 
0 
0 
0 
2 143 431 
1 280 
1 447 
1 142 
1 117 
0 
2 216 275 
0 
1 428 
0 
1 268 
0 
2 55 382 
0 
1 282 
0 
1 412 
1 105 
3 51 95 359 
0 
1 42 
0 
1 381 
1 199 
0 
1 239 
0 
1 307 
0 
0 
0 
1 454 
1 397 
0 
0 
0 
0 
0 
0 
0 
0 
1 9 
2 345 437 
0 
1 157 
1 432 
1 218 
1 175 
1 164 
0 
0 
0 
0 
1 281 
0 
1 126 
0 
0 
0 
0 
0 
1 135 
0 
1 34 
1 72 
1 19 
1 311 
0 
0 
0 
1 459 
1 181 
0 
0 
0 
2 203 304 
0 
0 
0 
0 
0 
0 
2 67 199 
0 
0 
0 
0 
1 194 
1 246 
1 207 
0 
0 
0 
1 420 
0 
1 69 
0 
1 307 
0 
0 
1 462 
1 295 
2 294 345 
0 
1 347 
0 
0 
2 98 387 
0 
0 
1 164 
2 268 421 
0 
1 105 
3 220 290 348 
1 464 
0 
1 427 
1 259 
0 
0 
0 
1 415 
1 361 
0 
1 54 
0 
0 
1 148 
0 
0 
1 142 
0 
0 
0 
1 399 
0 
0 
0 
0 
0 
0 
1 340 
0 
1 345 
1 113 
1 22 
1 335 
1 7 
1 418 
0 
0 
5 235 295 337 416 464 
1 170 
1 297 
1 307 
0 
0 
0 
2 20 108 
0 
0 
0 
0 
1 67 
0 
1 211 
0 
2 41 316 
0 
0 
0 
1 189 
1 449 
0 
0 
0 
0 
0 
0 
0 
2 111 141 
1 392 
0 
0 
0 
2 90 94 
1 115 
1 215 
3 139 205 454 
0 
0 
1 14 
0 
1 300 
2 5 141 
0 
0 
0 
1 375 
0 
1 63 
2 79 464 
0 
1 225 
1 17 
3 136 328 457 
1 13 
0 
0 
0 
1 6 
1 50 
0 
1 34 
0 
1 33 
0 
1 466 
2 132 209 
0 
0 
1 315 
1 345 
0 
1 342 
0 
2 286 467 
1 304 
0 
0 
1 453 
1 6 
0 
1 310 
1 201 
0 
1 48 
1 193 
1 238 
1 20 
1 445 
0 
0 
2 145 235 
0 
0 
1 63 
0 
3 55 57 62 
0 
0 
1 434 
1 37 
1 195 
0 
1 366 
0 
1 46 
0 
1 424 
3 139 224 382 
1 118 
0 
2 3 399 
0 
1 263 
0 
0 
1 293 
0 
4 151 308 345 395 
3 96 125 165 
1 411 
1 420 
0 
0 
