150 42
0 
0 
1 32 
1 81 
1 137 
0 
1 38 
0 
1 130 
0 
1 39 
0 
0 
1 103 
0 
2 62 78 
2 97 124 
0 
0 
0 
2 62 108 
0 
0 
0 
0 
0 
0 
0 
0 
2 30 77 
2 29 72 
0 
1 2 
1 62 
1 56 
0 
1 78 
0 
1 6 
1 10 
1 50 
0 
0 
1 100 
0 
0 
2 120 130 
0 
0 
1 79 
3 40 120 138 
1 121 
0 
0 
0 
0 
2 34 145 
0 
1 140 
0 
0 
0 
4 15 20 33 93 
2 73 98 
0 
0 
0 
0 
1 118 
0 
0 
0 
1 30 
1 63 
0 
0 
0 
1 29 
2 15 36 
1 49 
0 
2 3 90 
0 
0 
0 
0 
0 
0 
1 113 
0 
1 81 
0 
0 
1 62 
0 
0 
0 
1 16 
1 63 
0 
1 43 
0 
0 
1 13 
0 
0 
0 
0 
1 20 
1 142 
1 143 
0 
1 147 
1 88 
0 
0 
0 
0 
1 68 
0 
2 46 50 
1 51 
0 
0 
3 16 126 144 
1 139 
1 124 
0 
0 
0 
2 8 46 
0 
0 
0 
1 141 
0 
0 
1 4 
1 50 
1 125 
1 58 
1 134 
1 109 
1 110 
1 124 
1 56 
0 
1 112 
0 
0 
150 42
1 99 
1 53 
0 
0 
1 116 
1 63 
0 
1 24 
0 
0 
1 46 
0 
1 139 
0 
0 
0 
0 
0 
1 95 
0 
0 
0 
1 109 
0 
4 7 27 78 99 
2 26 42 
2 25 96 
2 24 33 
1 144 
1 119 
1 131 
1 107 
0 
2 27 89 
0 
0 
1 48 
0 
0 
0 
0 
0 
2 25 111 
0 
0 
0 
1 10 
0 
1 36 
0 
0 
0 
0 
1 1 
1 136 
0 
0 
0 
1 127 
0 
1 145 
0 
0 
1 5 
1 96 
2 107 143 
0 
0 
1 102 
1 108 
0 
0 
1 87 
0 
0 
1 148 
0 
1 127 
1 24 
0 
1 96 
0 
1 139 
0 
0 
0 
0 
1 72 
0 
1 33 
0 
0 
0 
0 
0 
1 18 
3 26 64 80 
0 
0 
2 0 24 
0 
0 
1 68 
0 
0 
1 109 
1 140 
3 31 65 133 
1 69 
2 22 105 
0 
1 42 
1 149 
0 
0 
0 
1 4 
0 
0 
2 29 136 
0 
0 
0 
1 138 
0 
0 
0 
2 58 77 
0 
0 
0 
1 30 
0 
1 107 
0 
0 
2 54 119 
0 
1 123 
2 12 82 
1 106 
0 
0 
1 65 
1 28 
1 60 
0 
0 
1 75 
1 112 
