310 79
0 
0 
0 
1 114 
0 
0 
0 
2 36 82 
0 
1 62 
1 217 
0 
2 108 136 
0 
0 
0 
0 
0 
0 
0 
0 
1 41 
1 42 
1 28 
1 137 
0 
1 196 
0 
2 23 269 
0 
0 
0 
0 
0 
3 109 209 303 
0 
1 7 
0 
0 
0 
2 98 202 
1 21 
1 22 
0 
0 
0 
1 148 
1 207 
2 77 303 
0 
0 
0 
0 
0 
0 
1 64 
1 259 
0 
0 
0 
1 219 
0 
1 9 
1 264 
1 55 
2 128 262 
0 
1 264 
0 
0 
0 
0 
0 
0 
1 75 
1 74 
1 271 
1 48 
1 161 
0 
0 
1 302 
2 7 237 
0 
0 
1 167 
0 
0 
0 
0 
0 
0 
0 
0 
0 
1 247 
0 
0 
1 40 
0 
0 
0 
0 
1 185 
0 
0 
1 148 
0 
2 12 300 
1 34 
0 
1 223 
1 301 
1 161 
1 3 
0 
1 219 
0 
0 
0 
1 306 
0 
0 
0 
0 
0 
0 
1 172 
1 65 
0 
0 
0 
0 
1 223 
0 
0 
1 12 
1 24 
0 
0 
3 174 229 299 
0 
0 
0 
0 
0 
0 
0 
4 46 106 166 268 
0 
0 
0 
0 
0 
1 292 
0 
2 234 265 
0 
0 
0 
0 
3 78 113 265 
0 
1 235 
0 
0 
3 148 216 230 
2 85 262 
1 184 
0 
0 
0 
1 127 
1 302 
2 140 182 
0 
0 
0 
0 
0 
0 
0 
1 174 
0 
1 168 
1 103 
0 
0 
0 
0 
0 
0 
0 
0 
0 
0 
1 26 
1 305 
0 
0 
0 
1 219 
1 40 
0 
0 
0 
0 
1 47 
1 263 
2 34 256 
1 218 
0 
0 
0 
1 273 
0 
2 166 306 
1 10 
1 210 
3 60 116 201 
0 
0 
0 
2 111 133 
0 
0 
0 
0 
1 243 
1 140 
1 166 
0 
0 
2 237 281 
1 156 
1 163 
0 
2 82 233 
0 
0 
0 
1 287 
1 243 
2 228 242 
0 
0 
1 292 
1 95 
0 
0 
0 
1 258 
0 
0 
0 
0 
2 209 260 
0 
1 251 
1 56 
1 256 
0 
2 65 167 
1 208 
2 63 67 
2 156 161 
0 
0 
1 148 
1 28 
0 
1 76 
1 292 
1 214 
0 
0 
0 
1 278 
1 277 
0 
0 
1 233 
0 
0 
0 
0 
0 
1 241 
0 
0 
0 
0 
3 154 246 272 
0 
0 
0 
0 
0 
0 
1 140 
1 108 
1 112 
2 81 173 
2 34 48 
0 
1 197 
2 120 216 
0 
0 
0 
310 79
0 
4 20 222 230 252 
0 
0 
0 
0 
1 115 
0 
0 
0 
0 
0 
0 
1 160 
0 
2 44 277 
0 
1 233 
0 
0 
1 1 
0 
0 
0 
0 
0 
1 122 
0 
0 
0 
0 
1 218 
0 
0 
3 60 162 240 
0 
1 97 
2 106 233 
1 55 
0 
0 
0 
0 
0 
2 15 86 
0 
0 
0 
1 151 
1 236 
1 211 
1 140 
0 
0 
0 
2 38 191 
1 298 
0 
1 154 
1 68 
1 34 
0 
0 
1 307 
0 
1 301 
1 143 
0 
1 59 
1 141 
0 
1 146 
1 297 
1 160 
1 94 
0 
0 
0 
1 222 
1 278 
0 
0 
0 
0 
0 
0 
3 44 232 294 
0 
0 
0 
0 
0 
0 
0 
2 74 308 
0 
0 
1 36 
1 261 
1 305 
0 
1 288 
0 
1 215 
1 289 
0 
1 37 
0 
0 
0 
1 301 
0 
0 
0 
1 119 
2 6 188 
1 198 
0 
0 
2 114 213 
0 
0 
3 26 138 177 
0 
0 
0 
0 
0 
0 
1 243 
0 
0 
0 
0 
0 
1 221 
0 
0 
2 122 305 
0 
1 51 
3 69 165 244 
0 
1 66 
0 
0 
2 71 179 
0 
0 
1 233 
0 
1 48 
1 283 
0 
1 58 
1 248 
1 202 
0 
0 
0 
2 13 73 
1 279 
1 34 
0 
1 291 
1 141 
0 
0 
1 251 
0 
0 
1 220 
0 
0 
1 267 
0 
0 
1 122 
0 
2 146 192 
0 
0 
0 
1 283 
0 
1 186 
1 185 
0 
2 115 222 
0 
0 
2 55 262 
1 179 
0 
0 
0 
1 200 
0 
2 116 238 
1 250 
1 196 
0 
2 156 293 
0 
0 
0 
0 
0 
0 
0 
0 
1 50 
0 
2 119 291 
0 
1 103 
0 
0 
1 31 
0 
1 171 
1 135 
3 1 78 188 
0 
0 
0 
0 
0 
0 
0 
1 1 
0 
1 86 
3 17 37 149 
0 
0 
1 49 
0 
1 198 
0 
1 34 
0 
0 
1 129 
1 141 
0 
0 
0 
2 155 294 
0 
2 199 262 
1 168 
1 1 
0 
0 
0 
0 
0 
0 
0 
0 
1 98 
2 191 250 
0 
0 
0 
0 
1 174 
0 
0 
0 
0 
0 
0 
0 
0 
0 
1 15 
1 79 
1 161 
0 
0 
0 
2 152 183 
0 
0 
0 
0 
1 101 
1 104 
0 
2 164 213 
0 
1 202 
2 86 248 
0 
0 
1 72 
1 56 
0 
0 
2 65 110 
0 
0 
0 
2 99 138 
0 
1 63 
1 94 
0 
