330 90
0 
0 
0 
1 54 
0 
0 
2 218 264 
0 
1 202 
0 
1 17 
2 185 213 
0 
0 
0 
0 
0 
1 10 
0 
1 238 
1 217 
0 
1 268 
0 
1 283 
0 
1 312 
0 
0 
0 
0 
1 317 
2 120 214 
0 
0 
0 
0 
2 168 272 
0 
0 
0 
0 
0 
1 80 
1 247 
1 189 
0 
0 
0 
0 
0 
1 66 
1 237 
0 
1 3 
0 
1 101 
0 
0 
1 74 
2 158 292 
0 
1 244 
0 
0 
0 
1 51 
0 
1 140 
0 
1 284 
0 
1 122 
0 
1 59 
1 185 
1 94 
0 
1 196 
0 
1 43 
0 
0 
0 
0 
0 
0 
1 247 
0 
0 
0 
0 
0 
0 
2 76 195 
0 
1 303 
0 
0 
1 165 
0 
1 56 
1 276 
1 106 
0 
1 297 
1 103 
0 
0 
1 260 
0 
0 
0 
0 
0 
1 122 
0 
0 
0 
0 
2 32 189 
0 
2 72 115 
0 
0 
1 314 
2 166 236 
0 
0 
0 
0 
0 
2 222 324 
0 
0 
0 
0 
1 323 
0 
2 191 222 
1 68 
0 
0 
1 222 
0 
0 
0 
2 164 178 
2 171 234 
0 
0 
0 
1 328 
1 167 
0 
0 
0 
0 
1 60 
0 
0 
0 
0 
0 
1 147 
1 99 
1 126 
1 153 
1 37 
0 
1 280 
1 148 
1 317 
0 
0 
0 
0 
1 319 
3 147 261 322 
0 
0 
1 316 
0 
1 243 
0 
2 11 75 
0 
0 
0 
2 45 120 
1 224 
1 139 
0 
2 197 241 
0 
1 94 
1 78 
3 193 285 308 
0 
0 
1 225 
0 
2 8 236 
0 
1 262 
0 
0 
0 
0 
0 
1 277 
1 315 
0 
1 11 
1 32 
0 
0 
1 20 
1 6 
0 
0 
1 269 
3 132 139 143 
0 
1 190 
1 200 
0 
0 
0 
0 
0 
0 
0 
0 
2 148 324 
0 
2 126 202 
1 52 
1 19 
0 
0 
2 193 294 
0 
1 183 
2 62 252 
0 
1 262 
2 44 87 
1 291 
0 
0 
0 
1 244 
0 
0 
0 
1 290 
1 264 
0 
0 
3 109 267 296 
1 178 
2 204 246 
0 
2 6 257 
0 
0 
1 260 
1 22 
1 221 
0 
1 324 
1 37 
1 317 
0 
0 
1 102 
1 210 
0 
0 
1 170 
0 
0 
2 24 306 
1 70 
1 197 
0 
0 
0 
0 
1 256 
1 248 
1 60 
1 302 
1 241 
0 
1 260 
1 105 
0 
1 304 
0 
0 
1 293 
1 96 
1 299 
0 
1 283 
0 
1 197 
0 
0 
0 
1 26 
0 
1 125 
1 211 
1 181 
3 31 172 273 
0 
1 177 
0 
0 
1 178 
1 137 
3 132 234 271 
0 
0 
0 
1 152 
0 
330 90
0 
0 
0 
0 
1 308 
0 
0 
1 55 
0 
0 
1 101 
1 67 
0 
1 295 
1 145 
1 265 
1 43 
0 
1 325 
1 257 
1 99 
0 
1 208 
1 80 
1 44 
0 
1 152 
2 146 311 
1 219 
0 
3 151 259 269 
0 
1 41 
1 168 
0 
0 
0 
0 
0 
1 89 
0 
1 32 
0 
1 16 
1 24 
1 213 
0 
0 
0 
0 
1 327 
1 163 
1 62 
0 
0 
1 7 
0 
1 232 
0 
0 
1 150 
0 
1 52 
0 
1 223 
0 
1 277 
2 11 203 
1 156 
0 
1 211 
0 
1 140 
0 
0 
0 
0 
0 
0 
0 
3 23 196 261 
0 
0 
0 
0 
0 
0 
0 
0 
2 39 238 
0 
0 
0 
2 102 225 
0 
0 
0 
0 
0 
1 20 
2 117 242 
1 10 
2 93 297 
0 
1 290 
1 126 
0 
0 
0 
0 
1 132 
1 318 
0 
0 
1 317 
0 
2 181 194 
1 100 
0 
1 277 
0 
0 
0 
0 
0 
0 
1 105 
0 
0 
0 
0 
2 204 316 
2 110 223 
0 
0 
0 
1 320 
0 
0 
0 
1 72 
0 
0 
0 
3 158 197 274 
1 14 
2 27 185 
0 
0 
1 224 
1 60 
1 30 
1 26 
0 
0 
1 294 
1 68 
0 
1 144 
0 
0 
0 
0 
1 51 
0 
0 
0 
0 
1 33 
0 
1 220 
1 273 
0 
3 210 257 259 
1 220 
1 177 
1 316 
2 175 218 
1 183 
3 194 212 280 
0 
1 116 
1 292 
1 178 
0 
1 146 
0 
0 
0 
0 
0 
0 
0 
0 
2 116 179 
0 
1 80 
1 144 
1 236 
0 
0 
0 
1 307 
1 67 
1 131 
0 
0 
1 225 
1 22 
0 
1 173 
1 70 
1 179 
1 45 
0 
0 
0 
0 
1 177 
1 28 
2 170 174 
0 
0 
2 64 132 
2 149 287 
2 93 207 
0 
0 
0 
0 
0 
1 315 
1 57 
0 
0 
0 
1 198 
0 
1 89 
0 
0 
0 
1 100 
0 
0 
0 
0 
0 
0 
0 
0 
0 
0 
0 
0 
0 
1 270 
2 19 173 
0 
2 30 173 
0 
1 80 
0 
1 303 
0 
2 15 293 
0 
0 
0 
2 30 307 
1 256 
0 
0 
1 171 
1 144 
0 
1 285 
2 66 119 
0 
0 
1 179 
0 
0 
0 
0 
1 276 
0 
2 224 313 
0 
0 
1 104 
0 
1 182 
1 265 
1 155 
1 13 
0 
1 102 
0 
0 
0 
0 
0 
1 263 
1 316 
1 313 
0 
2 202 269 
1 4 
0 
0 
1 27 
0 
2 287 305 
0 
1 231 
3 131 176 304 
1 114 
1 111 
1 327 
1 136 
0 
0 
0 
0 
1 18 
0 
2 50 319 
0 
0 
