320 84
0 
0 
0 
1 84 
0 
0 
1 278 
1 12 
1 282 
0 
1 117 
1 295 
2 7 16 
0 
0 
0 
1 12 
0 
0 
0 
1 129 
1 119 
1 94 
1 192 
0 
1 229 
0 
1 280 
0 
0 
0 
0 
0 
3 54 154 248 
0 
0 
0 
0 
1 257 
1 81 
0 
0 
0 
0 
1 235 
0 
1 140 
1 94 
0 
0 
0 
0 
1 309 
0 
2 33 226 
0 
0 
0 
1 138 
0 
0 
1 147 
1 243 
1 121 
0 
1 99 
0 
0 
0 
0 
0 
1 73 
0 
2 71 243 
0 
1 107 
0 
0 
1 209 
1 131 
0 
2 39 259 
0 
0 
1 3 
0 
0 
0 
0 
0 
0 
1 199 
0 
0 
2 22 47 
0 
0 
0 
1 245 
1 65 
0 
1 163 
0 
1 285 
0 
0 
1 163 
3 75 226 282 
0 
0 
1 292 
0 
0 
0 
1 315 
0 
0 
1 10 
0 
1 21 
1 267 
1 63 
0 
0 
0 
0 
1 216 
0 
0 
1 20 
0 
1 79 
2 234 289 
1 173 
0 
0 
0 
0 
1 58 
1 261 
2 46 184 
0 
0 
0 
0 
1 273 
0 
3 61 177 208 
0 
0 
0 
1 280 
0 
1 210 
1 33 
2 294 308 
1 319 
1 220 
0 
0 
0 
0 
2 233 248 
2 101 106 
0 
0 
0 
0 
0 
0 
0 
0 
0 
1 133 
0 
0 
0 
1 147 
0 
0 
0 
0 
1 270 
0 
1 140 
1 217 
0 
0 
0 
0 
0 
2 206 299 
2 23 233 
0 
0 
1 299 
0 
1 274 
0 
1 91 
0 
0 
0 
0 
0 
1 309 
1 191 
0 
1 147 
3 78 247 291 
1 153 
0 
0 
0 
0 
2 230 253 
1 126 
1 185 
1 254 
0 
1 157 
1 223 
0 
2 221 307 
0 
0 
2 54 107 
0 
0 
1 25 
1 215 
1 319 
0 
3 162 192 302 
1 132 
1 44 
0 
0 
0 
0 
0 
0 
0 
2 62 73 
0 
1 98 
0 
2 209 282 
2 33 162 
0 
0 
0 
0 
1 215 
1 218 
0 
0 
1 38 
0 
1 81 
0 
1 139 
0 
0 
0 
0 
0 
1 120 
0 
1 319 
1 182 
0 
0 
1 145 
1 197 
0 
0 
0 
1 6 
0 
2 27 151 
0 
3 8 107 247 
0 
1 296 
1 103 
0 
0 
0 
1 132 
0 
2 209 295 
1 110 
0 
1 155 
2 11 291 
1 284 
0 
1 304 
2 191 195 
0 
0 
1 233 
0 
1 298 
0 
0 
1 223 
1 155 
2 52 205 
0 
1 314 
0 
0 
1 311 
1 114 
0 
0 
0 
3 156 231 269 
320 84
0 
0 
0 
0 
0 
1 274 
0 
1 240 
0 
0 
0 
1 80 
0 
1 110 
0 
0 
0 
1 72 
0 
0 
1 207 
1 32 
0 
0 
2 92 127 
1 97 
0 
1 186 
1 234 
1 271 
1 144 
0 
1 21 
0 
0 
0 
0 
1 168 
1 145 
1 41 
3 176 190 196 
2 39 150 
0 
1 159 
0 
3 141 299 303 
1 121 
0 
0 
0 
0 
0 
1 131 
0 
0 
0 
1 195 
0 
1 263 
0 
1 248 
3 149 192 306 
0 
0 
0 
0 
0 
0 
2 103 300 
1 192 
0 
0 
1 17 
1 236 
1 298 
0 
1 240 
0 
0 
0 
1 11 
0 
1 157 
1 126 
1 142 
0 
0 
0 
3 149 150 275 
1 157 
1 106 
0 
3 24 187 209 
0 
0 
0 
1 131 
1 25 
1 242 
0 
2 192 260 
1 255 
1 169 
1 68 
0 
0 
1 90 
0 
1 216 
0 
1 13 
1 208 
0 
1 170 
0 
0 
0 
0 
0 
0 
0 
2 46 234 
0 
0 
0 
0 
1 83 
2 24 262 
0 
0 
0 
2 52 96 
1 319 
0 
0 
0 
0 
0 
1 155 
1 185 
0 
1 45 
2 84 312 
0 
1 30 
1 38 
0 
1 293 
1 256 
2 61 88 
2 41 88 
0 
0 
0 
0 
1 138 
0 
2 82 89 
1 231 
1 43 
0 
0 
0 
0 
0 
0 
0 
1 179 
2 37 171 
1 102 
1 113 
1 168 
0 
0 
0 
0 
1 40 
0 
0 
1 167 
0 
1 294 
0 
0 
1 262 
1 139 
1 27 
2 92 265 
0 
0 
1 40 
0 
3 61 69 100 
0 
0 
1 56 
1 40 
0 
0 
1 231 
0 
0 
0 
0 
0 
0 
1 253 
2 20 250 
1 111 
1 92 
0 
0 
0 
0 
0 
0 
1 108 
0 
0 
0 
0 
1 319 
0 
0 
0 
0 
1 228 
0 
1 226 
0 
1 295 
2 158 199 
0 
0 
2 28 121 
0 
2 73 276 
0 
0 
0 
2 7 76 
0 
1 98 
0 
1 298 
0 
0 
0 
2 60 316 
0 
2 207 317 
1 272 
0 
1 206 
0 
1 101 
1 148 
0 
0 
0 
2 100 262 
0 
3 127 184 260 
1 58 
0 
1 187 
0 
0 
0 
0 
0 
1 29 
1 251 
0 
1 5 
1 88 
1 236 
0 
0 
0 
0 
0 
0 
0 
0 
0 
0 
0 
0 
0 
0 
0 
0 
1 147 
1 181 
1 230 
0 
0 
2 74 244 
1 45 
1 68 
0 
0 
1 45 
0 
0 
1 61 
0 
0 
0 
0 
0 
1 142 
0 
0 
0 
1 248 
1 250 
0 
2 132 221 
