120 39
0 
0 
1 92 
0 
1 56 
1 94 
1 30 
1 106 
0 
0 
0 
1 43 
0 
1 18 
0 
0 
0 
1 79 
1 13 
1 106 
1 23 
2 77 104 
0 
1 20 
0 
0 
1 89 
1 43 
0 
1 100 
1 6 
0 
0 
1 116 
0 
0 
0 
2 43 52 
0 
2 55 102 
0 
1 59 
1 107 
3 11 27 37 
0 
1 98 
1 118 
2 52 62 
0 
0 
1 101 
0 
2 37 47 
0 
0 
1 39 
1 4 
1 60 
0 
1 41 
1 57 
0 
1 47 
1 80 
0 
0 
0 
0 
0 
2 97 107 
0 
0 
0 
0 
0 
1 80 
0 
1 21 
2 94 112 
1 17 
3 63 75 114 
0 
0 
0 
0 
0 
0 
0 
0 
1 26 
0 
0 
2 2 110 
0 
2 5 78 
0 
0 
3 69 103 116 
1 45 
0 
1 29 
1 50 
1 39 
1 97 
1 21 
0 
2 7 19 
3 42 69 116 
0 
0 
1 92 
0 
1 78 
0 
1 80 
0 
3 33 97 107 
0 
1 46 
0 
120 39
3 1 15 81 
1 0 
0 
0 
0 
0 
1 11 
1 13 
0 
0 
0 
2 6 37 
0 
1 7 
0 
1 0 
1 63 
0 
0 
1 95 
1 71 
0 
1 33 
2 67 89 
0 
0 
0 
2 54 116 
0 
0 
0 
0 
0 
1 22 
0 
0 
0 
1 11 
1 117 
0 
0 
1 98 
0 
0 
0 
0 
1 51 
1 76 
0 
0 
0 
1 46 
0 
1 84 
1 27 
0 
0 
0 
0 
1 100 
1 85 
1 115 
1 97 
1 16 
2 83 94 
1 88 
0 
1 23 
1 91 
2 101 102 
0 
1 20 
2 84 118 
0 
0 
0 
2 47 101 
1 102 
0 
0 
0 
1 0 
1 89 
1 64 
3 53 72 91 
1 60 
1 102 
0 
1 65 
2 23 82 
0 
3 68 84 118 
0 
0 
1 64 
1 19 
1 98 
1 62 
2 41 96 
0 
1 59 
2 69 76 
3 69 77 86 
0 
0 
0 
0 
0 
0 
0 
0 
0 
0 
1 118 
0 
1 61 
1 27 
1 38 
3 72 91 113 
0 
