190 53
0 
0 
1 147 
1 162 
1 165 
0 
1 173 
1 179 
0 
0 
1 114 
2 164 180 
2 155 182 
0 
0 
1 117 
0 
0 
0 
0 
0 
0 
1 58 
0 
1 182 
1 127 
0 
1 51 
0 
1 144 
0 
0 
0 
0 
1 72 
1 170 
1 157 
1 104 
0 
0 
1 153 
1 183 
0 
0 
3 52 118 143 
0 
0 
1 149 
0 
0 
0 
1 27 
1 44 
0 
1 117 
0 
0 
1 189 
1 22 
0 
0 
0 
0 
0 
0 
0 
2 125 165 
1 122 
0 
0 
3 107 125 144 
0 
2 34 82 
0 
0 
0 
2 138 146 
0 
0 
0 
0 
1 180 
1 72 
0 
0 
0 
0 
0 
0 
0 
0 
0 
0 
0 
0 
0 
0 
0 
0 
1 176 
0 
0 
0 
0 
1 37 
1 169 
0 
1 70 
1 185 
1 149 
1 148 
0 
0 
1 127 
2 10 135 
0 
1 176 
2 15 54 
1 44 
0 
1 175 
0 
1 67 
0 
1 167 
3 66 70 165 
0 
2 25 113 
0 
0 
0 
0 
0 
0 
0 
1 114 
0 
0 
1 76 
0 
0 
0 
1 147 
1 44 
2 29 70 
0 
1 76 
2 2 142 
2 110 160 
2 47 109 
0 
0 
0 
1 40 
0 
1 12 
0 
1 36 
1 180 
0 
1 148 
0 
1 3 
0 
1 11 
3 4 66 125 
0 
1 124 
0 
2 105 189 
1 35 
0 
0 
1 6 
0 
1 120 
2 99 116 
0 
0 
1 7 
3 11 81 158 
0 
2 12 24 
1 41 
0 
1 108 
0 
0 
0 
2 57 169 
190 53
1 75 
1 91 
0 
0 
0 
1 99 
0 
0 
1 160 
1 82 
0 
0 
0 
1 153 
0 
0 
2 37 178 
1 20 
0 
2 85 96 
2 17 83 
0 
1 83 
1 70 
1 99 
1 97 
0 
2 109 149 
1 142 
0 
0 
0 
1 145 
0 
1 188 
1 50 
0 
2 16 148 
0 
0 
1 183 
0 
0 
2 92 140 
1 183 
2 54 69 
0 
1 91 
0 
0 
1 35 
0 
1 172 
0 
3 45 69 144 
0 
0 
1 131 
1 185 
1 146 
1 171 
0 
0 
0 
0 
0 
2 67 102 
1 66 
3 69 151 172 
3 45 54 68 
2 23 113 
0 
1 93 
0 
1 86 
1 0 
0 
0 
0 
0 
0 
0 
1 9 
2 20 22 
0 
1 19 
1 74 
1 97 
1 111 
0 
0 
2 1 47 
1 43 
1 72 
0 
0 
1 19 
3 25 87 161 
0 
3 5 24 101 
0 
2 99 159 
1 66 
2 127 152 
0 
0 
0 
0 
0 
1 27 
0 
1 88 
0 
1 70 
0 
0 
0 
0 
0 
0 
0 
0 
0 
1 160 
0 
0 
0 
1 103 
0 
0 
0 
1 57 
0 
0 
0 
0 
0 
0 
0 
0 
1 43 
0 
1 28 
0 
1 54 
1 32 
1 59 
0 
1 37 
1 27 
0 
1 68 
1 103 
1 13 
0 
0 
0 
0 
0 
1 101 
2 8 123 
1 97 
0 
0 
0 
0 
0 
0 
0 
0 
0 
1 60 
2 52 68 
0 
0 
0 
0 
0 
1 16 
0 
0 
0 
0 
2 40 44 
0 
1 58 
0 
0 
1 34 
0 
