450 135
0 
0 
1 140 
0 
2 385 431 
0 
1 125 
1 137 
0 
0 
0 
0 
0 
0 
2 118 406 
0 
1 205 
0 
0 
1 174 
0 
0 
1 395 
1 163 
0 
0 
1 419 
0 
0 
0 
0 
0 
1 119 
0 
0 
1 434 
0 
1 57 
0 
1 198 
0 
1 167 
2 113 247 
0 
0 
0 
0 
1 191 
0 
2 53 406 
0 
0 
1 202 
2 49 411 
0 
0 
0 
1 37 
0 
1 321 
0 
0 
0 
1 385 
0 
1 191 
1 363 
0 
1 395 
1 71 
1 332 
1 69 
0 
0 
0 
0 
1 89 
0 
0 
0 
0 
0 
2 204 274 
0 
0 
1 362 
1 101 
0 
1 347 
3 76 236 267 
0 
1 300 
0 
0 
2 96 159 
0 
2 94 275 
0 
0 
0 
0 
1 86 
0 
0 
1 439 
1 447 
0 
0 
3 193 286 347 
1 448 
1 329 
0 
0 
2 42 293 
1 342 
0 
2 297 320 
0 
2 14 230 
2 32 177 
0 
2 264 420 
0 
0 
0 
2 6 197 
0 
0 
0 
1 279 
0 
1 249 
2 148 325 
1 201 
0 
1 183 
1 158 
1 7 
1 256 
0 
2 2 237 
1 330 
1 220 
1 440 
0 
1 279 
1 438 
1 443 
1 132 
0 
0 
0 
0 
1 304 
1 279 
0 
0 
0 
1 136 
2 94 298 
1 331 
1 398 
0 
1 23 
0 
0 
0 
1 41 
0 
0 
1 288 
0 
1 446 
1 277 
1 19 
1 443 
0 
2 119 330 
0 
1 187 
0 
0 
0 
1 135 
0 
0 
0 
1 179 
0 
0 
0 
2 47 65 
1 224 
1 108 
0 
0 
1 368 
1 125 
2 39 277 
0 
0 
2 133 367 
1 52 
0 
2 82 252 
1 16 
1 366 
0 
0 
0 
0 
1 422 
1 294 
0 
0 
0 
0 
0 
0 
2 286 361 
1 142 
1 317 
1 439 
1 435 
1 192 
0 
1 418 
0 
0 
0 
1 118 
1 423 
2 381 397 
2 312 321 
1 384 
0 
1 89 
2 140 422 
0 
0 
0 
0 
1 414 
0 
0 
1 404 
0 
1 42 
0 
1 131 
0 
0 
1 204 
1 414 
1 370 
2 359 437 
1 138 
0 
1 408 
0 
0 
1 439 
0 
0 
1 121 
0 
0 
1 89 
0 
0 
0 
0 
0 
0 
1 82 
1 96 
0 
2 173 198 
0 
3 129 145 154 
0 
0 
0 
1 337 
0 
1 401 
3 108 219 311 
0 
1 170 
0 
0 
0 
1 390 
1 113 
1 212 
0 
2 308 370 
1 116 
2 159 325 
1 437 
1 91 
0 
0 
1 349 
1 153 
0 
0 
0 
1 296 
2 411 433 
0 
1 286 
1 233 
0 
0 
0 
0 
1 221 
0 
0 
1 116 
3 59 233 413 
0 
0 
0 
2 132 298 
0 
0 
0 
2 110 411 
2 141 177 
1 160 
1 70 
0 
0 
0 
1 347 
2 283 402 
0 
0 
0 
0 
1 114 
0 
0 
0 
0 
3 88 108 336 
1 435 
1 303 
0 
0 
0 
0 
0 
0 
0 
0 
0 
2 255 406 
0 
1 219 
1 85 
1 66 
0 
0 
1 206 
1 201 
2 196 428 
0 
2 254 296 
0 
0 
0 
0 
0 
0 
0 
0 
0 
0 
2 232 421 
0 
0 
1 234 
2 4 63 
0 
0 
0 
0 
1 292 
0 
0 
0 
1 434 
2 22 68 
0 
1 232 
1 161 
0 
0 
1 285 
1 337 
0 
1 245 
0 
3 14 49 359 
0 
1 258 
0 
0 
3 53 309 329 
0 
1 321 
2 242 253 
0 
0 
0 
1 226 
1 26 
2 121 434 
1 381 
2 211 237 
1 231 
0 
0 
0 
0 
1 368 
0 
0 
1 4 
0 
1 309 
3 35 394 420 
2 223 348 
0 
2 255 299 
1 146 
3 104 222 261 
1 143 
0 
0 
2 147 175 
0 
0 
1 172 
1 105 
1 109 
0 
450 135
0 
0 
1 193 
1 86 
0 
0 
1 74 
0 
0 
0 
2 200 385 
0 
0 
1 272 
1 363 
0 
1 133 
1 342 
2 26 102 
1 331 
0 
0 
1 153 
0 
0 
2 365 401 
2 18 447 
1 426 
0 
2 248 347 
0 
0 
1 52 
0 
2 288 356 
0 
0 
0 
0 
0 
2 365 385 
0 
0 
0 
0 
0 
0 
1 182 
0 
1 291 
0 
1 68 
1 32 
1 410 
1 101 
1 416 
0 
0 
0 
1 438 
0 
0 
0 
1 243 
1 449 
1 135 
0 
1 89 
1 51 
0 
0 
2 179 297 
0 
1 291 
1 6 
2 222 438 
0 
1 128 
0 
2 342 446 
0 
0 
1 308 
0 
1 331 
0 
1 3 
1 231 
0 
1 67 
0 
3 123 149 388 
1 244 
0 
0 
1 228 
0 
0 
0 
1 189 
2 310 395 
3 54 105 249 
1 18 
0 
0 
1 101 
0 
2 129 246 
0 
0 
0 
0 
1 185 
1 146 
0 
0 
0 
1 129 
0 
0 
0 
0 
0 
3 91 150 367 
0 
1 418 
0 
0 
2 77 389 
2 107 117 
2 363 414 
0 
1 151 
1 16 
0 
1 65 
1 150 
0 
1 388 
1 321 
0 
0 
1 347 
0 
0 
0 
1 113 
0 
0 
1 91 
2 123 136 
2 132 179 
0 
2 22 361 
1 334 
1 183 
1 338 
1 390 
0 
0 
0 
0 
1 170 
1 310 
0 
0 
0 
0 
0 
0 
2 162 389 
0 
1 433 
0 
0 
0 
0 
0 
0 
3 71 151 267 
0 
1 250 
1 47 
1 155 
0 
1 112 
2 289 295 
0 
0 
1 99 
0 
0 
0 
2 2 292 
2 230 274 
1 311 
0 
0 
0 
1 351 
1 10 
0 
0 
0 
0 
1 404 
0 
1 388 
0 
2 260 402 
0 
0 
0 
1 237 
0 
0 
0 
0 
0 
0 
0 
1 295 
1 75 
1 294 
0 
0 
2 268 274 
1 394 
1 95 
1 346 
1 194 
2 87 236 
0 
0 
0 
0 
3 231 298 444 
1 213 
1 406 
0 
0 
0 
0 
1 63 
1 92 
0 
1 107 
0 
3 29 370 445 
1 101 
1 181 
0 
0 
0 
0 
0 
0 
0 
1 276 
0 
1 209 
0 
0 
0 
0 
1 434 
1 366 
2 179 379 
1 226 
0 
1 303 
0 
1 13 
0 
2 194 226 
0 
1 258 
0 
0 
0 
0 
0 
0 
0 
0 
0 
0 
0 
1 34 
2 186 422 
1 449 
2 49 73 
1 193 
0 
2 223 305 
2 186 221 
0 
1 71 
1 236 
0 
0 
0 
0 
1 270 
0 
1 294 
1 338 
0 
1 82 
0 
2 100 163 
1 195 
0 
0 
0 
0 
0 
0 
0 
0 
0 
1 139 
1 340 
1 352 
0 
1 333 
0 
1 380 
0 
0 
0 
2 19 84 
0 
1 325 
1 154 
0 
0 
0 
2 156 306 
0 
1 322 
0 
2 17 79 
1 352 
0 
0 
1 229 
2 29 142 
0 
0 
0 
1 199 
2 323 343 
1 439 
0 
0 
2 34 422 
0 
0 
0 
0 
1 153 
0 
2 14 130 
0 
2 25 40 
1 266 
1 123 
0 
0 
1 248 
1 433 
0 
1 404 
0 
0 
1 403 
0 
1 400 
2 267 422 
1 327 
0 
0 
0 
0 
2 10 40 
0 
1 401 
3 91 138 207 
2 128 170 
1 157 
1 398 
0 
0 
1 227 
1 100 
0 
0 
1 391 
0 
1 378 
2 25 387 
1 209 
1 376 
3 205 373 409 
0 
2 238 412 
0 
0 
1 404 
1 53 
0 
1 406 
0 
1 130 
0 
1 55 
0 
1 125 
0 
0 
0 
3 289 356 379 
0 
0 
0 
1 27 
0 
1 448 
0 
0 
0 
0 
3 172 371 443 
1 265 
0 
0 
0 
2 59 75 
1 353 
0 
0 
0 
1 433 
1 236 
1 248 
1 79 
1 26 
1 428 
2 64 290 
