420 124
0 
0 
1 200 
0 
0 
2 91 137 
1 305 
1 347 
0 
0 
0 
0 
0 
0 
0 
1 134 
1 19 
1 283 
0 
1 16 
1 345 
0 
0 
0 
1 264 
1 64 
0 
0 
1 416 
0 
0 
0 
0 
0 
1 308 
0 
0 
0 
1 338 
1 406 
0 
0 
1 234 
0 
1 269 
2 248 382 
0 
1 124 
0 
0 
0 
1 123 
1 419 
1 406 
0 
0 
2 142 304 
0 
1 186 
0 
0 
0 
0 
0 
2 25 306 
0 
0 
0 
0 
1 160 
1 386 
0 
1 246 
0 
2 350 406 
0 
1 359 
0 
0 
0 
0 
0 
1 332 
0 
0 
0 
0 
0 
0 
2 333 403 
0 
1 5 
0 
2 276 378 
0 
0 
1 375 
2 302 333 
0 
0 
1 123 
0 
2 352 415 
0 
0 
2 278 293 
0 
0 
0 
0 
0 
0 
0 
0 
0 
1 160 
1 209 
0 
1 378 
2 171 232 
1 374 
1 296 
0 
2 51 100 
2 47 383 
0 
1 180 
0 
2 219 242 
0 
1 236 
1 225 
0 
1 396 
2 15 267 
0 
0 
1 5 
1 216 
0 
0 
0 
1 56 
1 194 
0 
1 252 
2 195 372 
1 292 
0 
2 362 408 
1 381 
0 
0 
1 301 
0 
1 372 
0 
1 248 
1 184 
0 
3 69 115 191 
1 381 
0 
1 330 
1 382 
0 
0 
0 
0 
0 
0 
2 119 277 
1 300 
1 317 
0 
0 
0 
0 
1 318 
1 400 
1 126 
1 278 
0 
0 
1 158 
0 
1 58 
0 
0 
0 
0 
2 160 390 
0 
0 
1 143 
3 146 201 308 
0 
0 
1 357 
0 
2 2 350 
1 195 
1 313 
0 
0 
0 
0 
0 
0 
1 116 
0 
0 
0 
0 
0 
0 
1 138 
0 
0 
2 128 233 
0 
0 
0 
0 
1 410 
1 131 
0 
1 243 
0 
0 
0 
1 322 
1 119 
1 219 
2 42 387 
0 
1 130 
0 
1 258 
0 
0 
0 
1 128 
1 227 
0 
2 275 384 
1 72 
0 
2 45 157 
0 
0 
0 
1 145 
0 
0 
2 322 397 
0 
0 
2 238 324 
0 
1 354 
1 418 
0 
0 
1 24 
0 
1 298 
1 134 
0 
1 44 
0 
0 
0 
1 360 
2 390 406 
3 245 393 402 
1 93 
2 171 395 
2 105 181 
0 
0 
0 
1 377 
1 17 
0 
0 
0 
0 
0 
0 
1 354 
0 
1 147 
1 105 
0 
1 329 
1 121 
0 
1 266 
0 
1 172 
1 153 
1 97 
0 
1 56 
1 6 
1 64 
0 
3 34 195 414 
0 
1 346 
0 
2 314 392 
1 202 
1 312 
0 
0 
2 173 419 
1 178 
0 
0 
0 
2 231 255 
0 
2 258 331 
0 
0 
0 
0 
1 295 
2 163 355 
1 324 
1 82 
2 89 97 
0 
0 
0 
0 
1 38 
0 
0 
0 
0 
0 
0 
1 20 
1 310 
1 7 
0 
0 
2 74 200 
0 
1 102 
0 
2 260 290 
1 330 
0 
1 198 
0 
1 76 
1 273 
0 
1 149 
0 
0 
0 
0 
0 
0 
0 
0 
0 
2 146 155 
0 
1 120 
1 96 
0 
1 282 
2 93 118 
0 
1 388 
2 150 161 
2 45 164 
1 124 
1 245 
1 415 
1 70 
1 234 
1 380 
0 
2 191 274 
1 418 
1 312 
1 275 
1 413 
1 277 
1 133 
1 255 
0 
0 
1 179 
0 
1 275 
1 89 
0 
0 
4 39 53 74 274 
0 
1 149 
0 
1 224 
0 
0 
1 394 
1 308 
2 102 385 
1 28 
0 
2 261 391 
2 52 317 
420 124
0 
0 
1 69 
0 
0 
0 
1 271 
1 239 
1 152 
0 
0 
0 
0 
1 49 
1 244 
2 76 133 
1 25 
0 
2 122 290 
0 
0 
1 382 
0 
0 
0 
1 16 
1 405 
0 
1 49 
1 47 
0 
0 
1 416 
0 
1 73 
1 67 
2 145 210 
0 
0 
1 275 
1 300 
0 
1 56 
1 384 
1 235 
0 
1 168 
1 29 
0 
2 13 28 
0 
0 
0 
1 269 
1 280 
0 
1 42 
2 274 356 
0 
0 
1 332 
1 266 
0 
1 293 
0 
0 
1 238 
1 35 
1 208 
3 2 156 210 
1 409 
0 
0 
1 34 
1 126 
0 
1 15 
0 
0 
0 
0 
1 102 
0 
0 
0 
0 
0 
0 
0 
0 
1 390 
2 118 224 
0 
0 
0 
1 393 
0 
0 
0 
1 298 
0 
1 118 
1 81 
1 232 
1 409 
0 
2 392 419 
0 
0 
0 
0 
1 154 
1 219 
0 
1 364 
1 279 
0 
1 152 
2 91 101 
0 
0 
0 
2 18 261 
0 
0 
0 
1 74 
2 251 388 
1 155 
0 
1 254 
0 
0 
2 15 286 
1 361 
1 200 
0 
0 
0 
0 
0 
0 
0 
0 
0 
2 36 186 
2 164 364 
0 
0 
0 
1 399 
0 
2 8 117 
0 
1 111 
2 128 235 
1 69 
0 
0 
1 412 
1 267 
0 
0 
1 224 
1 146 
0 
0 
0 
1 46 
0 
1 253 
1 192 
1 226 
0 
0 
0 
0 
0 
0 
0 
0 
1 299 
0 
0 
0 
1 269 
4 145 227 230 407 
0 
0 
1 391 
0 
1 340 
1 171 
2 242 250 
0 
0 
2 352 403 
0 
1 268 
0 
1 135 
1 408 
1 297 
0 
1 221 
0 
1 341 
1 389 
1 68 
0 
2 36 69 
0 
1 401 
0 
0 
0 
0 
0 
1 247 
2 112 378 
0 
1 204 
1 402 
0 
2 91 163 
1 374 
2 172 343 
2 186 327 
1 411 
0 
1 186 
0 
1 103 
0 
0 
3 44 155 258 
0 
0 
1 66 
1 7 
0 
0 
1 193 
0 
2 14 327 
0 
0 
1 218 
0 
2 251 283 
2 193 326 
2 127 249 
0 
1 170 
1 130 
0 
0 
1 267 
1 235 
0 
1 310 
2 122 333 
0 
0 
2 322 336 
0 
2 61 321 
2 160 257 
2 198 379 
2 53 185 
0 
1 6 
0 
0 
1 57 
1 39 
0 
1 348 
0 
2 115 384 
2 54 340 
0 
0 
1 249 
0 
0 
1 133 
0 
0 
0 
1 18 
0 
0 
2 63 389 
0 
0 
0 
1 202 
1 99 
1 181 
3 40 321 409 
1 331 
0 
0 
0 
0 
0 
0 
0 
0 
1 260 
0 
0 
0 
0 
0 
0 
0 
0 
0 
0 
2 266 300 
1 264 
0 
0 
1 360 
1 250 
2 227 244 
0 
0 
1 369 
1 301 
1 60 
1 261 
1 395 
0 
1 264 
0 
0 
0 
2 191 280 
1 206 
0 
1 226 
0 
0 
0 
0 
1 277 
0 
0 
1 399 
1 196 
0 
0 
0 
1 57 
0 
0 
0 
1 325 
1 134 
0 
0 
2 114 146 
0 
0 
0 
0 
1 330 
0 
0 
0 
0 
1 225 
0 
0 
0 
1 219 
1 268 
0 
0 
1 21 
0 
2 43 279 
0 
0 
0 
1 127 
2 207 293 
1 90 
1 189 
1 106 
2 95 397 
0 
1 334 
0 
1 393 
0 
2 150 351 
0 
1 212 
1 222 
1 196 
0 
1 26 
0 
1 186 
2 201 411 
3 70 104 300 
0 
2 228 408 
1 159 
0 
0 
0 
1 32 
0 
0 
1 106 
