360 152
1 33 
2 279 335 
1 155 
0 
0 
1 216 
0 
0 
2 61 304 
0 
2 297 356 
0 
1 324 
0 
0 
0 
1 161 
2 22 225 
0 
1 120 
1 100 
3 116 280 339 
3 17 210 353 
0 
0 
0 
1 338 
1 276 
0 
1 140 
0 
0 
0 
2 0 358 
2 197 217 
1 170 
1 286 
0 
0 
1 348 
2 72 344 
0 
1 51 
0 
0 
0 
1 156 
0 
0 
2 63 121 
0 
3 42 98 155 
0 
2 73 275 
1 335 
3 161 208 289 
0 
1 117 
0 
2 120 304 
2 108 164 
1 8 
0 
1 49 
0 
2 157 158 
0 
2 96 116 
0 
3 157 297 313 
0 
0 
1 40 
2 53 287 
0 
1 231 
0 
0 
1 356 
1 323 
3 119 142 344 
1 99 
1 278 
1 221 
0 
0 
0 
0 
0 
0 
1 335 
1 298 
0 
1 326 
0 
0 
2 67 232 
3 178 315 326 
1 51 
1 81 
1 20 
2 199 304 
3 127 274 344 
1 237 
0 
1 239 
2 272 330 
1 116 
3 60 270 342 
0 
0 
0 
0 
1 122 
0 
1 342 
3 21 67 107 
2 57 208 
1 297 
3 80 332 359 
2 19 59 
1 49 
1 113 
0 
1 279 
1 357 
2 265 337 
1 102 
0 
0 
0 
2 277 306 
3 192 204 224 
0 
1 190 
0 
1 347 
3 165 197 280 
1 178 
0 
2 29 150 
0 
1 80 
1 217 
1 220 
0 
0 
0 
0 
0 
1 140 
1 340 
0 
0 
1 164 
2 2 51 
2 46 315 
2 65 69 
2 65 172 
0 
0 
2 16 55 
0 
0 
2 60 154 
2 137 300 
1 258 
1 176 
1 301 
0 
2 35 173 
1 320 
1 158 
1 170 
1 317 
1 287 
1 167 
1 207 
2 97 138 
0 
0 
1 287 
0 
0 
1 309 
0 
1 208 
0 
2 220 283 
0 
1 134 
1 285 
1 132 
1 223 
0 
0 
0 
3 34 137 349 
0 
1 101 
0 
0 
1 246 
0 
1 132 
0 
0 
2 177 357 
4 55 117 186 218 
0 
1 22 
0 
0 
1 221 
0 
0 
1 5 
2 34 143 
2 208 311 
0 
2 144 188 
3 83 213 283 
1 339 
1 193 
1 132 
1 17 
0 
0 
0 
0 
0 
1 75 
1 96 
0 
0 
0 
0 
1 103 
0 
1 105 
1 326 
0 
0 
0 
0 
0 
1 202 
1 268 
1 336 
2 356 359 
0 
0 
0 
0 
0 
1 316 
0 
0 
1 166 
0 
0 
0 
0 
0 
1 282 
1 126 
0 
0 
2 247 313 
0 
1 108 
0 
1 106 
0 
1 102 
2 53 286 
1 27 
1 131 
1 82 
2 1 124 
2 21 137 
0 
3 264 318 325 
2 188 221 
0 
1 191 
2 36 275 
3 73 175 181 
0 
1 55 
0 
0 
1 330 
0 
0 
0 
1 302 
3 10 69 118 
1 91 
0 
1 165 
1 168 
1 296 
0 
3 8 59 101 
0 
1 131 
0 
1 332 
1 184 
0 
1 218 
0 
2 69 268 
0 
2 97 156 
1 255 
1 174 
1 282 
0 
1 171 
0 
0 
2 79 331 
1 12 
1 282 
3 93 97 240 
0 
0 
0 
2 106 292 
1 323 
2 119 308 
0 
0 
3 1 54 90 
1 248 
1 126 
1 26 
2 21 222 
1 151 
0 
2 108 115 
0 
3 40 80 102 
0 
0 
1 136 
1 39 
1 197 
1 352 
0 
1 350 
1 22 
0 
0 
3 10 78 249 
2 125 207 
1 33 
2 119 249 
360 152
3 97 346 352 
0 
0 
0 
0 
0 
0 
0 
1 336 
0 
0 
1 357 
1 213 
0 
1 320 
0 
1 272 
0 
2 38 80 
0 
1 169 
1 253 
0 
1 250 
0 
0 
1 143 
0 
0 
1 74 
1 60 
1 259 
0 
1 263 
0 
1 122 
0 
2 221 355 
2 18 317 
0 
1 264 
1 330 
0 
0 
1 341 
0 
0 
1 298 
1 201 
1 313 
1 271 
0 
0 
1 132 
3 57 128 249 
0 
2 151 293 
3 54 86 221 
0 
0 
1 30 
2 285 309 
0 
1 198 
1 106 
0 
3 128 187 307 
0 
0 
0 
3 103 214 279 
0 
2 108 277 
2 206 287 
1 29 
0 
1 144 
0 
0 
1 177 
2 18 223 
0 
0 
3 112 274 290 
0 
2 197 240 
1 57 
1 359 
2 145 287 
0 
2 205 285 
2 238 316 
2 247 261 
0 
0 
0 
0 
1 0 
1 251 
0 
0 
0 
0 
2 70 125 
0 
1 126 
3 64 231 242 
0 
1 72 
0 
1 268 
0 
1 83 
1 168 
0 
1 316 
0 
0 
0 
1 257 
0 
1 349 
3 35 220 278 
1 286 
0 
2 103 357 
3 105 138 254 
0 
2 54 66 
2 167 319 
1 294 
1 256 
1 53 
0 
0 
0 
0 
0 
1 126 
0 
0 
0 
0 
1 26 
2 76 331 
2 88 215 
0 
1 228 
0 
0 
1 175 
1 56 
0 
2 182 269 
0 
0 
0 
0 
2 184 262 
0 
1 314 
1 354 
0 
0 
0 
0 
0 
1 129 
1 113 
1 20 
1 328 
0 
0 
0 
2 258 262 
3 150 230 347 
0 
1 79 
2 235 339 
0 
0 
0 
1 153 
0 
2 158 274 
0 
2 201 223 
3 66 232 329 
1 248 
0 
0 
0 
1 339 
0 
0 
0 
1 197 
2 85 196 
1 63 
0 
0 
2 48 186 
1 310 
1 244 
0 
1 90 
1 73 
1 249 
0 
1 258 
0 
1 307 
2 268 340 
2 12 332 
1 70 
1 145 
2 246 260 
0 
0 
0 
3 122 293 328 
2 37 57 
1 266 
3 80 186 258 
0 
1 321 
1 354 
0 
1 147 
1 302 
2 175 264 
2 106 322 
1 187 
0 
0 
1 178 
0 
1 271 
1 91 
0 
1 85 
0 
1 106 
0 
1 203 
1 352 
1 216 
1 92 
1 188 
2 54 207 
1 23 
1 98 
0 
2 21 269 
1 126 
0 
1 131 
2 119 326 
3 174 209 223 
2 31 274 
2 216 322 
1 92 
3 158 174 270 
1 33 
2 40 230 
0 
1 222 
0 
3 110 212 269 
4 153 253 268 304 
1 262 
2 50 237 
1 16 
0 
3 83 184 259 
1 356 
0 
1 72 
1 122 
1 70 
0 
0 
0 
1 354 
0 
3 61 90 351 
2 123 290 
3 73 88 356 
0 
0 
3 83 286 341 
0 
0 
2 56 220 
1 130 
0 
0 
0 
1 47 
0 
0 
0 
1 229 
0 
1 269 
0 
1 358 
2 66 211 
0 
2 61 311 
1 202 
1 309 
0 
1 49 
1 160 
0 
3 91 115 338 
1 38 
0 
1 129 
1 14 
1 225 
2 231 260 
0 
0 
0 
1 257 
0 
2 170 220 
2 187 359 
1 41 
1 144 
1 213 
0 
0 
0 
1 8 
0 
1 316 
2 178 192 
1 212 
3 44 290 343 
0 
1 341 
0 
0 
1 0 
1 175 
0 
1 121 
0 
1 285 
2 0 245 
0 
3 161 226 283 
1 37 
2 275 287 
2 11 125 
1 306 
2 87 329 
