310 141
1 33 
0 
3 22 78 255 
0 
2 87 278 
0 
1 163 
0 
0 
1 161 
1 105 
0 
2 202 261 
0 
0 
1 39 
0 
0 
0 
2 88 291 
1 205 
0 
2 2 206 
1 239 
1 308 
2 188 247 
1 172 
1 33 
1 109 
0 
1 276 
1 238 
1 231 
2 0 27 
1 205 
0 
1 77 
0 
0 
1 15 
3 104 268 288 
1 297 
0 
2 197 203 
0 
0 
0 
2 174 217 
1 228 
0 
1 51 
1 50 
0 
1 264 
0 
1 134 
0 
0 
2 218 276 
0 
0 
2 123 180 
0 
1 218 
1 175 
1 296 
2 183 230 
1 69 
1 261 
1 67 
0 
2 148 235 
3 95 198 254 
0 
0 
0 
0 
1 36 
1 2 
2 96 97 
0 
2 163 183 
0 
0 
3 127 267 283 
1 240 
0 
1 4 
1 19 
2 249 297 
0 
0 
1 156 
0 
1 172 
1 72 
2 79 269 
2 79 304 
2 168 191 
2 183 216 
0 
1 255 
1 267 
0 
1 40 
2 10 183 
0 
0 
0 
1 28 
0 
0 
1 270 
1 305 
0 
0 
1 284 
0 
1 253 
0 
1 220 
1 240 
2 190 201 
1 61 
0 
0 
0 
3 84 192 297 
1 196 
2 163 233 
1 203 
0 
0 
1 183 
2 55 294 
2 178 216 
0 
1 276 
1 177 
0 
0 
0 
0 
1 198 
1 192 
0 
0 
0 
2 71 251 
0 
2 194 283 
0 
1 298 
1 244 
2 262 289 
0 
1 92 
0 
0 
0 
0 
1 9 
1 190 
3 6 81 129 
1 211 
2 208 280 
0 
0 
1 98 
0 
0 
0 
2 26 94 
3 200 254 283 
4 47 261 273 293 
1 64 
0 
1 138 
2 135 180 
0 
2 61 178 
1 264 
1 270 
8 66 81 99 105 133 184 216 299 
2 183 293 
0 
0 
0 
2 25 214 
0 
2 122 162 
1 98 
2 127 144 
0 
2 150 227 
0 
2 128 218 
1 43 
2 72 143 
0 
1 173 
1 122 
1 12 
2 43 130 
0 
2 20 34 
1 22 
0 
1 165 
0 
0 
2 164 240 
0 
0 
1 188 
1 300 
3 99 135 183 
1 47 
3 58 63 196 
0 
1 120 
0 
1 228 
0 
0 
1 233 
0 
1 194 
2 48 222 
0 
1 66 
1 32 
0 
3 129 225 298 
0 
1 71 
0 
0 
1 31 
1 23 
3 85 121 211 
0 
0 
0 
1 153 
2 270 289 
0 
2 25 296 
0 
2 89 285 
0 
1 148 
0 
1 118 
2 72 173 
3 2 101 262 
0 
0 
0 
1 307 
0 
3 12 68 174 
2 154 255 
1 276 
2 53 181 
0 
0 
3 84 102 278 
1 40 
1 96 
3 112 182 245 
0 
0 
1 174 
0 
0 
4 30 58 137 263 
0 
2 4 267 
0 
1 165 
0 
0 
4 84 150 173 297 
1 116 
1 249 
0 
0 
1 40 
2 154 245 
1 297 
1 19 
0 
2 174 184 
1 134 
0 
2 65 247 
5 41 89 127 283 290 
2 152 233 
1 183 
1 215 
0 
0 
0 
1 97 
1 113 
0 
1 259 
1 24 
0 
310 141
0 
3 111 181 225 
1 112 
1 213 
1 54 
1 250 
0 
1 29 
0 
2 230 284 
0 
0 
2 37 197 
2 91 210 
1 26 
1 44 
4 34 154 219 242 
0 
1 137 
1 151 
0 
2 202 220 
1 79 
0 
0 
0 
1 14 
2 263 298 
1 273 
1 7 
1 283 
0 
0 
0 
1 16 
2 49 278 
2 164 224 
1 12 
1 165 
2 241 265 
0 
0 
2 234 305 
0 
2 15 178 
0 
2 184 267 
0 
0 
3 35 98 99 
1 200 
0 
0 
0 
2 4 229 
1 142 
0 
2 67 223 
0 
2 123 286 
0 
0 
2 110 200 
2 263 277 
0 
2 125 249 
1 148 
4 57 86 141 147 
0 
0 
0 
1 166 
0 
0 
1 246 
1 186 
1 79 
0 
1 265 
5 22 76 109 178 207 
1 205 
0 
0 
1 88 
0 
0 
2 67 103 
1 125 
3 83 123 171 
0 
0 
1 13 
1 99 
0 
1 134 
1 212 
0 
1 214 
1 49 
3 49 92 182 
1 268 
0 
1 132 
1 86 
0 
0 
0 
0 
0 
4 79 111 298 305 
1 62 
3 1 109 207 
3 2 191 257 
2 170 296 
0 
1 121 
1 149 
0 
0 
0 
0 
2 115 274 
0 
2 59 88 
0 
2 65 87 
0 
0 
1 176 
0 
0 
3 203 217 270 
1 102 
0 
8 94 192 193 218 221 223 240 267 
0 
0 
1 18 
0 
0 
0 
1 67 
1 55 
1 244 
0 
0 
0 
3 67 180 269 
2 66 273 
1 116 
1 268 
2 19 306 
0 
0 
1 16 
0 
0 
0 
0 
0 
0 
0 
0 
1 263 
2 36 211 
1 38 
1 71 
0 
0 
1 226 
1 113 
1 88 
1 187 
0 
0 
1 280 
1 128 
0 
2 44 79 
1 260 
1 147 
1 1 
2 99 286 
0 
2 46 210 
0 
2 75 225 
3 172 217 221 
1 281 
0 
1 241 
1 112 
2 134 267 
2 134 289 
0 
0 
1 215 
2 12 279 
0 
0 
3 50 62 255 
0 
1 21 
1 131 
0 
1 80 
0 
3 79 111 260 
0 
0 
2 13 184 
2 164 250 
2 95 253 
1 3 
1 97 
1 196 
1 284 
2 131 187 
1 134 
2 16 273 
1 21 
2 134 187 
0 
2 57 134 
1 36 
2 1 186 
1 169 
0 
0 
1 54 
1 9 
1 301 
0 
0 
1 42 
0 
0 
1 282 
0 
0 
2 134 264 
2 39 190 
1 16 
2 275 302 
2 143 288 
0 
1 74 
0 
0 
1 65 
2 5 211 
0 
0 
1 212 
0 
1 200 
0 
1 112 
0 
0 
2 179 207 
0 
0 
3 27 63 163 
1 240 
2 39 78 
0 
3 46 134 192 
2 100 150 
2 147 304 
2 131 287 
0 
0 
3 28 148 219 
1 121 
1 243 
0 
1 63 
1 35 
1 197 
1 175 
1 188 
1 237 
1 30 
2 9 216 
0 
2 59 182 
1 270 
1 244 
1 193 
0 
0 
0 
0 
0 
0 
1 113 
1 298 
3 27 109 297 
0 
0 
1 231 
1 243 
0 
1 269 
2 42 109 
1 151 
0 
0 
0 
