400 164
1 33 
2 239 295 
1 75 
0 
0 
1 16 
0 
2 132 375 
0 
2 286 345 
0 
1 231 
0 
0 
1 288 
1 107 
1 5 
1 121 
0 
1 33 
2 85 228 
0 
0 
0 
1 315 
0 
1 93 
0 
0 
0 
2 139 303 
1 232 
1 304 
2 0 19 
0 
1 277 
1 186 
1 166 
0 
0 
0 
0 
0 
1 218 
0 
2 161 218 
0 
1 246 
2 260 390 
1 87 
1 252 
0 
2 161 345 
2 102 158 
0 
0 
0 
1 257 
0 
2 100 120 
0 
3 65 205 221 
0 
0 
1 337 
1 61 
0 
0 
0 
1 161 
3 154 177 379 
1 84 
1 213 
1 106 
0 
1 2 
0 
0 
0 
1 189 
1 101 
1 344 
0 
0 
3 71 94 302 
2 20 125 
0 
1 49 
3 111 216 296 
3 133 203 352 
0 
1 246 
3 225 283 321 
1 26 
3 84 115 187 
0 
0 
1 298 
0 
0 
2 59 107 
2 80 160 
2 53 193 
2 172 199 
0 
0 
1 73 
3 15 100 130 
3 151 292 364 
0 
0 
1 88 
2 300 329 
2 156 188 
1 320 
1 94 
1 397 
3 147 230 349 
0 
1 199 
1 59 
2 17 360 
1 301 
0 
0 
1 85 
0 
0 
1 257 
0 
2 107 160 
0 
2 7 183 
2 89 177 
0 
0 
0 
0 
0 
3 30 260 370 
0 
1 169 
1 163 
1 242 
0 
1 288 
1 189 
2 117 222 
0 
0 
1 270 
1 108 
1 325 
1 325 
1 70 
2 191 254 
1 113 
1 278 
1 53 
0 
2 101 130 
4 45 52 69 371 
0 
1 142 
1 355 
0 
1 37 
0 
1 306 
1 141 
0 
1 374 
1 103 
0 
0 
1 277 
0 
2 70 133 
1 193 
0 
0 
0 
0 
1 132 
0 
0 
1 36 
1 94 
2 113 320 
2 79 146 
0 
1 155 
1 233 
5 102 178 206 336 339 
0 
0 
1 323 
0 
0 
2 103 119 
1 378 
0 
0 
1 89 
0 
2 61 381 
1 193 
0 
0 
1 214 
0 
0 
1 370 
1 72 
1 209 
0 
1 88 
1 388 
2 43 45 
0 
0 
2 61 314 
1 147 
0 
0 
2 92 227 
1 297 
2 225 380 
1 20 
1 251 
1 117 
2 11 357 
1 31 
2 192 234 
2 233 385 
0 
0 
1 347 
0 
1 1 
1 354 
0 
1 143 
1 257 
0 
0 
3 47 91 277 
0 
2 274 372 
0 
0 
1 229 
1 50 
1 323 
1 155 
0 
0 
4 57 128 243 300 
0 
0 
2 48 139 
3 262 322 334 
1 261 
0 
0 
0 
0 
0 
0 
0 
3 150 276 355 
0 
0 
0 
1 248 
0 
1 270 
3 35 175 246 
2 157 294 
1 327 
0 
0 
0 
1 92 
0 
0 
1 9 
1 309 
3 14 145 385 
0 
0 
0 
1 108 
0 
1 278 
1 1 
2 88 362 
2 226 339 
1 97 
0 
2 112 257 
1 122 
1 84 
1 30 
1 32 
0 
1 168 
1 328 
0 
1 287 
0 
1 320 
0 
0 
1 221 
1 24 
0 
0 
1 392 
0 
3 114 188 311 
2 92 330 
1 261 
2 196 253 
0 
3 152 153 369 
0 
1 279 
1 307 
1 112 
2 321 380 
0 
1 372 
0 
1 261 
0 
1 193 
1 64 
0 
2 193 297 
1 358 
0 
0 
0 
1 81 
2 9 52 
0 
1 237 
0 
1 117 
0 
0 
1 89 
0 
1 240 
2 164 270 
0 
1 231 
1 340 
0 
1 121 
0 
1 296 
0 
1 108 
0 
0 
0 
0 
2 325 392 
2 139 212 
2 161 384 
2 248 332 
0 
1 171 
1 7 
0 
0 
1 200 
1 70 
2 227 330 
1 205 
0 
0 
1 371 
2 234 288 
0 
0 
1 217 
0 
1 48 
0 
2 318 369 
0 
1 399 
0 
0 
1 116 
0 
1 394 
400 164
2 125 256 
0 
2 20 92 
0 
1 189 
0 
0 
0 
0 
2 12 148 
1 276 
1 60 
2 9 252 
1 30 
0 
1 294 
1 152 
1 356 
1 138 
0 
2 2 388 
1 64 
1 180 
2 86 262 
0 
0 
0 
1 201 
0 
2 55 79 
1 13 
0 
2 52 129 
0 
0 
0 
1 314 
0 
3 54 73 80 
1 209 
0 
0 
2 126 201 
1 328 
0 
2 65 325 
0 
2 128 318 
1 376 
0 
0 
0 
4 32 140 182 233 
1 216 
1 38 
1 29 
1 248 
1 229 
0 
1 188 
1 11 
0 
2 81 87 
0 
1 21 
1 45 
0 
1 368 
1 387 
0 
1 295 
1 142 
0 
3 38 107 391 
0 
2 108 221 
0 
1 321 
1 253 
1 29 
1 38 
1 62 
1 332 
0 
2 351 378 
1 137 
1 23 
3 62 123 308 
0 
0 
0 
1 318 
1 2 
0 
0 
1 346 
1 186 
1 315 
0 
0 
1 262 
1 206 
1 367 
2 281 358 
0 
1 263 
0 
1 73 
2 75 247 
1 131 
3 174 177 251 
0 
0 
1 350 
0 
0 
1 176 
1 152 
1 193 
0 
1 309 
0 
0 
1 87 
0 
2 0 358 
1 42 
3 171 212 229 
2 47 356 
2 32 240 
0 
1 109 
0 
1 388 
1 164 
0 
0 
2 85 305 
1 18 
0 
1 52 
2 244 348 
2 71 232 
0 
2 265 317 
0 
0 
0 
3 9 322 386 
0 
0 
0 
2 16 117 
0 
0 
1 180 
2 254 357 
1 318 
0 
0 
2 177 197 
0 
1 244 
1 315 
1 134 
0 
0 
0 
0 
0 
0 
1 127 
0 
1 250 
1 110 
0 
1 116 
2 110 160 
1 231 
0 
3 22 155 272 
1 214 
1 52 
0 
0 
0 
3 96 361 377 
0 
3 59 350 372 
1 4 
1 232 
0 
1 278 
1 118 
0 
0 
0 
3 160 241 374 
1 220 
0 
0 
2 27 42 
0 
0 
0 
0 
2 101 253 
0 
0 
2 39 377 
1 346 
2 385 388 
1 127 
0 
1 181 
0 
1 53 
0 
1 231 
2 306 332 
1 198 
2 75 388 
0 
1 337 
0 
0 
0 
1 254 
1 323 
2 57 127 
1 344 
3 178 218 365 
2 142 190 
1 52 
1 376 
0 
1 306 
0 
0 
0 
1 129 
1 197 
0 
0 
3 141 162 351 
0 
1 339 
1 108 
2 56 262 
1 285 
1 173 
1 110 
1 12 
2 78 206 
2 156 227 
1 304 
2 0 281 
0 
2 343 387 
1 270 
0 
1 281 
3 23 100 248 
1 105 
1 360 
1 144 
0 
0 
1 345 
0 
1 259 
0 
1 180 
0 
0 
0 
2 10 380 
0 
1 192 
0 
0 
3 103 256 261 
1 338 
0 
1 390 
1 249 
0 
0 
0 
0 
1 352 
0 
0 
0 
1 15 
1 70 
0 
1 350 
0 
0 
0 
0 
0 
0 
1 255 
1 137 
5 219 236 317 383 384 
1 346 
1 87 
1 120 
1 365 
0 
0 
1 330 
1 36 
2 97 163 
0 
2 144 306 
3 47 91 157 
0 
0 
1 77 
1 148 
2 228 359 
0 
1 45 
0 
0 
1 43 
0 
1 313 
0 
2 82 219 
0 
0 
0 
0 
1 223 
2 282 343 
1 246 
0 
0 
0 
3 258 338 390 
1 230 
1 268 
3 95 210 307 
0 
2 141 367 
1 398 
3 113 188 297 
2 84 244 
1 290 
0 
0 
0 
2 17 128 
1 156 
2 103 125 
1 323 
1 264 
1 186 
0 
0 
0 
2 231 310 
0 
2 102 348 
1 67 
0 
0 
0 
1 188 
0 
1 197 
0 
2 48 234 
2 186 209 
1 84 
0 
1 276 
0 
0 
1 306 
1 306 
1 211 
1 148 
2 68 258 
4 20 133 211 221 
0 
2 284 343 
1 73 
0 
0 
0 
0 
0 
0 
1 349 
0 
