60 24
1 33 
1 28 
1 35 
0 
0 
0 
1 48 
0 
0 
0 
0 
1 54 
0 
1 17 
4 16 21 38 54 
0 
1 14 
2 13 20 
0 
1 22 
1 17 
1 14 
3 19 42 43 
2 38 46 
0 
0 
0 
0 
1 1 
1 37 
0 
1 41 
0 
2 0 43 
0 
1 2 
1 46 
2 29 51 
2 14 23 
1 47 
0 
1 31 
2 22 44 
2 22 33 
1 42 
0 
2 23 36 
1 39 
1 6 
1 50 
1 49 
1 37 
0 
0 
2 11 14 
0 
0 
0 
0 
0 
60 24
0 
0 
1 45 
1 19 
0 
3 18 41 59 
0 
2 35 56 
0 
1 12 
0 
0 
2 9 32 
0 
1 34 
0 
1 33 
0 
2 5 49 
2 3 53 
0 
0 
1 50 
0 
0 
1 51 
0 
0 
1 54 
0 
2 31 59 
1 30 
1 12 
1 16 
1 14 
1 7 
1 43 
0 
0 
0 
0 
1 5 
0 
4 36 44 51 55 
2 43 53 
1 2 
0 
0 
1 58 
1 18 
1 22 
2 25 43 
0 
2 19 44 
1 28 
1 43 
1 7 
0 
1 48 
2 5 30 
