240 103
1 33 
0 
2 162 218 
1 159 
0 
1 133 
2 16 91 
0 
1 120 
0 
0 
0 
1 107 
1 124 
0 
0 
3 6 144 203 
0 
0 
1 203 
0 
1 214 
0 
0 
1 61 
1 119 
1 109 
2 100 119 
0 
0 
1 46 
1 157 
1 163 
2 0 98 
2 57 116 
1 120 
1 60 
1 215 
0 
0 
0 
1 143 
1 186 
1 67 
1 65 
1 221 
3 30 176 203 
0 
1 239 
0 
0 
0 
0 
2 64 202 
1 223 
2 203 223 
0 
2 34 135 
0 
2 207 213 
1 36 
1 24 
0 
0 
1 53 
3 44 179 222 
0 
2 43 149 
0 
1 150 
0 
0 
2 100 225 
0 
0 
1 135 
0 
1 189 
0 
2 146 161 
1 232 
0 
1 234 
1 136 
0 
0 
0 
3 116 123 173 
0 
0 
0 
2 6 106 
1 161 
0 
1 235 
1 221 
2 125 206 
0 
1 33 
1 216 
2 27 72 
0 
0 
0 
2 135 222 
1 185 
3 91 155 211 
2 12 163 
0 
1 26 
0 
0 
0 
0 
0 
0 
2 34 87 
0 
3 166 167 183 
2 25 27 
2 8 35 
0 
2 216 236 
1 87 
2 13 144 
2 96 217 
0 
1 185 
1 177 
2 207 223 
0 
1 187 
0 
1 5 
0 
3 57 75 104 
1 83 
0 
0 
0 
2 155 203 
0 
0 
1 41 
2 16 124 
1 236 
1 79 
0 
0 
1 67 
2 69 228 
0 
0 
0 
0 
2 106 140 
2 218 239 
1 31 
0 
1 3 
2 164 239 
3 79 92 184 
1 2 
3 32 107 233 
2 160 191 
0 
1 118 
1 118 
0 
0 
1 218 
0 
1 237 
2 87 236 
0 
0 
1 46 
1 128 
0 
1 65 
1 235 
0 
1 218 
1 118 
1 161 
2 105 127 
1 42 
1 131 
0 
1 77 
0 
1 164 
0 
0 
0 
0 
1 205 
0 
0 
0 
0 
0 
1 53 
5 16 19 46 55 140 
0 
1 196 
1 96 
2 59 129 
0 
0 
0 
1 106 
0 
1 59 
1 21 
1 37 
2 99 122 
1 125 
4 2 156 170 182 
0 
0 
2 45 95 
2 65 104 
4 54 55 129 229 
0 
1 72 
0 
0 
1 150 
1 223 
0 
0 
1 80 
1 163 
1 82 
2 94 180 
3 122 145 173 
1 172 
0 
3 48 156 160 
240 103
1 17 
0 
2 84 235 
1 20 
0 
1 25 
0 
1 50 
0 
0 
1 199 
0 
0 
1 168 
2 74 132 
0 
0 
1 0 
1 198 
1 160 
1 3 
0 
0 
1 210 
0 
2 5 129 
1 225 
0 
0 
1 92 
2 115 138 
0 
0 
1 117 
1 212 
0 
0 
0 
0 
0 
0 
0 
0 
0 
2 205 208 
0 
2 167 199 
0 
1 214 
0 
1 7 
0 
0 
0 
2 72 178 
2 62 155 
4 165 173 192 193 
1 79 
0 
1 210 
0 
0 
2 55 85 
1 142 
1 169 
1 140 
2 84 238 
0 
1 229 
0 
0 
1 185 
3 54 85 134 
0 
1 14 
0 
1 219 
0 
0 
2 57 94 
0 
2 155 172 
0 
1 152 
5 2 66 126 196 198 
2 62 72 
1 235 
0 
0 
0 
1 168 
1 177 
1 29 
0 
1 79 
0 
0 
1 230 
1 140 
0 
0 
1 229 
1 180 
2 207 235 
0 
2 217 230 
1 138 
2 142 186 
0 
1 198 
1 133 
1 171 
0 
1 170 
1 235 
2 30 135 
1 173 
1 33 
0 
1 212 
0 
1 187 
0 
2 210 213 
0 
0 
1 84 
0 
0 
2 25 196 
0 
0 
1 14 
1 110 
1 72 
2 115 183 
0 
0 
2 30 106 
1 201 
2 65 98 
0 
3 63 107 161 
0 
1 148 
1 158 
1 155 
0 
1 144 
0 
1 154 
0 
1 83 
0 
2 150 237 
3 55 81 146 
0 
1 158 
2 145 157 
1 226 
1 19 
1 142 
0 
1 202 
0 
1 56 
0 
2 46 228 
3 13 90 194 
1 64 
3 113 211 238 
1 111 
2 81 229 
2 56 116 
0 
0 
0 
1 91 
3 54 232 237 
0 
1 102 
0 
0 
1 135 
1 201 
1 71 
1 107 
1 121 
0 
0 
0 
0 
1 56 
2 56 199 
1 168 
0 
3 84 129 200 
0 
3 18 84 109 
3 10 46 193 
2 196 211 
2 139 184 
1 163 
0 
0 
1 44 
0 
2 103 214 
1 44 
0 
3 23 59 123 
2 170 200 
2 34 119 
1 123 
2 48 207 
0 
0 
1 105 
0 
1 76 
0 
0 
0 
0 
1 225 
2 26 224 
1 159 
0 
1 167 
3 68 101 172 
2 97 105 
0 
1 178 
0 
0 
4 2 86 103 114 
0 
2 154 178 
2 66 170 
0 
