450 182
0 
2 30 194 
0 
0 
0 
0 
0 
1 234 
2 303 385 
0 
0 
1 188 
0 
1 386 
2 73 342 
3 44 153 287 
2 45 334 
0 
0 
0 
0 
1 117 
1 27 
0 
0 
0 
0 
1 22 
0 
3 214 258 309 
1 1 
3 337 385 410 
0 
3 61 101 203 
0 
0 
1 40 
1 188 
1 173 
1 253 
2 36 151 
1 442 
0 
1 171 
1 15 
1 16 
0 
0 
0 
0 
2 197 413 
2 111 377 
1 395 
1 244 
1 293 
2 216 218 
0 
0 
1 321 
0 
1 143 
1 33 
0 
0 
0 
2 280 356 
0 
0 
0 
0 
2 197 393 
1 281 
0 
2 14 393 
1 299 
1 443 
0 
1 245 
1 91 
1 105 
0 
2 278 333 
1 293 
1 95 
1 401 
2 126 171 
0 
1 221 
0 
0 
0 
2 78 352 
1 410 
0 
1 442 
2 83 382 
1 138 
0 
1 166 
0 
0 
1 33 
3 280 345 368 
0 
0 
2 79 299 
5 166 228 279 319 414 
0 
1 413 
0 
0 
1 51 
0 
0 
0 
1 172 
2 218 222 
1 21 
1 389 
0 
0 
0 
0 
1 301 
1 325 
2 223 279 
2 85 430 
0 
2 291 388 
0 
1 153 
1 148 
1 155 
1 276 
1 257 
0 
1 207 
0 
2 96 389 
1 388 
0 
0 
0 
3 60 199 239 
0 
0 
1 307 
3 289 316 443 
2 131 217 
0 
0 
3 40 306 439 
0 
3 15 130 317 
0 
1 132 
1 200 
1 195 
0 
0 
2 191 365 
1 318 
0 
0 
0 
1 400 
2 98 106 
0 
1 203 
0 
0 
2 43 85 
3 115 224 234 
1 38 
0 
0 
0 
0 
0 
0 
2 302 431 
0 
1 293 
1 265 
0 
0 
1 340 
0 
3 11 37 210 
1 299 
1 439 
1 160 
1 248 
1 245 
2 1 409 
1 157 
0 
2 50 70 
0 
2 143 214 
2 156 296 
0 
0 
2 33 168 
1 328 
0 
1 397 
1 136 
0 
0 
1 188 
1 368 
0 
0 
2 29 199 
0 
1 55 
1 148 
2 55 116 
1 392 
0 
1 87 
2 116 320 
1 125 
1 172 
0 
0 
2 233 301 
1 106 
0 
0 
0 
0 
1 227 
3 7 172 283 
0 
1 357 
0 
0 
1 143 
0 
0 
1 331 
2 373 381 
2 53 341 
2 77 193 
0 
2 356 425 
1 192 
0 
0 
0 
0 
1 39 
2 309 428 
0 
0 
1 134 
1 29 
0 
0 
1 357 
0 
0 
0 
1 183 
0 
0 
2 339 407 
0 
1 449 
0 
0 
3 310 321 364 
1 296 
0 
2 133 320 
1 398 
1 81 
2 106 125 
2 65 102 
2 71 301 
0 
1 234 
0 
0 
0 
1 15 
0 
2 147 418 
0 
1 128 
0 
3 54 82 182 
0 
0 
2 200 274 
0 
1 442 
4 74 105 189 366 
0 
3 123 227 281 
1 180 
1 8 
0 
1 436 
1 151 
2 146 412 
0 
3 29 254 353 
1 273 
0 
2 384 449 
0 
0 
0 
1 147 
1 153 
1 161 
1 106 
4 222 276 324 418 
2 58 273 
0 
0 
2 320 380 
1 124 
0 
0 
1 204 
0 
1 351 
1 242 
0 
1 81 
1 16 
0 
0 
1 31 
0 
1 268 
1 186 
1 244 
1 14 
0 
0 
1 102 
1 356 
0 
0 
0 
0 
3 330 352 404 
2 91 351 
2 309 367 
0 
0 
3 65 247 346 
2 236 261 
0 
0 
1 368 
0 
0 
0 
1 273 
1 160 
1 299 
1 353 
3 102 211 360 
0 
0 
1 406 
2 389 410 
1 243 
0 
0 
0 
1 51 
0 
1 434 
1 324 
1 243 
1 95 
1 449 
1 312 
2 8 31 
1 13 
1 410 
2 128 139 
3 118 138 372 
0 
0 
1 219 
2 70 73 
0 
1 52 
0 
1 206 
1 277 
0 
1 165 
1 84 
0 
0 
1 351 
0 
1 371 
1 268 
0 
1 194 
4 31 92 372 387 
0 
1 307 
2 50 108 
2 106 425 
0 
0 
0 
2 289 320 
0 
0 
0 
0 
0 
0 
2 247 414 
0 
0 
1 254 
0 
1 126 
2 180 432 
1 431 
0 
1 379 
0 
1 305 
0 
0 
2 151 190 
0 
0 
3 41 94 298 
2 75 147 
0 
0 
0 
0 
0 
3 270 312 383 
450 182
3 294 341 349 
1 176 
0 
2 36 335 
0 
1 238 
2 35 59 
0 
0 
1 257 
1 23 
0 
0 
0 
0 
0 
3 28 50 383 
3 49 214 281 
1 379 
1 73 
1 157 
0 
0 
3 10 58 227 
0 
1 239 
1 219 
2 66 265 
3 16 221 425 
1 240 
0 
0 
0 
1 131 
0 
2 6 390 
1 3 
0 
0 
2 369 421 
0 
1 311 
1 210 
1 266 
1 240 
1 170 
0 
3 172 237 256 
0 
1 17 
1 16 
1 61 
0 
0 
1 406 
1 327 
0 
0 
1 23 
2 6 385 
0 
2 51 226 
0 
1 84 
1 295 
1 89 
1 27 
0 
0 
1 140 
0 
0 
1 234 
1 19 
2 146 274 
2 195 295 
0 
0 
0 
1 317 
0 
1 332 
2 148 243 
0 
3 63 128 315 
0 
0 
0 
1 267 
2 65 276 
0 
0 
0 
3 198 304 336 
0 
3 118 371 449 
1 322 
3 167 236 328 
3 122 135 267 
0 
0 
0 
1 391 
2 322 432 
2 240 291 
3 196 324 401 
0 
1 114 
1 320 
0 
4 174 229 257 330 
0 
0 
0 
1 107 
0 
1 203 
1 204 
1 95 
1 352 
3 186 225 399 
0 
2 98 174 
0 
0 
0 
0 
0 
1 84 
2 411 435 
1 408 
1 33 
0 
1 167 
0 
1 98 
1 148 
0 
0 
0 
1 69 
0 
3 161 273 337 
2 321 386 
0 
0 
2 74 224 
0 
2 82 136 
0 
0 
2 173 333 
0 
0 
1 309 
0 
1 185 
1 20 
0 
1 188 
1 335 
1 142 
0 
1 352 
0 
0 
0 
3 97 133 230 
1 258 
1 196 
2 45 410 
1 322 
2 47 225 
2 151 419 
2 110 122 
0 
2 1 307 
0 
2 181 217 
1 429 
0 
1 178 
0 
0 
0 
1 156 
3 120 261 397 
0 
2 159 216 
0 
0 
0 
0 
1 334 
0 
1 75 
2 105 169 
1 442 
4 93 235 371 381 
0 
0 
2 251 327 
0 
2 116 367 
1 117 
0 
0 
1 242 
0 
1 238 
1 42 
0 
0 
0 
1 17 
1 332 
2 188 362 
1 178 
0 
1 26 
1 423 
1 28 
0 
0 
1 146 
2 120 172 
2 61 331 
1 23 
1 268 
2 110 331 
1 167 
0 
0 
0 
2 72 430 
1 198 
1 97 
1 47 
2 5 209 
1 25 
3 29 44 104 
0 
2 207 251 
1 82 
0 
0 
0 
0 
0 
0 
0 
5 201 242 318 321 366 
0 
0 
0 
0 
1 47 
2 9 110 
1 168 
0 
0 
2 186 319 
1 397 
1 411 
0 
1 27 
1 43 
2 88 98 
2 228 341 
0 
0 
0 
0 
3 142 284 369 
2 74 390 
0 
1 89 
0 
0 
1 317 
0 
1 17 
0 
0 
1 273 
0 
0 
0 
1 449 
1 330 
0 
1 104 
0 
1 391 
1 0 
3 64 75 303 
0 
0 
1 401 
1 388 
0 
2 336 418 
0 
2 295 373 
1 93 
1 421 
1 312 
1 176 
0 
1 154 
0 
1 41 
2 306 403 
0 
0 
1 84 
0 
2 79 279 
1 251 
1 261 
1 108 
2 143 251 
3 96 103 171 
1 411 
1 105 
2 392 423 
1 448 
2 55 201 
1 97 
0 
2 110 289 
2 226 229 
4 81 215 434 448 
1 151 
1 193 
2 3 160 
2 93 301 
1 142 
0 
0 
0 
2 0 268 
1 395 
0 
0 
0 
0 
0 
0 
1 0 
0 
0 
2 119 163 
0 
0 
0 
0 
0 
0 
0 
0 
0 
1 216 
0 
1 419 
0 
1 251 
1 203 
0 
2 39 273 
1 433 
2 95 198 
0 
1 303 
0 
0 
0 
0 
0 
1 18 
0 
1 198 
0 
1 16 
0 
1 59 
2 143 421 
0 
1 299 
0 
2 35 274 
2 102 293 
1 325 
1 438 
0 
1 342 
0 
2 186 262 
0 
1 120 
0 
2 105 298 
0 
1 312 
0 
0 
1 54 
0 
1 130 
0 
1 170 
3 129 263 323 
1 424 
0 
0 
0 
0 
0 
1 301 
2 173 364 
0 
3 39 305 386 
0 
2 220 325 
1 412 
1 28 
0 
0 
0 
1 179 
1 234 
0 
1 103 
1 370 
1 332 
1 129 
0 
0 
1 393 
0 
0 
0 
1 197 
0 
0 
0 
0 
0 
2 326 332 
2 95 288 
