160 61
1 33 
0 
0 
0 
3 11 67 111 
1 90 
0 
1 34 
1 77 
2 43 118 
1 33 
2 4 33 
0 
1 20 
0 
0 
0 
0 
1 66 
1 66 
2 13 94 
2 32 147 
0 
0 
0 
0 
3 49 58 108 
0 
0 
0 
0 
3 98 121 141 
1 21 
3 0 10 11 
1 7 
1 67 
0 
1 120 
0 
1 76 
0 
1 111 
0 
2 9 81 
1 85 
2 55 74 
1 116 
0 
0 
1 26 
2 76 149 
1 95 
0 
1 74 
0 
2 45 78 
1 116 
0 
3 26 77 136 
0 
1 145 
0 
1 93 
0 
0 
0 
3 18 19 72 
2 4 35 
0 
0 
1 123 
0 
1 66 
0 
3 45 53 90 
0 
2 39 50 
4 8 58 81 158 
1 55 
0 
1 111 
2 43 77 
0 
0 
1 155 
1 44 
1 156 
1 111 
0 
0 
2 5 74 
0 
0 
2 62 119 
1 20 
1 51 
0 
0 
1 31 
0 
0 
0 
0 
0 
0 
0 
1 117 
0 
2 26 152 
0 
0 
4 4 41 80 87 
0 
1 118 
0 
0 
3 46 56 150 
2 106 128 
2 9 113 
1 93 
1 37 
1 31 
1 130 
1 70 
1 139 
0 
0 
0 
1 117 
0 
1 122 
0 
0 
0 
0 
0 
1 58 
0 
0 
1 124 
2 148 154 
1 31 
0 
0 
0 
1 60 
0 
1 21 
1 140 
1 50 
1 116 
0 
1 108 
0 
1 140 
1 84 
1 86 
0 
1 77 
0 
160 61
0 
0 
0 
0 
0 
1 77 
0 
1 38 
0 
2 14 78 
0 
2 99 106 
1 88 
1 154 
1 9 
2 56 112 
0 
0 
0 
1 50 
0 
0 
1 107 
1 64 
0 
1 137 
0 
0 
0 
0 
0 
1 72 
0 
1 107 
0 
2 51 115 
0 
0 
3 7 40 76 
1 97 
1 38 
0 
0 
2 48 62 
0 
0 
0 
0 
2 43 150 
1 88 
1 19 
3 35 106 123 
2 72 150 
1 101 
2 116 145 
0 
2 15 118 
0 
0 
1 85 
1 117 
2 105 134 
1 43 
0 
1 23 
0 
0 
0 
1 71 
1 98 
0 
3 68 79 136 
4 31 52 100 159 
1 126 
0 
1 88 
1 38 
1 5 
3 9 88 141 
1 71 
0 
0 
0 
0 
0 
1 59 
0 
1 129 
4 12 49 75 78 
0 
0 
0 
0 
2 126 147 
1 127 
0 
2 157 158 
2 39 121 
1 69 
1 11 
3 72 126 138 
1 53 
0 
0 
0 
1 61 
2 11 51 
3 22 33 141 
0 
0 
2 130 135 
0 
1 15 
0 
0 
1 35 
1 54 
1 60 
1 56 
0 
1 127 
1 97 
0 
1 51 
0 
0 
3 73 93 100 
3 94 120 133 
0 
1 87 
1 110 
0 
0 
1 127 
1 61 
1 110 
1 71 
1 25 
1 100 
0 
0 
2 78 107 
0 
0 
0 
1 54 
0 
1 93 
0 
0 
2 48 52 
0 
0 
0 
1 13 
0 
0 
1 96 
1 96 
1 72 
