390 163
1 33 
2 249 305 
1 95 
0 
0 
1 66 
0 
1 202 
1 64 
1 376 
1 56 
1 341 
0 
0 
0 
2 54 257 
0 
1 291 
0 
2 223 387 
1 285 
1 60 
0 
0 
0 
1 191 
1 353 
0 
0 
0 
0 
2 81 245 
1 185 
2 0 268 
0 
0 
2 231 274 
1 194 
1 185 
0 
0 
0 
0 
0 
1 303 
0 
2 268 325 
0 
2 173 375 
0 
4 61 191 238 319 
0 
1 77 
1 345 
4 15 194 297 353 
0 
1 10 
0 
0 
2 166 167 
3 21 361 381 
1 50 
1 348 
2 162 178 
1 8 
0 
2 5 330 
0 
0 
0 
0 
1 214 
3 144 219 242 
2 128 161 
1 302 
1 207 
0 
1 52 
0 
0 
0 
2 31 362 
1 286 
0 
1 236 
0 
1 327 
2 233 370 
0 
0 
0 
3 94 199 279 
3 129 199 348 
0 
2 91 268 
4 2 260 318 356 
0 
2 176 248 
0 
0 
0 
1 110 
0 
1 246 
1 312 
1 358 
2 350 377 
0 
0 
0 
2 101 360 
0 
3 117 258 330 
0 
0 
0 
2 322 351 
3 112 192 224 
1 370 
0 
0 
4 167 207 239 322 
1 174 
1 319 
0 
0 
1 245 
1 201 
1 73 
1 92 
0 
0 
0 
1 247 
0 
1 180 
0 
1 233 
1 242 
0 
0 
0 
0 
0 
2 72 264 
2 171 281 
1 354 
1 363 
0 
1 217 
0 
1 295 
1 212 
1 261 
0 
0 
1 357 
0 
0 
1 214 
1 231 
2 73 358 
2 63 194 
0 
1 252 
0 
1 59 
2 59 121 
0 
1 193 
0 
1 145 
1 231 
1 48 
1 122 
0 
2 97 254 
0 
1 63 
1 376 
1 135 
0 
0 
1 351 
0 
2 32 38 
1 321 
0 
0 
0 
0 
2 25 50 
1 117 
1 169 
3 37 54 162 
0 
0 
0 
1 245 
2 91 92 
0 
1 127 
2 7 238 
3 231 361 364 
0 
0 
0 
3 75 121 226 
0 
0 
0 
1 365 
1 152 
0 
2 71 159 
0 
0 
2 149 301 
0 
1 72 
0 
1 222 
1 221 
1 19 
1 117 
1 280 
1 207 
0 
0 
0 
0 
5 36 160 172 203 255 
0 
2 87 137 
0 
1 277 
1 84 
0 
2 50 202 
2 121 286 
1 380 
0 
3 72 138 340 
0 
1 261 
3 31 126 198 
1 103 
2 133 275 
2 97 344 
1 1 
1 381 
0 
2 164 258 
0 
2 176 286 
1 231 
0 
2 15 374 
2 112 252 
0 
2 95 358 
2 153 244 
0 
0 
2 144 334 
0 
1 387 
1 363 
3 33 46 94 
0 
0 
0 
0 
1 343 
1 36 
1 247 
0 
1 235 
1 329 
1 91 
1 225 
1 145 
0 
3 309 369 381 
0 
1 20 
3 82 239 254 
0 
0 
0 
0 
1 17 
0 
0 
0 
2 151 326 
1 312 
1 54 
0 
0 
0 
1 217 
1 74 
1 44 
0 
1 1 
1 372 
0 
1 362 
1 283 
0 
0 
2 104 296 
0 
0 
0 
0 
0 
1 95 
2 50 123 
1 374 
1 186 
2 116 121 
1 360 
0 
1 46 
1 295 
1 86 
0 
1 278 
2 66 112 
0 
0 
0 
1 264 
0 
0 
1 370 
0 
1 348 
1 242 
1 11 
0 
1 273 
1 248 
1 53 
0 
0 
3 62 92 339 
0 
1 106 
2 116 183 
0 
2 26 54 
1 146 
0 
1 95 
1 156 
3 105 161 260 
0 
2 110 323 
2 60 203 
2 81 308 
2 147 267 
2 203 377 
1 211 
0 
0 
0 
1 283 
3 87 118 337 
0 
1 306 
0 
2 257 320 
1 48 
2 9 179 
2 106 364 
0 
0 
1 240 
3 60 250 283 
0 
0 
0 
0 
0 
2 19 266 
0 
0 
390 163
0 
1 243 
0 
2 151 365 
0 
2 201 291 
0 
1 254 
3 213 216 360 
0 
0 
0 
1 164 
0 
3 126 141 178 
1 46 
0 
0 
1 214 
2 50 67 
2 79 165 
0 
1 41 
0 
0 
3 185 195 259 
0 
1 242 
1 96 
0 
1 168 
1 155 
2 133 283 
2 205 280 
0 
1 126 
0 
1 46 
1 252 
0 
0 
2 22 276 
1 94 
0 
0 
0 
4 15 37 54 234 
0 
2 129 261 
1 74 
2 19 374 
1 221 
1 295 
0 
2 46 236 
1 223 
1 376 
1 93 
1 96 
2 358 389 
0 
1 289 
0 
0 
1 81 
0 
2 163 171 
2 19 173 
0 
0 
0 
2 142 237 
0 
1 298 
3 49 266 347 
0 
0 
0 
0 
3 20 209 317 
1 320 
1 64 
0 
0 
0 
0 
1 269 
2 266 281 
0 
1 149 
2 171 220 
0 
1 233 
1 57 
2 42 152 
1 333 
2 28 58 
1 282 
0 
1 290 
0 
0 
0 
0 
1 227 
0 
0 
2 300 332 
1 148 
1 239 
0 
0 
0 
1 280 
0 
0 
1 286 
0 
0 
0 
1 167 
0 
1 251 
0 
1 249 
1 299 
3 14 35 197 
1 132 
1 363 
2 48 242 
0 
1 339 
1 127 
1 32 
0 
0 
0 
1 199 
0 
0 
0 
1 14 
1 71 
0 
0 
2 221 278 
0 
0 
1 108 
1 89 
0 
2 3 236 
1 94 
0 
0 
2 31 227 
0 
1 312 
0 
0 
0 
0 
0 
3 66 192 255 
2 12 348 
1 20 
0 
5 120 245 301 332 376 
1 30 
1 184 
0 
2 66 90 
0 
1 67 
1 257 
0 
0 
0 
3 14 212 240 
2 278 287 
2 195 282 
1 281 
1 236 
1 379 
3 169 196 278 
1 25 
0 
0 
0 
0 
0 
0 
2 163 216 
1 195 
0 
3 25 180 193 
1 184 
1 126 
2 241 244 
1 137 
0 
1 5 
2 257 362 
0 
1 296 
1 33 
0 
1 253 
1 277 
2 79 211 
0 
1 209 
1 178 
1 8 
1 18 
1 235 
4 8 192 362 377 
2 284 342 
0 
1 220 
2 90 219 
2 51 145 
0 
1 55 
1 267 
0 
1 267 
4 104 155 252 319 
0 
0 
1 269 
0 
0 
2 92 279 
1 46 
1 215 
3 54 151 182 
1 71 
1 309 
1 109 
2 178 332 
1 198 
3 27 129 373 
1 1 
2 198 252 
1 167 
0 
0 
1 383 
1 124 
0 
1 122 
3 38 227 244 
2 207 379 
2 7 293 
1 163 
0 
2 174 202 
0 
1 25 
0 
1 48 
0 
0 
0 
0 
3 74 87 310 
2 224 226 
0 
2 86 230 
1 374 
0 
1 370 
0 
0 
0 
1 41 
1 208 
3 145 179 184 
1 233 
2 33 113 
3 87 181 317 
2 97 180 
1 32 
1 217 
0 
1 116 
2 179 334 
0 
2 61 340 
1 99 
1 5 
0 
1 254 
0 
1 52 
1 204 
2 319 363 
2 73 377 
1 125 
2 107 330 
1 167 
0 
0 
1 358 
0 
0 
1 331 
0 
1 238 
1 266 
0 
1 157 
0 
0 
2 322 379 
0 
2 79 281 
0 
2 227 297 
1 80 
0 
1 315 
0 
0 
0 
0 
0 
0 
0 
2 300 353 
1 307 
3 107 167 240 
1 95 
1 287 
0 
0 
0 
0 
1 131 
1 289 
1 374 
1 217 
0 
0 
0 
0 
1 74 
2 164 379 
0 
0 
0 
0 
1 330 
0 
0 
0 
0 
2 59 304 
0 
1 8 
0 
2 202 216 
2 128 297 
0 
1 3 
0 
0 
0 
0 
1 272 
0 
0 
1 242 
3 50 270 341 
0 
2 56 167 
2 216 298 
0 
4 183 253 315 348 
0 
0 
0 
1 248 
0 
0 
0 
0 
0 
1 59 
