500 209
1 478 
1 144 
0 
0 
0 
0 
1 376 
1 476 
0 
0 
1 126 
0 
2 222 344 
3 127 263 372 
2 21 212 
1 17 
0 
1 15 
0 
2 24 361 
0 
1 14 
0 
0 
1 19 
0 
3 177 221 272 
0 
3 194 242 267 
3 281 321 423 
0 
0 
1 98 
1 192 
1 123 
2 149 456 
0 
1 230 
0 
0 
0 
0 
0 
0 
1 406 
2 168 264 
2 77 492 
1 285 
1 278 
2 145 147 
0 
0 
0 
1 237 
0 
0 
0 
0 
2 89 165 
0 
0 
0 
2 157 353 
1 183 
0 
2 179 460 
0 
1 113 
2 229 446 
1 400 
0 
1 453 
2 81 408 
1 150 
2 396 485 
1 106 
1 458 
1 46 
0 
0 
1 345 
2 72 342 
0 
1 252 
1 131 
0 
1 144 
0 
0 
3 58 419 484 
1 98 
0 
2 249 459 
3 166 206 301 
0 
0 
0 
0 
2 32 90 
0 
1 287 
2 268 272 
0 
0 
0 
0 
1 75 
1 287 
1 467 
1 133 
1 218 
2 334 431 
0 
2 67 375 
1 314 
1 367 
1 280 
1 475 
0 
0 
2 140 449 
0 
0 
3 34 359 399 
0 
0 
2 10 257 
5 13 169 196 323 398 
0 
0 
2 274 407 
1 84 
1 143 
1 109 
2 177 464 
0 
0 
1 415 
1 295 
0 
1 120 
1 442 
0 
2 132 378 
2 1 86 
1 49 
2 451 461 
1 49 
0 
1 35 
1 73 
0 
0 
2 266 395 
0 
1 341 
0 
1 62 
1 182 
0 
1 245 
1 306 
1 293 
1 210 
1 294 
1 58 
1 93 
1 360 
2 45 360 
1 127 
0 
1 391 
0 
1 294 
0 
0 
1 493 
2 26 134 
0 
1 65 
0 
0 
2 158 468 
1 63 
1 449 
0 
0 
0 
2 232 300 
0 
0 
0 
1 33 
1 268 
2 28 464 
0 
1 127 
0 
1 485 
2 433 441 
1 307 
0 
2 336 405 
0 
0 
0 
2 93 497 
1 324 
0 
0 
1 163 
1 432 
1 14 
0 
0 
0 
2 277 345 
1 464 
1 110 
4 295 306 349 456 
0 
2 26 270 
2 12 243 
0 
0 
0 
0 
0 
0 
2 68 338 
1 37 
0 
1 188 
0 
1 422 
0 
0 
1 53 
1 395 
1 396 
1 359 
0 
3 28 289 354 
1 222 
0 
1 160 
2 271 365 
0 
1 330 
1 92 
0 
1 283 
1 83 
0 
0 
0 
0 
1 126 
1 348 
0 
1 365 
1 335 
0 
1 13 
2 45 272 
0 
1 153 
1 28 
5 101 193 293 353 374 
0 
2 221 450 
1 246 
5 26 101 264 280 495 
0 
1 130 
0 
0 
1 216 
2 48 465 
0 
3 116 272 475 
1 29 
0 
1 251 
0 
2 47 378 
0 
2 100 107 
0 
1 242 
1 390 
0 
0 
2 162 268 
3 164 173 474 
2 138 219 
1 418 
0 
1 353 
1 466 
1 188 
1 93 
0 
1 334 
2 357 450 
0 
2 161 219 
1 200 
0 
0 
0 
1 445 
1 345 
0 
1 114 
1 404 
0 
0 
0 
0 
0 
2 29 364 
1 439 
2 127 370 
1 207 
0 
0 
0 
0 
1 464 
1 248 
2 407 489 
0 
0 
2 111 303 
1 261 
1 202 
0 
2 229 498 
1 454 
0 
1 155 
2 81 414 
0 
1 12 
3 80 216 312 
0 
0 
2 258 360 
1 219 
1 453 
0 
1 396 
3 62 268 298 
2 242 470 
1 499 
0 
1 304 
0 
3 123 240 375 
3 167 168 348 
1 19 
0 
0 
1 321 
3 246 260 372 
0 
1 115 
0 
0 
2 323 495 
0 
3 13 365 431 
0 
1 268 
2 113 359 
2 6 403 
0 
2 143 285 
0 
0 
0 
1 389 
0 
0 
0 
0 
0 
0 
1 382 
1 290 
1 171 
0 
0 
0 
2 153 238 
3 74 239 352 
2 414 488 
1 127 
1 123 
1 69 
0 
0 
1 376 
1 315 
2 202 422 
1 44 
2 130 331 
1 72 
1 483 
0 
1 450 
0 
1 495 
2 342 397 
1 137 
0 
0 
1 296 
2 89 484 
0 
0 
2 234 405 
1 29 
0 
0 
0 
0 
0 
0 
0 
2 111 372 
1 211 
1 199 
0 
0 
0 
0 
0 
1 322 
0 
2 199 482 
1 141 
0 
0 
1 311 
1 68 
1 465 
0 
2 120 184 
3 270 304 411 
1 146 
0 
2 71 350 
1 339 
0 
2 35 219 
0 
1 76 
1 92 
1 65 
1 146 
0 
0 
4 134 194 217 329 
2 278 447 
1 299 
1 108 
1 182 
0 
1 354 
0 
0 
0 
1 294 
2 117 280 
1 7 
0 
1 0 
0 
0 
0 
1 441 
1 409 
2 89 419 
2 74 198 
0 
0 
1 397 
1 331 
1 498 
0 
1 46 
1 176 
0 
3 272 370 413 
0 
1 206 
2 338 490 
1 355 
500 209
1 253 
1 457 
1 137 
1 458 
0 
2 227 284 
1 445 
0 
1 417 
0 
0 
1 49 
2 311 350 
3 56 148 224 
0 
0 
3 118 148 350 
0 
0 
1 210 
1 209 
0 
1 415 
0 
2 26 352 
0 
2 24 177 
0 
2 365 486 
0 
3 67 242 347 
1 146 
0 
1 143 
0 
2 300 308 
1 49 
1 340 
1 241 
0 
0 
0 
0 
1 483 
1 228 
1 372 
1 332 
0 
1 187 
5 11 36 68 279 425 
2 142 465 
2 176 317 
2 216 370 
0 
1 165 
0 
1 13 
0 
0 
0 
1 444 
1 328 
0 
0 
0 
0 
1 163 
3 30 68 234 
3 49 67 495 
0 
0 
2 99 106 
0 
2 275 366 
0 
1 289 
2 266 438 
0 
0 
2 196 474 
0 
0 
2 181 388 
0 
1 245 
0 
0 
1 347 
0 
1 155 
0 
0 
2 195 253 
1 276 
1 166 
1 207 
1 215 
1 154 
1 160 
1 71 
0 
1 435 
0 
0 
0 
1 359 
2 71 252 
1 492 
2 381 396 
0 
0 
1 150 
1 249 
1 182 
0 
0 
0 
0 
2 16 172 
0 
0 
1 319 
0 
0 
1 190 
1 219 
0 
1 259 
1 413 
1 311 
0 
0 
0 
0 
1 184 
1 274 
0 
1 2 
1 173 
0 
0 
1 428 
1 50 
2 33 413 
2 189 297 
0 
1 31 
2 247 482 
5 13 16 423 439 491 
0 
2 111 419 
0 
0 
0 
3 97 203 356 
2 89 301 
0 
0 
0 
1 380 
1 98 
1 164 
1 193 
1 66 
2 161 464 
1 54 
2 94 205 
1 494 
0 
1 244 
1 431 
0 
2 118 202 
2 138 202 
0 
1 230 
1 51 
1 26 
0 
0 
1 229 
1 82 
1 113 
1 328 
1 134 
2 321 436 
0 
1 48 
1 369 
2 144 289 
1 124 
2 194 274 
0 
1 162 
1 191 
2 92 476 
1 79 
0 
1 261 
1 231 
0 
0 
3 172 173 351 
3 154 376 432 
0 
3 166 249 452 
1 286 
1 95 
0 
1 20 
1 19 
1 337 
0 
0 
0 
1 96 
2 52 392 
0 
0 
2 125 376 
1 436 
0 
0 
2 248 366 
2 13 322 
0 
0 
2 5 270 
2 44 408 
1 180 
1 175 
3 199 283 379 
0 
0 
2 67 496 
0 
0 
0 
0 
1 256 
0 
2 38 390 
1 30 
0 
3 169 304 445 
1 84 
1 426 
2 147 303 
2 223 293 
5 112 205 271 377 423 
0 
0 
2 106 424 
4 0 92 286 431 
0 
0 
1 239 
0 
0 
3 127 355 479 
1 377 
2 198 482 
0 
0 
0 
0 
2 76 442 
1 336 
0 
0 
2 227 354 
1 249 
0 
0 
3 135 191 382 
1 73 
1 93 
0 
1 373 
2 49 429 
0 
0 
0 
2 231 481 
1 5 
2 368 477 
2 206 253 
1 456 
2 311 326 
2 75 189 
0 
0 
0 
1 248 
0 
2 299 458 
0 
1 144 
0 
1 295 
1 35 
1 155 
0 
2 247 360 
2 244 406 
1 343 
0 
0 
1 35 
0 
0 
4 12 129 288 441 
0 
0 
0 
0 
0 
2 51 446 
1 483 
1 121 
0 
1 185 
1 224 
1 448 
0 
1 348 
3 288 387 458 
0 
2 61 183 
1 490 
0 
0 
2 46 422 
0 
0 
0 
1 267 
1 211 
0 
0 
1 37 
0 
1 407 
1 305 
0 
0 
1 413 
2 30 87 
1 325 
0 
2 12 16 
1 202 
1 24 
0 
1 270 
1 259 
1 154 
0 
0 
1 105 
1 303 
0 
0 
0 
0 
1 28 
2 73 223 
0 
3 285 477 490 
1 188 
1 52 
0 
1 45 
1 278 
0 
0 
2 203 219 
2 249 260 
0 
1 231 
1 159 
1 108 
1 274 
1 401 
0 
0 
0 
1 326 
1 82 
0 
1 241 
0 
1 216 
0 
0 
0 
1 108 
1 414 
0 
0 
1 427 
1 383 
0 
0 
1 454 
0 
2 304 491 
1 342 
1 228 
0 
0 
0 
0 
3 128 143 346 
1 397 
1 22 
0 
1 8 
0 
1 150 
0 
0 
2 332 456 
2 148 249 
1 252 
1 49 
2 246 478 
2 400 434 
1 141 
2 279 439 
0 
2 170 253 
1 203 
0 
1 427 
1 101 
2 185 220 
0 
1 76 
3 148 429 473 
0 
1 311 
1 266 
0 
1 60 
2 6 244 
1 317 
0 
2 323 496 
0 
0 
0 
1 205 
0 
1 404 
0 
3 287 422 480 
1 1 
3 3 295 326 
0 
0 
0 
0 
0 
1 164 
1 50 
0 
0 
0 
0 
0 
0 
0 
1 439 
1 79 
0 
1 195 
2 285 368 
1 426 
1 259 
1 456 
1 283 
2 147 261 
2 43 318 
0 
0 
1 28 
0 
0 
0 
2 329 368 
2 148 406 
1 107 
0 
1 167 
1 68 
2 234 448 
0 
0 
0 
