330 146
1 33 
1 309 
2 38 215 
0 
2 7 198 
0 
1 43 
1 4 
1 301 
1 224 
0 
1 279 
1 21 
0 
1 53 
0 
0 
1 329 
1 221 
1 114 
0 
2 12 73 
1 85 
2 133 297 
2 51 259 
1 98 
0 
0 
1 275 
1 215 
1 186 
0 
1 116 
2 0 239 
0 
0 
0 
1 174 
3 2 47 67 
1 54 
1 204 
0 
0 
1 6 
2 83 126 
1 114 
1 173 
1 38 
0 
1 314 
0 
2 24 136 
0 
1 14 
3 39 148 206 
0 
2 253 310 
0 
1 298 
1 230 
1 326 
3 188 235 316 
0 
1 216 
0 
1 291 
2 212 315 
2 38 109 
0 
0 
0 
0 
2 287 288 
1 21 
2 300 320 
0 
0 
2 183 323 
2 88 269 
0 
0 
0 
1 218 
1 44 
1 240 
1 22 
1 200 
0 
2 78 241 
2 248 323 
2 107 309 
1 104 
1 323 
1 306 
0 
0 
1 135 
0 
1 25 
0 
0 
0 
1 245 
1 250 
1 91 
0 
1 139 
2 90 269 
0 
2 67 174 
3 163 300 311 
0 
0 
0 
2 19 45 
3 142 247 327 
2 32 261 
2 119 268 
0 
1 117 
1 149 
3 227 285 323 
0 
1 315 
1 182 
0 
1 44 
0 
1 233 
1 192 
0 
0 
1 307 
1 23 
1 267 
1 96 
2 51 210 
2 293 320 
0 
1 106 
0 
0 
1 115 
1 294 
0 
1 237 
2 195 267 
0 
1 54 
1 120 
0 
0 
3 226 280 309 
3 246 258 278 
0 
0 
1 173 
0 
0 
2 264 304 
2 167 250 
1 201 
0 
2 110 279 
0 
0 
0 
1 160 
1 182 
1 240 
0 
0 
0 
2 46 156 
2 37 109 
0 
0 
0 
0 
1 292 
0 
0 
3 124 168 290 
1 77 
0 
0 
2 30 270 
0 
2 61 247 
0 
0 
0 
1 129 
0 
0 
1 146 
0 
0 
1 4 
2 269 288 
2 86 291 
2 161 273 
0 
0 
2 40 211 
0 
2 54 215 
1 252 
1 307 
0 
1 136 
1 204 
1 66 
1 272 
1 311 
3 2 29 206 
1 63 
1 257 
1 82 
0 
0 
1 18 
0 
0 
2 9 299 
0 
1 152 
1 121 
0 
0 
2 59 240 
0 
1 291 
1 128 
0 
1 61 
1 268 
2 145 239 
0 
2 33 237 
3 84 169 230 
1 88 
1 303 
0 
0 
2 102 319 
1 153 
2 115 188 
1 89 
0 
2 103 160 
0 
1 207 
1 56 
0 
1 314 
0 
1 217 
1 153 
1 24 
0 
1 116 
0 
0 
1 159 
1 321 
0 
2 134 146 
2 117 236 
3 78 107 199 
1 186 
0 
1 213 
1 201 
0 
1 28 
0 
0 
1 153 
2 11 163 
1 152 
2 314 326 
0 
0 
0 
1 121 
0 
1 72 
2 72 199 
0 
1 182 
3 65 200 232 
1 179 
1 137 
1 143 
0 
0 
1 23 
1 58 
1 224 
2 74 110 
2 8 319 
0 
1 242 
1 159 
0 
1 93 
2 132 208 
0 
3 1 90 152 
1 56 
2 110 214 
0 
0 
3 49 255 281 
2 66 123 
1 61 
0 
0 
2 245 301 
2 74 137 
1 265 
0 
4 77 89 92 121 
0 
0 
2 60 281 
1 115 
0 
1 17 
330 146
1 155 
1 329 
0 
0 
1 277 
2 21 210 
2 79 184 
2 100 317 
0 
2 59 133 
0 
2 182 282 
0 
0 
2 43 166 
1 227 
0 
2 116 237 
0 
1 99 
1 268 
1 5 
1 115 
2 26 64 
1 213 
0 
3 23 163 172 
0 
1 247 
1 177 
1 216 
0 
1 272 
1 166 
1 326 
0 
0 
0 
1 67 
0 
0 
2 99 277 
2 100 316 
2 14 308 
0 
0 
1 183 
0 
2 269 302 
2 89 300 
1 237 
0 
1 250 
1 100 
2 137 143 
2 131 174 
2 294 298 
1 206 
0 
1 9 
0 
1 327 
1 81 
2 169 239 
2 23 198 
1 261 
0 
1 38 
2 296 316 
0 
0 
2 76 279 
0 
1 273 
1 273 
0 
2 71 254 
0 
0 
3 6 180 214 
1 179 
1 62 
0 
3 127 240 260 
1 239 
1 131 
1 229 
0 
1 103 
1 49 
1 121 
1 281 
1 243 
0 
1 150 
0 
1 181 
0 
0 
3 19 41 299 
3 7 42 53 
1 189 
1 265 
2 88 266 
1 329 
1 172 
0 
0 
0 
1 172 
2 230 317 
2 207 236 
0 
0 
0 
1 22 
1 17 
2 157 252 
0 
1 311 
0 
2 90 180 
0 
0 
0 
1 171 
1 263 
1 83 
1 229 
2 141 247 
0 
2 55 85 
0 
1 9 
2 178 309 
0 
0 
2 54 156 
0 
0 
2 260 311 
2 129 303 
0 
1 54 
0 
1 213 
0 
0 
1 300 
2 203 231 
1 94 
0 
0 
0 
1 296 
2 0 257 
1 137 
1 117 
0 
0 
0 
1 171 
0 
1 26 
0 
0 
2 14 33 
1 287 
0 
1 63 
1 268 
3 125 161 289 
3 26 105 109 
1 241 
2 55 198 
1 273 
0 
1 29 
1 134 
1 80 
2 79 121 
1 96 
1 11 
1 46 
2 6 249 
1 313 
0 
1 242 
0 
3 101 285 298 
0 
0 
0 
0 
1 253 
0 
0 
1 220 
3 64 174 256 
0 
0 
0 
0 
1 149 
0 
0 
1 57 
2 111 243 
0 
0 
1 5 
0 
0 
2 24 145 
2 79 276 
0 
1 30 
1 311 
0 
2 221 256 
1 197 
1 219 
0 
0 
0 
0 
0 
1 15 
0 
2 86 128 
1 110 
1 149 
0 
0 
1 318 
0 
1 111 
2 17 50 
0 
3 63 84 328 
1 83 
2 173 280 
1 187 
2 92 207 
0 
0 
1 322 
2 28 129 
0 
2 184 321 
1 52 
0 
1 117 
1 194 
1 76 
0 
2 198 219 
1 155 
0 
0 
2 83 140 
2 65 329 
0 
1 126 
0 
1 102 
1 103 
1 296 
2 20 170 
1 48 
0 
0 
1 32 
3 73 74 175 
1 316 
0 
1 214 
2 4 41 
0 
1 71 
1 241 
1 91 
1 11 
0 
0 
1 189 
0 
1 167 
0 
1 171 
0 
1 298 
1 322 
0 
1 56 
0 
3 68 154 267 
0 
4 56 189 291 318 
1 99 
2 49 148 
0 
1 48 
1 141 
0 
0 
0 
1 320 
1 43 
1 134 
0 
3 119 140 217 
0 
1 185 
1 321 
0 
3 42 68 274 
2 7 110 
2 234 298 
0 
1 307 
2 249 314 
2 246 292 
0 
0 
0 
1 34 
1 61 
1 239 
3 1 104 261 
