150 55
1 33 
0 
0 
0 
2 51 107 
2 7 140 
0 
2 5 104 
0 
2 17 133 
3 69 96 133 
1 143 
0 
0 
1 15 
1 14 
0 
1 9 
0 
1 116 
1 127 
0 
2 39 115 
1 104 
0 
0 
0 
0 
3 66 75 125 
0 
0 
0 
0 
1 0 
3 60 83 103 
0 
0 
0 
1 81 
2 22 87 
0 
1 52 
1 142 
0 
0 
1 99 
0 
2 78 97 
1 115 
2 99 118 
0 
2 4 76 
1 41 
0 
0 
1 96 
2 76 130 
0 
1 139 
0 
1 34 
1 85 
1 139 
0 
1 132 
1 107 
1 28 
0 
1 69 
3 10 68 132 
0 
0 
0 
0 
1 104 
1 28 
2 51 56 
0 
1 47 
0 
1 88 
1 38 
0 
1 34 
1 135 
1 61 
0 
1 39 
2 80 125 
1 142 
0 
0 
0 
1 105 
0 
0 
2 10 55 
1 47 
0 
3 45 49 140 
0 
0 
1 144 
2 34 125 
3 7 23 74 
1 93 
0 
2 4 65 
0 
0 
0 
0 
0 
1 139 
0 
2 22 48 
1 19 
0 
1 49 
0 
0 
0 
0 
0 
0 
3 28 88 103 
0 
1 20 
0 
0 
1 56 
0 
2 64 69 
2 9 10 
0 
1 84 
0 
0 
0 
3 58 62 113 
2 5 99 
0 
2 42 89 
1 11 
1 102 
0 
0 
0 
0 
0 
150 55
1 53 
0 
3 8 47 122 
0 
0 
3 32 74 143 
1 43 
0 
1 2 
1 93 
1 97 
2 73 82 
0 
1 129 
2 97 106 
0 
1 42 
1 55 
0 
1 50 
2 73 132 
2 30 83 
0 
0 
0 
0 
2 47 143 
0 
0 
0 
2 21 52 
1 49 
1 5 
2 42 77 
0 
2 75 82 
0 
0 
0 
0 
0 
0 
3 16 33 52 
3 6 58 141 
0 
0 
1 100 
2 2 26 
0 
2 31 71 
2 19 106 
0 
3 30 42 131 
1 0 
1 65 
1 17 
0 
1 145 
1 43 
0 
1 93 
0 
0 
0 
0 
1 54 
1 109 
1 97 
1 94 
1 130 
0 
2 49 94 
0 
2 11 20 
2 5 136 
1 35 
0 
1 33 
1 128 
0 
0 
0 
2 11 35 
1 21 
0 
0 
1 139 
1 116 
0 
0 
0 
0 
0 
2 9 60 
2 68 71 
0 
0 
3 10 14 67 
1 114 
0 
1 46 
0 
0 
1 116 
0 
0 
3 14 50 116 
0 
0 
1 66 
0 
1 149 
0 
0 
1 98 
0 
3 87 103 106 
0 
0 
0 
0 
1 129 
1 2 
0 
0 
0 
0 
0 
1 78 
2 13 121 
1 69 
2 52 140 
1 20 
0 
0 
0 
1 74 
0 
0 
1 86 
1 131 
1 43 
0 
2 5 26 
0 
1 57 
0 
0 
0 
1 111 
