300 133
1 33 
0 
3 42 98 275 
0 
1 127 
1 24 
1 223 
0 
0 
1 251 
1 205 
0 
0 
2 36 95 
0 
1 189 
0 
1 72 
0 
1 278 
1 202 
1 127 
0 
1 150 
2 5 194 
1 274 
2 165 224 
1 160 
1 32 
1 119 
0 
0 
3 28 41 281 
2 0 285 
0 
1 281 
1 13 
1 175 
0 
0 
0 
2 32 246 
3 2 153 173 
1 194 
0 
2 118 124 
0 
0 
0 
2 143 186 
1 209 
0 
1 56 
0 
0 
0 
2 52 62 
1 199 
0 
0 
0 
2 81 139 
1 56 
1 260 
1 82 
0 
1 146 
1 116 
1 250 
3 150 197 278 
0 
1 254 
1 17 
0 
2 180 267 
3 140 243 299 
0 
0 
0 
0 
0 
1 61 
3 64 232 233 
0 
0 
2 111 131 
0 
1 225 
3 117 257 273 
1 244 
0 
0 
0 
0 
2 104 152 
1 13 
1 258 
0 
1 2 
1 102 
0 
1 229 
2 99 279 
2 158 181 
3 94 188 221 
0 
1 290 
0 
1 126 
0 
1 278 
1 85 
0 
0 
0 
0 
1 67 
1 88 
2 45 289 
1 29 
1 161 
0 
0 
1 191 
1 45 
1 194 
1 108 
3 4 21 195 
1 232 
2 199 210 
0 
1 85 
0 
0 
1 286 
1 227 
2 144 291 
1 199 
1 187 
1 61 
1 75 
1 221 
0 
4 49 194 252 290 
1 136 
0 
2 66 233 
1 153 
0 
0 
2 23 69 
0 
2 94 269 
3 42 147 282 
0 
0 
0 
0 
2 103 276 
0 
2 27 259 
2 120 210 
0 
1 267 
1 234 
2 26 273 
1 167 
1 166 
0 
0 
0 
0 
0 
1 42 
1 244 
1 37 
0 
1 187 
2 207 279 
0 
1 74 
1 103 
0 
0 
0 
0 
1 49 
3 138 177 271 
3 104 214 243 
4 15 246 258 278 
0 
1 123 
0 
1 265 
4 24 43 125 143 
1 127 
0 
1 69 
1 221 
5 57 129 137 254 294 
1 227 
1 212 
2 20 234 
0 
0 
1 10 
1 267 
1 178 
0 
1 50 
2 129 161 
0 
1 201 
0 
2 188 277 
0 
0 
1 246 
0 
0 
0 
3 104 141 198 
0 
1 6 
1 26 
1 87 
0 
2 135 200 
0 
1 101 
0 
0 
2 82 128 
2 82 146 
2 164 202 
0 
0 
0 
0 
1 292 
0 
0 
0 
2 75 188 
2 89 174 
0 
3 41 189 217 
1 290 
0 
0 
1 68 
1 9 
1 143 
0 
2 71 199 
0 
0 
1 88 
2 96 189 
1 160 
2 63 263 
0 
0 
1 260 
1 297 
1 193 
0 
4 74 163 206 278 
0 
1 152 
0 
1 187 
0 
2 88 165 
1 25 
1 2 
1 158 
1 214 
5 19 69 110 189 267 
2 102 178 
0 
2 32 35 
1 153 
0 
0 
1 33 
1 134 
0 
0 
1 118 
3 106 143 247 
1 136 
1 239 
0 
1 199 
0 
0 
1 264 
0 
1 75 
300 133
0 
0 
1 134 
1 34 
1 229 
2 132 175 
1 83 
0 
1 292 
2 204 241 
0 
0 
1 52 
4 30 89 162 203 
1 25 
0 
1 97 
0 
1 92 
1 129 
0 
0 
1 280 
0 
0 
3 14 48 241 
1 232 
1 38 
1 163 
0 
2 13 260 
0 
4 84 160 213 253 
0 
3 3 67 168 
1 80 
1 71 
0 
1 27 
0 
0 
0 
1 100 
2 86 107 
1 289 
1 46 
2 45 79 
0 
1 25 
1 234 
0 
1 279 
2 12 155 
1 243 
2 111 191 
0 
2 84 209 
2 119 154 
1 203 
2 75 171 
0 
0 
1 160 
0 
1 208 
1 250 
0 
1 34 
0 
0 
1 150 
2 36 229 
1 149 
0 
0 
2 59 215 
1 165 
2 163 272 
1 176 
1 46 
1 35 
1 175 
1 217 
2 6 251 
4 32 56 259 285 
0 
1 43 
0 
1 245 
1 13 
0 
1 154 
1 18 
1 142 
1 181 
0 
0 
1 16 
1 277 
0 
1 42 
0 
0 
2 149 227 
1 109 
0 
1 202 
2 43 269 
0 
1 104 
1 182 
5 54 112 132 226 263 
1 111 
0 
0 
0 
1 285 
1 277 
0 
1 57 
0 
0 
0 
1 265 
0 
0 
0 
0 
1 272 
2 19 173 
0 
2 145 147 
2 5 111 
0 
1 2 
0 
0 
1 172 
1 252 
0 
0 
1 295 
3 93 150 161 
2 255 261 
0 
2 131 235 
0 
1 131 
1 217 
3 72 103 203 
3 70 142 293 
0 
0 
0 
4 57 91 163 203 
2 52 208 
0 
0 
0 
0 
2 32 62 
3 142 222 287 
1 13 
3 28 77 154 
0 
1 76 
0 
0 
2 34 189 
0 
0 
1 59 
1 137 
1 129 
1 247 
2 5 81 
1 78 
0 
0 
0 
1 204 
2 94 189 
1 110 
1 277 
0 
1 223 
0 
1 244 
1 212 
3 168 181 235 
2 272 281 
1 54 
0 
0 
0 
0 
0 
1 258 
0 
0 
0 
0 
2 106 264 
5 13 58 149 154 273 
2 9 180 
0 
0 
0 
3 64 155 279 
1 56 
0 
0 
2 188 286 
1 32 
0 
1 75 
0 
2 82 148 
0 
0 
0 
1 265 
1 161 
3 185 235 296 
0 
0 
1 111 
1 103 
1 243 
2 4 71 
1 286 
0 
1 26 
0 
1 49 
3 145 189 223 
0 
0 
0 
0 
0 
2 9 25 
1 285 
3 53 228 268 
1 187 
1 88 
0 
2 174 262 
0 
0 
1 65 
1 83 
1 138 
1 32 
0 
1 143 
0 
0 
1 197 
1 84 
1 30 
1 143 
1 247 
1 111 
1 202 
2 123 221 
0 
0 
1 243 
2 107 298 
0 
0 
3 77 128 190 
1 203 
0 
0 
0 
3 98 117 183 
0 
2 51 208 
2 22 283 
1 190 
0 
1 280 
1 289 
3 84 116 242 
2 212 230 
1 161 
0 
2 44 284 
0 
0 
1 8 
1 150 
0 
1 141 
1 223 
0 
1 269 
0 
