480 202
1 478 
1 164 
0 
0 
0 
0 
0 
1 24 
1 145 
0 
1 326 
0 
1 462 
2 118 387 
3 58 167 301 
2 28 317 
0 
0 
0 
1 404 
1 282 
0 
0 
0 
1 7 
0 
0 
3 245 289 340 
1 15 
3 304 352 377 
2 412 452 
1 106 
0 
1 292 
1 407 
1 359 
1 406 
1 271 
0 
1 89 
1 192 
0 
0 
0 
0 
0 
1 419 
2 203 299 
1 134 
2 119 364 
1 379 
2 268 270 
0 
0 
1 271 
1 448 
0 
0 
1 14 
0 
1 410 
1 68 
0 
0 
0 
2 152 348 
1 201 
0 
2 61 243 
1 114 
1 223 
1 362 
1 172 
1 150 
0 
2 251 306 
2 230 398 
0 
3 266 355 400 
0 
1 376 
0 
0 
0 
1 359 
1 380 
0 
1 338 
2 241 350 
1 39 
1 302 
0 
0 
0 
3 264 329 352 
0 
0 
2 169 379 
3 111 151 246 
0 
0 
0 
0 
0 
0 
1 407 
3 31 413 417 
0 
0 
1 134 
0 
1 98 
0 
1 216 
4 69 200 422 478 
0 
1 225 
2 367 464 
1 13 
2 49 460 
1 425 
0 
2 147 443 
0 
1 309 
0 
1 407 
1 364 
0 
0 
2 355 395 
0 
0 
1 334 
5 48 109 273 300 427 
1 158 
0 
1 459 
1 251 
1 382 
0 
1 470 
1 420 
0 
0 
2 8 455 
1 363 
1 122 
0 
0 
2 73 265 
1 98 
2 65 259 
0 
0 
2 419 429 
0 
0 
1 135 
0 
0 
0 
1 437 
1 250 
2 1 332 
1 256 
0 
1 14 
1 187 
1 97 
1 310 
1 401 
2 72 418 
1 365 
1 479 
0 
0 
0 
1 334 
1 365 
0 
0 
0 
1 193 
1 454 
0 
0 
1 168 
1 455 
0 
0 
0 
1 40 
1 183 
0 
1 338 
0 
1 385 
0 
0 
1 114 
3 66 300 368 
0 
1 47 
0 
0 
0 
1 229 
1 459 
0 
0 
0 
0 
1 350 
2 333 341 
1 242 
1 113 
2 341 410 
0 
0 
0 
0 
1 385 
2 70 248 
0 
1 116 
0 
0 
1 249 
1 207 
1 76 
0 
0 
2 279 347 
0 
1 259 
3 408 419 462 
1 327 
1 457 
1 467 
0 
1 88 
1 215 
1 68 
0 
1 27 
1 98 
0 
2 223 358 
1 228 
1 163 
2 75 138 
0 
0 
1 412 
1 262 
1 165 
0 
0 
3 152 235 325 
1 367 
1 371 
1 255 
2 383 448 
1 94 
1 150 
1 78 
0 
3 51 318 412 
0 
2 51 461 
2 37 54 
0 
1 134 
1 335 
0 
0 
0 
0 
1 233 
0 
0 
1 20 
1 308 
0 
1 415 
1 430 
0 
0 
1 27 
1 313 
0 
1 33 
0 
0 
3 334 394 415 
0 
0 
1 404 
1 47 
3 134 201 330 
2 14 367 
1 90 
0 
1 29 
0 
1 75 
0 
2 283 460 
1 124 
1 170 
1 402 
0 
1 290 
0 
0 
0 
2 15 398 
1 268 
0 
0 
0 
0 
0 
1 359 
1 259 
1 10 
1 237 
0 
1 94 
2 300 360 
0 
2 164 416 
1 214 
4 133 178 295 463 
1 274 
0 
1 347 
2 87 195 
0 
1 27 
3 214 217 447 
0 
1 392 
1 350 
0 
0 
2 233 337 
1 65 
0 
3 88 213 344 
0 
2 29 94 
0 
2 387 474 
2 78 130 
0 
0 
1 248 
4 35 84 324 478 
1 330 
0 
1 71 
1 146 
2 49 127 
2 173 179 
0 
3 117 260 301 
1 201 
1 376 
0 
2 261 411 
1 411 
0 
0 
0 
2 80 369 
1 29 
0 
2 50 97 
1 85 
0 
1 139 
2 263 429 
0 
2 197 222 
1 427 
3 13 354 417 
0 
0 
0 
0 
1 343 
0 
1 295 
1 130 
0 
0 
3 76 317 407 
0 
2 78 469 
1 171 
2 311 430 
0 
2 19 298 
0 
1 36 
4 34 105 126 398 
2 236 423 
0 
2 60 217 
2 371 372 
3 30 254 268 
1 106 
0 
2 285 295 
1 332 
2 106 387 
1 172 
3 46 155 236 
1 142 
1 458 
1 114 
1 408 
0 
1 120 
0 
2 134 386 
1 472 
2 155 383 
2 286 402 
0 
0 
1 470 
0 
0 
0 
1 162 
0 
0 
0 
0 
1 466 
1 122 
0 
0 
0 
2 341 469 
2 55 263 
0 
0 
0 
1 30 
0 
1 184 
2 145 188 
0 
1 238 
1 421 
2 137 208 
2 119 308 
1 270 
2 12 236 
1 334 
1 117 
0 
1 442 
1 239 
1 470 
2 400 447 
3 141 433 468 
0 
1 428 
0 
1 354 
0 
0 
0 
3 0 114 359 
1 174 
480 202
0 
0 
1 214 
1 101 
0 
1 115 
2 125 312 
1 253 
3 223 291 426 
1 35 
1 152 
0 
1 440 
1 462 
1 242 
2 86 129 
0 
0 
0 
0 
0 
1 300 
2 105 180 
0 
1 209 
0 
0 
2 120 204 
1 342 
0 
0 
0 
0 
0 
0 
1 9 
0 
0 
0 
0 
0 
2 135 255 
1 477 
1 175 
1 334 
1 47 
1 105 
1 45 
1 200 
1 278 
0 
1 115 
3 157 177 189 
0 
0 
0 
1 439 
1 72 
1 416 
1 177 
1 67 
1 242 
1 223 
0 
2 200 406 
1 253 
2 88 426 
2 60 225 
1 229 
1 401 
2 112 132 
1 169 
1 57 
2 141 440 
0 
0 
0 
1 302 
0 
0 
1 312 
1 453 
1 337 
1 346 
0 
2 297 407 
2 15 233 
0 
1 66 
0 
1 478 
0 
1 135 
1 278 
0 
2 378 385 
1 139 
3 389 412 445 
0 
0 
1 258 
3 3 299 334 
0 
1 118 
1 462 
2 22 46 
0 
1 165 
0 
0 
0 
0 
2 70 398 
0 
0 
2 5 51 
1 333 
0 
3 103 287 317 
1 183 
2 27 127 
0 
1 147 
0 
0 
3 6 222 330 
3 140 268 320 
1 120 
2 205 321 
2 15 340 
0 
0 
1 70 
0 
0 
2 41 92 
0 
0 
1 153 
1 96 
2 126 275 
2 73 320 
1 278 
2 386 423 
0 
1 368 
0 
1 122 
0 
0 
1 253 
0 
1 10 
1 138 
0 
0 
2 208 406 
2 52 358 
1 308 
0 
1 274 
1 203 
1 217 
1 234 
0 
1 107 
2 189 340 
0 
1 223 
2 71 268 
0 
0 
1 464 
1 476 
0 
1 43 
1 298 
2 52 59 
1 334 
0 
1 22 
0 
0 
2 119 406 
1 312 
0 
1 309 
0 
0 
3 52 166 361 
0 
0 
1 477 
0 
1 301 
0 
1 261 
1 215 
0 
1 396 
3 48 64 262 
1 395 
0 
2 161 288 
1 27 
2 128 315 
1 455 
1 234 
1 156 
2 24 323 
1 474 
0 
0 
0 
1 2 
1 197 
0 
1 162 
0 
0 
2 306 403 
0 
1 125 
4 8 62 168 293 
0 
1 67 
0 
0 
0 
1 68 
0 
0 
2 418 473 
1 86 
2 163 207 
1 428 
0 
1 353 
0 
0 
1 408 
0 
3 14 61 280 
1 299 
0 
0 
0 
0 
0 
1 388 
0 
1 279 
0 
4 7 65 150 396 
1 473 
3 41 264 269 
0 
1 359 
3 100 261 429 
2 261 479 
0 
3 196 258 259 
1 200 
0 
1 255 
1 378 
1 479 
0 
2 126 169 
1 255 
1 404 
0 
1 407 
0 
2 160 410 
1 140 
0 
2 372 441 
5 49 93 142 289 439 
2 251 341 
2 242 453 
1 291 
0 
0 
0 
0 
0 
2 118 324 
1 203 
3 278 333 442 
0 
2 8 281 
1 404 
1 223 
0 
0 
0 
1 85 
1 176 
2 101 243 
1 21 
1 194 
1 77 
0 
1 404 
0 
1 220 
1 388 
2 158 328 
1 186 
0 
1 413 
3 6 80 184 
0 
0 
2 205 379 
2 436 453 
1 118 
0 
0 
2 126 141 
2 128 466 
1 368 
1 209 
1 287 
0 
0 
0 
1 308 
0 
1 125 
0 
0 
3 116 289 360 
4 44 101 178 452 
1 457 
0 
1 82 
0 
0 
2 129 166 
1 279 
1 28 
0 
0 
1 401 
1 83 
0 
0 
0 
0 
1 459 
0 
1 237 
0 
1 468 
0 
0 
1 157 
1 257 
1 333 
1 189 
1 386 
1 475 
0 
1 429 
0 
1 382 
2 145 322 
0 
0 
0 
1 277 
0 
0 
0 
0 
1 401 
2 95 265 
2 315 397 
2 387 390 
1 422 
1 367 
0 
1 438 
1 95 
2 143 362 
1 380 
3 249 307 467 
1 97 
1 380 
0 
0 
0 
0 
1 201 
3 199 253 404 
1 379 
1 112 
0 
0 
3 69 345 377 
0 
2 220 440 
4 270 292 304 396 
0 
3 64 156 183 
2 85 272 
1 240 
0 
2 274 427 
0 
1 97 
1 311 
0 
0 
1 58 
0 
1 232 
0 
0 
0 
1 381 
1 143 
1 442 
0 
2 8 66 
1 410 
1 235 
2 258 365 
0 
0 
0 
0 
0 
0 
1 316 
0 
1 384 
2 56 278 
3 12 73 403 
1 277 
2 289 424 
0 
0 
1 97 
0 
0 
0 
0 
0 
0 
1 334 
3 81 280 316 
0 
1 206 
0 
1 335 
0 
1 351 
0 
0 
2 13 104 
0 
1 172 
0 
1 321 
1 388 
1 355 
0 
0 
0 
0 
2 232 254 
1 210 
1 363 
1 173 
2 42 192 
1 90 
2 259 266 
