250 106
1 33 
0 
2 142 198 
1 129 
0 
2 83 199 
1 31 
0 
1 40 
0 
0 
1 224 
1 230 
0 
0 
1 217 
1 43 
0 
1 243 
0 
1 232 
0 
0 
1 46 
1 93 
1 72 
2 52 71 
0 
1 185 
0 
1 65 
3 6 60 201 
2 148 207 
2 0 199 
1 127 
0 
1 57 
0 
0 
1 150 
2 8 181 
2 50 243 
0 
2 16 180 
1 150 
0 
2 23 162 
0 
0 
0 
2 41 125 
0 
3 26 74 238 
1 62 
1 144 
0 
2 190 196 
1 36 
0 
0 
1 31 
0 
3 53 84 127 
1 213 
0 
2 30 186 
0 
0 
2 94 219 
0 
0 
2 26 87 
1 25 
1 113 
3 52 216 231 
0 
1 114 
0 
2 88 146 
0 
0 
2 233 240 
1 123 
1 5 
1 62 
1 159 
1 198 
1 71 
2 78 240 
1 210 
2 98 179 
0 
0 
2 24 141 
1 68 
0 
0 
2 131 218 
2 90 164 
2 117 173 
1 108 
0 
0 
0 
0 
0 
0 
0 
1 100 
3 201 202 218 
0 
0 
0 
3 73 175 195 
2 76 199 
0 
0 
2 99 180 
1 152 
2 162 178 
1 230 
0 
0 
1 82 
0 
1 50 
0 
2 34 62 
2 129 177 
2 3 128 
0 
1 97 
1 216 
0 
0 
0 
1 205 
0 
0 
0 
0 
2 93 179 
1 2 
1 213 
3 54 183 206 
0 
3 78 201 234 
0 
1 32 
0 
2 39 44 
1 190 
2 118 247 
1 216 
0 
0 
0 
0 
1 184 
2 85 192 
0 
0 
2 46 119 
0 
1 98 
0 
0 
1 188 
0 
0 
0 
0 
0 
1 99 
0 
1 113 
0 
2 128 230 
1 119 
2 90 141 
2 43 117 
2 40 183 
0 
2 144 181 
1 158 
1 28 
1 65 
0 
1 167 
1 236 
2 56 151 
0 
1 159 
0 
0 
2 113 249 
1 56 
0 
2 2 86 
3 5 33 114 
0 
3 31 109 146 
2 109 245 
0 
0 
1 136 
1 144 
2 32 233 
0 
0 
1 89 
2 212 223 
1 211 
2 63 143 
0 
0 
3 74 132 153 
1 15 
2 97 109 
1 68 
0 
0 
0 
1 211 
1 11 
0 
0 
0 
0 
0 
3 12 120 177 
1 74 
1 20 
2 81 207 
1 146 
0 
1 189 
0 
1 52 
0 
2 81 88 
0 
0 
2 18 41 
0 
1 202 
0 
1 152 
0 
1 195 
250 106
1 140 
2 5 32 
0 
2 155 203 
0 
2 1 33 
0 
0 
2 124 180 
1 18 
1 95 
0 
2 32 201 
0 
1 74 
1 201 
0 
0 
3 9 80 194 
1 58 
2 94 117 
1 214 
0 
2 124 182 
0 
1 121 
0 
0 
0 
0 
0 
3 87 93 238 
2 1 12 
1 5 
2 167 189 
3 101 128 163 
0 
0 
0 
1 110 
1 125 
1 128 
2 100 242 
0 
3 138 165 181 
2 50 189 
0 
0 
1 117 
1 78 
1 45 
1 98 
0 
2 60 202 
0 
1 148 
0 
1 136 
2 19 224 
0 
2 53 145 
2 139 172 
0 
1 214 
1 102 
1 175 
0 
0 
0 
0 
0 
0 
0 
0 
1 14 
2 91 225 
0 
1 113 
2 49 189 
2 80 161 
2 18 79 
0 
2 107 187 
2 186 227 
0 
0 
2 160 170 
2 31 228 
0 
0 
2 126 203 
1 75 
0 
1 31 
1 20 
1 10 
1 239 
0 
1 51 
0 
1 42 
3 35 109 169 
2 64 106 
1 241 
0 
0 
1 102 
2 82 243 
1 142 
2 101 241 
2 39 226 
0 
0 
1 77 
0 
0 
1 222 
2 20 48 
1 162 
0 
0 
2 25 213 
0 
0 
2 8 23 
1 40 
1 90 
0 
3 35 41 137 
2 137 151 
0 
0 
0 
0 
0 
2 151 202 
1 57 
2 128 129 
2 44 178 
2 61 248 
3 0 142 148 
0 
3 108 140 226 
0 
1 223 
1 60 
0 
0 
3 55 140 206 
0 
0 
2 129 135 
0 
0 
0 
1 3 
1 169 
0 
1 249 
0 
2 86 192 
2 79 190 
1 118 
3 35 215 234 
0 
1 44 
1 192 
1 34 
0 
2 101 156 
1 86 
1 220 
2 61 220 
0 
0 
1 65 
0 
1 180 
1 138 
0 
2 8 177 
1 44 
1 23 
0 
0 
0 
1 83 
1 82 
0 
3 34 45 78 
1 161 
0 
2 160 166 
0 
1 18 
0 
0 
0 
0 
0 
0 
2 12 15 
2 53 135 
2 3 90 
0 
0 
1 148 
0 
0 
1 231 
0 
0 
0 
1 121 
2 21 63 
1 163 
0 
0 
0 
0 
3 171 172 233 
0 
1 116 
1 144 
1 58 
1 75 
2 110 142 
1 83 
1 87 
0 
0 
1 209 
0 
1 220 
1 163 
0 
0 
0 
1 31 
1 96 
0 
2 103 109 
1 42 
1 107 
0 
0 
0 
0 
1 139 
1 158 
