170 68
1 33 
0 
0 
1 136 
2 27 71 
1 40 
1 126 
1 158 
1 113 
2 28 92 
1 81 
0 
1 46 
0 
0 
0 
0 
1 37 
1 26 
2 43 119 
0 
0 
0 
0 
3 76 85 135 
0 
1 18 
1 4 
1 9 
3 65 88 108 
0 
0 
1 122 
1 0 
1 149 
0 
1 79 
1 17 
1 88 
1 161 
2 5 151 
2 107 126 
1 154 
1 19 
0 
0 
3 12 58 131 
1 63 
1 134 
0 
1 108 
1 131 
0 
2 62 121 
0 
1 100 
1 130 
0 
1 46 
1 154 
0 
0 
1 53 
2 47 137 
0 
1 29 
1 138 
0 
0 
2 75 152 
0 
2 4 148 
0 
0 
0 
2 69 116 
1 24 
2 79 106 
0 
2 36 77 
0 
2 10 167 
0 
0 
0 
1 24 
0 
0 
2 29 38 
0 
0 
1 107 
2 9 168 
0 
0 
1 149 
0 
1 168 
1 117 
0 
1 55 
1 107 
1 120 
0 
0 
0 
1 77 
3 41 91 101 
2 29 50 
2 112 118 
0 
0 
1 109 
1 8 
0 
0 
1 75 
1 98 
1 109 
2 19 131 
1 102 
1 53 
1 32 
0 
0 
1 141 
2 6 41 
0 
0 
1 153 
2 56 157 
3 46 51 119 
0 
0 
1 48 
1 24 
1 3 
1 63 
2 66 153 
0 
0 
1 125 
1 165 
0 
0 
0 
0 
0 
1 71 
2 34 95 
1 157 
1 40 
2 69 166 
2 129 138 
2 42 59 
0 
0 
2 130 150 
1 7 
0 
0 
1 39 
0 
0 
0 
1 142 
1 152 
1 81 
2 92 97 
0 
170 68
1 17 
0 
2 12 87 
0 
0 
1 91 
0 
1 138 
2 114 152 
0 
0 
2 132 142 
1 2 
1 144 
1 149 
0 
2 49 54 
2 0 38 
2 35 70 
1 66 
0 
1 33 
0 
0 
2 78 143 
1 147 
1 147 
1 100 
1 62 
0 
0 
2 82 151 
0 
1 21 
1 137 
1 18 
0 
0 
1 17 
1 94 
0 
1 59 
0 
2 86 167 
0 
3 108 117 122 
0 
1 72 
2 71 76 
2 16 98 
0 
2 106 127 
0 
0 
2 16 148 
0 
0 
0 
1 132 
1 41 
1 100 
0 
1 28 
0 
1 141 
0 
1 19 
0 
1 114 
0 
1 18 
3 48 104 162 
1 47 
0 
0 
0 
1 48 
0 
2 24 135 
0 
2 99 101 
0 
1 31 
2 110 129 
0 
0 
1 43 
2 2 155 
1 95 
0 
0 
1 5 
0 
1 104 
1 39 
3 88 131 145 
1 116 
0 
1 49 
1 80 
3 27 60 110 
1 80 
0 
0 
2 71 93 
0 
1 51 
1 130 
2 45 144 
0 
2 83 100 
0 
0 
1 140 
2 8 68 
0 
1 96 
1 45 
1 122 
0 
0 
0 
3 45 118 160 
0 
0 
0 
0 
1 51 
0 
1 83 
2 107 134 
1 95 
2 11 58 
0 
1 130 
1 78 
0 
1 34 
1 7 
0 
1 113 
1 64 
1 11 
1 24 
2 13 108 
1 95 
0 
2 25 26 
1 54 
1 14 
1 166 
1 31 
1 8 
0 
0 
1 87 
0 
0 
0 
1 163 
1 122 
0 
1 71 
2 159 167 
0 
0 
1 150 
2 43 163 
0 
0 
