120 67
2 41 106 
0 
0 
2 20 32 
3 59 78 108 
1 54 
1 70 
0 
1 86 
0 
1 47 
2 82 92 
0 
1 47 
1 111 
0 
1 103 
1 82 
0 
0 
2 3 41 
1 30 
0 
4 38 46 51 108 
0 
0 
0 
0 
0 
0 
2 21 79 
2 89 118 
1 3 
1 60 
1 81 
2 95 102 
2 88 118 
1 108 
2 23 102 
0 
0 
3 0 20 80 
0 
0 
1 52 
0 
1 23 
2 10 13 
0 
0 
1 73 
1 23 
1 44 
0 
1 5 
1 112 
3 75 97 103 
0 
0 
3 4 104 108 
1 33 
1 114 
2 67 81 
2 97 119 
0 
0 
1 83 
1 62 
0 
0 
2 6 93 
0 
0 
4 50 94 100 113 
2 109 112 
2 56 115 
1 95 
0 
2 4 107 
1 30 
1 41 
3 34 62 106 
2 11 17 
2 66 98 
0 
0 
2 8 97 
0 
1 36 
1 31 
0 
2 104 119 
3 11 101 106 
1 70 
2 73 110 
2 35 76 
0 
3 56 63 86 
1 83 
0 
1 73 
1 92 
2 35 38 
2 16 56 
2 59 91 
0 
3 0 81 92 
1 78 
5 4 23 37 59 112 
1 74 
1 94 
1 14 
3 55 74 108 
1 73 
1 61 
1 75 
0 
0 
2 31 36 
2 63 91 
120 67
0 
0 
4 17 25 30 111 
2 10 99 
0 
0 
1 64 
1 109 
2 38 70 
0 
1 3 
0 
1 79 
0 
2 34 45 
1 24 
1 77 
1 2 
0 
1 93 
0 
2 45 102 
0 
0 
1 15 
2 2 57 
1 84 
0 
0 
0 
1 2 
0 
1 62 
1 61 
1 14 
2 38 87 
2 71 105 
0 
2 8 35 
2 58 112 
1 86 
2 55 99 
3 65 94 101 
3 67 75 119 
2 66 76 
3 14 21 99 
1 84 
0 
0 
0 
1 78 
1 82 
0 
1 95 
1 69 
2 41 66 
0 
2 25 98 
1 39 
1 111 
3 76 91 111 
1 33 
2 32 65 
0 
2 6 77 
2 42 62 
2 44 55 
1 43 
1 109 
1 54 
1 8 
1 36 
0 
0 
0 
2 43 93 
3 44 60 111 
3 16 64 101 
2 50 79 
3 12 78 111 
0 
1 117 
4 51 90 107 117 
0 
2 26 46 
0 
1 40 
1 35 
0 
1 115 
1 82 
2 60 104 
0 
2 19 75 
1 42 
2 53 98 
0 
0 
2 57 95 
3 3 41 45 
0 
3 42 77 119 
1 21 
0 
1 91 
1 36 
0 
1 82 
0 
2 7 68 
0 
5 2 59 60 76 79 
1 39 
0 
0 
1 89 
0 
2 81 82 
0 
2 43 101 
