180 89
1 106 
0 
3 16 28 170 
1 43 
1 57 
0 
1 129 
0 
1 107 
1 106 
1 136 
1 49 
0 
1 62 
4 98 106 111 168 
0 
1 2 
0 
1 133 
2 71 100 
1 56 
3 102 109 178 
2 51 123 
1 42 
0 
0 
0 
0 
2 2 142 
0 
0 
2 90 112 
0 
2 146 160 
1 87 
1 91 
1 160 
1 166 
3 82 129 152 
1 107 
2 84 149 
1 112 
3 23 132 147 
2 3 80 
0 
0 
0 
0 
1 126 
1 11 
1 72 
2 22 95 
0 
0 
1 146 
1 128 
1 20 
3 4 82 105 
0 
2 64 82 
0 
3 66 74 172 
2 13 71 
0 
3 59 109 128 
1 95 
1 61 
1 82 
0 
2 129 131 
1 80 
2 19 62 
1 50 
1 167 
1 61 
1 81 
0 
1 179 
2 137 177 
0 
3 43 70 87 
1 75 
4 38 57 59 67 
0 
2 40 99 
0 
0 
3 34 80 129 
1 141 
0 
1 31 
2 35 128 
1 154 
0 
0 
2 51 65 
0 
0 
1 14 
2 84 127 
1 19 
0 
1 21 
4 109 112 114 138 
0 
1 57 
3 0 9 14 
2 8 39 
0 
3 21 64 103 
0 
1 14 
4 31 41 103 143 
0 
1 103 
1 145 
0 
0 
0 
1 137 
0 
0 
0 
1 22 
0 
0 
1 48 
1 99 
3 55 64 91 
4 6 38 69 87 
0 
1 69 
1 42 
1 18 
0 
0 
1 10 
3 78 119 167 
2 103 140 
0 
1 138 
2 88 164 
1 28 
1 112 
0 
1 115 
2 33 54 
1 42 
0 
2 40 152 
0 
0 
2 38 149 
0 
1 92 
0 
0 
0 
0 
0 
3 33 36 170 
0 
0 
0 
1 141 
0 
1 37 
2 73 137 
1 14 
0 
2 2 160 
0 
1 61 
0 
0 
0 
0 
1 78 
1 21 
1 77 
180 89
3 50 163 167 
0 
2 17 71 
0 
0 
0 
1 17 
2 119 171 
2 90 116 
1 159 
0 
1 51 
1 18 
0 
0 
0 
1 82 
2 2 6 
2 12 152 
1 84 
1 126 
0 
1 74 
2 86 120 
0 
0 
1 116 
0 
1 167 
1 139 
1 71 
1 79 
0 
0 
1 133 
0 
0 
1 123 
0 
2 88 94 
1 68 
1 63 
0 
2 110 163 
1 74 
0 
1 56 
0 
1 129 
0 
3 0 65 95 
3 11 70 169 
0 
2 86 116 
0 
0 
1 46 
0 
0 
0 
0 
2 161 170 
1 136 
1 41 
2 68 134 
1 50 
0 
0 
2 40 64 
0 
1 51 
2 2 30 
2 88 146 
0 
3 22 44 114 
0 
1 129 
3 117 127 136 
1 121 
1 31 
1 90 
1 86 
2 16 105 
0 
3 19 99 105 
1 123 
3 23 53 81 
0 
3 39 72 108 
1 103 
2 8 80 
1 103 
1 99 
2 138 167 
1 39 
1 50 
0 
1 161 
2 103 164 
3 84 92 179 
1 158 
1 134 
0 
4 89 91 98 167 
1 179 
4 82 84 155 173 
1 153 
0 
1 88 
1 112 
4 43 123 147 155 
0 
1 109 
0 
1 74 
0 
3 8 26 53 
1 77 
0 
1 7 
1 23 
1 78 
1 171 
3 37 85 110 
0 
0 
1 20 
1 77 
0 
2 48 76 
0 
0 
0 
1 34 
2 64 101 
2 168 170 
4 62 77 137 157 
1 136 
1 93 
1 29 
0 
0 
0 
0 
0 
0 
1 72 
1 110 
0 
0 
0 
0 
1 18 
1 106 
0 
3 105 110 168 
0 
1 136 
1 100 
1 9 
0 
2 61 97 
0 
3 0 43 171 
1 98 
0 
0 
4 0 28 93 103 
2 135 155 
1 51 
2 61 135 
3 7 122 163 
0 
1 105 
0 
0 
0 
0 
0 
2 99 104 
