200 101
1 106 
2 173 185 
2 130 179 
1 172 
0 
0 
1 9 
0 
1 116 
2 6 125 
1 17 
1 175 
2 189 197 
2 16 73 
0 
0 
2 13 136 
4 10 52 81 196 
0 
3 39 46 115 
2 38 113 
0 
0 
0 
0 
1 98 
0 
2 148 170 
0 
2 156 170 
1 73 
1 53 
1 98 
3 80 137 184 
2 42 137 
1 154 
1 92 
3 87 102 171 
1 20 
1 19 
0 
0 
1 34 
1 136 
1 132 
0 
1 19 
1 102 
0 
2 106 129 
2 180 198 
0 
3 17 124 132 
3 31 84 100 
0 
3 80 99 180 
0 
1 107 
0 
3 94 96 154 
0 
0 
1 148 
1 135 
0 
1 169 
2 95 135 
0 
0 
0 
1 120 
0 
1 174 
3 13 30 151 
0 
1 156 
1 146 
0 
0 
0 
2 33 55 
2 17 100 
0 
4 159 162 164 188 
1 53 
0 
0 
1 37 
0 
1 157 
0 
1 137 
1 36 
1 162 
1 59 
1 66 
1 59 
0 
2 25 32 
1 55 
2 53 81 
0 
2 37 47 
1 110 
1 156 
0 
2 0 49 
2 57 133 
0 
0 
2 103 145 
0 
0 
1 20 
1 171 
2 19 132 
1 8 
0 
1 141 
0 
1 70 
1 172 
0 
0 
1 52 
1 9 
0 
0 
0 
1 49 
2 2 173 
0 
3 44 52 115 
1 107 
0 
3 63 66 188 
3 16 43 147 
3 33 34 91 
0 
1 161 
2 175 199 
1 118 
0 
1 158 
0 
1 110 
1 76 
1 136 
2 27 62 
0 
1 187 
2 73 182 
0 
0 
2 35 59 
0 
3 29 75 104 
1 89 
1 143 
1 83 
0 
3 139 162 186 
3 83 93 161 
0 
1 83 
0 
0 
0 
0 
1 65 
2 27 29 
2 37 114 
2 3 121 
3 1 130 185 
1 72 
2 11 140 
0 
0 
0 
1 2 
2 50 55 
0 
1 151 
0 
1 33 
2 1 173 
2 161 190 
2 150 193 
2 83 135 
2 12 192 
1 186 
0 
1 189 
1 187 
0 
0 
1 17 
1 12 
1 50 
1 140 
200 101
0 
0 
0 
1 187 
1 83 
1 143 
1 108 
0 
0 
0 
2 19 135 
1 149 
2 36 161 
1 41 
1 141 
2 115 163 
0 
0 
0 
1 10 
1 86 
1 181 
2 31 57 
0 
1 127 
2 138 191 
0 
1 174 
0 
0 
1 113 
2 22 183 
0 
1 181 
0 
0 
1 12 
0 
1 44 
0 
1 65 
1 13 
0 
0 
3 38 60 76 
0 
1 56 
0 
0 
1 123 
0 
0 
2 143 167 
0 
2 145 198 
0 
2 46 70 
1 22 
3 101 161 168 
1 156 
2 44 185 
1 114 
0 
1 66 
2 102 104 
1 40 
2 63 146 
1 135 
0 
3 87 110 199 
2 56 78 
0 
0 
3 118 157 159 
0 
0 
2 44 142 
1 152 
2 70 87 
0 
1 108 
0 
0 
1 4 
1 137 
0 
2 20 179 
2 69 78 
0 
3 95 100 109 
0 
1 114 
1 102 
2 144 156 
1 168 
1 89 
0 
0 
0 
2 117 170 
1 89 
1 58 
3 64 92 120 
0 
3 64 106 125 
0 
3 104 181 194 
0 
3 6 80 185 
2 89 197 
1 69 
0 
0 
3 30 131 155 
2 61 91 
1 15 
2 128 154 
2 99 170 
2 73 173 
0 
1 102 
0 
0 
2 49 172 
1 153 
1 104 
0 
2 24 133 
1 116 
0 
0 
2 113 165 
2 134 156 
1 127 
1 132 
3 10 67 145 
0 
1 84 
2 25 198 
0 
0 
2 14 184 
1 76 
2 5 52 
1 93 
3 54 135 151 
2 66 170 
1 161 
0 
1 11 
0 
1 145 
1 77 
1 124 
1 116 
2 113 168 
3 59 93 132 
1 73 
0 
1 73 
0 
3 12 58 147 
0 
1 15 
1 195 
1 131 
0 
1 52 
4 58 94 155 176 
1 184 
3 99 117 146 
0 
1 123 
2 118 181 
2 27 180 
0 
1 168 
1 198 
0 
1 86 
1 174 
4 21 33 106 173 
0 
1 31 
2 141 169 
2 60 108 
0 
1 3 
0 
0 
0 
1 25 
0 
0 
1 106 
1 164 
0 
1 109 
3 54 138 177 
1 69 
