270 139
1 106 
3 103 115 257 
0 
0 
1 116 
0 
1 79 
1 16 
1 182 
3 123 131 193 
0 
0 
3 34 132 161 
3 20 224 231 
2 147 222 
0 
1 7 
0 
1 77 
2 222 244 
1 13 
2 88 160 
1 61 
3 27 175 232 
3 34 57 152 
1 89 
3 104 119 188 
1 23 
0 
0 
1 142 
1 55 
0 
0 
4 12 24 81 104 
2 70 88 
4 76 84 182 198 
2 235 254 
1 104 
1 86 
2 125 185 
0 
2 138 261 
0 
1 113 
0 
0 
1 50 
2 138 241 
0 
3 47 56 169 
0 
0 
0 
2 152 154 
1 31 
1 50 
2 24 183 
0 
0 
0 
1 22 
0 
0 
2 115 256 
0 
1 105 
1 185 
0 
0 
2 35 257 
0 
0 
0 
0 
1 203 
1 36 
2 18 185 
2 191 264 
3 6 98 228 
0 
2 34 244 
1 100 
0 
3 36 134 158 
0 
1 39 
1 253 
3 21 35 92 
1 25 
1 127 
0 
2 88 167 
0 
1 161 
0 
0 
1 187 
1 79 
0 
1 82 
0 
0 
1 1 
3 26 34 38 
2 66 192 
1 0 
1 120 
0 
0 
0 
0 
0 
2 44 218 
1 259 
5 1 64 162 176 248 
2 4 123 
1 198 
2 181 245 
2 26 128 
2 107 241 
2 228 235 
0 
3 9 116 242 
0 
3 40 153 191 
0 
1 90 
1 119 
1 228 
0 
1 9 
2 12 146 
1 268 
1 84 
1 217 
1 234 
0 
2 42 48 
0 
0 
0 
2 30 184 
1 150 
1 151 
0 
3 132 172 187 
2 14 188 
2 176 251 
1 262 
1 143 
1 144 
2 24 54 
1 125 
2 54 209 
0 
1 266 
1 193 
1 84 
0 
1 21 
2 12 94 
1 115 
0 
0 
0 
1 244 
1 92 
0 
1 50 
0 
1 233 
1 146 
1 238 
0 
1 23 
2 115 148 
0 
0 
0 
0 
1 118 
2 8 36 
1 57 
1 142 
4 40 67 77 201 
0 
2 97 146 
3 26 147 263 
0 
2 234 269 
3 78 125 219 
1 105 
2 9 157 
0 
1 233 
1 224 
0 
2 36 117 
0 
0 
1 185 
0 
1 75 
1 217 
1 266 
0 
0 
0 
1 154 
0 
0 
1 266 
0 
0 
0 
0 
3 135 204 237 
2 113 230 
1 191 
0 
0 
2 14 19 
1 260 
2 13 196 
0 
0 
1 242 
3 79 121 129 
0 
2 218 233 
1 13 
1 23 
3 171 195 230 
2 136 190 
2 37 121 
0 
1 217 
1 173 
0 
1 266 
2 48 120 
2 123 227 
0 
3 19 81 166 
1 118 
0 
1 252 
1 115 
0 
0 
1 148 
2 247 266 
1 87 
1 37 
0 
1 64 
2 1 70 
0 
1 114 
1 223 
1 42 
1 149 
1 188 
1 78 
0 
5 156 205 212 240 252 
0 
1 133 
1 190 
270 139
2 12 178 
1 164 
0 
0 
2 44 216 
1 266 
3 29 31 98 
0 
0 
1 210 
0 
3 56 190 196 
2 0 241 
0 
1 174 
0 
2 56 181 
1 78 
2 55 148 
1 256 
0 
1 227 
2 33 105 
2 153 232 
0 
0 
1 175 
0 
1 49 
1 6 
3 74 117 150 
1 6 
0 
2 22 137 
1 121 
1 214 
1 161 
0 
1 192 
1 54 
0 
0 
1 197 
0 
1 4 
2 129 174 
0 
0 
0 
1 28 
1 100 
3 206 240 242 
0 
3 71 83 137 
2 39 220 
2 18 245 
3 11 16 199 
1 76 
4 97 118 122 213 
3 134 233 241 
1 242 
0 
1 256 
2 120 177 
1 188 
0 
1 143 
0 
0 
1 76 
1 158 
1 53 
2 90 130 
0 
1 30 
2 202 212 
3 57 69 89 
0 
2 17 120 
2 165 258 
0 
0 
2 157 187 
2 53 187 
0 
1 98 
2 193 206 
0 
1 205 
1 76 
2 72 225 
1 203 
1 237 
1 153 
3 192 206 235 
0 
0 
2 58 237 
2 6 85 
0 
1 50 
0 
1 189 
1 176 
0 
1 22 
1 193 
1 266 
1 128 
0 
1 125 
0 
0 
0 
0 
1 254 
0 
1 30 
2 58 139 
0 
2 63 78 
1 34 
1 58 
1 172 
0 
2 110 163 
0 
0 
1 108 
1 45 
2 72 251 
0 
0 
0 
1 59 
1 137 
0 
5 33 53 135 195 229 
1 266 
1 118 
0 
0 
2 149 233 
1 66 
1 260 
1 180 
1 229 
0 
1 18 
1 142 
1 30 
2 168 212 
0 
2 23 93 
0 
0 
1 253 
3 82 172 228 
2 70 225 
0 
0 
3 36 232 256 
0 
1 125 
1 1 
1 79 
0 
0 
1 151 
0 
0 
0 
2 123 157 
0 
3 14 45 237 
1 26 
1 103 
3 63 185 186 
2 0 193 
0 
2 145 266 
1 16 
1 268 
0 
1 196 
1 177 
1 177 
2 82 83 
1 64 
2 102 227 
2 11 200 
0 
2 38 94 
3 86 106 178 
1 268 
1 137 
2 11 184 
1 42 
0 
1 56 
1 190 
0 
1 75 
1 91 
0 
1 88 
4 51 86 94 214 
0 
1 247 
0 
3 9 222 250 
0 
4 75 151 265 268 
1 58 
3 35 206 233 
0 
1 4 
0 
0 
0 
2 54 235 
0 
1 210 
0 
0 
2 90 158 
0 
3 21 189 240 
2 157 257 
2 137 146 
0 
0 
2 23 161 
3 59 142 214 
0 
2 94 220 
0 
3 92 97 174 
0 
0 
2 51 227 
2 12 59 
2 51 60 
0 
0 
1 55 
0 
1 208 
0 
0 
1 210 
1 130 
0 
1 156 
1 115 
1 269 
3 19 62 161 
1 228 
1 79 
0 
1 144 
0 
0 
1 266 
0 
1 212 
5 5 107 138 180 263 
0 
3 182 194 212 
1 255 
