320 156
1 106 
2 65 207 
0 
1 231 
0 
1 291 
0 
2 93 302 
1 53 
0 
3 49 176 291 
1 187 
1 133 
0 
0 
0 
1 175 
1 308 
0 
3 67 215 272 
3 43 138 319 
2 279 294 
1 66 
0 
0 
2 97 248 
0 
0 
2 106 129 
3 39 57 278 
1 111 
3 92 111 192 
1 117 
2 99 159 
1 282 
1 121 
1 141 
0 
1 184 
2 29 213 
1 291 
1 126 
0 
1 20 
2 147 149 
0 
1 270 
0 
0 
1 10 
0 
1 308 
1 182 
2 8 172 
1 189 
0 
0 
2 29 72 
0 
0 
1 218 
0 
2 70 267 
3 84 108 238 
0 
1 1 
2 22 317 
2 19 89 
0 
2 232 252 
1 62 
0 
2 57 297 
0 
1 151 
0 
1 209 
0 
0 
0 
0 
0 
1 117 
1 134 
1 63 
0 
0 
1 249 
2 271 285 
2 67 155 
2 153 287 
2 123 156 
2 31 191 
3 7 100 107 
1 182 
2 158 196 
0 
1 25 
1 133 
2 33 245 
2 93 284 
1 284 
1 217 
0 
0 
1 299 
3 0 28 304 
1 93 
4 63 149 164 287 
2 186 261 
1 183 
2 30 31 
1 300 
0 
1 212 
0 
0 
2 32 82 
0 
0 
0 
2 35 308 
1 309 
1 91 
0 
0 
1 41 
0 
1 185 
2 28 303 
3 244 279 307 
0 
1 248 
2 12 98 
1 83 
1 298 
1 228 
0 
1 20 
0 
2 167 211 
2 36 303 
1 282 
1 217 
0 
1 236 
1 224 
2 44 161 
0 
2 44 108 
4 181 221 239 256 
1 74 
2 156 214 
2 90 300 
1 244 
1 89 
3 91 152 186 
0 
3 95 176 257 
1 33 
1 303 
2 147 314 
0 
0 
1 108 
1 179 
0 
2 140 183 
0 
0 
0 
0 
2 53 242 
3 180 190 252 
2 198 259 
1 16 
3 10 158 293 
0 
0 
2 165 293 
1 173 
1 150 
2 52 94 
2 110 167 
1 38 
1 128 
2 109 156 
1 11 
0 
1 54 
2 173 274 
1 92 
1 31 
0 
0 
0 
1 95 
1 242 
2 174 317 
0 
1 290 
0 
0 
0 
0 
0 
0 
1 1 
0 
1 76 
0 
2 140 232 
1 114 
1 39 
1 152 
2 19 273 
0 
3 102 143 313 
1 60 
1 305 
0 
1 150 
0 
1 265 
1 146 
0 
1 296 
0 
1 136 
0 
0 
1 3 
2 69 211 
0 
0 
0 
1 145 
2 256 283 
1 63 
1 150 
0 
0 
2 172 197 
0 
2 130 154 
2 99 271 
1 280 
0 
2 25 132 
1 87 
0 
0 
2 69 173 
0 
0 
0 
2 150 237 
1 158 
0 
1 174 
1 317 
1 109 
0 
0 
0 
2 223 277 
0 
1 62 
0 
0 
1 46 
2 88 245 
1 19 
1 215 
1 190 
0 
1 313 
1 265 
1 29 
2 21 130 
1 246 
0 
2 34 142 
1 237 
2 100 101 
1 88 
0 
2 90 108 
1 301 
0 
1 200 
3 5 10 40 
0 
2 176 179 
1 21 
0 
1 226 
1 72 
1 135 
1 105 
2 112 153 
1 288 
1 7 
3 129 141 160 
1 106 
1 219 
0 
1 130 
3 17 51 121 
1 122 
0 
0 
0 
2 217 276 
1 161 
0 
0 
3 66 198 260 
0 
1 20 
320 156
2 31 302 
0 
1 18 
1 22 
3 50 136 245 
0 
2 92 171 
2 61 151 
1 307 
2 154 178 
0 
0 
1 319 
1 278 
0 
3 31 55 75 
0 
1 48 
1 2 
1 244 
1 258 
0 
3 3 202 203 
0 
2 123 125 
1 119 
0 
1 38 
1 155 
1 275 
2 96 201 
2 0 15 
0 
1 36 
0 
0 
1 33 
0 
2 27 79 
0 
2 74 246 
1 265 
3 161 266 288 
1 67 
1 110 
0 
0 
0 
2 17 86 
1 319 
1 4 
2 79 227 
1 272 
0 
1 78 
2 15 162 
1 319 
2 61 210 
0 
1 282 
2 106 109 
3 7 57 262 
2 101 242 
2 178 284 
0 
2 176 215 
0 
2 43 143 
0 
1 150 
1 107 
0 
0 
0 
1 40 
1 15 
2 93 251 
1 292 
2 54 313 
2 38 51 
0 
0 
0 
3 174 201 283 
0 
2 187 285 
1 48 
0 
1 208 
1 149 
0 
2 254 315 
1 6 
3 76 120 124 
0 
2 107 218 
2 30 222 
0 
0 
2 214 294 
1 196 
2 62 122 
2 167 177 
0 
1 220 
0 
1 60 
2 70 95 
1 203 
1 60 
3 44 202 234 
0 
0 
0 
0 
0 
1 314 
1 141 
0 
1 25 
1 93 
1 211 
2 101 175 
1 24 
1 93 
2 24 202 
0 
0 
0 
3 157 196 272 
2 220 230 
1 191 
1 308 
2 141 175 
2 183 278 
0 
1 4 
0 
1 207 
1 269 
0 
2 117 133 
2 145 157 
3 67 180 281 
0 
1 142 
1 310 
0 
0 
1 89 
2 69 313 
1 7 
0 
2 227 238 
1 9 
2 28 309 
0 
2 129 142 
1 269 
1 234 
0 
1 42 
1 55 
0 
1 266 
1 216 
0 
2 102 220 
0 
0 
0 
1 6 
0 
0 
1 83 
2 122 133 
1 65 
1 102 
2 9 63 
0 
1 143 
1 183 
0 
3 134 181 260 
1 187 
1 260 
0 
3 85 184 242 
0 
1 231 
0 
1 131 
0 
0 
0 
1 313 
2 100 129 
0 
0 
0 
1 296 
4 30 83 284 316 
3 22 110 125 
3 22 108 303 
0 
0 
0 
1 138 
1 88 
0 
2 57 261 
1 121 
0 
0 
2 99 274 
1 65 
1 165 
1 287 
1 95 
0 
3 104 130 167 
1 232 
2 96 232 
2 281 290 
2 296 319 
0 
0 
2 51 153 
0 
0 
1 130 
3 189 275 280 
2 221 222 
0 
2 110 159 
0 
0 
0 
1 153 
0 
0 
0 
2 62 187 
1 252 
1 19 
1 4 
3 40 249 251 
0 
0 
1 246 
0 
2 76 246 
1 243 
1 293 
1 91 
0 
1 268 
0 
1 20 
0 
2 183 185 
1 210 
1 61 
0 
1 273 
1 41 
2 42 164 
0 
1 256 
2 139 158 
1 274 
0 
2 52 129 
1 264 
2 214 270 
2 29 231 
0 
0 
2 13 134 
0 
1 231 
2 143 223 
1 59 
1 83 
2 63 201 
1 85 
1 305 
1 217 
1 42 
0 
1 223 
1 300 
1 77 
1 253 
1 99 
0 
2 200 224 
0 
0 
0 
1 291 
0 
1 0 
1 203 
0 
1 286 
0 
1 8 
1 132 
1 155 
1 146 
0 
0 
3 78 150 195 
1 116 
1 91 
1 201 
0 
0 
4 12 49 56 224 
