350 180
1 106 
1 35 
0 
1 141 
0 
1 141 
1 225 
2 92 154 
0 
3 88 215 330 
0 
0 
0 
0 
0 
1 28 
1 130 
2 158 306 
3 32 102 197 
2 48 306 
0 
0 
1 322 
1 147 
0 
2 232 255 
1 132 
2 49 171 
4 15 119 138 219 
1 111 
2 60 120 
2 210 333 
2 18 319 
0 
1 294 
2 1 289 
1 333 
1 134 
0 
0 
0 
0 
1 108 
0 
0 
0 
1 278 
1 117 
2 19 72 
2 27 54 
0 
1 129 
0 
0 
1 49 
1 240 
3 144 217 241 
1 79 
0 
1 339 
2 30 74 
0 
1 143 
0 
0 
1 97 
1 159 
0 
1 141 
0 
0 
0 
1 48 
2 96 349 
1 60 
0 
0 
1 304 
2 286 300 
2 57 130 
4 88 222 286 319 
1 313 
2 181 188 
1 222 
2 157 195 
0 
0 
1 341 
3 9 80 338 
1 296 
1 187 
0 
1 7 
1 143 
1 106 
3 120 135 258 
4 73 114 189 320 
1 65 
1 349 
0 
1 173 
0 
1 18 
0 
0 
0 
3 0 94 203 
1 159 
1 42 
0 
0 
2 29 238 
1 309 
2 203 238 
2 96 347 
0 
0 
2 47 253 
1 135 
1 28 
3 30 95 337 
1 153 
1 196 
2 126 237 
0 
2 156 317 
2 123 203 
0 
2 290 348 
2 51 145 
4 16 79 161 219 
1 253 
2 26 145 
1 198 
2 37 296 
3 95 118 163 
1 315 
1 272 
1 28 
0 
0 
4 3 5 68 230 
0 
2 62 93 
1 56 
5 129 132 212 296 306 
2 165 317 
1 23 
1 235 
0 
1 259 
0 
0 
1 121 
1 7 
0 
1 125 
2 84 349 
1 17 
2 66 107 
0 
1 130 
1 247 
2 135 257 
1 284 
1 146 
0 
0 
0 
0 
0 
2 27 202 
0 
2 100 312 
0 
1 208 
1 228 
0 
1 235 
0 
1 209 
1 82 
0 
0 
0 
2 296 323 
0 
1 90 
1 82 
2 96 285 
0 
0 
0 
0 
0 
1 84 
2 122 229 
2 18 317 
1 133 
0 
0 
1 283 
1 171 
3 106 113 126 
1 271 
0 
0 
0 
2 175 259 
1 180 
3 31 233 329 
0 
1 145 
0 
0 
2 9 261 
0 
2 56 327 
2 240 307 
3 28 130 259 
1 223 
1 273 
2 80 83 
2 220 304 
0 
1 6 
1 250 
0 
1 176 
1 196 
1 141 
0 
1 25 
1 210 
0 
2 148 178 
0 
1 123 
2 111 113 
2 278 309 
2 55 218 
1 56 
0 
0 
0 
0 
0 
1 162 
1 251 
0 
2 226 345 
2 248 297 
3 254 335 344 
3 117 131 328 
1 252 
3 25 281 306 
0 
2 163 313 
1 95 
3 150 208 219 
2 272 313 
1 215 
0 
1 324 
1 348 
0 
0 
1 301 
0 
1 327 
0 
3 204 311 346 
2 137 260 
1 221 
0 
0 
1 297 
1 310 
2 46 239 
0 
0 
2 255 284 
1 311 
1 201 
2 164 281 
1 189 
3 78 80 290 
0 
0 
1 35 
2 128 286 
0 
0 
0 
1 34 
0 
4 89 134 145 185 
2 251 276 
0 
0 
1 78 
1 267 
0 
0 
2 77 223 
0 
4 17 19 145 255 
1 218 
0 
2 112 239 
1 277 
2 271 282 
1 173 
3 81 257 260 
0 
2 136 344 
0 
3 125 146 197 
0 
2 32 80 
1 96 
0 
1 22 
2 185 341 
1 263 
1 348 
0 
2 217 269 
1 253 
1 210 
1 9 
0 
0 
2 31 36 
0 
1 252 
0 
1 120 
1 88 
1 59 
0 
2 87 323 
0 
0 
2 252 315 
1 250 
1 271 
1 114 
3 128 264 325 
3 73 98 157 
350 180
0 
0 
0 
0 
5 106 178 199 338 346 
2 123 199 
2 226 238 
1 269 
0 
1 340 
1 31 
2 76 92 
1 26 
1 235 
0 
1 347 
0 
1 60 
1 249 
0 
2 23 202 
1 229 
1 281 
2 20 145 
1 110 
1 156 
1 12 
1 281 
2 138 173 
0 
0 
3 10 249 285 
0 
2 286 299 
1 147 
1 150 
1 117 
1 282 
2 79 262 
1 204 
1 68 
0 
0 
1 55 
0 
1 229 
0 
0 
0 
2 213 333 
0 
1 263 
0 
0 
1 348 
3 43 201 258 
0 
3 222 286 324 
0 
1 346 
2 17 213 
0 
0 
3 68 114 199 
1 239 
0 
1 336 
0 
2 40 63 
3 127 181 220 
0 
4 239 271 285 299 
0 
2 154 317 
2 132 333 
0 
1 11 
0 
0 
1 38 
0 
0 
1 118 
1 97 
0 
1 267 
1 267 
0 
0 
2 105 349 
0 
1 255 
3 11 258 321 
1 189 
1 188 
0 
0 
1 83 
2 314 342 
2 238 256 
1 207 
1 220 
1 141 
1 197 
0 
2 89 234 
4 4 143 188 283 
0 
0 
2 121 199 
1 24 
1 181 
3 174 273 288 
1 264 
2 63 196 
0 
2 217 299 
2 36 246 
3 82 211 277 
1 331 
1 141 
2 109 328 
0 
1 5 
0 
0 
0 
1 69 
1 229 
2 183 218 
0 
0 
2 74 261 
1 339 
2 144 264 
1 313 
2 210 325 
1 178 
2 28 242 
1 156 
0 
3 102 120 333 
1 229 
2 106 167 
1 134 
1 23 
0 
1 34 
0 
0 
1 35 
0 
0 
2 164 206 
4 73 298 322 343 
0 
4 25 139 247 298 
0 
0 
1 349 
0 
0 
0 
1 173 
1 153 
1 196 
0 
2 143 347 
1 224 
0 
1 278 
0 
1 268 
2 28 163 
1 112 
1 227 
1 262 
1 218 
2 4 137 
0 
0 
3 69 111 250 
3 245 298 315 
2 129 307 
2 282 311 
0 
1 227 
1 278 
2 94 106 
1 93 
0 
0 
0 
0 
2 264 311 
0 
2 114 165 
2 103 264 
1 295 
4 4 5 63 109 
0 
2 55 271 
1 20 
1 315 
1 39 
1 342 
1 153 
1 100 
0 
0 
1 136 
2 118 305 
0 
2 49 60 
0 
1 273 
0 
1 116 
3 129 177 280 
0 
3 69 101 314 
0 
1 57 
0 
1 168 
0 
1 6 
2 175 186 
0 
4 21 45 128 142 
0 
0 
0 
0 
1 105 
1 13 
0 
1 321 
2 6 99 
2 64 71 
0 
0 
1 138 
0 
1 339 
1 182 
2 117 330 
1 156 
0 
2 18 31 
2 181 269 
0 
0 
1 285 
0 
1 91 
1 99 
1 305 
2 55 92 
2 267 290 
1 349 
1 132 
2 38 176 
1 51 
4 113 134 194 197 
0 
0 
3 85 86 259 
1 172 
2 7 250 
0 
2 71 201 
0 
2 112 215 
0 
0 
0 
1 118 
2 170 187 
0 
1 218 
2 22 27 
2 37 184 
1 106 
1 297 
3 31 71 253 
2 33 57 
0 
1 112 
0 
1 259 
0 
1 301 
0 
0 
1 198 
1 344 
2 284 302 
3 154 156 182 
3 33 71 116 
0 
2 292 319 
1 297 
0 
0 
2 211 257 
0 
1 183 
0 
0 
0 
3 184 194 345 
0 
2 135 329 
2 98 220 
2 182 203 
0 
1 73 
0 
1 301 
0 
2 92 237 
1 154 
0 
1 57 
1 136 
0 
2 342 348 
1 121 
1 313 
1 246 
1 119 
0 
3 49 74 141 
0 
0 
1 66 
0 
1 4 
2 133 244 
1 9 
0 
3 98 205 327 
1 154 
1 296 
1 311 
2 4 59 
2 15 167 
2 54 327 
3 89 159 260 
