370 188
1 106 
1 15 
0 
1 81 
0 
1 41 
2 105 314 
1 14 
1 268 
2 35 150 
0 
0 
0 
0 
2 7 82 
2 1 163 
2 170 318 
3 23 93 188 
1 276 
0 
0 
1 229 
1 33 
1 17 
2 99 299 
2 194 316 
3 242 261 342 
1 212 
1 199 
1 267 
2 51 354 
0 
1 285 
2 22 258 
1 280 
2 9 59 
0 
0 
0 
0 
0 
1 5 
0 
1 330 
1 146 
2 78 360 
0 
0 
1 66 
0 
0 
1 30 
3 85 282 355 
2 63 193 
0 
0 
1 92 
0 
1 137 
1 35 
1 327 
1 364 
0 
2 53 296 
0 
0 
1 48 
0 
1 126 
1 79 
0 
0 
1 234 
3 191 205 305 
1 237 
3 77 141 174 
3 143 278 285 
2 75 293 
3 45 202 240 
1 69 
0 
2 3 308 
2 14 279 
2 211 361 
0 
1 52 
1 236 
1 172 
3 159 174 297 
3 126 201 332 
0 
1 307 
2 56 353 
1 17 
0 
0 
0 
0 
1 215 
2 24 143 
0 
0 
0 
1 110 
3 153 283 318 
1 6 
2 0 135 
0 
2 217 330 
0 
1 103 
2 214 258 
1 271 
2 171 282 
0 
2 141 302 
1 158 
0 
3 185 243 260 
2 245 303 
1 306 
1 167 
1 189 
2 256 337 
0 
1 213 
3 68 89 139 
0 
0 
1 212 
0 
0 
1 302 
3 150 160 222 
1 139 
2 106 226 
0 
2 58 184 
0 
2 126 134 
0 
2 75 115 
0 
2 76 99 
0 
0 
1 44 
1 217 
1 192 
1 184 
2 9 133 
0 
0 
1 104 
1 284 
0 
1 320 
1 353 
2 116 335 
1 88 
2 133 266 
0 
1 164 
1 15 
1 162 
0 
2 263 290 
1 121 
0 
1 295 
1 16 
1 113 
1 87 
0 
3 75 88 346 
0 
1 199 
0 
0 
1 190 
0 
1 239 
0 
0 
2 137 149 
2 118 308 
1 221 
0 
1 17 
2 122 290 
1 179 
3 73 264 308 
3 148 198 280 
2 53 197 
2 25 200 
1 310 
0 
2 193 283 
1 192 
2 28 176 
1 194 
1 89 
1 78 
0 
0 
1 73 
2 316 347 
0 
0 
0 
0 
1 83 
3 27 129 277 
1 125 
4 111 259 309 363 
3 98 290 299 
2 226 368 
3 108 147 241 
1 282 
1 361 
1 253 
1 186 
3 133 230 339 
0 
1 250 
1 293 
4 135 216 291 326 
0 
1 369 
2 21 314 
1 222 
1 289 
1 246 
1 347 
1 72 
0 
1 86 
1 74 
0 
1 181 
1 78 
1 217 
1 26 
1 118 
1 363 
1 119 
2 232 349 
1 283 
0 
0 
1 224 
0 
1 284 
3 220 306 337 
1 321 
0 
1 123 
0 
2 33 111 
1 214 
2 118 341 
1 26 
0 
1 166 
2 191 366 
1 281 
1 160 
1 29 
2 8 273 
0 
0 
1 112 
2 281 358 
1 268 
0 
0 
1 18 
1 212 
1 76 
1 82 
2 34 192 
2 265 272 
3 52 113 218 
3 104 197 247 
2 154 252 
2 32 76 
0 
0 
0 
1 231 
3 166 189 215 
1 226 
0 
2 77 225 
0 
1 169 
1 63 
1 88 
0 
2 24 215 
0 
0 
2 115 132 
1 119 
0 
1 73 
2 120 253 
1 91 
3 81 185 191 
1 214 
2 195 334 
0 
0 
0 
2 6 229 
0 
2 25 206 
0 
2 16 104 
0 
2 156 344 
1 254 
0 
0 
0 
0 
2 226 337 
1 60 
0 
0 
2 43 108 
1 367 
1 89 
0 
1 310 
1 158 
1 364 
3 123 253 326 
0 
1 222 
0 
1 260 
1 26 
0 
1 320 
0 
1 174 
2 206 233 
0 
1 246 
0 
0 
0 
2 92 157 
1 30 
1 52 
0 
0 
1 272 
0 
1 45 
2 83 219 
0 
2 214 244 
2 61 336 
0 
1 264 
1 331 
1 216 
1 228 
370 188
0 
1 215 
2 94 222 
1 118 
0 
0 
1 301 
2 210 304 
0 
1 222 
3 91 323 342 
1 95 
3 54 80 317 
1 325 
1 307 
2 292 309 
2 194 307 
0 
0 
1 176 
1 165 
0 
1 148 
2 29 200 
0 
1 52 
0 
0 
3 169 208 217 
3 23 220 257 
1 364 
3 49 204 284 
2 150 358 
1 198 
1 147 
0 
0 
1 361 
0 
2 133 273 
0 
2 193 230 
0 
1 362 
3 81 301 367 
1 239 
0 
2 78 108 
2 66 113 
1 31 
0 
0 
2 25 360 
2 94 271 
3 12 86 330 
0 
0 
1 69 
2 161 368 
0 
1 161 
0 
1 244 
1 302 
1 91 
3 269 277 351 
1 48 
1 314 
1 245 
1 57 
2 159 259 
1 323 
0 
0 
0 
0 
1 268 
0 
2 47 197 
2 101 341 
1 12 
1 44 
2 145 280 
1 368 
0 
0 
2 54 255 
1 300 
1 181 
1 290 
0 
2 10 64 
1 145 
2 201 302 
2 2 53 
1 11 
0 
0 
1 158 
2 127 178 
1 352 
1 79 
0 
3 242 305 341 
1 305 
0 
0 
0 
2 47 156 
1 251 
0 
2 166 243 
1 211 
2 48 298 
1 203 
1 333 
1 332 
0 
1 3 
0 
1 245 
2 146 222 
0 
1 279 
1 214 
0 
1 199 
1 99 
1 304 
1 215 
1 178 
1 318 
0 
1 39 
1 289 
1 269 
0 
2 172 334 
0 
0 
1 260 
1 290 
1 178 
1 248 
1 305 
2 82 92 
1 121 
1 34 
1 22 
0 
3 32 272 349 
0 
0 
1 158 
0 
2 269 297 
1 108 
0 
2 98 153 
2 70 229 
1 317 
2 58 60 
0 
0 
0 
2 20 253 
1 111 
0 
1 169 
2 28 168 
0 
0 
2 137 323 
1 309 
0 
1 301 
1 19 
0 
3 99 130 142 
1 205 
1 193 
1 88 
0 
1 206 
0 
0 
0 
0 
1 201 
1 314 
1 304 
1 364 
0 
2 41 180 
1 16 
1 349 
3 197 201 299 
2 78 196 
4 33 208 237 318 
2 126 237 
1 23 
3 93 188 196 
0 
2 114 319 
2 31 239 
2 179 226 
1 183 
0 
2 28 198 
0 
1 7 
1 112 
0 
0 
2 124 320 
3 1 129 231 
0 
3 28 279 339 
2 224 295 
0 
2 29 334 
1 222 
4 2 9 121 221 
1 266 
2 218 272 
0 
1 205 
0 
0 
1 159 
1 41 
1 215 
0 
0 
2 247 260 
0 
0 
2 198 199 
0 
2 45 204 
1 251 
0 
2 103 296 
1 111 
1 62 
2 68 120 
1 345 
2 234 256 
1 143 
1 342 
0 
2 109 240 
0 
1 165 
0 
2 86 258 
2 247 266 
1 29 
1 255 
1 70 
2 140 234 
0 
1 347 
0 
0 
0 
2 223 256 
0 
1 76 
3 65 135 155 
0 
1 53 
2 150 224 
1 39 
0 
1 313 
0 
1 65 
0 
2 123 217 
1 82 
1 290 
0 
0 
1 31 
1 324 
0 
0 
1 340 
1 134 
3 89 141 281 
0 
1 15 
0 
0 
1 218 
1 242 
1 155 
1 113 
1 196 
1 87 
3 6 44 175 
2 63 93 
2 309 341 
3 7 128 190 
3 103 104 144 
0 
2 14 16 
1 338 
3 15 173 303 
0 
1 322 
0 
1 275 
3 67 189 354 
0 
0 
3 12 160 328 
2 131 198 
1 203 
1 214 
0 
1 311 
3 10 71 172 
1 285 
1 13 
0 
0 
1 317 
0 
2 54 360 
0 
2 116 350 
1 115 
2 137 220 
1 349 
0 
0 
1 308 
1 217 
1 288 
3 79 103 303 
2 10 249 
0 
0 
1 246 
0 
1 262 
0 
3 150 195 335 
1 332 
1 65 
1 100 
0 
1 314 
0 
0 
0 
1 32 
0 
2 52 330 
1 37 
1 43 
0 
2 30 191 
0 
0 
2 44 369 
2 58 83 
1 367 
