380 190
1 106 
1 5 
0 
1 51 
1 365 
1 1 
3 45 254 316 
0 
2 188 315 
1 60 
0 
0 
0 
1 307 
1 377 
1 373 
2 158 285 
1 18 
2 17 96 
0 
1 377 
1 170 
0 
1 214 
2 59 298 
3 66 335 354 
2 82 294 
1 270 
1 327 
1 100 
1 54 
1 312 
1 274 
1 285 
1 53 
0 
0 
0 
0 
0 
0 
0 
2 236 377 
1 297 
1 244 
1 6 
1 249 
0 
0 
0 
1 220 
5 3 89 162 186 316 
0 
1 34 
2 30 179 
0 
1 200 
0 
1 366 
1 24 
2 9 72 
1 299 
0 
0 
0 
0 
3 25 69 322 
0 
0 
1 66 
1 129 
3 74 88 188 
5 60 108 242 306 339 
1 295 
2 71 132 
3 128 328 366 
0 
0 
0 
2 95 353 
1 272 
1 124 
1 26 
1 258 
1 181 
3 155 170 293 
3 109 184 315 
0 
2 71 264 
2 51 297 
0 
0 
0 
0 
1 365 
2 79 279 
1 18 
0 
0 
1 190 
3 29 219 349 
1 106 
1 173 
0 
2 227 340 
0 
2 0 101 
2 182 226 
2 72 225 
3 86 111 222 
1 321 
3 109 214 323 
0 
2 320 378 
2 130 365 
1 159 
2 148 257 
1 264 
1 316 
1 137 
1 243 
1 154 
0 
0 
2 81 182 
0 
0 
3 227 311 321 
3 75 132 284 
2 70 355 
1 114 
1 281 
2 74 128 
0 
0 
0 
0 
1 119 
0 
0 
0 
2 154 350 
1 325 
0 
0 
0 
0 
1 340 
1 116 
1 342 
0 
1 323 
0 
1 220 
3 121 141 308 
1 85 
0 
0 
3 16 335 362 
1 115 
0 
1 313 
1 51 
0 
0 
0 
1 274 
1 302 
0 
0 
3 21 85 236 
0 
1 247 
1 102 
0 
0 
2 240 336 
0 
0 
2 54 345 
0 
3 84 279 323 
5 107 124 193 275 368 
1 350 
1 86 
1 245 
2 51 370 
0 
2 8 71 
0 
1 99 
0 
0 
1 182 
0 
2 214 245 
0 
0 
0 
0 
2 56 227 
1 342 
4 215 269 350 359 
1 263 
2 230 255 
1 273 
2 329 370 
0 
1 299 
1 238 
1 271 
1 290 
2 264 299 
0 
5 23 111 195 294 379 
1 202 
1 304 
1 236 
1 312 
1 100 
2 50 153 
0 
1 109 
0 
0 
1 108 
1 107 
4 104 127 200 354 
0 
2 286 342 
1 204 
0 
0 
1 348 
2 341 372 
1 327 
3 42 170 217 
0 
1 209 
0 
2 176 311 
0 
1 72 
3 120 351 370 
1 44 
2 185 195 
1 266 
1 172 
0 
3 46 275 352 
0 
0 
0 
0 
1 6 
1 204 
0 
1 116 
1 83 
0 
0 
0 
0 
1 203 
3 88 117 212 
0 
1 246 
0 
0 
1 202 
1 27 
1 210 
1 80 
1 205 
3 32 166 348 
2 182 249 
0 
0 
0 
2 95 181 
1 284 
1 131 
0 
0 
2 128 280 
3 16 33 300 
2 229 379 
0 
0 
0 
1 211 
0 
0 
1 85 
2 26 214 
2 73 297 
0 
3 43 89 295 
1 24 
3 61 208 212 
1 285 
1 343 
1 167 
0 
1 216 
0 
1 72 
1 13 
1 154 
0 
0 
2 127 240 
2 31 218 
2 161 329 
0 
2 8 86 
3 6 51 118 
1 324 
0 
0 
1 113 
2 110 127 
1 66 
4 111 151 181 361 
1 317 
1 142 
0 
2 28 235 
1 75 
3 206 313 371 
0 
0 
0 
0 
0 
2 25 158 
1 176 
0 
0 
1 72 
2 104 147 
1 234 
3 149 201 229 
1 301 
0 
1 179 
0 
0 
2 233 274 
1 100 
3 141 183 202 
1 243 
1 249 
1 79 
2 25 227 
1 129 
0 
0 
0 
1 202 
0 
1 323 
1 158 
0 
0 
3 4 94 114 
2 58 75 
0 
1 182 
0 
3 186 206 243 
1 329 
1 234 
1 15 
0 
0 
0 
3 14 20 42 
1 113 
2 214 286 
380 190
0 
0 
1 43 
1 285 
2 224 348 
0 
2 31 182 
1 118 
1 247 
0 
0 
1 84 
5 82 153 200 207 376 
1 60 
1 275 
0 
0 
1 135 
1 348 
1 141 
0 
1 165 
0 
1 342 
1 225 
1 62 
3 83 146 211 
2 273 360 
0 
0 
1 136 
2 6 188 
1 64 
2 109 332 
1 371 
1 160 
1 105 
0 
1 344 
4 50 222 240 341 
1 120 
1 337 
3 308 333 379 
5 2 133 166 212 241 
1 342 
0 
1 350 
0 
0 
0 
3 39 136 273 
1 80 
2 60 187 
3 102 242 374 
2 103 222 
1 327 
2 153 299 
1 277 
0 
0 
5 13 52 108 283 347 
1 341 
2 25 104 
3 270 287 291 
3 32 89 258 
1 306 
0 
0 
0 
4 168 282 289 357 
0 
0 
1 285 
0 
2 82 93 
1 289 
1 184 
0 
1 194 
0 
3 51 102 155 
0 
2 12 74 
3 26 208 274 
3 11 97 374 
0 
2 289 352 
0 
0 
3 64 110 145 
0 
0 
1 121 
2 74 205 
0 
1 224 
0 
1 84 
3 200 213 233 
0 
0 
0 
3 53 80 346 
1 54 
1 62 
1 36 
1 220 
1 125 
1 60 
2 33 135 
2 89 196 
1 183 
0 
1 205 
3 198 214 290 
0 
1 183 
0 
2 7 313 
1 344 
1 40 
3 92 197 212 
1 218 
0 
0 
2 107 244 
3 143 228 272 
0 
1 171 
0 
1 208 
0 
0 
2 43 322 
0 
3 17 109 288 
2 30 50 
0 
0 
0 
0 
1 19 
0 
2 126 284 
0 
2 89 208 
1 26 
2 207 239 
1 370 
1 208 
0 
0 
0 
2 12 56 
1 287 
1 80 
0 
0 
0 
0 
1 35 
0 
1 266 
1 219 
1 345 
2 21 368 
1 43 
0 
1 69 
1 172 
0 
2 128 330 
1 169 
1 356 
2 214 229 
0 
1 304 
1 288 
1 347 
2 208 365 
2 308 373 
0 
1 6 
2 111 116 
1 76 
1 229 
0 
1 52 
1 31 
0 
1 218 
2 229 342 
0 
0 
2 78 225 
0 
3 110 204 223 
1 121 
1 114 
0 
3 12 98 288 
0 
0 
0 
2 196 236 
3 93 113 377 
0 
2 12 147 
5 83 130 145 149 179 
0 
0 
1 26 
2 43 121 
1 98 
3 114 174 240 
0 
1 225 
0 
2 122 190 
2 163 252 
1 106 
0 
2 39 54 
1 196 
3 4 95 297 
3 24 194 216 
1 279 
0 
1 126 
3 174 185 191 
0 
0 
0 
3 98 321 373 
0 
0 
1 204 
0 
1 286 
1 147 
2 39 214 
2 43 294 
1 53 
0 
1 125 
1 360 
2 318 363 
1 8 
0 
0 
0 
0 
1 219 
2 291 362 
0 
1 292 
0 
0 
1 64 
0 
1 278 
0 
1 343 
0 
1 326 
2 291 333 
1 162 
0 
0 
1 365 
1 63 
1 352 
1 126 
2 27 50 
1 83 
1 14 
0 
1 57 
1 260 
1 226 
0 
0 
1 69 
1 60 
1 143 
2 3 72 
1 238 
2 63 154 
4 135 177 200 354 
3 69 75 86 
1 114 
3 63 253 265 
1 255 
0 
1 241 
0 
0 
1 224 
1 345 
1 56 
0 
0 
0 
0 
2 176 365 
0 
1 65 
0 
2 42 180 
0 
0 
0 
0 
1 118 
0 
0 
0 
0 
1 246 
0 
0 
1 233 
1 133 
0 
0 
0 
1 264 
1 55 
0 
0 
1 171 
0 
2 33 351 
2 42 265 
0 
0 
0 
1 41 
0 
1 361 
0 
2 39 61 
3 23 44 191 
1 262 
3 38 119 366 
2 164 298 
1 102 
2 60 178 
3 4 18 379 
0 
1 46 
1 332 
3 86 271 372 
0 
1 288 
0 
1 173 
1 69 
0 
0 
2 27 245 
1 339 
1 253 
1 246 
0 
3 179 269 304 
1 344 
0 
1 165 
0 
1 148 
1 34 
1 352 
2 180 233 
2 53 84 
0 
1 12 
1 205 
0 
2 42 348 
