400 192
2 106 383 
0 
1 387 
0 
1 285 
1 318 
2 134 196 
0 
3 28 155 270 
0 
0 
0 
0 
1 47 
1 97 
2 73 348 
1 60 
1 117 
0 
1 356 
1 128 
0 
2 130 330 
1 315 
3 209 228 309 
1 147 
1 102 
2 138 261 
2 8 193 
0 
2 60 369 
1 358 
1 104 
0 
0 
0 
0 
0 
0 
0 
2 111 252 
1 150 
1 75 
1 391 
0 
0 
0 
2 13 270 
4 116 189 213 343 
0 
0 
1 137 
0 
1 112 
0 
1 232 
0 
0 
1 96 
0 
2 16 30 
0 
2 87 340 
0 
0 
1 384 
2 304 318 
2 86 313 
3 116 180 213 
2 145 287 
1 258 
2 130 168 
0 
1 15 
2 125 383 
2 42 277 
1 104 
0 
1 188 
3 86 354 369 
2 173 282 
1 170 
1 385 
1 392 
0 
0 
2 67 79 
1 62 
1 330 
1 218 
0 
0 
1 331 
1 333 
2 158 193 
1 233 
1 58 
3 14 233 346 
0 
0 
1 151 
2 279 390 
1 26 
2 165 326 
3 32 76 140 
1 376 
4 0 141 158 393 
0 
1 120 
1 208 
2 232 313 
2 40 390 
2 53 272 
0 
0 
1 213 
2 48 68 
1 17 
4 171 255 265 327 
0 
2 108 241 
1 386 
0 
0 
0 
1 74 
0 
0 
1 20 
0 
3 22 71 227 
2 155 367 
0 
0 
1 6 
0 
1 227 
1 51 
2 27 167 
1 345 
1 104 
2 106 178 
1 234 
0 
0 
2 69 386 
1 160 
1 25 
1 265 
0 
1 41 
1 100 
1 307 
1 301 
0 
3 8 131 376 
0 
1 317 
2 94 106 
0 
1 146 
2 170 266 
0 
0 
1 170 
4 103 267 311 378 
2 227 320 
2 138 266 
2 71 319 
0 
4 81 161 164 178 
1 118 
0 
1 80 
0 
0 
2 361 392 
0 
2 141 170 
0 
2 68 397 
0 
3 255 305 359 
2 233 313 
2 240 265 
1 243 
2 259 300 
1 360 
2 78 258 
2 48 250 
2 228 369 
1 196 
1 315 
3 28 94 194 
3 193 241 335 
1 368 
2 6 191 
0 
0 
0 
0 
0 
0 
1 218 
2 256 312 
0 
0 
1 329 
2 109 307 
2 24 216 
0 
0 
1 341 
3 48 68 115 
0 
2 237 256 
2 209 371 
0 
2 89 203 
2 230 307 
0 
0 
0 
0 
0 
0 
0 
3 130 136 166 
2 24 190 
0 
1 219 
0 
2 55 110 
3 95 97 183 
1 142 
0 
1 321 
1 215 
0 
1 383 
1 184 
2 120 194 
0 
2 185 249 
1 266 
0 
0 
0 
1 366 
1 243 
1 189 
0 
2 40 301 
0 
0 
2 118 182 
2 204 215 
0 
3 70 188 284 
2 186 393 
0 
1 27 
1 367 
0 
0 
4 118 148 184 287 
3 161 167 244 
1 165 
0 
0 
2 8 47 
0 
1 112 
0 
0 
0 
0 
1 75 
1 292 
2 101 286 
0 
0 
1 80 
0 
1 258 
1 4 
2 279 333 
2 69 265 
0 
0 
1 328 
0 
1 278 
0 
0 
0 
0 
0 
0 
0 
1 186 
3 153 252 348 
0 
0 
1 66 
1 182 
0 
3 152 208 219 
0 
1 24 
0 
1 165 
1 204 
3 67 110 183 
0 
2 23 192 
0 
1 157 
3 5 66 385 
2 168 376 
1 166 
1 236 
0 
0 
0 
0 
2 103 364 
1 118 
1 290 
1 207 
2 22 88 
1 92 
0 
2 93 286 
0 
1 194 
0 
0 
0 
0 
1 62 
1 212 
0 
1 48 
0 
1 139 
2 97 381 
0 
2 15 301 
0 
0 
0 
0 
0 
1 79 
0 
1 19 
0 
1 31 
1 182 
1 187 
1 176 
1 391 
0 
1 326 
1 399 
1 248 
2 131 262 
1 195 
3 30 79 190 
0 
1 216 
0 
0 
0 
0 
3 105 155 319 
0 
1 165 
0 
0 
1 346 
0 
3 0 74 239 
1 65 
2 82 318 
2 121 145 
1 2 
0 
0 
3 101 111 396 
3 43 362 397 
2 83 176 
2 106 259 
0 
0 
1 390 
2 180 391 
0 
1 365 
400 192
1 136 
0 
1 206 
1 325 
1 390 
3 71 204 383 
3 258 305 337 
2 256 331 
0 
1 377 
0 
0 
3 104 130 198 
1 192 
0 
3 60 232 298 
0 
1 95 
2 351 360 
1 198 
1 350 
2 126 128 
3 195 249 278 
0 
1 307 
1 340 
0 
0 
0 
1 130 
1 172 
0 
1 246 
0 
0 
2 99 160 
1 189 
0 
0 
0 
1 187 
0 
0 
0 
1 71 
0 
0 
0 
0 
0 
0 
4 97 207 258 337 
0 
1 90 
1 207 
1 149 
1 188 
0 
0 
2 63 171 
1 15 
0 
2 241 377 
3 59 106 299 
3 204 281 358 
0 
2 312 342 
0 
0 
1 89 
2 341 381 
3 5 44 161 
1 331 
0 
0 
1 135 
0 
0 
0 
1 291 
0 
1 95 
2 172 385 
0 
0 
2 123 228 
0 
1 318 
0 
1 69 
1 53 
1 131 
0 
1 397 
2 188 212 
4 17 81 209 348 
0 
1 51 
0 
1 35 
2 153 288 
1 237 
1 308 
0 
1 12 
1 262 
1 63 
2 114 197 
0 
2 202 278 
0 
1 314 
1 120 
0 
4 107 205 311 365 
2 283 297 
0 
2 245 354 
0 
2 252 305 
1 112 
0 
2 153 186 
2 85 235 
1 210 
0 
1 21 
1 285 
1 21 
0 
2 12 29 
3 91 240 316 
2 236 238 
1 285 
0 
1 75 
2 0 281 
1 190 
1 236 
0 
2 205 241 
0 
0 
2 221 280 
0 
0 
0 
2 193 257 
1 239 
2 55 306 
1 235 
1 172 
2 200 297 
3 100 122 167 
1 359 
1 373 
0 
2 243 379 
0 
0 
3 35 162 367 
2 71 179 
1 160 
0 
0 
0 
0 
1 153 
1 279 
0 
0 
2 59 265 
3 30 82 151 
1 327 
0 
0 
0 
0 
0 
1 161 
1 247 
1 241 
2 265 389 
1 336 
0 
3 302 311 336 
2 122 299 
3 40 193 321 
3 56 94 249 
2 36 296 
2 137 235 
0 
1 13 
2 147 187 
1 242 
2 22 313 
1 258 
2 107 313 
2 12 19 
0 
1 152 
0 
1 109 
1 252 
2 5 64 
2 114 140 
1 2 
2 51 54 
1 237 
1 95 
3 124 313 386 
0 
2 94 250 
0 
2 306 377 
0 
0 
0 
1 371 
0 
0 
2 143 319 
0 
1 248 
0 
0 
0 
0 
2 85 307 
0 
0 
0 
1 15 
1 288 
0 
4 123 150 190 385 
2 132 138 
2 101 208 
3 132 250 294 
1 148 
2 131 358 
4 62 140 181 309 
1 194 
1 157 
1 370 
2 117 365 
1 32 
1 180 
1 223 
3 22 188 341 
2 212 238 
0 
3 119 203 260 
0 
1 356 
1 375 
1 7 
1 147 
3 6 51 196 
0 
1 252 
0 
1 105 
1 335 
0 
2 171 182 
0 
0 
2 269 331 
1 268 
0 
0 
0 
0 
0 
0 
1 385 
0 
2 22 109 
1 168 
1 143 
2 64 136 
0 
1 115 
0 
2 127 133 
0 
0 
2 100 233 
1 390 
0 
1 79 
0 
1 364 
3 238 327 382 
0 
2 189 333 
2 115 152 
1 15 
2 63 186 
0 
2 332 395 
1 185 
0 
0 
2 6 119 
2 149 214 
2 24 228 
1 102 
1 241 
0 
2 114 185 
1 66 
3 195 197 210 
1 111 
0 
3 131 342 399 
0 
1 87 
1 221 
0 
2 187 399 
0 
1 385 
0 
1 3 
0 
2 173 294 
0 
0 
0 
3 7 72 268 
1 301 
1 296 
0 
1 263 
2 183 185 
2 6 51 
0 
0 
1 25 
2 70 249 
2 66 316 
0 
0 
0 
0 
0 
2 95 397 
0 
1 20 
1 18 
0 
0 
1 117 
0 
1 254 
0 
2 64 240 
1 154 
1 18 
0 
0 
0 
1 293 
2 114 245 
0 
1 160 
0 
0 
1 244 
2 218 386 
0 
1 155 
0 
1 255 
0 
3 9 62 214 
0 
1 157 
0 
1 70 
1 294 
1 5 
0 
4 82 235 276 323 
2 210 371 
0 
0 
1 182 
2 4 289 
0 
0 
0 
0 
1 301 
0 
2 93 348 
0 
2 316 321 
