430 204
2 106 383 
0 
1 327 
0 
1 165 
2 168 377 
1 16 
1 336 
1 30 
0 
0 
0 
1 73 
1 92 
3 37 312 407 
0 
2 6 19 
0 
2 196 347 
1 16 
1 285 
1 77 
4 31 300 319 400 
1 206 
1 129 
2 133 256 
1 156 
1 360 
1 268 
2 225 338 
1 8 
1 22 
0 
0 
0 
0 
0 
3 14 81 222 
1 87 
0 
1 262 
0 
0 
1 394 
3 206 279 303 
1 49 
0 
0 
1 412 
1 45 
0 
1 84 
0 
1 221 
0 
0 
0 
2 72 325 
0 
0 
1 264 
3 149 163 263 
4 123 257 321 354 
2 250 392 
1 327 
2 163 201 
0 
1 411 
1 308 
2 166 316 
0 
1 326 
2 57 187 
5 12 99 114 237 346 
1 197 
1 375 
1 345 
1 21 
0 
0 
0 
2 37 98 
0 
0 
2 51 295 
2 259 389 
1 425 
1 38 
1 347 
1 120 
0 
1 148 
3 13 237 348 
1 380 
1 315 
0 
3 178 236 253 
1 156 
2 81 135 
2 73 183 
2 167 248 
1 285 
1 127 
0 
1 272 
0 
2 0 429 
3 191 201 263 
1 415 
0 
1 199 
0 
0 
0 
1 73 
0 
0 
1 292 
2 177 389 
0 
1 89 
0 
0 
1 62 
0 
1 326 
1 373 
2 102 384 
0 
1 24 
2 401 428 
0 
0 
2 25 145 
0 
1 98 
1 299 
1 247 
0 
1 230 
1 367 
0 
0 
2 317 413 
0 
1 133 
1 173 
4 222 266 333 415 
3 91 227 405 
2 61 409 
0 
1 170 
0 
0 
0 
0 
4 26 97 331 362 
0 
0 
0 
1 167 
4 192 242 296 386 
3 199 341 366 
3 61 65 292 
2 256 297 
3 4 305 414 
2 69 353 
4 100 160 278 419 
2 5 193 
2 259 344 
2 151 337 
2 173 410 
0 
2 146 171 
0 
0 
0 
1 118 
3 96 311 367 
0 
0 
2 216 385 
1 237 
1 99 
0 
1 191 
2 399 418 
1 72 
1 233 
1 395 
1 233 
2 107 185 
1 161 
1 168 
0 
0 
1 18 
1 74 
0 
2 110 162 
0 
2 65 107 
1 364 
0 
0 
1 234 
2 23 44 
1 285 
1 236 
0 
0 
1 289 
0 
1 385 
0 
0 
1 181 
0 
0 
0 
1 382 
1 53 
3 37 147 292 
0 
0 
1 29 
0 
1 148 
0 
0 
2 139 328 
1 244 
0 
2 188 190 
1 205 
1 321 
2 96 208 
4 73 92 182 373 
0 
0 
0 
0 
1 161 
1 395 
1 231 
0 
0 
1 137 
1 100 
0 
1 63 
0 
2 316 387 
1 96 
0 
1 382 
2 25 164 
1 62 
0 
2 85 169 
0 
0 
1 40 
3 61 107 293 
1 60 
0 
1 147 
1 361 
2 28 313 
0 
0 
2 358 367 
1 104 
0 
1 388 
1 339 
0 
2 331 395 
2 167 372 
1 44 
0 
0 
1 402 
0 
0 
3 20 101 207 
0 
0 
0 
1 211 
0 
0 
4 117 163 222 308 
1 263 
0 
1 84 
1 161 
1 164 
0 
1 136 
1 22 
0 
0 
2 44 365 
0 
1 165 
0 
0 
2 68 292 
0 
0 
3 178 313 372 
1 14 
2 268 311 
1 361 
1 94 
2 69 252 
1 143 
0 
2 22 351 
1 365 
2 62 235 
0 
1 418 
0 
1 57 
2 71 125 
2 2 64 
1 230 
0 
0 
3 156 277 405 
0 
1 147 
0 
1 380 
1 7 
1 170 
1 29 
1 275 
0 
1 162 
0 
0 
1 169 
2 76 360 
1 73 
2 18 88 
1 92 
0 
0 
1 319 
0 
1 166 
1 62 
1 413 
0 
0 
1 271 
0 
2 27 345 
3 267 314 382 
1 156 
0 
1 202 
2 303 320 
1 162 
3 140 178 271 
0 
0 
0 
0 
2 278 311 
2 126 237 
0 
1 75 
0 
2 5 397 
0 
0 
2 93 335 
0 
3 220 255 361 
1 0 
1 127 
2 181 213 
1 161 
1 252 
1 274 
3 85 118 416 
0 
0 
1 63 
0 
1 43 
3 189 243 277 
0 
1 377 
0 
1 186 
1 22 
1 130 
1 282 
0 
0 
2 148 331 
0 
1 14 
1 417 
1 149 
1 171 
1 67 
1 48 
2 143 355 
1 165 
2 108 147 
1 389 
1 408 
3 186 323 426 
1 167 
0 
0 
0 
0 
0 
1 86 
1 418 
0 
1 130 
1 106 
430 204
0 
1 106 
4 26 63 231 408 
1 159 
1 54 
1 358 
2 261 344 
0 
0 
1 308 
0 
3 97 275 395 
0 
0 
2 74 327 
0 
2 65 167 
1 259 
0 
2 185 374 
1 40 
0 
2 243 405 
0 
0 
3 144 199 391 
2 2 252 
1 120 
3 65 126 192 
1 245 
0 
0 
0 
3 199 278 351 
1 178 
0 
1 392 
2 138 220 
3 322 356 427 
1 214 
3 20 164 428 
2 405 413 
0 
0 
1 242 
0 
2 117 255 
4 56 125 214 275 
1 233 
1 258 
0 
0 
1 84 
0 
1 4 
3 323 354 417 
1 47 
1 370 
1 247 
5 79 132 196 346 352 
0 
0 
3 83 124 126 
1 2 
1 372 
3 16 28 118 
1 99 
0 
0 
1 386 
0 
0 
0 
1 115 
1 14 
1 359 
1 398 
0 
1 219 
1 59 
1 336 
2 140 153 
1 257 
2 62 118 
1 52 
1 301 
1 300 
0 
0 
1 302 
1 251 
0 
0 
0 
1 262 
1 370 
1 420 
3 11 311 410 
1 178 
1 66 
0 
1 372 
0 
0 
1 143 
1 341 
3 1 149 337 
0 
1 142 
0 
0 
0 
0 
1 263 
2 389 399 
1 73 
1 327 
2 46 218 
2 65 83 
1 290 
1 27 
1 157 
0 
0 
4 62 275 369 392 
1 47 
3 28 62 151 
1 385 
0 
0 
0 
0 
1 59 
1 263 
2 146 158 
0 
0 
1 162 
2 37 281 
2 350 407 
1 81 
0 
2 108 346 
3 104 335 346 
2 25 231 
1 185 
1 134 
1 325 
0 
2 106 309 
0 
2 126 211 
0 
1 81 
0 
1 243 
1 363 
1 121 
2 134 387 
2 3 365 
2 215 338 
1 389 
1 137 
1 390 
1 40 
1 228 
0 
1 16 
1 247 
0 
3 330 380 397 
0 
1 398 
1 400 
1 259 
0 
0 
1 286 
2 34 98 
0 
0 
1 387 
0 
1 229 
0 
3 19 145 268 
0 
0 
0 
1 400 
0 
0 
1 28 
0 
1 232 
1 268 
1 59 
0 
1 407 
3 25 33 407 
0 
0 
0 
0 
0 
0 
0 
1 319 
0 
0 
1 389 
1 151 
1 308 
0 
2 39 47 
1 160 
1 404 
1 354 
2 117 264 
1 78 
1 37 
0 
0 
1 259 
0 
1 385 
1 242 
0 
2 165 298 
1 183 
1 317 
2 2 144 
1 194 
1 48 
1 318 
0 
1 340 
0 
0 
1 293 
0 
0 
2 44 226 
3 22 155 319 
0 
1 29 
0 
2 58 168 
0 
1 346 
0 
1 90 
1 26 
1 302 
0 
1 46 
0 
1 82 
2 49 334 
3 17 174 223 
2 314 324 
2 6 364 
1 94 
4 113 133 320 340 
2 218 294 
0 
0 
0 
2 185 195 
0 
1 333 
0 
0 
0 
0 
3 11 47 124 
0 
0 
2 33 379 
1 374 
1 284 
1 138 
0 
0 
1 280 
0 
2 177 386 
0 
0 
0 
1 119 
1 398 
1 411 
2 239 316 
1 264 
0 
1 352 
0 
2 228 331 
1 317 
1 86 
1 85 
3 89 253 372 
0 
0 
0 
0 
2 314 424 
2 9 212 
3 149 356 398 
0 
1 97 
0 
1 370 
2 260 307 
0 
1 293 
2 230 299 
1 234 
2 207 243 
1 263 
1 426 
1 38 
1 55 
1 260 
2 147 395 
0 
2 14 116 
0 
0 
1 170 
1 298 
0 
1 270 
1 258 
1 143 
1 80 
1 106 
1 160 
0 
2 236 263 
2 105 404 
0 
0 
1 6 
0 
4 59 142 143 249 
0 
0 
0 
1 139 
1 33 
2 59 296 
0 
2 55 217 
0 
2 38 309 
0 
1 5 
1 75 
0 
0 
0 
2 156 391 
1 261 
2 159 429 
0 
0 
0 
1 124 
4 57 95 313 415 
0 
3 64 101 302 
0 
2 19 279 
0 
0 
0 
0 
1 278 
1 170 
0 
1 383 
2 382 406 
0 
2 127 225 
2 69 286 
2 158 181 
1 389 
4 114 161 210 388 
1 163 
2 25 363 
2 36 124 
0 
0 
2 11 325 
0 
2 170 423 
4 76 172 291 309 
1 114 
2 173 189 
0 
0 
0 
2 216 341 
2 22 41 
1 383 
3 139 198 199 
1 2 
0 
1 97 
1 292 
0 
1 41 
0 
1 370 
0 
1 55 
1 424 
0 
1 96 
0 
0 
1 397 
2 307 418 
0 
1 321 
1 38 
1 40 
1 365 
