450 214
2 106 383 
0 
1 287 
0 
1 85 
3 68 277 339 
0 
2 196 311 
0 
0 
0 
1 270 
1 268 
1 192 
2 32 127 
1 132 
0 
2 267 418 
0 
1 314 
2 85 446 
3 287 306 387 
1 172 
1 74 
2 57 180 
1 59 
1 242 
1 129 
2 65 178 
0 
0 
0 
1 14 
0 
0 
2 166 307 
1 150 
0 
1 281 
0 
0 
1 347 
4 137 210 234 364 
0 
0 
0 
1 255 
0 
1 261 
0 
1 352 
0 
0 
0 
2 111 364 
0 
0 
2 24 234 
3 96 110 210 
4 25 181 245 278 
2 151 293 
3 205 405 443 
0 
0 
1 220 
3 28 94 312 
1 79 
1 424 
2 5 261 
4 149 164 287 396 
1 223 
1 377 
1 323 
0 
1 23 
0 
1 328 
0 
0 
1 66 
2 81 389 
2 80 151 
1 163 
1 402 
1 150 
2 4 20 
1 128 
2 192 303 
1 310 
1 220 
2 391 449 
2 108 343 
1 296 
1 318 
3 65 276 357 
1 368 
2 58 184 
0 
1 277 
0 
1 382 
2 118 190 
1 316 
1 393 
0 
0 
1 0 
0 
1 91 
0 
2 58 297 
3 54 155 367 
0 
0 
0 
0 
0 
1 446 
1 101 
2 135 448 
0 
0 
1 408 
0 
1 365 
0 
0 
2 14 432 
2 86 351 
1 27 
1 276 
1 384 
1 15 
0 
2 247 343 
1 119 
1 328 
3 42 347 391 
3 147 229 322 
1 190 
1 165 
1 175 
0 
0 
0 
0 
2 186 217 
1 138 
0 
2 69 201 
6 36 84 195 245 299 389 
4 60 81 313 338 
1 233 
2 166 207 
2 184 293 
3 111 201 388 
2 236 271 
2 305 390 
2 351 445 
0 
0 
0 
0 
1 82 
1 69 
3 140 352 408 
2 35 153 
1 439 
1 327 
0 
0 
1 278 
1 22 
2 176 195 
0 
3 141 346 423 
1 173 
0 
1 28 
0 
1 24 
1 59 
0 
0 
2 96 154 
0 
2 146 396 
0 
1 418 
0 
3 101 139 395 
1 309 
2 13 87 
0 
0 
2 150 173 
2 7 273 
0 
0 
0 
0 
2 149 155 
1 257 
1 336 
0 
1 61 
0 
1 153 
0 
0 
4 42 58 298 412 
0 
0 
0 
1 325 
0 
1 295 
1 146 
0 
0 
2 64 89 
1 298 
0 
1 70 
0 
0 
0 
0 
2 280 351 
1 138 
1 432 
0 
0 
1 152 
2 42 57 
0 
2 156 406 
0 
0 
0 
2 286 399 
0 
1 26 
2 300 309 
0 
3 59 150 389 
1 291 
2 134 386 
2 249 377 
1 248 
0 
1 404 
0 
0 
0 
1 46 
0 
1 202 
1 367 
0 
0 
2 48 68 
0 
0 
0 
0 
0 
1 17 
1 12 
0 
1 11 
2 156 393 
0 
2 196 436 
0 
0 
2 94 130 
3 5 98 292 
2 59 171 
1 448 
1 228 
1 38 
0 
0 
1 412 
0 
2 240 442 
3 2 21 69 
0 
0 
0 
1 246 
2 277 350 
2 60 154 
0 
1 216 
1 92 
2 110 418 
2 210 221 
1 150 
2 243 360 
0 
0 
1 87 
0 
1 157 
1 21 
2 35 312 
0 
2 191 243 
1 88 
2 7 319 
2 65 307 
1 151 
1 19 
1 348 
2 102 379 
0 
1 93 
1 311 
0 
0 
1 138 
1 72 
1 443 
1 214 
0 
1 168 
3 76 136 392 
0 
0 
0 
0 
0 
0 
0 
1 203 
0 
1 151 
2 5 385 
1 391 
1 436 
2 358 365 
3 91 134 367 
0 
1 444 
2 175 412 
3 41 137 356 
1 315 
1 416 
1 292 
3 128 158 228 
2 50 165 
0 
0 
0 
1 347 
1 94 
1 342 
0 
1 300 
0 
0 
0 
3 42 54 367 
2 124 342 
0 
4 111 258 343 364 
2 95 370 
0 
1 368 
0 
0 
0 
1 443 
0 
0 
3 71 248 394 
0 
1 316 
1 417 
0 
1 100 
1 0 
1 131 
1 339 
1 247 
1 21 
1 155 
3 80 150 245 
1 157 
4 90 137 340 412 
1 328 
2 103 271 
1 377 
1 190 
2 69 186 
0 
0 
1 240 
0 
0 
1 83 
0 
1 251 
1 61 
1 236 
0 
3 122 165 413 
0 
0 
0 
4 210 284 346 391 
1 408 
1 433 
0 
1 349 
1 380 
3 17 188 297 
0 
0 
1 444 
0 
1 175 
1 67 
0 
0 
0 
0 
0 
0 
0 
2 127 230 
1 414 
0 
0 
2 273 341 
0 
0 
1 167 
0 
0 
1 286 
3 61 324 374 
2 345 421 
1 158 
2 20 117 
0 
2 119 279 
1 90 
450 214
0 
1 15 
0 
0 
1 270 
1 195 
1 326 
1 173 
2 271 364 
0 
0 
1 386 
1 92 
1 299 
0 
3 1 96 360 
0 
0 
0 
2 373 381 
1 185 
1 75 
0 
0 
1 201 
1 99 
0 
0 
0 
0 
0 
1 169 
0 
1 189 
1 188 
3 199 244 275 
2 213 418 
0 
2 101 258 
2 83 264 
2 104 135 
1 359 
1 317 
0 
0 
0 
1 430 
1 309 
0 
2 63 319 
2 250 383 
3 86 202 421 
0 
2 180 385 
0 
0 
0 
0 
0 
2 292 421 
0 
1 146 
0 
2 49 160 
0 
2 326 370 
1 222 
2 92 331 
2 196 240 
2 80 361 
0 
1 151 
0 
0 
2 257 359 
2 21 438 
2 114 303 
1 431 
4 135 157 239 399 
1 202 
2 69 144 
0 
1 398 
3 39 173 410 
1 98 
3 293 371 408 
1 51 
0 
1 153 
0 
1 146 
1 367 
4 12 67 215 247 
0 
1 444 
6 259 260 286 295 339 376 
1 15 
1 195 
1 84 
1 25 
0 
2 38 140 
1 108 
1 132 
1 40 
2 258 401 
1 344 
1 123 
1 102 
1 253 
0 
0 
0 
0 
1 76 
0 
1 255 
3 204 212 361 
2 340 347 
1 240 
0 
0 
2 214 331 
4 107 208 376 435 
0 
4 135 264 360 393 
0 
1 408 
0 
0 
0 
0 
1 103 
1 216 
0 
4 40 78 125 292 
0 
0 
0 
0 
2 101 424 
0 
0 
1 199 
1 80 
0 
3 61 90 157 
1 149 
0 
3 147 168 263 
0 
1 71 
0 
1 88 
1 439 
0 
1 416 
2 78 146 
1 387 
0 
2 63 442 
1 215 
0 
1 399 
0 
2 224 334 
0 
1 342 
1 149 
1 31 
1 280 
1 199 
0 
4 7 83 257 264 
1 283 
1 182 
2 198 209 
2 226 427 
0 
0 
2 53 324 
0 
1 175 
0 
0 
2 20 339 
1 206 
0 
1 34 
2 33 361 
1 321 
1 287 
1 422 
0 
0 
2 5 97 
1 68 
1 366 
2 176 328 
3 35 143 171 
1 423 
1 24 
2 51 79 
0 
1 117 
0 
1 186 
1 365 
1 123 
1 176 
0 
1 322 
2 117 261 
2 36 259 
1 122 
3 92 161 299 
3 133 279 406 
1 448 
1 232 
2 343 396 
1 441 
0 
1 66 
1 418 
3 165 352 442 
0 
2 177 365 
2 235 442 
0 
0 
0 
0 
2 218 234 
0 
2 232 301 
1 227 
1 418 
0 
0 
1 78 
3 68 119 416 
1 299 
0 
1 271 
1 35 
0 
0 
2 92 274 
0 
0 
1 50 
0 
0 
1 109 
0 
2 116 355 
0 
3 74 173 441 
2 38 105 
3 95 213 376 
1 95 
1 212 
0 
1 149 
3 39 125 173 
0 
0 
0 
0 
0 
2 4 303 
2 8 243 
1 343 
0 
2 247 410 
1 35 
0 
0 
0 
1 216 
1 170 
1 381 
0 
1 174 
0 
0 
1 95 
1 191 
0 
0 
0 
0 
3 59 135 412 
1 85 
1 325 
1 95 
2 345 413 
0 
0 
3 13 215 241 
1 409 
1 234 
0 
3 76 270 375 
0 
1 389 
0 
0 
0 
2 47 354 
0 
0 
0 
0 
0 
0 
0 
1 42 
0 
2 49 430 
1 378 
1 190 
1 211 
0 
2 180 412 
1 294 
2 6 65 
1 435 
2 198 428 
0 
0 
2 67 122 
0 
0 
1 165 
1 398 
0 
0 
0 
2 95 185 
1 118 
0 
1 167 
2 219 272 
2 106 399 
1 296 
0 
1 118 
1 416 
0 
0 
0 
1 224 
0 
2 309 393 
1 255 
0 
0 
0 
2 41 74 
3 15 125 399 
3 69 117 189 
0 
0 
2 8 407 
2 207 226 
2 197 372 
1 91 
0 
0 
1 65 
1 85 
1 366 
1 19 
0 
2 303 384 
3 95 123 259 
0 
1 320 
0 
0 
2 19 281 
0 
1 50 
1 375 
2 53 418 
1 11 
1 158 
0 
1 305 
0 
1 394 
0 
2 125 354 
1 391 
0 
2 219 448 
0 
3 82 335 431 
4 78 163 344 360 
0 
1 105 
1 449 
0 
0 
0 
1 216 
1 364 
2 85 127 
1 300 
3 83 274 414 
0 
2 292 324 
2 296 425 
1 410 
0 
3 156 240 348 
1 440 
4 36 223 236 385 
0 
0 
2 51 59 
1 192 
1 200 
1 140 
1 413 
0 
1 177 
1 328 
0 
2 46 319 
2 77 398 
0 
0 
0 
2 123 327 
0 
0 
1 75 
1 154 
1 417 
2 220 257 
3 160 224 227 
0 
1 94 
0 
0 
0 
2 217 396 
1 402 
