480 240
0 
0 
1 202 
1 31 
1 229 
0 
1 260 
1 227 
0 
2 71 340 
0 
0 
3 76 216 427 
2 179 188 
0 
1 243 
1 223 
2 277 371 
0 
0 
3 121 449 450 
0 
0 
1 197 
1 144 
1 296 
0 
2 129 432 
0 
2 48 408 
2 45 420 
2 3 49 
0 
1 463 
0 
0 
0 
1 268 
0 
1 263 
0 
1 351 
0 
0 
2 53 165 
3 30 395 403 
1 243 
1 409 
2 29 388 
1 31 
2 64 89 
0 
2 176 246 
2 44 378 
0 
1 90 
2 149 316 
1 453 
0 
1 431 
1 65 
1 446 
5 184 267 306 397 474 
1 81 
3 50 329 384 
2 60 349 
1 340 
1 172 
0 
0 
2 116 213 
3 9 181 423 
1 475 
0 
2 325 335 
0 
1 12 
0 
0 
1 205 
0 
2 63 193 
1 245 
1 202 
1 150 
2 166 469 
1 249 
0 
1 207 
1 50 
2 55 123 
0 
1 102 
1 180 
0 
2 108 375 
0 
2 363 463 
1 318 
0 
1 239 
0 
2 92 443 
4 278 319 323 455 
4 176 273 343 461 
0 
0 
0 
1 95 
0 
0 
1 289 
1 165 
2 333 431 
1 448 
0 
1 70 
2 285 310 
0 
0 
0 
2 20 445 
0 
1 90 
0 
3 246 307 325 
3 162 206 299 
1 329 
0 
1 27 
0 
0 
0 
3 277 283 317 
2 227 353 
1 380 
1 425 
0 
0 
3 410 462 464 
0 
0 
1 151 
1 191 
2 24 373 
1 180 
1 297 
0 
0 
1 56 
3 84 325 363 
1 142 
2 386 399 
1 241 
1 358 
0 
2 349 436 
0 
0 
0 
0 
1 352 
2 126 400 
0 
1 340 
2 44 112 
2 85 368 
1 388 
0 
1 475 
1 382 
0 
3 67 202 404 
0 
2 372 458 
1 420 
2 52 104 
0 
0 
1 13 
2 93 145 
2 71 299 
0 
2 360 439 
2 62 398 
0 
0 
1 207 
2 13 303 
0 
0 
3 143 264 330 
0 
1 81 
0 
0 
0 
2 23 426 
2 266 318 
0 
0 
0 
3 2 83 172 
2 300 425 
1 213 
1 79 
2 126 236 
2 88 187 
0 
0 
0 
1 229 
1 451 
2 70 204 
1 333 
2 275 405 
1 12 
1 377 
0 
1 289 
0 
0 
0 
2 16 463 
0 
0 
1 386 
2 7 134 
0 
2 4 211 
2 238 434 
2 342 468 
0 
1 468 
0 
1 358 
1 206 
1 425 
2 230 273 
2 100 457 
0 
2 153 290 
0 
2 15 46 
0 
1 82 
3 52 125 269 
0 
0 
1 86 
0 
0 
1 435 
1 314 
0 
1 308 
0 
1 258 
1 257 
1 324 
2 6 379 
0 
0 
1 39 
1 191 
0 
1 198 
1 62 
1 37 
1 246 
1 440 
0 
1 351 
3 104 238 312 
0 
2 215 456 
0 
2 17 133 
1 103 
0 
0 
0 
0 
1 133 
0 
1 117 
1 417 
0 
1 301 
4 111 219 391 411 
1 241 
0 
1 442 
1 469 
0 
0 
3 25 298 320 
1 146 
2 296 305 
3 126 181 318 
1 203 
1 288 
0 
1 188 
0 
1 298 
1 62 
2 125 369 
2 255 454 
1 428 
1 117 
0 
1 273 
1 373 
2 253 369 
1 397 
1 56 
1 133 
3 98 198 299 
1 103 
1 296 
0 
1 400 
1 103 
1 259 
3 74 125 150 
1 357 
0 
0 
2 64 127 
1 191 
0 
0 
2 113 214 
1 370 
2 74 397 
3 343 386 431 
0 
0 
1 439 
4 9 66 164 403 
0 
1 231 
3 104 336 475 
0 
1 366 
1 459 
1 421 
2 453 470 
2 65 156 
0 
2 41 272 
1 161 
1 134 
0 
2 464 478 
0 
1 326 
3 154 235 455 
0 
1 183 
0 
0 
2 97 150 
1 376 
1 428 
1 345 
0 
1 166 
2 307 314 
1 334 
1 17 
1 174 
2 144 313 
1 393 
1 95 
1 364 
1 217 
1 53 
2 260 423 
1 135 
0 
1 170 
0 
1 64 
0 
3 152 226 336 
1 467 
3 48 167 411 
1 422 
0 
2 289 461 
0 
1 374 
0 
1 45 
0 
4 62 315 335 438 
1 184 
1 152 
2 162 322 
0 
2 416 417 
2 45 340 
1 172 
1 215 
0 
0 
1 29 
1 47 
1 139 
2 289 388 
0 
0 
0 
0 
2 402 441 
2 286 402 
0 
0 
2 30 175 
1 347 
1 389 
2 71 379 
0 
3 136 203 237 
1 197 
1 12 
2 309 365 
0 
0 
3 59 113 336 
1 27 
0 
1 230 
1 252 
1 156 
0 
1 397 
2 183 339 
1 270 
2 416 456 
1 292 
1 102 
0 
1 121 
1 61 
0 
1 114 
1 20 
1 20 
1 212 
0 
2 57 348 
1 308 
2 103 358 
2 275 441 
1 239 
1 174 
1 346 
0 
2 104 391 
1 139 
3 33 97 223 
3 139 355 477 
0 
0 
1 387 
2 231 233 
2 85 293 
1 348 
0 
0 
0 
1 62 
3 72 169 343 
0 
1 464 
1 355 
0 
480 240
0 
0 
1 76 
1 384 
1 99 
1 60 
0 
3 206 430 444 
1 70 
1 184 
0 
0 
1 361 
1 289 
3 104 376 407 
0 
0 
0 
0 
0 
0 
2 114 150 
1 133 
0 
0 
0 
1 423 
1 183 
3 250 349 383 
1 216 
1 386 
1 436 
1 433 
0 
2 37 425 
0 
0 
2 34 398 
1 406 
0 
1 212 
1 158 
1 170 
1 193 
1 58 
1 269 
0 
1 73 
0 
3 250 324 334 
0 
1 385 
0 
0 
3 92 215 295 
2 248 318 
2 174 210 
0 
2 44 268 
0 
3 5 342 369 
0 
0 
2 312 323 
0 
2 98 289 
1 255 
1 479 
1 456 
2 160 337 
2 8 79 
1 439 
1 440 
1 47 
2 161 364 
0 
2 2 241 
2 253 334 
4 164 184 210 307 
2 70 284 
0 
2 140 270 
1 184 
1 389 
2 218 474 
0 
2 352 433 
0 
1 238 
1 152 
0 
1 180 
3 54 109 231 
2 115 424 
1 171 
2 217 267 
0 
2 182 377 
3 65 129 428 
1 4 
0 
1 185 
1 219 
1 138 
1 14 
1 344 
0 
2 300 472 
2 132 445 
2 92 130 
0 
1 437 
1 183 
1 410 
2 21 391 
1 93 
0 
2 319 369 
2 258 270 
1 410 
2 290 420 
2 130 389 
1 402 
0 
0 
2 258 457 
2 279 309 
2 368 459 
1 449 
4 98 140 250 403 
3 109 121 311 
0 
1 108 
1 22 
1 137 
0 
0 
3 134 191 387 
2 103 313 
1 258 
2 81 129 
0 
0 
2 465 478 
1 456 
0 
1 277 
1 473 
2 184 329 
0 
1 21 
0 
1 89 
0 
0 
2 170 311 
0 
0 
1 41 
1 382 
1 69 
2 74 460 
2 194 243 
0 
1 78 
0 
0 
1 171 
0 
0 
2 42 155 
3 94 167 323 
0 
2 200 391 
3 56 369 433 
0 
1 180 
1 366 
0 
0 
3 91 176 443 
1 440 
1 97 
2 27 112 
5 9 78 82 148 293 
2 101 467 
0 
0 
0 
0 
1 278 
1 137 
0 
1 43 
1 162 
0 
1 389 
0 
0 
0 
2 173 248 
1 414 
1 385 
0 
1 356 
0 
1 7 
0 
3 225 239 321 
0 
2 56 78 
0 
1 40 
2 220 370 
0 
1 54 
1 29 
1 95 
2 84 324 
2 102 234 
2 213 231 
0 
0 
0 
1 274 
1 208 
0 
1 398 
0 
0 
1 343 
3 92 220 449 
0 
1 411 
1 219 
2 325 450 
0 
0 
2 88 316 
1 208 
0 
2 76 303 
1 295 
1 162 
1 274 
0 
0 
0 
2 55 200 
0 
3 28 49 129 
0 
3 350 395 456 
1 77 
0 
2 66 327 
0 
1 457 
3 118 125 139 
1 464 
0 
0 
0 
2 365 382 
0 
0 
0 
1 95 
2 58 356 
1 45 
4 81 118 388 471 
1 426 
0 
0 
2 224 244 
0 
1 407 
1 146 
1 190 
1 126 
1 379 
1 315 
0 
1 359 
1 79 
0 
0 
0 
0 
2 13 65 
1 120 
0 
1 362 
1 184 
1 454 
2 54 242 
0 
1 431 
0 
1 412 
2 107 343 
1 475 
1 334 
1 241 
0 
1 465 
2 389 398 
1 78 
0 
2 126 410 
0 
2 130 155 
1 63 
2 138 355 
1 436 
1 281 
1 238 
0 
1 55 
2 117 412 
1 323 
1 208 
0 
3 63 171 320 
3 49 218 372 
1 235 
1 371 
1 255 
1 358 
1 148 
1 419 
0 
1 359 
0 
3 49 77 302 
0 
1 390 
1 69 
0 
1 385 
0 
0 
2 60 403 
2 230 300 
1 105 
0 
0 
1 386 
0 
1 28 
1 252 
1 446 
2 86 465 
0 
0 
1 313 
2 204 268 
0 
2 328 469 
2 283 332 
0 
1 12 
1 292 
0 
1 74 
1 263 
1 177 
0 
1 127 
3 60 117 174 
1 213 
1 326 
1 324 
0 
0 
1 397 
2 14 421 
1 97 
1 446 
1 280 
0 
0 
2 159 263 
1 28 
1 3 
4 51 202 339 458 
2 30 347 
1 137 
1 270 
4 83 121 196 306 
1 336 
2 114 173 
0 
1 467 
0 
1 252 
0 
1 375 
3 37 227 306 
1 443 
0 
0 
2 122 451 
2 129 342 
0 
0 
3 38 435 458 
2 14 276 
0 
0 
3 113 119 309 
1 233 
2 299 319 
0 
2 201 440 
1 430 
0 
0 
0 
2 330 454 
1 120 
1 376 
0 
1 26 
1 93 
1 34 
1 271 
0 
1 98 
0 
2 7 415 
1 297 
0 
3 32 86 174 
0 
1 406 
2 31 314 
1 111 
0 
1 71 
3 72 181 414 
0 
0 
2 180 399 
1 7 
1 108 
2 351 378 
0 
0 
2 128 231 
1 235 
1 402 
0 
0 
2 294 419 
0 
3 68 144 252 
2 125 257 
2 385 406 
2 127 473 
1 161 
0 
0 
0 
1 259 
3 143 305 352 
0 
2 185 393 
0 
1 358 
0 
1 270 
1 107 
2 147 459 
1 84 
1 301 
0 
0 
1 143 
1 67 
