130 657
7 2 4 7 23 47 119 128 
9 6 7 29 49 82 105 112 113 121 
13 0 12 19 20 31 32 65 73 82 86 94 109 121 
17 8 10 26 28 34 35 47 49 53 54 57 58 61 71 75 119 120 
13 0 16 22 25 26 28 45 49 61 67 104 119 121 
15 7 10 28 40 44 47 57 61 75 78 81 89 92 95 102 
11 1 15 17 43 62 66 77 84 107 124 127 
17 0 1 5 10 13 16 17 49 50 62 68 76 87 94 97 108 109 
10 3 11 32 53 65 76 85 102 106 129 
15 11 16 33 46 50 52 54 61 66 78 81 88 116 119 121 
19 3 5 7 11 25 26 27 28 52 66 78 84 85 86 113 116 118 121 123 
10 8 9 10 38 45 53 59 102 103 109 
10 2 21 33 51 56 82 95 96 97 100 
11 7 20 22 29 32 46 60 105 114 120 123 
9 28 29 57 60 65 67 76 89 121 
7 6 26 28 62 90 122 125 
6 4 7 9 48 104 119 
8 6 7 20 23 107 109 115 122 
9 19 22 33 46 80 99 105 107 110 
4 2 18 39 52 
8 2 13 17 22 54 93 121 124 
6 12 24 36 50 61 103 
17 4 13 18 20 31 38 40 47 65 81 103 104 113 118 122 124 126 
11 0 17 39 54 66 83 88 101 120 125 128 
11 21 58 62 76 82 98 103 119 126 128 129 
10 4 10 52 59 79 92 96 98 108 119 
15 3 4 10 15 40 52 66 69 72 85 94 106 114 118 127 
8 10 28 48 76 82 95 108 121 
16 3 4 5 10 14 15 27 40 50 82 85 87 89 104 123 125 
11 1 13 14 32 44 48 82 113 117 123 129 
5 74 76 100 106 110 
6 2 22 57 90 101 114 
12 2 8 13 29 40 43 44 45 81 83 89 127 
7 9 12 18 53 54 66 104 
9 3 36 44 52 71 72 75 81 115 
6 3 53 95 97 106 118 
9 21 34 39 51 55 64 80 115 124 
6 38 42 62 66 70 73 
12 11 22 37 39 42 50 69 76 83 89 113 121 
9 19 23 36 38 52 77 79 98 111 
13 5 22 26 28 32 47 63 72 84 89 102 127 129 
7 52 53 60 61 110 111 116 
7 37 38 51 54 105 109 121 
8 6 32 59 64 74 86 111 122 
13 5 29 32 34 47 52 63 76 94 104 107 110 116 
9 4 11 32 52 60 66 91 105 109 
10 9 13 18 58 65 66 72 86 119 123 
11 0 3 5 22 40 44 67 86 97 120 128 
10 16 27 29 49 67 82 92 111 112 114 
15 1 3 4 7 48 56 68 69 75 81 99 104 120 124 127 
15 7 9 21 28 38 51 59 66 67 68 106 107 116 118 123 
9 12 36 42 50 75 83 86 92 102 
16 9 10 19 25 26 34 39 41 44 45 64 85 93 108 120 129 
12 3 8 11 33 35 41 66 83 96 105 112 126 
8 3 9 20 23 33 42 68 109 
3 36 111 121 
11 12 49 57 75 77 86 94 101 104 106 129 
10 3 5 14 31 56 77 99 125 128 129 
9 3 24 46 62 66 86 114 117 123 
11 11 25 43 50 68 76 84 86 93 102 127 
13 13 14 41 45 65 67 71 92 93 103 108 114 115 
10 3 4 5 9 21 41 62 77 113 122 
14 6 7 15 24 37 58 61 65 77 83 99 117 120 122 
9 40 44 65 100 106 109 113 117 122 
10 36 43 52 78 85 88 89 102 122 124 
11 2 8 14 22 46 60 62 63 97 106 115 
20 6 9 10 23 26 33 37 45 46 50 53 58 67 71 77 79 90 100 104 106 
9 4 14 47 48 50 60 66 82 98 
13 7 49 50 54 59 75 80 92 98 101 107 108 109 
8 26 38 49 73 83 111 116 121 
6 37 77 86 94 99 106 
13 3 34 60 66 72 73 85 90 109 110 119 122 126 
9 26 34 40 46 71 78 97 100 119 
7 2 37 69 71 85 93 126 
3 30 43 107 
14 3 5 34 49 51 56 68 77 81 85 92 106 116 125 
16 7 8 14 24 27 30 38 44 59 77 79 89 98 102 121 126 
13 6 39 56 57 61 62 66 70 75 76 87 121 128 
10 5 9 10 64 72 88 92 93 98 129 
8 25 39 66 76 84 88 108 121 
8 18 36 68 92 102 107 110 114 
8 5 9 22 32 34 49 75 99 
13 1 2 12 24 27 28 29 48 67 98 104 126 129 
12 23 32 38 51 53 62 69 89 95 109 114 117 
8 6 10 40 59 79 97 119 129 
14 8 10 26 28 52 64 71 73 75 89 97 101 111 127 
13 2 10 43 46 47 51 56 58 59 70 88 92 113 
5 7 28 77 127 129 
6 9 23 64 78 79 86 
13 5 14 28 32 38 40 64 76 83 85 97 99 120 
5 15 31 66 71 95 
3 45 97 111 
12 5 25 48 51 60 68 75 78 80 86 101 117 
8 20 52 59 60 73 78 98 103 
8 2 7 26 44 56 70 104 108 
7 5 12 27 35 83 90 127 
6 12 25 53 119 121 124 
14 7 12 35 47 65 72 84 85 89 91 107 110 114 128 
12 24 25 39 67 68 76 78 82 93 111 113 114 
8 18 49 57 62 70 81 89 120 
6 12 30 63 66 72 101 
7 23 31 56 68 85 92 100 
12 5 8 11 40 51 59 64 76 80 116 125 129 
8 11 21 22 24 60 93 111 124 
12 4 16 22 28 33 44 49 56 66 82 94 129 
7 1 13 18 42 45 53 120 
13 8 26 30 35 50 56 63 65 66 70 75 112 127 
12 6 17 18 44 50 68 74 80 97 112 122 123 
8 7 25 27 52 60 68 79 94 
12 2 7 11 17 42 45 54 63 68 71 83 129 
10 18 30 41 44 71 80 97 111 115 117 
12 39 41 43 48 55 69 85 91 98 103 110 119 
6 1 48 53 106 107 127 
9 1 10 22 29 38 61 63 86 98 
11 13 26 31 48 58 60 80 83 97 98 120 
6 17 34 36 60 65 110 
8 9 10 41 44 50 69 75 102 
8 29 58 62 63 83 92 110 118 
7 10 22 26 35 50 117 122 
13 0 3 4 9 16 24 25 46 71 72 84 96 111 
12 3 13 23 47 49 52 62 89 99 105 114 121 
18 1 2 4 9 10 14 20 27 38 42 55 69 76 77 79 96 120 127 
12 15 17 22 43 61 62 63 64 71 107 118 124 
8 10 13 28 29 46 50 58 107 
9 6 20 22 36 49 64 96 103 122 
7 15 23 28 57 75 102 129 
7 22 24 53 71 73 76 82 
12 6 26 32 40 49 59 85 87 95 106 112 121 
7 0 23 24 47 57 77 97 
15 8 24 29 40 52 56 57 78 82 84 87 102 104 109 125 
130 657
7 25 39 46 72 96 103 106 
10 8 31 58 59 63 93 96 97 101 126 
8 15 61 80 102 109 110 122 125 
18 16 18 21 24 27 30 40 41 42 44 51 57 79 80 93 97 110 121 
7 6 24 57 73 78 84 127 
11 17 20 22 25 28 34 56 57 93 118 122 
14 4 17 18 27 46 52 61 87 88 92 106 118 123 127 
7 37 47 61 66 87 115 122 
15 1 12 17 29 31 33 38 45 48 61 62 71 85 86 96 
10 14 31 42 57 83 86 104 118 124 129 
8 20 48 70 77 78 87 122 129 
11 21 23 46 49 55 65 76 100 118 122 126 
12 8 20 31 50 51 74 75 86 104 106 116 125 
4 57 61 68 111 
6 9 22 43 52 75 90 
17 2 16 18 25 38 44 49 50 59 85 91 107 109 116 118 125 128 
16 3 15 17 30 43 48 71 73 74 76 80 93 97 99 110 123 
10 5 6 8 16 34 47 69 70 71 101 
19 3 6 15 33 46 59 61 62 70 75 82 101 102 105 106 110 112 115 120 
9 51 65 75 76 86 93 107 113 122 
17 5 10 12 29 30 41 49 51 73 77 82 103 111 112 113 117 126 
12 3 11 25 26 49 50 60 61 63 101 113 123 
9 5 14 29 34 38 74 82 95 103 
12 11 24 25 26 30 38 47 69 83 95 123 124 
8 3 4 23 30 46 50 87 115 
14 0 5 15 21 23 37 48 63 72 84 95 97 100 103 
11 21 23 32 36 52 58 68 75 91 96 128 
12 3 6 29 34 46 50 69 72 85 99 108 124 
6 5 54 66 98 122 128 
13 8 20 22 27 46 59 62 69 71 90 106 113 123 
12 3 16 20 23 24 40 68 70 82 84 107 123 
11 1 8 9 12 34 50 52 88 97 120 125 
8 26 38 40 41 101 104 109 121 
10 8 18 36 53 59 76 78 90 92 121 
13 5 17 22 27 31 43 46 75 88 94 107 108 114 
3 43 67 89 
6 26 33 80 92 120 121 
10 7 25 51 59 82 97 101 103 121 129 
12 8 15 22 23 32 40 57 70 81 109 127 128 
5 0 75 124 126 127 
7 3 30 32 38 60 83 84 
8 3 20 32 49 57 77 78 128 
6 3 9 47 64 77 102 
5 14 16 34 35 66 
9 3 15 45 50 60 72 82 86 108 
11 8 44 49 65 69 74 82 86 93 95 105 
15 0 6 11 18 24 27 29 34 51 61 75 90 101 112 125 
12 7 17 23 42 60 70 73 75 94 101 104 108 
11 8 10 16 25 58 64 73 76 86 100 129 
11 11 15 20 21 41 45 56 60 69 105 122 
15 12 15 21 24 27 31 44 51 63 65 77 88 101 109 117 
13 3 12 19 20 37 46 50 64 81 91 102 106 116 
7 6 14 26 31 53 109 126 
12 33 52 55 59 65 83 88 95 102 109 120 122 
9 28 55 68 77 79 83 92 98 129 
8 11 53 54 66 67 71 109 111 
10 5 49 64 75 90 100 105 111 120 121 
13 3 4 5 9 13 38 41 69 86 91 120 125 126 
7 1 26 48 91 97 113 118 
15 1 15 18 29 33 37 53 71 74 88 106 113 117 123 124 
7 21 40 44 47 49 81 111 
16 2 6 7 8 13 18 21 46 68 74 78 81 92 98 102 121 
8 8 18 29 64 72 80 99 118 
8 1 21 25 50 111 114 117 123 
13 42 48 51 56 62 87 90 91 101 102 116 121 127 
10 11 19 45 50 53 86 87 108 110 116 
10 7 28 43 55 74 87 95 111 118 127 
12 35 55 72 74 103 105 107 108 109 111 118 128 
9 13 26 30 54 61 76 80 87 97 
12 17 23 27 29 45 49 57 74 81 89 117 123 
10 10 17 18 30 38 47 71 81 99 121 
12 8 16 17 29 55 59 70 83 92 96 99 115 
11 0 25 27 44 62 67 75 77 89 97 128 
7 4 16 20 47 48 86 127 
13 12 16 22 45 59 61 66 67 69 98 113 115 125 
20 12 14 18 19 26 34 39 46 47 56 72 80 81 84 97 100 104 107 121 127 
12 11 16 19 33 48 68 78 82 86 87 102 109 
9 10 20 41 42 50 54 72 92 103 
8 4 10 33 41 61 76 99 122 
3 3 54 87 
8 2 3 16 36 62 68 75 102 
9 38 51 60 61 69 70 75 119 122 
9 18 20 22 30 37 44 45 76 120 
9 9 23 40 53 54 71 88 107 120 
6 4 25 30 40 75 114 
5 8 15 27 97 106 
13 8 9 12 19 44 45 48 57 65 73 76 106 110 
12 6 7 10 24 64 65 66 68 76 79 89 119 
14 6 31 34 50 53 59 83 96 97 98 101 109 115 117 
8 35 69 72 87 92 99 103 120 
9 14 29 33 46 56 64 98 118 127 
7 15 26 51 57 58 64 113 
10 6 33 36 54 61 71 77 89 103 123 
9 1 3 5 16 19 45 106 122 123 
6 34 47 101 112 118 124 
8 22 23 25 45 53 66 100 112 
7 0 1 8 26 71 88 106 
13 1 3 16 25 31 37 58 68 72 75 85 88 114 
9 28 54 61 74 88 90 101 117 127 
11 16 27 62 70 71 78 89 102 107 109 120 
9 11 25 48 56 75 95 101 105 120 
17 1 17 18 21 32 37 46 47 50 64 88 94 98 100 106 113 127 
10 2 18 42 51 53 61 64 76 80 99 
12 0 20 22 25 37 67 77 89 92 112 127 128 
7 9 12 32 47 75 111 121 
8 18 45 49 56 67 100 106 107 
16 0 6 12 18 29 51 59 85 86 93 96 101 105 107 110 123 
15 15 19 30 34 67 75 83 99 105 106 109 112 115 121 129 
6 27 34 44 47 65 67 
13 2 15 32 38 50 52 53 55 67 76 88 99 107 
8 2 3 16 18 65 86 106 124 
9 13 20 55 56 60 63 66 67 104 
7 18 20 46 94 95 103 107 
11 19 20 21 29 58 59 74 91 101 118 120 
6 34 63 84 97 120 125 
8 7 18 24 71 74 88 107 121 
6 12 15 51 64 65 121 
8 20 50 59 63 69 88 98 121 
14 5 6 9 11 15 58 62 66 67 90 94 113 119 123 
3 81 87 118 
13 18 31 36 53 56 57 82 83 89 99 100 113 114 
15 3 32 33 36 37 56 61 64 70 75 104 107 115 116 117 
13 2 5 7 10 11 19 28 49 53 78 81 93 127 
13 6 16 21 23 29 30 59 63 69 92 93 106 118 
7 9 23 27 39 59 94 110 
8 2 12 15 31 46 57 74 114 
6 1 11 20 39 52 57 
13 4 6 38 39 64 66 73 75 90 98 101 103 122 
8 15 26 28 38 41 67 72 103 
6 9 10 37 48 54 107 
