100 491
6 2 4 7 23 31 47 
8 21 30 36 37 56 59 79 88 
13 0 15 38 45 46 54 58 59 72 79 80 91 92 
12 29 37 46 50 52 58 69 73 85 90 92 98 
18 0 5 21 23 28 29 30 42 44 46 48 49 52 53 56 66 70 71 
14 4 11 20 21 34 42 48 51 52 54 71 75 87 93 
8 15 37 52 54 64 67 85 97 
14 0 9 12 21 22 26 40 43 46 54 57 60 67 76 
11 12 14 33 40 43 52 59 63 73 74 81 
13 7 14 31 34 39 40 42 45 46 78 79 91 97 
9 16 27 34 37 48 49 72 85 93 
8 5 26 38 49 58 72 75 79 
18 7 8 15 17 22 39 52 56 58 60 64 67 70 72 79 84 87 94 
10 36 39 41 50 64 65 66 67 78 91 
12 8 9 20 32 38 39 40 67 70 72 75 77 
10 2 6 12 26 33 41 47 90 91 97 
5 10 43 55 73 78 
12 12 22 35 36 37 40 65 76 78 82 85 88 
9 21 27 35 38 80 89 95 96 98 
8 38 39 67 70 75 77 86 99 
8 5 14 43 52 59 71 73 97 
10 1 4 5 7 18 29 43 57 89 92 
8 7 12 17 33 51 72 73 79 
7 0 4 29 31 46 59 62 
7 71 73 79 86 88 94 97 
4 34 47 76 81 
10 7 11 15 27 33 35 38 53 77 90 
6 10 18 26 30 71 97 
5 4 44 55 58 97 
12 3 4 21 23 55 58 66 77 78 87 92 93 
7 1 4 27 34 53 71 76 
10 0 9 23 43 50 52 59 77 86 93 
11 14 33 37 48 49 58 63 67 69 71 90 
12 8 15 22 26 32 39 49 51 56 68 73 86 
10 5 9 10 25 30 40 45 48 83 87 
11 17 18 26 37 43 59 64 80 87 89 90 
12 1 13 17 41 44 54 61 80 81 90 94 98 
12 1 3 6 10 17 32 35 38 48 59 83 95 
15 2 11 14 18 19 26 37 48 51 54 67 76 79 88 96 
11 9 12 13 14 19 33 40 49 52 53 72 
13 7 8 9 14 17 34 39 41 47 60 73 86 90 
10 13 15 36 40 48 58 90 93 95 97 
9 4 5 9 55 74 76 83 95 99 
8 7 8 16 20 21 31 35 77 
9 4 28 36 51 53 57 63 69 95 
8 2 9 34 59 61 85 91 95 
8 2 3 4 7 9 23 81 87 
9 0 15 25 40 58 68 72 79 92 
13 4 5 10 32 34 37 38 41 64 67 68 69 72 
9 4 10 11 32 33 39 55 57 63 
7 3 13 31 52 74 75 87 
6 5 22 33 38 44 77 
18 3 4 5 6 8 12 20 31 39 50 54 57 65 73 90 92 93 96 
8 4 26 30 39 44 56 80 90 
9 2 5 6 7 36 38 52 67 77 
10 16 28 29 42 49 60 75 77 86 98 
11 1 4 12 33 53 69 81 85 87 93 94 
6 7 21 44 49 52 68 
14 2 3 11 12 28 29 32 41 47 62 71 77 81 82 
16 1 2 8 20 23 31 35 37 45 61 65 68 69 72 77 95 
7 7 12 40 55 89 90 93 
10 36 45 59 63 74 82 84 89 95 96 
7 23 58 65 74 85 89 97 
7 8 32 44 49 61 76 82 
9 6 12 13 35 48 72 74 93 99 
8 13 17 52 59 62 72 97 98 
7 4 13 29 71 75 80 89 
14 6 7 12 13 14 19 32 38 48 54 69 74 81 87 
9 33 47 48 57 59 81 83 94 95 
10 3 32 44 48 56 59 67 72 73 81 
7 4 12 14 19 93 94 99 
11 4 5 20 24 27 30 32 58 66 93 96 
13 2 10 11 12 14 22 39 47 48 59 64 65 69 
12 3 8 16 20 22 24 33 40 52 69 94 98 
10 8 42 50 61 62 64 67 85 89 95 
9 5 11 14 19 50 55 66 85 90 
9 7 17 25 30 38 42 63 77 89 
13 14 19 26 29 31 43 51 54 55 58 59 76 92 
9 9 13 16 17 29 82 88 92 97 
10 1 2 9 11 12 22 24 38 47 88 
7 2 18 35 36 53 66 82 
13 8 25 36 46 56 58 67 68 69 82 92 95 98 
8 17 58 61 63 78 80 81 87 
6 34 37 42 68 91 99 
3 12 61 90 
10 3 6 10 17 45 56 62 74 75 96 
7 19 24 31 33 40 55 88 
12 5 12 29 34 35 46 50 56 67 82 90 94 
8 1 17 24 38 78 79 86 99 
9 18 21 35 60 61 62 66 74 76 
15 3 15 26 32 35 36 40 41 52 53 60 75 84 87 96 
8 2 9 13 15 45 83 95 96 
10 2 3 21 29 47 52 77 78 81 95 
11 5 10 29 31 41 52 56 60 64 70 71 
9 12 24 36 56 68 70 73 87 98 
14 18 37 41 42 44 45 59 61 68 74 81 91 92 97 
8 18 38 52 61 71 85 90 91 
12 6 9 15 20 24 27 28 41 62 65 78 95 
8 3 18 36 55 65 73 81 94 
6 19 42 64 70 83 88 
100 491
9 2 9 32 58 66 72 80 86 89 
10 7 38 53 55 57 64 67 68 92 99 
7 0 26 27 61 85 87 94 
13 15 21 25 28 36 44 45 47 54 56 69 83 93 
8 11 27 55 68 78 80 93 95 
12 16 17 23 27 38 53 58 70 77 78 94 95 
13 17 25 31 37 47 50 52 55 59 61 86 90 91 
13 1 12 13 22 23 44 49 67 68 79 87 92 96 
9 14 18 24 41 49 50 54 87 92 
7 0 21 36 50 51 75 77 
8 18 36 68 69 75 78 91 99 
18 4 12 17 19 24 25 33 37 51 54 60 63 64 75 77 82 87 99 
14 7 11 17 26 41 44 45 51 60 72 84 85 87 91 
15 7 17 31 32 41 43 47 52 67 69 73 79 82 86 91 
7 8 19 53 58 74 86 92 
8 3 36 38 64 73 84 87 98 
8 5 43 55 57 62 69 72 79 
9 5 6 11 12 13 33 36 67 73 
12 8 10 19 22 48 52 54 57 81 91 92 99 
11 11 14 18 21 38 47 55 66 75 90 99 
6 22 44 45 56 79 88 
13 3 9 19 23 36 44 47 54 65 77 78 81 99 
9 7 18 20 24 35 38 55 65 70 
10 5 7 21 27 35 48 51 59 77 93 
6 8 11 22 36 53 72 
10 3 6 11 51 55 63 71 81 90 98 
11 2 12 39 51 59 60 62 82 87 92 97 
10 2 4 5 23 28 54 56 63 67 96 
9 3 27 34 37 43 61 74 78 93 
8 52 53 54 57 62 77 87 94 
3 58 75 77 
8 6 13 40 54 67 81 85 88 
9 0 13 35 72 82 89 94 95 97 
8 11 17 48 67 76 79 93 96 
5 28 49 50 90 99 
14 22 23 32 37 38 45 53 55 56 58 66 79 83 93 
14 3 9 10 15 17 21 24 52 67 71 72 75 86 90 
10 6 11 28 35 38 61 64 65 72 73 
13 1 5 15 19 22 35 37 46 57 59 67 74 95 
7 26 43 69 70 81 93 99 
7 31 47 51 70 75 87 88 
8 8 12 13 52 59 68 69 85 
5 50 53 59 87 93 
8 13 16 28 39 69 78 81 88 
10 3 7 12 20 21 46 49 62 83 84 
9 3 12 20 35 50 66 86 87 88 
4 38 44 65 86 
12 3 6 13 19 21 40 54 60 67 68 85 92 
10 18 23 33 52 56 65 73 75 77 93 
9 7 8 34 44 51 68 76 79 97 
10 6 8 9 34 42 45 61 81 85 95 
11 9 11 12 23 25 26 40 49 57 61 96 
10 6 13 18 29 36 41 48 77 89 97 
9 1 5 14 24 29 35 42 87 91 
11 3 8 11 18 21 27 29 31 47 68 75 
16 1 4 6 16 19 22 25 35 58 60 68 73 79 83 89 98 
8 3 20 27 35 48 73 82 83 
11 1 16 18 29 38 51 70 75 76 84 87 
10 0 5 14 30 35 55 66 74 82 83 
14 6 23 26 38 41 42 61 64 65 73 74 75 80 92 
8 11 12 26 47 55 90 93 99 
12 2 6 28 37 50 51 59 64 72 84 87 98 
7 16 26 29 44 86 87 97 
7 11 25 27 64 66 84 85 
12 1 11 15 37 59 61 63 76 77 79 95 99 
9 21 22 37 46 48 59 68 69 71 
10 0 19 35 45 58 63 67 76 80 96 
14 1 7 13 17 27 31 33 36 38 47 66 75 84 92 
13 1 4 7 10 41 47 49 54 55 65 73 75 96 
10 3 10 13 16 39 41 43 65 73 75 
9 5 22 39 40 57 75 84 95 99 
6 25 36 65 73 87 98 
10 0 12 16 24 32 36 37 61 87 90 
13 13 15 17 37 48 55 56 59 68 69 71 83 94 
8 14 28 38 58 59 78 84 94 
18 9 10 11 19 30 36 40 48 54 57 59 67 68 69 70 78 84 96 
10 33 49 57 64 66 78 80 82 83 85 
15 5 9 11 21 23 29 30 48 52 64 82 84 85 89 92 
12 4 5 10 21 28 43 74 75 76 79 86 89 
12 7 13 16 20 33 35 49 55 64 78 89 92 
7 0 4 59 66 76 93 98 
7 18 21 25 31 39 43 50 
8 11 13 26 32 56 58 76 77 
8 3 35 44 55 56 58 73 76 
12 12 15 44 57 61 63 67 70 74 75 77 89 
9 2 12 31 41 47 50 63 76 77 
9 0 6 13 14 36 45 46 62 78 
18 2 7 8 11 12 15 26 29 40 42 45 53 57 61 62 71 72 98 
6 20 31 40 43 45 96 
11 0 32 52 55 77 78 79 84 90 94 96 
8 6 19 25 34 36 60 72 89 
6 6 10 12 13 18 53 
11 1 7 8 14 18 26 47 59 67 77 79 
12 3 4 23 28 33 35 39 42 48 60 80 97 
7 2 5 29 32 73 74 89 
8 4 5 32 38 50 64 70 99 
9 7 27 33 51 66 68 75 88 89 
6 26 32 49 52 62 93 
7 15 25 55 61 71 80 87 
12 1 10 11 18 19 21 34 39 60 64 70 95 
