160 786
9 2 4 7 23 47 119 128 134 157 
7 75 82 83 91 109 116 128 
20 0 5 13 22 26 34 49 61 74 76 92 100 101 115 119 120 123 127 137 141 
12 29 30 57 60 61 63 80 84 96 102 139 154 
14 0 14 32 48 51 61 65 79 85 93 99 106 142 144 
14 2 16 35 39 50 57 80 97 100 105 108 111 112 157 
9 18 39 50 51 74 116 128 139 148 
16 0 13 17 40 42 47 77 81 83 92 97 109 119 147 150 152 
16 10 24 25 26 51 65 77 83 84 85 112 115 117 120 122 155 
10 12 20 26 69 70 76 105 117 135 140 
10 8 17 30 31 32 35 71 83 111 156 
11 17 23 26 46 47 75 83 94 107 139 158 
5 9 13 75 110 146 
6 2 7 12 56 71 84 
13 4 26 28 34 41 49 52 63 76 110 129 137 140 
4 35 48 127 159 
6 5 55 83 94 106 131 
12 7 10 11 31 66 73 75 82 116 139 153 157 
9 6 20 39 54 66 83 101 120 128 
8 27 41 47 63 68 91 94 128 
11 9 18 28 38 49 85 102 105 118 127 139 
8 22 25 73 79 92 105 118 148 
11 2 21 43 46 48 50 65 84 86 93 143 
9 0 11 38 42 54 100 124 130 134 
7 8 44 77 101 124 127 128 
10 8 21 31 33 39 77 99 100 112 150 
11 2 8 9 11 14 44 52 80 89 123 155 
10 19 65 67 76 88 102 114 118 127 143 
10 14 20 56 62 66 86 94 97 154 157 
8 3 35 68 74 98 106 127 154 
9 3 10 44 57 82 98 119 124 137 
12 10 17 25 34 36 55 56 105 106 111 133 136 
9 4 10 60 76 100 105 115 127 152 
12 25 37 47 52 63 76 94 104 110 116 136 150 
10 2 14 31 50 64 68 100 107 108 128 
11 5 10 15 29 37 41 67 86 97 128 130 
11 31 50 69 72 94 107 113 119 137 142 158 
14 33 35 40 43 61 62 63 101 102 111 113 118 148 159 
9 20 23 44 54 93 114 122 137 149 
9 5 6 18 25 51 68 81 111 128 
6 7 37 50 126 136 145 
11 14 19 35 45 47 56 64 74 76 99 141 
15 7 23 50 53 54 58 62 82 110 113 134 142 150 152 159 
10 22 37 52 77 86 90 111 122 134 149 
11 24 26 30 38 49 85 116 122 138 156 159 
12 41 47 56 100 104 108 113 134 141 144 145 158 
9 11 22 67 104 122 137 141 147 149 
14 0 7 11 19 33 41 45 48 58 62 64 102 118 156 
12 4 15 22 47 62 77 78 79 103 141 146 151 
15 2 14 20 44 56 65 73 78 109 110 122 127 146 156 159 
12 5 6 22 34 36 40 42 54 63 82 104 126 
9 4 6 8 39 95 119 127 148 158 
12 14 26 33 43 60 65 77 86 90 109 114 127 
9 42 62 73 77 78 114 123 143 156 
11 18 23 38 42 50 71 81 86 89 93 126 
6 16 31 96 111 130 133 
14 13 28 31 41 45 49 87 91 103 113 129 133 137 158 
5 3 5 30 112 114 
8 42 47 62 64 85 99 139 153 
4 96 113 118 158 
7 3 32 52 112 137 139 142 
11 2 3 4 37 62 66 80 94 97 133 143 
12 28 37 42 47 48 53 58 61 116 125 137 150 
12 3 14 19 33 37 50 84 99 114 129 136 146 
10 34 41 47 58 99 100 104 106 126 151 
10 4 8 22 27 49 52 81 118 133 151 
11 17 18 28 61 72 76 96 106 113 117 154 
10 27 35 46 96 101 120 129 132 139 141 
11 19 29 34 39 70 76 102 131 137 142 150 
5 9 36 80 138 143 
5 9 68 107 117 157 
6 10 13 54 81 101 122 
8 36 66 83 90 105 110 143 150 
10 17 21 49 53 78 83 121 142 157 159 
11 2 6 29 41 87 91 109 126 138 150 151 
10 1 11 12 17 77 121 133 135 138 147 
13 2 9 14 27 32 33 41 66 68 89 104 151 155 
12 7 8 24 25 43 48 52 53 75 117 129 142 
7 48 49 53 73 103 104 155 
8 4 21 48 98 124 130 133 145 
9 3 5 26 61 69 86 95 122 149 
9 7 39 54 65 71 85 105 119 130 
11 1 17 30 42 50 112 123 127 128 132 137 
14 1 7 8 10 11 16 18 72 73 93 108 112 130 145 
11 3 8 13 22 63 91 93 109 129 131 155 
9 4 8 20 44 58 81 90 97 123 
12 22 28 35 43 52 54 80 132 136 137 147 156 
5 56 74 94 124 130 
6 27 91 96 119 128 143 
6 26 54 76 107 113 137 
8 43 52 72 85 94 96 99 116 
9 1 19 56 74 84 88 92 106 122 
9 2 7 21 91 121 130 131 143 144 
8 4 22 38 54 83 84 110 123 
11 11 16 19 28 33 36 61 87 90 123 131 
9 51 80 121 142 148 149 151 152 157 
12 3 55 59 66 67 88 90 112 124 129 153 154 
11 5 7 28 35 61 85 101 109 115 125 133 
7 29 30 79 104 105 111 121 
13 4 25 41 58 63 64 90 106 107 118 121 134 137 
13 2 5 23 25 32 34 45 64 108 109 110 128 135 
11 2 18 24 37 67 71 97 109 116 122 134 
10 3 20 27 37 47 68 103 112 139 146 
5 48 56 78 102 129 
9 33 45 46 50 64 76 78 98 142 
11 5 9 20 21 31 32 72 81 98 139 148 
12 4 16 29 31 64 66 91 99 137 147 153 158 
8 11 34 36 70 89 99 122 152 
8 5 34 45 83 100 124 135 156 
12 1 7 49 52 74 84 97 100 101 110 144 145 
14 12 14 33 42 49 72 93 100 109 122 124 129 138 145 
11 5 10 31 37 39 43 55 98 124 129 145 
13 5 8 25 57 60 82 83 96 102 130 135 146 148 
8 36 37 42 45 56 59 66 89 
8 27 38 52 53 57 63 126 133 
7 2 8 32 97 121 147 159 
9 1 6 17 33 44 62 90 101 117 
8 8 9 66 70 77 116 142 151 
11 20 21 27 37 47 59 65 99 137 144 149 
9 0 2 7 30 36 51 81 88 150 
8 2 8 18 67 126 136 138 143 
8 73 75 92 95 98 99 115 145 
13 8 38 43 44 46 49 71 80 91 101 107 110 143 
10 2 26 53 82 85 93 94 126 137 156 
12 23 24 30 79 87 96 108 110 111 131 135 143 
3 62 97 127 
10 40 50 54 64 74 114 120 123 128 157 
13 2 15 20 24 27 29 32 49 51 52 82 125 135 
14 0 1 6 18 19 24 34 35 39 82 88 100 126 143 
11 14 56 63 67 77 84 96 103 110 111 130 
14 23 35 55 79 81 83 87 92 112 129 146 147 158 159 
7 16 68 84 92 94 124 153 
5 67 82 86 143 157 
12 31 55 56 61 65 75 79 97 114 139 151 155 
8 0 23 42 43 45 99 101 147 
8 9 75 100 108 112 124 127 155 
6 31 33 40 63 86 120 
20 2 14 30 36 38 46 56 60 62 68 82 86 89 99 106 118 123 139 140 154 
11 44 69 74 75 110 120 145 150 151 156 157 
14 3 6 11 17 20 58 60 67 102 105 133 137 155 158 
7 9 14 137 142 153 155 156 
7 2 41 45 46 48 67 144 
11 4 36 42 60 68 73 77 95 104 117 140 
14 22 27 53 61 69 72 88 92 120 122 124 128 132 151 
6 4 45 92 109 118 141 
9 40 45 79 83 109 110 111 121 138 
8 12 48 49 63 102 112 130 150 
8 7 46 75 86 106 115 130 134 
8 6 21 37 51 95 105 112 150 
6 38 43 46 80 95 118 
12 7 25 33 42 62 68 72 74 119 138 146 148 
11 48 64 65 74 76 95 117 133 138 143 159 
5 7 32 42 95 107 
6 17 58 96 106 131 140 
6 3 28 29 66 96 137 
9 8 26 76 78 84 133 135 139 140 
10 10 44 47 49 53 86 108 123 138 140 
11 0 5 17 28 70 73 95 126 132 138 159 
9 11 36 45 51 56 59 106 130 139 
10 15 37 42 44 49 73 115 130 151 157 
160 786
6 17 36 47 63 125 154 
6 23 59 111 118 137 159 
9 4 7 34 47 77 84 94 125 131 
9 12 15 22 31 56 60 98 107 131 
5 2 9 10 68 125 
6 22 42 47 75 116 135 
9 19 25 31 60 65 87 109 153 155 
11 2 48 54 83 85 89 107 121 130 135 148 
10 10 18 22 33 71 74 95 111 118 138 
14 4 15 20 33 39 66 68 74 81 98 119 120 123 155 
8 4 8 24 54 100 137 139 145 
4 20 29 80 130 
10 3 28 45 97 100 105 136 139 145 148 
8 41 43 71 93 104 107 122 124 
12 18 50 60 66 76 109 113 117 119 139 148 158 
9 3 9 32 81 86 127 138 142 150 
8 22 27 45 54 76 95 117 136 
8 0 18 20 53 80 86 94 125 
11 8 14 17 48 97 99 129 141 142 153 155 
7 6 34 86 93 112 117 120 
11 9 11 17 31 40 59 77 90 119 138 141 
7 29 90 103 109 114 141 155 
11 3 5 8 16 33 54 56 59 122 143 150 
12 1 32 53 64 72 77 81 82 98 101 128 145 
9 10 37 85 87 95 104 122 133 144 
8 6 28 32 45 55 98 110 144 
8 35 41 46 114 122 143 147 158 
14 16 31 50 60 68 77 105 113 115 120 123 126 144 150 
11 12 25 40 41 43 47 69 79 100 109 157 
12 11 21 37 43 45 55 73 97 104 133 134 136 
9 31 53 69 101 114 115 124 127 128 
14 3 6 20 27 30 46 52 55 64 68 129 130 134 143 
10 15 23 25 41 66 68 99 105 133 159 
12 8 9 22 45 57 72 84 101 111 122 137 142 
12 2 19 55 76 81 87 89 108 123 129 143 154 
9 26 43 60 74 131 136 138 143 155 
11 0 38 42 53 63 75 82 102 126 150 154 
7 24 29 57 73 88 144 148 
11 36 39 40 87 104 112 119 125 136 145 155 
9 9 38 58 59 67 79 121 125 135 
14 20 28 38 42 44 81 104 110 111 130 137 147 158 159 
13 13 26 28 32 47 53 65 71 116 136 137 141 152 
8 5 36 40 69 101 114 122 128 
14 13 28 29 35 44 60 71 85 104 106 114 115 141 159 
10 40 43 68 73 86 100 124 125 134 157 
11 12 16 25 29 33 59 87 103 117 147 155 
8 26 31 53 59 60 70 103 156 
20 0 2 5 28 41 53 54 59 61 84 86 95 101 103 104 124 128 149 151 155 
11 7 18 50 67 70 74 76 85 97 99 118 
9 66 75 77 80 91 98 136 151 156 
9 14 27 48 55 65 76 81 111 114 
5 62 70 76 134 140 
11 31 61 73 76 81 90 117 128 133 137 154 
12 17 23 30 36 41 46 47 71 93 120 136 153 
9 7 10 16 22 47 79 121 143 157 
8 25 29 31 34 50 94 136 145 
6 3 22 77 121 140 158 
9 33 37 71 75 92 94 103 114 159 
9 39 65 74 79 91 92 97 110 127 
12 1 20 22 39 45 46 47 63 85 139 146 147 
16 3 6 14 27 35 43 46 82 91 99 111 119 122 131 133 140 
13 47 52 63 72 75 76 135 136 137 139 141 148 149 
10 51 67 75 96 98 102 108 135 149 157 
10 0 36 59 61 74 104 112 119 128 157 
6 23 31 81 120 145 154 
8 6 41 50 58 70 94 144 156 
13 9 14 32 49 71 72 76 108 114 123 138 143 155 
5 39 48 62 87 101 
13 4 9 27 31 32 44 84 105 108 110 134 151 154 
4 28 30 42 154 
10 46 48 51 65 82 108 113 115 133 145 
10 8 13 41 43 53 57 66 72 97 141 
10 23 33 61 66 71 86 116 123 138 155 
5 29 37 44 52 128 
11 8 9 35 48 58 63 82 96 130 144 146 
13 5 36 49 57 61 62 86 88 97 100 141 155 159 
14 14 16 34 48 50 51 52 61 66 121 122 126 148 159 
10 2 20 23 27 49 56 81 82 85 105 
3 80 104 119 
6 28 39 54 58 103 147 
13 11 17 49 78 84 89 100 108 127 139 148 155 157 
11 9 15 23 34 40 50 52 64 77 94 147 
12 23 36 60 70 74 77 83 84 93 115 124 144 
9 7 82 102 104 113 142 152 158 159 
11 2 33 47 68 80 82 95 113 122 138 146 
10 7 24 43 48 59 77 95 123 148 149 
11 15 17 19 44 47 72 75 92 96 99 106 
14 6 24 34 38 45 67 97 100 118 121 126 132 138 146 
9 37 75 105 108 117 124 135 145 149 
7 7 34 80 105 133 138 158 
10 20 21 52 100 103 118 124 146 154 158 
5 49 58 60 116 122 
11 57 58 86 101 102 122 133 136 144 149 151 
6 13 19 53 82 149 154 
7 2 17 55 57 65 81 98 
10 8 16 24 47 84 85 107 112 135 155 
5 62 74 86 102 116 
11 12 18 29 48 58 71 75 87 102 130 145 
11 3 9 23 25 49 62 94 110 124 126 157 
12 18 32 48 60 86 104 110 122 126 131 134 159 
10 10 12 28 44 75 80 87 90 106 132 
11 23 30 33 42 47 67 92 112 116 126 131 
8 36 62 83 92 96 97 105 133 
9 21 45 46 47 57 79 90 115 121 
12 13 24 29 38 40 43 47 63 78 83 99 122 
16 12 27 32 68 77 88 89 102 107 117 118 121 127 133 135 156 
8 43 86 100 112 137 138 141 153 
9 3 7 13 95 105 119 136 152 157 
8 34 62 66 68 70 80 88 123 
6 6 14 21 28 114 136 
8 25 40 58 68 98 99 127 142 
6 1 8 33 40 50 60 
11 19 38 63 95 101 106 115 120 129 152 159 
7 14 27 70 83 84 138 153 
12 21 26 30 42 43 50 57 66 109 123 128 141 
11 27 30 43 70 82 103 112 116 124 135 143 
8 5 41 72 91 96 101 115 121 
11 14 16 19 45 52 88 105 125 137 140 153 
8 1 8 48 87 90 105 150 155 
11 9 14 20 38 60 63 78 107 145 156 158 
6 9 19 27 53 64 112 
13 7 39 54 56 76 87 103 105 116 147 148 153 158 
15 13 22 24 26 33 42 60 76 84 91 92 99 104 130 143 
8 9 27 34 66 72 85 108 114 
14 13 30 44 47 82 88 90 98 115 125 142 145 151 157 
12 0 2 4 17 38 39 44 117 124 137 151 154 
8 27 36 76 87 98 99 101 152 
9 15 30 58 80 105 110 131 136 142 
14 23 30 42 47 52 63 73 114 129 140 141 145 148 153 
5 18 31 34 112 128 
10 7 11 31 40 74 97 122 144 148 156 
9 2 3 35 60 99 101 127 132 155 
6 87 100 131 138 153 154 
12 24 29 32 52 60 70 89 92 102 105 139 147 
8 29 31 44 51 68 99 137 148 
11 5 7 39 61 62 88 95 105 115 139 155 
14 12 16 29 35 38 41 49 53 55 61 92 107 109 127 
12 1 10 33 40 41 52 61 106 117 125 134 159 
14 8 15 20 35 66 72 84 87 89 106 113 132 142 150 
12 10 12 14 59 61 80 133 135 147 151 152 159 
6 51 56 60 117 128 155 
11 18 20 21 41 43 61 71 75 106 114 128 
9 15 18 33 83 110 124 127 138 150 
9 22 26 31 34 35 54 66 115 122 
10 24 25 27 37 65 74 82 92 130 148 
12 10 12 23 38 55 64 70 88 97 119 124 128 
5 59 74 84 87 90 
10 26 40 45 59 79 81 121 133 139 152 
15 7 12 14 37 61 76 80 85 121 128 130 134 144 155 157 
7 47 61 62 85 88 92 93 
9 15 22 27 36 118 138 142 157 158 
7 47 49 68 92 124 125 139 
8 41 83 107 112 126 139 147 154 
9 6 18 53 106 113 117 121 128 132 
12 0 34 36 52 64 68 69 90 93 125 132 152 
20 6 9 18 21 35 38 45 47 66 72 75 80 95 118 131 135 140 148 156 158 
7 46 49 65 105 119 130 155 
11 28 44 54 62 63 80 98 107 124 148 150 
11 14 26 40 56 83 89 90 119 121 150 155 
12 1 32 40 43 57 75 76 83 99 112 137 139 
