190 918
8 2 7 23 47 119 128 134 157 
11 45 53 61 79 86 98 132 140 149 153 161 
15 0 14 16 32 41 55 59 60 67 125 126 157 159 176 180 
11 6 49 64 79 97 116 126 144 158 164 171 
10 22 69 73 91 114 134 139 142 145 146 
9 7 21 42 53 119 131 142 168 172 
16 3 12 14 19 49 53 55 64 81 91 119 124 133 148 149 188 
16 0 5 18 24 25 26 53 58 61 96 103 111 117 160 161 167 
11 15 27 45 50 76 90 91 94 130 142 170 
12 35 44 50 53 73 74 102 110 121 166 185 187 
1 105 
9 19 34 47 134 149 157 160 171 184 
7 6 41 60 68 71 110 123 
7 26 58 97 125 136 148 173 
10 2 6 40 82 91 125 148 162 170 189 
11 8 30 42 59 77 96 104 143 157 179 184 
8 2 34 71 110 120 131 167 187 
9 37 49 70 73 121 127 140 153 166 
8 7 25 57 60 62 98 100 188 
6 6 11 22 110 114 159 
10 23 47 70 73 74 111 113 119 157 179 
6 5 24 62 89 125 168 
12 4 19 33 75 77 86 98 112 124 128 137 153 
11 0 20 31 37 41 61 69 72 129 132 179 
9 7 21 38 46 113 126 151 167 188 
10 7 18 29 42 69 138 139 144 166 169 
10 7 13 57 73 97 112 149 160 170 175 
10 8 37 55 65 71 97 111 136 150 154 
10 32 33 53 86 90 116 135 146 177 179 
9 25 62 84 119 125 149 154 170 177 
13 15 36 37 38 76 77 86 88 93 123 134 140 150 
9 23 52 60 75 87 109 126 139 186 
8 2 28 70 146 156 165 183 185 
12 22 28 38 46 58 81 123 149 152 153 157 181 
10 11 16 54 78 86 94 103 112 146 182 
7 9 40 55 70 137 180 182 
11 30 38 82 86 90 95 116 123 126 140 162 
15 17 23 27 30 47 65 80 90 92 103 113 117 119 157 173 
13 24 30 33 36 77 92 93 94 118 156 161 166 181 
11 40 48 53 84 85 102 121 134 138 147 166 
4 14 35 39 138 
14 2 12 23 43 53 62 79 88 92 111 116 129 170 185 
10 5 15 25 75 84 104 137 147 152 155 
4 41 46 120 135 
8 9 69 73 85 111 115 119 140 
9 1 8 52 54 103 105 126 140 180 
7 24 33 43 51 94 111 156 
14 0 11 20 37 67 92 94 97 115 119 133 147 150 186 
6 39 55 125 134 159 189 
11 3 6 17 64 79 94 101 111 160 164 186 
9 8 9 72 96 133 148 166 180 184 
7 46 76 83 87 158 163 182 
13 31 45 54 57 64 66 86 92 118 147 153 158 166 
11 1 5 6 7 9 28 39 41 108 113 176 
9 34 45 52 81 93 113 134 182 189 
11 2 6 27 35 48 75 108 115 129 134 172 
10 60 75 77 90 94 112 129 141 153 164 
8 18 26 52 90 93 102 127 189 
9 7 13 33 62 106 118 131 173 174 
9 2 15 95 118 144 150 153 165 185 
11 2 12 18 31 56 65 92 133 153 167 178 
9 1 7 23 120 124 129 166 181 185 
13 18 21 29 41 58 76 91 112 114 150 152 176 185 
5 66 92 174 178 189 
8 3 6 49 52 73 119 151 156 
8 27 37 60 79 113 119 143 171 
6 52 63 68 112 126 142 
9 2 47 86 95 96 108 109 141 154 
8 12 66 98 106 160 181 187 188 
13 4 23 25 44 70 76 94 106 111 135 136 145 177 
15 17 20 32 35 69 90 91 97 107 152 153 164 167 180 183 
8 12 16 27 96 115 154 161 167 
6 23 50 88 97 124 131 
10 4 9 17 20 26 44 64 122 173 182 
6 9 20 125 130 146 176 
12 22 31 42 55 56 85 96 117 121 155 184 189 
12 8 30 51 62 69 92 119 124 140 172 177 188 
9 15 22 30 38 56 78 147 154 186 
5 34 77 101 114 181 
13 1 3 41 49 65 80 107 114 119 160 175 185 187 
5 37 79 83 123 177 
8 6 33 54 99 109 113 121 139 
5 14 36 105 144 161 
10 51 80 100 101 112 113 152 166 174 186 
9 29 39 42 85 102 134 163 164 178 
16 39 44 75 84 86 91 92 97 98 116 119 122 133 135 136 182 
12 1 22 28 30 34 36 52 67 85 120 143 179 
4 31 51 146 150 
7 30 41 72 96 126 146 186 
5 21 93 152 154 170 
10 8 28 36 37 56 57 70 92 121 175 
12 4 6 8 14 62 70 85 106 111 121 180 188 
16 37 38 41 47 52 60 63 76 85 90 101 118 123 150 156 169 
8 30 38 54 57 89 106 172 178 
14 8 34 38 46 47 49 56 69 130 138 150 153 170 182 
5 36 59 67 105 174 
14 7 15 50 67 71 75 88 101 114 119 123 153 180 186 
17 3 13 26 27 47 70 72 85 112 114 136 147 158 161 171 186 189 
13 1 18 22 68 85 101 103 111 119 121 161 165 189 
6 81 102 116 143 153 163 
4 18 83 110 180 
12 49 78 83 92 96 98 113 145 151 158 170 188 
10 9 39 57 84 99 105 106 123 145 152 
8 7 34 37 45 98 107 126 131 
3 15 42 151 
11 10 45 82 95 102 111 127 145 157 166 181 
12 58 68 69 91 93 102 112 140 151 155 179 182 
6 70 79 103 108 139 140 
7 53 55 67 107 125 167 183 
7 31 67 81 113 136 139 168 
9 9 12 16 19 100 118 121 131 178 
17 7 20 27 41 44 46 49 69 91 98 105 132 134 140 164 176 180 
15 22 26 34 56 62 66 83 97 106 116 125 148 162 168 184 
11 20 24 37 53 54 65 81 83 101 109 148 
8 4 19 62 78 79 96 97 116 
8 44 47 55 71 125 140 173 186 
10 3 28 36 41 85 99 112 114 117 173 
9 7 37 75 116 119 134 156 159 160 
10 38 52 58 59 92 110 156 160 162 175 
19 0 5 6 20 29 37 44 47 64 65 76 79 85 96 98 117 122 139 179 
9 16 43 61 86 141 144 149 163 182 
16 9 17 39 75 81 90 91 98 110 128 132 146 147 159 167 179 
6 73 85 119 143 146 184 
15 12 30 33 36 80 92 96 102 132 137 138 145 152 157 167 
10 6 22 61 72 76 144 149 150 163 184 
11 2 13 14 21 29 48 74 108 112 115 158 
19 2 3 24 31 36 45 66 88 103 128 129 136 142 144 153 158 172 175 176 
7 17 57 105 133 139 140 184 
5 0 22 121 126 161 
9 23 41 55 56 61 126 130 137 154 
5 8 74 94 129 172 
11 5 16 58 72 103 110 157 161 170 174 180 
11 1 23 111 121 123 134 147 152 173 181 187 
11 6 47 50 60 85 127 151 153 155 170 182 
17 0 4 11 30 39 48 54 55 84 111 117 132 153 162 169 172 175 
4 28 43 69 85 
8 13 27 69 85 97 109 126 158 
7 22 35 42 123 129 139 181 
5 25 39 40 94 123 
11 4 25 31 81 107 109 119 127 137 168 176 
15 1 17 30 36 44 45 76 106 107 111 115 127 143 181 183 
7 56 67 120 157 162 166 173 
7 4 5 8 66 126 153 180 
8 15 65 86 99 122 140 159 188 
8 3 25 59 82 120 124 126 184 
8 4 69 101 102 105 123 186 188 
11 4 28 32 34 74 87 88 121 122 150 172 
11 39 42 47 52 77 97 121 132 150 164 189 
7 6 13 14 50 112 113 179 
11 1 6 11 26 29 33 120 124 152 166 185 
13 27 30 47 59 62 87 92 94 124 146 147 167 189 
6 24 64 101 104 106 133 
11 33 42 62 70 83 89 102 123 132 149 189 
20 1 17 22 33 52 56 59 60 70 94 96 99 126 133 134 142 158 185 186 189 
9 27 29 67 71 77 89 129 176 189 
8 42 75 106 133 162 164 166 168 
9 32 38 46 64 92 117 118 165 186 
11 0 2 11 15 20 33 37 105 123 131 141 
10 3 51 52 97 101 125 126 136 153 187 
8 2 19 48 117 121 143 175 181 
10 7 11 26 49 68 79 117 118 175 184 
12 1 7 38 71 82 97 98 128 131 166 170 180 
9 14 36 112 118 134 141 155 172 180 
5 51 84 99 120 124 
10 3 49 56 70 84 111 147 155 177 186 
4 32 59 98 156 
16 9 17 25 38 39 50 52 61 83 105 141 149 155 161 167 170 
14 7 16 24 60 70 71 108 121 123 150 166 180 184 188 
6 5 21 109 112 139 155 
3 25 92 134 
12 8 14 26 29 41 89 94 101 131 133 161 166 
4 3 11 65 97 
11 5 55 76 93 126 130 134 146 162 185 186 
10 13 37 58 73 115 116 132 141 177 188 
7 58 63 83 95 131 175 187 
10 26 79 90 118 126 134 159 160 174 187 
8 2 53 62 74 111 126 139 154 
7 28 29 69 76 80 164 173 
5 60 63 84 93 110 
9 15 20 23 28 86 106 119 121 148 
14 2 35 45 50 70 91 96 100 111 131 142 161 162 167 
10 33 38 61 68 78 105 132 137 140 159 
10 34 35 51 54 73 85 94 106 120 133 
4 32 70 108 140 
11 11 15 50 75 112 122 124 127 144 160 167 
10 9 32 41 59 61 62 79 149 153 172 
14 31 47 49 77 83 88 96 97 115 145 153 156 164 172 
9 9 16 68 79 132 158 174 175 189 
11 6 18 24 68 76 91 101 143 145 167 173 
14 14 48 54 57 63 75 97 98 147 150 152 153 154 187 
190 918
7 30 43 44 50 142 146 161 
8 18 32 33 41 65 105 132 162 
8 5 23 65 89 97 115 129 163 
16 5 13 18 24 47 48 53 56 60 61 81 111 116 148 162 176 
7 6 29 75 95 125 137 185 
13 2 3 9 10 77 94 99 116 118 124 152 178 179 
10 4 51 52 60 65 82 109 126 135 164 
8 23 75 92 103 116 145 151 187 
10 12 64 75 82 103 116 145 149 178 182 
14 5 15 24 66 81 86 110 115 133 142 150 160 186 188 
8 5 21 36 43 65 104 175 188 
4 61 112 158 186 
9 8 18 94 103 105 116 155 168 175 
12 3 30 44 65 89 94 161 170 175 178 182 186 
10 44 81 86 109 131 132 148 150 177 178 
11 9 35 46 76 88 89 101 135 141 169 182 
9 21 23 24 32 60 109 116 151 183 
6 32 63 118 153 156 170 
12 1 3 12 45 73 95 99 118 119 137 138 168 
9 23 27 29 99 103 104 137 172 173 
11 30 78 86 94 119 143 149 157 162 168 181 
10 10 16 23 42 63 80 93 107 166 180 
7 39 76 104 118 141 158 173 
16 2 7 16 19 21 50 54 72 77 80 97 123 152 164 178 184 
12 3 9 16 54 94 118 125 141 147 166 174 177 
7 40 74 88 111 121 122 157 
8 39 72 89 92 146 149 150 178 
10 19 46 78 89 93 108 142 154 159 181 
5 69 95 138 140 159 
16 4 19 46 61 69 73 77 88 97 100 120 127 147 154 171 184 
10 0 13 20 31 39 79 82 118 151 156 
13 30 47 52 56 74 79 83 97 103 148 175 178 182 
8 1 16 17 42 92 94 104 133 
15 1 45 55 56 74 99 100 104 126 128 134 138 165 175 178 
9 46 52 53 89 97 116 150 171 189 
10 15 41 53 61 69 76 79 115 154 175 
7 10 76 108 131 153 163 170 
11 60 68 81 91 93 96 122 139 146 170 180 
1 69 
11 22 26 30 49 55 59 62 97 116 128 174 
5 25 41 53 137 172 
6 1 35 40 49 60 142 
10 21 32 80 93 107 140 144 146 151 188 
6 0 10 67 73 110 146 
11 0 13 14 57 74 83 105 127 134 144 171 
13 18 33 70 74 76 86 87 105 109 120 138 143 151 
11 15 27 29 34 63 80 99 101 137 170 172 
4 3 31 114 168 
16 3 73 74 76 86 107 108 109 110 120 124 130 144 145 163 183 
8 39 41 59 64 66 94 101 170 
9 0 23 62 71 72 113 116 141 181 
7 6 80 81 148 155 164 189 
7 6 31 34 74 91 98 168 
9 3 34 35 40 61 91 141 151 167 
14 23 24 76 90 95 105 116 124 127 131 142 143 156 161 
6 33 39 93 106 152 182 
8 3 31 33 82 116 126 154 178 
5 44 83 149 173 181 
6 71 81 103 127 143 172 
7 39 49 62 64 95 148 174 
10 3 6 16 37 41 67 108 138 156 168 
11 3 11 29 35 53 72 94 112 133 151 160 
6 39 50 59 67 113 147 
9 17 21 46 68 75 119 145 151 166 
11 8 49 59 66 72 88 109 123 124 132 155 
11 1 2 6 10 13 74 79 123 124 170 184 
9 9 49 64 70 73 111 119 134 151 
15 43 60 62 80 81 88 89 118 119 125 155 166 175 185 189 
4 37 63 81 132 
11 28 29 35 38 75 79 102 104 128 134 178 
8 45 66 115 120 167 169 175 181 
11 50 58 75 77 117 140 152 153 161 164 171 
11 23 26 50 61 64 99 106 108 154 168 170 
13 18 29 43 48 66 107 115 122 134 139 142 160 174 
12 25 31 33 44 45 48 52 65 89 116 172 181 
11 4 7 8 63 69 71 76 92 101 105 109 
15 15 22 35 36 45 48 54 75 79 98 101 112 135 138 184 
12 5 23 29 71 81 99 102 120 131 161 171 187 
8 20 27 92 165 168 179 182 183 
8 30 31 35 65 69 76 90 124 
10 21 23 42 46 51 67 81 82 115 171 
17 3 9 14 37 51 58 67 68 77 80 90 122 145 148 156 160 182 
10 6 8 30 56 80 100 111 139 154 162 
14 31 44 57 86 111 112 119 120 121 125 142 145 171 180 
5 87 104 119 124 156 
6 123 124 136 139 175 176 
13 9 14 20 45 48 83 89 145 157 159 160 172 184 
9 45 84 90 105 118 120 125 150 160 
10 15 25 29 64 67 90 98 124 129 140 
13 2 13 15 26 27 34 67 74 86 108 113 156 164 
14 54 79 81 87 88 91 126 142 143 145 174 180 181 183 
10 37 52 53 90 125 147 160 178 180 182 
15 7 26 32 75 78 95 108 117 146 159 161 163 177 186 189 
13 21 27 37 42 55 98 99 108 116 132 156 180 188 
16 5 12 13 20 24 32 49 61 100 135 144 153 154 160 184 187 
9 4 18 28 54 59 92 106 145 150 
8 37 97 102 137 146 159 166 172 
10 2 23 29 31 34 39 96 112 130 141 
5 52 76 88 93 109 
11 5 18 19 33 46 72 77 93 134 135 142 
9 29 33 82 94 109 128 142 180 182 
12 15 46 49 75 76 104 118 120 121 142 164 168 
5 69 77 96 138 186 
11 7 8 12 19 31 58 108 109 135 173 174 
10 10 19 22 32 33 69 84 101 120 135 
11 1 12 44 45 54 75 87 136 141 159 166 
7 55 72 95 165 177 184 189 
10 21 42 48 73 120 153 159 164 183 185 
14 27 36 48 60 72 89 92 93 103 114 143 171 173 178 
15 6 14 16 45 48 64 75 98 100 103 116 132 144 145 152 
5 9 43 48 140 167 
10 3 25 66 82 83 119 137 158 175 176 
5 11 61 76 83 97 
6 50 62 89 123 169 189 
4 47 108 121 137 
8 2 9 35 70 73 80 128 144 
19 3 5 7 8 12 16 34 39 50 54 56 74 93 109 132 139 145 162 170 
8 71 92 119 131 137 153 184 188 
12 5 17 18 22 24 30 67 87 101 142 172 187 
10 18 20 63 66 67 83 84 111 117 152 
13 29 45 48 70 77 83 87 101 104 107 123 138 183 
7 25 83 101 114 123 178 183 
10 25 37 73 81 124 142 146 148 188 189 
9 23 64 65 85 113 120 121 146 184 
12 5 48 54 64 65 79 84 85 88 122 171 180 
10 4 24 67 83 87 91 142 144 163 173 
8 6 33 56 90 131 145 177 189 
9 29 44 54 58 154 155 161 166 176 
7 33 39 69 100 115 166 176 
4 2 88 153 161 
3 48 97 151 
8 14 36 54 77 117 126 150 184 
8 1 14 64 68 93 109 116 163 
6 9 32 61 151 177 189 
9 33 44 66 69 73 99 146 152 161 
11 6 15 76 94 99 103 104 151 160 178 188 
3 85 105 141 
9 4 18 19 40 46 96 111 114 117 
11 18 28 33 45 60 76 102 120 144 146 185 
8 37 73 82 85 116 170 180 183 
7 28 42 71 88 110 164 188 
10 15 22 24 50 53 97 105 136 147 160 
20 0 9 27 41 54 73 83 90 99 100 101 118 122 125 146 151 159 163 176 182 
7 20 45 54 58 90 108 146 
10 42 44 48 94 109 115 125 138 168 182 
14 7 8 48 63 81 83 86 90 95 109 116 126 160 176 
19 0 26 37 42 43 92 96 122 123 134 138 142 143 148 152 173 174 181 187 
8 24 29 62 91 141 175 176 185 
8 3 14 31 51 59 81 122 146 
6 8 20 26 57 154 189 
9 9 14 26 34 87 95 131 169 173 
17 7 16 30 42 45 53 61 63 66 130 133 135 142 177 178 181 185 
8 5 23 55 71 109 119 134 146 
9 17 36 71 94 107 117 129 154 167 
12 27 29 35 56 72 82 94 127 149 153 158 188 
7 12 51 64 67 127 170 186 
8 17 30 54 60 81 84 89 93 
4 20 25 86 174 
7 11 22 111 154 161 177 182 
9 27 28 86 92 96 105 107 142 179 
11 9 61 73 81 86 87 91 94 135 141 145 
14 0 13 54 71 77 92 127 129 134 158 178 182 184 185 
6 1 3 20 82 116 166 
11 2 36 48 92 125 132 142 167 174 176 184 
9 6 23 51 71 89 101 107 140 175 
4 33 78 106 182 
11 21 24 63 67 96 105 127 128 162 172 184 
5 53 70 110 153 163 
10 12 18 20 47 52 60 72 78 101 144 
5 15 70 113 150 171 
16 13 17 36 37 46 49 65 72 116 139 155 172 176 177 180 186 
12 29 34 44 71 77 80 83 108 124 169 176 186 
10 19 40 46 58 74 86 96 118 166 170 
9 19 22 57 103 108 125 146 150 177 
9 24 39 59 73 90 103 146 157 163 
12 10 12 13 31 33 35 67 70 85 111 147 164 
11 3 85 111 127 128 142 145 147 163 170 171 
11 14 24 92 106 126 133 151 158 170 173 181 
17 5 8 13 14 23 26 31 33 56 69 91 108 121 135 151 161 180 
4 5 78 159 183 
11 21 37 83 90 91 93 100 124 139 170 178 
11 20 27 50 57 70 74 90 146 151 177 185 
15 8 13 15 31 55 78 81 91 100 142 144 158 161 165 184 
9 16 48 78 90 107 120 121 139 179 
14 23 29 65 76 86 94 106 117 123 131 161 163 166 182 
9 4 67 107 138 147 151 161 181 186 
10 9 11 13 92 102 155 170 171 185 189 
5 7 77 94 118 146 
9 9 10 42 93 117 122 135 140 154 
11 34 51 67 92 106 113 122 126 133 149 186 
