150 741
8 2 4 7 23 47 119 128 134 
8 9 85 92 93 101 119 126 138 
19 0 25 33 42 46 54 69 81 94 96 112 120 121 135 139 140 143 144 147 
12 11 15 59 60 87 90 91 93 110 114 126 132 
15 0 24 39 51 54 72 88 91 101 105 119 125 133 139 146 
9 38 40 66 85 89 100 107 130 147 
11 7 12 15 18 19 64 78 99 110 111 134 
13 0 6 13 34 46 57 66 83 87 110 112 117 147 
15 10 12 21 26 38 48 76 79 81 90 104 105 106 131 145 
14 1 17 23 24 25 52 55 57 60 62 95 102 110 116 
13 8 20 21 27 56 68 86 91 117 130 131 132 135 
9 3 33 45 59 73 118 127 133 136 
12 6 8 19 20 48 56 58 67 80 112 131 133 
4 7 59 94 130 
3 51 66 79 
14 3 6 32 34 40 47 55 58 69 82 116 135 143 146 
3 52 65 144 
7 9 44 83 111 114 122 134 
7 6 28 70 105 112 114 121 
13 6 12 25 48 57 62 66 68 70 89 104 116 133 
12 10 12 22 41 49 84 88 102 108 124 129 145 
9 8 10 24 27 61 100 110 121 145 
9 20 30 47 50 63 72 84 105 108 
13 0 9 30 36 49 62 75 95 105 137 140 142 144 
11 4 9 21 34 53 55 62 74 112 143 147 
9 2 9 19 29 35 81 105 111 115 
8 8 37 70 94 117 120 121 122 
9 10 21 36 38 44 82 104 105 117 
7 18 34 61 69 97 106 140 
9 25 52 94 96 105 117 131 143 147 
11 22 23 37 53 97 103 107 127 131 135 138 
5 77 80 88 121 127 
8 15 34 42 63 90 109 122 147 
11 2 11 47 56 68 73 86 111 113 132 133 
11 7 15 24 28 32 67 68 73 95 98 149 
9 25 51 75 80 90 102 127 138 148 
11 23 27 40 51 64 82 92 98 104 124 138 
9 26 30 51 65 69 101 108 109 129 
10 5 8 27 51 55 81 100 111 142 144 
9 4 52 77 96 99 121 134 140 146 
15 5 15 36 55 60 76 80 83 86 94 101 102 103 141 142 
9 20 43 45 50 80 91 97 107 146 
9 2 32 60 68 83 95 117 134 147 
4 41 71 88 129 
8 17 27 100 110 119 137 139 148 
7 11 41 52 62 64 87 129 
12 2 7 52 55 56 60 64 84 112 115 136 144 
14 0 15 22 33 50 52 59 68 93 100 102 106 127 138 
8 8 12 19 49 64 79 115 146 
12 20 23 48 52 68 86 89 91 100 135 144 148 
11 22 41 47 53 58 79 86 89 90 103 125 
17 4 14 35 36 37 38 64 73 82 97 101 107 109 120 130 134 136 
12 9 16 29 39 45 46 47 49 77 93 131 148 
13 24 30 50 58 61 67 68 69 93 103 131 136 141 
10 2 4 61 70 78 83 114 115 127 132 
14 9 15 24 38 40 46 57 67 70 74 83 102 124 146 
6 10 12 33 46 61 130 
14 7 9 19 55 62 66 70 91 101 110 115 127 136 140 
11 12 15 50 53 68 73 86 127 138 142 143 
9 3 11 13 47 89 94 98 118 131 
11 3 9 40 42 46 62 72 77 80 84 117 
12 21 28 53 54 56 75 81 103 112 118 137 140 
12 9 19 23 24 45 57 60 100 110 114 126 136 
6 22 32 66 70 74 95 
11 6 36 45 46 48 51 66 68 117 119 140 
5 16 37 70 110 124 
11 5 7 14 19 57 63 64 84 101 106 146 
8 12 34 53 55 117 142 144 147 
16 10 19 33 34 42 47 49 53 58 64 81 84 88 102 116 119 
7 2 15 28 37 53 75 85 
13 18 19 26 54 55 57 63 65 76 85 97 110 140 
7 43 77 92 107 114 124 125 
9 4 22 60 95 96 100 102 122 147 
8 11 33 34 51 58 95 132 147 
10 24 55 63 90 104 108 128 138 145 149 
6 23 35 61 69 112 146 
12 8 40 70 78 97 106 109 116 118 138 144 147 
10 31 39 52 60 71 98 127 133 138 146 
4 6 54 76 95 
7 8 14 48 50 83 88 141 
9 12 31 35 40 41 60 82 122 134 
8 2 8 25 38 61 68 86 107 
11 15 27 36 51 80 88 95 110 114 115 148 
11 7 17 40 42 54 55 79 89 103 108 146 
11 20 22 46 60 66 68 102 117 119 132 136 
10 1 5 69 70 90 107 119 131 132 142 
12 10 33 40 49 50 58 81 123 135 137 140 149 
5 3 7 45 112 127 
9 4 20 31 43 68 79 82 113 117 
9 5 19 49 50 59 83 101 113 126 
9 3 8 32 35 50 74 85 109 110 
9 3 4 10 41 49 57 103 126 132 
9 1 36 71 95 101 104 116 136 145 
7 1 3 47 52 53 116 143 
11 2 13 26 29 40 59 102 117 122 136 147 
10 9 23 34 42 63 72 73 78 82 92 
10 2 29 39 72 99 110 114 115 119 124 
11 28 30 41 51 70 76 104 110 119 123 141 
8 34 36 59 77 105 126 128 144 
7 6 39 96 114 116 140 149 
11 5 21 38 44 47 49 62 72 107 133 148 
9 1 4 37 40 51 57 66 89 92 
15 9 20 35 40 47 55 68 72 84 94 120 124 125 135 144 
10 30 40 50 53 61 83 91 108 138 144 
9 8 19 27 36 74 92 97 131 136 
12 4 8 18 22 23 25 27 29 98 115 124 139 
7 8 28 47 66 76 130 136 
12 5 30 41 51 71 81 85 100 118 144 146 149 
7 20 22 37 74 83 103 125 
7 32 37 51 76 90 129 143 
16 3 6 7 9 21 44 57 62 65 70 82 90 96 97 120 134 
6 6 17 25 33 38 148 
13 2 7 12 18 24 46 61 75 87 120 121 133 134 
5 33 88 89 130 143 
9 3 17 18 54 62 71 82 96 99 
10 25 46 48 54 57 82 96 105 139 147 
8 9 15 19 68 76 92 93 99 
13 7 10 26 27 29 42 60 64 67 84 88 94 136 
11 11 59 61 76 107 126 132 133 135 136 141 
14 0 1 4 44 64 68 84 85 96 97 129 141 146 148 
8 2 26 51 102 110 112 141 142 
12 2 18 21 26 31 39 112 123 129 131 137 147 
7 17 26 32 72 80 94 128 
6 86 97 121 134 135 141 
9 20 36 55 65 71 96 102 105 126 
7 4 50 71 102 108 147 148 
10 1 3 62 89 91 98 118 124 136 139 
12 11 30 31 35 47 54 57 58 77 87 130 133 
7 0 74 98 122 142 143 144 
9 20 37 43 45 109 119 121 142 149 
8 5 10 13 51 56 106 113 127 
12 8 10 12 29 30 52 53 59 85 104 121 144 
11 3 10 33 54 73 84 85 91 118 134 140 
11 4 11 12 19 33 77 100 112 118 127 136 
12 0 6 17 39 42 51 80 110 112 123 132 147 
10 2 10 15 30 49 86 102 118 123 142 
15 11 46 51 53 57 62 84 92 94 104 106 117 118 126 133 
6 23 44 61 86 121 144 
11 1 30 35 36 47 58 74 76 77 103 140 
6 2 4 44 105 115 126 
12 2 23 28 39 57 61 64 70 86 99 132 138 
8 40 53 79 97 118 119 120 123 
11 23 38 40 58 67 85 120 128 129 135 145 
9 2 15 24 29 58 93 109 113 128 
15 2 16 23 38 46 49 67 76 98 102 103 107 128 131 137 
6 8 20 21 74 92 142 
12 4 15 39 41 48 55 66 75 77 83 107 119 
16 2 5 7 24 29 32 42 67 72 73 76 94 115 121 125 134 
9 35 44 49 52 82 100 111 119 125 
6 34 74 86 99 107 129 
150 741
13 4 12 20 28 40 42 50 67 73 102 108 109 117 
11 2 39 43 53 60 77 85 98 121 139 147 
14 1 13 16 39 43 61 81 88 89 93 96 102 115 119 
9 14 29 34 51 70 89 91 99 141 
11 0 7 13 27 28 55 67 89 112 132 135 
12 29 38 45 63 65 88 100 105 107 118 133 149 
7 24 28 30 84 112 120 142 
11 4 9 17 21 22 35 40 49 63 92 149 
7 22 31 36 60 84 95 121 
9 7 16 22 40 54 59 107 139 140 
10 23 25 27 66 90 108 113 115 130 137 
9 19 29 41 52 69 105 109 129 148 
9 0 58 64 97 124 132 134 135 139 
12 2 4 28 31 50 65 66 67 73 98 128 137 
12 3 16 17 24 32 64 74 83 84 105 125 146 
10 26 40 61 66 89 105 110 136 140 149 
14 2 9 14 21 28 41 43 50 81 85 90 112 114 137 
10 7 14 23 33 66 68 81 119 137 139 
7 46 53 89 118 129 139 141 
7 11 29 60 70 120 126 148 
11 0 28 53 66 80 89 96 108 109 122 138 
12 7 16 51 66 68 73 81 113 127 130 136 142 
12 7 8 9 23 59 61 67 70 83 90 125 138 
9 10 17 22 85 86 97 106 113 118 
8 6 14 29 38 40 58 122 128 
9 10 44 53 55 67 80 89 100 139 
11 15 63 74 75 79 93 96 102 111 127 148 
14 4 10 36 47 63 72 73 78 88 104 132 139 141 148 
15 0 4 6 13 16 20 29 32 59 82 83 85 121 143 149 
17 3 5 11 19 24 28 35 41 72 73 76 92 93 97 111 116 139 
15 6 37 40 62 70 75 82 93 94 109 120 124 133 145 147 
12 8 13 43 62 71 84 108 130 131 140 141 146 
11 14 28 49 83 94 98 100 114 139 146 149 
4 17 44 120 144 
9 3 64 67 80 92 94 96 97 107 
8 7 29 44 49 53 74 77 83 
8 8 27 41 43 51 59 63 143 
8 30 73 88 94 114 124 137 140 
9 5 24 48 53 63 93 96 100 112 
10 1 2 45 51 57 70 75 79 82 129 
13 0 7 9 15 24 30 62 117 128 132 135 136 147 
9 11 16 29 36 48 96 112 139 143 
9 0 44 53 66 67 92 119 126 132 
14 1 2 16 31 36 44 67 85 89 90 95 99 106 127 
10 25 33 35 42 43 57 77 97 127 143 
6 5 39 77 113 136 148 
11 18 48 54 55 70 74 84 107 121 124 136 
8 27 87 90 100 101 106 117 141 
9 38 41 46 58 59 114 119 138 140 
11 7 32 35 58 66 83 84 123 128 132 136 
13 0 13 16 53 77 78 90 98 112 119 122 125 144 
11 3 21 36 39 54 74 76 84 105 120 146 
7 11 61 63 66 91 121 142 
16 1 18 20 25 35 38 42 50 66 92 102 103 108 120 126 137 
10 9 46 51 65 68 96 105 119 121 129 
9 4 25 46 57 84 105 129 135 145 
8 59 65 76 77 79 138 145 146 
6 39 44 55 81 112 126 
5 12 24 48 49 60 
10 9 22 28 36 48 56 85 101 115 149 
9 1 8 19 58 61 66 74 79 108 
14 2 15 22 52 60 74 77 84 88 95 96 97 126 144 
12 30 31 40 63 65 82 94 103 105 108 121 138 
10 5 7 26 27 36 38 52 62 70 81 
5 12 14 34 103 146 
15 5 13 54 56 62 66 79 87 89 93 102 120 127 131 140 
19 10 13 15 17 20 21 42 49 52 53 60 65 78 98 99 101 103 111 133 
11 0 4 13 22 25 34 42 43 85 96 146 
12 17 21 54 87 91 98 121 128 133 142 147 149 
5 11 81 90 115 131 
9 3 19 22 30 39 46 63 90 126 
7 31 73 83 85 107 125 148 
11 27 29 81 82 90 104 105 107 110 120 142 
11 0 13 21 27 29 37 71 76 112 132 144 
11 14 26 35 46 51 60 61 94 121 132 136 
6 26 30 39 135 143 147 
11 29 51 56 73 82 96 97 115 117 127 143 
11 1 35 44 45 50 56 61 102 126 132 142 
8 27 50 66 79 84 92 127 139 
7 26 39 56 60 65 78 80 
7 20 25 34 79 106 109 126 
13 2 16 17 21 57 63 69 72 86 90 109 114 120 
9 28 30 39 62 72 76 114 117 143 
9 14 22 28 32 35 49 71 138 149 
14 6 8 14 31 46 49 51 55 61 78 89 100 132 138 
12 1 16 23 28 43 59 67 71 90 100 114 127 
7 23 81 98 103 142 144 145 
6 47 65 68 103 127 136 
12 2 5 27 37 61 91 107 112 119 130 139 146 
15 2 3 4 15 18 20 25 43 65 84 96 111 115 132 135 
16 10 16 22 43 47 50 69 70 72 81 85 92 97 111 144 147 
6 3 52 68 88 98 127 
12 7 29 34 42 53 78 90 98 106 110 130 144 
10 2 26 29 30 38 65 100 117 123 133 
12 30 32 34 37 62 74 98 102 114 128 135 144 
8 8 43 61 113 114 120 132 143 
15 2 20 26 34 38 41 54 61 67 76 89 104 119 120 136 
11 12 23 29 34 44 61 76 90 117 137 141 
13 1 13 32 50 66 68 86 91 92 94 103 111 125 
9 3 43 66 108 114 123 133 137 145 
11 5 25 32 38 47 84 85 93 140 141 147 
6 47 59 66 137 139 145 
8 0 2 26 53 65 77 94 121 
12 53 62 64 66 86 87 98 109 110 130 147 148 
8 27 72 96 110 111 121 124 149 
11 5 11 14 15 51 54 55 62 72 121 127 
7 23 43 47 80 92 119 123 
9 5 9 34 46 71 72 88 134 135 
9 0 10 20 31 53 60 62 99 145 
8 0 11 20 30 80 81 103 111 
6 15 72 92 103 104 136 
8 26 29 66 89 90 98 104 109 
11 4 6 16 38 41 50 57 73 88 114 116 
7 10 21 23 45 95 130 144 
13 16 32 37 48 81 82 85 94 95 99 112 132 144 
9 2 10 59 69 76 89 118 135 145 
3 29 112 124 
9 0 40 47 76 82 93 97 145 147 
7 5 18 23 115 134 143 146 
11 2 17 42 48 50 54 88 96 106 124 129 
12 6 19 30 33 51 53 65 72 81 95 96 149 
13 1 8 28 46 52 54 62 68 74 102 104 105 132 
4 20 24 50 138 
6 49 93 99 106 141 144 
7 12 30 37 46 104 116 119 
5 14 22 50 71 98 
8 19 42 53 57 61 70 77 80 
13 21 26 43 44 65 76 78 85 87 91 105 140 145 
6 13 24 40 49 68 94 
7 11 18 39 54 55 119 135 
9 10 21 31 88 92 103 113 139 146 
3 31 65 69 
16 4 12 27 40 42 49 73 74 77 84 89 95 114 121 133 140 
8 5 30 66 68 93 99 132 136 
4 12 107 118 148 
12 4 12 40 55 75 89 94 107 115 129 140 148 
12 15 21 40 45 46 49 74 87 96 110 133 140 
10 10 13 16 17 37 53 97 99 101 145 
9 20 22 48 56 62 83 84 122 149 
15 1 9 12 17 18 25 27 29 32 41 78 88 101 130 145 
12 9 15 31 37 48 65 100 127 132 135 136 141 
9 3 18 27 31 47 97 100 123 140 
7 6 21 52 68 72 77 86 
9 28 36 41 44 75 76 82 95 118 
11 33 50 61 73 86 90 92 94 113 114 123 
12 30 55 56 86 99 101 108 115 117 127 137 139 
10 14 31 32 51 56 64 67 88 118 130 
9 1 30 40 68 75 90 100 103 117 
9 11 19 26 27 45 71 103 134 135 
11 5 7 15 28 32 59 68 83 104 120 138 
