250 1251
12 57 75 76 87 138 150 152 158 159 160 217 236 
13 8 20 21 27 37 44 80 83 163 190 207 214 243 
6 12 79 125 128 180 206 
11 28 34 45 47 70 79 105 120 158 205 223 
5 45 88 107 205 244 
7 24 49 56 74 94 168 239 
12 8 12 19 63 67 75 99 109 126 212 214 224 
7 22 72 142 164 202 207 220 
9 1 6 30 64 86 101 103 140 237 
8 91 100 135 158 159 193 197 227 
11 14 32 37 69 88 93 132 142 177 192 215 
14 25 46 59 60 95 101 103 115 116 153 157 165 226 241 
13 2 6 65 101 103 108 120 121 125 194 236 237 246 
13 15 36 47 57 75 107 116 142 165 190 198 234 247 
5 10 179 191 215 248 
8 13 24 98 162 175 199 218 226 
10 61 78 121 132 141 143 167 174 175 189 
12 21 25 42 59 88 91 111 138 159 161 167 184 
5 21 77 134 143 217 
10 6 57 62 70 84 97 106 176 207 247 
9 1 34 66 71 90 146 173 212 232 
10 1 17 18 62 70 99 178 202 223 245 
9 7 44 61 83 105 113 158 225 249 
7 37 76 97 155 166 186 244 
8 5 15 30 106 139 195 202 215 
12 11 17 43 49 109 122 154 160 166 216 224 242 
9 36 37 66 118 150 183 207 212 245 
7 1 109 132 173 188 215 236 
10 3 61 68 106 127 210 211 220 227 249 
8 87 114 138 139 175 177 217 224 
8 8 24 100 123 130 166 185 224 
7 61 112 128 188 198 202 236 
11 10 54 57 62 68 93 148 150 153 157 160 
7 41 54 85 120 182 233 235 
10 3 20 43 49 59 73 127 142 178 220 
7 71 95 97 122 190 230 240 
11 13 26 50 79 91 96 102 115 178 224 232 
12 1 10 23 26 77 84 90 93 129 135 211 241 
8 41 46 79 130 176 204 219 245 
11 46 48 70 88 97 115 139 179 186 232 240 
12 42 61 83 87 88 105 151 183 192 217 227 232 
9 33 38 62 74 158 193 211 219 227 
9 17 40 63 67 71 86 94 148 247 
14 25 34 48 59 94 98 150 170 187 189 211 217 220 228 
13 1 22 51 53 100 112 141 165 170 176 179 194 228 
7 3 4 50 87 135 205 209 
9 11 38 39 58 108 110 115 172 226 
9 3 13 85 128 182 195 208 220 249 
14 39 43 62 81 83 108 133 146 161 178 196 198 231 240 
5 5 25 34 213 230 
7 36 45 79 100 153 204 244 
7 44 85 136 177 186 197 246 
9 124 143 183 185 187 200 225 227 247 
13 44 61 88 135 147 156 165 173 175 194 199 222 225 
10 32 33 55 58 67 105 110 113 203 207 
11 54 58 75 93 115 144 155 210 211 236 242 
13 5 58 93 102 117 142 145 152 196 197 207 237 241 
14 0 13 19 32 99 104 120 129 147 170 210 238 240 247 
9 46 54 55 56 66 152 175 205 211 
7 11 17 34 43 85 183 249 
7 11 67 82 140 146 163 221 
14 16 22 28 31 40 53 63 71 87 92 155 184 233 249 
15 19 21 32 41 48 66 76 94 97 141 157 204 206 212 226 
14 6 42 61 66 85 107 118 136 145 146 176 206 209 245 
12 8 76 80 127 137 162 163 192 207 216 223 236 
4 12 141 167 240 
16 20 26 58 62 63 89 101 102 106 150 171 185 188 208 228 235 
12 6 42 54 60 99 123 129 133 175 176 178 228 
9 28 32 129 158 172 195 202 229 249 
10 10 117 146 166 176 178 194 197 223 229 
11 3 19 21 39 77 98 116 187 200 214 225 
11 20 35 42 61 73 76 98 153 203 207 237 
6 7 124 144 153 221 246 
10 34 71 74 111 128 152 181 194 222 225 
8 5 41 73 84 123 160 188 191 
13 0 6 13 55 76 106 178 183 200 222 224 243 246 
10 0 23 62 64 71 75 90 99 245 248 
9 18 37 70 90 97 145 151 213 222 
11 16 82 87 104 121 128 154 158 212 222 234 
18 2 3 36 38 50 101 149 158 177 180 184 188 194 205 206 222 223 239 
10 1 64 105 110 143 151 180 200 205 248 
7 48 113 137 139 171 182 205 
9 60 78 92 99 106 149 177 180 204 
8 1 22 40 48 165 215 225 231 
8 19 37 74 105 139 149 200 236 
12 33 47 51 59 63 88 89 97 109 146 192 200 
10 8 42 122 148 165 193 196 221 224 227 
12 0 29 40 45 61 78 99 109 151 195 223 226 
12 4 10 17 39 40 53 85 111 125 132 149 170 
6 66 85 94 101 158 173 
12 20 37 76 77 98 195 205 216 217 231 234 239 
9 9 17 36 119 132 161 171 228 238 
5 61 82 140 151 178 
9 10 32 37 55 56 192 215 223 238 
13 5 42 43 62 89 104 115 171 184 191 199 228 247 
6 11 35 101 110 130 244 
6 36 104 134 146 161 179 
16 19 23 35 39 62 77 85 105 127 169 190 196 201 218 219 239 
16 15 43 70 71 90 101 126 129 132 133 137 149 183 197 202 218 
14 6 21 57 67 76 82 87 108 122 130 166 174 185 245 
6 9 30 44 50 210 226 
12 8 11 12 66 79 89 95 98 129 141 206 239 
5 36 56 66 174 243 
10 8 11 12 118 145 163 174 210 235 249 
9 57 78 94 96 136 141 148 222 248 
12 3 22 40 54 80 84 97 118 134 142 175 176 
13 19 24 28 66 75 82 124 125 154 192 197 198 219 
8 4 13 63 111 118 148 194 215 
9 12 46 48 99 128 149 165 175 223 
11 6 25 27 85 87 110 168 169 176 190 214 
15 46 54 80 95 109 114 115 123 124 128 163 204 206 217 245 
14 17 73 88 107 124 140 148 157 187 210 211 214 227 239 
5 31 44 123 135 145 
10 22 54 81 124 170 208 224 230 234 247 
5 29 110 186 195 197 
10 11 36 39 46 55 94 110 172 202 213 
7 11 13 70 124 142 157 221 
8 56 69 148 164 172 205 212 213 
9 26 63 103 105 107 189 198 215 220 
8 91 138 162 165 186 197 203 235 
6 3 12 33 57 187 191 
11 12 16 78 129 130 136 169 199 206 215 241 
6 25 35 86 99 221 238 
9 30 67 74 110 112 144 169 170 185 
15 52 72 106 110 111 113 116 152 167 200 211 215 218 222 247 
10 2 12 88 106 135 146 156 169 208 225 
6 6 98 140 183 199 238 
6 28 34 64 97 138 176 
11 2 31 47 73 78 108 110 155 206 209 231 
12 37 57 67 68 98 101 121 133 158 164 188 218 
13 30 38 95 99 121 131 133 165 171 193 196 197 243 
11 130 136 152 162 182 195 205 208 233 236 239 
15 10 16 27 88 91 98 147 150 153 168 203 212 213 246 248 
11 48 67 98 129 130 149 178 200 211 219 241 
8 18 96 105 149 190 203 220 245 
7 9 37 45 53 112 125 201 
10 51 63 104 121 131 175 184 211 215 247 
5 64 81 98 145 182 
8 0 17 29 119 127 145 207 212 
8 24 29 39 81 84 141 147 191 
10 8 60 92 111 126 142 157 185 188 224 
9 16 44 62 65 101 104 139 161 170 
10 7 10 13 34 56 105 116 140 206 210 
12 16 18 52 80 161 188 192 196 206 225 232 247 
6 55 72 123 148 215 237 
14 56 63 77 103 112 137 138 166 191 195 232 233 242 247 
12 20 48 60 63 69 85 96 125 155 195 208 218 
10 53 57 132 139 161 192 203 238 243 248 
12 32 42 86 104 107 111 117 144 160 196 201 242 
10 79 82 84 88 98 108 133 134 178 221 
10 0 26 32 43 66 132 155 176 178 221 
13 40 77 80 87 92 158 164 178 184 213 216 221 229 
12 0 56 58 73 124 131 159 169 170 234 241 249 
8 11 32 50 71 72 132 190 231 
3 25 78 106 
10 23 55 61 128 146 150 163 177 217 220 
5 53 125 157 170 191 
11 11 32 62 111 116 140 156 166 174 207 217 
15 0 3 9 22 41 68 78 79 89 129 151 168 183 237 244 
6 0 9 17 152 182 222 
9 0 25 32 74 148 168 176 185 202 
14 17 48 91 96 141 143 147 174 178 206 209 211 218 235 
9 15 64 119 131 176 190 191 202 232 
10 1 60 64 103 110 155 165 181 204 230 
7 7 117 129 151 182 184 247 
13 11 13 44 53 83 86 108 119 130 163 195 231 241 
9 23 25 30 69 99 145 157 169 243 
8 16 17 65 124 201 204 205 239 
8 5 109 132 158 160 217 222 234 
11 97 109 121 123 125 152 166 184 186 225 239 
12 43 44 57 88 113 123 141 152 156 199 205 216 
6 66 81 91 94 130 223 
10 46 68 115 117 177 220 222 232 236 248 
9 20 27 53 89 181 185 209 231 236 
10 16 99 102 103 157 161 183 193 213 238 
11 15 16 29 53 58 67 105 108 136 208 238 
14 19 38 44 63 67 69 105 109 127 150 160 162 199 241 
14 10 29 51 79 82 155 172 189 195 209 221 230 246 248 
18 21 34 36 48 67 69 75 92 133 149 150 151 161 184 214 222 230 248 
5 14 39 44 96 242 
8 2 79 80 82 185 186 227 229 
6 73 163 173 183 201 202 
11 33 47 81 131 137 159 164 196 201 230 244 
12 26 40 52 59 75 98 126 158 174 181 188 190 
12 17 61 79 94 136 151 164 169 178 193 230 237 
11 30 52 66 99 123 140 160 173 180 231 241 
7 23 39 51 114 119 169 180 
6 43 52 70 111 120 203 
10 27 31 66 74 79 129 140 143 183 242 
9 16 43 118 177 198 199 232 246 248 
13 1 13 35 97 109 134 153 162 183 206 222 224 249 
15 14 74 94 120 139 145 156 162 201 220 222 230 233 239 247 
9 10 40 64 85 93 106 143 147 196 
8 9 41 86 130 174 184 194 195 
8 12 44 53 69 73 79 107 193 
12 24 47 68 87 90 114 131 145 146 165 177 193 
14 48 56 86 97 130 143 148 182 192 207 213 216 220 240 
11 9 51 56 69 98 106 114 119 130 224 248 
11 13 31 48 106 118 189 203 225 226 228 235 
10 15 53 94 121 126 170 176 189 211 232 
11 52 70 75 80 84 85 124 133 211 214 238 
10 97 135 148 167 181 182 191 227 238 249 
13 7 21 24 31 68 98 115 160 162 181 209 227 243 
9 54 71 119 132 134 147 187 198 246 
10 38 50 62 82 110 163 167 224 233 235 
15 3 4 45 58 79 80 81 90 117 131 167 170 229 241 247 
14 2 62 63 79 101 110 121 128 142 143 161 190 214 223 
12 1 7 19 26 54 56 64 71 138 157 196 241 
10 47 66 113 125 131 146 175 220 226 227 
9 45 63 128 161 173 177 202 232 236 
9 28 55 57 100 103 111 142 232 233 
13 28 37 41 43 55 58 111 124 133 136 161 199 200 
10 6 20 26 62 78 117 132 138 213 227 
11 49 77 115 117 132 151 174 196 212 216 238 
9 1 6 70 109 111 178 200 206 240 
14 10 14 24 27 83 93 107 118 121 124 136 144 235 239 
9 25 64 90 151 170 196 213 232 238 
11 0 18 29 40 43 90 110 155 157 168 242 
9 15 97 98 124 129 146 161 226 240 
7 38 41 97 106 133 225 244 
14 7 28 34 43 47 118 134 155 172 191 196 208 224 246 
10 60 72 86 116 122 149 150 151 177 230 
14 53 73 75 77 78 79 104 124 159 168 172 178 190 191 
10 3 21 64 69 79 87 93 108 171 206 
14 6 25 29 30 36 75 86 113 140 190 197 204 220 241 
11 22 52 53 70 73 83 125 143 169 198 219 
10 11 15 46 62 87 100 198 208 218 227 
15 9 28 40 41 52 86 111 180 201 202 208 212 226 235 246 
8 43 44 66 67 91 94 198 233 
6 68 69 151 180 205 249 
10 35 49 113 163 177 178 182 184 191 221 
8 48 83 90 128 153 165 173 185 
13 20 36 39 40 143 145 162 172 189 199 209 210 216 
8 33 61 131 145 191 204 210 228 
6 13 78 90 113 152 168 
9 33 66 103 119 161 198 204 215 227 
11 0 12 27 31 55 64 84 131 172 173 209 
7 8 12 56 71 144 158 184 
14 57 91 93 122 126 147 174 175 200 201 213 216 241 243 
12 5 79 90 97 101 111 131 167 169 191 215 241 
9 35 39 48 57 65 196 214 218 242 
14 11 37 56 121 133 152 165 176 185 205 207 224 238 239 
8 25 55 145 148 179 188 217 240 
9 1 75 102 130 147 166 202 238 248 
7 4 23 50 95 158 182 219 
8 21 26 38 63 76 99 110 134 
10 12 51 72 75 132 177 189 203 220 227 
14 13 19 42 52 57 94 113 124 136 143 145 164 191 205 
12 14 76 80 104 132 147 172 177 178 189 197 243 
11 22 28 47 59 61 68 103 152 190 201 229 
250 1251
8 21 42 47 127 138 145 147 201 
14 48 56 64 75 86 89 137 139 153 170 202 212 229 235 
8 78 83 88 121 122 146 160 198 
7 41 92 94 173 177 181 205 
18 10 12 30 48 63 64 81 93 96 100 118 134 142 147 148 185 209 228 
8 23 37 59 92 130 165 175 234 
6 25 123 154 155 174 242 
10 24 29 63 64 79 108 122 151 203 242 
9 31 80 88 102 157 160 180 237 239 
9 29 47 55 77 89 102 105 107 210 
10 4 66 70 89 127 159 181 226 247 248 
12 52 71 80 93 115 119 153 171 191 223 225 248 
5 4 19 72 100 190 
5 21 61 188 211 245 
10 16 20 66 72 85 148 162 178 210 212 
11 70 84 95 100 132 195 203 214 223 224 242 
12 14 30 40 60 75 129 142 160 188 192 220 247 
11 33 37 39 49 57 76 129 139 176 179 209 
6 56 62 123 124 143 202 
10 12 60 89 97 107 117 119 158 218 225 
14 14 25 38 44 63 69 74 94 111 134 160 190 229 237 
13 0 13 35 55 90 108 111 120 135 152 163 230 249 
5 86 96 156 162 224 
15 5 52 56 65 78 83 91 98 101 107 118 176 215 220 244 
9 7 26 51 74 138 156 196 203 240 
10 6 20 60 100 101 134 148 154 215 228 
8 24 50 114 136 179 201 230 231 
9 29 63 82 109 118 145 188 199 249 
7 54 65 95 100 197 209 239 
14 7 9 27 65 120 141 155 169 180 182 217 227 239 242 
10 4 16 31 38 76 95 114 135 152 170 
6 8 30 92 100 157 184 
9 38 78 79 104 140 170 180 210 242 
11 17 35 52 86 99 108 129 138 149 204 226 
10 46 51 63 68 93 155 167 178 182 235 
9 21 33 54 72 80 91 99 157 216 
7 43 47 50 192 196 197 227 
12 5 17 39 46 78 107 166 193 198 202 229 238 
11 20 30 32 78 79 89 104 180 203 207 245 
16 17 37 61 123 141 149 153 159 165 178 192 214 216 220 224 235 
10 16 42 66 91 112 116 129 161 166 246 
7 3 55 62 106 130 185 229 
16 0 40 50 73 75 83 103 115 133 148 202 218 225 235 241 247 
9 36 80 98 126 128 149 161 222 235 
8 20 97 122 136 162 173 243 246 
6 46 91 144 176 199 217 
12 34 37 45 58 84 92 104 160 162 171 224 247 
8 0 9 36 72 130 166 183 193 
9 1 4 49 90 107 169 204 232 244 
11 17 48 56 135 144 153 173 174 192 208 232 
9 26 36 42 64 77 78 130 138 161 
11 24 34 72 106 123 131 171 219 221 226 247 
9 11 23 33 65 86 161 218 240 244 
10 69 98 105 108 119 120 121 135 139 145 
7 28 35 66 88 89 131 215 
6 9 21 41 116 146 189 
15 1 18 23 49 57 85 125 130 162 167 186 195 196 212 243 
9 17 56 67 120 128 146 147 163 218 
8 46 99 106 142 168 212 218 230 
4 5 169 200 249 
7 16 19 25 85 124 147 190 
11 13 39 105 122 142 169 179 186 195 204 207 
7 18 41 80 149 178 197 205 
12 4 7 20 27 34 69 114 125 151 203 237 245 
14 1 4 7 50 86 94 98 142 188 201 220 223 234 249 
14 23 28 29 52 86 91 92 109 141 145 183 193 217 219 
14 10 14 40 54 74 97 102 112 127 156 193 194 214 237 
6 57 78 82 210 215 221 
12 34 79 84 85 125 131 150 158 159 170 231 236 
9 20 53 63 74 105 127 138 175 194 
5 10 15 134 174 198 
12 11 72 79 99 100 105 161 162 173 207 216 219 
14 12 14 35 47 51 71 75 87 102 108 157 173 175 209 
6 42 143 145 170 187 201 
10 20 24 66 69 93 111 161 200 203 215 
14 1 16 42 72 94 109 113 135 167 183 192 194 219 232 
9 17 30 117 146 151 155 174 178 183 
10 9 50 85 124 157 158 183 194 200 223 
14 2 23 32 37 38 50 67 99 109 113 139 194 208 245 
9 7 32 38 68 71 83 86 192 214 
15 8 11 35 43 62 100 103 144 181 182 189 199 221 229 239 
11 4 98 142 143 147 149 171 228 238 239 244 
12 27 67 95 107 113 154 165 172 180 211 214 219 
13 2 23 42 79 93 102 114 129 138 141 149 190 206 
9 15 46 68 100 105 120 174 214 242 
10 14 56 60 68 77 90 130 134 191 230 
12 1 22 33 52 64 65 79 105 125 175 214 225 
7 72 88 138 163 212 225 236 
13 2 8 54 87 94 96 151 161 171 172 191 195 231 
10 1 9 10 19 38 54 101 140 216 217 
13 21 48 85 96 99 104 125 131 151 153 158 208 247 
10 23 35 40 45 65 97 120 134 187 196 
15 3 5 31 46 65 95 120 125 133 166 181 187 205 229 238 
13 4 11 34 74 83 97 118 151 182 210 217 232 244 
9 3 20 64 75 88 105 168 212 236 
8 15 28 30 82 92 132 140 237 
10 4 22 88 90 155 167 170 204 234 235 
14 19 44 66 91 93 114 130 146 153 154 174 185 232 238 
13 23 43 53 64 81 102 104 107 109 127 133 210 244 
8 33 35 58 71 78 90 142 230 
13 4 12 15 25 28 31 71 80 84 125 173 209 224 
7 23 25 89 117 124 204 217 
10 8 9 66 72 83 98 157 159 161 181 
6 42 80 145 168 192 202 
12 32 38 46 90 98 115 164 177 178 224 238 239 
13 9 53 61 69 71 84 86 94 183 185 231 237 247 
8 41 51 58 124 153 180 203 215 
14 9 19 23 37 48 82 98 113 117 161 207 226 234 240 
13 7 21 33 53 72 110 118 152 168 177 207 230 246 
10 27 65 75 78 98 111 139 166 209 246 
5 108 117 120 129 193 
7 20 21 74 109 114 179 192 
9 40 66 157 160 181 192 197 212 217 
8 75 78 82 107 152 194 205 217 
11 26 30 63 83 97 111 140 143 171 189 243 
9 11 42 104 131 132 148 167 185 194 
10 40 55 121 124 138 161 173 186 220 235 
11 19 76 101 107 110 124 131 162 180 223 235 
14 4 23 27 93 108 144 153 193 199 213 224 226 229 237 
6 11 19 53 171 232 242 
12 21 29 53 57 84 91 92 110 127 176 207 249 
8 2 53 116 171 217 220 231 246 
8 2 7 44 61 164 187 193 249 
7 6 18 39 51 134 153 169 
14 18 60 77 101 106 116 117 174 186 195 202 230 238 248 
10 56 63 68 86 90 92 100 184 216 244 
8 43 143 152 154 160 189 209 223 
14 0 10 66 69 98 120 142 145 148 162 171 174 240 248 
8 43 57 164 172 193 198 225 226 
10 16 17 33 40 83 110 137 177 200 207 
10 5 41 47 50 56 85 97 190 222 235 
12 51 54 68 90 115 117 136 140 141 196 214 238 
10 15 95 115 136 161 199 203 232 235 247 
9 42 92 98 140 176 186 196 210 246 
10 4 20 25 70 85 91 123 193 197 209 
14 21 30 49 53 75 141 147 148 159 172 216 222 231 238 
8 26 44 131 132 159 182 183 234 
6 1 129 184 200 212 229 
11 0 24 33 50 69 83 87 116 142 194 217 
11 1 17 53 78 109 143 175 199 200 238 239 
13 32 89 95 114 131 133 176 183 198 214 221 238 241 
10 29 39 65 83 131 135 164 204 232 235 
14 4 16 58 61 64 81 99 127 138 169 187 214 233 235 
13 18 73 81 114 126 139 146 151 155 166 214 222 230 
8 45 49 80 118 162 172 198 203 
13 0 27 53 65 73 103 127 193 195 198 209 219 235 
8 2 55 57 76 97 143 158 218 
12 0 4 57 60 81 135 155 196 219 232 239 246 
10 4 14 25 42 115 127 135 180 182 203 
7 33 39 43 62 81 83 222 
5 68 171 183 187 197 
9 7 63 76 88 90 93 143 241 242 
8 21 30 108 113 126 200 226 229 
13 1 11 39 49 90 97 106 118 123 156 157 217 231 
10 6 25 82 97 126 158 161 214 219 230 
14 6 29 34 76 96 143 147 167 173 190 218 223 232 233 
8 22 24 66 153 167 188 216 228 
11 8 31 35 72 77 102 112 153 165 176 248 
9 19 68 77 90 146 154 202 221 232 
6 10 39 68 102 135 136 
12 2 8 16 20 46 112 126 166 173 183 230 243 
15 40 43 50 52 71 74 88 102 107 116 132 154 165 184 189 
11 14 22 44 46 56 71 117 127 144 182 211 
5 21 57 87 177 183 
8 104 122 128 141 216 228 236 244 
10 5 39 82 157 161 177 191 193 197 242 
11 37 40 47 92 109 143 160 176 197 231 236 
8 34 56 75 96 115 155 156 222 
9 58 94 103 108 191 208 218 236 247 
9 29 48 59 61 123 142 211 214 220 
10 1 30 32 68 73 96 173 181 229 233 
16 11 46 51 81 88 114 119 121 127 150 202 203 204 220 228 239 
9 82 88 128 135 144 174 180 182 218 
12 3 44 49 71 72 100 116 155 160 170 182 199 
12 6 49 70 76 84 97 124 127 172 206 211 234 
10 5 69 72 86 139 199 203 223 246 249 
12 17 23 45 120 133 140 157 166 182 213 226 238 
7 3 104 108 129 163 165 189 
7 14 34 39 62 76 104 179 
7 17 26 61 111 178 184 243 
11 8 29 32 38 82 106 117 148 172 196 235 
11 3 10 80 92 102 112 170 204 216 227 229 
12 29 34 80 93 136 148 162 172 173 176 213 236 
14 47 65 75 76 77 105 136 140 150 160 163 193 211 224 
8 31 125 137 161 179 190 218 229 
11 4 41 97 105 115 188 195 201 217 229 241 
9 56 61 116 124 133 195 222 233 237 
7 73 91 92 122 142 150 197 
6 13 16 27 64 156 185 
8 55 80 114 126 161 177 201 213 
9 12 20 60 83 130 155 184 199 228 
6 11 85 88 165 168 226 
12 16 36 39 49 75 79 103 111 112 207 244 248 
15 37 47 65 66 110 118 122 128 134 145 165 183 227 231 245 
9 66 69 75 77 78 113 115 138 216 
10 15 56 61 88 124 145 185 186 210 237 
10 24 36 56 91 131 133 147 180 210 216 
11 28 36 62 112 134 150 165 166 187 213 214 
7 2 37 70 128 140 144 145 
11 27 45 80 118 132 139 173 175 190 206 212 
13 59 74 77 129 137 139 152 202 221 227 232 233 236 
9 0 26 64 73 185 189 203 234 242 
12 1 18 37 42 103 124 158 171 200 229 239 249 
15 7 15 24 38 63 74 106 132 144 148 171 175 201 207 208 
11 33 48 61 96 101 141 171 181 224 240 244 
5 3 62 92 113 207 
3 83 174 199 
12 38 61 71 107 108 120 129 192 203 205 228 234 
7 49 78 90 168 203 225 236 
12 4 17 28 72 100 109 126 134 145 221 229 234 
11 9 14 32 67 93 98 133 195 196 211 236 
8 13 82 162 169 174 183 210 225 
11 1 14 56 58 87 94 112 137 199 226 233 
6 118 176 182 189 197 234 
14 15 39 66 79 82 84 86 131 140 142 143 154 169 197 
6 23 25 54 67 74 106 
12 35 39 71 89 125 135 156 164 181 194 196 246 
13 29 45 65 89 93 101 112 113 121 138 153 185 230 
11 19 42 52 57 58 146 155 168 172 184 238 
9 51 65 71 75 82 145 147 154 234 
9 16 23 39 64 116 121 169 171 239 
7 51 67 80 140 158 200 209 
8 43 130 135 143 149 167 186 229 
10 11 15 64 77 117 126 155 175 241 242 
9 15 22 39 46 100 104 118 183 204 
10 11 19 42 86 87 128 208 211 229 239 
10 10 33 51 107 118 128 152 176 191 212 
6 29 36 181 193 200 240 
10 4 25 81 156 164 171 190 207 229 233 
18 1 20 37 41 80 92 118 137 152 170 181 184 185 202 209 222 225 228 
13 21 26 58 85 99 108 124 143 154 160 217 233 238 
9 26 68 88 105 121 135 153 166 193 
12 48 49 75 93 97 119 132 141 147 155 158 200 
9 142 155 170 186 200 212 228 230 246 
12 5 64 96 107 136 174 201 207 209 213 219 248 
15 1 34 39 42 43 96 116 117 130 132 141 142 145 180 249 
11 68 87 94 164 166 168 182 200 208 210 237 
10 8 20 63 66 95 105 118 186 195 236 
14 37 81 92 97 104 124 131 135 139 140 176 218 230 242 
12 8 28 29 80 81 104 139 147 171 202 220 225 
6 24 52 107 127 204 227 
5 42 140 151 185 223 
14 6 7 15 29 32 84 119 151 165 201 223 238 244 246 
5 44 56 114 160 179 
11 23 48 52 81 93 98 125 164 192 204 242 
5 13 38 63 78 193 
11 40 44 108 109 121 133 147 175 216 233 242 
9 10 16 42 46 51 90 105 132 168 
7 10 11 124 127 157 192 234 
9 21 27 59 64 120 122 175 202 235 
