240 1188
12 57 75 76 87 138 150 152 158 159 160 217 236 
13 18 30 31 37 47 54 87 90 93 173 200 217 224 
8 16 32 99 145 148 200 206 226 
10 58 64 75 77 100 109 135 150 188 235 
4 18 85 128 147 
8 11 50 74 99 106 124 144 218 
10 56 68 72 79 123 127 135 159 169 186 
7 40 42 52 92 142 212 234 
9 41 46 59 110 144 166 181 183 220 
5 87 136 181 190 225 
12 19 20 54 58 88 114 132 137 169 188 193 232 
15 5 14 49 64 79 87 135 156 169 170 205 211 213 225 226 
9 36 40 48 109 124 185 221 223 228 
14 14 15 19 88 130 131 140 145 166 177 187 188 205 237 
9 11 13 21 47 70 95 103 139 152 
7 13 95 107 131 164 174 217 
9 2 25 89 102 126 145 153 221 238 
12 59 70 79 81 105 112 113 127 191 195 212 229 
12 1 4 37 40 60 87 108 110 116 133 201 230 
6 10 13 37 94 103 177 
11 10 28 33 41 55 68 77 147 178 218 234 
8 14 48 53 72 128 155 194 214 
7 55 63 92 171 195 216 238 
7 48 65 87 109 117 162 229 
7 38 52 91 112 170 181 201 
7 16 45 56 132 165 221 228 
8 28 80 86 146 159 191 197 203 
9 41 49 67 84 85 114 166 198 231 
8 20 26 44 49 82 168 191 232 
7 37 64 85 131 138 176 197 
11 1 71 72 81 88 90 110 168 195 219 220 
8 1 48 50 90 97 192 215 222 
7 2 51 70 109 164 215 231 
10 20 85 95 99 133 168 171 176 182 207 
9 57 59 62 66 69 113 166 179 210 
8 41 103 154 156 179 185 195 209 
7 12 60 75 111 153 193 218 
12 1 18 19 29 40 42 67 135 175 185 208 237 
9 24 48 53 59 72 135 181 189 216 
11 46 53 59 62 98 104 180 182 210 221 226 
13 7 12 18 37 60 111 157 185 200 226 233 237 239 
13 8 20 27 35 63 81 90 108 132 172 179 225 233 
15 7 37 47 66 88 92 93 110 156 188 197 202 222 232 237 
6 79 91 175 210 228 236 
8 28 49 92 96 100 115 123 177 
10 25 82 89 100 135 139 191 211 228 230 
15 8 39 59 65 68 76 104 106 153 165 194 218 223 229 232 
8 1 14 42 55 89 115 152 200 
13 12 21 23 31 38 79 80 83 135 185 187 191 192 
9 11 27 28 44 59 113 126 174 217 
12 5 31 82 95 108 120 149 163 182 184 209 234 
8 32 59 74 91 109 111 144 153 
6 7 24 139 156 204 225 
8 21 38 39 92 133 143 183 222 
8 1 10 88 129 138 149 198 238 
14 20 22 47 89 108 148 150 152 165 190 192 209 212 222 
15 6 25 66 113 125 134 143 151 153 172 177 200 203 228 231 
8 0 34 58 96 101 104 194 198 
11 3 10 57 62 79 97 119 148 159 214 215 
20 8 17 34 38 39 46 49 51 60 66 75 110 119 134 159 162 169 213 214 224 
12 18 36 40 59 75 79 129 134 150 159 177 200 
7 62 90 92 99 109 195 218 
8 34 39 58 61 71 77 141 239 
8 22 41 129 136 151 209 215 232 
9 3 11 29 115 145 153 169 174 237 
10 23 46 92 141 157 161 171 189 192 236 
14 34 42 56 59 79 105 126 128 134 148 174 193 215 226 
12 27 37 72 81 82 99 112 142 145 181 197 201 
12 6 20 46 77 87 112 113 142 157 166 173 186 
5 34 105 131 204 236 
14 14 17 32 79 80 84 128 149 163 166 186 188 206 213 
10 30 62 91 115 121 125 167 168 170 220 
12 6 21 30 38 67 95 135 164 178 201 208 235 
8 89 137 166 186 196 198 214 217 
9 5 51 78 84 111 132 150 221 234 
11 0 3 36 59 60 84 95 121 124 146 201 
8 0 46 88 92 122 186 206 215 
10 3 20 62 68 121 146 150 187 204 228 
7 74 96 109 137 140 174 213 
14 6 11 17 43 48 58 60 66 70 90 118 121 180 210 
12 26 48 70 123 128 145 167 169 188 191 208 217 
8 17 30 41 67 205 208 222 229 
12 28 45 50 67 87 120 126 188 197 202 228 233 
9 48 94 111 118 144 148 202 212 224 
17 27 70 74 75 106 154 163 182 185 189 193 199 210 211 213 227 228 
12 4 27 29 33 90 125 130 163 171 200 220 225 
8 26 115 148 172 174 199 206 217 
15 0 1 9 11 18 23 68 82 88 142 149 156 199 227 230 
10 10 13 30 42 54 76 87 103 153 230 
12 16 45 47 55 73 110 130 140 146 185 219 229 
14 1 30 31 41 61 79 85 131 133 167 183 184 192 204 
8 24 43 51 71 93 139 147 232 
17 7 22 42 44 53 61 65 76 111 128 156 159 184 187 190 224 234 
7 1 42 91 130 174 202 205 
7 19 83 106 120 127 144 165 
10 14 15 33 50 72 75 105 112 169 184 
6 44 57 78 125 222 232 
11 31 58 101 102 116 119 124 162 175 204 214 
6 39 130 140 199 210 237 
5 2 5 33 61 67 
9 3 44 45 128 151 159 174 195 206 
12 57 97 124 137 144 152 181 186 200 208 217 237 
4 16 97 214 227 
8 14 19 35 88 121 133 148 166 
11 39 46 57 109 131 173 194 200 205 222 223 
16 17 66 69 95 109 122 147 150 153 154 158 170 204 218 223 239 
11 5 46 84 94 123 146 160 168 204 212 223 
2 15 151 
8 18 41 50 55 134 150 201 213 
12 3 12 23 32 51 61 78 104 105 148 181 215 
9 8 18 30 42 59 89 134 203 224 
12 36 40 51 74 83 92 123 141 152 188 213 227 
9 17 24 67 68 95 132 137 144 218 
11 17 34 49 56 68 118 132 148 156 189 190 
8 10 27 156 157 186 224 229 230 
9 44 47 64 71 86 127 161 168 198 
8 18 97 121 142 175 196 217 233 
5 23 121 134 169 196 
14 79 83 113 133 134 141 155 179 218 219 226 227 228 232 
8 58 59 97 147 188 190 201 229 
12 50 82 94 127 143 151 160 190 213 214 217 230 
11 71 75 77 79 103 116 117 124 145 157 167 
4 76 105 165 211 
10 6 44 80 106 111 133 149 155 159 172 
9 5 12 75 97 101 121 131 140 142 
8 56 71 85 96 137 167 178 222 
7 16 49 66 82 127 142 206 
12 6 17 94 115 120 126 153 169 177 210 217 218 
9 4 21 66 70 80 92 100 214 223 
9 54 60 63 130 135 183 207 210 231 
9 13 85 89 93 98 129 133 139 171 
12 13 15 29 69 90 104 124 144 148 214 215 221 
11 10 25 41 74 112 113 147 177 184 193 219 
10 18 33 53 90 103 118 123 130 220 237 
13 56 59 60 66 108 110 117 118 139 164 189 190 205 
11 3 6 11 37 38 45 48 72 129 193 208 
12 9 63 138 149 153 156 160 185 197 208 218 231 
9 10 73 78 101 112 125 168 185 223 
7 0 29 54 136 165 181 220 
8 14 45 52 91 130 134 142 180 
8 13 78 89 98 124 181 232 235 
10 62 65 111 118 159 181 206 212 214 236 
12 7 67 68 87 116 124 126 139 169 201 203 235 
9 53 56 120 145 167 170 171 217 228 
17 5 8 51 83 94 101 112 131 149 159 179 192 202 205 230 233 236 
15 2 13 16 64 67 80 121 143 167 170 173 188 223 232 233 
10 26 75 77 89 106 173 175 192 202 221 
11 4 20 91 105 119 132 151 162 170 192 215 
14 2 55 58 66 83 86 103 109 113 131 165 178 195 220 
8 50 54 70 87 123 136 144 200 
12 0 3 55 60 74 77 105 108 198 207 234 238 
9 56 63 100 107 120 147 182 192 229 
7 0 14 47 55 101 111 216 
13 16 36 46 51 56 64 88 105 127 136 192 197 236 
5 35 84 105 157 201 
7 21 118 123 177 192 220 223 
12 11 35 42 52 87 92 113 114 136 176 221 230 
6 40 65 68 114 121 154 
4 0 105 210 214 
16 0 6 26 58 59 60 92 100 123 141 144 191 218 222 226 236 
8 0 106 120 136 176 183 198 204 
4 65 115 193 215 
9 23 59 97 147 171 196 200 237 238 
8 50 70 84 85 171 176 187 227 
7 15 32 72 134 165 175 220 
13 25 46 55 94 122 138 148 164 177 188 223 228 233 
11 8 13 27 34 68 70 73 103 173 209 214 
9 71 80 90 121 125 143 145 183 219 
9 28 30 33 71 106 115 137 191 224 
13 6 10 11 59 64 80 95 117 127 142 175 177 220 
11 11 24 71 105 143 145 147 186 192 206 212 
15 22 33 65 85 130 143 162 163 173 176 181 189 216 226 227 
7 41 56 86 123 224 231 239 
8 1 68 104 145 146 166 171 210 
9 15 49 64 66 78 86 93 100 186 
7 37 43 97 116 146 164 169 
10 29 33 156 160 163 171 180 194 234 237 
13 13 19 44 56 60 127 132 155 165 169 205 218 239 
4 20 72 125 148 
12 34 35 41 118 144 185 193 205 206 215 226 236 
6 39 79 139 176 219 234 
13 8 9 24 38 67 101 109 138 140 141 171 230 237 
6 33 39 50 84 151 208 
9 8 53 90 129 160 167 192 227 235 
7 50 90 92 95 132 189 206 
13 12 35 37 40 48 84 89 136 137 179 199 212 216 
14 6 68 70 73 76 101 114 170 174 191 194 196 203 220 
9 13 48 77 92 163 196 210 211 222 
14 3 10 13 42 70 80 82 111 119 145 165 201 220 236 
9 38 65 84 113 134 171 184 209 235 
9 9 55 92 113 119 120 134 223 225 
9 17 26 28 45 48 80 159 168 186 
15 31 48 55 65 90 144 146 147 151 153 155 170 183 193 225 
12 10 36 66 84 132 135 161 179 192 215 225 236 
6 21 46 57 104 176 186 
8 17 22 30 35 61 100 148 221 
9 73 116 117 162 186 187 218 221 222 
8 26 29 42 67 82 136 153 214 
9 27 54 57 73 115 150 160 232 237 
7 84 86 87 98 185 209 239 
12 1 2 40 47 56 60 85 101 104 149 162 202 
12 18 24 67 72 75 108 119 142 154 188 203 217 
10 42 82 83 93 144 146 200 219 225 236 
6 26 56 110 142 186 201 
8 52 69 77 90 97 105 106 160 
10 11 13 81 93 104 134 144 177 179 216 
11 2 70 76 86 100 126 141 170 179 184 214 
6 33 129 150 225 227 237 
12 37 72 80 81 101 135 136 182 210 222 231 235 
8 35 50 55 63 166 189 199 229 
14 34 39 43 79 84 98 127 129 158 173 187 208 222 227 
7 11 45 84 122 187 221 231 
9 7 17 55 83 106 141 170 185 224 
9 11 59 70 78 84 108 111 120 223 
14 21 58 59 73 97 102 120 128 131 141 158 166 197 206 
13 31 32 58 63 66 76 109 131 147 161 179 193 218 
7 22 38 152 171 185 205 225 
14 0 1 15 49 73 80 86 101 116 120 127 143 201 237 
14 5 20 36 46 61 105 112 118 127 136 159 177 196 215 
8 30 89 118 132 167 180 202 238 
13 8 30 71 85 133 138 148 155 164 169 186 188 239 
12 12 16 25 39 74 131 146 156 195 196 211 227 
15 31 42 53 55 81 96 104 125 159 187 196 208 210 224 236 
13 12 46 104 105 106 128 137 145 155 165 190 213 229 
13 1 59 83 92 110 114 168 172 212 222 230 232 239 
11 9 11 41 52 85 190 192 193 202 207 216 
9 2 11 39 40 66 118 159 171 179 
13 84 87 102 111 118 163 171 183 207 210 221 230 238 
12 12 25 43 45 56 77 82 84 118 143 165 235 
10 17 23 46 81 89 114 119 151 209 223 
12 18 45 87 88 114 120 144 156 181 224 227 234 
8 27 32 56 129 136 172 208 211 
12 10 28 42 46 63 91 96 118 140 145 198 224 
8 40 41 82 116 144 145 165 235 
9 7 20 50 74 92 150 176 180 230 
9 3 72 140 142 183 189 208 228 233 
13 0 43 65 69 141 144 153 159 179 188 193 202 222 
14 13 37 40 42 64 98 101 133 162 176 181 198 207 217 
7 16 22 54 150 162 219 227 
8 40 62 105 172 177 199 220 224 
240 1188
7 10 34 115 128 130 185 232 
9 57 62 99 128 140 152 154 182 209 
9 5 35 43 113 124 129 215 221 226 
15 45 52 92 93 122 125 139 146 147 151 172 187 206 211 226 
8 70 105 131 132 160 174 183 231 
8 2 98 101 113 128 132 168 237 
14 13 29 70 79 84 87 89 94 109 111 154 181 213 232 
4 38 120 136 214 
13 16 23 33 34 43 68 78 115 136 142 151 170 171 
12 14 55 77 90 94 111 126 128 148 160 168 178 
10 0 12 15 30 32 38 48 60 70 130 
9 43 127 132 164 172 194 207 222 235 
13 10 20 26 29 41 76 98 100 116 129 177 216 226 
9 6 29 85 125 128 150 162 234 237 
10 9 65 74 146 150 158 180 198 208 232 
16 10 37 46 54 73 79 92 95 119 125 139 141 162 164 175 200 
7 8 44 81 82 134 141 168 
9 25 48 125 137 145 155 177 194 214 
12 19 29 38 62 78 82 138 149 152 155 217 224 
6 18 32 52 80 130 181 
13 12 28 49 56 87 106 111 120 123 141 151 153 190 
9 39 41 60 104 112 155 156 186 188 
6 33 37 192 199 223 239 
8 8 27 102 137 142 175 189 223 
7 66 119 135 140 146 187 216 
9 17 32 44 53 106 113 123 132 147 
7 12 64 83 156 190 196 224 
8 23 49 70 120 167 188 212 213 
7 20 74 85 98 125 166 168 
12 6 12 13 18 53 111 114 117 140 168 221 227 
7 10 35 112 118 182 190 221 
15 32 36 63 66 91 103 146 153 154 178 180 185 195 203 228 
10 10 19 25 31 49 67 136 153 195 236 
11 8 22 108 129 153 166 169 173 228 230 236 
14 0 8 37 49 58 89 96 112 117 123 153 161 166 231 
9 2 30 76 81 87 145 162 205 237 
9 31 52 74 126 129 142 158 162 225 
8 15 22 34 57 127 147 156 200 
12 7 10 18 59 85 100 123 143 149 190 217 220 
9 21 119 125 126 137 140 148 201 229 
8 54 61 111 143 156 169 187 226 
12 12 21 47 83 93 135 143 192 215 217 220 239 
12 49 83 88 107 126 135 143 171 179 224 231 234 
9 2 8 11 82 153 159 181 213 220 
13 16 25 65 77 107 128 141 152 159 172 179 226 231 
13 3 56 73 98 111 120 125 170 183 190 201 204 233 
11 15 54 63 65 87 106 114 129 166 199 232 
6 41 87 134 143 179 227 
9 10 17 79 92 93 115 199 210 220 
10 20 27 32 34 42 74 75 103 168 235 
6 52 89 144 192 195 238 
4 72 150 156 178 
11 3 19 36 50 62 75 198 206 219 226 229 
9 25 29 79 86 87 113 140 158 227 
11 15 40 46 66 80 110 115 136 165 166 234 
9 9 90 104 115 145 164 181 229 238 
7 20 45 71 138 180 184 207 
10 1 37 93 136 164 188 193 196 198 201 
9 34 75 117 127 151 163 166 178 217 
9 38 75 140 149 180 185 199 226 228 
11 10 21 71 88 143 148 181 188 193 196 226 
11 40 89 110 120 150 156 158 177 193 198 222 
14 1 18 52 64 89 91 95 116 152 163 178 181 202 219 
9 31 46 75 114 117 134 157 201 221 
6 26 62 89 165 201 208 
9 14 44 46 77 79 137 147 183 239 
9 24 31 54 69 156 174 209 226 235 
5 32 96 104 220 225 
8 8 80 102 110 138 163 172 203 
7 66 72 144 164 178 203 207 
9 4 6 10 27 85 129 160 182 192 
12 56 60 95 127 135 158 160 164 208 211 221 222 
9 51 69 114 131 139 204 215 225 229 
4 15 45 99 211 
14 14 28 36 49 77 89 92 124 142 144 172 178 191 201 
8 49 52 58 59 63 85 128 152 
9 12 35 114 129 132 139 184 193 235 
9 9 44 65 74 120 140 173 210 233 
8 8 18 79 123 152 187 218 220 
12 6 15 48 53 65 78 89 116 124 187 189 226 
9 19 54 68 118 134 157 166 187 237 
8 16 35 120 121 132 221 227 232 
8 16 18 43 84 99 134 138 163 
8 26 41 42 156 170 188 209 221 
7 6 82 90 110 119 190 225 
8 13 28 38 70 75 122 140 150 
10 53 99 107 131 149 176 192 201 204 237 
14 6 20 35 46 47 53 93 100 122 155 159 194 209 211 
12 42 60 89 98 126 148 158 163 164 174 191 226 
14 6 34 50 61 62 64 74 79 88 100 129 140 162 188 
8 9 55 84 119 139 165 210 226 
8 31 62 93 114 196 206 213 231 
14 3 15 48 74 96 98 104 110 116 136 138 148 158 209 
12 3 41 48 57 87 91 97 100 124 135 136 213 
9 6 9 125 129 145 157 171 181 226 
4 15 62 71 150 
7 34 67 92 119 128 189 198 
6 93 126 146 159 175 188 
13 5 12 28 45 88 92 115 116 134 141 167 182 218 
7 1 73 82 86 129 181 229 
10 12 38 87 89 93 116 134 149 158 168 
6 5 145 152 172 214 222 
8 23 68 121 130 183 185 187 213 
9 31 49 131 153 163 182 192 205 219 
8 21 55 67 92 129 130 147 210 
15 4 111 128 152 162 172 173 179 197 205 212 223 224 235 239 
10 20 25 46 117 123 132 165 188 198 214 
12 42 44 86 135 157 159 178 180 210 212 223 238 
5 33 135 138 169 180 
8 6 130 135 138 168 174 207 210 
13 54 61 68 84 92 112 119 133 142 161 162 211 230 
14 6 9 20 29 40 45 105 114 143 176 177 182 193 208 
12 21 30 34 110 120 150 182 184 200 206 210 229 
8 2 5 25 53 136 172 176 227 
15 29 46 63 72 76 91 111 117 125 170 172 182 188 220 225 
11 0 8 48 54 55 98 124 144 177 204 230 
12 12 62 79 92 98 100 132 139 157 215 221 233 
9 29 34 58 63 106 114 144 188 214 
2 30 80 
12 15 24 39 84 90 96 110 120 145 180 193 206 
14 7 20 27 45 61 77 81 112 119 124 162 183 189 225 
7 81 102 135 137 141 181 219 
6 3 85 87 195 206 222 
11 20 25 34 38 78 106 144 179 189 212 231 
11 2 74 79 93 115 120 134 169 185 202 223 
13 3 13 15 17 28 39 45 94 114 147 169 187 206 
13 9 36 39 42 88 97 137 141 170 174 224 235 239 
8 11 37 58 71 138 147 157 195 
17 0 1 5 9 13 44 75 96 105 146 158 169 203 211 223 238 239 
15 2 12 33 36 46 70 76 89 94 99 104 135 149 218 223 
12 0 10 19 102 104 109 154 157 161 171 176 238 
12 4 72 86 103 137 144 179 183 186 187 194 196 
9 4 5 11 25 76 81 106 116 133 
4 110 132 146 230 
15 16 47 63 80 82 98 100 124 139 162 174 191 201 204 214 
15 24 41 42 71 93 107 108 109 121 129 176 178 212 223 231 
11 7 8 32 54 57 92 93 113 177 183 238 
13 17 23 39 65 121 126 131 138 140 142 181 224 228 
12 18 56 68 82 92 108 109 127 137 139 197 223 
13 3 15 72 76 90 116 134 138 148 166 197 208 212 
13 1 24 29 39 53 59 77 85 89 137 149 161 166 
8 15 16 20 44 98 121 126 198 
12 8 23 36 74 110 137 202 208 210 218 230 232 
12 38 40 41 42 47 60 111 171 175 199 220 221 
8 50 69 74 115 117 123 131 173 
7 17 35 55 94 101 119 186 
10 3 14 24 31 97 128 133 166 185 208 
11 3 25 37 65 104 125 127 168 181 196 233 
7 9 39 60 88 92 139 230 
11 18 38 59 86 100 129 140 163 193 224 230 
14 13 14 51 61 85 95 112 156 157 194 197 213 226 232 
9 3 8 20 58 179 180 210 213 226 
15 1 18 44 62 75 78 101 105 158 161 183 206 208 209 214 
12 20 31 32 33 34 43 103 154 174 184 214 234 
8 1 6 31 130 153 178 181 195 
12 17 18 21 87 156 160 174 180 210 221 222 235 
11 21 26 37 40 51 61 66 83 150 155 161 
12 63 80 94 107 116 127 130 150 169 176 221 233 
16 14 36 53 61 71 88 92 100 128 152 168 208 210 226 227 237 
8 43 44 87 97 107 177 187 223 
7 4 9 70 71 155 183 228 
8 34 110 130 140 152 156 166 231 
14 13 15 35 36 89 105 110 120 134 191 202 215 226 230 
9 58 62 68 82 88 103 149 207 236 
12 11 15 55 57 69 71 88 171 183 193 236 238 
8 54 64 90 106 172 192 199 205 
15 28 33 34 46 54 58 80 139 140 146 161 183 196 210 230 
6 27 98 177 182 224 233 
10 5 9 16 28 29 49 100 109 147 158 
9 33 40 108 124 125 128 157 183 191 
8 8 45 83 114 126 176 210 217 
8 8 42 94 130 143 164 183 191 
12 3 11 44 68 74 101 105 113 114 165 177 186 
10 33 77 105 144 174 176 196 205 208 210 
12 4 66 88 109 126 134 153 155 173 206 225 231 
5 15 23 97 143 181 
12 86 111 113 130 135 157 170 173 197 201 215 220 
12 12 17 61 111 115 136 159 167 172 207 212 230 
13 9 31 51 58 62 69 74 107 135 154 181 229 236 
9 42 44 47 105 123 131 151 191 226 
13 14 31 56 59 107 108 119 151 155 186 199 220 235 
17 6 19 43 55 60 62 94 99 121 137 147 154 175 178 185 201 230 
14 1 30 70 98 103 111 112 114 167 186 212 213 218 235 
14 4 45 65 102 120 131 136 152 160 164 166 169 171 203 
7 56 76 112 153 195 197 224 
9 0 31 59 102 124 146 181 191 217 
8 21 131 145 172 180 182 217 219 
10 3 24 40 78 79 80 102 125 131 159 
11 21 27 57 60 83 89 97 106 114 117 216 
8 23 79 96 120 123 203 229 237 
7 20 26 30 38 45 84 191 
13 74 88 134 162 169 171 179 185 190 192 216 218 226 
8 22 41 50 70 86 103 165 191 
10 57 60 61 76 111 119 149 164 217 237 
8 11 17 87 131 150 209 213 221 
10 31 32 50 122 127 154 184 223 235 238 
10 26 57 60 91 131 147 166 173 227 229 
8 105 138 139 150 176 184 220 227 
8 14 52 57 61 96 106 141 202 
7 22 46 48 59 143 165 180 
5 15 37 112 202 208 
12 39 45 57 63 64 74 86 134 176 181 204 217 
9 62 124 142 162 198 200 213 222 226 
7 31 68 69 128 183 189 228 
7 45 72 86 115 134 201 229 
7 35 103 105 165 173 218 231 
11 3 52 91 112 119 122 125 152 174 218 222 
8 11 56 69 109 163 177 212 231 
13 14 64 71 111 139 142 146 152 158 173 200 210 230 
9 1 66 83 87 92 152 194 216 229 
17 48 77 90 104 107 109 112 142 151 155 158 166 170 173 208 218 233 
8 3 71 73 87 110 128 212 232 
10 27 105 107 123 135 139 177 182 207 211 
11 6 27 43 91 93 102 150 151 182 194 202 
8 7 17 101 106 117 134 152 153 
7 2 41 72 116 162 176 232 
5 12 24 188 191 209 
9 18 38 41 58 170 185 186 193 201 
10 78 98 129 142 182 191 205 206 210 228 
6 52 62 103 121 186 235 
12 38 41 43 48 67 78 114 143 176 180 197 224 
14 2 29 30 63 71 81 83 116 143 155 157 194 231 235 
8 11 61 71 101 122 155 202 206 
12 22 23 105 107 124 128 129 135 138 159 195 229 
12 18 26 42 105 126 137 149 167 184 220 231 235 
8 36 67 72 84 114 120 174 232 
20 2 3 12 40 44 52 59 60 66 79 88 90 94 150 151 158 162 179 191 202 
8 29 47 53 81 113 158 196 197 
7 31 33 59 137 160 203 218 
12 39 52 55 72 99 112 178 189 196 204 209 223 
12 33 110 115 133 142 148 149 162 166 177 181 208 
13 4 34 42 44 91 123 135 161 174 205 207 221 224 
11 0 6 14 46 81 142 150 211 215 225 237 
7 45 77 116 147 157 167 210 
4 13 42 54 153 
14 11 49 66 76 105 126 155 180 182 195 219 221 224 236 
6 32 33 163 164 178 235 
9 5 13 35 80 86 158 189 193 232 
9 50 55 107 128 130 136 164 195 239 
7 22 41 65 105 126 128 238 
