270 1349
14 57 75 87 138 150 152 158 159 160 217 236 256 268 269 
11 7 17 24 60 63 143 170 187 194 223 239 
8 39 88 140 166 234 240 251 253 
8 10 19 45 60 98 145 163 230 
9 8 27 125 164 188 213 220 238 258 
10 68 151 155 162 206 210 218 242 252 269 
6 92 94 104 144 194 264 
11 1 24 62 67 80 131 165 187 202 204 241 
7 4 77 171 180 215 238 239 
13 13 17 47 73 91 96 128 147 152 191 201 236 251 
14 3 15 63 84 97 133 139 141 153 154 191 195 203 264 
13 21 82 118 120 125 137 138 142 211 253 254 263 268 
12 32 43 53 71 103 112 138 161 186 194 230 243 
6 9 154 166 190 223 233 
8 52 116 129 153 172 180 248 265 
13 10 54 74 76 100 107 122 186 190 207 224 253 256 
6 23 50 73 79 96 164 
10 1 9 25 108 178 183 191 205 218 227 
8 46 77 117 133 165 170 189 245 
7 3 22 81 139 147 176 255 
9 30 51 73 99 116 138 160 168 213 
8 11 32 56 70 109 188 199 219 
8 19 30 41 117 150 206 213 226 
12 16 32 38 98 111 149 155 205 213 231 248 249 
9 1 7 33 85 117 150 174 179 212 
9 17 54 77 118 133 160 181 227 234 
9 29 50 133 134 143 150 172 230 257 
9 4 39 40 76 78 118 125 220 250 
6 45 64 103 158 209 225 
14 26 45 59 93 128 131 136 142 167 222 224 227 231 234 
7 20 22 92 105 136 171 233 
9 46 48 77 87 101 155 170 206 248 
11 12 21 23 76 100 102 127 195 235 245 268 
9 24 61 73 78 84 97 160 206 214 
10 36 43 49 52 88 94 170 211 216 249 
8 66 140 181 192 194 234 243 261 
12 34 52 92 99 145 153 164 183 205 209 210 227 
9 41 73 82 107 117 122 160 172 256 
7 23 86 137 141 160 168 222 
12 2 27 91 98 109 144 200 220 237 239 261 267 
12 27 41 49 79 126 138 191 196 202 205 220 254 
9 22 37 40 52 89 137 207 211 263 
6 86 88 93 150 204 265 
12 12 34 82 136 149 162 174 203 217 236 238 263 
8 63 76 91 108 126 128 161 170 
8 3 28 29 119 136 184 205 258 
8 18 31 86 126 165 216 257 266 
9 9 55 104 179 198 238 240 242 255 
15 31 59 61 81 91 118 165 177 195 203 205 224 229 252 255 
11 34 40 60 63 72 110 115 118 208 212 257 
11 16 26 55 73 124 135 190 191 216 222 266 
13 20 57 72 100 107 151 152 162 192 196 246 251 267 
11 14 34 36 41 59 77 100 168 170 177 187 
5 12 57 110 116 180 
9 15 25 63 129 136 151 209 215 232 
8 47 50 76 106 114 130 198 227 
13 21 63 79 83 93 111 158 174 221 223 229 243 269 
15 0 51 53 76 98 109 127 136 137 167 197 200 236 252 256 
9 92 102 127 128 157 172 181 188 201 
9 29 48 52 80 106 179 211 223 228 
13 1 3 49 63 84 98 101 141 148 194 218 224 228 
10 33 48 62 63 65 115 197 226 240 263 
13 7 61 63 90 110 158 187 207 217 219 235 238 264 
18 1 10 44 49 54 56 60 61 62 64 91 130 201 214 228 239 265 268 
6 28 63 140 190 194 224 
9 61 84 104 113 181 206 210 247 264 
9 35 85 114 127 155 158 192 231 268 
7 7 94 97 156 186 258 263 
8 5 79 101 103 122 125 142 151 
8 97 100 114 121 169 175 237 246 
9 21 78 83 124 150 208 218 230 267 
12 12 117 126 145 148 156 162 173 174 191 242 247 
10 49 51 83 91 120 140 188 221 245 247 
13 9 16 20 33 37 50 83 171 178 185 228 256 259 
3 15 88 265 
6 0 81 87 126 170 221 
11 15 27 32 44 55 57 80 81 89 138 192 
14 8 18 25 31 52 85 128 156 159 184 187 190 224 234 
12 27 33 70 85 129 157 160 206 220 227 244 265 
8 16 40 56 68 159 166 223 238 
9 7 59 76 133 230 240 251 252 269 
11 19 48 75 76 86 124 137 166 176 233 243 
6 11 37 43 115 126 153 
10 56 70 72 73 137 160 168 183 204 215 
13 10 33 60 65 86 99 106 114 143 162 170 179 199 
10 24 66 77 78 129 142 172 184 199 217 
14 38 42 46 81 84 112 134 176 197 208 225 226 246 259 
16 0 31 75 102 105 108 109 113 125 159 173 178 194 234 248 256 
7 2 34 42 74 111 119 130 
6 41 76 124 191 203 268 
3 62 122 204 
12 9 39 44 48 63 72 95 116 143 161 172 233 
12 6 30 36 58 102 107 114 188 214 228 244 252 
9 29 42 56 109 110 201 202 231 269 
11 6 34 67 99 100 121 155 162 192 238 259 
6 91 139 160 176 234 261 
12 9 16 146 147 154 168 192 231 232 240 241 245 
12 10 33 67 69 108 151 162 190 207 223 231 240 
14 3 23 39 57 60 99 122 123 126 139 151 172 184 194 
11 20 36 84 94 98 185 223 239 245 249 262 
9 15 32 51 52 69 94 167 176 178 
9 31 60 68 119 149 160 204 222 237 
9 32 58 87 92 134 209 217 257 258 
7 12 28 68 199 208 225 230 
10 6 47 65 113 137 140 161 172 178 210 
8 30 87 131 197 198 204 237 267 
6 55 59 84 111 120 253 
9 15 37 51 92 108 140 165 166 181 
17 17 44 87 97 107 112 127 160 171 175 178 182 207 219 230 240 253 
10 21 39 57 87 93 132 149 187 230 246 
7 49 53 62 93 126 148 186 
9 23 56 88 106 128 182 204 251 257 
12 12 86 108 124 154 186 188 220 226 248 251 252 
14 65 87 104 142 153 169 179 199 212 222 225 250 253 256 
13 55 66 69 84 92 126 129 147 182 191 225 227 244 
11 49 61 82 119 141 152 160 182 205 246 259 
7 14 20 53 91 123 148 218 
9 18 22 24 37 71 153 193 225 235 
8 11 25 27 48 49 121 257 262 
8 45 88 101 115 151 157 201 261 
9 11 72 106 127 155 158 194 239 248 
5 69 94 118 243 247 
13 15 37 68 90 98 157 184 188 192 202 228 243 249 
7 98 116 170 192 225 250 254 
13 50 70 81 89 112 146 147 156 161 172 212 225 235 
12 4 11 27 68 87 136 167 178 213 218 223 236 
14 40 44 46 71 75 82 98 110 114 129 134 175 211 254 
11 32 57 58 66 108 120 145 166 246 252 266 
13 9 29 44 58 77 111 131 160 163 168 176 203 213 
10 14 54 78 85 114 126 138 153 190 231 
6 55 63 88 213 227 267 
9 7 29 105 128 132 162 175 196 263 
7 109 131 134 167 177 219 234 
9 10 18 25 26 80 152 159 187 262 
13 26 86 102 126 132 135 144 161 221 225 253 256 258 
10 50 134 148 176 190 191 202 232 251 267 
11 29 30 43 45 54 57 125 157 183 220 222 
12 11 38 41 57 81 83 104 153 185 221 231 242 
12 0 11 12 20 40 76 129 185 225 228 229 263 
9 10 19 95 98 192 197 209 239 241 
11 2 35 64 72 104 107 151 165 204 210 221 
9 10 38 60 115 178 209 252 254 268 
14 11 29 68 85 113 153 162 166 190 212 217 239 249 269 
7 1 26 84 91 168 212 242 
9 6 39 134 151 193 213 219 245 254 
11 3 36 71 127 146 148 155 185 193 201 219 
10 96 124 145 160 172 173 216 238 256 257 
9 9 19 96 114 124 201 230 244 256 
9 60 71 110 116 135 145 203 240 247 
6 23 43 101 109 185 195 
8 0 22 24 26 42 70 163 263 
17 5 51 54 68 97 98 119 140 144 161 162 195 209 211 228 244 246 
14 0 9 51 115 133 154 164 183 185 193 196 202 210 216 
11 10 14 36 82 113 117 129 137 142 154 155 
11 10 13 96 112 152 153 214 220 223 227 247 
16 5 23 31 66 94 120 145 153 169 193 199 221 222 224 231 257 
10 67 71 77 124 165 193 196 220 257 268 
9 58 78 119 122 136 174 192 208 257 
14 0 28 56 62 66 120 169 178 180 218 230 236 246 255 
9 0 77 79 87 133 205 225 231 232 
18 0 20 25 33 37 38 78 83 95 101 108 115 128 146 168 207 208 263 
11 12 44 91 104 124 134 151 169 194 216 253 
16 5 43 51 71 84 94 97 131 142 151 175 179 205 211 247 262 
8 3 128 150 170 185 204 213 235 
6 4 16 36 152 231 264 
11 7 18 46 48 107 140 156 190 201 209 245 
8 2 13 79 81 107 127 142 269 
11 29 57 100 125 132 177 187 214 255 260 264 
11 20 38 52 83 96 128 143 160 187 190 201 
12 69 113 155 158 161 177 182 184 193 235 236 265 
17 1 18 31 34 44 52 75 84 123 163 172 186 188 236 244 259 269 
6 8 30 73 108 208 243 
15 14 26 37 58 85 91 98 104 124 146 170 214 235 243 257 
8 71 87 146 179 191 208 221 228 
7 24 43 56 71 157 185 237 
10 69 108 126 131 162 186 187 198 218 268 
10 19 81 86 95 100 128 135 194 205 264 
8 48 52 132 167 169 188 216 258 
12 17 73 87 100 104 108 125 141 158 193 223 230 
16 24 47 59 84 113 162 173 190 201 214 217 226 236 260 264 267 
9 8 14 53 158 184 219 243 249 256 
8 25 35 58 65 107 193 199 234 
8 108 111 114 115 169 188 207 217 
8 17 36 83 136 152 224 242 251 
8 45 77 85 98 122 169 180 268 
13 73 99 137 138 145 149 152 163 174 189 200 224 248 
14 12 15 67 110 112 170 175 187 193 196 206 211 250 267 
14 1 7 52 62 77 109 133 167 168 175 186 210 244 266 
14 4 21 58 72 92 112 122 170 177 182 234 262 265 266 
4 18 185 226 242 
12 13 15 50 64 77 97 129 135 142 165 168 179 
13 9 10 17 40 50 71 89 114 135 173 199 212 241 
10 35 51 66 76 94 96 122 123 139 157 
13 117 144 145 152 155 156 169 178 181 186 201 207 225 
13 1 6 12 35 60 64 87 98 120 161 176 246 269 
8 10 32 48 149 151 222 245 261 
8 40 51 131 152 156 186 204 253 
6 57 61 86 105 139 213 
6 47 55 105 175 226 258 
9 21 84 85 103 113 155 181 191 244 
5 39 57 185 259 265 
12 9 58 63 93 119 145 147 165 168 179 193 243 
9 7 40 93 122 135 152 248 266 268 
6 10 43 48 89 128 148 
11 7 42 83 90 101 105 111 140 163 196 250 
11 17 23 36 40 45 48 115 159 162 176 212 
9 5 22 31 33 65 78 186 212 236 
11 15 41 62 97 108 160 182 193 208 219 252 
12 49 70 86 103 157 160 171 173 207 221 256 263 
10 28 36 54 102 139 141 151 165 243 262 
8 5 36 65 104 140 152 187 268 
13 11 34 41 59 126 151 162 186 233 255 261 263 264 
11 24 49 113 124 142 143 191 205 206 239 254 
12 4 20 22 23 125 128 130 144 163 197 247 249 
8 33 63 92 154 167 172 179 243 
4 8 54 83 230 
9 34 46 50 146 152 161 177 236 237 
8 0 43 62 85 102 142 179 182 
10 5 17 60 70 116 125 158 175 244 264 
10 21 62 108 132 144 145 180 207 252 257 
11 4 27 39 40 78 112 136 154 156 247 254 
11 56 72 75 134 137 140 155 173 208 231 267 
9 29 38 50 101 113 136 155 195 255 
10 1 13 56 59 79 97 99 125 154 178 
13 15 29 48 60 64 77 155 183 185 231 239 249 264 
15 28 86 103 113 114 117 123 124 134 138 159 193 229 258 259 
9 22 61 86 112 179 189 198 230 252 
10 17 25 29 36 55 78 114 130 154 232 
11 59 60 63 73 92 122 138 151 173 247 248 
5 48 56 138 225 244 
14 3 12 26 70 80 103 108 109 147 158 178 215 226 235 
17 23 29 66 93 96 97 129 137 155 159 164 221 224 250 254 255 268 
5 54 96 135 159 227 
7 13 30 81 91 211 250 259 
10 2 25 29 35 77 87 95 132 181 188 
8 32 62 117 124 163 169 172 230 
13 0 9 43 57 125 158 169 170 179 206 216 239 244 
8 39 69 101 105 174 216 260 261 
9 4 8 43 47 62 79 94 146 246 
12 1 8 39 63 99 120 139 142 212 224 236 257 
10 2 47 61 80 96 97 108 148 257 265 
6 7 96 139 191 257 260 
8 5 47 71 137 143 183 189 246 
13 12 35 56 81 121 122 171 172 180 201 209 214 250 
11 78 92 114 147 151 170 187 199 218 229 236 
9 18 32 72 96 99 144 165 195 246 
12 51 69 86 109 115 127 151 158 194 238 242 245 
10 65 71 72 121 148 154 162 213 220 228 
9 14 23 31 87 112 120 185 202 228 
8 23 34 99 122 142 180 213 224 
9 27 113 123 186 204 231 233 243 255 
9 2 9 51 80 111 112 135 183 268 
12 5 48 57 80 92 112 127 141 207 219 226 264 
9 2 11 15 106 108 113 134 161 196 
9 11 40 123 126 141 144 212 220 231 
9 19 47 48 158 167 211 222 231 250 
12 0 15 37 57 73 87 113 134 146 147 180 208 
15 26 46 49 102 111 118 146 155 156 157 172 219 239 240 241 
8 4 45 67 102 134 177 198 225 
8 73 86 94 115 170 200 225 233 
5 167 179 237 241 263 
7 35 39 95 119 195 211 237 
6 99 118 133 162 188 209 
12 11 41 43 61 67 131 138 150 160 208 211 260 
12 6 10 62 65 164 167 176 179 211 218 224 252 
10 14 42 63 74 78 169 188 200 240 269 
6 46 50 127 187 188 202 
9 39 51 70 105 130 135 179 186 221 
14 0 11 32 63 66 89 141 156 175 184 202 210 231 251 
10 0 5 56 80 93 142 166 170 194 265 
270 1349
16 1 23 32 75 84 105 129 136 152 165 176 200 227 234 236 260 
13 0 41 47 51 68 96 117 118 149 182 191 234 256 
14 9 12 23 39 130 192 228 233 234 247 250 259 264 268 
13 10 40 49 96 117 119 126 155 177 222 247 257 268 
8 7 51 102 172 176 185 239 264 
13 11 12 53 73 82 93 114 118 143 163 174 198 227 
7 17 185 199 210 215 238 266 
5 4 72 144 152 222 
8 42 63 130 142 173 178 227 266 
10 2 17 21 56 77 90 144 180 181 238 
14 3 36 60 74 78 102 114 128 186 218 223 226 229 249 
9 5 17 44 100 165 202 204 236 262 
14 2 5 13 53 57 81 104 157 162 179 198 211 248 261 
10 12 67 114 159 171 175 210 229 236 267 
10 21 31 32 66 78 109 120 176 203 266 
6 27 51 93 199 214 250 
9 45 57 70 80 104 106 135 220 221 
14 6 9 11 33 62 108 114 117 136 164 181 186 252 269 
8 29 73 139 144 166 195 196 208 
5 53 68 169 208 229 
7 43 49 108 114 177 220 244 
17 9 14 22 31 61 104 116 147 151 178 184 186 209 218 235 240 248 
9 21 50 88 117 133 140 194 264 269 
9 0 2 34 110 147 177 198 234 265 
10 35 53 66 78 178 181 208 210 217 248 
12 32 39 48 54 82 106 136 174 210 212 222 223 
11 37 40 45 47 53 55 84 93 163 182 237 
13 15 47 77 80 82 101 104 106 142 153 191 209 223 
9 42 81 92 100 110 132 174 196 262 
5 18 38 85 174 206 
12 53 59 68 105 107 129 160 161 224 234 251 264 
11 14 21 59 104 116 117 136 201 203 218 266 
11 0 14 25 46 68 71 112 136 147 168 199 
9 17 105 127 135 174 183 195 208 255 
8 23 113 128 137 139 171 177 222 
12 24 87 115 135 144 147 161 171 198 205 216 246 
6 10 147 156 181 190 268 
8 26 47 54 167 168 225 245 247 
12 29 57 59 62 77 81 93 104 154 164 201 264 
18 2 25 67 95 118 132 149 154 155 185 209 214 219 229 237 255 256 266 
9 3 26 54 176 177 196 201 202 223 
12 1 62 85 101 141 148 174 180 203 204 214 266 
9 8 28 43 44 71 91 126 129 136 
15 20 42 50 57 63 94 115 121 136 140 169 211 225 245 265 
8 11 42 45 59 65 80 81 207 
7 16 26 44 145 184 195 226 
10 32 63 73 104 138 173 176 241 246 261 
14 1 26 27 37 76 77 84 85 103 128 175 188 210 234 
11 25 51 91 92 98 113 190 205 228 235 258 
14 3 20 53 86 87 149 168 171 173 200 208 221 238 247 
13 22 43 66 76 105 109 115 133 146 183 238 245 261 
15 1 4 15 48 60 121 134 154 165 167 188 193 203 219 251 
4 68 91 161 207 
15 5 12 19 24 26 30 49 64 85 135 147 197 203 215 261 
8 25 37 40 87 131 139 166 216 
11 26 72 74 79 172 186 202 208 228 232 244 
16 9 62 71 72 77 87 93 102 116 124 135 152 167 174 175 236 
12 12 16 38 43 68 79 121 155 197 242 252 264 
9 68 75 155 165 186 200 231 248 268 
9 30 31 38 44 62 79 83 126 250 
8 10 51 66 73 83 85 227 245 
10 21 82 103 132 151 167 180 182 187 239 
13 17 38 41 56 59 87 134 139 145 188 238 253 264 
13 8 43 46 100 127 133 156 173 186 212 228 250 251 
6 53 80 86 115 154 195 
7 44 86 101 134 168 212 251 
7 14 24 50 60 77 85 128 
13 13 39 78 105 121 122 153 158 160 196 198 210 222 
13 1 19 30 32 52 57 58 70 142 179 196 217 221 
7 74 99 118 120 184 191 246 
13 16 68 82 89 126 151 155 156 160 169 184 261 262 
12 32 42 56 72 138 161 187 196 199 228 238 252 
10 7 55 56 71 80 155 199 204 232 249 
9 5 18 46 60 133 156 179 190 253 
9 10 55 69 80 148 163 172 245 246 
9 0 58 88 118 147 171 198 249 264 
9 47 50 81 156 170 173 176 178 189 
9 9 27 38 47 56 66 92 195 269 
8 10 14 24 67 127 130 260 264 
12 55 57 59 122 167 172 185 187 238 244 268 269 
12 16 27 44 64 72 74 96 109 142 163 200 255 
8 12 28 38 44 76 127 142 230 
13 5 25 27 61 70 111 125 179 187 212 219 241 259 
11 59 60 106 112 114 181 188 191 231 243 253 
9 0 26 47 134 140 156 166 193 224 
11 29 41 47 53 60 66 95 134 163 181 243 
9 49 64 65 118 123 177 206 214 258 
17 35 49 54 56 62 109 113 116 133 135 143 155 193 236 237 257 258 
6 22 75 124 153 188 254 
6 70 122 148 156 200 241 
6 9 125 195 207 245 254 
8 42 48 52 114 170 190 191 205 
11 28 48 77 97 132 159 164 181 206 266 268 
12 5 15 26 38 56 157 196 213 217 246 252 253 
7 43 178 201 225 252 257 260 
8 39 85 173 174 222 226 232 262 
8 1 3 80 120 175 200 221 253 
11 92 108 113 119 142 153 160 166 195 230 269 
12 48 106 111 116 117 156 174 175 183 191 242 256 
4 69 160 178 237 
11 11 28 63 118 140 167 175 185 187 189 244 
10 27 41 65 115 123 167 171 183 243 251 
6 4 10 56 170 221 258 
10 47 61 112 150 202 232 239 254 255 265 
18 12 16 21 27 31 38 46 106 123 126 160 166 201 202 216 224 239 262 
11 0 30 33 50 67 113 138 162 201 234 249 
11 16 25 27 83 98 104 160 181 189 224 241 
10 30 113 125 133 140 141 151 173 192 204 
9 17 20 97 134 140 145 172 222 234 
9 14 50 80 87 136 141 205 208 244 
10 23 28 157 173 175 191 202 242 247 260 
6 82 98 145 158 232 267 
12 32 83 103 129 148 167 182 192 221 226 253 258 
11 34 48 87 97 105 107 192 194 235 249 256 
17 5 10 13 17 20 83 91 124 132 142 143 162 165 169 173 209 253 
14 35 43 50 64 101 124 169 186 190 201 207 224 230 251 
12 21 31 56 87 98 144 158 164 214 234 240 262 
13 1 3 17 22 31 98 197 214 235 237 243 261 263 
12 1 5 39 69 75 86 100 132 175 176 208 221 
3 3 97 266 
9 14 69 96 198 215 222 231 247 261 
5 43 51 57 67 143 
8 67 79 89 158 211 246 257 267 
6 86 101 104 128 139 219 
13 56 88 114 115 149 174 189 204 214 221 260 262 265 
9 82 90 107 134 161 174 240 246 254 
9 3 42 59 70 104 173 213 235 261 
9 33 63 78 81 160 178 180 201 202 
10 10 34 47 66 123 137 191 194 239 248 
11 0 30 42 112 140 175 213 214 231 232 242 
11 2 8 78 146 147 193 197 200 205 243 252 
7 54 153 194 230 253 255 263 
11 28 39 61 92 114 118 149 158 171 181 189 
11 22 50 63 73 87 107 171 209 219 227 252 
9 51 62 65 84 85 108 125 198 234 
13 16 33 35 53 56 87 177 179 235 243 249 259 269 
13 0 17 25 31 32 42 43 109 137 151 179 227 228 
8 34 128 136 204 223 235 239 260 
8 46 71 105 155 174 187 201 248 
7 18 34 54 62 123 193 208 
14 22 43 84 100 107 108 129 174 175 204 227 248 260 261 
6 41 107 109 152 171 226 
8 8 27 68 80 81 97 114 168 
11 5 87 114 121 180 181 202 212 226 260 265 
8 7 9 18 35 116 227 243 265 
7 45 62 108 111 169 219 251 
9 50 130 157 176 223 226 245 248 258 
11 21 23 32 35 36 53 75 130 203 223 267 
6 41 74 89 112 179 234 
13 1 39 49 124 132 155 166 168 171 180 185 199 233 
5 103 183 211 237 241 
12 21 61 70 107 136 158 163 178 198 233 243 248 
11 0 7 56 141 164 169 177 221 243 246 253 
9 27 67 88 97 131 176 200 218 259 
10 38 39 51 64 204 207 216 240 262 266 
11 3 39 57 58 70 72 87 138 149 188 226 
11 36 63 70 73 76 84 89 98 183 187 254 
8 12 93 110 146 174 175 218 266 
10 67 111 116 122 132 151 163 188 221 232 
9 13 92 170 178 188 197 203 240 259 
10 30 67 70 97 99 104 106 127 182 249 
8 30 35 52 71 125 182 189 236 
6 12 105 114 238 248 251 
12 5 26 74 80 85 151 158 172 180 248 257 264 
7 17 38 92 116 152 228 245 
9 0 11 51 58 114 166 190 191 248 
9 18 54 84 97 104 149 165 217 257 
11 37 51 56 61 79 100 101 112 200 211 216 
8 32 37 49 65 142 149 178 214 
8 19 43 70 114 115 145 152 216 
9 76 91 102 159 179 181 211 214 239 
13 13 34 35 49 75 101 132 133 141 149 248 252 256 
9 4 55 74 79 108 163 197 202 208 
15 8 46 49 63 76 95 107 110 114 126 176 219 222 223 231 
16 5 25 28 29 33 41 56 95 98 124 125 138 140 157 188 207 
14 13 47 56 96 98 100 110 118 129 140 157 257 264 267 
15 0 4 14 40 46 76 118 146 153 173 185 190 206 228 240 
10 3 20 23 34 40 86 135 152 197 241 
14 8 21 24 76 94 99 127 151 159 168 198 207 212 252 
14 12 68 73 82 135 136 148 170 182 192 216 232 268 269 
10 9 41 61 127 143 149 163 198 220 236 
14 9 17 24 36 83 85 92 106 132 143 170 191 192 266 
8 1 26 61 112 160 161 179 259 
10 33 50 98 101 150 156 187 199 259 268 
6 21 45 69 70 201 222 
11 4 6 39 79 100 149 176 201 216 249 253 
12 10 17 21 55 58 63 115 203 207 232 252 259 
13 61 71 79 82 100 138 156 183 206 214 250 260 265 
9 47 51 62 83 88 155 158 159 174 
7 76 100 106 124 132 161 219 
8 36 48 73 91 115 165 176 238 
14 1 27 69 83 91 98 110 128 165 181 211 228 239 247 
8 2 107 112 113 179 181 204 236 
8 51 84 87 130 139 205 214 217 
8 22 113 128 131 208 240 259 267 
8 18 33 45 64 77 90 97 248 
7 18 28 40 67 68 71 93 
11 53 57 117 130 159 172 177 209 250 251 254 
14 5 12 23 35 67 75 120 134 151 178 180 225 227 266 
9 6 15 32 71 72 149 183 220 240 
12 0 49 58 80 89 96 130 153 167 217 224 234 
12 31 38 40 94 104 105 115 127 138 184 185 261 
12 11 40 55 103 104 110 127 143 172 229 242 262 
12 14 31 41 51 53 147 159 186 207 226 233 236 
9 11 41 72 107 124 137 140 154 192 
9 35 48 91 109 130 193 221 241 249 
6 29 86 92 176 187 241 
9 44 52 90 115 154 174 178 186 203 
12 18 19 24 33 49 55 109 118 139 172 194 219 
8 21 27 39 114 133 197 219 238 
9 6 13 24 25 47 67 230 234 268 
9 12 43 122 150 167 170 191 234 248 
9 25 63 65 82 143 178 241 261 265 
6 93 126 129 216 238 264 
14 15 39 41 86 116 117 124 129 168 170 187 193 232 233 
5 6 53 120 220 252 
11 35 54 104 154 167 169 179 185 213 218 233 
6 24 68 93 166 193 200 
8 10 21 31 153 157 216 227 265 
12 39 51 82 123 133 145 173 189 208 209 220 249 
7 16 20 180 199 215 219 231 
11 16 49 68 96 102 112 118 124 152 158 205 
13 3 7 25 34 67 95 108 120 173 184 251 252 258 
9 10 25 27 40 137 146 147 173 226 
7 30 84 104 106 115 200 233 
6 37 43 94 198 256 258 
12 10 45 95 112 141 143 146 155 203 223 235 265 
12 0 5 8 60 133 136 140 144 198 218 229 247 
10 2 48 55 63 71 136 164 176 191 269 
10 10 13 19 39 202 227 230 231 240 263 
6 81 97 115 131 210 229 
8 58 83 120 129 173 220 229 242 
11 55 72 95 103 111 129 158 179 186 214 241 
9 2 149 151 203 214 216 224 244 258 
17 0 1 2 23 30 47 105 108 116 134 148 200 210 211 241 242 244 
9 21 48 113 117 126 135 137 226 267 
10 0 11 13 56 87 161 180 192 203 257 
9 26 39 87 99 117 150 239 242 258 
14 6 9 49 50 62 71 79 162 190 209 213 242 244 265 
9 4 61 103 104 128 137 170 191 237 
10 21 116 125 154 159 176 194 199 229 241 
12 46 82 89 106 150 177 205 206 212 232 234 240 
10 57 98 110 129 202 231 234 237 238 265 
9 83 85 101 117 130 135 144 151 152 
9 20 55 79 100 109 233 234 238 264 
8 37 43 50 60 74 90 146 164 
9 35 46 69 74 93 122 125 152 266 
8 2 3 37 49 110 120 191 227 
16 12 21 24 58 128 138 140 146 151 162 163 165 171 195 211 261 
10 10 72 75 105 113 135 160 185 205 219 
6 2 15 59 63 187 197 
11 30 51 63 65 101 115 145 162 197 222 267 
12 17 57 71 93 94 130 133 171 178 186 215 222 
10 62 73 83 93 96 112 114 131 152 185 
8 88 90 103 125 156 197 255 265 
6 33 39 80 103 131 254 
6 1 39 98 113 171 225 
8 3 87 94 122 163 166 175 236 
10 48 86 87 102 112 146 222 225 233 237 
9 2 82 135 153 159 182 183 186 194 
9 0 78 94 110 124 137 140 143 187 
12 12 46 50 53 70 117 120 126 140 201 212 248 
9 11 28 70 95 104 116 124 154 202 
3 117 131 229 
13 2 4 22 30 38 57 62 75 78 163 175 213 244 
13 23 43 103 124 143 144 187 212 218 226 238 242 254 
13 6 8 14 31 39 41 92 119 154 157 181 198 246 
8 13 111 122 147 175 194 235 251 
9 2 3 36 58 79 92 179 183 210 
8 17 22 77 79 97 135 179 228 
