280 1399
15 57 75 87 138 150 152 158 159 160 217 236 256 268 269 275 
10 7 14 50 53 133 160 177 184 213 229 
10 19 68 120 146 214 220 231 233 256 265 
7 15 30 68 133 200 243 262 
7 85 124 148 173 180 198 218 
10 18 101 105 112 156 160 168 192 202 219 
9 32 34 44 84 134 204 226 264 269 
9 1 10 61 95 117 132 134 171 268 
11 91 100 135 158 159 193 197 227 253 271 276 
10 38 62 101 111 146 161 184 232 253 266 
13 7 33 39 41 53 54 91 95 103 164 179 276 278 
14 15 27 28 32 101 144 153 158 179 190 200 218 250 259 
4 66 74 110 123 
7 24 36 60 93 177 241 254 
11 1 32 40 108 125 168 188 190 214 221 236 
13 3 11 40 57 74 103 106 126 153 176 182 199 267 
4 117 200 270 275 
11 21 35 48 57 127 158 198 214 246 251 270 
7 5 65 92 151 209 217 246 
11 2 65 89 110 132 158 175 197 219 227 272 
7 80 104 118 157 236 247 267 
8 17 67 78 154 187 243 250 263 
11 58 64 124 137 175 181 231 239 257 274 275 
7 48 100 132 165 189 194 227 
10 13 58 81 122 137 164 185 231 238 276 
10 43 126 127 136 143 165 223 250 274 275 
7 58 60 100 107 202 232 268 
8 11 35 74 129 180 196 256 270 
12 11 53 88 91 96 102 127 182 184 187 191 194 
9 41 54 85 120 182 233 235 264 274 
9 3 39 93 108 144 186 251 275 277 
10 54 122 162 172 195 224 236 241 247 260 
11 6 11 14 122 130 187 194 200 203 239 245 
6 10 75 121 154 205 279 
10 6 75 86 88 128 137 155 179 219 226 
16 17 27 36 47 66 88 92 93 110 156 188 197 222 232 237 275 
9 13 35 44 128 189 240 244 263 271 
5 83 182 189 200 235 
14 9 50 70 87 89 111 117 120 128 158 205 217 270 275 
10 10 30 41 44 59 93 156 204 274 278 
8 14 15 91 141 143 148 205 259 
12 10 29 39 82 125 179 192 205 217 246 260 279 
10 44 69 94 107 122 139 157 159 192 201 
6 25 138 155 203 224 277 
10 6 36 39 42 93 133 172 223 264 273 
10 50 99 174 193 233 235 237 250 275 277 
15 64 74 101 148 160 178 186 188 207 212 235 238 263 266 275 
9 35 81 86 89 179 183 228 245 263 
12 17 23 83 94 149 150 175 181 225 234 249 277 
12 54 98 99 109 139 143 193 198 214 223 241 264 
10 1 38 45 103 105 112 122 208 261 267 
3 103 201 274 
8 62 120 126 143 201 231 239 255 
11 1 10 28 97 126 175 191 195 205 223 270 
16 10 29 31 49 61 108 110 130 156 175 197 208 226 235 236 266 
12 72 75 111 127 131 178 188 213 214 258 267 274 
3 64 153 252 
14 0 15 17 62 74 79 123 144 158 161 201 208 254 278 
11 22 24 26 63 67 109 110 112 162 244 273 
13 39 67 90 97 124 144 192 221 241 251 253 269 272 
9 13 26 85 112 151 222 235 249 260 
8 7 54 68 71 148 198 202 232 
11 9 52 57 79 99 108 176 201 205 242 259 
10 58 67 96 109 137 140 174 213 250 278 
10 22 46 56 66 125 155 232 249 271 273 
10 18 19 78 81 98 107 253 256 270 277 
10 12 35 64 112 118 180 189 220 225 266 
13 21 58 59 63 80 138 148 160 197 245 254 273 276 
14 2 3 61 73 79 90 91 108 159 164 197 205 234 254 
8 42 92 125 149 151 183 271 278 
6 38 76 119 147 150 174 
6 61 143 153 159 198 242 
6 55 138 139 147 196 250 
10 68 129 172 200 203 228 231 234 268 278 
13 12 15 27 46 57 115 159 187 190 236 250 257 274 
9 0 33 34 55 91 175 182 239 254 
7 70 232 242 253 254 271 276 
5 112 125 154 164 231 
5 21 65 89 100 127 
13 57 62 68 97 120 128 143 164 175 231 244 251 259 
9 20 67 89 108 116 125 145 259 272 
9 24 47 65 104 116 131 149 227 249 
16 41 94 115 126 143 144 164 177 202 205 208 209 225 259 273 278 
7 37 48 98 152 160 196 215 
4 6 194 261 273 
6 4 29 60 144 177 259 
8 34 47 135 156 183 201 212 273 
10 0 38 127 132 139 213 239 253 269 277 
9 28 34 35 119 120 211 212 241 279 
12 19 38 47 78 80 94 116 150 157 187 233 254 
7 59 68 119 140 156 214 241 
15 8 10 28 40 68 75 111 133 157 196 197 205 206 210 245 
16 18 35 69 101 112 140 157 173 181 190 220 243 244 247 260 272 
8 13 30 35 39 44 107 119 129 
13 42 48 82 89 105 143 159 165 169 182 256 265 267 
5 7 10 192 222 233 
7 28 63 112 127 191 266 274 
9 53 59 79 132 133 240 249 266 271 
10 49 65 83 138 162 165 186 197 203 235 
9 45 49 62 140 206 207 213 246 276 
8 8 23 26 78 104 113 246 263 
11 5 9 11 46 92 117 142 143 158 250 265 
13 28 121 132 136 139 143 168 180 191 201 214 253 270 
9 10 15 50 51 132 175 191 230 252 
6 20 81 100 115 215 269 
10 5 50 94 117 164 170 194 224 256 258 
14 15 117 123 145 148 149 195 206 222 232 252 265 275 278 
14 26 42 65 93 131 134 137 162 165 183 218 227 261 263 
15 14 30 54 62 68 80 109 138 160 171 179 201 224 265 278 
7 49 58 63 108 125 150 220 
10 12 19 35 54 58 138 178 210 220 257 
8 9 38 55 91 225 230 269 275 
12 5 50 58 60 66 77 92 96 152 227 255 258 
4 100 128 173 182 
7 160 164 221 248 252 256 266 
9 74 82 104 128 143 149 216 238 271 
12 80 81 89 133 137 174 175 184 189 200 240 263 
13 7 16 38 101 105 106 146 177 188 223 228 233 246 
8 20 66 121 126 167 203 246 279 
10 70 88 90 93 140 220 226 240 246 278 
12 2 29 38 52 79 88 124 132 159 169 234 249 
5 33 102 118 128 169 
12 24 31 32 42 50 133 147 187 190 220 233 254 
7 12 57 106 165 206 216 258 
7 4 22 59 120 172 179 207 
16 14 41 64 69 77 80 109 128 136 145 162 222 226 254 257 259 
15 15 25 52 53 82 118 130 158 172 173 184 214 233 249 272 
10 17 25 28 55 78 87 96 146 185 248 
13 34 36 38 79 113 115 121 125 129 165 175 186 260 
11 27 73 93 128 150 153 154 188 247 252 264 
10 32 54 126 145 147 186 200 239 245 256 
7 55 81 107 193 224 267 269 
18 7 19 23 87 97 102 103 120 136 148 157 161 185 207 212 234 244 264 
11 1 3 44 91 97 116 122 143 187 217 251 
13 6 7 107 148 168 174 200 209 225 227 234 264 272 
8 8 86 136 154 218 230 231 274 
10 25 102 125 132 135 153 171 172 238 267 
11 22 24 34 63 107 116 139 151 219 256 263 
10 0 43 67 72 98 108 110 180 190 277 
8 42 49 72 87 102 137 237 254 
17 63 90 92 99 119 148 162 164 181 199 224 234 253 255 263 266 272 
5 40 142 148 202 203 
7 101 141 240 246 249 253 273 
20 25 40 49 52 71 79 82 94 101 102 115 133 173 197 203 225 226 228 235 261 
13 11 30 57 59 82 85 147 175 178 202 239 250 268 
8 80 106 125 130 168 240 249 251 
11 2 9 117 127 156 168 174 193 253 273 279 
9 70 72 122 130 144 148 193 232 233 
16 4 40 46 61 67 106 132 134 140 141 147 157 171 196 218 255 
13 48 69 81 106 115 154 158 184 190 226 241 255 270 
9 0 48 70 89 109 129 160 169 191 
9 18 60 69 137 164 197 227 238 246 
4 0 83 112 155 
14 11 15 56 71 129 136 156 166 176 203 244 249 253 277 
12 21 33 77 129 135 149 155 166 242 247 249 258 
12 34 43 64 152 154 176 177 206 212 226 228 276 
13 5 35 39 54 86 90 146 153 161 176 186 223 258 
13 20 42 89 91 92 132 148 204 225 233 247 265 277 
14 0 8 11 17 19 38 57 101 126 149 173 186 193 245 
13 0 8 42 68 71 74 94 120 177 220 221 232 252 
13 0 1 5 46 67 83 108 114 150 183 202 213 272 
8 9 57 132 156 170 198 240 266 
13 31 58 98 107 125 140 179 186 236 247 260 263 272 
9 166 190 194 197 203 238 262 268 275 
14 10 24 68 77 79 82 105 114 140 151 185 191 226 267 
10 23 25 94 98 107 123 128 172 182 275 
5 153 154 163 180 189 
9 118 179 184 195 219 243 265 271 274 
11 5 14 102 134 145 146 173 178 217 234 259 
7 94 120 121 150 183 205 254 
7 105 161 173 176 177 217 233 
6 7 108 136 148 239 252 
8 31 44 73 124 126 136 165 174 
10 4 92 113 126 143 158 168 170 181 205 
11 45 63 70 116 134 146 172 196 219 246 269 
14 19 22 48 53 54 75 79 103 116 128 144 181 197 278 
7 15 62 153 155 156 170 259 
10 1 13 82 85 117 155 159 170 189 245 
7 46 55 110 144 168 228 234 
13 10 11 34 41 47 108 124 162 167 180 252 270 272 
7 4 27 66 102 138 166 179 
9 22 48 92 140 173 175 188 214 277 
10 15 28 29 37 75 94 113 165 204 238 
9 47 69 86 107 160 169 186 216 251 
9 1 9 28 116 126 149 167 203 222 
11 24 127 132 164 193 216 238 244 246 247 279 
12 30 46 98 128 130 156 158 162 183 201 250 252 
9 21 28 32 74 89 122 133 209 250 
9 14 35 46 55 117 129 181 218 219 
9 23 36 37 66 116 166 177 239 259 
12 11 14 74 92 122 138 149 163 208 213 252 259 
10 28 53 96 102 103 150 164 196 232 267 
8 5 41 42 59 95 247 255 265 
14 8 45 49 131 146 147 158 185 194 203 232 233 247 269 
10 23 28 32 84 105 163 193 206 262 263 
6 31 53 106 167 215 245 
10 27 72 83 91 148 174 191 215 220 233 
13 8 19 35 54 67 68 91 98 143 151 163 175 215 
10 4 17 49 61 71 161 216 221 269 270 
5 15 140 206 247 276 
14 3 11 16 32 37 73 116 130 134 205 225 228 241 271 
10 42 51 52 57 62 86 102 108 186 238 
8 5 26 61 82 141 144 160 275 
13 32 43 73 98 118 141 143 153 163 184 193 230 243 
4 6 39 157 182 
16 33 38 40 41 53 62 68 82 91 169 173 200 229 259 270 272 
8 91 99 106 123 155 194 199 277 
7 46 99 124 132 215 253 274 
11 50 54 57 82 190 210 212 241 245 258 276 
8 18 82 134 187 211 241 250 275 
3 91 110 208 
8 88 209 218 220 239 248 259 277 
9 46 86 88 132 155 208 232 241 278 
12 1 55 63 87 99 160 190 224 238 242 250 260 
11 2 14 17 49 55 90 102 126 181 253 265 
7 83 104 195 196 197 207 235 
7 115 123 183 185 198 232 236 
7 0 18 38 41 133 168 170 
9 4 11 107 135 148 188 211 235 270 
7 5 19 34 137 167 174 188 
11 2 66 92 109 110 119 122 159 196 211 237 
5 14 59 114 159 198 
7 35 60 95 106 125 184 238 
7 25 44 49 53 117 156 257 
9 31 43 105 108 131 140 213 258 262 
11 48 66 82 111 134 143 157 200 228 249 260 
9 6 34 54 119 125 143 149 155 164 
10 8 19 23 81 107 112 134 151 235 264 
9 47 73 117 143 155 178 200 225 264 
3 1 205 266 
7 103 111 135 203 245 254 264 
11 2 22 24 52 73 77 79 135 248 267 271 
15 9 26 35 61 64 76 106 147 159 191 193 212 216 272 279 
15 2 29 45 89 95 117 122 126 147 157 170 193 196 248 250 
10 48 68 73 120 132 134 140 168 178 242 
13 29 37 45 46 54 60 98 143 215 218 227 258 274 
11 0 14 20 31 54 74 162 216 242 250 268 
5 35 45 139 220 263 
12 24 46 115 136 151 163 182 185 201 213 222 263 
12 22 32 52 75 87 130 144 171 189 211 262 271 
8 36 97 116 119 142 145 161 275 
11 13 31 49 59 88 90 149 200 208 209 212 
7 62 71 76 154 213 234 236 
7 3 21 92 167 203 250 261 
9 36 58 79 92 132 153 185 247 269 
12 32 47 67 91 130 158 177 195 208 230 264 270 
13 17 18 41 99 100 117 118 119 142 151 174 185 252 
12 20 31 92 129 154 157 162 185 192 193 199 244 
5 114 127 211 231 233 
13 48 60 64 81 97 120 126 142 145 153 154 225 261 
17 11 21 25 45 63 72 74 101 144 186 187 209 213 233 236 243 264 
8 17 30 59 79 133 145 183 279 
11 56 103 106 114 129 159 171 179 186 190 246 
14 8 9 59 65 76 87 102 140 142 146 153 207 214 271 
13 13 57 67 68 75 76 89 122 125 139 169 230 268 
9 52 112 140 148 149 192 263 266 278 
11 0 2 27 65 94 105 114 130 137 267 277 
5 22 74 110 125 223 
10 55 105 112 123 154 156 208 224 235 260 
14 11 40 62 79 80 82 85 125 168 176 189 190 205 211 
11 31 41 60 92 128 162 213 225 258 265 271 
7 50 84 107 143 243 249 275 
5 3 163 194 224 239 
14 21 36 46 47 100 107 116 137 140 162 194 237 238 255 
13 6 29 44 49 129 132 134 227 228 230 245 250 268 
11 2 94 101 106 108 157 167 192 214 260 270 
11 9 46 54 66 96 97 114 140 161 229 255 
12 15 20 50 55 94 131 136 164 191 231 256 272 
10 0 7 26 73 144 163 236 254 264 269 
12 0 6 59 87 104 111 131 174 193 198 244 268 
15 16 17 27 38 53 65 102 149 179 198 205 218 245 265 273 
13 8 36 64 69 76 97 115 167 200 231 239 253 260 
13 19 59 80 92 126 134 140 160 162 179 205 232 267 
10 44 58 64 67 82 84 86 142 146 270 
12 22 25 29 39 51 55 74 96 135 167 207 235 
17 0 16 22 25 30 35 38 45 46 106 111 163 165 202 209 240 261 
9 8 10 24 67 76 99 155 199 208 
13 30 43 45 48 65 87 138 153 157 181 206 211 256 
13 10 39 57 63 69 73 82 106 108 119 175 212 255 
8 33 41 88 118 146 185 232 251 
280 1399
12 31 40 47 66 97 117 141 160 163 165 225 246 
14 9 30 32 43 82 106 151 157 167 183 195 204 252 271 
5 11 53 107 181 192 
9 29 33 46 69 73 75 190 207 210 
9 21 86 104 114 117 135 180 195 221 
11 29 32 40 49 90 105 144 178 221 264 271 
13 11 15 31 41 47 94 114 159 178 219 245 256 258 
7 82 92 160 188 198 207 273 
6 40 61 109 116 130 213 
14 1 79 82 102 130 139 146 149 155 163 194 225 238 279 
12 11 30 56 57 78 80 154 157 159 180 213 224 
15 2 6 10 13 17 27 79 94 111 124 129 146 151 197 213 
8 89 111 114 139 174 202 207 226 
10 11 31 55 91 100 109 146 151 180 277 
15 89 130 163 167 187 188 194 199 204 208 216 225 258 271 272 
16 6 45 71 73 82 87 112 154 155 157 165 173 178 203 210 211 
13 43 44 45 47 54 88 105 109 141 240 256 274 275 
13 11 49 63 76 82 92 130 193 196 216 247 274 276 
11 23 46 54 56 101 127 143 153 212 244 255 
13 45 46 54 80 87 112 156 167 170 178 222 243 279 
6 31 36 68 122 176 227 
3 4 126 185 
7 72 100 197 246 260 261 270 
7 18 38 49 109 134 149 212 
7 35 88 106 132 141 150 247 
8 38 52 96 108 129 159 178 258 
5 89 107 108 229 257 
9 11 52 81 100 105 123 126 184 232 
4 29 60 123 155 
13 3 5 28 87 117 130 140 170 189 201 212 265 279 
11 1 10 36 43 65 78 194 217 229 234 240 
13 0 6 13 20 32 50 68 165 192 208 209 233 255 
14 1 5 31 36 58 59 99 160 174 195 198 210 218 269 
10 3 57 76 105 159 188 191 220 240 264 
3 41 48 132 
12 24 49 51 53 70 77 95 126 175 186 249 253 
13 20 30 32 98 121 135 144 146 156 172 211 236 273 
12 42 46 56 77 121 123 127 140 150 185 239 269 
10 23 25 64 71 82 88 174 193 203 235 
16 47 48 52 64 66 79 106 125 140 172 187 188 196 252 254 275 
9 0 5 8 86 94 102 120 235 262 
15 6 34 51 57 70 104 183 187 194 197 209 215 231 238 270 
11 37 53 56 92 114 125 146 178 210 223 267 
14 1 16 30 47 65 119 144 187 190 216 244 247 266 268 
10 16 54 97 100 105 127 142 149 203 238 
13 15 16 19 79 108 112 113 149 167 186 187 200 235 
14 3 18 19 37 54 55 60 96 112 138 150 158 217 244 
11 0 6 16 39 43 51 87 93 160 172 247 
11 34 39 139 152 157 171 175 180 194 232 266 
9 5 17 23 35 73 150 165 204 229 
10 31 53 77 102 114 130 131 153 198 234 
8 35 41 47 130 131 135 202 277 
12 25 27 39 87 92 104 161 167 170 187 191 267 
10 2 35 42 50 63 122 183 225 230 251 
14 16 18 19 44 46 84 95 137 159 201 204 208 242 264 
5 13 46 73 153 154 
10 10 18 37 42 75 125 142 152 181 243 
11 10 33 41 78 85 119 147 161 172 205 244 
6 32 67 89 172 177 257 
7 32 111 174 182 195 227 252 
8 28 46 84 92 97 238 251 260 
10 8 92 103 112 154 206 207 254 259 264 
7 139 145 175 201 209 223 276 
11 17 53 88 109 124 146 174 188 198 202 267 
8 38 39 67 84 106 235 273 277 
10 30 43 79 179 194 213 232 234 255 279 
13 0 39 94 123 159 172 186 193 201 255 257 258 262 
8 58 64 89 113 215 232 256 274 
10 20 31 102 132 148 156 157 166 250 253 
9 3 93 97 99 196 234 244 252 268 
9 35 41 102 117 123 136 212 224 234 
7 15 38 92 127 161 208 275 
7 22 91 114 118 126 150 198 
16 3 15 49 55 93 103 113 132 158 174 225 239 264 270 271 277 
10 93 113 143 150 160 170 188 190 218 227 
7 3 56 164 196 224 264 266 
7 17 33 122 128 133 174 199 
12 35 37 50 85 87 91 101 151 157 176 177 235 
9 10 30 57 94 115 138 151 183 275 
15 9 11 39 45 65 98 122 155 160 195 199 214 220 236 249 
10 10 19 87 176 178 220 222 232 261 266 
6 27 106 164 196 252 278 
11 1 7 9 15 17 38 150 151 172 202 258 
4 137 188 217 240 
7 54 60 64 110 113 164 243 
10 57 77 98 180 196 199 229 235 241 274 
10 4 40 113 125 183 186 197 199 230 272 
11 15 19 29 47 52 77 80 164 175 190 258 
11 16 24 38 63 141 155 161 179 229 252 272 
10 12 14 26 58 67 131 133 223 225 278 
12 5 99 136 138 160 163 169 175 177 178 227 228 
9 13 72 77 92 112 133 152 182 209 
13 7 17 42 52 60 61 71 91 109 127 221 225 236 
10 47 69 73 74 145 154 203 226 236 250 
12 6 11 40 66 78 130 149 158 200 224 244 251 
7 35 54 131 142 146 176 186 
9 25 46 112 163 203 214 226 254 256 
7 0 44 60 69 114 201 217 
9 36 79 85 134 163 183 202 239 244 
5 32 69 90 121 250 
13 13 22 27 44 126 150 156 164 172 175 204 232 268 
10 18 77 109 112 120 148 151 230 243 254 
15 9 40 50 68 70 110 131 139 161 222 235 237 255 257 277 
9 61 73 171 183 184 192 212 266 267 
13 4 41 52 125 129 136 152 167 191 199 232 254 274 
13 5 16 27 33 44 110 114 133 135 151 194 240 247 
13 1 24 39 64 81 108 110 117 139 151 213 233 234 
7 2 26 125 221 226 235 255 
13 25 26 45 106 118 131 147 148 191 198 205 206 266 
11 8 13 16 23 63 92 101 131 197 220 244 
10 84 102 105 106 121 131 144 222 224 274 
7 11 12 59 155 161 193 196 
17 15 19 45 46 61 91 96 101 125 141 162 165 176 198 206 226 256 
15 45 67 73 74 84 86 116 146 171 202 213 223 257 267 276 
18 4 6 12 42 50 72 97 105 141 149 171 184 205 210 256 269 272 274 
13 78 126 128 139 140 145 150 151 157 195 222 257 271 
7 8 113 152 177 190 198 224 
14 0 4 29 70 106 143 149 165 189 199 232 244 254 270 
7 72 108 143 167 184 220 278 
7 43 57 195 211 215 233 248 
7 40 101 133 154 166 170 243 
9 36 37 99 110 157 217 248 270 277 
10 20 53 76 79 126 151 172 201 269 277 
10 27 28 37 66 70 183 195 201 219 268 
10 11 63 149 154 181 184 215 249 255 258 
14 39 42 56 86 104 107 112 127 169 186 189 193 215 259 
12 21 27 35 72 100 115 122 134 143 191 228 230 
9 18 37 44 71 92 125 164 173 270 
5 76 115 132 143 170 
5 11 25 104 239 274 
14 8 9 14 17 29 50 51 94 161 180 184 187 202 277 
12 50 51 89 95 102 108 109 110 146 210 240 260 
10 24 34 68 73 128 145 149 154 232 243 
12 76 89 91 105 120 146 153 156 172 232 249 266 
9 23 98 126 167 190 211 236 258 261 
7 4 36 51 105 194 224 228 
6 70 90 104 187 265 267 
7 54 83 160 172 180 211 277 
8 46 78 90 148 151 211 225 251 
14 9 12 48 62 102 106 115 182 185 189 195 224 225 254 
9 29 37 39 115 163 172 190 223 260 
10 0 16 24 88 112 114 144 177 184 215 
9 44 56 95 158 160 163 208 244 260 
11 18 74 117 118 126 128 165 181 234 243 277 
10 5 36 43 110 141 181 215 220 247 254 
4 62 93 115 132 
14 9 11 13 36 42 63 95 113 131 133 178 213 217 238 
8 57 108 179 189 225 233 242 267 
13 68 101 108 138 152 188 194 200 224 235 243 256 270 
11 9 23 44 45 94 114 117 124 132 208 270 
15 24 37 46 49 72 74 82 100 115 171 226 235 256 277 279 
17 1 11 13 77 78 82 101 105 106 115 122 138 211 222 253 275 279 
9 48 56 91 104 116 148 162 227 238 
8 18 50 55 133 159 224 253 272 
11 10 15 55 61 93 120 124 132 192 197 257 
10 9 15 28 79 88 111 165 172 187 278 
10 19 36 68 100 133 201 208 246 270 279 
12 1 10 15 48 68 77 115 121 163 221 229 252 
9 46 73 94 142 167 168 194 242 247 
10 6 10 25 33 54 66 153 173 185 257 
13 0 7 32 47 74 79 90 137 142 164 179 184 205 
7 52 57 71 88 102 111 130 
5 112 152 178 195 209 
13 0 9 14 90 96 98 140 142 157 173 259 266 276 
9 75 81 84 87 100 127 160 203 239 
9 0 15 31 49 112 117 143 155 249 
15 68 120 167 176 182 185 200 215 229 232 233 235 254 258 263 
13 1 14 19 45 52 104 118 134 158 166 212 221 250 
8 158 171 174 185 188 212 228 242 
5 90 125 170 181 203 
16 19 29 52 74 120 128 169 173 179 200 224 229 239 252 259 269 
9 48 103 113 114 150 168 227 254 266 
20 36 39 47 57 58 66 82 100 122 133 137 140 155 189 214 231 247 259 270 272 
8 15 127 159 163 170 190 242 254 
13 12 32 38 59 63 73 76 168 175 191 206 232 279 
10 35 48 62 87 90 100 174 176 193 203 
9 20 77 80 95 112 166 175 193 248 
7 58 77 90 116 141 182 222 
12 5 6 15 19 25 42 80 90 146 162 210 245 
8 65 88 147 160 170 200 207 276 
10 4 10 13 48 85 130 137 186 193 203 
11 2 56 124 143 144 169 186 189 190 214 228 
11 59 91 139 166 177 185 187 189 202 214 252 
12 1 41 53 78 86 98 103 123 199 217 230 272 
12 27 103 114 118 124 130 141 160 189 214 257 262 
10 21 37 139 159 166 168 182 214 272 279 
12 35 45 66 86 95 125 180 181 195 245 255 269 
16 14 39 41 43 45 52 130 136 155 182 199 215 231 241 252 262 
10 7 14 33 39 63 74 83 148 168 243 
13 29 117 125 139 147 172 181 182 184 205 210 215 252 
13 3 43 74 87 116 134 140 173 181 198 205 234 238 
10 33 52 104 108 126 174 219 233 254 264 
8 2 31 103 154 204 234 252 275 
10 17 38 66 111 125 175 176 180 217 255 
12 9 14 30 41 48 65 105 135 148 158 196 261 
13 1 4 32 59 79 115 119 123 139 162 186 231 276 
10 17 39 69 75 81 85 111 194 227 257 
10 11 22 41 86 109 154 246 253 256 271 
14 7 32 50 63 72 108 112 116 190 202 208 238 249 272 
11 14 76 79 85 86 104 117 183 187 205 261 
9 45 94 148 166 170 179 244 245 252 
10 29 54 62 66 97 122 123 156 220 277 
10 12 51 63 82 98 113 130 182 198 226 
12 15 38 44 93 96 164 169 175 180 230 237 243 
9 1 14 49 54 100 192 228 256 278 
9 57 108 114 160 189 190 199 207 226 
7 61 108 112 174 215 249 266 
8 3 7 12 61 179 205 244 277 
10 14 31 54 71 142 149 156 198 251 255 
8 31 41 62 91 162 217 227 276 
9 3 15 32 42 114 131 178 189 243 
7 15 36 119 134 137 138 151 
10 18 23 29 70 103 167 168 227 240 259 
9 8 10 11 65 106 113 146 253 256 
8 79 96 172 181 182 184 185 234 
14 41 67 119 124 125 141 144 166 187 189 206 224 257 270 
4 14 17 43 277 
10 30 46 83 97 121 146 183 193 209 248 
3 32 74 221 
4 6 123 191 240 
8 33 79 80 109 118 144 201 269 
11 4 5 92 107 157 167 218 257 263 276 279 
11 19 80 102 110 115 151 177 223 229 232 245 
7 42 62 89 113 140 222 242 
13 10 70 75 94 110 116 135 139 148 153 170 215 262 
11 0 9 14 53 73 89 92 138 139 147 249 
11 12 93 96 107 112 150 202 205 230 232 241 
12 20 59 74 90 152 171 196 209 212 237 247 259 
8 90 126 135 168 181 204 238 269 
11 26 30 49 85 88 157 166 170 222 231 249 
7 53 86 101 126 183 203 226 
8 41 172 187 195 229 252 256 273 
16 27 48 65 67 80 100 104 117 132 133 166 174 222 226 259 270 
9 31 106 119 147 166 191 264 277 279 
12 30 50 65 69 70 106 143 190 192 214 248 263 
13 38 40 45 64 77 85 102 107 148 150 166 242 246 
8 36 79 92 93 134 245 265 267 
4 102 203 227 246 
11 9 41 44 60 146 152 190 198 228 257 270 
7 37 73 98 129 164 170 276 
9 16 30 33 83 105 131 212 219 259 
3 85 187 226 
9 54 147 158 168 173 223 235 262 279 
11 19 56 84 101 120 132 143 148 188 203 210 
12 18 43 46 57 69 94 98 109 117 142 200 207 
7 6 178 186 200 222 236 260 
7 0 22 156 197 235 237 268 
9 17 24 43 47 105 144 158 172 227 
5 119 121 176 217 234 
11 35 79 124 133 165 198 206 225 229 258 272 
7 68 93 99 167 271 272 278 
5 53 60 94 138 208 
14 1 39 59 69 81 88 157 170 182 187 189 192 200 231 
6 35 68 151 153 197 213 
13 39 61 96 101 104 117 139 144 166 171 173 191 276 
11 18 31 65 66 102 107 124 186 193 208 271 
16 6 16 67 96 112 114 148 150 197 204 213 231 263 273 276 278 
13 26 58 66 102 113 115 154 159 184 196 215 221 238 
11 6 14 25 66 82 87 124 134 166 249 276 
9 61 125 163 170 172 212 227 232 240 
6 22 60 131 140 142 245 
6 22 80 134 194 199 276 
7 40 66 184 187 224 242 265 
6 166 221 234 256 269 274 
8 5 33 54 61 73 75 191 233 
5 29 136 236 262 272 
11 43 48 75 80 103 108 133 163 171 206 275 
8 42 52 63 103 113 136 147 236 
5 43 69 100 123 246 
10 32 37 114 122 170 186 220 228 263 272 
13 22 41 73 117 121 127 148 149 156 172 215 232 238 
8 1 5 14 73 115 197 250 255 
13 14 86 88 114 153 172 183 185 198 249 250 265 269 
5 7 36 64 231 256 
9 16 17 67 85 104 110 114 129 263 
8 16 39 71 78 151 192 266 277 
14 17 62 113 163 179 195 209 221 239 254 256 258 261 277 
17 13 51 64 73 102 121 122 130 137 143 150 201 207 216 233 275 276 
7 81 89 118 155 204 250 256 
12 9 19 29 65 150 151 156 174 185 221 233 242 
