20 97
11 1 2 4 5 7 8 9 14 15 16 18 
11 0 3 4 5 7 9 11 12 13 14 17 
12 0 3 4 6 7 8 10 12 13 14 16 19 
10 1 2 4 5 7 12 13 16 17 18 
10 0 1 2 3 5 6 9 10 12 17 
6 0 1 3 4 18 19 
6 2 4 9 10 12 14 
10 0 1 2 3 10 11 12 13 14 15 
10 0 2 9 11 12 13 14 16 18 19 
11 0 1 4 6 8 12 14 15 16 17 19 
8 2 4 6 7 12 15 16 19 
10 1 7 8 12 13 14 15 16 17 19 
15 1 2 3 4 6 7 8 9 10 11 13 14 15 16 17 
11 1 2 3 7 8 11 12 14 15 17 18 
11 0 1 2 6 7 8 9 11 12 13 16 
8 0 7 9 10 11 12 13 16 
12 0 2 3 8 9 10 11 12 14 15 18 19 
7 1 3 4 9 11 12 13 
7 0 3 5 8 13 16 19 
8 2 5 8 9 10 11 16 18 
20 97
6 2 5 6 8 14 17 
10 2 3 7 11 13 14 16 17 18 19 
10 0 1 3 5 7 8 12 14 17 18 
6 1 2 4 12 18 19 
8 3 5 8 10 13 15 17 19 
11 0 2 4 6 7 9 12 13 14 15 18 
11 0 5 10 11 12 13 14 15 16 17 18 
7 1 2 5 10 14 16 18 
8 0 2 4 9 11 13 14 17 
8 5 8 10 11 12 13 14 16 
10 4 6 7 9 11 13 14 15 16 18 
10 1 6 8 9 10 12 14 16 17 18 
11 2 3 5 6 9 11 13 15 17 18 19 
12 1 4 5 6 8 9 10 12 14 15 17 19 
15 0 1 2 5 6 7 8 9 10 11 13 15 16 17 18 
10 4 5 6 10 12 13 14 16 17 19 
11 1 6 7 9 10 11 14 15 17 18 19 
12 0 1 2 4 6 8 11 12 13 14 15 16 
11 1 2 3 5 6 7 10 11 12 14 16 
7 1 3 4 12 13 15 16 
