310 1574
15 57 75 87 138 150 152 158 159 160 236 256 268 269 285 292 
9 20 23 103 130 147 154 183 199 266 
11 8 60 86 154 160 171 173 205 231 246 284 
6 43 110 153 172 270 309 
8 28 60 78 98 172 255 259 266 
11 6 10 18 42 52 69 155 157 167 207 257 
10 5 24 46 84 102 153 187 224 226 263 
9 58 152 161 196 219 220 254 258 288 
14 2 13 31 36 68 92 131 141 176 191 214 262 283 296 
14 32 38 52 53 90 94 102 163 178 275 277 294 295 299 
10 5 69 112 121 126 158 218 227 301 309 
5 60 227 239 263 296 
7 83 147 160 203 211 279 296 
13 8 43 63 65 89 96 111 179 196 213 245 265 292 
6 20 26 43 111 224 307 
9 83 88 96 110 123 132 233 273 289 
8 28 52 108 135 194 252 260 289 
9 76 100 121 143 186 208 230 238 283 
8 5 59 83 97 136 226 246 304 
7 25 101 134 190 197 210 262 
10 1 14 52 96 172 189 190 219 271 303 
6 72 77 196 260 275 302 
9 36 82 89 127 231 232 241 248 270 
11 1 42 69 93 94 130 132 172 179 274 304 
8 6 55 74 113 168 235 295 309 
11 19 97 102 108 133 188 190 193 197 200 297 
9 14 27 58 93 155 208 237 247 261 
9 26 33 48 84 126 191 215 217 242 
11 4 16 29 79 102 131 143 148 154 167 284 
7 28 61 77 113 119 195 274 
8 46 120 161 172 214 223 241 265 
12 8 34 88 99 118 140 144 240 249 274 284 289 
8 9 50 62 146 207 262 281 289 
8 27 67 166 173 184 219 275 295 
16 31 37 39 61 67 70 78 108 155 167 220 225 231 234 249 283 
8 72 120 190 194 246 296 298 303 
7 8 22 87 141 202 245 299 
15 34 40 53 65 94 108 127 129 154 207 224 242 244 277 286 
3 9 253 274 
8 34 108 148 187 238 279 288 299 
10 37 154 173 213 215 217 255 257 277 287 
14 46 93 105 123 133 152 157 180 183 208 211 220 263 266 
10 5 23 89 93 138 155 173 235 290 291 
15 3 13 14 50 56 100 109 124 152 203 204 214 248 298 303 
9 54 63 81 104 172 174 181 191 277 
5 66 72 136 234 307 
10 6 30 41 59 117 140 198 228 236 252 
8 58 87 136 166 184 231 247 296 
13 27 55 81 133 151 160 161 191 221 224 260 276 280 
9 67 77 102 103 147 156 163 176 265 
11 32 43 105 137 149 154 198 233 236 276 283 
7 71 101 105 147 148 150 200 
16 5 9 16 20 54 68 98 125 145 193 222 242 252 254 270 305 
8 9 37 76 115 199 213 224 253 
8 44 52 75 125 129 159 223 243 
12 24 48 91 95 132 149 173 202 215 243 246 280 
8 43 66 103 131 134 193 223 300 
9 0 65 89 108 111 128 137 300 307 
10 7 26 47 104 110 172 212 217 258 284 
14 18 46 92 102 151 199 208 227 230 238 244 255 256 273 
11 2 4 11 75 80 150 170 218 275 277 309 
8 29 34 149 163 206 234 237 261 
6 32 191 201 207 246 290 
7 13 44 147 148 156 205 259 
9 99 142 170 173 198 201 238 248 290 
11 13 37 57 90 118 121 167 181 188 205 226 
5 45 56 67 74 146 
14 33 34 49 66 85 95 107 124 129 167 180 209 219 286 
5 8 52 104 115 142 
17 5 10 23 72 95 103 118 139 150 206 219 226 234 263 282 290 299 
8 34 80 194 207 237 249 264 282 
14 51 122 144 186 207 218 235 236 256 269 294 297 300 301 
13 21 35 45 69 80 114 128 133 149 203 211 247 266 
3 204 271 283 
6 24 66 113 146 228 297 
10 0 54 60 84 111 140 201 247 252 259 
11 17 53 100 126 140 156 164 197 198 289 290 
11 21 29 49 87 125 130 152 186 193 269 290 
6 4 34 134 150 208 235 
12 28 85 109 149 157 158 162 197 240 251 279 296 
14 60 70 72 83 91 130 153 154 157 170 182 203 215 225 
9 44 48 158 196 212 218 222 235 309 
6 22 91 93 232 243 305 
10 12 15 18 80 94 158 233 241 281 282 
12 6 27 75 173 190 195 243 267 270 291 302 308 
8 67 79 116 201 267 268 274 307 
5 2 114 121 130 280 
15 0 36 47 77 90 115 116 131 223 238 271 282 286 289 293 
10 15 31 97 120 130 143 182 237 280 296 
8 13 22 42 57 115 137 175 275 
12 9 65 87 110 132 179 185 209 239 271 273 305 
18 55 80 82 93 115 118 165 192 202 222 235 245 248 273 276 279 304 307 
13 8 59 108 143 152 186 188 205 234 256 267 275 297 
12 23 26 41 42 82 91 104 145 158 175 200 270 
9 9 23 37 83 142 182 214 224 261 
8 55 67 69 183 188 227 233 277 
9 13 15 20 139 167 170 206 251 260 
10 18 25 88 191 195 252 279 283 287 297 
9 4 52 112 127 133 200 255 280 284 
10 31 64 111 112 121 126 137 245 276 287 
11 17 43 76 113 118 123 136 177 218 254 297 
10 19 51 122 143 223 229 243 249 281 286 
10 6 9 25 28 49 59 114 189 204 241 
9 1 49 56 69 197 211 251 254 284 
7 44 58 68 93 113 180 231 
8 41 50 51 138 145 248 256 265 
12 139 143 171 174 176 200 228 242 243 254 284 303 
6 67 117 140 205 268 300 
13 16 25 34 37 39 57 92 135 156 270 273 274 308 
10 43 79 167 172 184 214 216 255 269 308 
10 3 15 58 90 115 126 211 242 285 287 
16 13 14 57 75 99 115 124 128 152 174 179 201 211 231 256 300 
11 10 98 99 133 167 209 229 235 261 286 288 
13 24 29 74 100 104 137 145 163 227 239 240 283 305 
9 72 86 102 128 129 195 224 238 250 
12 53 68 87 89 91 110 111 124 161 168 226 236 
8 85 87 130 230 247 280 294 296 
15 46 107 121 139 164 174 193 195 203 206 212 220 226 280 281 
10 31 65 69 91 100 264 270 273 277 297 
13 29 143 167 173 195 196 198 205 231 252 280 283 307 
8 30 35 88 155 166 184 290 299 
14 10 17 65 86 99 117 151 163 169 188 248 268 274 275 
9 71 101 133 172 173 228 242 267 289 
13 15 41 100 140 169 173 199 205 241 256 270 285 304 
7 43 67 111 115 150 251 284 
6 52 54 77 130 141 185 
13 10 27 76 99 110 129 139 149 176 217 222 226 264 
13 22 37 98 158 163 165 174 216 217 246 252 266 268 
10 57 72 111 114 135 143 168 205 240 308 
13 37 54 67 114 126 149 157 171 189 201 218 238 290 
15 1 23 77 80 86 88 116 125 163 206 207 218 238 288 307 
8 8 28 56 87 140 215 243 285 
16 15 23 55 90 134 164 171 221 232 245 248 257 267 291 295 304 
14 25 41 48 72 98 112 122 163 187 200 225 231 266 307 
8 19 56 78 132 161 254 272 281 
10 16 108 128 209 214 225 249 273 295 301 
11 18 45 47 100 141 146 185 202 227 261 283 
11 50 57 89 99 113 160 188 191 192 232 248 
6 0 42 105 191 204 233 
8 69 96 106 117 126 176 200 296 
12 31 46 75 76 107 123 131 150 177 200 216 232 
7 8 36 125 136 145 229 261 
7 64 68 94 150 234 240 286 
9 17 28 88 92 101 106 119 128 210 
7 31 71 160 186 249 273 307 
8 52 93 105 113 141 187 217 252 
12 32 66 74 136 155 220 243 265 271 273 274 306 
10 1 12 49 51 63 159 208 210 259 300 
7 28 39 51 63 198 199 309 
13 50 55 61 72 79 126 129 169 207 212 251 258 283 
15 0 51 60 69 78 124 140 142 160 195 262 270 280 295 304 
10 48 59 121 175 176 190 212 234 290 291 
12 0 7 41 43 77 92 111 170 200 253 258 271 
6 3 6 80 179 261 266 
16 1 2 28 37 40 50 80 159 160 176 217 246 254 274 277 290 
7 5 26 34 42 120 146 166 
6 49 63 76 108 203 216 
9 5 41 79 80 129 199 229 240 242 
14 0 10 79 81 83 93 127 169 179 238 247 276 280 293 
8 0 54 147 154 161 166 196 230 
18 0 2 12 48 137 144 150 154 161 163 182 191 202 220 242 251 288 300 
14 7 30 48 115 134 159 160 166 170 178 188 246 258 292 
3 79 205 209 
12 9 49 61 113 121 127 130 133 160 185 220 306 
4 76 117 132 277 
7 91 127 208 264 268 288 309 
9 33 47 120 155 159 161 177 257 286 
14 5 28 34 65 67 96 109 112 119 195 247 275 284 294 
8 24 115 128 185 204 208 263 278 
10 121 123 149 158 177 237 253 264 272 290 
10 60 64 80 96 152 161 188 229 268 277 
7 2 106 129 132 182 268 279 
12 3 4 20 23 30 44 58 109 122 214 220 235 
13 2 33 40 42 55 64 84 119 122 123 201 233 276 
13 44 106 111 117 127 186 208 227 230 242 254 264 290 
6 89 93 151 228 269 285 
11 8 49 106 126 139 151 154 179 187 210 297 
9 100 140 166 169 205 229 240 273 287 
9 9 161 182 188 206 207 229 266 268 
12 13 23 90 111 153 158 176 187 193 251 267 275 
8 41 67 104 181 185 208 212 242 
8 44 65 180 203 219 258 281 300 
14 80 88 94 160 171 178 201 204 209 212 213 227 233 245 
8 1 41 95 192 209 228 257 280 
6 33 47 109 120 231 286 
9 90 125 136 163 168 180 198 242 248 
9 17 71 77 92 144 174 188 277 292 
10 6 39 133 145 176 179 220 221 233 278 
13 25 65 92 95 121 137 161 170 178 186 234 246 248 
5 20 102 129 230 256 
9 19 20 25 35 84 151 197 222 281 
12 8 27 44 48 62 97 137 138 160 205 245 283 
5 91 137 183 224 290 
10 25 52 56 77 117 179 209 219 252 299 
6 16 35 70 196 259 301 
13 29 84 97 114 117 119 150 167 243 256 271 296 308 
11 7 13 21 81 119 159 194 205 206 241 263 
11 19 25 76 79 103 190 211 225 244 290 305 
10 46 50 64 76 119 148 185 203 232 243 
11 1 53 59 123 148 157 215 230 257 259 295 
13 25 51 93 98 106 133 139 140 152 245 265 269 301 
11 62 64 75 85 111 129 173 182 206 293 298 
8 36 55 91 136 160 241 259 297 
13 12 43 72 80 117 156 181 198 204 230 238 256 282 
10 43 73 102 138 168 182 203 213 266 293 
14 2 63 65 92 107 119 123 128 162 177 191 196 298 304 
12 61 69 96 117 130 178 196 201 246 262 281 295 
12 5 32 37 62 70 71 130 149 178 215 221 260 
13 17 26 41 59 78 147 165 168 174 180 249 263 305 
11 67 90 112 135 162 182 183 193 246 259 268 
13 19 143 147 176 226 227 235 247 275 278 281 285 290 
12 12 41 72 103 110 111 197 215 253 255 292 301 
11 58 81 117 149 151 180 182 245 275 285 305 
13 13 40 53 182 204 214 224 252 253 270 271 287 288 
13 8 30 43 94 109 135 172 213 222 224 226 290 297 
12 27 40 55 80 131 199 207 211 229 261 266 289 
10 109 127 140 156 228 229 234 248 253 282 
8 27 40 58 126 127 145 154 304 
8 10 60 71 81 100 129 130 293 
11 7 20 33 67 69 181 193 227 244 250 291 
14 7 34 41 117 146 160 163 172 187 270 279 298 300 301 
7 48 132 187 207 237 273 299 
9 52 81 91 126 190 214 235 241 274 
6 30 54 56 87 101 261 
14 6 14 37 48 53 94 114 192 213 214 268 273 293 307 
8 34 80 133 135 197 231 232 237 
10 6 18 65 69 115 117 126 210 214 281 
11 10 11 59 95 113 136 174 182 210 219 293 
12 46 74 106 122 175 183 216 255 272 287 288 291 
13 101 112 141 157 170 177 178 215 216 248 269 292 304 
12 17 59 116 159 174 189 199 203 246 263 276 296 
12 2 22 34 47 104 111 119 133 184 225 260 287 
9 22 82 132 137 140 198 225 276 278 
10 15 50 83 95 138 173 182 187 247 253 
12 34 45 61 69 92 142 151 188 216 243 264 306 
12 24 42 71 78 81 91 112 172 210 222 254 264 
8 0 46 50 71 115 239 275 280 
8 26 61 70 88 169 221 225 294 
14 17 39 59 64 87 114 129 130 158 203 256 259 278 296 
11 11 90 113 236 248 252 271 276 279 285 297 
9 31 79 113 128 142 157 177 253 262 
12 22 30 83 102 123 196 202 222 271 276 288 293 
13 27 37 52 106 110 122 157 160 174 180 185 255 302 
15 54 55 82 84 101 106 131 146 195 198 234 258 285 286 289 
5 37 59 197 219 254 
11 13 36 91 99 132 182 191 200 212 264 281 
14 2 18 35 55 62 127 154 161 188 206 209 230 247 257 
11 26 47 72 75 116 158 167 210 233 246 300 
16 22 43 64 91 105 121 132 137 185 188 216 229 239 269 293 306 
8 31 34 70 101 135 144 208 276 
5 114 219 262 270 290 
7 79 96 103 124 149 160 179 
11 16 46 52 75 97 119 127 145 193 213 239 
9 38 53 152 169 211 213 216 233 240 
12 7 52 100 103 106 134 154 174 235 244 264 269 
14 4 40 59 98 109 211 228 242 260 264 290 298 301 307 
12 0 59 71 92 105 111 123 189 195 203 238 308 
10 5 40 132 166 183 199 246 267 295 302 
8 7 58 149 152 161 181 243 267 
11 4 63 75 147 194 199 202 209 238 264 286 
7 16 21 48 96 207 231 255 
11 26 61 94 112 136 141 153 215 223 292 297 
9 8 19 32 150 206 240 250 273 280 
11 6 11 41 69 168 196 208 230 270 271 291 
15 70 118 126 165 169 174 234 235 245 254 255 259 275 277 293 
8 13 30 49 105 146 200 271 309 
11 1 4 41 72 127 133 153 178 204 215 281 
8 84 85 92 122 132 179 257 258 
13 0 85 107 121 127 165 170 171 178 209 224 270 307 
11 0 71 77 109 175 200 229 248 254 291 304 
14 3 22 52 84 93 108 118 123 150 213 220 250 263 268 
12 20 73 87 90 146 152 195 213 239 241 263 265 
4 134 169 228 300 
14 15 59 90 91 108 118 135 144 146 177 221 224 262 302 
11 23 29 31 38 85 108 121 146 154 222 276 
13 9 21 33 60 89 92 121 167 179 210 212 236 264 
13 48 50 91 99 158 173 230 232 239 241 249 274 309 
13 9 37 40 44 60 95 118 154 164 170 186 264 281 
7 168 187 210 232 238 291 292 
8 12 39 79 91 97 171 220 239 
15 48 55 86 88 98 116 117 119 150 158 183 236 262 284 288 
14 32 83 101 117 134 181 190 206 210 226 245 266 277 296 
6 69 70 83 87 203 216 
11 8 17 34 50 73 97 113 119 136 149 191 
10 2 28 31 58 98 103 106 124 167 280 
12 0 110 123 131 175 210 212 239 243 290 297 309 
11 37 67 87 101 112 142 166 184 243 259 305 
9 40 97 99 110 177 213 228 231 291 
10 7 39 112 130 160 165 213 228 241 280 
9 15 16 31 32 76 87 122 215 243 
21 42 62 64 69 76 77 120 129 151 154 169 174 192 197 210 214 250 255 285 297 303 
11 42 84 132 151 219 228 263 269 278 287 303 
8 0 13 161 186 211 229 261 278 
10 87 158 201 204 218 224 227 241 248 264 
5 9 71 116 167 237 
10 9 24 33 132 135 150 199 206 257 297 
13 8 11 12 35 47 79 88 116 139 195 230 238 281 
16 25 71 74 92 97 100 118 176 202 214 239 261 285 290 295 299 
6 35 43 201 205 220 255 
8 9 36 39 69 120 193 221 297 
11 56 57 71 107 111 147 160 181 220 247 272 
8 10 71 135 194 200 211 220 255 
6 21 84 242 257 273 307 
6 20 35 43 106 290 291 
10 18 23 91 123 132 150 205 217 229 269 
8 52 82 90 113 197 208 212 286 
4 146 163 234 248 
13 14 45 57 85 91 119 130 133 144 224 255 268 302 
7 84 108 109 128 195 256 309 
11 3 10 24 60 81 148 165 265 276 285 308 
310 1574
13 29 35 52 99 118 157 176 184 226 239 275 303 304 
4 93 112 166 178 
9 67 88 156 202 206 222 228 260 272 
9 11 68 71 80 113 124 234 244 294 
13 15 16 41 91 97 146 171 189 227 245 252 254 255 
13 24 30 70 81 86 97 108 155 193 209 257 267 287 
11 62 91 95 136 165 174 185 281 294 300 306 
11 39 66 95 102 160 180 218 237 241 244 248 
13 82 88 92 105 183 184 195 227 232 248 275 277 290 
11 23 58 70 127 165 184 191 218 259 264 306 
5 45 123 274 308 309 
10 3 34 37 56 109 111 140 152 228 240 
11 17 67 137 138 157 161 206 210 217 272 280 
11 75 113 179 189 194 203 239 259 271 280 284 
11 58 65 150 159 169 180 195 250 284 285 297 
8 4 41 45 120 144 160 186 218 
9 4 29 44 69 80 87 183 201 229 
11 12 19 115 157 159 174 189 194 263 271 274 
7 59 61 165 219 227 268 306 
12 17 28 29 59 159 192 215 221 251 272 274 306 
6 93 211 238 258 271 284 
12 41 81 95 108 125 145 150 181 236 280 286 302 
9 39 48 94 109 126 138 227 240 293 
12 9 42 60 90 145 186 214 228 235 252 267 303 
13 5 37 97 99 103 127 163 168 245 260 293 296 301 
12 35 75 93 101 120 150 151 225 232 245 257 275 
7 28 57 60 87 228 288 305 
5 98 105 109 155 272 
13 19 26 29 71 74 104 153 155 192 206 250 265 300 
9 0 16 19 28 99 120 244 261 307 
9 5 43 58 62 71 233 235 293 305 
8 78 100 119 123 153 163 281 297 
11 53 81 110 116 117 121 175 179 277 279 292 
6 102 139 167 168 214 266 
11 11 80 102 118 122 123 130 191 204 216 305 
8 0 25 49 89 102 150 196 275 
14 41 55 84 89 95 115 128 178 192 198 209 258 288 296 
14 11 24 58 62 64 71 104 116 122 132 138 183 221 267 
7 49 167 192 198 227 247 266 
10 7 22 69 72 84 101 123 145 169 196 
8 112 126 158 178 180 211 280 299 
14 4 15 21 36 91 106 109 130 201 203 210 247 250 293 
11 23 73 92 117 137 145 163 198 206 271 284 
13 30 51 73 81 113 130 134 149 168 188 199 230 307 
10 16 45 84 95 99 124 125 144 151 303 
7 10 15 44 59 114 201 271 
12 72 108 131 146 148 173 203 210 212 236 266 286 
7 151 160 236 280 289 292 308 
15 22 62 86 94 175 177 179 212 213 224 253 282 296 302 305 
13 35 38 64 82 117 124 132 173 177 212 213 220 274 
8 57 115 198 212 219 224 288 297 
8 43 71 88 108 165 208 229 247 
15 0 54 61 75 97 107 121 139 147 166 245 251 259 277 290 
11 32 92 97 118 148 172 206 219 238 242 300 
14 52 55 86 93 103 105 120 128 146 152 153 243 247 279 
6 36 54 64 207 280 306 
8 11 90 125 187 228 261 286 287 
8 26 50 68 102 170 180 235 284 
13 9 14 30 37 70 71 73 81 147 162 208 272 286 
9 18 19 45 84 121 218 245 295 300 
14 23 26 98 111 113 119 133 146 154 155 164 258 259 297 
11 18 52 110 142 212 227 234 240 267 279 281 
12 6 30 37 48 82 85 89 102 140 154 196 207 
9 83 96 155 173 212 226 241 282 285 
8 37 49 55 68 83 101 169 281 
11 14 66 105 126 169 195 220 222 239 247 252 
5 7 65 75 127 146 
10 2 12 76 106 174 186 219 225 239 266 
8 3 57 64 80 105 182 200 213 
6 16 39 86 155 236 280 
14 5 9 58 73 89 118 166 176 189 262 265 277 282 296 
14 3 28 30 37 51 58 81 95 112 125 192 200 294 308 
5 39 46 132 226 285 
16 42 43 58 70 76 98 107 134 168 186 205 210 228 260 272 280 
15 28 89 103 104 109 137 151 154 174 177 213 224 282 292 301 
12 13 25 52 66 95 112 123 126 134 138 245 290 
9 67 73 81 105 176 190 207 212 309 
9 94 127 155 167 229 233 235 278 309 
9 31 141 161 164 187 214 225 239 307 
5 87 131 177 191 235 
7 3 16 34 68 115 216 258 
10 5 21 32 43 58 71 76 121 175 196 
14 8 49 62 89 112 121 161 167 169 184 199 218 251 293 
13 63 64 96 102 157 175 183 185 247 249 250 266 293 
12 36 39 44 59 94 172 187 200 243 278 279 290 
8 62 87 115 147 157 229 296 298 
13 5 48 54 69 98 111 133 155 174 249 250 264 287 
8 16 26 79 85 139 166 213 222 
7 2 8 51 171 212 237 288 
15 35 36 62 70 74 82 106 144 173 180 184 193 245 266 291 
12 23 56 94 165 180 236 270 275 277 288 289 301 
11 4 6 41 102 117 132 145 171 204 209 237 
12 8 42 53 105 108 144 158 203 225 256 284 303 
12 1 20 25 54 106 109 168 187 197 224 237 256 
11 22 48 77 84 90 102 201 216 228 230 262 
9 6 7 21 36 44 71 75 125 224 
10 63 83 119 135 148 171 232 236 264 306 
7 4 5 24 52 53 98 224 
18 27 60 73 86 97 104 142 156 175 198 201 206 230 251 259 290 304 308 
8 0 24 29 44 138 152 230 246 
11 31 138 151 158 191 219 220 232 279 285 298 
6 25 39 64 105 237 280 
17 7 33 34 35 57 62 83 91 94 105 118 126 147 162 184 259 292 
9 24 54 74 123 150 151 188 250 279 
12 28 37 74 98 142 157 162 190 225 228 238 307 
21 8 27 54 65 68 76 92 101 102 138 166 216 221 226 239 241 245 265 278 284 302 
10 41 67 89 93 137 146 163 200 202 204 
10 52 73 136 155 179 207 214 248 273 301 
15 5 21 46 51 92 110 134 137 192 214 215 264 292 294 301 
8 11 22 27 41 74 93 162 267 
10 32 61 108 163 183 202 207 236 261 295 
6 11 60 86 120 185 261 
8 1 40 71 75 82 195 228 255 
9 3 13 43 60 135 166 197 202 306 
12 45 115 116 124 153 174 182 197 222 236 250 260 
16 17 36 50 80 85 114 127 139 141 147 160 191 222 254 255 297 
11 32 37 114 138 151 190 192 257 274 282 306 
5 32 42 49 91 248 
10 0 34 53 70 102 128 179 188 248 301 
10 31 60 96 128 140 222 254 267 278 297 
13 15 25 29 54 111 123 127 130 186 187 192 245 303 
13 32 52 59 81 82 127 138 152 162 208 235 259 291 
8 34 37 146 159 167 184 194 230 
16 10 31 34 39 75 103 120 163 180 209 235 246 252 253 295 304 
8 3 44 49 114 182 183 194 214 
8 21 44 56 71 95 157 218 225 
9 22 40 65 75 102 143 151 247 289 
15 9 24 66 77 115 120 121 138 152 155 226 231 234 297 305 
8 36 54 118 119 131 150 247 281 
3 181 235 262 
9 34 41 43 120 135 175 220 226 240 
14 46 79 128 133 134 137 178 179 187 208 283 284 290 305 
12 37 49 72 91 146 177 189 206 240 245 266 294 
7 60 86 131 141 192 208 254 
11 43 73 75 108 131 150 230 237 243 256 302 
9 96 113 130 141 154 181 220 271 309 
12 6 107 142 145 167 200 203 206 224 260 285 304 
8 12 42 74 106 108 131 277 308 
16 12 22 37 75 99 100 105 116 121 127 152 175 192 262 275 294 
8 33 52 87 115 175 254 281 305 
10 11 62 119 228 235 238 240 244 284 292 
12 78 115 133 135 151 176 202 213 254 259 262 274 
8 61 98 104 136 170 192 194 284 
9 126 160 227 242 268 275 285 296 302 
11 15 44 89 92 157 233 251 252 265 277 300 
12 21 23 39 42 91 136 173 214 242 258 263 276 
14 4 46 54 60 66 106 122 132 212 240 248 265 285 286 
12 52 58 85 102 115 168 205 225 249 265 286 309 
7 46 53 96 173 243 261 297 
7 43 170 194 229 246 253 274 
13 14 21 25 35 103 128 134 201 202 242 250 251 283 
10 25 44 47 74 100 103 116 126 141 191 
10 11 54 99 121 127 138 190 197 276 307 
7 28 31 54 114 185 196 305 
9 60 62 74 135 161 195 241 274 292 
14 5 27 28 60 63 69 77 86 107 127 204 231 276 278 
6 2 98 201 225 252 260 
13 0 12 17 83 85 104 125 144 166 220 226 289 305 
8 40 92 100 202 214 225 274 307 
10 14 17 19 122 163 173 197 198 213 284 
14 7 15 47 115 143 162 191 193 211 226 234 244 267 287 
8 12 78 82 154 221 235 258 305 
8 58 102 104 109 121 160 217 248 
11 24 31 42 106 110 123 159 174 180 246 276 
9 60 78 167 196 203 213 217 228 303 
13 6 9 18 51 90 196 236 242 251 269 274 276 280 
10 1 52 70 87 105 113 157 181 203 301 
10 33 38 77 82 122 136 164 175 217 301 
10 24 33 43 73 93 147 181 202 243 268 
9 14 39 64 65 82 195 261 265 304 
7 57 142 149 214 251 260 274 
8 4 88 91 96 186 238 273 308 
6 53 84 209 270 280 303 
13 46 49 63 89 145 148 159 174 191 225 261 292 298 
13 6 17 67 74 86 114 163 173 190 191 232 298 306 
14 32 48 81 83 98 130 138 139 167 222 233 266 270 307 
10 0 70 76 141 188 197 206 236 251 272 
8 48 49 74 79 132 183 214 287 
11 1 36 40 131 183 192 193 218 227 236 264 
8 13 32 48 107 118 131 226 300 
10 7 14 40 57 89 90 123 163 267 302 
9 21 129 135 166 168 217 231 247 276 
6 68 114 124 234 243 244 
11 8 16 37 83 110 124 177 178 191 217 301 
10 0 8 9 82 89 102 122 204 278 308 
6 6 83 111 153 277 302 
9 15 23 67 73 120 171 194 253 296 
9 56 78 84 93 120 131 190 199 250 
11 43 103 118 176 191 224 229 234 250 267 290 
9 4 13 17 70 132 208 212 232 239 
13 76 104 116 152 174 187 203 206 207 216 217 244 261 
14 9 34 79 100 115 151 160 173 174 183 188 196 243 277 
18 19 28 36 38 71 108 116 120 133 138 142 178 224 233 272 289 292 296 
6 5 89 160 178 202 306 
11 13 17 122 124 142 149 186 229 248 249 258 
7 8 14 65 112 154 169 199 
9 35 39 62 81 153 164 165 191 289 
9 93 113 114 152 159 176 237 276 303 
8 36 38 42 50 98 159 220 257 
10 43 82 187 195 225 232 234 254 283 299 
8 68 71 84 106 136 242 278 299 
12 16 41 45 94 98 150 156 209 216 246 256 301 
12 2 106 110 113 141 150 158 168 193 203 239 292 
13 13 41 46 92 136 164 166 190 202 209 230 240 306 
10 34 91 106 155 184 238 261 270 285 288 
4 73 147 258 296 
13 2 12 28 42 53 98 132 136 176 190 254 262 301 
11 55 62 76 107 110 190 221 226 233 236 287 
9 51 58 121 131 133 189 245 286 302 
14 5 36 91 123 172 201 203 241 259 260 261 276 292 297 
8 12 41 46 73 215 242 246 283 
5 20 40 160 249 258 
14 46 48 49 50 61 63 76 88 146 189 214 226 266 301 
10 48 49 68 74 87 141 159 164 232 233 
15 23 33 78 107 108 124 145 158 170 177 212 234 299 302 308 
6 19 108 210 216 217 273 
10 34 80 94 105 190 201 215 237 269 290 
10 12 162 164 167 181 183 190 215 233 288 
8 7 9 15 59 82 125 178 266 
7 18 50 53 67 100 240 283 
12 49 65 100 130 135 157 198 223 243 287 289 301 
6 19 37 105 161 207 305 
8 2 65 87 114 115 119 175 250 
3 220 267 306 
10 48 50 74 93 95 97 136 188 192 276 
15 25 67 78 92 104 125 147 156 158 173 199 234 258 261 295 
13 0 63 72 105 127 130 157 160 179 207 212 257 295 
10 4 8 18 22 38 61 143 178 283 294 
16 2 11 23 26 56 73 94 104 112 140 164 230 237 251 257 291 
11 16 51 77 85 149 188 194 270 284 299 307 
10 43 94 98 99 122 134 203 228 292 306 
8 127 155 181 235 239 240 276 308 
9 8 25 96 100 174 189 199 213 286 
14 30 77 144 175 192 207 213 217 248 251 257 267 273 276 
11 3 61 127 160 182 188 199 214 225 252 309 
14 23 30 57 77 79 121 123 129 140 161 231 277 285 296 
16 21 46 47 69 90 96 110 114 165 176 178 207 245 247 264 308 
11 7 88 91 93 101 134 197 216 228 261 265 
8 20 53 104 140 171 204 271 290 
11 0 13 65 67 78 105 189 202 231 268 291 
11 11 22 61 130 132 140 146 203 219 231 307 
5 7 63 105 154 209 
8 53 143 145 150 165 200 210 258 
10 54 84 134 148 168 182 191 220 278 280 
8 3 7 29 140 160 182 190 277 
13 4 24 25 52 59 75 89 105 120 132 208 236 248 
8 99 123 149 163 201 210 271 288 
12 38 41 51 54 65 83 126 128 181 236 303 307 
11 7 8 107 117 118 146 162 194 233 245 271 
5 83 86 147 194 211 
14 14 28 41 83 86 103 114 150 187 188 222 288 293 296 
11 19 52 82 98 144 150 165 170 176 228 233 
8 4 23 65 123 144 156 234 271 
6 48 123 149 186 295 302 
8 4 115 119 133 139 141 199 206 
6 4 112 115 279 290 292 
6 92 93 134 201 265 269 
7 5 25 116 198 226 228 233 
12 20 36 60 80 145 161 194 205 211 225 242 262 
10 9 13 52 60 98 102 121 141 209 284 
9 2 24 73 114 136 156 170 209 269 
12 29 56 110 111 148 169 173 190 204 209 225 237 
11 70 94 129 138 141 206 258 287 297 298 304 
3 17 145 273 
9 9 86 96 108 178 236 269 272 297 
10 28 70 105 144 146 147 169 237 256 275 
13 33 38 46 67 83 89 132 175 212 218 268 273 280 
11 5 23 37 61 109 119 160 180 188 223 233 
6 18 143 168 239 266 297 
8 165 216 256 260 264 272 277 308 
6 90 172 175 204 229 293 
13 13 17 20 42 45 135 238 246 248 252 272 296 298 
11 2 12 19 27 58 73 176 192 264 269 271 
10 107 171 215 233 263 266 276 280 285 293 
14 10 17 19 49 116 141 149 154 158 165 170 275 278 286 
11 0 8 25 35 90 138 143 265 274 284 288 
13 145 152 155 163 165 181 197 209 224 231 233 273 278 
13 8 32 52 70 90 137 144 185 191 235 244 269 286 
13 77 84 105 119 155 184 200 243 274 276 280 284 304 
8 32 54 61 84 100 103 255 293 
15 12 13 21 40 47 55 69 73 101 165 172 243 266 273 278 
6 6 31 61 64 128 139 
5 48 63 70 74 116 
7 131 150 199 210 219 227 292 
16 13 14 20 42 57 92 105 131 140 142 159 229 259 275 278 286 
10 14 63 72 100 136 143 146 204 235 273 
13 21 46 56 58 146 147 208 232 274 277 284 297 306 
8 5 56 86 160 177 207 220 262 
10 26 36 50 88 90 204 217 246 250 275 
7 47 90 126 157 192 196 220 
12 8 52 75 84 98 131 188 216 238 255 300 304 
4 89 121 228 239 
15 32 47 74 102 108 140 154 173 192 202 209 230 255 283 309 
11 22 24 30 41 82 83 250 270 273 279 307 
8 3 6 71 108 132 138 227 295 
8 59 110 123 225 226 253 294 299 
12 24 36 48 70 85 143 186 192 205 235 250 271 
13 14 31 50 60 115 119 127 148 209 262 264 268 286 
7 85 100 173 174 262 271 302 
6 40 199 200 214 229 295 
9 6 28 53 59 144 179 290 301 304 
14 24 74 90 107 108 118 166 167 183 201 206 212 220 300 
11 21 48 105 134 143 180 185 208 214 253 298 
10 0 23 44 92 120 164 172 197 247 308 
9 0 98 123 136 169 262 278 290 300 
12 26 30 34 48 127 131 139 153 157 161 221 307 
14 6 9 18 19 55 96 113 116 174 193 203 223 230 286 
12 29 43 78 104 152 158 175 229 240 247 293 305 
12 10 47 71 98 137 171 184 214 231 236 269 303 
7 10 76 77 135 147 234 292 
