380 1934
14 57 75 138 150 152 158 160 236 256 269 285 292 328 331 
6 33 77 129 196 245 297 
10 14 20 31 33 65 91 144 209 319 338 
8 60 99 123 155 173 193 267 350 
12 34 42 66 76 93 179 181 191 231 281 351 373 
7 37 55 106 140 177 179 313 
14 43 78 101 102 136 196 214 219 251 275 314 324 359 374 
11 25 73 94 107 143 149 163 201 205 213 289 
13 15 17 34 35 39 108 151 165 197 257 266 340 348 
5 194 206 230 263 347 
12 42 55 98 106 174 191 234 256 280 287 302 370 
7 19 36 115 144 161 229 342 
9 128 133 141 155 168 177 278 318 366 
9 24 80 107 166 224 232 261 340 364 
9 2 20 42 85 137 249 273 287 326 
9 8 52 130 141 217 250 306 326 378 
7 94 138 214 231 232 261 313 
9 8 40 45 164 228 243 270 291 337 
12 125 126 135 142 164 222 249 273 274 312 352 359 
5 11 94 124 218 273 
13 2 14 41 55 127 132 163 220 223 227 230 327 371 
9 48 110 163 192 216 270 285 321 363 
10 71 97 122 190 240 292 304 309 315 328 
5 162 198 204 280 359 
9 13 55 129 170 223 232 274 321 375 
9 7 51 73 77 173 182 222 260 272 
7 119 138 146 200 306 317 352 
13 56 76 93 95 123 126 134 211 223 281 287 290 339 
7 51 169 173 225 275 282 339 
10 43 147 214 227 239 268 282 301 303 328 
5 32 67 69 111 370 
7 2 126 166 205 256 297 317 
12 30 113 153 155 195 197 217 227 301 313 360 365 
13 1 2 42 70 73 82 125 128 222 267 284 302 364 
15 4 8 74 100 106 150 159 202 253 264 298 348 353 369 378 
10 8 75 143 145 152 162 248 301 307 371 
7 11 126 199 214 272 295 353 
8 5 49 162 211 259 306 322 371 
14 50 76 146 155 156 186 216 219 255 271 322 332 357 358 
9 8 71 91 180 279 311 323 328 372 
8 17 71 111 118 164 240 243 293 
12 20 66 110 157 205 234 254 264 266 282 317 344 
11 4 10 14 33 46 130 144 155 261 311 315 
11 6 29 73 93 199 236 253 277 306 319 347 
8 49 88 125 153 156 215 245 339 
8 17 48 51 68 240 295 301 363 
14 42 70 75 116 200 210 259 307 316 335 338 346 363 364 
7 49 105 175 195 243 302 334 
8 21 45 91 105 148 176 179 203 
12 37 44 47 50 60 66 105 149 253 261 310 364 
10 38 49 120 163 191 194 219 222 259 311 
11 25 28 45 55 118 125 142 163 247 254 326 
10 15 180 190 202 219 224 262 275 304 314 
7 55 114 152 322 345 353 368 
11 64 75 131 144 151 188 207 215 224 244 371 
18 5 10 20 24 51 53 77 200 222 285 296 313 314 334 347 375 378 379 
9 27 72 106 120 125 141 195 239 258 
7 0 110 177 189 254 287 369 
8 117 138 165 194 255 301 306 313 
11 67 107 131 164 165 256 257 286 324 329 351 
10 3 49 66 73 149 170 245 261 319 346 
9 108 132 172 180 185 220 319 335 343 
10 65 88 89 92 105 117 150 160 321 359 
5 69 82 156 306 317 
7 54 79 143 218 226 266 267 
12 2 62 69 86 91 139 163 166 187 204 236 321 
15 4 41 49 60 74 75 81 114 144 151 160 310 342 367 368 
14 30 59 71 163 178 211 222 226 229 258 281 291 304 343 
7 45 87 130 146 185 207 345 
13 30 63 65 89 158 218 250 252 284 290 312 315 362 
19 33 46 80 90 110 123 133 136 161 164 167 192 195 213 248 257 291 293 310 
10 22 39 40 67 72 94 117 188 283 370 
7 56 71 103 135 145 182 318 
10 7 25 33 43 60 181 209 248 293 302 
13 34 66 140 144 201 228 232 236 246 272 287 293 360 
15 0 35 46 54 66 111 136 140 178 187 192 203 311 342 353 
12 4 27 38 85 90 95 108 149 190 226 302 323 
10 1 25 55 101 107 127 164 199 274 289 
6 6 187 201 244 274 375 
7 64 126 237 244 347 355 364 
15 13 70 142 146 174 177 179 203 231 245 246 287 306 322 345 
6 66 112 175 207 243 264 
14 33 63 84 119 178 183 195 225 227 266 280 319 325 336 
13 125 156 199 201 236 240 264 286 291 313 323 343 368 
9 82 117 147 181 223 243 347 355 373 
11 14 76 143 155 156 199 221 306 335 349 361 
6 65 136 173 180 238 248 
13 68 143 207 209 226 244 279 298 300 311 317 325 331 
10 44 62 94 95 269 275 278 302 338 362 
12 62 69 100 110 136 157 185 188 212 249 260 278 
13 70 76 95 104 144 156 181 241 261 267 268 313 353 
17 2 39 48 65 120 134 159 181 218 247 251 277 283 319 334 348 363 
8 62 95 126 227 260 290 301 345 
10 4 27 43 196 206 233 274 279 283 321 
19 7 16 19 71 88 112 117 119 128 170 171 206 220 222 270 278 303 340 375 
14 27 76 88 90 92 159 180 188 202 220 232 249 269 321 
8 133 134 145 165 215 234 245 320 
14 22 108 134 171 221 232 245 248 257 267 291 304 339 363 
6 10 126 161 202 324 351 
9 3 178 189 237 259 265 278 322 364 
10 34 89 119 141 190 218 221 222 262 278 
6 6 77 114 127 269 293 
7 6 112 135 162 201 217 298 
7 72 106 138 194 278 284 330 
5 90 145 260 349 373 
10 47 48 49 62 133 177 207 242 308 373 
15 5 10 34 56 103 123 145 151 153 154 186 201 252 301 342 
12 7 13 59 77 129 130 240 260 298 342 349 374 
14 8 61 76 97 174 241 249 274 283 312 313 327 349 371 
6 157 158 194 277 295 359 
15 21 41 57 70 89 172 177 225 226 242 283 312 340 343 356 
5 30 40 75 118 308 
10 81 94 102 189 219 230 232 310 320 379 
12 32 122 168 186 191 221 255 335 337 356 365 376 
14 53 66 101 129 151 160 197 209 223 227 235 245 315 349 
3 11 149 306 
5 46 129 245 320 376 
9 58 62 71 84 94 159 170 250 330 
10 40 51 111 121 168 200 223 278 293 332 
12 26 82 94 100 132 148 159 167 185 263 302 354 
8 50 56 91 181 192 264 270 285 
8 118 129 249 271 290 293 317 353 
7 22 113 209 225 260 283 370 
13 3 27 70 106 154 178 222 262 268 287 309 346 348 
11 19 142 148 206 222 230 265 269 292 296 326 
17 18 33 44 51 56 83 161 216 239 258 286 289 294 297 298 318 330 
13 18 27 31 36 79 92 98 150 167 186 215 238 314 
8 20 77 101 153 197 203 266 370 
9 12 33 94 169 170 182 227 304 318 
9 1 24 107 114 116 121 196 256 281 
8 15 42 68 107 133 173 269 335 
7 54 59 132 212 224 287 329 
15 20 61 119 131 138 151 191 203 213 214 249 271 331 345 364 
10 12 70 96 105 130 179 188 217 310 352 
12 27 91 96 97 145 204 224 228 260 273 360 365 
11 18 72 102 171 189 227 240 266 274 292 354 
10 6 70 75 86 89 164 191 300 351 367 
9 14 144 158 180 186 225 315 329 371 
18 0 16 26 58 103 132 171 184 193 250 251 271 299 305 309 314 375 377 
12 65 174 183 224 254 264 289 327 328 346 362 363 
15 5 74 75 153 155 157 221 228 254 291 314 346 347 352 371 
7 12 15 56 100 162 276 356 
13 18 51 80 124 143 160 166 207 275 303 305 306 330 
10 7 35 64 85 87 142 156 179 185 218 
13 2 11 42 54 66 74 90 137 148 173 196 201 328 
13 35 72 96 104 106 134 188 248 264 267 304 348 360 
10 26 38 68 80 165 178 198 240 267 335 
10 29 84 148 154 219 240 282 304 314 362 
11 48 119 124 144 147 167 258 313 331 353 357 
11 7 49 60 76 115 151 154 172 300 305 334 
14 0 34 62 126 152 174 201 202 205 235 309 326 355 365 
12 8 54 66 106 114 132 149 242 272 296 309 339 
7 0 35 53 150 157 165 185 
14 32 44 106 127 140 159 164 209 213 239 250 256 321 372 
9 106 123 147 149 216 319 324 347 354 
14 3 12 32 38 42 85 140 167 187 216 218 234 256 294 
12 38 44 63 83 85 90 143 158 195 219 232 342 
11 41 89 109 140 152 158 167 267 271 312 313 
11 0 69 109 137 156 157 183 279 298 317 325 
12 34 91 95 117 119 153 195 251 278 331 354 368 
7 0 62 66 114 142 323 348 
9 11 70 98 125 247 259 292 357 375 
11 23 35 37 102 141 167 168 215 287 299 332 
14 7 20 21 50 51 65 67 178 218 242 260 358 374 375 
14 17 18 40 59 70 77 136 153 174 189 207 238 301 347 
9 8 58 59 96 146 152 166 205 340 
9 13 31 65 142 165 197 254 262 316 
10 70 119 126 148 155 157 162 205 265 335 
12 12 113 118 162 219 220 222 230 247 355 373 376 
6 28 128 185 308 316 331 
9 24 60 94 117 128 210 291 301 379 
17 94 97 135 138 172 173 195 203 213 217 223 226 289 290 352 358 369 
9 61 110 149 171 260 271 313 318 342 
19 3 25 28 86 130 144 171 185 206 211 212 223 225 246 286 293 331 346 362 
13 10 80 108 139 150 164 179 260 279 294 317 342 362 
7 47 81 182 240 279 305 378 
4 48 208 259 296 
12 5 12 57 80 105 110 189 196 205 216 311 350 
13 67 75 82 99 123 146 163 179 201 244 245 327 331 
12 4 5 48 80 133 143 174 178 236 243 247 274 
11 39 52 61 86 95 137 191 195 289 346 359 
10 4 73 84 90 91 120 198 243 315 320 
12 25 72 128 175 231 237 250 259 265 268 330 338 
10 82 139 158 220 239 250 285 363 364 368 
6 138 199 292 322 329 371 
13 61 68 89 119 143 152 169 173 202 303 315 321 364 
9 38 106 113 126 137 191 260 269 344 
8 65 75 78 155 190 216 264 301 
12 54 71 89 95 133 145 206 208 219 328 336 369 
11 57 99 112 135 164 177 261 287 300 320 349 
9 22 52 76 100 187 193 221 257 315 
11 4 10 50 113 132 136 180 186 241 298 335 
12 21 70 75 120 266 289 300 317 320 321 367 369 
8 3 138 190 222 255 285 325 361 
15 9 50 58 103 109 202 223 234 250 290 308 359 362 367 373 
14 32 47 56 70 82 156 159 171 180 207 253 284 357 369 
9 1 6 93 129 144 177 238 262 339 
8 8 32 114 127 166 288 320 373 
8 23 146 181 313 324 325 369 374 
9 36 43 77 83 85 184 315 345 359 
10 26 46 55 118 249 309 315 319 325 328 
14 7 74 78 83 102 106 144 150 178 215 228 262 272 285 
13 34 52 95 98 150 185 194 207 214 257 306 348 378 
8 48 75 80 127 132 171 251 342 
7 23 65 134 228 239 258 298 
11 7 31 41 150 165 167 177 214 231 243 378 
8 9 93 94 124 173 188 222 349 
15 54 68 81 87 105 142 164 195 202 222 237 245 293 309 369 
7 176 188 223 338 340 347 374 
12 2 73 87 114 122 153 248 253 301 319 338 343 
3 46 170 260 
6 27 37 67 173 290 367 
7 89 131 173 237 248 311 355 
9 7 70 132 153 171 299 307 363 379 
9 6 16 29 36 132 202 205 223 317 
9 44 54 96 126 162 201 297 341 354 
12 21 38 125 154 155 177 187 286 303 310 324 333 
7 15 32 102 133 171 221 343 
10 19 64 69 91 100 143 155 163 269 328 
18 6 38 50 52 112 147 156 168 188 240 244 250 271 322 328 343 348 367 
10 20 61 94 95 168 183 233 299 323 361 
13 85 97 100 113 140 190 217 274 290 302 318 321 342 
20 18 25 33 50 55 67 94 100 123 124 168 193 206 207 240 242 297 304 343 350 
12 20 24 27 84 114 118 171 173 194 208 214 318 
10 13 52 54 131 134 139 239 307 337 374 
10 28 82 110 122 137 173 232 235 253 288 
7 64 67 76 87 110 171 328 
11 20 29 32 82 92 114 128 135 235 284 286 
9 17 74 134 140 201 204 237 238 342 
3 11 67 267 
9 9 20 112 124 168 247 274 289 311 
11 4 16 80 182 205 291 292 306 345 358 378 
14 13 16 24 74 95 97 112 156 225 237 287 289 328 366 
2 93 220 
11 10 41 96 155 194 235 258 259 299 301 311 
11 114 150 225 227 234 238 249 250 279 280 352 
8 0 43 65 74 83 179 249 319 
11 79 99 182 207 212 228 232 295 338 367 371 
11 86 126 164 196 228 235 255 284 293 319 348 
8 29 56 125 153 183 204 224 282 
16 22 40 45 83 107 135 146 147 175 219 222 276 283 302 323 342 
6 90 108 191 242 276 344 
7 105 110 151 163 222 241 272 
9 17 40 47 81 84 179 181 205 325 
9 54 78 79 87 178 219 269 285 328 
13 1 44 60 80 96 97 114 116 178 207 265 290 337 
9 74 80 173 271 325 352 362 364 378 
9 51 91 161 168 179 230 271 314 373 
11 35 70 73 86 97 145 209 212 261 278 346 
12 14 18 89 95 108 121 132 200 235 236 261 317 
13 15 69 117 138 153 182 183 194 219 235 271 293 302 
11 6 91 138 159 203 275 322 324 339 367 370 
5 69 106 331 345 361 
8 34 43 49 195 209 225 270 315 
12 41 51 57 139 140 166 270 293 310 318 329 351 
8 38 58 113 193 238 336 338 356 
8 0 10 31 59 129 153 155 283 
10 8 59 70 97 190 202 309 319 344 364 
7 56 67 125 148 204 234 304 
8 37 46 50 99 161 176 182 234 
15 25 89 92 104 107 122 134 163 172 174 186 210 293 313 362 
11 13 16 42 49 60 90 189 248 249 303 349 
8 52 100 123 166 196 201 345 368 
6 9 119 292 309 329 339 
10 34 41 81 83 120 139 145 187 291 317 
8 99 124 167 182 245 275 298 374 
8 8 41 64 82 127 135 192 342 
13 3 33 64 90 97 145 146 157 229 274 287 290 367 
6 29 90 123 182 270 323 
13 0 88 95 101 124 130 186 218 244 284 300 346 358 
10 17 21 94 120 253 254 268 306 309 371 
13 38 121 132 138 157 172 219 246 247 250 289 322 348 
7 25 36 74 151 201 242 278 
4 14 18 19 134 
13 18 24 77 78 93 108 135 179 221 230 267 346 372 
12 6 28 52 88 142 251 265 280 281 311 374 377 
4 141 240 241 344 
7 43 91 109 278 312 327 356 
13 12 88 89 94 99 100 103 118 159 248 272 277 323 
8 39 87 93 158 174 175 235 322 
9 10 23 82 235 275 290 318 321 351 
10 4 27 67 129 275 288 340 355 369 372 
6 28 29 41 147 239 328 
11 71 91 93 108 110 122 240 256 324 335 375 
13 33 69 103 195 227 238 269 325 327 339 360 370 376 
12 0 21 55 120 183 193 201 244 292 347 356 368 
11 59 83 125 173 216 227 290 299 322 336 379 
16 10 14 27 57 74 80 123 131 162 189 232 267 316 341 365 370 
6 197 225 281 307 310 366 
14 7 77 125 139 171 180 192 230 232 271 310 336 339 368 
14 27 69 92 121 171 194 211 221 245 267 280 286 319 379 
12 17 67 70 83 97 140 170 231 264 296 328 371 
14 0 22 124 135 161 184 231 263 285 295 300 344 353 364 
17 40 70 73 74 101 118 121 173 207 238 250 254 260 342 349 357 367 
4 125 155 174 318 
7 36 45 109 237 292 297 357 
5 55 124 151 176 291 
7 1 31 125 215 222 295 346 
11 34 87 102 107 125 158 191 204 265 304 363 
7 138 162 213 220 234 286 317 
10 87 136 149 189 192 269 292 325 355 373 
13 29 32 35 45 58 92 106 164 170 187 209 234 378 
14 10 33 47 73 76 88 119 221 240 250 307 319 360 371 
9 29 94 142 185 216 261 313 329 339 
13 22 52 67 97 128 145 147 222 258 298 353 359 379 
5 138 142 149 175 315 
18 15 26 37 43 58 63 80 85 115 142 202 231 270 328 347 370 378 379 
9 35 46 213 224 288 302 336 364 367 
4 105 111 169 194 
14 22 123 138 150 151 200 207 257 263 270 312 319 339 341 
11 49 66 70 112 133 216 254 288 289 314 363 
12 39 42 50 75 87 177 212 230 234 275 358 376 
9 18 69 108 110 157 277 309 336 359 
18 5 16 32 55 58 83 90 108 148 157 172 198 260 303 321 322 329 370 
10 6 52 55 126 138 140 147 247 310 342 
12 22 42 69 114 137 181 185 190 199 200 253 305 
6 46 166 169 287 347 376 
15 26 31 41 63 87 121 158 174 192 214 249 264 299 353 377 
11 12 72 125 128 172 221 223 254 280 294 364 
17 2 43 60 61 82 91 154 200 209 236 238 257 290 302 309 335 379 
9 96 112 116 181 189 192 197 347 361 
14 21 24 62 65 93 95 153 185 192 221 280 313 339 373 
12 37 38 53 80 99 184 219 251 271 279 286 313 
9 39 76 83 160 220 240 268 278 344 
10 6 59 98 154 198 216 251 283 342 343 
14 82 87 158 193 198 200 243 246 284 300 337 343 357 359 
6 14 15 51 124 150 346 
9 20 108 139 178 277 284 329 343 351 
18 0 22 29 39 139 144 188 200 218 219 226 232 244 282 291 306 356 361 
12 59 131 137 184 254 263 303 313 327 330 345 346 
7 103 117 125 142 182 329 361 
11 0 87 132 148 159 169 173 178 252 346 353 
4 38 118 162 345 
2 216 346 
5 47 55 91 149 341 
11 46 61 85 113 130 146 167 191 283 319 373 
8 82 188 255 286 289 307 312 363 
8 17 113 224 245 325 353 360 370 
10 2 46 88 182 208 209 237 255 355 370 
14 27 28 44 97 151 196 251 263 284 289 303 309 321 371 
9 8 13 94 110 165 208 281 361 377 
4 215 287 309 334 
17 11 66 75 106 107 156 172 174 203 221 228 240 266 293 314 324 345 
12 61 67 83 110 209 217 219 222 324 325 327 360 
10 41 186 241 257 276 292 323 353 356 376 
12 53 68 80 92 132 199 231 252 262 329 332 342 
15 46 60 123 139 140 173 180 248 269 274 297 326 329 331 333 
15 9 43 55 79 84 140 154 164 208 285 306 316 320 359 368 
11 8 34 91 123 145 160 202 219 238 271 365 
10 85 104 107 108 114 189 206 261 293 365 
4 3 177 222 377 
7 4 59 98 136 254 280 327 
8 18 26 133 140 171 235 246 373 
15 34 36 53 75 90 121 148 292 304 317 331 337 344 354 377 
7 119 135 154 159 215 353 368 
10 79 84 150 168 212 281 300 338 356 375 
10 110 113 141 255 277 285 328 344 355 378 
7 38 148 161 195 293 295 325 
7 38 163 171 231 269 311 360 
12 6 18 23 62 109 180 194 199 304 312 325 347 
9 32 74 134 145 284 302 337 343 358 
8 85 193 220 252 320 328 330 340 
9 69 88 139 147 173 174 194 246 260 
12 21 45 46 91 97 139 183 213 298 310 336 364 
15 13 33 46 49 79 99 132 183 185 246 257 292 307 318 363 
8 32 113 134 150 287 348 349 373 
3 12 232 288 
11 66 136 192 194 211 219 237 251 267 293 307 
11 53 66 83 159 183 262 285 289 347 354 376 
10 34 57 171 188 192 195 198 207 281 372 
12 10 30 71 122 127 251 284 287 306 313 337 338 
13 20 35 37 54 108 137 140 184 237 270 291 302 339 
5 39 153 274 281 369 
13 4 84 104 105 168 194 197 247 300 321 335 352 365 
8 6 107 163 198 208 224 265 275 
9 24 55 78 94 138 161 163 283 355 
8 113 116 168 284 311 316 344 368 
6 138 275 317 340 350 353 
11 15 34 55 175 202 205 231 246 301 306 356 
9 55 112 170 213 286 290 304 306 319 
380 1934
13 47 52 56 70 81 134 177 194 221 241 246 330 332 
10 19 23 59 87 126 178 227 236 250 256 
10 14 40 50 67 113 185 223 235 249 360 
6 177 209 263 267 283 346 
6 37 41 91 195 202 219 
10 37 43 49 173 179 200 228 255 350 377 
6 77 132 190 271 359 374 
9 8 22 152 157 200 216 243 321 368 
11 7 38 89 203 234 258 264 273 309 333 359 
9 92 142 161 171 205 255 294 322 345 
12 32 44 73 153 154 156 160 174 186 190 216 326 
4 98 203 242 328 
4 19 166 342 369 
19 34 74 106 112 133 135 185 190 199 213 235 240 252 281 295 323 328 336 340 
5 2 68 207 346 356 
2 291 310 
15 39 53 88 117 142 158 160 174 214 264 269 340 345 362 371 
6 72 92 141 166 230 368 
10 24 87 147 161 172 226 250 253 350 374 
14 1 12 32 39 53 105 109 263 266 274 283 290 324 359 
9 24 42 46 68 115 158 271 302 335 
8 22 61 125 259 294 305 349 376 
8 7 21 29 39 73 237 300 370 
12 1 44 45 50 87 103 140 191 201 274 295 296 
10 18 20 39 108 137 168 188 192 248 282 
4 54 69 95 120 
12 28 35 82 103 142 208 224 282 289 298 360 378 
5 29 32 141 185 335 
11 26 53 130 138 165 191 208 258 342 352 367 
15 22 27 35 68 133 135 171 181 218 226 254 313 330 347 379 
7 34 138 170 196 236 275 377 
7 62 94 164 167 244 248 375 
6 10 19 27 227 269 290 
14 34 48 95 100 147 158 162 219 258 282 290 294 317 335 
17 13 30 33 39 59 88 135 146 164 179 210 241 244 293 345 352 379 
10 26 29 78 121 172 198 242 299 349 371 
5 160 279 287 296 340 
9 4 5 41 50 131 145 176 249 351 
11 8 125 192 225 226 237 252 273 300 337 374 
18 16 19 22 24 34 83 98 154 158 169 182 191 238 261 305 313 330 344 
8 2 68 166 220 259 338 341 359 
9 4 37 106 203 248 253 290 310 376 
9 20 66 78 83 95 118 139 204 227 
5 5 75 119 155 179 
9 10 23 77 106 147 206 213 318 320 
10 23 121 123 228 262 288 302 309 346 353 
12 20 49 68 81 172 230 242 259 291 332 335 375 
7 0 109 125 186 232 254 302 
14 33 59 94 107 166 176 213 236 238 297 308 316 348 373 
10 5 46 61 83 125 262 281 303 359 367 
14 2 23 37 53 101 127 135 136 202 284 289 315 329 372 
6 76 116 223 272 346 371 
9 0 64 67 78 142 215 276 328 348 
12 16 19 28 50 56 152 272 279 289 290 307 311 
13 25 99 115 133 188 207 223 251 312 314 317 359 365 
8 115 182 214 232 260 270 324 373 
7 0 53 65 167 272 323 373 
14 63 68 73 93 100 119 122 176 260 278 290 295 308 310 
7 65 91 139 227 254 280 348 
14 1 34 48 63 86 194 202 211 223 250 266 285 290 338 
11 73 106 108 132 139 148 217 269 304 333 340 
10 21 49 92 97 175 209 246 268 329 348 
11 31 95 180 215 225 249 250 275 285 318 371 
13 57 59 69 75 87 113 134 137 164 188 259 322 379 
13 52 84 115 167 186 202 212 243 263 299 319 340 377 
7 56 58 148 168 201 204 264 
19 42 86 92 100 150 170 194 195 210 235 263 266 282 314 333 345 346 354 365 
11 2 52 94 166 203 244 288 314 327 360 367 
13 14 20 29 40 46 57 146 228 231 262 298 367 372 
11 25 63 93 95 135 142 245 301 326 332 352 
12 0 85 119 162 210 225 269 302 308 340 344 370 
13 80 84 132 136 182 190 240 246 247 293 308 320 367 
6 17 199 218 295 301 340 
18 10 22 57 60 97 111 123 153 192 207 223 238 239 270 276 341 346 352 
6 13 82 171 173 377 379 
13 43 63 115 176 189 190 211 219 223 244 257 310 335 
10 51 89 116 125 148 177 227 230 266 320 
9 6 44 113 140 143 166 175 214 362 
8 35 42 52 82 92 181 187 209 
6 89 108 199 236 267 286 
10 71 114 120 134 196 233 236 296 299 302 
10 0 46 90 131 135 229 235 271 274 364 
8 26 74 78 206 237 239 276 375 
9 39 42 49 176 189 192 241 299 361 
9 64 71 172 189 236 275 303 307 355 
7 70 148 162 165 244 269 369 
12 59 66 104 128 137 206 236 270 273 311 343 377 
9 1 18 23 63 110 134 138 266 305 
8 16 34 188 217 222 319 344 365 
12 8 76 79 111 128 170 181 289 312 326 357 362 
8 81 104 126 178 229 235 309 314 
7 4 58 95 190 234 242 369 
14 9 17 61 66 78 124 140 142 190 231 274 285 319 351 
9 57 69 99 163 212 315 331 350 379 
10 31 48 67 172 184 241 282 288 335 363 
17 25 33 42 62 69 91 112 156 195 224 257 270 271 286 292 304 358 
10 118 123 165 188 216 248 292 325 344 361 
12 61 73 99 149 166 178 183 222 237 247 256 344 
6 11 39 148 200 312 350 
12 54 93 97 118 140 145 166 181 192 279 322 371 
12 33 57 66 121 122 171 179 288 312 319 357 367 
11 50 112 159 212 244 247 267 301 315 341 362 
13 105 114 132 153 156 191 237 257 271 284 350 365 368 
8 23 26 210 213 225 232 283 329 
9 86 90 149 152 197 280 283 309 314 
15 19 102 179 184 202 210 226 235 242 265 275 298 307 314 348 
13 13 41 44 60 140 167 175 204 236 289 307 346 373 
3 48 255 332 
10 24 60 79 126 133 165 172 250 262 267 
9 19 47 111 170 223 257 294 296 347 
8 87 120 128 189 260 292 300 319 
11 73 89 109 137 158 211 221 254 318 321 333 
11 13 95 101 216 261 270 276 292 294 363 379 
11 2 63 77 114 120 138 201 231 237 287 297 
10 80 102 113 115 196 205 258 275 295 297 
12 20 54 55 64 75 114 150 217 228 239 309 365 
4 51 76 126 306 
9 16 147 223 231 291 295 324 325 352 
6 42 96 99 163 168 226 
14 43 57 70 137 145 222 224 279 286 313 314 329 341 345 
14 25 80 110 113 137 140 145 181 292 328 332 333 341 349 
8 35 45 100 128 283 302 355 358 
9 57 100 170 217 283 285 292 299 355 
8 45 73 96 129 151 179 243 331 
3 92 207 343 
10 21 38 47 49 76 170 236 259 306 355 
16 1 90 108 116 172 177 188 242 243 244 249 270 280 322 337 361 
7 50 148 160 162 192 276 321 
10 86 89 110 121 184 225 270 312 317 356 
14 123 139 149 212 247 252 274 275 305 309 318 325 347 367 
3 28 204 237 
8 37 81 148 158 214 235 312 379 
11 6 60 71 102 185 215 227 233 242 311 335 
9 13 29 54 108 207 246 252 296 317 
10 0 63 80 87 221 225 242 253 269 306 
12 13 29 34 50 69 81 173 176 262 264 268 362 
6 50 71 219 222 235 248 
15 24 63 86 111 119 120 141 146 190 197 206 239 319 326 373 
12 28 30 87 113 173 177 223 228 308 322 346 349 
7 42 58 60 129 210 235 349 
11 23 77 92 99 106 120 195 198 228 240 360 
15 17 27 137 162 165 192 232 237 262 268 288 303 314 347 355 
15 9 16 26 52 69 92 195 227 252 266 285 295 303 316 334 
4 77 233 257 338 
9 149 247 293 322 325 338 341 356 373 
8 37 99 119 120 182 216 234 361 
8 34 68 137 150 169 252 257 315 
11 18 33 44 117 155 190 210 308 336 347 371 
15 60 65 76 85 98 127 131 149 225 227 250 312 319 340 346 
8 97 104 129 144 148 161 202 259 
10 66 115 146 157 164 240 282 298 332 339 
8 123 161 215 248 249 268 299 350 
13 7 53 104 155 200 205 220 223 225 266 357 372 374 
9 10 73 102 241 267 290 292 295 360 
6 10 39 201 206 227 276 
9 43 147 152 177 178 198 236 251 302 
7 10 95 102 209 287 330 370 
8 7 150 181 202 288 338 356 369 
13 16 20 33 39 111 131 172 220 252 276 313 349 352 
8 101 160 168 207 278 300 308 379 
12 10 16 36 127 159 188 201 253 265 273 364 365 
10 9 18 149 151 174 286 307 316 317 338 
11 33 70 85 127 141 230 253 270 289 334 355 
7 93 118 186 216 228 326 354 
7 31 34 63 150 325 341 374 
9 28 85 96 108 141 263 279 292 324 
16 12 17 40 48 67 77 97 99 173 174 211 263 327 365 373 375 
14 31 56 64 106 189 197 253 258 270 279 355 359 369 373 
13 24 65 118 159 173 234 257 303 320 333 359 369 376 
7 39 146 237 243 269 274 312 
15 30 66 89 109 122 125 200 203 213 221 272 325 327 352 361 
11 9 29 74 100 172 211 235 289 344 348 354 
18 18 35 46 84 94 108 126 158 171 220 236 248 276 297 313 325 339 349 
13 5 74 135 138 166 168 263 290 308 310 338 358 379 
7 10 16 161 166 216 281 307 
10 61 77 106 195 234 260 302 324 329 362 
9 37 48 57 75 83 135 192 316 343 
9 0 3 76 126 138 155 270 284 291 
10 1 90 97 155 241 245 339 361 370 377 
10 5 34 43 100 105 123 210 225 327 339 
7 62 197 260 286 304 331 338 
11 29 78 89 99 120 157 198 261 300 304 315 
14 39 55 71 145 227 236 284 318 319 321 327 340 355 359 
5 97 229 296 341 377 
6 94 105 128 289 309 337 
8 2 13 27 132 241 242 310 339 
9 10 47 64 163 223 247 317 325 362 
4 78 217 268 311 
17 24 54 63 88 96 126 160 197 204 235 249 279 289 297 319 352 357 
6 75 83 84 110 167 248 
15 6 10 13 71 75 91 92 137 147 194 208 263 277 317 340 
5 23 28 39 102 337 
18 24 38 73 83 99 127 141 176 219 239 242 271 274 311 342 355 362 363 
5 212 237 296 297 312 
11 0 59 66 190 205 281 329 336 353 356 360 
13 4 66 95 140 142 175 211 212 242 247 301 322 353 
7 30 80 114 211 303 307 357 
9 104 137 167 180 188 338 348 373 376 
12 35 140 155 181 203 230 275 281 293 319 335 350 
7 13 72 79 213 271 290 350 
9 5 7 98 152 170 241 268 287 316 
9 23 65 113 154 160 219 232 270 347 
13 4 50 59 64 105 149 157 208 215 224 351 365 379 
12 8 11 41 67 170 198 239 292 298 327 332 365 
7 42 65 106 130 188 233 366 
10 9 114 152 194 206 300 319 321 356 375 
13 44 82 86 137 154 205 223 283 290 307 322 348 362 
15 14 54 73 124 133 159 221 235 249 256 299 320 323 338 352 
10 26 28 190 202 289 324 328 343 353 360 
12 3 61 78 156 215 245 273 301 313 323 337 348 
14 34 66 70 103 105 139 147 179 212 247 297 341 358 378 
13 59 75 111 166 171 195 196 243 328 346 356 366 379 
14 64 93 101 129 193 195 210 213 262 269 294 324 334 357 
10 13 44 48 103 170 199 212 255 256 315 
12 16 55 77 131 221 223 257 274 308 312 315 360 
8 52 62 132 151 202 209 333 350 
11 7 10 96 112 145 163 174 249 266 314 377 
8 60 88 115 122 187 280 298 302 
4 29 72 229 298 
10 4 33 75 136 192 201 222 249 314 323 
11 40 152 158 172 225 226 263 284 302 356 376 
12 0 111 134 170 207 214 278 281 295 296 339 354 
8 88 97 119 136 219 357 362 372 
14 2 51 54 59 73 75 109 117 138 152 186 206 214 361 
8 26 95 119 202 246 290 297 369 
15 38 62 70 103 128 134 148 152 179 220 226 228 279 359 373 
13 18 29 38 105 118 220 225 237 264 266 295 308 359 
14 1 32 42 58 76 132 142 148 154 182 244 273 355 367 
12 5 45 68 115 138 140 163 225 273 289 310 371 
5 81 90 183 218 319 
8 17 46 76 162 198 247 259 351 
11 68 92 113 117 240 243 259 324 333 361 371 
11 47 55 103 141 201 237 248 267 310 324 353 
5 80 132 143 204 241 
7 8 91 145 168 175 312 368 
17 2 13 66 81 90 105 131 136 139 171 188 207 313 326 353 373 376 
18 1 30 48 79 80 84 86 106 125 155 172 182 237 267 274 287 317 339 
18 22 38 82 97 102 113 130 141 169 193 226 232 236 273 283 363 365 374 
7 39 48 73 241 264 273 360 
7 73 82 115 137 192 203 279 
8 13 71 140 150 231 249 265 374 
19 0 34 83 94 153 178 185 200 233 238 242 246 258 269 283 291 301 343 370 
20 11 35 46 91 105 126 132 134 185 192 195 241 250 257 263 272 305 323 325 377 
10 7 64 123 126 169 211 231 265 349 365 
11 31 34 67 75 85 101 126 227 245 257 357 
7 69 178 209 244 330 356 358 
10 0 61 71 133 224 241 278 308 322 350 
13 71 97 101 129 144 186 195 210 230 290 296 330 376 
14 24 31 41 96 136 151 172 189 232 264 344 347 350 354 
12 2 37 62 126 151 188 207 216 219 240 258 316 
13 1 18 59 62 108 148 242 301 304 347 356 363 377 
8 54 155 275 276 310 315 318 337 
9 13 38 129 133 142 146 158 365 373 
8 18 41 134 160 162 167 263 368 
6 29 47 58 111 318 347 
6 5 9 107 213 282 372 
7 1 97 207 213 259 329 361 
12 75 95 102 109 143 146 168 214 242 244 314 347 
11 8 28 33 114 167 241 249 299 323 345 353 
12 21 40 46 63 125 149 230 231 256 320 341 371 
12 55 57 110 175 180 278 296 299 302 317 336 368 
7 39 112 181 291 312 345 375 
9 45 49 68 108 135 141 212 309 370 
13 3 19 64 66 165 166 173 190 220 242 253 279 328 
9 8 16 65 135 226 238 248 267 312 
7 105 160 240 243 275 280 295 
10 19 59 66 76 87 142 152 216 226 324 
10 3 79 101 108 153 232 236 264 286 300 
7 61 135 141 151 187 200 339 
12 16 32 60 70 85 134 169 212 241 295 322 333 
13 55 73 86 95 112 126 128 162 167 177 201 297 325 
11 6 20 81 95 102 192 199 280 299 323 326 
7 51 53 56 170 242 298 299 
11 8 38 86 160 209 227 228 237 238 293 365 
10 19 23 81 92 129 169 192 214 236 324 
13 30 62 84 105 114 129 198 251 265 312 329 340 367 
12 52 73 82 112 127 154 158 172 251 344 349 365 
2 190 292 
10 57 159 221 246 260 284 298 347 359 370 
15 36 53 99 119 165 167 188 225 239 263 300 320 330 356 358 
8 58 104 126 217 265 271 285 300 
7 13 49 174 194 198 221 348 
11 24 26 33 66 94 150 255 285 289 292 326 
10 3 19 103 104 121 122 206 237 241 326 
7 50 102 177 182 220 278 289 
12 59 62 92 122 142 280 282 294 302 317 334 345 
8 79 95 119 161 180 267 334 358 
8 36 113 156 200 236 288 291 305 
9 45 67 94 100 141 157 287 351 372 
15 26 50 53 89 106 162 171 184 188 208 228 282 284 319 373 
14 19 32 33 41 53 57 59 153 173 199 206 224 247 344 
10 15 46 117 177 241 261 287 308 334 362 
12 95 96 110 112 120 122 153 165 203 277 282 349 
7 34 71 144 198 273 299 349 
8 9 21 33 109 112 212 285 339 
13 13 23 57 72 114 117 142 153 221 226 265 269 321 
13 23 36 80 109 133 183 193 221 247 260 313 318 379 
12 48 113 114 172 188 193 210 224 270 318 346 349 
10 26 68 105 150 203 217 218 272 278 378 
14 35 64 80 83 122 151 207 258 260 271 272 293 362 377 
13 22 38 110 159 181 205 267 279 280 314 329 341 343 
9 69 72 101 195 209 241 250 332 343 
17 20 45 47 70 80 121 155 175 217 220 260 285 324 338 342 344 361 
7 49 84 141 142 168 196 348 
7 60 95 180 181 250 358 377 
8 21 39 87 129 242 287 328 355 
7 116 125 134 332 358 374 375 
11 53 84 105 106 161 174 196 206 319 339 369 
14 48 57 70 71 138 147 159 173 214 226 246 291 339 346 
9 8 45 90 104 115 129 184 262 378 
10 15 41 57 75 173 185 228 232 251 361 
5 53 86 132 187 192 
15 54 89 98 100 128 131 148 169 193 214 234 261 264 275 318 
13 29 39 119 158 172 209 235 296 315 322 334 370 374 
14 54 66 67 90 104 105 119 141 216 219 257 300 354 376 
11 50 93 101 146 181 213 214 251 313 359 376 
9 48 142 161 176 200 249 360 365 368 
12 33 54 128 133 161 186 190 236 260 285 326 334 
11 44 62 111 129 182 251 254 296 297 312 334 
15 64 88 92 100 110 137 148 182 188 198 205 229 289 307 354 
9 44 71 76 168 207 259 279 349 371 
7 7 111 127 182 205 295 359 
14 9 63 99 126 138 144 195 206 246 269 313 324 353 378 
9 13 56 207 209 219 242 258 271 353 
17 19 55 117 165 175 208 212 231 232 266 274 302 322 329 363 376 379 
12 96 117 129 144 164 170 172 186 242 270 329 377 
12 10 69 89 137 163 235 271 282 283 317 327 368 
7 67 166 170 179 182 203 326 
8 11 13 52 120 208 211 263 305 
12 50 61 103 119 175 194 256 275 300 324 325 353 
7 0 29 39 156 245 247 279 
5 93 123 180 347 375 
9 0 46 69 107 120 150 203 301 306 
10 8 60 66 111 120 168 215 231 269 375 
10 142 162 212 285 286 291 313 317 318 355 
9 20 27 33 46 75 94 132 198 362 
6 13 147 194 260 354 376 
7 38 126 184 191 209 251 378 
12 40 59 143 144 157 161 173 180 197 207 302 356 
12 150 172 178 179 185 221 236 268 294 307 308 356 
11 13 16 36 60 64 70 72 148 182 190 275 
12 40 73 101 119 120 144 164 183 210 259 300 372 
5 12 28 192 302 378 
9 86 124 176 208 241 300 301 363 370 
11 39 70 88 96 97 171 248 276 290 302 350 
9 9 16 34 66 119 258 261 285 363 
13 3 14 45 51 66 73 106 138 148 211 297 308 360 
12 29 109 129 141 147 201 248 250 254 257 278 331 
11 48 52 58 61 105 171 197 206 209 281 303 
14 21 35 120 138 139 158 172 243 276 292 293 297 320 364 
12 5 18 93 98 102 151 198 199 215 246 248 344 
5 37 92 202 230 288 
9 28 34 69 73 117 158 170 188 207 
10 45 194 195 208 232 235 258 322 323 329 
10 66 163 171 221 248 314 319 336 367 371 
12 84 121 122 125 141 162 167 182 192 227 305 334 
13 14 128 144 157 194 205 211 220 245 250 279 338 339 
8 89 100 152 188 196 212 222 244 
9 95 121 173 210 245 279 286 304 306 
14 6 8 19 40 49 54 167 168 182 225 226 278 315 321 
11 2 26 67 140 153 194 208 214 238 316 346 
11 83 96 126 145 170 178 223 231 256 302 310 
13 16 77 89 101 135 175 186 192 206 222 291 299 335 
9 94 112 192 237 250 324 343 345 379 
4 81 160 349 375 
15 54 66 88 102 115 160 166 202 203 237 243 252 273 276 316 
3 204 211 377 
10 28 49 67 68 71 100 129 227 275 354 
9 7 17 102 234 253 260 316 326 372 
9 12 85 91 157 167 168 224 307 375 
9 22 70 156 178 241 262 278 313 343 
11 16 35 51 62 99 147 228 231 259 320 354 
8 50 68 152 222 255 288 341 368 
13 48 55 56 106 137 144 166 167 197 225 235 252 289 
9 6 18 38 152 164 237 240 306 313 
11 31 46 82 166 205 261 306 331 333 364 369 
11 21 41 168 197 220 235 247 314 315 324 336 
14 5 30 64 74 86 178 183 216 242 250 299 304 325 366 
7 26 210 298 309 322 337 342 
14 29 34 63 74 93 112 131 159 173 202 211 296 324 363 
