320 1634
15 57 75 87 138 150 152 158 159 160 236 256 268 269 285 292 
9 10 13 93 137 144 173 189 256 305 
10 40 66 134 140 151 153 185 211 226 264 
6 13 123 142 240 279 303 
11 20 38 58 132 215 219 270 274 282 306 316 
8 19 105 107 117 157 207 277 299 
7 24 42 93 127 164 166 300 
11 82 91 126 149 150 184 188 244 262 267 299 
15 12 51 61 96 111 134 182 203 216 252 258 272 273 310 314 
9 12 73 88 185 187 204 205 209 278 
9 1 12 21 26 58 118 127 201 209 
5 117 129 153 186 270 
15 8 9 10 27 40 83 91 159 176 219 239 241 265 272 287 
11 1 3 49 66 83 115 162 185 191 208 276 
7 84 237 242 250 264 277 286 
7 83 123 139 171 195 251 278 
9 34 92 100 129 208 232 253 275 318 
8 38 60 68 113 180 204 218 257 
8 46 66 124 135 211 244 300 307 
9 5 20 72 151 195 271 288 289 318 
7 4 19 71 103 160 165 284 
11 10 50 65 92 113 159 166 204 308 309 318 
10 28 50 108 135 159 160 196 198 238 245 
6 44 74 129 168 223 290 
12 6 55 69 141 146 152 177 232 234 237 241 244 
9 47 60 91 126 188 241 270 280 294 
9 10 55 70 106 148 213 237 239 264 
10 12 40 90 113 142 154 159 165 178 295 
7 22 61 77 113 119 195 274 
9 35 109 150 161 203 212 230 254 301 
11 66 77 96 118 122 218 227 252 267 305 317 
6 113 174 229 248 256 310 
12 122 129 140 175 231 251 268 270 292 298 301 309 
10 53 100 112 165 170 176 179 194 228 291 
9 16 54 124 128 180 230 232 237 294 
10 29 64 125 168 222 235 248 260 289 303 
8 39 41 66 119 154 156 189 198 
4 154 175 279 319 
8 4 17 77 128 169 178 189 313 
14 36 52 92 94 96 134 136 156 166 240 252 280 299 304 
15 2 12 27 48 51 76 79 88 131 134 224 228 273 290 308 
10 36 92 147 148 173 179 223 232 247 275 
15 6 49 50 60 94 144 149 165 174 192 215 283 285 292 302 
4 112 165 171 235 
8 23 58 131 146 204 227 285 315 
8 49 65 133 162 211 241 259 306 
11 18 49 98 118 144 214 223 224 254 284 287 
13 25 51 67 71 118 128 153 154 198 207 214 227 316 
9 40 144 176 188 193 237 272 275 315 
12 13 42 45 46 52 98 128 132 174 175 177 227 
14 21 22 42 69 83 113 140 160 208 237 257 267 269 285 
10 8 40 47 52 79 118 202 216 227 256 
9 39 49 51 66 116 120 150 214 234 
12 33 70 74 111 128 152 181 194 222 225 259 298 
8 34 70 98 101 160 190 284 308 
9 24 26 63 66 83 92 255 310 316 
7 115 155 160 201 227 285 295 
13 0 82 130 139 158 161 169 175 186 187 204 255 260 
10 4 10 44 69 89 137 194 196 228 316 
5 70 113 141 144 168 
11 17 25 42 86 96 102 141 185 288 289 297 
8 8 28 88 142 227 270 298 301 
11 69 72 109 119 161 205 233 236 282 296 303 
6 55 64 85 169 176 248 
11 35 63 174 184 196 213 218 256 269 298 308 
6 21 45 121 180 191 218 
17 2 13 18 30 36 52 55 135 158 166 181 202 213 269 282 289 297 
11 47 74 93 101 110 130 244 257 287 299 314 
10 17 159 181 223 244 255 272 273 293 306 
17 24 50 58 62 81 84 87 88 104 138 152 157 173 227 235 271 290 
7 26 53 54 59 215 282 294 
7 20 47 111 144 226 295 316 
9 19 62 96 125 186 232 237 244 318 
10 9 98 112 128 136 169 170 261 262 291 
10 23 53 67 84 89 111 145 152 228 249 
7 0 80 96 154 181 261 285 
15 40 82 90 91 95 130 173 212 229 245 253 292 315 316 319 
9 28 30 38 90 102 123 135 145 306 
8 103 119 125 129 142 216 225 227 
6 40 51 126 137 214 278 
8 75 114 122 162 163 279 296 301 
9 69 111 135 138 159 170 176 208 293 
10 7 57 76 122 123 129 162 192 199 208 
12 12 13 15 50 55 122 154 179 180 195 287 302 
13 14 69 74 100 111 115 118 147 170 180 193 232 287 
6 63 96 112 151 173 311 
9 60 132 154 201 207 231 261 293 295 
18 0 69 95 101 123 126 173 200 210 230 243 253 256 281 284 287 312 315 
15 9 40 61 69 102 137 146 180 182 199 228 250 269 291 314 
7 58 74 125 138 155 180 250 
8 27 76 77 108 148 180 190 227 
10 7 12 25 76 135 140 179 185 229 304 
10 16 21 39 41 55 105 108 144 189 198 
13 1 6 67 115 119 176 203 207 211 221 247 262 268 
10 39 42 110 165 190 194 232 241 246 257 
10 76 87 141 172 183 218 223 228 241 282 
14 8 30 39 60 72 75 85 100 136 179 212 233 313 319 
7 111 117 154 189 264 279 316 
8 46 49 54 73 257 271 311 314 
4 124 158 225 276 
9 16 33 84 96 168 175 278 286 295 
15 54 67 87 154 158 186 189 191 215 243 257 258 269 299 318 
8 60 77 88 117 140 205 268 300 
8 20 78 120 141 255 258 259 293 
11 69 137 142 154 184 186 225 239 278 284 295 
10 5 92 166 197 240 242 268 277 281 305 
10 26 114 119 141 151 171 196 240 270 304 
9 5 134 154 160 186 213 258 266 284 
11 22 90 92 137 149 150 193 215 233 234 300 
9 29 62 119 133 145 213 250 257 315 
5 67 94 116 203 303 
22 8 53 71 74 81 84 97 112 145 159 161 178 196 221 231 250 252 260 263 269 277 283 
11 33 43 73 85 111 130 131 305 311 314 318 
18 17 21 27 28 31 50 59 132 168 192 220 221 223 230 256 277 305 308 
8 80 106 127 164 175 193 299 308 
13 13 56 84 93 144 156 162 181 241 261 267 268 313 
9 52 110 149 150 205 219 244 266 303 
14 5 11 97 102 130 134 160 166 202 217 231 246 265 296 
11 10 30 46 47 51 84 196 229 259 270 314 
11 28 36 62 78 93 106 109 241 251 261 288 
12 52 103 130 135 139 177 253 258 260 269 311 312 
10 65 143 149 163 165 213 221 246 283 318 
13 30 32 80 82 83 189 210 218 232 250 262 279 299 
11 3 15 77 82 87 155 207 250 251 262 282 
9 18 34 99 137 156 167 242 270 312 
16 35 72 78 89 144 174 181 231 242 255 258 267 277 301 305 314 
11 7 25 79 87 156 180 193 218 224 259 300 
6 6 10 114 230 248 257 
15 34 38 47 49 53 73 173 184 208 232 254 260 273 278 317 
14 11 16 23 32 78 82 144 169 203 225 274 302 305 306 
10 57 67 76 112 117 120 157 173 287 300 
6 40 44 112 141 254 278 
10 4 49 86 113 187 210 237 260 276 292 
5 45 109 187 271 303 
10 2 8 39 40 107 117 174 258 264 310 
8 18 22 66 77 81 91 120 216 
8 39 73 96 148 174 237 261 295 
11 1 58 79 88 104 108 124 157 187 222 288 
12 0 69 81 89 172 195 217 223 225 226 258 273 
9 15 57 120 142 144 193 234 293 294 
9 2 32 50 91 102 225 245 283 288 
13 24 59 60 95 103 106 131 149 156 181 217 252 319 
14 3 27 61 78 104 139 150 175 184 213 214 228 250 272 
7 121 152 153 189 272 277 290 
16 1 42 46 48 59 71 92 115 125 129 139 179 261 266 314 315 
12 74 77 109 111 157 198 227 235 255 258 271 301 
4 24 44 88 318 
4 41 84 159 294 
10 26 41 90 136 153 164 166 244 254 313 
14 7 42 108 116 121 141 152 181 185 198 216 221 251 285 
15 0 7 29 52 108 116 142 196 198 217 226 237 255 277 286 
13 2 19 85 106 155 167 181 185 193 203 261 273 307 
8 0 24 53 69 74 143 149 204 
7 2 11 47 143 148 195 281 
13 27 36 37 47 75 83 86 97 101 104 107 232 307 
7 56 89 123 151 199 244 255 
9 36 39 115 124 126 141 172 252 304 
13 5 69 130 137 145 170 179 189 221 240 244 299 314 
11 0 57 66 99 101 192 252 268 279 287 305 
14 0 12 21 22 27 68 81 111 147 182 223 262 271 314 
10 0 20 22 50 54 56 107 117 241 252 
8 29 57 62 111 166 172 187 289 
10 13 45 80 82 115 164 252 274 293 296 
7 80 121 164 174 200 272 313 
10 6 114 148 162 163 174 201 209 232 319 
14 20 27 33 42 43 94 121 205 229 240 273 287 313 319 
15 6 21 39 66 105 117 148 161 184 185 207 244 246 295 301 
9 124 151 207 223 231 266 270 293 297 
8 23 35 59 100 113 176 265 281 
16 38 57 63 73 129 170 193 212 240 243 248 251 252 266 272 284 
11 33 73 81 84 157 169 208 225 244 273 296 
6 15 43 106 224 279 315 
7 95 138 156 161 212 218 281 
13 1 41 69 76 85 87 128 130 224 239 289 290 302 
13 31 42 49 64 125 134 136 163 164 202 279 291 293 
9 32 37 49 57 100 114 142 251 277 
10 12 33 48 63 81 93 168 194 219 278 
7 24 49 120 178 218 256 314 
8 27 38 111 177 239 274 284 317 
10 33 41 83 91 96 144 157 224 236 299 
13 17 34 65 83 84 88 89 90 126 202 258 271 311 
15 53 66 68 75 115 125 141 149 151 185 195 196 231 253 313 
9 8 88 159 190 209 255 270 279 308 
4 95 265 307 309 
10 7 64 104 128 142 166 210 269 289 293 
13 2 9 13 60 91 149 151 166 181 191 204 291 296 
12 11 57 72 101 104 107 213 231 269 282 308 316 
10 9 57 132 133 137 161 202 228 264 317 
4 7 25 48 213 
16 1 36 38 92 97 101 122 143 157 192 198 243 259 278 292 314 
6 54 90 94 182 191 230 
11 13 65 101 185 190 192 206 248 289 302 311 
14 42 82 113 158 189 191 241 242 262 290 293 296 300 305 
13 48 84 108 114 126 139 151 169 202 240 242 279 288 
13 33 53 58 94 176 204 234 244 264 269 279 307 308 
15 15 19 28 83 138 153 181 201 202 218 219 248 250 252 316 
15 22 58 64 106 111 118 150 181 200 226 258 263 286 318 319 
5 105 202 216 221 250 
9 22 36 47 92 145 149 150 189 243 
8 82 88 155 203 227 244 250 291 
9 87 163 196 240 249 268 270 271 295 
10 10 56 86 164 195 213 239 262 268 301 
9 51 66 117 174 180 187 193 195 197 
14 8 29 93 110 129 151 199 233 238 258 272 280 281 286 
9 9 17 21 44 57 152 185 194 298 
6 9 62 102 116 165 278 
8 191 208 225 240 241 244 281 302 
12 5 47 86 93 123 166 167 213 225 263 276 296 
10 13 16 50 81 82 128 170 206 227 254 
7 9 10 164 182 212 257 263 
9 87 122 132 184 219 240 282 304 314 
7 2 18 45 93 254 290 295 
9 29 76 96 169 172 209 274 307 310 
19 26 64 66 107 109 121 142 186 188 201 207 223 241 263 267 286 291 294 312 
8 46 47 52 79 142 232 241 318 
9 4 42 70 101 108 231 236 265 312 
11 8 51 78 135 149 197 231 258 259 262 292 
7 117 138 141 150 264 281 310 
11 17 30 64 65 95 122 126 172 177 195 219 
11 4 12 116 176 195 210 218 224 254 278 291 
5 113 222 267 275 295 
7 93 111 113 121 149 157 197 
6 35 53 137 220 300 305 
16 23 41 46 68 95 113 138 159 167 213 254 258 284 292 295 301 
8 40 46 126 171 173 179 219 271 
13 53 78 99 104 129 138 140 170 206 207 228 275 297 
7 2 71 138 150 196 307 312 
18 30 44 47 49 51 56 61 69 78 90 145 199 208 243 250 286 287 307 
13 33 40 58 74 88 95 142 187 225 245 247 263 285 
7 31 76 91 118 165 233 248 
10 29 34 87 113 127 190 231 268 292 305 
11 32 86 111 117 125 167 181 186 215 216 230 
15 16 24 34 41 72 84 94 122 128 154 164 214 240 278 287 
7 62 96 108 203 229 301 305 
9 24 52 108 139 194 261 262 313 317 
5 35 43 69 145 269 
7 0 62 179 215 282 289 301 
14 14 24 26 34 48 50 72 132 136 150 238 246 312 318 
5 22 203 237 255 311 
8 12 26 104 173 178 201 258 311 
14 3 39 105 106 157 165 169 193 200 206 210 232 255 269 
14 12 24 25 45 94 95 115 119 160 192 206 213 214 272 
9 14 105 124 125 192 193 284 288 313 
7 87 101 169 189 198 227 296 
18 7 18 24 67 68 72 116 148 155 157 166 170 194 199 206 248 279 291 
6 22 76 140 228 250 315 
10 94 117 121 166 237 260 269 270 273 317 
5 41 93 228 268 317 
11 31 35 63 127 169 191 195 229 244 258 291 
3 74 200 283 
16 14 88 89 109 111 122 123 142 195 197 199 227 245 254 278 296 
7 15 32 119 123 149 169 175 
16 8 30 39 111 141 156 158 160 162 169 195 259 275 276 290 305 
7 16 76 87 120 181 257 288 
11 29 46 128 131 148 208 211 219 223 250 286 
14 55 57 68 103 125 145 150 155 182 238 240 268 296 301 
10 0 1 31 51 64 87 113 177 277 314 
10 17 50 67 94 98 101 109 127 209 253 
17 8 101 103 107 120 125 134 138 145 180 196 203 216 223 239 248 289 
9 45 53 103 118 126 189 216 252 299 
12 35 57 111 120 128 132 246 264 265 280 297 305 
10 73 75 86 115 119 136 144 151 234 301 
10 7 73 93 122 123 159 192 201 216 234 
7 111 196 207 209 213 228 289 
10 2 14 26 97 134 187 194 217 260 294 
7 12 117 168 183 215 260 310 
5 107 116 144 167 169 
11 7 30 50 115 125 213 220 300 301 303 311 
14 0 32 93 102 105 115 158 200 201 230 247 255 277 280 
14 0 50 64 66 88 101 111 120 184 186 194 235 240 246 
15 4 11 25 32 61 106 118 124 167 182 200 246 286 304 307 
10 19 69 98 133 145 159 180 200 224 278 
11 8 12 48 68 142 143 163 169 203 241 294 
11 8 40 68 128 138 151 165 170 246 308 316 
7 4 28 129 162 178 212 286 
6 16 41 48 220 225 252 
7 13 99 132 207 252 287 306 
12 5 14 105 111 113 125 143 150 175 256 268 289 
16 9 15 79 100 104 128 131 176 189 205 219 232 250 271 285 295 
12 3 37 80 97 122 158 171 174 182 193 194 244 
9 25 39 203 260 268 294 295 296 318 
13 87 105 153 168 172 203 206 217 288 298 302 308 311 
9 4 62 66 70 95 123 186 210 236 
7 42 111 121 140 249 301 302 
10 20 46 54 87 104 107 169 178 223 242 
12 0 42 44 50 56 75 149 228 278 295 301 312 
10 14 100 150 196 203 213 227 254 270 274 
14 12 46 67 83 84 87 130 158 165 227 232 276 290 300 
10 19 60 119 137 140 193 242 253 281 314 
14 19 35 60 66 161 173 184 191 236 258 263 277 295 303 
11 23 40 69 143 173 192 211 252 287 308 313 
11 33 73 88 174 185 199 213 219 244 248 309 
9 0 32 42 76 132 189 216 223 230 
12 68 81 86 103 139 162 167 174 184 192 305 312 
13 25 34 70 139 147 213 264 272 280 301 306 307 318 
18 27 56 71 86 100 104 136 166 200 211 220 223 278 280 285 289 296 317 
13 62 80 117 162 170 185 192 207 243 250 255 280 295 
7 60 66 167 225 260 312 319 
7 32 53 61 64 204 281 317 
11 5 7 39 67 101 114 122 157 179 259 316 
11 6 18 102 108 126 130 192 222 267 287 312 
19 29 32 61 80 125 145 166 201 223 233 236 255 261 267 283 285 294 305 310 
9 42 83 129 173 191 206 281 283 315 
8 3 35 62 110 116 133 267 289 
6 39 91 106 156 210 270 
16 1 30 105 112 113 125 129 158 192 222 230 233 252 260 293 301 
7 4 45 68 77 129 276 294 
10 18 151 154 183 194 212 226 227 270 294 
13 21 40 54 64 113 114 182 186 194 273 281 290 315 
4 21 32 183 291 
9 8 31 55 134 212 217 265 301 315 
10 85 98 112 120 180 191 238 239 267 281 
12 87 120 124 213 215 226 237 285 293 297 300 315 
10 38 96 115 148 163 165 181 234 242 290 
15 8 67 88 98 112 118 125 144 157 159 177 189 210 256 288 
12 44 48 76 87 109 144 171 245 302 308 310 312 
11 4 47 55 58 71 76 97 186 195 273 299 
10 30 128 178 187 234 246 247 295 298 318 
14 16 19 21 72 101 112 121 146 196 214 237 280 294 317 
8 37 76 96 141 164 165 196 297 
320 1634
14 30 33 73 75 143 149 150 155 177 179 197 236 250 299 
7 58 83 139 141 264 277 293 
10 12 61 69 84 106 141 205 238 242 257 
8 63 95 184 248 256 264 275 297 
7 74 80 140 246 268 293 316 
7 8 17 43 77 207 213 251 
7 36 42 70 74 130 179 313 
14 36 41 51 63 65 112 144 147 207 251 264 283 300 318 
18 5 33 46 51 74 114 136 168 179 201 206 210 242 262 265 283 299 314 
12 25 30 65 73 82 91 135 151 194 202 209 211 
9 18 21 34 133 151 162 247 252 253 
7 28 52 60 106 141 144 152 
10 2 31 35 54 164 217 245 270 303 312 
13 38 39 65 70 84 129 148 157 184 206 211 221 244 
10 42 92 106 156 225 230 245 252 291 313 
9 17 34 48 85 92 281 285 307 311 
7 26 78 144 158 226 315 318 
18 5 15 21 22 27 35 73 81 106 155 171 186 205 207 240 259 282 311 
15 10 23 25 41 69 71 77 95 109 124 166 179 223 296 316 
10 81 129 132 133 158 169 178 205 213 216 
15 64 74 83 85 170 186 187 202 204 206 215 246 261 299 310 
14 10 17 31 42 57 59 105 149 220 229 267 277 297 319 
7 17 25 168 216 247 254 315 
15 18 104 127 133 148 169 188 209 213 220 227 238 248 276 289 
10 50 51 82 98 136 140 172 249 268 284 
11 9 18 22 67 86 168 191 228 244 246 284 
9 16 31 41 140 144 156 267 271 298 
9 17 44 74 75 130 157 234 240 278 
11 11 97 159 167 200 201 231 249 273 287 300 
9 36 44 54 118 146 232 256 261 281 
19 0 9 35 53 61 74 77 108 117 135 174 192 195 200 220 226 277 281 300 
13 12 21 26 66 118 126 167 180 283 284 286 290 294 
13 130 133 165 166 221 225 231 250 253 269 273 302 313 
8 0 8 79 104 131 140 178 183 
14 10 15 36 44 112 143 151 185 194 222 226 281 282 289 
16 12 17 30 62 63 64 76 87 105 158 181 182 219 248 257 296 
14 6 7 29 34 52 61 151 170 177 200 205 235 302 306 
9 47 55 71 84 177 227 274 304 319 
10 13 71 99 121 152 157 240 258 278 302 
10 13 54 137 144 170 174 193 264 274 285 
9 72 86 103 111 158 176 271 280 293 
12 7 18 26 50 86 96 102 109 121 201 217 256 
12 6 14 21 63 75 92 104 153 177 214 252 315 
7 5 45 84 88 98 133 136 
9 27 29 34 51 54 140 245 276 312 
14 43 79 82 83 86 92 104 158 177 210 225 235 248 311 
7 8 66 125 165 194 198 311 
6 37 58 159 193 199 240 
12 15 59 70 82 111 118 123 170 230 233 306 315 
4 107 185 193 279 
13 24 41 54 67 94 95 114 122 125 138 179 215 221 
10 7 8 24 44 90 96 99 118 257 298 
12 11 36 54 84 86 129 174 188 222 241 272 283 
11 30 59 65 95 116 149 153 211 258 289 292 
15 12 29 39 44 50 52 102 118 130 141 143 151 201 225 240 
5 37 64 135 165 216 
9 98 114 159 173 210 242 260 275 316 
8 21 82 106 199 208 218 315 317 
9 1 47 121 127 132 184 218 240 266 
10 21 48 53 104 124 208 278 279 287 319 
6 11 124 139 232 264 269 
9 2 30 36 70 86 93 139 180 310 
10 35 66 91 95 174 188 197 203 284 317 
18 3 7 35 42 112 145 153 155 171 211 230 232 243 249 278 280 306 316 
9 20 35 55 133 192 209 233 255 261 
14 7 9 13 53 123 149 170 194 220 225 266 279 288 315 
18 31 46 62 87 94 98 153 156 186 194 200 201 232 271 273 276 283 288 
11 25 50 89 120 172 194 217 239 252 269 285 
9 93 111 144 194 200 209 229 231 246 
7 2 18 156 168 202 214 308 
10 6 13 48 61 72 176 218 228 281 308 
11 18 37 38 94 95 117 121 240 246 257 290 
7 40 70 156 163 177 188 296 
11 0 9 17 87 101 102 149 180 183 240 283 
10 4 6 8 20 27 30 177 257 289 307 
9 0 27 42 82 113 215 263 265 269 
6 35 126 140 278 305 314 
10 5 18 30 81 92 138 139 141 158 180 
3 16 186 305 
8 33 45 89 105 123 188 247 255 
8 4 87 155 180 272 275 282 315 
9 17 19 77 102 192 209 255 297 306 
13 9 24 45 48 57 75 165 167 184 218 224 250 288 
9 1 20 45 103 137 211 219 221 266 
18 2 13 37 43 52 90 97 106 117 120 124 136 151 172 221 239 248 298 
9 15 20 108 142 168 174 273 281 297 
9 25 40 41 45 52 61 220 245 258 
10 35 66 73 80 135 146 165 182 247 313 
7 43 104 179 244 256 296 305 
9 67 79 125 131 148 204 223 237 273 
11 51 84 99 120 130 132 157 165 183 191 311 
9 9 62 93 94 98 199 220 229 246 
14 14 15 42 45 77 152 159 186 213 215 224 232 270 288 
7 61 68 91 146 148 243 281 
9 50 66 71 91 149 187 225 306 309 
11 3 18 50 53 62 71 114 154 272 273 317 
11 41 51 115 127 213 220 236 265 267 268 286 
8 28 84 182 206 220 259 260 261 
11 24 43 56 66 91 109 138 179 192 236 263 
9 38 51 90 219 255 260 283 296 315 
6 147 179 197 271 284 318 
11 73 120 218 231 244 253 261 266 286 287 301 
13 41 54 73 81 113 135 155 164 168 169 194 206 228 
15 40 83 105 121 131 150 176 191 223 234 262 299 307 309 315 
16 23 33 42 45 59 88 105 116 151 158 209 216 230 300 309 313 
17 21 35 79 103 104 123 124 131 135 176 180 194 210 256 289 296 307 
15 2 11 14 17 57 84 112 127 149 158 163 170 192 220 285 
6 49 109 221 271 290 310 
4 30 85 172 302 
7 18 41 98 107 240 250 263 
7 124 142 193 204 212 280 284 
7 40 48 68 121 163 203 278 
11 7 34 63 106 139 154 184 211 219 245 295 
4 75 102 196 221 
11 8 50 56 95 204 220 223 230 234 282 300 
7 96 134 173 192 201 223 306 
13 53 104 117 141 144 160 166 176 205 221 255 265 280 
11 30 71 84 116 124 127 132 136 157 266 295 
15 29 31 48 51 54 132 148 149 168 191 240 257 265 275 282 
10 123 156 161 180 185 235 256 267 294 300 
13 67 84 90 101 125 145 167 210 217 225 252 283 309 
15 38 41 58 71 103 111 139 142 150 155 174 180 189 201 219 
8 50 158 160 169 221 268 269 311 
12 48 65 79 105 119 167 200 250 260 272 276 304 
11 18 59 60 84 105 110 117 165 258 267 280 
16 46 50 89 120 164 181 194 198 214 228 240 245 249 275 286 309 
11 31 76 189 201 211 214 223 238 249 259 283 
13 23 58 96 106 117 133 142 184 227 267 297 308 311 
6 185 188 189 240 257 314 
9 13 19 52 138 231 238 250 282 304 
13 6 27 32 54 90 201 204 213 256 283 303 305 315 
11 33 89 103 105 138 181 209 227 260 262 291 
10 19 58 90 117 118 138 161 165 185 205 
13 10 19 23 32 43 64 127 191 206 294 307 308 310 
4 115 183 224 261 
9 9 30 55 87 102 105 176 251 252 
8 8 24 43 84 117 179 266 307 
6 39 83 146 232 242 267 
10 50 77 98 129 131 132 152 172 219 249 
9 1 60 61 77 112 121 204 244 286 
14 4 24 26 33 44 76 165 173 183 202 215 216 230 307 
10 1 2 11 54 77 116 160 196 268 269 
10 85 110 121 127 172 187 217 260 284 318 
8 0 34 54 168 174 182 301 304 
15 7 11 16 26 39 68 116 181 193 207 216 227 249 265 297 
7 63 120 152 226 227 291 315 
8 29 87 93 137 161 194 211 251 
10 7 100 198 219 231 235 251 260 289 316 
12 13 23 89 93 118 157 183 241 287 292 305 315 
10 0 21 53 65 73 94 106 118 172 255 
11 0 103 121 160 165 174 214 248 281 302 307 
9 9 10 34 36 54 84 104 199 234 
13 11 38 92 138 145 178 192 213 239 259 270 286 307 
10 42 53 63 66 262 272 280 286 288 309 
6 95 112 226 237 256 267 
10 0 17 63 80 102 121 189 193 219 242 
13 14 26 66 69 72 119 211 253 278 292 298 307 317 
10 13 27 38 90 117 148 185 193 197 217 
19 16 19 35 40 45 77 104 106 122 207 208 210 212 215 229 230 281 299 300 
8 28 47 56 92 163 266 297 318 
7 116 122 141 150 186 226 238 
8 119 132 146 162 182 264 265 309 
10 10 161 186 190 210 219 240 256 283 290 
14 72 106 111 159 166 167 170 176 202 209 228 251 252 311 
8 12 102 125 175 178 198 220 285 
16 32 46 55 82 87 90 124 132 140 150 223 225 258 263 275 293 
9 18 32 116 163 218 220 256 262 291 
10 28 31 82 120 123 163 185 201 239 284 
13 8 22 25 69 85 102 118 143 192 198 204 239 262 
7 19 23 102 122 207 234 288 
10 20 36 39 48 65 106 163 191 226 282 
5 17 63 287 300 312 
11 24 67 84 108 138 142 149 177 227 273 300 
7 56 115 140 237 246 248 281 
14 30 39 52 62 85 121 143 150 178 213 237 249 251 298 
9 164 187 188 213 223 261 273 285 317 
10 40 70 103 105 116 135 163 189 285 308 
15 0 36 37 42 45 72 74 172 198 208 231 254 288 289 304 
11 19 33 152 164 174 195 199 253 263 310 316 
16 0 6 8 18 50 88 98 100 136 195 240 257 266 291 311 315 
8 31 61 73 77 80 105 119 121 
9 35 125 131 144 215 232 284 288 306 
11 35 87 97 143 161 201 204 216 257 265 290 
13 33 73 90 134 140 148 192 197 233 296 298 312 318 
9 3 13 58 82 112 127 241 292 314 
11 34 49 119 128 132 157 167 230 294 309 315 
9 17 20 66 78 92 160 162 225 289 
6 20 94 142 175 285 310 
13 23 52 62 72 79 128 175 196 223 227 243 297 310 
15 121 126 128 155 176 191 197 211 262 266 284 290 301 302 308 
5 162 195 218 237 319 
11 25 90 103 118 133 170 189 193 211 248 296 
12 30 64 81 98 106 115 152 168 183 252 277 311 
14 39 47 49 110 144 155 157 191 196 201 225 226 238 247 
15 9 34 46 65 66 67 68 102 105 125 146 224 239 264 267 
9 30 178 179 190 199 208 210 264 271 
8 113 141 188 193 233 234 284 289 
13 0 62 100 157 183 189 207 218 244 266 270 277 305 
9 46 125 147 164 168 177 210 227 245 
11 47 57 91 151 178 195 212 229 283 311 319 
12 28 30 36 66 68 123 207 233 254 255 261 271 
14 8 28 41 54 66 115 121 126 130 167 182 193 224 239 
5 9 20 69 140 163 
4 62 111 206 295 
11 20 89 110 114 130 139 168 182 262 289 309 
8 2 17 19 36 116 132 234 285 
10 8 13 20 97 102 133 203 254 281 293 
12 5 7 17 144 158 169 197 200 227 240 288 314 
9 57 59 158 177 195 232 257 293 307 
11 9 23 64 68 81 104 131 163 215 232 315 
12 8 45 56 105 120 158 162 195 198 279 305 315 
13 9 13 53 63 83 112 126 146 156 189 191 269 271 
7 110 158 199 230 231 234 307 
13 5 19 23 92 96 130 152 174 175 216 238 268 300 
7 42 69 125 126 150 226 241 
12 20 50 75 92 140 158 181 209 263 292 295 318 
16 19 22 55 104 140 144 182 213 217 243 245 250 271 286 302 309 
10 12 41 67 120 142 157 216 229 234 290 
10 57 58 70 82 101 166 190 197 282 306 
14 35 83 99 112 121 138 147 155 162 248 288 303 309 315 
17 21 23 30 65 86 91 96 97 106 114 164 166 224 233 260 304 308 
12 13 32 50 83 84 107 113 116 122 224 228 236 
4 34 52 266 314 
16 18 89 103 114 115 126 165 175 188 224 230 251 268 285 312 315 
11 82 92 134 194 201 220 221 223 230 249 288 
14 14 32 45 54 65 94 120 165 186 193 236 285 298 310 
10 16 30 34 145 154 160 170 193 214 227 
14 23 37 127 131 144 145 172 188 198 207 226 231 241 263 
7 25 70 102 125 163 221 315 
7 21 68 91 158 199 217 288 
16 14 48 63 104 114 140 158 185 212 223 224 232 249 255 286 287 
11 28 32 68 101 129 147 177 212 227 242 245 
10 29 60 63 66 92 137 181 208 209 230 
7 48 64 183 196 200 220 297 
14 27 103 114 151 169 196 205 212 217 238 285 293 294 297 
5 36 45 119 147 307 
6 0 96 98 221 225 319 
8 89 154 173 174 190 259 265 268 
10 2 23 126 129 160 193 213 234 275 313 
11 67 84 152 167 168 194 201 264 274 305 309 
16 17 27 38 47 54 58 71 73 109 118 125 128 162 179 207 301 
8 52 148 184 214 227 283 288 305 
8 2 8 56 137 155 231 256 284 
5 63 93 188 216 278 
10 13 25 88 101 139 197 246 283 289 314 
10 12 14 44 86 112 125 198 216 231 285 
11 4 20 25 68 71 91 173 244 247 275 306 
7 10 22 79 87 193 246 251 
10 3 23 35 45 84 150 173 191 219 255 
14 24 28 63 125 126 138 144 174 224 230 255 267 311 313 
9 0 32 82 109 123 129 216 255 281 
10 5 7 135 146 147 163 174 223 247 288 
8 10 14 42 67 120 135 163 192 
10 10 32 101 156 178 276 297 309 313 318 
7 22 177 200 206 289 296 308 
12 64 79 81 99 116 149 200 230 248 249 250 268 
13 3 29 41 88 105 119 130 154 162 166 242 266 273 
11 2 35 51 71 74 118 128 179 182 208 259 
6 38 53 86 124 165 294 
7 17 97 126 152 237 257 308 
8 56 97 99 123 131 142 147 220 
9 20 29 64 97 101 134 175 200 313 
10 8 103 131 153 166 168 189 204 301 304 
7 75 98 109 165 178 215 227 
10 1 3 7 39 60 161 194 195 239 276 
12 8 75 96 116 118 144 161 182 237 272 304 306 
15 58 65 83 101 117 136 159 179 189 197 222 256 283 299 309 
11 21 26 96 119 124 127 137 154 194 249 298 
10 4 24 96 122 141 213 223 237 255 311 
8 32 60 67 75 122 141 211 310 
5 12 92 152 197 282 
12 26 40 66 100 107 195 200 211 216 284 302 314 
7 52 80 95 123 153 265 309 
11 28 32 66 85 89 95 172 175 256 290 301 
5 37 39 239 307 319 
8 3 56 80 118 125 165 238 246 
7 23 44 66 123 253 264 284 
7 1 21 30 192 197 289 315 
8 27 38 59 63 76 111 156 243 
5 49 59 65 210 283 
6 40 63 110 116 124 153 
13 15 29 30 34 70 85 93 150 158 173 206 250 303 
10 17 34 80 114 118 129 170 218 270 292 
17 7 8 31 52 66 73 99 120 126 130 162 199 241 244 266 279 296 
15 24 25 31 62 100 110 142 167 181 189 196 242 271 276 293 
14 15 39 67 106 164 175 176 187 205 223 225 234 245 304 
9 31 96 101 125 139 152 153 216 230 
6 28 59 101 148 171 230 
15 65 66 82 92 153 169 177 181 207 219 224 229 241 251 296 
15 23 34 53 74 105 147 177 186 196 204 244 254 277 310 315 
8 31 71 107 162 182 189 217 273 
5 14 131 145 166 179 
7 53 148 156 184 215 282 299 
9 1 4 40 165 206 208 234 284 317 
6 31 119 133 185 234 258 
4 112 117 203 215 
12 18 35 72 88 99 105 183 191 254 283 288 317 
11 3 21 81 85 127 144 159 188 233 234 253 
8 26 51 84 156 174 183 225 267 
8 0 8 20 103 158 266 292 316 
11 7 28 30 104 114 119 158 171 172 213 319 
6 101 143 189 240 262 273 
9 32 36 38 108 150 189 216 271 312 
4 12 130 219 281 
9 37 123 129 143 177 220 262 265 285 
10 76 78 88 130 148 197 210 239 241 315 
10 36 48 63 81 94 115 181 218 246 265 
14 15 74 103 105 133 136 140 150 152 156 208 212 235 274 
10 69 70 127 133 176 189 220 254 259 318 
15 94 103 104 120 125 153 161 185 204 216 219 239 253 266 272 
10 20 61 107 133 178 187 188 225 269 289 
13 15 17 45 46 90 122 127 163 179 192 199 249 268 
6 12 44 171 183 223 302 
9 6 14 32 87 104 238 249 253 261 
8 8 76 128 184 207 222 244 271 
22 16 22 42 48 57 65 80 99 103 130 145 148 179 185 209 210 219 223 228 277 289 305 
7 4 18 56 63 147 178 299 
7 57 62 95 156 175 293 296 
9 7 16 100 142 159 183 215 253 308 
8 21 37 59 190 199 236 274 300 
