30 150
11 1 2 4 7 14 15 16 22 23 27 29 
11 0 3 13 14 19 20 21 23 26 27 28 
8 0 3 8 9 12 14 16 20 
7 1 2 17 18 22 24 26 
11 0 12 13 14 21 22 23 24 26 28 29 
11 11 13 15 17 20 21 24 25 26 27 29 
7 7 9 12 17 18 24 28 
7 0 6 11 12 17 23 26 
7 2 10 13 14 16 19 24 
6 2 6 11 17 24 25 
9 8 13 14 18 19 24 26 27 29 
10 5 7 9 13 14 16 19 21 22 28 
9 2 4 6 7 14 16 17 20 26 
11 1 4 5 8 10 11 14 18 22 26 27 
13 0 1 2 4 8 10 11 12 13 19 23 24 27 
10 0 5 16 17 20 22 23 26 28 29 
10 0 2 8 11 12 15 20 21 23 27 
12 3 5 6 7 9 12 15 20 21 22 23 24 
9 3 6 10 13 22 25 26 28 29 
9 1 8 10 11 14 20 22 25 28 
13 1 2 5 12 15 16 17 19 21 22 24 25 29 
9 1 4 5 11 16 17 20 28 29 
14 0 3 4 11 13 15 17 18 19 20 24 25 27 29 
10 0 1 4 7 14 15 16 17 24 25 
13 3 4 5 6 8 9 10 14 17 20 22 23 29 
8 5 9 18 19 20 22 23 28 
12 1 3 4 5 7 10 12 13 15 18 27 29 
10 0 1 5 10 13 14 16 22 26 29 
10 1 4 6 11 15 18 19 21 25 29 
13 0 4 5 10 15 18 20 21 22 24 26 27 28 
30 150
8 2 3 6 12 17 19 27 28 
12 3 4 5 6 7 8 10 14 17 25 27 29 
7 0 12 13 14 18 19 22 
9 0 1 4 12 15 16 17 19 29 
7 1 3 7 15 20 28 29 
14 1 9 10 11 14 16 17 18 20 22 24 26 27 28 
6 0 1 14 20 24 29 
10 1 4 10 12 14 16 19 23 24 28 
11 1 10 11 14 15 17 18 20 24 25 26 
9 5 13 15 18 21 24 26 27 29 
10 1 5 7 8 12 15 17 21 26 28 
10 5 8 12 13 15 18 19 23 26 28 
10 0 2 3 7 10 11 17 20 25 28 
9 2 9 11 14 15 18 19 22 26 
13 1 2 5 6 7 8 13 16 17 19 26 27 29 
12 3 4 8 9 10 11 13 16 18 23 26 27 
11 3 5 7 14 15 18 19 21 25 26 28 
13 0 1 3 5 8 10 12 14 22 23 24 25 26 
11 2 5 8 9 11 13 15 16 19 20 23 
13 0 2 3 7 11 13 14 16 18 20 22 23 28 
10 4 5 6 8 12 18 19 21 22 25 
10 9 10 16 20 22 23 24 25 26 29 
9 2 5 13 17 19 20 21 23 24 
11 7 11 15 17 18 19 21 22 25 27 28 
8 5 6 7 8 9 17 21 22 
9 1 8 12 16 17 20 21 23 26 
13 5 8 9 10 11 13 14 15 16 17 21 25 28 
7 0 1 5 9 14 15 23 
11 0 4 5 7 10 11 12 16 19 23 26 
7 1 3 4 6 9 14 21 
