450 2278
12 57 138 150 152 158 160 236 256 269 292 328 331 
11 7 59 126 175 227 321 327 338 340 372 398 
8 4 69 179 198 296 359 391 429 
9 140 199 231 241 258 344 356 396 446 
10 2 71 93 131 149 200 234 271 273 407 
12 66 101 124 125 159 242 298 337 347 382 397 420 
15 25 46 95 101 115 153 157 165 241 338 340 357 358 362 431 
6 1 32 78 138 147 229 
11 16 40 73 157 221 234 277 285 353 413 435 
9 26 41 109 126 143 222 268 336 449 
10 163 168 176 190 203 212 313 353 401 425 
9 43 70 129 187 195 327 348 370 413 
8 28 140 164 178 217 307 385 396 
9 36 69 125 145 197 396 413 414 443 
8 60 149 154 273 337 352 379 446 
10 161 162 171 178 200 258 310 348 388 395 
6 8 57 87 181 363 377 
9 22 53 113 117 120 217 261 411 440 
9 33 87 102 138 180 245 271 296 364 
6 36 53 72 262 298 304 
9 30 81 155 196 249 258 300 347 401 
6 25 29 212 224 424 443 
13 17 24 78 184 195 230 286 306 325 353 356 364 441 
10 27 85 91 94 143 206 324 328 430 437 
11 22 69 123 227 294 319 348 362 381 383 408 
5 6 21 72 116 375 
9 9 56 96 135 186 227 390 430 432 
13 23 50 52 72 82 168 215 220 243 271 274 329 423 
12 12 47 64 144 199 225 231 275 284 327 389 423 
11 21 58 83 124 194 201 211 297 350 356 420 
7 20 99 172 187 268 326 364 
9 108 156 203 219 268 288 314 384 394 
12 7 37 40 76 92 143 153 178 179 232 341 440 
10 18 68 73 117 155 195 202 324 327 377 
11 73 117 164 212 241 261 271 273 289 324 390 
8 60 74 85 191 241 245 339 359 
14 13 19 89 130 159 172 200 237 276 313 341 344 403 433 
7 32 115 158 161 178 350 411 
12 62 102 107 148 242 339 348 367 378 395 396 413 
7 59 149 197 256 376 390 433 
8 8 32 52 55 256 272 311 355 
13 9 51 59 108 162 247 290 318 321 346 349 386 438 
8 103 166 173 190 211 295 302 374 
11 11 149 159 171 188 193 231 244 273 350 447 
12 212 235 243 258 279 290 346 359 366 422 430 439 
8 55 182 212 335 357 431 448 449 
12 6 66 79 107 110 111 161 175 196 250 294 313 
8 28 85 152 164 229 262 344 434 
8 60 89 196 201 208 282 379 380 
11 71 72 101 139 166 200 207 283 304 379 395 
10 27 81 161 185 233 273 372 388 396 435 
11 41 60 64 77 89 122 132 293 331 370 444 
7 27 40 197 208 285 349 424 
12 17 19 76 77 193 210 215 287 290 311 328 360 
11 116 117 123 156 186 193 202 352 384 409 425 
14 40 45 123 138 171 182 186 189 218 251 264 358 401 417 
8 26 63 85 277 346 406 438 440 
23 0 16 80 86 108 111 158 185 195 215 228 238 241 266 269 272 297 300 318 362 396 398 415 
8 29 94 116 139 210 305 392 432 
8 1 39 41 74 84 121 257 426 
15 14 35 48 51 65 104 149 158 301 305 393 397 407 433 448 
11 133 188 213 217 255 264 269 280 388 419 430 
11 38 78 83 88 101 142 183 295 316 396 402 
6 56 73 108 183 198 411 
8 28 51 69 99 200 251 362 369 
13 60 88 96 105 182 186 214 271 285 286 327 346 385 
9 5 46 67 162 198 371 430 435 447 
11 66 95 97 150 189 195 206 291 322 367 406 
13 33 71 76 98 108 128 153 227 261 303 323 427 435 
12 2 13 24 64 73 137 149 193 215 300 329 343 
7 11 81 88 146 407 426 444 
12 4 49 68 122 139 147 153 208 382 388 391 415 
14 19 25 27 49 74 126 136 162 183 211 214 238 286 410 
16 8 33 34 63 69 95 200 206 207 252 292 347 361 386 408 445 
16 35 59 72 99 103 129 135 171 186 200 234 265 366 399 429 440 
9 110 247 257 284 325 330 334 372 448 
18 32 53 68 80 91 133 134 169 183 185 241 266 303 338 406 427 435 449 
13 51 53 95 107 124 144 196 291 292 303 323 373 392 
11 7 22 62 177 240 314 317 336 360 373 432 
7 46 106 182 304 331 438 449 
13 57 76 128 156 169 213 289 311 360 388 391 432 448 
7 20 50 70 194 207 349 373 
6 27 102 191 207 288 372 
8 29 62 94 178 184 230 320 435 
7 59 159 183 217 291 326 392 
15 23 35 47 56 116 138 144 146 147 179 194 245 335 394 395 
10 57 142 162 200 251 276 347 414 422 447 
14 16 18 94 123 124 138 160 182 238 239 275 358 376 440 
11 62 65 70 161 166 214 231 272 329 345 375 
7 36 48 51 205 383 394 396 
12 115 125 184 193 239 257 262 326 406 408 427 447 
14 23 76 107 129 138 175 187 201 205 213 223 293 327 391 
4 32 191 277 393 
6 4 112 168 213 224 436 
14 23 58 83 87 160 183 238 253 292 352 368 379 387 405 
12 6 67 73 77 129 168 220 306 317 389 395 410 
9 26 65 159 279 301 320 323 347 383 
8 67 144 160 195 218 305 345 413 
15 68 108 127 149 186 237 243 301 317 325 360 364 387 391 421 
16 30 64 74 160 238 257 285 288 293 296 297 317 329 402 419 438 
7 118 141 217 308 352 358 421 
8 5 6 49 62 177 227 285 362 
7 18 38 82 157 217 343 383 
9 42 74 133 199 244 324 336 399 441 
13 60 152 165 205 217 227 263 285 345 359 378 439 448 
6 65 268 365 385 421 434 
10 79 178 183 233 251 289 302 328 336 354 
13 38 46 77 91 127 154 263 314 330 349 363 391 430 
19 31 41 57 63 68 98 179 193 235 276 289 298 355 356 376 404 410 414 419 
12 9 140 179 229 259 269 332 351 367 397 399 401 
13 46 75 126 133 159 196 219 251 252 257 276 305 419 
12 46 57 161 185 202 208 249 317 345 347 348 434 
7 93 120 126 324 349 372 377 
9 17 168 262 322 338 341 378 422 434 
8 170 212 239 307 352 358 423 444 
8 6 37 90 152 232 268 359 414 
14 25 54 58 85 121 149 152 170 298 303 401 428 429 432 
12 17 33 34 54 130 204 221 260 365 395 419 432 
4 100 184 204 409 
8 124 128 154 165 171 236 287 356 
11 17 112 135 158 165 222 251 253 269 291 416 
10 59 116 125 149 162 272 310 319 419 423 
8 51 71 137 138 229 344 363 371 
10 24 54 55 87 135 191 218 271 294 308 
13 5 29 77 87 119 157 182 311 344 409 427 436 437 
9 5 13 90 121 160 232 379 403 421 
14 1 9 72 110 112 196 212 213 227 242 260 291 354 433 
7 98 107 150 285 355 412 420 
6 68 80 119 254 314 384 
13 11 74 91 95 159 160 162 170 187 295 313 316 335 
11 36 117 139 147 162 250 331 419 420 421 443 
13 4 133 143 147 153 156 219 220 282 288 299 397 408 
16 51 133 138 162 211 232 237 238 249 251 272 312 357 372 388 410 
15 61 76 103 110 131 132 175 209 232 257 277 301 359 398 424 
9 76 182 215 266 303 398 405 414 425 
10 26 74 120 123 245 275 297 340 341 423 
7 72 219 226 230 257 373 377 
9 69 122 159 216 229 266 311 383 388 
19 0 7 18 55 85 87 91 122 132 185 191 204 219 284 292 370 389 400 435 
13 49 58 71 130 203 204 208 234 327 357 364 406 431 
8 3 12 109 223 235 284 304 373 
6 100 213 261 394 396 407 
9 62 86 209 217 250 332 358 371 420 
6 9 23 32 131 175 269 
10 28 77 85 97 313 324 341 345 391 393 
10 13 161 191 267 293 314 325 341 381 399 
11 70 85 147 150 155 161 179 225 256 341 417 
9 7 71 85 130 131 146 192 355 408 
7 38 228 239 240 284 289 440 
20 4 14 39 43 60 69 98 116 121 154 283 289 293 299 302 367 380 414 424 437 
8 0 67 127 146 237 336 378 408 
6 159 250 311 322 341 381 
10 0 47 104 115 116 174 191 203 338 355 
12 6 32 68 71 131 231 246 254 302 318 378 403 
14 14 107 119 149 223 225 232 259 303 308 356 374 393 398 
4 20 33 146 388 
11 31 54 80 131 172 209 220 283 327 437 445 
6 6 8 102 124 225 234 
14 0 37 57 60 120 181 225 238 333 350 357 371 380 430 
11 5 36 43 84 96 110 129 137 151 349 408 
15 0 87 94 97 99 125 129 191 195 222 294 318 343 409 433 
15 15 37 46 50 88 111 145 146 183 270 282 298 322 434 441 
12 15 41 66 72 86 121 129 130 132 200 324 400 
7 10 182 212 249 264 282 317 
9 12 34 47 225 284 333 335 437 438 
5 6 104 119 120 258 
9 42 49 88 179 206 221 372 425 438 
6 176 182 232 234 273 311 
13 10 27 93 95 113 190 213 254 256 266 337 349 379 
7 76 80 171 211 281 399 442 
10 114 116 129 192 196 221 250 259 285 388 
13 15 43 55 74 119 169 243 269 290 309 347 381 449 
5 30 36 156 237 426 
7 42 229 245 288 359 384 431 
7 152 223 277 304 314 330 398 
11 1 46 91 133 143 183 202 219 287 332 388 
9 10 167 198 220 229 330 377 394 422 
6 78 101 241 306 351 431 
12 12 15 32 37 83 106 183 200 208 350 352 370 
12 2 32 85 108 109 146 166 298 308 333 353 414 
4 18 373 393 442 
6 16 158 233 279 392 415 
15 45 55 65 79 87 124 134 163 167 188 205 225 235 302 423 
15 62 63 72 76 84 94 106 161 175 178 233 314 358 371 374 
10 22 83 90 118 186 253 324 340 386 398 
12 50 57 76 111 138 191 194 256 282 315 341 378 
11 26 54 55 65 74 98 184 394 420 432 433 
11 11 30 91 129 201 264 267 337 373 407 422 
7 43 61 182 190 258 357 424 
8 55 67 192 225 312 327 344 397 
14 10 42 168 188 230 241 281 326 328 340 371 377 387 442 
21 35 82 92 123 138 145 152 160 185 205 220 229 252 266 309 338 363 387 392 420 423 
8 147 170 189 222 256 285 314 354 
16 43 53 54 69 90 108 195 238 249 254 298 307 318 382 389 407 
6 29 81 85 185 251 311 
12 11 22 33 57 67 97 160 193 250 309 343 430 
15 20 46 48 77 110 126 170 207 225 314 367 378 396 412 422 
10 13 39 52 259 265 295 381 423 431 432 
10 2 63 66 176 210 238 334 354 398 447 
9 3 28 103 260 278 328 357 364 442 
13 4 15 36 49 64 73 74 86 162 178 325 354 417 
9 29 48 91 187 217 248 319 333 403 
11 33 54 111 175 240 293 294 348 364 404 439 
9 10 31 139 152 276 295 311 408 415 
10 117 118 138 139 209 256 296 405 437 444 
13 89 91 104 182 191 210 236 251 292 321 337 380 431 
10 23 67 73 166 216 219 321 358 388 429 
13 49 73 81 82 196 238 245 268 284 296 315 341 366 
11 48 52 71 111 139 178 219 257 296 302 413 
9 133 142 156 204 212 215 217 366 371 
9 53 58 198 205 241 278 308 406 427 
8 29 42 72 132 169 236 430 439 
13 10 21 34 44 45 114 126 163 209 259 305 391 398 
14 61 80 91 93 126 141 168 281 316 346 403 419 438 440 
10 65 72 88 233 244 296 318 323 382 408 
9 27 53 57 69 134 209 312 331 392 
10 137 206 228 254 257 271 339 383 411 445 
16 12 17 61 84 100 102 104 142 201 209 231 295 381 383 424 427 
10 55 97 123 248 271 278 376 404 407 445 
16 31 110 131 136 138 175 206 208 221 232 365 376 397 421 443 449 
13 27 95 131 156 176 191 223 227 255 274 321 331 348 
12 8 117 166 170 219 271 281 296 343 368 436 448 
6 9 120 160 192 304 371 
9 91 140 154 174 220 250 278 299 382 
5 21 93 312 329 335 
11 28 146 154 157 158 164 182 189 196 278 309 
3 136 233 251 
15 1 24 26 68 101 104 126 220 232 328 344 381 398 417 437 
4 57 148 216 312 
13 7 47 109 122 137 173 176 191 249 262 399 406 446 
8 22 83 136 190 257 343 388 428 
16 3 28 43 88 153 217 236 242 244 263 264 268 310 395 410 421 
16 32 115 125 132 133 154 167 219 227 260 277 346 390 415 427 429 
13 50 106 181 183 214 226 248 277 338 357 401 414 440 
9 4 8 74 139 157 167 263 281 364 
12 44 108 140 182 237 255 270 387 403 404 411 422 
15 0 119 205 211 231 240 275 280 287 292 374 417 423 441 443 
13 36 98 132 150 172 235 273 336 359 373 385 395 424 
13 57 72 87 94 99 132 158 193 198 207 280 382 401 
7 87 90 114 148 257 267 361 
6 78 148 202 236 348 428 
10 3 6 34 35 57 76 177 190 210 400 
7 5 38 126 231 255 382 412 
9 27 44 98 171 261 320 350 392 438 
12 43 103 214 231 274 283 307 334 347 352 437 447 
10 18 35 85 135 173 207 327 350 409 418 
5 153 255 282 319 377 
6 41 75 344 424 426 436 
10 201 218 233 283 318 331 384 416 425 448 
11 20 111 132 163 193 229 263 348 370 409 417 
13 46 130 142 151 170 195 223 280 285 368 378 408 444 
17 55 64 86 106 110 120 132 194 205 226 253 275 303 330 381 410 424 
3 73 110 191 
9 94 120 184 251 293 325 337 355 432 
10 128 153 168 193 216 284 374 381 400 430 
6 61 220 235 242 246 359 
13 0 39 40 146 168 185 192 204 272 365 371 389 432 
14 59 75 90 99 110 133 136 208 216 230 239 259 374 378 
8 3 15 20 44 165 188 421 448 
12 109 154 170 197 212 257 298 300 330 392 408 429 
8 117 126 199 232 292 335 386 412 
7 17 34 68 141 243 363 381 
7 19 47 90 113 229 353 389 
9 104 107 231 234 249 286 335 395 416 
10 55 61 163 187 231 331 360 415 422 432 
6 74 197 273 293 301 411 
9 57 76 134 137 168 191 297 338 371 
8 145 187 239 310 325 361 390 409 
12 9 30 31 105 115 207 231 274 355 383 386 394 
11 0 57 61 109 120 143 171 299 358 383 424 
5 161 235 319 372 377 
9 4 18 27 34 65 123 216 218 221 
11 40 57 88 121 132 256 282 294 308 319 407 
12 4 14 34 43 50 167 237 265 280 300 416 439 
8 27 220 244 268 277 308 334 434 
12 28 87 135 236 251 286 298 319 352 358 373 390 
10 36 86 108 110 203 279 316 348 384 385 
11 8 56 92 133 174 232 233 274 316 328 332 
8 199 210 218 223 225 301 377 419 
8 44 96 181 276 292 293 335 385 
9 61 236 238 250 273 314 415 422 424 
8 169 190 213 221 234 387 406 447 
9 48 131 161 163 185 246 272 381 437 
10 49 149 156 244 248 295 370 385 404 433 
11 28 75 138 140 148 164 207 254 314 388 449 
15 8 52 65 99 101 104 127 170 192 250 338 388 400 434 438 
7 22 65 72 263 275 332 361 
12 53 119 175 236 307 322 347 348 355 392 430 444 
8 31 82 99 131 173 306 343 349 
8 34 80 106 108 148 149 306 384 
12 41 44 53 171 291 299 360 374 379 423 448 449 
7 67 77 84 120 126 290 425 
14 0 73 77 94 138 205 236 260 279 297 315 317 335 423 
10 51 91 99 145 149 202 253 265 279 433 
11 24 46 123 160 202 272 312 322 327 338 374 
10 42 62 129 197 203 217 283 347 401 445 
15 2 18 99 204 207 208 214 221 305 334 354 379 393 420 435 
13 29 57 99 135 266 292 308 327 372 377 391 396 433 
16 5 19 108 116 161 179 193 259 275 302 308 342 344 346 368 392 
9 131 149 223 269 290 364 365 388 394 
10 20 57 69 259 273 358 363 400 401 421 
9 60 96 98 133 265 278 317 323 329 
10 42 106 149 153 182 208 298 329 350 435 
7 68 76 77 116 134 154 251 
10 19 49 79 140 174 222 337 388 390 398 
8 58 60 97 110 212 296 309 388 
7 22 95 177 288 289 354 388 
12 12 114 193 244 287 314 328 356 359 375 410 426 
13 100 123 154 179 210 272 274 297 298 311 319 367 403 
6 171 191 195 225 305 325 
8 15 121 231 267 367 389 406 426 
13 40 53 80 124 137 151 167 194 203 308 387 433 449 
7 132 189 215 224 228 294 445 
6 10 36 46 129 144 380 
14 31 78 107 128 145 174 183 192 196 280 284 307 351 441 
6 185 207 292 319 384 445 
6 62 129 213 276 277 429 
10 78 95 98 99 111 163 292 301 412 435 
8 41 57 153 160 193 214 248 446 
15 24 121 201 246 270 272 275 308 315 343 350 380 392 434 435 
5 83 96 243 351 376 
8 1 41 205 206 220 427 436 449 
9 67 113 151 161 287 294 363 364 438 
7 68 77 96 214 301 401 436 
11 23 33 34 103 112 144 162 184 384 388 433 
12 22 75 98 145 200 253 267 309 339 369 392 431 
4 30 84 90 190 
14 1 11 28 33 65 91 139 156 189 245 294 297 369 436 
13 0 23 53 106 190 199 227 277 307 330 349 357 370 
8 27 69 88 99 224 301 302 448 
8 75 107 174 176 251 259 328 406 
10 0 51 79 130 215 220 248 264 345 443 
7 109 142 175 277 286 409 447 
5 158 164 179 201 414 
9 75 198 244 274 296 358 379 417 446 
9 45 85 129 164 224 260 263 279 292 
10 9 78 103 106 150 237 368 404 412 413 
9 5 14 168 187 205 253 304 346 432 
12 1 6 76 113 152 191 233 266 285 294 339 361 
7 35 38 216 325 338 346 428 
7 1 6 135 184 190 392 400 
15 32 36 113 135 144 145 146 151 185 207 343 348 356 388 432 
3 298 343 394 
11 69 102 160 195 221 230 288 319 341 342 373 
12 3 36 47 122 124 189 227 247 298 364 370 432 
8 88 97 104 111 144 331 372 445 
14 41 44 56 65 213 232 298 337 339 351 353 391 421 429 
12 5 20 73 86 96 111 171 244 287 295 398 415 
16 11 15 24 38 111 202 220 240 249 276 287 341 366 393 418 429 
12 41 52 81 107 112 159 168 288 328 398 411 413 
10 29 37 43 158 178 243 245 302 319 369 
7 109 177 314 320 346 363 424 
10 14 54 94 100 114 178 244 275 420 430 
10 8 10 22 179 262 346 361 373 410 416 
8 106 126 192 198 200 296 306 379 
8 40 108 127 147 152 253 268 287 
13 3 22 29 108 119 154 307 341 392 394 430 436 439 
11 6 45 132 139 158 188 199 233 328 421 444 
12 6 55 87 100 114 142 183 206 269 275 300 334 
12 2 35 44 104 115 133 173 237 255 307 361 365 
8 53 78 80 98 264 290 364 445 
8 73 239 267 286 338 353 359 407 
8 6 24 57 64 101 408 441 448 
9 16 107 122 191 261 300 322 351 428 
13 18 22 30 98 139 199 202 234 299 322 344 360 369 
8 105 117 219 256 299 359 379 401 
7 44 74 207 209 348 371 412 
10 38 67 109 149 196 308 310 396 400 437 
9 94 221 250 298 336 373 378 406 430 
9 64 325 327 350 364 390 423 427 441 
10 11 51 138 178 249 283 328 344 402 415 
12 66 122 142 158 183 190 209 222 256 266 366 393 
11 1 50 75 82 112 132 166 270 297 345 426 
13 77 78 81 136 140 180 187 237 275 343 353 368 430 
9 42 154 183 236 254 257 290 294 376 
5 25 88 307 393 433 
8 39 87 108 218 219 320 374 435 
13 16 33 112 136 176 190 246 270 278 297 379 439 444 
12 38 104 113 150 153 185 196 250 257 368 440 449 
15 14 48 49 94 125 168 290 296 334 354 365 377 393 394 420 
7 48 149 158 205 313 319 414 
11 24 145 151 171 197 217 227 251 254 261 282 
8 5 71 193 214 223 238 242 412 
9 24 89 96 102 137 216 217 268 269 
10 31 54 128 173 248 276 289 315 324 412 
9 12 65 105 237 276 279 283 428 435 
5 41 73 184 260 268 
9 94 98 190 191 235 281 311 428 441 
21 15 50 61 71 80 132 137 155 170 175 206 230 284 285 299 304 305 306 324 341 447 
8 28 95 138 193 256 262 310 410 
11 26 34 39 232 267 275 304 369 418 443 447 
12 2 71 80 91 98 107 144 212 297 346 403 410 
14 58 77 84 181 191 215 243 259 287 298 319 325 340 356 
11 60 92 144 154 180 296 348 371 375 379 419 
12 31 85 89 141 176 186 268 299 342 356 379 449 
9 15 38 49 85 95 117 231 237 263 
13 3 12 13 38 50 57 62 89 141 196 297 367 445 
9 5 60 109 131 189 219 408 420 445 
13 1 57 133 134 154 174 184 198 212 227 304 347 349 
6 74 103 109 145 169 229 
10 138 162 241 254 285 300 340 367 403 415 
12 10 20 55 109 116 233 238 295 300 323 365 411 
3 62 99 370 
12 36 125 153 201 213 235 308 391 400 411 432 435 
7 108 202 218 235 283 336 431 
3 94 134 204 
11 56 67 76 90 139 210 229 281 310 330 368 
11 4 60 70 141 187 193 218 272 361 427 442 
14 24 73 90 131 147 150 159 203 214 250 259 362 397 444 
10 54 118 124 160 245 249 267 332 434 444 
10 72 95 108 132 231 251 307 353 389 391 
10 17 37 63 216 235 265 349 401 403 429 
11 127 196 242 260 317 336 366 382 384 420 423 
10 8 11 13 38 97 208 336 349 416 437 
11 13 86 108 115 134 149 179 233 333 380 442 
10 57 71 181 203 232 264 280 347 370 400 
6 120 248 263 273 353 413 
8 55 146 200 227 236 249 334 436 
3 245 348 390 
11 61 99 108 110 117 121 130 213 278 393 443 
12 5 29 127 130 142 186 191 296 352 379 397 412 
12 98 100 105 125 130 219 231 258 300 346 357 423 
11 44 86 113 176 187 196 235 264 280 439 440 
15 27 28 114 121 135 182 191 197 236 290 292 369 412 421 448 
15 21 52 133 149 188 217 237 247 251 269 280 351 429 436 449 
6 10 54 134 166 248 291 
7 59 70 172 247 307 310 372 
10 68 76 90 124 210 217 232 321 369 407 
7 116 230 240 339 363 385 387 
11 2 74 116 206 232 259 316 346 348 411 424 
15 23 26 44 61 66 107 158 195 211 254 287 352 356 368 373 
9 6 45 139 173 177 197 205 325 404 
15 26 58 78 80 116 117 186 197 253 256 264 337 341 344 403 
13 36 39 60 126 160 186 283 293 297 311 324 375 435 
9 47 105 111 113 161 274 285 319 409 
15 8 50 66 68 76 83 138 296 302 317 319 376 385 403 433 
10 93 124 221 247 321 323 327 356 417 424 
11 23 124 149 156 164 204 227 244 282 367 413 
10 41 56 79 99 164 166 213 243 285 322 
9 44 104 202 211 273 356 377 422 446 
10 17 32 56 74 87 148 213 233 378 422 
8 22 103 161 236 314 362 369 387 
6 169 180 190 199 407 414 
8 13 21 130 219 236 331 390 419 
10 51 70 114 204 250 287 357 377 408 409 
11 73 156 216 218 295 312 315 345 360 396 397 
6 3 14 229 318 334 439 
10 43 66 86 90 198 244 281 332 388 390 
12 45 60 75 80 104 221 248 258 290 329 362 423 
13 9 45 76 79 171 219 284 290 311 321 378 394 424 
450 2278
5 29 98 320 371 440 
12 47 62 87 101 114 119 135 163 196 254 284 396 
11 21 43 79 247 270 288 304 349 418 422 426 
7 136 223 243 296 307 341 413 
9 32 94 108 129 278 300 307 418 423 
11 21 43 105 134 166 175 187 215 271 277 291 
4 45 133 163 207 
13 10 29 37 65 74 262 273 284 309 318 371 375 445 
13 13 28 47 67 129 144 158 188 252 337 368 380 408 
7 68 95 166 202 276 312 390 
16 7 66 70 92 122 171 174 201 238 264 284 293 314 335 360 431 
13 16 100 118 167 186 230 249 252 261 278 322 386 397 
16 20 25 44 45 218 224 243 300 310 342 366 375 390 402 430 432 
6 8 38 273 277 297 408 
13 48 71 88 152 217 220 222 237 264 328 341 395 423 
13 75 83 105 113 191 241 246 287 350 383 427 447 448 
8 11 157 187 238 264 297 330 375 
13 131 165 187 232 252 272 306 309 346 352 381 447 448 
8 48 116 117 132 232 292 300 429 
13 27 36 37 93 114 128 196 197 240 253 287 317 423 
10 12 33 84 124 132 186 225 255 338 418 
9 2 5 41 122 143 179 238 278 311 
6 50 83 192 226 235 379 
7 173 193 214 247 248 297 383 
9 40 56 111 135 279 312 420 440 441 
11 12 59 73 238 261 283 296 345 378 393 431 
12 131 198 211 235 255 261 310 322 356 382 389 406 
9 19 75 93 122 210 231 336 372 389 
13 8 113 145 166 204 211 271 303 348 349 375 411 436 
12 0 7 93 97 149 193 207 301 368 397 422 441 
10 73 82 106 221 266 307 327 335 383 447 
9 88 146 158 198 199 250 320 375 448 
11 4 67 128 137 181 238 275 316 365 372 403 
13 20 84 99 143 186 260 273 331 339 345 347 358 384 
10 85 202 241 265 269 294 321 363 399 402 
10 58 148 201 231 252 263 316 326 342 390 
9 19 74 165 168 190 191 232 375 420 
14 7 19 73 152 197 247 267 275 284 313 339 407 432 445 
5 13 150 299 349 362 
9 131 182 196 204 309 310 312 318 400 
5 24 46 83 311 388 
6 21 111 158 181 381 433 
14 70 75 116 134 150 157 173 205 235 339 411 421 428 446 
8 2 5 44 91 104 282 316 376 
12 12 43 201 240 272 333 366 377 418 428 430 447 
11 6 12 47 49 119 182 184 232 270 282 351 
9 40 63 126 148 150 154 200 213 278 
15 1 8 45 56 75 89 119 143 206 250 260 293 320 322 374 
13 14 18 53 85 95 135 148 156 173 297 330 350 396 
15 45 56 71 83 89 100 104 155 164 208 248 269 284 285 304 
13 22 107 111 133 140 236 247 271 315 383 388 394 417 
10 108 145 163 220 298 350 354 399 432 433 
7 85 102 133 196 360 412 438 
15 48 88 149 157 194 203 213 259 304 319 350 354 381 406 411 
9 57 88 94 95 273 326 343 345 444 
10 97 126 176 221 242 269 337 414 434 447 
8 24 47 49 201 257 371 404 415 
13 54 94 114 143 152 161 201 236 265 301 361 372 400 
6 35 111 139 162 266 343 
6 25 79 133 224 295 408 
13 79 91 134 176 200 257 263 271 365 390 404 405 447 
10 70 78 84 100 156 280 342 366 379 398 
10 1 75 84 89 120 180 325 389 425 433 
11 46 70 175 190 241 264 302 338 368 373 435 
11 68 74 102 132 162 262 327 359 393 421 447 
8 7 166 174 252 276 321 392 427 
13 10 155 160 175 184 224 240 257 274 309 407 410 419 
12 8 32 97 159 173 225 295 329 339 375 392 428 
9 9 64 214 258 312 340 395 404 432 
10 198 203 279 308 354 359 376 379 422 443 
19 10 42 61 63 72 105 163 183 202 209 221 329 350 354 363 377 400 420 421 
13 14 49 78 86 87 127 134 153 183 270 274 324 347 
6 70 146 187 207 367 445 
12 25 30 37 102 131 192 199 210 232 233 317 419 
9 7 36 64 94 208 250 293 322 338 
14 15 27 42 47 62 86 140 228 234 281 341 348 350 361 
7 98 191 254 274 390 396 422 
12 159 200 215 246 270 300 325 382 398 425 429 435 
10 61 71 90 111 112 143 208 318 325 413 
11 2 59 60 90 140 196 228 280 334 367 390 
6 86 138 162 182 306 386 
9 87 214 352 386 389 399 437 442 443 
9 30 255 257 272 286 366 383 387 416 
14 15 22 40 49 162 169 182 213 236 294 389 415 421 447 
12 20 33 61 62 140 169 200 201 207 228 294 394 
10 34 48 52 86 151 197 229 333 366 433 
15 71 75 80 85 108 128 163 206 276 295 316 350 397 421 427 
11 1 71 81 250 304 345 346 354 401 433 443 
6 14 31 53 54 266 431 
8 47 49 62 123 188 208 232 266 
10 78 79 91 152 179 233 272 295 312 383 
11 43 60 90 205 258 284 298 299 308 318 339 
7 10 107 113 223 320 336 419 
12 19 27 29 104 129 257 264 275 315 377 390 419 
13 4 54 57 74 141 147 156 202 286 308 401 424 430 
6 9 48 54 97 213 326 
8 97 121 169 313 340 382 388 431 
15 29 55 67 95 96 117 161 195 236 240 267 327 334 417 449 
6 0 76 359 375 382 406 
8 33 100 106 147 160 267 302 427 
11 11 49 61 99 105 173 197 209 324 376 404 
7 1 253 254 275 289 355 401 
12 52 64 73 146 172 190 284 311 365 383 385 386 
12 114 122 126 184 212 225 251 293 400 433 443 446 
13 43 49 93 117 121 157 253 285 312 343 352 356 382 
16 5 15 70 100 115 159 160 186 236 268 299 309 338 366 426 431 
12 30 99 204 208 246 263 276 339 349 378 395 432 
3 50 92 160 
11 4 51 86 240 256 265 299 417 426 430 432 
3 210 250 276 
7 132 222 245 268 385 414 444 
10 24 41 50 58 78 130 285 298 376 397 
7 78 161 167 231 298 406 430 
14 15 28 92 140 143 159 186 247 268 274 305 345 438 449 
11 1 19 57 103 184 186 314 335 347 376 445 
13 105 178 225 231 266 275 336 347 382 393 401 406 413 
15 18 42 120 157 243 256 268 287 290 300 314 331 411 421 422 
5 18 97 104 162 255 
8 11 153 187 215 323 345 391 419 
15 1 45 47 122 155 183 201 202 241 247 260 374 378 400 427 
12 62 116 160 210 302 327 336 350 399 438 440 442 
10 96 104 152 154 163 165 296 355 417 421 
12 10 21 27 103 119 145 276 285 297 317 326 444 
6 89 146 176 356 374 397 
8 20 151 215 329 365 372 391 422 
7 160 173 193 232 296 381 414 
11 46 55 103 127 131 145 219 266 339 357 442 
11 71 126 130 186 244 251 277 282 338 346 348 
12 19 32 86 185 246 251 276 316 342 389 424 447 
9 4 8 93 198 212 218 332 333 417 
10 111 127 174 205 224 254 292 321 357 433 
13 17 26 39 73 126 155 158 203 274 319 362 370 425 
13 18 20 64 110 185 211 264 272 322 344 345 354 364 
11 6 50 52 59 165 303 309 326 398 431 437 
13 5 42 60 71 135 144 220 265 320 370 399 427 447 
11 1 24 48 134 228 268 294 328 361 362 429 
7 3 258 261 269 358 390 417 
8 32 138 156 213 265 284 299 354 
8 80 137 253 260 317 380 435 445 
10 58 158 159 261 311 326 332 336 369 424 
15 50 75 79 84 113 177 182 256 323 327 360 394 414 418 435 
9 94 168 176 236 244 245 302 398 446 
6 233 248 266 283 324 345 
11 21 33 47 57 78 113 225 241 301 306 334 
9 8 134 163 182 381 395 414 417 447 
9 28 51 122 126 202 258 273 298 304 
13 31 72 102 123 154 163 209 321 332 366 372 385 395 
9 94 99 265 290 294 330 358 411 442 
11 35 46 48 208 318 325 348 352 365 371 400 
10 29 53 179 183 201 208 210 294 349 394 
9 38 42 46 235 295 319 343 363 446 
8 85 124 216 279 358 369 439 442 
9 14 37 57 90 121 158 174 224 379 
7 71 118 171 208 233 380 442 
8 46 121 146 156 302 332 333 363 
8 49 66 119 131 185 316 338 361 
12 48 61 94 137 154 176 209 210 249 347 352 443 
13 16 42 53 104 116 160 161 163 188 404 415 420 434 
10 8 31 41 131 139 152 189 203 337 383 
10 67 77 105 113 139 160 167 329 370 422 
17 66 99 105 107 120 125 157 159 162 199 234 328 344 354 384 393 394 
9 57 97 112 157 233 242 319 321 358 
11 58 64 80 83 117 160 181 212 234 277 399 
21 1 6 51 70 86 121 144 146 157 166 185 192 269 307 341 375 377 410 411 417 439 
11 49 245 246 273 279 288 298 330 369 405 426 
7 17 36 121 133 199 306 435 
6 5 9 28 65 163 241 
19 11 112 159 171 174 177 184 193 210 224 246 311 355 357 388 401 406 429 447 
8 36 141 184 213 248 298 320 434 
7 83 84 96 207 283 294 418 
4 286 313 323 337 
8 10 153 167 183 227 256 298 350 
7 102 227 242 261 307 393 435 
13 23 42 48 67 100 125 181 192 237 257 282 289 336 
9 10 65 130 152 167 250 318 340 435 
9 5 63 66 199 249 285 358 374 419 
9 55 60 123 141 156 190 255 422 429 
6 140 167 283 339 437 448 
5 115 215 286 318 347 
8 21 90 149 244 256 268 321 337 
7 62 220 229 312 327 335 405 
7 32 41 162 173 274 322 323 
12 39 45 80 83 140 144 196 209 310 337 380 403 
15 70 71 119 149 171 193 228 271 326 403 413 414 428 440 441 
11 45 66 103 114 167 168 314 359 391 408 427 
6 128 132 155 163 213 358 
12 11 20 33 105 113 114 127 221 295 384 391 403 
11 5 16 17 72 118 195 265 274 352 360 417 
9 8 89 157 234 261 279 306 396 443 
6 158 240 282 295 347 415 
8 36 63 102 176 200 306 336 406 
8 15 36 76 246 247 254 301 396 
14 22 73 163 173 195 204 210 211 300 323 358 361 429 440 
13 23 29 125 167 183 219 251 292 301 330 352 401 414 
7 53 240 264 278 306 376 394 
7 97 187 192 221 337 346 399 
9 1 19 39 52 79 182 312 327 384 
10 19 37 85 100 236 288 300 320 400 425 
11 26 31 69 129 257 279 287 315 356 384 406 
8 31 73 160 165 175 289 372 398 
8 46 60 77 84 190 302 312 413 
11 10 35 44 56 57 84 119 149 301 419 436 
9 9 34 70 94 119 145 251 350 351 
7 53 69 131 158 366 371 428 
9 28 39 106 192 237 299 376 381 447 
6 42 91 130 241 377 440 
9 47 86 263 313 335 391 396 431 441 
12 6 29 72 84 169 217 218 262 311 315 414 431 
20 49 74 78 89 106 148 149 153 232 273 296 324 357 364 365 388 391 393 401 415 
8 70 100 146 156 182 301 307 395 
16 27 73 109 120 149 156 167 192 220 246 261 296 305 311 396 418 
9 26 28 132 192 219 227 278 294 401 
9 103 129 162 219 237 283 312 315 424 
11 46 53 83 95 137 168 185 232 239 257 302 
9 23 68 81 227 235 248 272 304 407 
7 5 77 118 124 178 249 288 
7 151 313 350 369 373 419 425 
8 14 207 326 354 355 380 426 436 
15 12 129 207 239 241 276 282 338 347 377 399 423 429 439 443 
7 126 193 211 212 307 344 405 
13 14 51 134 180 210 232 303 311 365 426 434 440 441 
10 30 55 70 186 195 253 365 368 379 441 
13 14 110 285 292 308 318 338 357 370 408 414 443 447 
8 3 92 228 276 337 338 419 424 
10 12 59 66 130 152 167 235 347 384 413 
9 20 67 103 115 143 343 363 390 422 
6 22 307 320 326 350 447 
5 171 172 211 214 228 
8 75 79 84 135 183 223 227 346 
4 85 180 346 400 
5 11 339 340 346 446 
10 27 35 112 115 244 254 275 367 386 394 
14 17 18 36 45 73 89 125 208 213 220 256 289 429 431 
10 73 90 142 153 161 263 344 411 436 443 
9 75 160 162 188 324 346 355 358 443 
8 22 26 42 150 214 224 324 413 
11 50 57 83 97 105 141 197 259 319 335 398 
12 14 173 204 212 246 300 305 308 322 398 414 434 
10 10 16 21 25 32 258 327 338 339 348 
11 213 218 275 288 311 331 363 380 387 418 445 
12 19 44 66 97 108 189 194 257 289 360 403 418 
13 15 34 63 119 143 166 205 218 257 310 339 340 416 
6 55 161 172 334 367 392 
6 3 12 116 367 373 430 
9 127 141 179 231 290 309 325 345 385 
6 110 141 164 337 351 388 
16 15 77 106 128 164 167 191 210 237 313 329 364 366 368 397 433 
10 2 23 37 50 113 119 191 304 325 397 
9 23 49 142 168 214 309 349 401 428 
6 11 156 175 215 297 393 
12 31 47 74 87 109 174 264 340 363 404 405 429 
10 103 127 128 193 202 265 320 339 387 430 
12 8 11 17 35 65 277 283 289 398 407 416 436 
15 19 101 104 138 221 278 304 317 326 333 334 338 417 427 436 
11 1 76 101 130 191 231 257 310 411 428 446 
8 20 26 82 117 176 259 285 335 
9 108 116 140 171 179 232 322 368 419 
15 56 60 66 82 93 173 198 213 240 241 254 274 317 365 435 
10 68 91 136 145 238 283 368 395 409 419 
7 53 236 255 337 359 364 393 
8 33 47 119 138 274 392 394 448 
14 11 25 26 136 139 172 188 210 304 335 370 408 431 437 
6 7 64 207 348 360 386 
9 35 60 106 206 233 314 347 388 439 
13 10 14 16 63 93 132 194 250 319 322 386 393 414 
14 34 57 108 134 137 147 187 251 297 302 304 318 342 420 
12 30 58 88 89 115 126 142 271 273 287 356 364 
8 37 97 99 285 290 334 432 447 
8 105 110 113 116 135 179 356 389 
8 34 49 55 136 163 345 363 382 
5 2 45 71 77 449 
10 5 28 50 60 183 266 338 377 416 418 
12 17 44 82 90 132 214 300 325 339 379 384 396 
10 7 13 33 54 145 164 208 266 301 378 
14 66 71 76 113 131 181 187 257 260 277 352 386 408 446 
8 32 37 93 101 115 231 239 421 
11 9 65 86 106 109 122 128 218 223 336 440 
7 5 13 127 162 252 274 320 
10 4 11 21 46 194 211 253 408 427 437 
11 24 69 151 164 188 198 286 295 336 342 420 
3 61 79 427 
3 75 381 400 
10 43 45 127 173 189 218 302 316 363 370 
10 25 142 169 177 212 252 258 383 406 441 
9 1 7 10 37 49 91 102 137 396 
12 49 104 111 122 175 222 255 267 319 322 349 411 
7 82 94 170 178 279 340 427 
9 15 19 116 198 266 359 379 393 435 
7 2 164 197 215 239 342 416 
13 101 173 199 232 240 252 307 343 370 389 390 420 435 
8 116 147 244 267 341 418 424 435 
5 5 320 406 418 440 
6 18 130 193 222 368 435 
8 10 47 74 103 353 380 382 383 
10 34 83 84 135 147 149 169 211 364 440 
13 59 67 86 90 150 186 189 279 317 342 345 407 420 
14 3 25 121 125 208 210 317 361 363 383 391 433 443 449 
10 13 16 23 48 122 249 265 331 393 429 
10 51 91 111 112 145 164 168 171 316 354 
7 38 91 105 108 137 204 409 
12 4 12 18 77 116 192 197 237 272 355 360 389 
12 29 57 143 191 193 201 209 273 338 370 379 445 
12 63 99 120 141 154 200 213 265 282 329 411 422 
8 28 133 220 325 333 340 374 375 
13 2 49 53 87 145 214 247 253 261 265 353 413 438 
6 113 210 237 306 332 347 
10 17 80 143 165 188 190 194 305 338 442 
9 3 4 30 163 172 209 219 226 289 
8 69 91 94 222 237 322 367 401 
15 7 17 39 66 105 133 244 248 359 360 382 393 414 419 431 
7 12 26 39 182 241 254 345 
12 21 40 102 139 167 207 210 220 239 363 378 388 
16 9 24 39 68 90 104 180 196 200 212 323 330 344 359 393 422 
12 37 96 170 206 216 246 330 332 346 372 412 419 
8 10 114 116 184 263 362 376 442 
10 50 93 198 207 212 345 350 373 408 437 
8 32 35 43 86 128 155 282 298 
10 19 73 122 138 253 257 295 296 338 425 
11 7 39 78 91 148 174 178 222 265 375 433 
8 53 131 150 161 236 264 285 354 
13 0 31 47 92 134 168 197 226 251 277 291 337 356 
7 34 65 130 146 161 179 382 
12 11 26 47 74 132 181 237 256 264 285 308 411 
7 118 140 170 181 192 312 407 
10 71 100 142 208 234 235 420 427 430 439 
12 62 77 78 148 244 247 272 303 364 374 412 422 
11 35 54 95 122 133 139 183 217 226 253 339 
12 30 64 97 120 140 180 196 238 350 354 374 425 
6 14 135 160 363 377 416 
8 67 70 124 159 246 302 332 380 
10 16 48 147 164 193 312 313 414 431 434 
8 33 116 239 297 352 354 366 374 
7 129 139 146 154 305 313 329 
9 44 85 129 154 253 303 353 418 440 
8 79 97 143 242 253 267 352 396 
12 10 30 114 180 206 236 255 261 353 401 411 422 
13 27 92 115 120 139 173 190 276 279 351 367 389 416 
14 8 55 158 170 179 182 195 223 245 259 320 341 398 444 
21 20 63 74 105 127 155 218 222 223 238 253 271 301 306 317 359 360 387 392 395 412 
16 33 37 42 67 91 106 126 177 230 238 241 251 272 326 369 410 
12 68 96 174 230 241 250 286 303 353 355 386 422 
9 3 14 75 163 290 337 401 406 444 
9 12 35 61 128 265 279 288 295 364 
9 54 58 104 150 225 289 366 422 438 
11 132 160 219 233 312 352 368 371 423 432 439 
16 25 33 54 87 113 118 132 142 244 269 295 310 315 385 399 427 
10 17 87 127 195 228 229 230 234 313 424 
14 33 71 114 115 156 178 189 218 224 263 305 404 407 441 
10 28 75 127 148 238 262 363 389 398 420 
8 2 28 38 106 149 248 285 427 
14 15 48 51 53 70 75 86 120 171 202 216 226 315 327 
4 45 202 245 336 
15 17 81 104 148 156 187 193 274 331 334 344 375 398 431 432 
6 293 304 333 335 340 413 
14 51 53 69 70 87 132 137 160 217 298 319 327 331 383 
8 101 121 167 217 234 300 340 445 
9 26 104 123 198 266 268 320 429 430 
8 126 130 167 208 222 373 392 394 
12 33 136 147 151 161 175 185 192 234 401 424 439 
11 64 69 98 184 259 287 309 312 338 389 408 
11 10 52 140 187 240 262 300 309 338 420 430 
8 57 75 135 155 192 296 434 443 
6 38 131 135 314 393 449 
15 34 70 150 154 225 239 250 269 282 296 311 328 348 437 445 
11 132 208 246 259 266 294 325 342 407 412 422 
10 32 60 102 124 148 208 220 221 257 390 
11 12 44 61 82 85 105 146 203 246 331 343 
11 72 79 231 242 243 308 336 424 428 435 443 
10 8 29 63 221 246 256 258 292 344 389 
8 139 151 164 216 339 382 417 438 
12 131 134 159 222 261 282 289 301 378 401 420 441 
9 0 7 56 148 203 344 377 418 426 
11 27 32 57 124 146 199 313 414 434 437 444 
7 63 216 243 315 357 390 409 
9 47 119 123 175 303 325 327 331 448 
13 7 12 16 28 31 36 67 98 163 303 318 352 376 
10 43 69 100 111 114 194 204 314 375 421 
12 44 70 93 163 205 218 271 328 371 380 414 447 
8 25 106 119 273 311 370 382 448 
10 22 61 69 152 221 272 287 301 431 447 
13 8 138 153 182 217 239 293 329 377 400 421 426 443 
9 17 41 53 125 144 204 281 388 414 
12 26 77 96 98 104 115 269 293 309 321 369 378 
12 15 23 30 50 82 90 102 158 283 293 296 354 
10 33 160 186 196 198 224 272 388 412 447 
6 102 110 146 244 345 439 
9 11 80 81 102 231 262 264 274 340 
4 82 239 251 338 
11 40 50 96 167 208 245 263 311 381 384 415 
15 26 27 62 81 83 128 268 289 300 336 348 359 368 403 429 
12 9 12 35 60 76 79 93 136 225 289 365 373 
10 118 124 184 186 206 208 296 411 426 440 
7 65 67 242 260 338 357 424 
15 25 64 115 160 172 208 249 259 264 287 297 309 312 362 436 
10 50 84 140 149 160 194 231 260 357 398 
9 14 68 106 144 146 209 258 338 407 
12 1 48 76 188 191 206 210 272 284 334 403 407 
8 11 29 86 111 123 246 247 447 
13 61 77 133 141 199 236 237 252 337 348 352 394 421 
10 34 51 81 120 134 162 195 218 345 411 
10 39 57 70 103 119 148 197 229 281 380 
15 87 94 101 115 167 193 208 211 248 308 335 341 358 370 428 
3 12 34 442 
9 32 182 183 186 240 389 396 412 448 
7 56 60 68 100 157 250 347 
6 60 164 180 219 250 408 
12 26 53 98 112 115 167 190 198 283 291 341 441 
11 37 66 214 252 295 323 347 364 395 396 423 
14 8 13 59 184 222 261 274 278 315 359 405 420 441 444 
4 258 299 373 447 
3 66 163 339 
15 28 42 53 116 147 163 233 254 285 302 322 335 391 399 425 
10 52 313 325 338 364 384 403 442 444 448 
9 3 78 115 183 200 224 235 304 353 
18 55 110 125 140 144 183 193 207 222 237 264 309 330 372 377 381 417 420 
7 56 83 157 189 208 388 440 
7 82 241 252 271 288 328 336 
12 50 97 108 121 129 136 144 163 187 253 369 414 
15 2 4 20 44 140 169 210 239 240 271 290 291 333 371 439 
14 66 73 92 93 118 175 201 216 223 256 258 309 313 427 
14 24 36 70 157 265 279 289 295 324 348 360 370 408 414 
12 42 64 70 83 86 116 121 275 376 380 398 447 
16 2 29 69 76 116 124 159 176 225 302 312 325 335 340 343 364 
6 4 14 19 218 344 407 
13 94 128 139 212 223 290 346 358 367 392 429 432 438 
8 62 77 131 197 216 317 327 411 
11 2 105 108 164 217 220 371 380 391 440 447 
16 15 65 86 99 119 134 184 253 278 280 286 324 345 349 419 428 
10 42 44 67 183 203 248 254 367 401 427 
13 18 77 135 167 176 192 218 232 250 297 356 389 424 
11 12 44 94 108 112 243 251 324 356 360 433 
16 10 25 88 96 105 133 206 207 232 261 309 330 352 379 442 446 
11 12 37 51 68 106 108 267 344 352 424 440 
11 41 51 62 85 87 103 130 246 296 318 430 
9 55 157 168 220 237 330 361 372 448 
14 63 77 138 140 165 172 174 257 287 289 290 292 367 439 
7 28 201 217 233 252 253 393 
8 81 133 177 261 278 315 363 372 
7 52 113 120 304 343 369 424 
10 151 163 218 263 324 344 358 385 418 435 
15 0 24 120 183 192 205 220 276 291 294 333 391 415 426 432 
12 24 29 183 206 220 221 283 347 370 406 408 443 
11 81 120 126 147 151 153 306 314 402 412 431 
15 69 81 87 103 156 188 218 222 233 234 296 361 367 380 441 
8 54 110 122 337 341 372 408 412 
9 7 37 72 114 138 239 301 355 363 
8 42 103 141 150 230 254 274 431 
23 15 17 30 44 55 60 64 83 128 134 144 167 204 222 226 267 377 379 384 397 409 421 426 
10 15 17 31 177 260 374 378 403 412 434 
5 97 113 270 296 362 
