40 205
9 2 4 7 16 22 23 27 29 31 
9 4 9 10 11 13 16 17 18 31 
4 0 24 28 30 
11 7 8 16 17 18 21 23 24 30 36 39 
12 0 1 5 8 11 14 16 19 24 25 31 35 
8 4 6 7 18 21 29 30 35 
7 5 14 20 27 28 35 36 
15 0 3 5 8 9 14 16 17 19 21 22 24 29 30 36 
10 3 4 7 10 11 24 28 32 36 37 
12 1 7 14 19 22 25 26 31 32 35 37 38 
10 1 8 13 14 16 20 25 26 27 29 
13 1 4 8 13 14 16 18 20 26 28 29 32 36 
9 17 19 20 22 24 25 26 35 38 
12 1 10 11 14 16 18 19 22 23 26 29 36 
13 4 6 7 9 10 11 13 15 16 18 23 27 33 
7 14 17 24 26 35 36 37 
14 0 1 3 4 7 10 11 13 14 26 27 32 34 36 
13 1 3 7 12 15 18 20 21 22 24 29 31 34 
13 1 3 5 11 13 14 17 20 24 33 35 36 39 
9 4 7 9 12 13 22 26 37 39 
10 6 10 11 12 17 18 26 31 34 37 
11 3 5 7 17 22 23 27 33 34 37 39 
11 0 7 9 12 13 17 19 21 32 34 35 
8 0 3 13 14 21 29 31 37 
14 2 3 4 7 8 12 15 17 18 29 32 33 34 38 
12 4 9 10 12 26 27 31 33 35 36 37 39 
11 9 10 11 12 13 15 16 19 20 25 28 
13 0 6 10 14 16 21 25 30 32 33 36 37 39 
9 2 6 8 11 26 33 35 36 39 
10 0 5 7 10 11 13 17 23 24 36 
7 2 3 5 7 27 33 36 
11 0 1 4 9 17 20 23 25 33 35 39 
7 8 9 11 16 22 24 27 
10 14 18 21 24 25 27 28 30 31 35 
8 16 17 20 21 22 24 37 39 
12 4 5 6 9 12 15 18 22 25 28 31 33 
14 3 6 7 8 11 13 15 16 18 25 27 28 29 30 
10 8 9 15 19 20 21 23 25 27 34 
3 9 12 24 
9 3 18 19 21 25 27 28 31 34 
40 205
4 1 8 18 34 
9 0 5 11 14 16 20 25 28 35 
13 8 9 13 17 21 22 23 27 30 32 36 37 39 
11 13 14 15 16 21 22 25 31 35 37 39 
7 5 7 8 16 27 33 35 
14 1 4 6 9 14 17 20 22 23 27 31 32 35 38 
10 5 7 9 11 17 19 30 32 35 38 
10 4 6 8 14 15 20 22 23 27 34 
14 0 2 4 7 10 11 13 14 20 22 24 26 31 37 
9 2 5 6 13 20 27 28 32 33 
9 8 13 16 19 26 29 30 36 38 
10 1 6 8 13 14 23 25 27 32 39 
7 17 23 30 34 35 36 39 
13 2 3 8 9 10 11 14 16 22 24 28 30 31 
15 1 3 5 7 8 11 13 16 17 18 22 23 29 33 39 
10 3 7 19 24 25 29 30 31 33 35 
11 1 3 4 10 13 14 29 31 32 33 36 
13 2 5 6 12 14 20 24 25 27 32 33 35 37 
7 0 14 22 23 35 37 39 
12 6 10 15 20 21 23 28 33 35 36 37 38 
12 1 5 7 8 9 17 19 27 28 29 36 39 
9 2 3 19 22 28 29 31 34 35 
11 2 3 5 7 8 13 14 18 21 23 25 
14 2 5 7 11 12 14 18 19 22 24 27 32 34 35 
7 8 13 15 17 23 36 38 
8 1 3 11 15 17 22 28 32 
3 8 10 33 
13 2 4 5 7 9 11 17 20 23 30 32 34 38 
11 1 9 13 19 20 21 25 30 33 36 37 
9 10 14 15 16 20 21 32 33 38 
10 2 6 10 12 13 15 27 28 31 38 
8 3 5 8 13 15 16 21 30 
12 2 5 6 9 11 16 17 23 25 27 29 38 
12 4 9 14 15 16 17 19 26 28 29 36 38 
9 0 7 12 21 23 27 36 37 38 
13 1 3 4 5 6 12 15 17 18 19 21 23 37 
12 2 10 12 16 19 20 24 28 33 34 37 39 
10 2 3 8 17 18 19 28 34 35 36 
11 5 6 10 19 24 27 29 30 32 33 34 
8 2 3 11 12 14 18 20 36 
