460 2328
13 57 138 150 152 158 160 236 256 269 292 328 331 455 
10 49 116 165 217 311 317 328 330 362 388 
7 49 159 178 276 339 371 409 
8 110 169 201 211 228 314 326 416 
9 31 53 91 109 160 194 231 233 367 
14 16 51 74 75 109 192 248 287 297 332 347 370 418 439 
13 35 41 55 93 97 105 181 278 280 297 298 302 414 
7 8 68 77 159 387 411 444 
11 7 77 141 154 197 205 273 333 355 386 401 
6 19 36 132 178 246 359 
12 63 68 76 90 103 112 213 253 301 325 381 408 
8 19 77 85 217 238 260 303 355 
10 20 44 58 97 187 265 276 352 385 441 
9 15 67 266 283 284 313 365 454 459 
7 133 197 212 239 306 455 456 
11 13 21 28 50 108 160 198 238 245 340 370 
9 5 21 203 217 294 325 385 389 392 
9 47 91 241 270 294 348 363 399 441 
7 65 91 116 184 286 303 322 
9 9 11 72 108 114 269 320 394 435 
10 12 49 58 100 147 201 253 257 440 452 
9 15 16 214 233 241 295 401 412 447 
13 66 86 105 133 136 144 221 233 291 297 300 349 412 
7 94 98 200 207 264 318 422 
9 54 79 108 122 141 143 168 256 300 
6 125 229 269 308 359 400 
13 130 170 172 212 214 234 244 330 377 382 405 433 436 
10 59 153 198 215 295 350 376 382 426 435 
11 15 47 109 143 198 223 264 334 341 351 437 
8 60 66 130 228 301 316 397 455 
8 64 226 274 321 337 386 406 432 
12 4 74 84 144 147 183 199 250 260 285 286 339 
9 120 164 169 213 251 291 298 420 423 
11 47 158 202 249 297 326 346 356 358 374 409 
9 50 134 148 159 265 315 319 413 433 
11 6 152 193 222 235 263 300 339 376 404 407 
8 9 43 73 167 210 213 230 402 
13 41 103 143 148 189 283 380 389 408 419 436 437 454 
6 89 179 227 286 406 420 
7 43 71 74 275 291 330 374 
12 59 67 116 170 255 298 326 329 354 357 394 446 
10 6 37 100 163 170 187 208 292 299 371 
9 135 145 157 174 179 217 230 336 433 
15 36 39 187 210 218 233 254 265 321 334 341 397 405 414 434 
10 12 146 176 299 321 395 412 413 433 446 
10 60 63 64 114 128 149 203 247 266 440 
8 94 106 171 204 286 376 403 432 
12 17 28 33 127 132 139 213 310 311 402 403 432 
9 59 86 120 127 203 224 299 315 400 
17 1 2 20 70 94 142 182 281 297 305 344 367 371 384 396 429 439 
6 15 34 191 229 268 342 
8 5 84 95 172 236 311 359 360 
13 69 86 91 163 166 187 204 236 387 388 394 427 457 
13 4 58 67 217 249 274 290 382 397 430 441 445 448 
9 24 72 105 118 212 255 271 310 332 
14 6 120 189 249 281 283 315 321 343 346 393 420 430 450 
16 60 70 73 98 101 104 129 150 194 228 230 247 317 339 362 433 
7 0 126 213 253 285 295 332 
9 12 20 53 67 236 264 303 348 357 
17 27 40 48 100 104 192 196 206 232 247 320 375 400 404 442 451 456 
13 29 45 56 68 176 207 218 253 258 263 276 317 358 
8 72 93 173 179 236 271 346 361 
5 177 220 250 351 402 
13 10 45 117 124 227 235 244 321 325 353 410 424 425 
8 30 45 71 90 129 194 289 325 
12 18 104 163 168 180 210 212 265 310 321 406 437 
14 22 29 89 128 174 179 201 211 231 256 330 364 406 426 
14 13 40 53 58 138 146 164 228 240 284 306 391 420 434 
6 7 10 60 160 167 225 
12 52 96 115 133 189 206 214 220 275 449 455 458 
12 49 56 93 129 181 191 217 238 266 269 293 341 
13 39 64 77 138 243 249 250 295 335 390 404 429 451 
15 19 54 61 101 130 134 160 166 202 217 231 265 296 397 430 
12 36 56 74 85 129 266 276 303 344 349 353 391 
20 5 31 39 73 82 87 98 140 141 176 190 192 248 273 310 345 413 434 442 456 
12 5 90 102 119 139 191 286 287 298 318 368 387 
10 10 160 223 297 300 319 343 356 415 459 
9 7 8 11 71 153 275 302 409 420 
10 87 115 128 248 270 319 347 350 391 407 
6 24 141 154 296 320 416 
5 126 142 223 307 395 
6 101 107 153 243 358 447 
12 74 94 128 202 237 303 391 413 419 421 422 454 
6 93 144 234 293 404 424 
15 31 51 87 138 163 234 301 309 334 343 372 373 387 409 431 
11 11 73 113 114 150 233 251 315 397 402 450 
9 22 48 52 94 135 192 208 238 428 
11 74 78 84 234 245 247 325 335 394 403 449 
16 96 101 165 245 247 266 286 304 326 335 372 384 398 402 410 420 
6 38 66 120 154 218 375 
9 10 64 75 92 208 283 339 384 395 
10 4 17 18 52 239 318 341 396 411 450 
9 90 143 159 170 196 274 313 365 451 
12 6 61 70 83 96 168 174 189 291 433 452 455 
12 23 46 49 82 86 114 150 263 279 314 337 424 
12 51 100 168 214 233 255 292 343 349 407 423 431 
18 69 88 93 103 107 130 134 164 253 331 350 378 381 386 389 390 410 422 
11 6 12 133 150 169 198 221 297 388 432 438 
8 23 56 74 140 244 294 352 429 
3 211 271 437 
10 20 41 59 95 174 240 285 365 377 440 
15 56 72 81 88 124 180 193 233 245 255 291 313 373 387 406 
8 75 110 119 283 380 400 436 449 
12 10 37 96 180 185 235 253 291 304 330 338 356 
12 56 59 65 116 143 252 303 319 338 352 380 419 
17 6 22 54 155 169 211 252 265 274 331 332 352 380 386 390 395 456 
13 46 142 192 222 232 295 314 330 360 362 364 428 435 
12 81 96 109 146 169 201 202 207 226 255 369 449 
14 15 19 24 122 139 145 186 254 282 284 285 371 394 400 
9 4 5 28 107 248 273 296 301 428 
10 3 102 173 233 249 252 289 333 345 458 
7 137 205 250 256 321 342 384 
9 10 117 153 244 299 339 367 370 388 
10 85 170 175 273 300 301 304 334 408 425 
10 19 45 85 94 119 224 254 291 374 394 
9 69 78 255 300 304 330 341 347 412 
14 1 18 40 104 120 189 297 320 327 384 413 415 431 453 
8 63 112 236 273 297 310 420 458 
7 54 126 226 230 271 272 363 
12 75 102 114 138 157 165 255 311 338 391 414 428 
9 32 48 55 89 116 263 288 417 450 
6 177 195 204 205 252 324 
12 24 108 134 158 176 274 290 291 305 338 369 432 
4 175 214 349 419 
7 63 101 141 149 304 364 434 
10 25 195 196 198 206 223 331 349 352 371 
11 57 80 118 161 169 184 272 353 441 442 443 
16 47 48 133 141 151 155 161 164 227 228 290 296 307 405 416 458 
18 45 66 78 82 132 156 205 226 231 232 243 245 266 306 351 366 382 404 
13 56 64 70 73 155 189 212 237 257 281 339 378 404 
11 26 29 72 96 148 181 232 269 364 380 391 
6 197 227 249 292 293 375 
10 9 47 128 157 164 168 195 311 315 409 
15 14 22 69 97 127 140 153 190 235 307 312 420 426 439 454 
14 34 72 96 122 194 202 280 299 310 345 423 424 428 454 
9 42 86 223 253 260 302 327 428 440 
5 22 186 255 403 451 
7 111 262 264 275 384 392 425 
11 0 67 71 84 119 186 212 225 274 335 429 
4 47 75 108 458 
13 74 98 133 150 167 171 217 219 291 321 397 444 455 
16 8 24 74 79 124 127 153 193 211 265 270 276 294 340 371 456 
6 49 80 106 215 292 455 
11 24 28 37 92 104 192 313 324 325 369 374 
12 22 31 83 210 224 353 359 363 369 372 437 450 
8 42 108 170 180 193 292 391 433 
10 44 67 107 150 199 290 351 362 381 421 
7 20 31 199 216 228 363 380 
10 34 37 130 241 256 264 312 328 388 413 
12 45 124 218 220 227 254 298 303 351 369 388 393 
9 0 56 85 94 97 140 146 368 445 
7 127 174 185 248 292 402 410 
5 0 35 175 184 422 
14 27 77 81 112 133 141 160 173 268 285 292 306 315 365 
8 8 79 89 269 328 400 404 431 
9 105 127 129 199 223 248 314 338 376 
7 128 172 188 212 324 331 377 
10 42 119 132 199 275 343 373 410 425 443 
6 0 33 122 177 370 429 
9 2 7 34 92 178 180 282 283 387 
10 0 4 15 68 72 76 153 292 319 334 
11 126 127 187 240 253 273 279 329 331 370 408 
7 271 294 335 337 347 418 430 
8 41 52 65 84 164 236 276 346 
15 32 67 96 127 132 163 169 212 241 245 270 299 308 334 437 
9 1 88 119 276 302 323 342 380 414 
5 52 72 189 254 443 
8 36 68 140 230 246 360 385 432 
12 24 65 93 95 132 208 262 289 299 315 383 442 
13 3 32 97 105 107 126 164 171 188 256 301 357 440 
12 26 40 41 92 113 145 173 182 283 330 347 375 
10 46 140 169 178 243 288 368 391 408 416 
6 26 51 156 271 273 291 
9 61 110 153 170 203 213 238 258 319 
10 42 66 93 100 151 262 282 331 390 436 
9 113 123 152 265 288 345 365 375 442 
7 44 60 74 122 280 356 437 
10 62 121 158 199 212 215 292 359 430 446 
12 2 9 159 171 211 223 280 283 345 371 404 430 
5 38 42 61 66 187 
14 65 101 103 145 159 187 213 225 226 256 319 322 392 428 
8 6 70 130 184 199 228 296 395 
9 49 170 185 213 246 333 348 365 418 
11 31 234 245 285 330 332 344 375 381 391 446 
16 18 126 152 181 192 207 216 239 253 296 325 350 374 379 407 410 
9 103 151 182 192 226 255 284 324 421 
13 108 136 138 191 202 207 251 260 271 335 342 360 459 
9 12 41 43 52 161 179 180 247 440 
6 156 169 262 349 379 397 
16 37 55 69 93 116 129 166 216 269 280 298 314 324 413 419 449 
8 74 133 266 308 316 317 346 374 
8 50 70 75 186 202 266 315 396 
13 5 59 74 86 106 143 184 185 208 215 293 425 454 
9 35 101 141 145 251 299 330 401 415 
10 4 56 64 134 220 304 357 358 412 428 
9 121 125 132 204 239 322 341 357 454 
8 59 92 125 198 237 284 324 433 
12 8 14 131 203 210 220 246 261 302 331 347 441 
12 15 27 28 97 125 196 208 211 313 350 380 421 
16 31 146 147 155 157 177 181 212 219 242 258 270 289 315 340 434 
8 23 213 252 258 369 408 411 413 
8 3 20 66 107 304 309 418 455 
11 33 72 82 107 134 186 191 228 326 347 394 
9 16 45 48 173 197 332 341 398 444 
8 46 52 121 195 275 282 401 436 
13 8 111 121 128 212 269 285 304 306 345 397 419 424 
7 59 69 125 230 256 394 413 
11 23 60 107 184 186 222 291 317 320 334 402 
12 41 86 90 168 192 198 223 257 275 339 425 427 
7 218 221 273 296 303 401 429 
15 36 43 65 144 197 221 227 238 371 382 403 427 449 455 458 
13 3 66 99 105 141 178 198 214 242 261 308 318 335 
18 14 26 54 65 129 138 156 164 177 199 205 239 249 264 311 336 404 416 
13 10 32 36 47 57 173 180 182 200 253 320 425 453 
8 21 26 69 95 123 211 229 312 
9 27 142 177 192 223 240 246 413 444 
5 147 184 189 348 366 
11 1 11 16 42 53 70 72 140 327 423 439 
10 43 60 89 149 209 235 252 271 291 387 
5 140 199 304 317 454 
10 62 69 149 194 197 222 262 292 378 423 
15 22 97 209 210 225 251 257 259 278 279 283 325 410 425 436 
12 35 106 207 220 255 272 341 385 410 422 424 459 
16 28 76 80 125 135 155 178 208 215 252 313 332 376 389 415 453 
8 48 114 144 236 319 406 424 439 
14 68 138 180 221 322 338 339 346 357 388 423 428 435 440 
12 30 107 118 128 180 185 289 332 338 356 358 400 
13 38 63 127 131 149 210 231 254 268 280 290 319 386 
13 3 29 56 67 127 147 181 202 257 276 342 352 446 
4 25 50 214 412 
8 36 42 56 118 167 206 263 443 
8 4 66 72 128 227 277 404 434 
9 59 106 128 130 262 321 351 393 439 
15 4 21 22 43 85 95 101 110 263 287 314 327 332 417 427 
11 26 83 84 87 183 286 309 368 377 417 444 
7 35 63 103 133 218 257 315 
15 0 51 52 58 61 117 163 224 261 341 343 353 401 436 449 
9 82 129 196 280 312 321 344 359 444 
13 11 15 70 86 173 210 245 284 292 354 359 442 452 
12 14 91 184 195 212 262 298 305 327 355 382 433 
6 67 100 161 215 243 257 
9 17 21 148 164 301 333 345 363 440 
7 199 211 270 360 367 386 416 
7 71 81 128 171 240 323 429 
8 26 63 98 112 313 331 374 393 
10 15 87 88 101 128 164 183 238 294 298 
10 9 167 182 197 215 319 346 386 388 418 
12 45 56 59 87 88 187 268 284 305 357 400 451 
9 5 74 78 109 151 155 266 405 423 
9 33 53 55 71 110 131 212 372 408 
8 31 62 71 111 282 331 391 412 
13 32 85 186 193 221 304 333 388 395 405 430 450 458 
9 104 105 110 121 200 218 223 361 430 
13 10 20 57 60 96 103 135 161 184 213 298 419 434 
11 43 108 114 149 166 227 265 294 313 359 440 
16 40 54 95 101 107 115 119 136 185 222 264 267 275 360 419 444 
12 0 24 66 111 148 169 180 206 282 356 409 414 
7 20 129 208 221 228 235 240 
10 60 173 199 200 271 283 297 308 396 445 
5 221 265 381 404 448 
9 11 31 135 186 275 375 401 413 434 
10 197 211 236 269 275 290 307 369 406 438 
11 137 168 174 188 220 232 239 278 381 393 397 
8 35 60 94 120 230 233 417 459 
11 23 28 58 137 148 212 255 307 308 350 400 
14 12 34 43 65 72 105 141 175 254 259 304 405 412 414 
12 13 45 70 73 88 128 190 191 248 352 371 412 
4 255 321 377 401 
9 50 153 227 247 285 300 319 348 394 
14 0 19 25 70 130 154 189 205 261 278 339 392 442 454 
10 17 78 141 164 199 242 299 303 360 389 
17 54 61 99 118 162 172 186 218 258 309 324 349 350 357 394 432 446 
7 118 126 222 282 319 325 442 
11 8 74 109 113 117 161 172 209 334 400 408 
12 30 53 92 105 122 138 284 298 303 347 372 373 
15 39 69 77 137 157 204 208 255 260 261 323 352 370 372 390 
9 2 12 60 73 141 163 165 228 295 
6 231 279 313 323 328 339 
7 6 221 262 269 321 375 419 
12 94 161 221 277 281 301 326 340 367 382 407 426 
18 6 134 176 178 189 227 237 292 297 311 316 353 373 379 413 415 417 439 
9 49 55 129 279 285 407 408 431 437 
12 108 159 174 204 250 256 272 373 378 415 416 436 
13 13 37 55 90 102 159 170 178 221 258 304 310 316 
11 13 67 108 185 196 238 247 274 288 309 394 
10 31 57 100 108 153 183 205 268 281 413 
12 18 31 38 46 75 88 234 291 293 301 356 435 
5 5 75 233 372 406 
13 120 171 175 284 303 317 345 348 364 399 415 441 449 
8 64 110 168 199 226 327 363 425 
8 53 122 127 146 227 261 437 459 
16 22 32 39 93 101 103 114 122 140 172 207 218 286 308 328 427 
16 0 41 95 131 142 145 151 153 160 177 220 238 280 306 322 455 
6 70 83 131 192 286 360 
10 16 17 98 141 162 245 254 301 391 403 
8 21 27 57 71 106 276 304 365 
10 72 79 109 127 181 184 209 319 434 457 
12 5 6 22 33 49 76 97 116 117 258 280 437 
17 6 32 40 75 149 189 239 245 253 274 303 310 340 352 394 395 440 
10 41 44 48 112 134 164 168 193 270 305 
11 22 24 35 76 113 115 268 334 347 388 389 
13 10 29 84 109 113 169 241 279 286 294 305 394 429 
10 6 77 135 165 197 345 349 394 424 454 
14 11 18 58 73 82 104 149 209 270 274 288 298 321 360 
15 88 103 113 115 124 194 201 205 219 251 265 283 295 388 455 
10 49 122 239 247 299 301 316 335 343 356 
7 14 67 128 153 205 292 401 
6 80 127 133 261 264 383 
10 25 164 190 211 258 264 291 330 413 451 
7 84 201 234 271 284 384 443 
11 47 54 65 74 117 134 283 298 315 353 382 
11 1 47 51 119 132 212 280 383 419 427 428 
8 133 148 214 237 326 412 430 452 
10 13 92 101 143 198 223 244 254 277 401 
8 3 94 106 155 189 233 338 419 
17 34 48 55 85 132 153 168 191 199 235 310 326 331 339 371 415 433 
7 29 190 280 283 305 341 426 
10 1 56 60 190 207 219 288 380 386 448 
8 23 75 91 211 351 424 433 435 
18 34 76 78 104 160 173 180 224 227 246 268 272 296 333 363 371 442 459 
9 19 59 79 116 207 213 372 399 435 
17 30 43 44 55 63 65 111 140 232 237 267 278 303 366 379 381 436 
7 18 180 195 225 292 391 452 
8 165 243 275 277 409 419 446 458 
10 121 143 156 185 189 196 271 360 366 424 
9 10 16 63 64 87 143 184 221 272 
13 3 33 40 88 202 279 312 315 357 359 395 401 404 
8 116 135 217 233 239 289 346 369 
9 0 1 148 154 277 291 336 340 428 
4 40 161 379 429 
14 1 26 39 66 103 106 115 170 183 193 308 388 421 428 
13 0 96 105 125 156 161 174 197 244 250 315 366 392 
12 5 54 57 105 183 203 223 226 233 359 381 434 
10 8 110 182 241 251 319 349 415 419 456 
13 28 43 84 113 160 164 207 273 300 348 381 405 445 
13 71 87 88 138 162 186 211 305 354 358 372 412 425 
4 42 212 328 358 
5 30 94 162 426 447 
10 103 104 119 122 155 225 226 314 417 457 
14 2 31 35 56 90 112 129 208 225 269 277 315 412 428 
9 15 141 199 279 298 328 369 374 450 
14 28 43 70 91 115 195 203 222 236 316 346 347 373 436 
6 50 111 165 186 228 452 
7 55 76 84 95 157 236 305 
7 49 73 183 237 352 432 439 
11 74 110 134 175 178 205 241 288 302 443 456 
11 33 55 61 163 190 225 246 327 341 410 433 
15 5 78 115 162 170 197 202 274 300 341 388 413 417 431 438 
8 17 58 182 216 268 288 334 449 
10 22 73 95 123 125 188 271 302 333 424 
10 27 78 96 184 198 264 271 418 433 445 
8 28 62 128 146 149 232 318 362 
12 12 98 104 105 125 228 266 275 298 344 363 375 
10 63 73 126 144 236 280 310 406 427 430 
4 40 238 335 366 
6 8 11 239 387 402 445 
11 33 76 103 176 226 256 286 305 372 382 444 
13 40 58 169 194 195 225 247 271 326 370 373 402 423 
9 33 60 81 194 226 335 336 362 455 
11 9 25 51 144 177 237 238 254 326 332 423 
16 51 106 167 186 242 255 270 293 303 324 361 404 405 439 445 452 
4 61 252 360 367 
7 1 56 106 146 351 358 436 
9 17 118 144 147 241 289 319 352 426 
8 66 106 124 130 288 425 439 457 
8 13 92 100 153 175 182 295 435 
9 128 216 321 324 331 354 393 394 432 
8 4 49 112 242 279 361 402 432 
6 75 150 171 234 378 435 
13 107 122 143 144 149 200 261 327 340 387 389 422 424 
8 5 15 112 158 161 275 357 456 
12 2 41 49 108 125 141 178 210 266 315 319 381 
11 84 88 144 249 274 275 287 320 335 356 413 
9 84 101 157 274 280 282 341 357 452 
10 33 39 114 143 184 190 244 340 402 443 
11 59 89 131 170 175 183 260 278 352 389 396 
7 27 35 46 155 223 442 455 
6 26 100 156 234 267 384 
9 96 129 220 282 368 382 390 403 423 
7 184 188 280 321 329 402 409 
12 37 102 104 105 130 147 165 198 317 411 416 421 
12 10 96 146 183 259 262 321 332 334 371 389 396 
11 26 27 53 128 210 239 279 310 356 378 440 
4 168 307 311 394 
10 49 88 90 111 116 137 309 377 428 438 
5 12 16 167 222 414 
9 8 30 96 105 227 242 246 317 407 
9 7 52 75 84 101 159 218 355 369 
13 1 52 97 112 148 149 225 246 251 300 304 330 347 
11 16 37 96 223 270 300 369 375 381 410 421 
6 71 96 105 174 275 378 
14 67 73 78 82 119 130 145 171 183 250 294 322 396 441 
10 16 137 180 269 331 416 434 439 440 454 
6 55 149 232 244 262 366 
16 19 40 52 87 108 114 202 206 268 271 284 298 301 302 366 383 
10 44 80 90 105 181 251 298 326 438 451 
7 49 91 191 258 375 381 391 
9 29 43 53 72 85 140 188 205 262 
3 88 203 407 
4 17 288 320 421 
12 25 48 59 102 108 154 226 247 264 273 435 453 
12 8 21 193 204 209 236 260 267 306 313 326 440 
13 36 47 62 85 88 151 207 355 357 367 374 379 455 
7 46 47 87 136 210 294 378 
16 35 59 71 83 128 129 154 178 212 231 259 326 360 411 445 457 
8 26 43 127 248 251 265 334 360 
10 30 38 65 66 101 224 261 287 353 421 
10 35 78 95 184 279 281 386 398 411 421 
10 10 37 113 161 171 200 249 273 281 459 
10 2 33 77 84 132 256 323 379 444 449 
11 63 88 96 151 157 184 221 222 346 389 416 
8 7 91 200 380 404 407 451 456 
14 21 22 44 115 194 229 250 265 266 312 335 339 451 456 
17 34 44 74 82 116 148 189 200 206 215 260 280 285 308 347 372 433 
8 6 43 119 165 256 265 385 417 
9 76 116 193 223 280 282 288 315 333 
12 3 79 127 171 212 242 282 380 392 410 419 446 
8 120 233 234 263 280 338 347 414 
8 5 162 182 201 246 350 426 435 
15 37 82 104 123 189 205 253 255 278 311 314 323 333 416 426 
8 32 38 55 67 77 88 117 133 
11 82 146 185 198 330 380 389 399 406 407 437 
7 23 82 96 152 222 369 430 
11 32 95 134 217 220 225 248 357 359 378 433 
12 63 83 94 134 205 222 224 302 318 324 349 369 
11 63 113 137 157 192 208 213 221 289 335 364 
9 27 66 133 279 316 337 363 418 419 
7 52 208 210 233 291 311 353 
15 86 106 109 119 134 135 180 194 225 311 328 330 339 384 437 
11 49 71 98 138 158 209 243 301 329 440 455 
11 53 55 72 162 177 178 251 252 312 353 422 
6 84 95 116 154 281 347 
10 30 46 47 97 122 167 271 344 366 367 
16 26 34 42 44 56 93 145 196 239 315 318 346 350 413 423 441 
12 43 67 74 124 199 231 253 260 296 332 392 453 
11 19 27 106 225 286 318 320 365 368 400 418 
11 26 37 102 174 204 221 236 282 321 341 362 
13 28 37 65 99 144 164 176 281 290 297 421 428 440 
5 97 261 347 384 395 
12 5 49 133 217 224 232 280 344 360 364 392 441 
16 20 45 100 135 169 187 225 241 254 298 382 392 401 429 437 445 
9 12 17 53 126 197 288 391 433 439 
11 59 74 126 168 175 238 269 272 319 376 448 
7 126 157 166 230 309 345 374 
9 7 140 203 215 234 237 255 356 409 
9 53 150 258 334 350 355 360 404 440 
9 40 44 177 183 228 271 323 416 458 
3 21 81 337 
4 53 259 317 442 
10 69 87 102 107 189 210 236 288 348 409 
7 55 85 91 120 144 251 340 
10 59 71 92 136 247 308 395 411 412 454 
8 20 93 238 312 322 342 360 373 
7 116 213 223 400 434 454 456 
13 13 37 82 133 134 192 195 219 269 302 392 451 453 
15 0 14 29 69 93 140 142 201 210 292 304 358 376 402 429 
11 14 59 74 105 141 333 345 370 411 412 453 
5 52 296 338 364 404 
9 69 110 117 127 139 210 251 323 446 
8 13 76 186 222 263 290 319 408 
460 2328
8 63 77 86 118 273 274 414 454 
14 22 67 138 157 160 182 223 226 309 405 424 445 447 457 
8 13 60 92 190 340 357 423 457 
10 88 91 107 114 211 258 259 325 375 401 
10 31 35 105 156 185 223 292 355 377 428 
8 18 30 109 236 313 334 415 438 
10 25 59 193 219 233 243 271 274 380 442 
17 15 73 113 163 206 210 251 262 300 304 342 373 382 397 437 439 445 
6 59 80 92 126 143 205 
14 15 148 167 169 173 190 203 269 323 351 358 365 387 433 
10 41 91 135 136 194 203 205 233 270 428 
16 14 59 66 89 94 99 100 116 117 147 151 166 354 372 378 458 
9 137 176 245 270 366 373 376 400 453 
13 2 19 171 200 225 289 316 327 354 411 419 441 458 
9 11 93 145 179 263 298 308 410 455 
16 7 9 113 146 147 164 170 243 251 253 257 288 359 377 444 449 
9 27 63 139 251 256 332 382 442 444 
9 125 141 260 329 339 371 420 453 454 
6 5 71 257 325 387 415 
9 13 44 60 85 105 125 135 219 427 
12 29 80 188 198 207 215 243 305 354 394 418 443 
12 30 37 49 60 90 125 139 146 158 196 238 440 
13 1 52 182 197 209 210 245 262 317 334 341 348 398 
18 45 71 108 143 160 162 166 172 212 220 258 260 384 387 391 414 444 446 
12 63 64 83 87 88 124 212 238 273 350 424 443 
10 6 78 108 159 175 204 230 414 415 425 
7 120 175 188 193 247 286 406 
8 16 50 69 155 210 250 361 379 
12 141 146 177 238 262 295 329 342 349 384 386 413 
13 20 62 81 111 131 194 295 300 308 348 365 381 403 
15 5 21 31 39 78 193 215 227 233 304 312 342 365 447 449 
12 4 30 64 133 159 294 347 372 409 431 433 452 
9 221 293 299 306 314 412 425 440 453 
9 51 65 72 80 108 146 189 209 249 
3 188 268 392 
10 4 75 77 247 278 335 373 408 420 456 
4 38 104 211 425 
12 21 50 85 140 173 175 185 261 276 327 364 417 
12 36 55 111 114 146 237 273 294 297 343 393 417 
6 30 142 207 238 406 408 
8 79 127 181 197 213 282 319 344 
12 10 46 124 152 165 239 262 314 317 365 389 391 
9 51 56 124 134 204 292 330 335 347 
8 50 123 222 303 389 406 422 438 
16 19 62 96 134 157 176 183 184 185 206 221 239 255 299 368 390 
12 23 79 98 107 117 134 184 253 269 286 395 438 
15 41 115 162 185 211 243 307 321 338 357 381 383 400 452 455 
11 85 88 92 181 204 209 279 320 328 337 436 
6 84 126 164 277 285 348 
8 21 84 120 206 221 289 291 318 
14 27 37 43 57 68 73 129 183 235 268 309 368 396 433 
9 33 42 113 164 240 302 311 337 411 
11 22 80 125 127 191 250 279 360 409 428 455 
9 64 97 134 140 238 359 402 444 446 
7 112 221 262 374 379 392 396 
6 38 142 279 286 322 369 
12 42 104 114 137 187 260 323 335 351 369 404 443 
13 50 88 103 189 191 205 238 245 250 347 381 455 457 
11 97 151 157 172 214 245 280 378 411 428 433 
7 6 8 11 74 181 251 332 
13 2 19 21 98 100 107 134 178 289 305 352 371 431 
10 64 84 109 192 229 261 308 336 386 409 
9 29 44 94 122 146 202 213 337 446 
11 0 16 24 71 72 155 192 230 321 351 381 
16 24 31 53 61 95 97 136 196 231 254 325 403 404 437 450 459 
13 33 93 130 133 180 201 259 300 307 350 404 425 458 
11 11 80 169 179 218 242 267 296 314 350 459 
13 1 86 161 214 226 277 313 359 369 372 426 427 434 
10 50 103 137 195 203 331 335 386 406 445 
8 27 86 288 321 333 352 413 420 
9 78 136 163 168 220 241 324 385 408 
10 18 23 63 98 110 156 303 379 437 446 
11 33 63 77 140 142 152 163 168 275 339 341 
10 7 50 98 125 163 195 200 292 332 418 
4 59 120 218 432 
16 35 80 109 115 120 136 146 192 252 269 287 293 327 341 355 420 
8 134 141 252 281 295 365 400 418 
12 0 35 72 82 88 156 159 205 215 244 361 378 
10 25 30 70 117 133 242 244 393 413 446 
7 40 45 86 246 255 299 446 
13 8 20 33 52 66 75 107 108 238 271 286 339 423 
7 29 151 207 214 318 379 382 
6 77 113 217 262 274 323 
12 24 93 106 126 185 207 283 332 403 418 424 429 
8 48 49 61 94 145 160 197 389 
12 19 37 47 139 205 206 289 296 307 329 422 444 
16 0 67 69 79 102 172 215 216 257 287 299 319 326 329 356 362 
12 24 96 99 206 248 269 304 371 383 404 446 458 
15 3 24 47 57 77 131 268 282 302 336 343 359 383 411 452 
7 11 113 162 237 306 329 333 
11 21 148 165 223 240 264 283 304 335 403 424 
11 3 10 95 183 206 242 264 275 293 311 387 
9 2 8 47 126 141 291 367 383 387 
12 14 65 83 145 197 294 405 416 419 423 450 458 
10 11 62 84 181 242 308 364 380 436 447 
12 64 91 128 172 185 219 230 251 255 272 286 379 
7 44 87 145 336 348 398 434 
7 53 58 64 149 169 313 357 
9 45 60 71 73 112 193 211 424 432 
10 11 87 100 134 184 198 266 366 367 448 
8 11 60 99 173 190 195 428 446 
7 109 156 175 176 371 387 391 
8 86 127 265 291 307 317 324 419 
5 57 68 215 338 362 
14 36 56 122 177 185 192 270 295 358 362 373 385 390 438 
8 4 19 108 162 274 334 370 454 
5 83 153 172 368 455 
8 3 45 60 80 155 255 359 394 
15 23 25 33 80 105 119 134 207 252 292 293 299 371 429 445 
12 5 61 75 101 155 157 239 266 268 301 304 454 
6 71 120 167 227 295 380 
9 29 38 128 171 208 274 334 336 353 
17 54 98 116 118 127 171 205 212 257 267 270 339 345 346 362 430 441 
14 7 15 51 82 89 130 131 158 174 182 191 254 404 432 
8 3 38 56 236 243 272 393 395 
11 46 75 141 142 144 149 160 166 175 213 224 
10 11 112 149 163 207 228 260 287 374 409 
11 11 45 78 145 207 214 276 370 403 407 455 
6 0 112 143 160 187 189 
10 108 122 146 175 221 263 276 321 336 424 
11 26 49 74 75 110 266 344 357 384 406 423 
8 175 231 277 297 303 348 418 426 
11 62 104 119 150 227 231 261 268 321 376 409 
12 43 178 206 237 274 282 304 373 381 424 433 446 
9 24 41 42 232 259 327 410 435 442 
10 17 19 21 52 73 265 314 355 368 420 
11 8 48 83 92 148 152 159 166 277 312 408 
10 40 52 102 112 139 285 295 313 349 425 
9 95 111 201 219 272 353 386 397 438 
4 50 351 361 376 
9 65 113 184 335 342 354 358 369 412 
8 29 88 113 136 166 168 370 375 
10 138 162 296 310 330 336 343 349 365 457 
11 31 65 78 145 312 320 372 375 396 434 455 
16 42 44 45 53 60 76 99 108 211 218 234 250 326 400 407 425 
9 10 19 154 182 193 276 352 393 395 
9 10 64 70 75 131 226 304 347 458 
12 12 56 68 177 263 276 289 315 327 335 339 355 
11 1 132 199 252 378 382 395 403 409 412 418 
7 16 21 85 127 216 344 424 
9 37 53 72 198 206 228 273 326 407 
13 17 28 76 92 115 153 168 258 282 287 314 371 379 
9 39 55 72 115 152 207 338 438 444 
7 8 23 118 175 257 389 456 
11 115 200 237 271 315 342 380 405 442 443 450 
13 14 84 93 96 117 133 194 280 284 296 327 332 400 
17 15 21 28 33 38 62 75 119 166 195 224 270 329 348 428 432 458 
5 11 15 178 285 453 
7 9 90 126 253 332 428 455 
10 97 115 116 176 335 369 399 409 427 437 
10 122 156 167 176 282 366 367 419 429 450 
5 11 58 81 167 264 
10 41 72 126 142 156 214 235 303 348 449 
4 106 141 169 316 
8 135 265 271 302 368 383 393 428 
13 27 63 107 109 172 195 204 213 276 305 339 380 432 
16 4 71 77 101 150 152 161 165 167 176 251 321 333 357 385 407 
9 1 44 58 109 209 254 292 336 385 
12 21 113 162 253 289 308 325 329 335 366 395 402 
12 25 31 77 126 162 169 204 288 292 363 375 390 
13 1 23 84 115 118 163 190 223 236 322 326 361 456 
6 67 156 344 357 437 459 
12 23 46 89 105 132 158 159 201 224 252 332 368 
16 7 70 72 73 116 160 166 204 256 288 289 297 314 370 385 397 
14 15 48 51 204 217 244 249 258 272 332 337 370 379 428 
6 41 90 156 258 356 400 
12 11 23 115 126 131 146 163 208 306 315 391 415 
13 9 110 150 151 156 202 271 279 350 357 384 389 454 
11 70 72 131 141 173 182 216 291 328 367 410 
11 9 66 97 153 159 179 206 264 321 335 366 
5 15 192 242 334 367 
10 13 111 112 189 240 266 280 325 348 383 
16 23 58 86 95 106 155 175 186 248 287 323 331 335 406 444 448 
12 9 37 100 168 232 288 289 321 344 356 417 444 
10 113 222 226 276 294 312 344 360 430 456 
18 25 26 37 101 115 119 121 143 172 228 248 277 285 327 382 387 443 457 
14 12 44 101 149 150 156 188 197 204 233 250 259 278 373 
11 28 104 137 199 256 261 270 311 321 371 430 
7 60 123 147 395 420 440 446 
7 14 66 169 214 267 366 438 
9 65 199 223 278 317 344 374 401 453 
13 40 47 59 94 208 276 303 307 339 354 357 407 425 
10 1 22 113 135 168 202 316 344 414 426 
11 44 50 91 206 227 238 331 335 391 401 404 
6 44 45 99 130 323 390 
12 4 37 44 46 83 95 104 196 204 219 344 366 
6 172 194 288 322 356 381 
11 56 118 198 206 218 239 266 284 320 416 429 
6 20 26 34 176 225 336 
16 33 57 118 171 202 237 288 291 295 336 354 405 436 445 447 452 
11 2 9 100 160 207 210 277 367 395 422 434 
12 52 57 113 251 252 273 284 344 380 428 441 450 
11 61 63 75 104 170 221 348 368 383 400 436 
8 6 26 30 98 135 211 229 253 
12 10 29 145 186 205 214 257 275 297 330 387 421 
10 68 73 100 146 155 209 238 294 360 459 
10 21 64 185 205 256 351 389 409 415 439 
9 22 40 84 93 176 227 284 292 433 
9 20 99 140 187 226 231 273 282 423 
9 138 177 180 215 257 372 405 407 443 
7 13 73 144 206 251 252 295 
14 65 128 162 226 269 271 333 336 341 355 366 385 405 443 
9 62 167 182 189 210 220 226 229 323 
13 9 10 68 250 261 269 275 290 372 377 382 404 415 
17 25 42 47 155 159 163 164 176 185 224 254 280 389 397 417 433 446 
10 8 10 57 77 85 112 194 196 401 451 
20 7 44 49 85 87 91 123 140 169 183 187 200 224 263 273 291 364 372 382 447 
18 20 39 81 83 108 116 117 142 190 246 275 276 288 389 403 405 449 458 
6 111 166 181 239 287 328 
13 22 33 47 157 195 211 326 337 362 379 398 401 455 
10 7 22 27 190 202 260 271 293 377 397 
9 3 36 46 98 134 193 209 284 449 
9 23 24 112 215 224 238 267 367 390 
12 40 62 115 155 217 218 229 378 399 421 423 455 
12 58 67 81 117 152 179 194 215 232 265 281 354 
16 20 30 77 86 103 199 212 214 253 260 301 309 336 393 432 442 
12 86 139 168 250 251 269 273 277 314 330 344 434 
9 82 164 213 252 344 373 378 416 444 
11 66 74 134 187 213 227 247 355 389 416 458 
7 6 19 95 128 185 344 433 
4 23 70 202 225 
10 32 44 49 54 119 192 338 410 422 423 
7 43 174 271 312 332 352 387 
12 1 4 90 160 180 259 262 272 320 385 386 432 
11 115 146 162 204 206 212 272 275 284 296 425 
9 13 188 220 235 357 380 396 426 443 
15 1 67 136 174 198 201 202 235 252 275 341 347 393 414 433 
8 30 110 122 183 197 218 273 339 
10 116 140 175 262 263 299 309 366 378 422 
6 61 193 202 213 248 433 
6 25 63 95 307 317 358 
11 64 121 122 198 232 252 260 308 409 425 429 
14 124 173 214 231 236 262 306 309 340 370 383 413 415 454 
9 6 10 30 176 239 249 328 353 406 
6 134 250 260 363 365 459 
10 50 152 225 226 275 282 289 298 339 398 
11 5 114 160 232 332 377 408 426 438 454 455 
12 38 89 123 144 189 276 310 313 322 356 369 423 
17 21 24 28 39 53 57 80 183 195 212 246 255 325 368 389 395 428 
11 41 44 109 187 208 233 246 323 353 387 401 
6 51 90 171 310 323 457 
5 70 310 346 355 457 
7 66 78 91 94 170 324 430 
10 6 15 20 46 114 263 311 449 453 454 
7 77 78 164 274 315 450 454 
11 12 22 57 58 262 309 320 390 403 429 450 
9 79 207 238 239 316 317 349 378 400 
6 26 35 218 371 431 437 
8 87 172 175 229 282 367 400 457 
8 33 164 233 250 276 284 310 371 
15 27 52 57 134 176 203 216 234 249 280 291 364 391 399 449 
18 7 15 16 59 95 156 191 200 216 254 275 296 302 340 400 413 414 428 
13 75 76 108 138 162 191 200 217 226 231 345 377 381 
15 15 45 148 158 193 215 359 377 382 387 399 401 414 451 458 
9 64 113 157 204 251 311 401 438 450 
13 44 79 95 107 238 297 345 361 365 396 409 445 457 
8 16 163 177 196 257 335 386 409 
10 15 18 86 112 143 194 199 256 285 308 
9 3 23 141 164 165 342 380 406 416 
9 3 65 124 176 223 321 346 366 441 
11 17 23 56 116 210 215 231 234 312 318 445 
9 37 61 122 177 203 272 278 281 371 
15 7 22 28 41 54 82 223 228 232 245 273 302 305 309 360 
11 14 119 137 206 228 243 270 274 322 338 396 
9 90 91 151 169 278 311 320 368 451 
5 102 125 154 214 410 
7 99 109 120 171 187 329 455 
7 66 112 179 212 324 440 443 
9 34 50 88 109 122 293 361 410 427 
10 9 45 75 87 201 203 216 312 389 410 
16 10 12 104 112 146 177 263 285 305 334 358 363 423 432 436 439 
12 6 80 144 154 167 201 210 222 390 438 439 457 
13 95 114 128 164 223 224 261 294 340 377 398 441 455 
14 0 24 38 140 191 198 206 216 227 262 343 372 374 410 
15 0 6 82 105 111 123 244 263 322 342 384 413 423 429 430 
14 72 91 194 203 207 224 226 235 251 292 295 305 367 397 
16 37 117 119 135 137 155 174 181 207 237 249 336 342 396 398 435 
9 48 67 121 126 175 190 216 332 335 
8 35 176 180 261 264 369 386 427 
9 47 52 55 167 287 289 291 418 421 
7 58 145 171 204 250 405 431 
8 76 214 261 362 366 411 416 450 
9 40 88 123 141 150 198 235 248 306 
7 83 90 306 344 417 422 441 
8 145 187 191 197 211 224 249 454 
9 48 127 147 175 257 270 332 388 389 
10 26 45 55 80 95 291 311 313 416 422 
9 75 86 116 141 172 208 279 429 441 
12 15 69 159 163 173 186 189 207 346 357 408 428 
16 13 49 60 85 137 158 163 173 235 279 316 324 336 426 433 444 
5 203 291 316 398 446 
13 49 92 102 168 189 206 250 279 286 290 332 357 442 
10 4 42 73 108 157 159 197 275 299 315 
9 32 75 91 108 210 268 401 423 440 
9 31 38 93 174 195 272 298 386 433 
12 28 29 76 104 110 127 189 200 275 315 390 402 
10 66 85 132 145 224 251 379 381 452 454 
8 38 121 163 194 255 306 318 369 
8 14 235 294 327 349 375 406 444 
10 32 44 79 86 108 228 292 329 403 446 
8 7 29 65 318 325 331 416 441 
4 109 215 332 456 
8 51 88 154 251 262 322 402 411 
5 43 71 121 152 181 
9 7 30 87 90 109 123 136 328 362 
11 20 60 155 262 270 275 362 367 380 382 417 
10 32 89 166 232 282 283 297 331 334 337 
8 46 65 85 102 181 230 324 383 
11 14 29 61 94 158 231 257 372 377 386 390 
9 1 50 215 228 232 245 262 398 449 
6 132 237 240 241 249 400 
13 51 91 177 243 254 264 286 314 316 329 412 434 453 
7 30 126 133 174 222 260 269 
8 5 67 97 127 237 286 338 421 
9 32 41 66 125 141 163 216 311 422 
10 137 144 166 244 292 295 340 344 396 423 
10 13 153 182 246 289 290 311 354 364 395 
10 22 41 102 180 230 246 366 370 374 437 
7 49 81 260 297 300 354 421 
4 40 86 325 346 
10 47 133 187 223 245 264 398 416 423 429 
13 46 63 69 119 122 156 169 173 177 259 328 347 388 
11 55 160 186 237 263 274 302 424 430 442 456 
8 9 56 82 172 184 202 239 240 
8 70 102 242 267 289 307 411 439 
9 3 18 64 158 171 238 300 319 379 
8 86 134 140 160 209 368 383 429 
10 13 37 75 124 137 145 175 298 348 436 
8 47 168 208 233 304 321 329 358 
14 17 28 85 86 89 146 158 266 299 311 328 332 348 382 
8 42 132 194 216 366 381 436 454 
8 68 172 183 300 306 353 378 395 
17 16 59 73 83 145 148 162 164 222 236 277 285 291 301 329 349 383 
7 69 89 156 201 341 415 422 
13 5 22 105 111 170 270 306 347 355 448 449 452 454 
17 35 42 56 68 90 130 137 149 158 169 172 183 256 277 372 432 439 
15 61 88 96 111 119 132 157 188 189 201 215 276 289 367 413 
7 47 51 62 164 209 306 381 
7 46 103 142 221 263 313 425 
13 17 72 80 112 137 155 181 227 235 341 413 415 432 
7 2 232 251 272 315 364 399 
14 22 72 75 201 226 333 339 369 370 384 402 419 433 455 
11 7 28 30 130 144 258 274 276 343 381 396 
5 38 88 132 273 342 
17 40 120 139 161 173 174 180 182 185 191 216 217 219 283 315 420 421 
3 112 252 255 
8 112 241 259 288 319 367 370 454 
9 31 42 57 136 226 321 334 372 421 
12 22 29 48 96 121 146 152 171 192 327 329 400 
8 28 127 132 246 298 332 392 443 
7 24 65 66 167 373 427 458 
6 9 56 63 129 196 445 
6 60 69 135 222 362 376 
7 111 128 233 239 331 419 442 
11 11 13 20 130 181 189 214 316 318 362 429 
9 4 75 125 137 201 218 241 334 383 
6 86 165 173 186 237 372 
15 2 46 97 120 156 161 167 181 225 288 291 391 394 398 449 
9 9 104 130 230 270 328 367 369 436 
8 15 53 67 88 107 253 402 421 
5 52 174 195 262 365 
8 27 77 129 160 255 268 449 451 
13 86 103 104 112 209 281 304 305 352 354 384 396 417 
4 159 234 270 414 
8 37 94 206 250 316 340 370 445 
10 9 29 30 41 76 132 234 255 360 454 
18 12 99 150 158 169 179 185 201 228 259 281 317 330 397 400 401 440 450 
15 92 99 150 168 170 190 212 248 275 305 336 346 358 368 379 
14 44 50 106 125 154 162 192 238 264 326 367 383 397 398 
11 55 56 67 130 149 237 278 297 341 358 374 
11 105 117 131 163 164 232 317 341 346 364 380 
14 17 60 87 101 108 141 177 247 249 261 384 418 422 432 
13 11 31 67 133 199 203 206 273 308 335 347 356 437 
10 7 12 35 104 123 176 217 350 387 424 
8 54 116 180 273 317 369 394 399 
8 3 131 133 159 298 440 443 446 
6 12 122 129 352 397 417 
13 4 15 203 210 236 252 253 272 308 395 403 405 416 
10 11 58 77 138 213 217 228 246 331 435 
11 27 54 71 81 95 141 164 209 296 325 367 
11 6 94 110 144 155 191 225 258 305 370 425 
12 29 46 57 63 123 186 252 296 330 337 342 440 
12 7 16 81 138 175 203 206 253 305 329 421 422 
15 46 87 88 92 154 171 192 232 307 326 332 355 368 429 447 
11 23 28 120 167 274 341 362 371 393 396 406 
8 70 104 156 157 163 201 223 422 
9 28 61 68 128 223 256 278 294 308 
13 9 18 23 91 92 101 175 194 222 239 253 373 398 
4 285 321 396 432 
13 41 43 84 143 167 196 204 207 218 238 269 285 408 
9 44 104 159 184 212 245 271 295 308 
7 23 41 101 166 183 250 357 
5 34 54 349 399 421 
12 38 78 114 135 154 215 226 384 402 414 422 436 
8 20 107 357 374 398 420 430 457 
12 45 114 135 138 158 178 190 238 316 331 377 409 
13 50 54 133 225 255 263 276 315 342 362 384 388 406 
9 7 128 163 204 210 275 366 368 376 
15 22 96 209 235 272 276 290 309 320 357 368 387 394 405 427 
9 149 213 250 253 340 374 392 440 457 
13 12 46 76 134 145 165 192 246 248 251 310 348 366 
10 3 180 183 205 209 239 253 254 293 366 
10 53 158 295 302 341 359 393 405 443 448 
11 29 64 83 90 117 138 207 245 299 377 410 
7 56 64 65 87 113 183 203 
12 1 93 144 189 199 201 207 280 377 398 402 458 
13 26 39 43 68 120 172 233 258 298 384 396 427 447 
7 117 134 140 156 181 199 408 
10 35 39 70 126 236 288 389 407 438 457 
12 31 52 61 116 122 138 149 196 231 255 256 395 
9 14 124 168 221 265 268 269 273 403 
8 13 51 58 88 281 302 324 421 
4 32 130 138 311 
9 28 69 78 232 251 274 336 339 438 
11 0 23 25 182 226 251 253 363 393 425 452 
9 5 18 25 166 196 203 232 333 339 
10 93 187 217 218 258 281 286 300 320 377 
8 37 38 173 204 283 305 362 376 
10 20 73 76 83 121 138 279 371 426 446 
6 13 93 102 150 341 353 
10 17 35 69 75 125 178 344 394 431 458 
12 194 213 279 313 318 344 347 359 382 392 411 436 
14 43 85 190 221 228 283 286 314 333 371 382 385 393 424 
13 2 80 93 120 198 213 221 237 270 274 293 315 320 
11 1 24 83 90 98 119 123 139 322 373 422 
12 25 32 36 65 127 134 181 224 231 338 380 414 
7 67 121 182 225 236 289 418 
8 19 67 149 268 278 350 398 406 
13 4 10 52 58 100 146 148 154 164 191 238 251 288 
13 83 108 150 187 231 245 274 287 320 326 354 383 453 
7 112 174 177 242 274 322 394 
7 31 60 247 280 420 444 455 
12 74 98 113 146 155 215 223 270 335 339 371 388 
14 9 31 50 58 123 197 204 219 226 229 289 294 341 444 
8 67 96 133 190 216 311 448 457 
3 124 276 378 
10 47 94 189 192 270 327 330 358 393 421 
9 7 64 71 149 161 247 317 372 442 
12 5 43 45 104 128 142 179 236 254 271 408 413 
7 7 196 270 271 324 335 449 
9 21 32 178 267 293 366 375 381 399 
10 13 112 191 259 272 283 287 300 445 446 
9 6 16 124 144 215 291 322 353 437 
12 20 24 56 144 175 199 201 225 267 349 375 402 
13 15 16 23 53 85 142 172 173 217 289 298 431 433 
10 1 7 68 108 189 255 260 351 364 441 
16 23 53 62 71 78 79 87 100 123 178 204 290 299 375 418 441 
7 1 30 94 189 206 383 406 
5 99 172 334 402 434 
12 15 30 152 207 211 243 250 309 334 357 361 439 
10 64 93 144 150 191 244 245 254 281 366 
4 205 253 264 361 
7 31 46 88 189 296 334 414 
8 12 17 32 147 180 243 311 429 
15 0 17 105 109 167 232 236 243 244 284 296 330 334 346 365 
15 14 46 52 57 106 117 133 148 209 213 236 266 272 341 431 
6 35 143 160 174 301 322 
14 1 2 57 132 175 240 241 248 255 271 394 399 408 434 
13 11 13 65 87 93 136 146 207 218 253 350 405 420 
5 64 66 161 195 234 
