440 2232
12 57 138 150 152 158 160 236 256 269 292 328 331 
11 17 69 136 185 237 331 337 348 350 382 408 
8 24 89 199 218 316 379 411 429 
9 13 170 229 261 271 288 374 386 426 
9 41 111 133 171 189 240 274 311 313 
11 13 116 151 174 175 209 292 348 387 397 432 
17 14 37 85 106 119 155 161 175 213 217 225 301 398 400 417 418 422 
6 59 102 148 208 217 299 
9 96 120 153 237 301 314 357 365 433 
11 63 85 116 131 199 216 233 312 341 358 426 
8 110 263 268 276 290 303 312 413 
9 25 73 97 153 180 239 297 305 437 
9 31 53 96 148 260 284 298 337 427 
9 3 5 79 90 166 199 255 275 327 
9 6 101 118 119 148 200 289 294 413 
11 53 68 95 116 162 311 312 321 328 350 408 
8 36 37 75 115 122 217 247 341 
10 1 101 115 192 223 283 287 290 387 431 
8 160 189 213 267 282 318 360 425 
6 31 56 124 226 243 262 
7 33 69 75 230 281 355 396 
9 31 40 82 129 183 235 239 422 434 
6 217 236 244 298 404 415 
14 34 90 110 129 157 160 168 245 257 315 321 324 373 436 
7 2 139 143 245 252 309 363 
11 11 53 120 145 174 188 207 209 234 322 366 
4 212 316 356 395 
10 34 75 238 278 280 320 322 342 352 438 
11 74 79 102 130 133 142 188 282 327 344 424 
12 69 95 101 145 154 197 248 259 293 348 373 414 
8 75 82 92 178 231 237 301 399 
9 12 19 21 64 79 160 218 256 418 
12 59 106 122 171 191 217 287 297 357 360 396 412 
10 20 57 67 92 93 146 255 354 398 403 
10 23 27 42 80 120 127 249 252 302 413 
14 53 100 148 177 197 207 209 225 260 287 326 410 424 435 
6 16 138 188 192 286 306 
14 6 16 47 88 117 130 158 195 234 271 299 302 361 391 
6 84 127 130 147 319 380 
13 42 82 87 128 222 319 328 347 350 358 375 376 393 
8 21 50 140 188 247 367 381 424 
8 4 54 57 81 258 274 313 357 
13 34 39 64 72 121 175 260 303 331 334 359 362 399 
9 55 127 190 197 214 235 319 326 398 
9 184 194 206 223 228 266 279 308 385 
10 88 258 281 289 304 325 336 392 405 412 
8 75 83 92 112 239 269 392 414 
15 37 96 113 114 134 147 175 178 179 229 243 264 318 362 381 
6 164 231 243 308 341 423 
9 102 123 150 179 240 286 291 298 372 
12 40 80 81 172 173 202 240 267 301 308 384 405 
7 92 108 193 273 297 345 385 
11 97 113 121 160 183 187 200 212 245 255 416 
10 12 15 25 35 68 107 181 331 342 419 
10 41 98 173 221 222 338 355 360 432 435 
11 43 72 89 121 272 273 279 312 342 349 358 
14 19 125 157 182 198 290 305 338 349 353 356 385 418 431 
8 0 33 41 143 186 202 241 263 
16 74 143 203 235 237 269 275 297 300 347 374 384 404 417 427 430 
16 7 32 75 78 81 106 109 127 171 205 207 224 294 316 339 410 
6 126 213 253 285 295 332 
6 90 259 287 326 371 380 
9 146 150 238 242 252 278 293 366 421 
16 9 70 74 112 121 126 137 245 276 287 322 327 332 345 386 427 
9 31 42 164 185 265 271 328 363 438 
4 79 292 335 365 
7 93 144 255 262 365 373 382 
12 33 87 91 119 176 190 191 232 251 290 355 418 
11 15 53 79 115 253 288 347 352 364 394 396 
16 1 20 29 79 118 124 135 220 251 296 335 381 386 408 418 438 
9 63 94 168 202 244 264 368 376 394 
9 90 102 146 168 253 282 296 413 420 
6 42 55 111 372 391 409 
11 11 99 116 124 130 185 359 365 368 392 428 
13 28 58 63 115 125 151 172 200 203 227 264 275 399 
16 16 20 27 30 46 59 96 201 207 208 253 293 348 362 387 409 
12 83 112 116 142 148 184 199 213 247 278 379 412 
10 80 91 135 272 282 309 350 355 359 397 
13 59 112 117 128 170 171 206 220 222 278 303 340 375 
20 13 28 31 65 68 69 83 104 112 126 144 156 173 193 245 340 341 352 372 422 
12 34 50 77 82 238 301 362 375 378 397 421 434 
9 41 50 59 135 179 214 255 377 404 
12 21 30 39 80 154 165 213 241 254 298 374 396 
11 46 76 79 89 117 120 121 161 177 291 304 
7 38 91 115 211 300 316 397 
7 6 9 127 215 299 305 351 
6 88 203 292 316 350 424 
12 39 67 107 173 261 283 289 291 292 324 339 390 
11 37 45 86 129 188 189 299 319 357 408 433 
15 2 55 83 154 221 229 254 263 292 293 307 329 351 407 408 
12 13 23 61 71 95 178 196 260 342 347 395 412 
8 67 77 84 105 162 178 208 398 
11 30 33 46 51 229 240 242 320 330 389 398 
18 33 66 98 116 121 185 265 267 286 306 324 346 355 392 404 418 422 430 
6 70 95 165 199 263 420 
8 15 29 90 94 162 278 353 409 
9 8 12 47 75 111 122 334 413 436 
12 11 52 149 164 203 263 279 290 298 316 394 433 
9 54 93 144 230 241 313 319 334 436 
8 73 216 238 257 260 284 320 433 
9 35 110 145 168 255 295 363 409 428 
15 14 17 29 112 149 200 206 264 280 288 323 327 350 354 384 
17 7 28 49 71 136 214 233 261 264 269 272 273 293 305 378 395 414 
7 107 130 206 297 341 347 410 
6 79 179 229 242 287 364 
5 91 172 232 358 398 
9 6 32 59 161 227 272 352 364 427 
14 53 87 103 137 193 206 246 258 268 304 326 386 400 419 
7 51 149 158 187 322 419 439 
12 59 145 158 245 250 300 318 356 369 395 403 421 
9 10 23 100 207 234 343 394 410 429 
12 4 72 96 115 143 182 272 286 328 369 382 391 
20 46 63 76 78 79 101 121 122 142 170 176 180 185 246 285 335 365 375 438 439 
17 47 52 131 147 177 179 181 245 252 278 315 338 370 371 376 395 424 
7 47 213 293 317 334 340 381 
13 16 17 68 74 84 111 125 153 155 156 242 265 271 
12 5 9 15 73 76 93 146 171 194 199 326 420 
13 37 78 83 158 174 177 214 258 270 308 341 383 410 
11 14 69 157 202 208 273 294 336 358 368 416 
10 6 14 67 132 223 278 318 346 349 367 
15 8 25 34 83 176 181 210 257 279 306 307 310 340 414 431 
14 42 52 55 63 83 93 112 152 257 287 311 324 407 427 
10 16 32 96 112 315 360 364 390 401 407 
7 49 156 207 276 384 407 414 
12 19 69 73 156 185 187 203 225 350 387 411 424 
10 56 74 115 220 258 267 367 371 412 413 
8 60 63 79 191 306 325 333 423 
10 34 38 43 59 85 167 194 247 270 284 
10 39 78 147 172 301 334 399 417 426 427 
8 21 23 88 164 236 383 407 425 
13 28 37 38 73 103 214 230 231 245 260 278 309 372 
6 9 113 143 182 317 387 
6 119 137 145 300 360 430 
11 4 28 219 220 222 230 247 355 373 376 395 
6 47 213 221 236 324 405 
17 69 77 81 189 190 191 213 221 231 235 241 244 307 308 370 376 387 
15 1 102 182 193 235 240 264 313 334 339 340 351 353 374 414 
13 63 107 132 157 172 188 210 291 325 348 373 393 417 
9 0 36 174 213 239 312 345 396 433 
7 24 228 235 244 255 389 419 
9 40 142 185 186 268 377 384 388 415 
6 233 237 331 388 401 438 
11 28 76 112 140 186 258 263 371 377 390 405 
15 24 57 58 111 131 174 182 260 279 290 325 403 404 408 434 
9 66 79 98 232 262 269 311 336 437 
11 25 29 100 109 132 155 204 224 293 302 415 
9 33 62 71 116 148 196 329 331 342 
12 38 47 113 128 159 167 200 282 308 321 370 431 
7 7 12 14 35 76 146 234 
9 97 101 108 293 304 321 325 371 373 
12 0 49 62 156 186 262 288 309 320 336 376 394 
11 5 74 157 160 165 171 189 235 266 351 427 
5 0 121 217 380 433 
8 8 11 115 268 279 280 324 329 
12 29 82 89 195 209 338 344 348 354 357 422 435 
8 6 115 145 185 195 208 307 406 
12 79 115 123 124 150 165 195 244 335 396 407 426 
10 23 56 118 137 151 184 274 291 303 438 
11 0 37 108 109 117 174 346 361 369 417 433 
9 147 213 238 353 355 362 389 433 438 
10 0 18 23 31 52 151 207 225 244 249 
7 6 83 106 255 332 369 380 
9 15 91 95 166 210 320 328 400 409 
3 371 415 428 
10 48 64 97 129 248 265 272 286 295 345 
8 82 94 151 156 280 339 411 415 
10 13 162 169 220 241 265 290 356 380 418 
9 127 147 233 245 261 285 340 397 404 
7 23 70 71 100 179 303 379 
7 166 177 207 244 259 277 312 
7 3 78 112 236 295 344 346 
9 4 32 59 78 116 151 180 181 285 
9 50 74 105 128 137 222 249 264 415 
12 50 54 79 87 202 215 235 241 291 293 332 370 
13 5 25 117 138 143 158 265 288 329 331 341 412 424 
8 5 6 42 47 190 262 302 372 
11 67 112 120 227 270 299 303 328 357 366 392 
10 35 83 113 117 169 233 366 392 413 432 
8 30 47 90 91 209 243 311 376 
9 47 49 81 104 113 168 305 384 400 
8 11 112 171 184 255 280 327 394 
12 53 113 120 171 190 217 227 243 311 370 389 406 
11 56 111 131 136 143 217 262 318 401 423 432 
6 21 52 277 324 341 369 
10 44 76 157 180 205 270 315 395 418 435 
12 1 64 73 93 112 124 140 155 189 331 333 351 
9 57 140 142 150 296 306 331 351 412 
5 52 108 124 388 408 
10 25 28 36 40 88 137 206 265 311 424 
12 4 18 88 135 151 185 197 237 254 274 284 351 
11 43 67 135 175 181 200 223 299 380 424 437 
10 32 67 126 135 192 269 283 336 407 423 
10 17 36 191 222 234 291 294 356 382 415 
6 51 79 107 136 195 232 
10 44 116 127 266 292 304 305 335 398 401 
11 37 154 155 156 193 227 263 297 312 341 409 
6 90 146 265 332 360 393 
10 29 35 43 189 238 253 270 323 415 426 
12 56 225 270 272 284 315 321 331 386 407 422 431 
15 2 9 13 76 94 116 214 228 271 300 325 349 354 382 385 
12 14 52 74 101 147 190 202 236 265 294 334 431 
11 75 236 247 252 296 305 316 380 387 395 405 
9 50 57 70 118 173 200 204 267 327 
9 58 74 86 97 124 245 284 343 377 
8 145 202 229 259 277 366 419 430 
8 59 184 214 230 240 329 335 365 
13 44 78 101 103 107 188 218 260 268 269 298 326 422 
14 25 35 59 75 110 123 160 169 210 254 303 366 384 434 
8 7 75 91 118 155 232 239 317 
10 5 25 35 154 178 219 248 311 359 390 
8 120 137 162 207 232 246 316 400 
7 84 225 226 280 296 336 371 
8 26 52 227 246 262 359 366 405 
16 6 18 60 76 82 114 134 135 138 159 226 266 375 407 414 424 
14 43 81 102 117 130 199 205 225 240 281 310 326 369 420 
8 85 173 224 227 329 366 396 437 
10 9 99 265 272 295 311 323 342 368 393 
12 6 7 16 22 32 152 181 182 265 303 342 348 
10 2 31 206 228 238 277 280 282 431 436 
5 133 209 325 362 392 
9 69 78 125 133 166 271 292 310 339 
8 54 89 134 135 315 324 381 427 
9 39 54 78 133 172 192 296 303 422 
12 17 44 119 190 241 271 328 344 363 365 393 404 
10 59 145 215 241 263 268 287 327 343 353 
11 6 35 124 160 198 211 214 277 296 357 426 
10 19 211 213 239 242 256 324 368 396 430 
13 74 106 176 181 195 212 215 236 300 386 388 429 432 
10 44 139 199 218 273 296 303 401 429 432 
11 3 47 89 92 104 204 260 266 277 410 421 
16 20 98 130 133 205 233 257 279 285 288 292 320 339 386 396 413 
8 30 48 130 135 356 366 381 428 
10 67 105 144 193 208 210 246 314 326 409 
10 9 102 141 167 177 230 270 375 403 424 
6 25 37 110 148 192 302 
11 21 43 58 135 136 139 151 173 253 270 276 
12 0 22 129 134 170 200 201 227 240 271 418 436 
7 1 8 30 58 141 189 437 
12 27 62 80 99 159 197 218 332 348 385 402 421 
9 11 21 46 138 208 226 241 333 337 
10 4 49 50 92 136 205 214 236 295 308 
14 57 82 98 135 166 173 223 224 239 247 254 294 324 410 
15 62 92 104 115 226 258 298 324 330 332 351 352 355 356 398 
10 19 47 48 178 181 287 302 313 369 386 
14 22 70 135 139 156 160 169 260 304 329 341 343 378 407 
17 23 24 52 63 79 109 113 130 167 203 274 293 337 350 376 414 432 
9 107 112 210 212 232 322 409 427 432 
14 16 40 76 127 133 201 241 250 367 383 384 391 402 433 
10 29 164 209 277 282 289 294 376 419 425 
11 34 160 172 253 255 297 360 383 397 409 419 
5 109 247 259 326 428 
6 67 69 259 325 335 429 
6 24 34 62 113 201 438 
8 60 68 71 75 197 235 249 332 
8 82 89 189 207 241 327 333 389 
13 13 33 52 66 81 100 139 161 180 249 332 362 417 
7 0 31 226 293 323 365 411 
12 23 99 120 121 230 270 279 303 330 343 348 433 
12 41 45 107 117 125 142 242 262 346 369 428 437 
10 29 61 169 204 250 251 297 324 361 419 
11 12 35 42 90 99 130 143 206 229 244 409 
10 3 87 102 167 311 313 323 371 406 419 
13 19 66 144 150 175 182 212 258 295 327 336 359 374 
14 10 57 89 94 97 142 195 224 283 305 344 352 414 419 
13 47 70 74 101 102 136 172 327 337 367 403 410 432 
16 64 93 115 164 166 174 188 196 200 216 217 286 313 364 393 407 
5 44 151 194 213 229 
9 18 50 93 125 202 324 356 368 386 
10 10 107 140 153 206 224 292 339 429 436 
10 0 46 58 102 144 191 206 285 315 438 
10 117 127 176 184 197 198 233 235 257 375 
13 3 37 64 115 199 220 223 236 300 306 324 367 386 
10 55 77 102 106 111 164 198 216 334 338 
7 51 55 102 118 228 406 433 
11 4 41 157 189 245 308 310 340 402 418 439 
6 13 58 74 327 370 421 
6 10 63 123 235 284 423 
9 169 183 204 218 225 229 248 279 438 
10 27 62 76 78 95 113 119 130 313 396 
12 44 55 97 120 143 153 230 257 277 285 345 366 
13 27 101 153 165 180 211 218 307 336 391 398 408 433 
6 20 45 214 295 303 413 
10 18 28 71 77 147 218 248 325 366 399 
7 17 87 191 263 364 379 415 
11 12 99 127 189 198 203 276 289 308 354 435 
11 60 112 167 171 230 269 279 309 312 320 405 
9 36 49 93 111 164 265 311 336 377 
12 17 32 35 61 63 104 121 224 243 299 352 357 
6 3 68 101 150 174 230 
9 14 45 87 248 284 316 328 342 353 
11 10 17 56 67 97 143 166 292 341 361 416 
12 49 83 87 137 157 173 192 329 352 365 396 422 
16 0 5 65 86 87 89 194 220 230 268 290 375 401 413 419 434 
16 29 62 75 89 102 114 145 149 173 245 256 321 327 342 359 421 
11 14 59 118 192 200 241 248 313 345 381 382 
11 60 100 164 170 216 240 262 281 341 353 357 
10 69 71 186 201 211 222 225 228 354 430 
12 11 32 51 58 103 195 249 259 330 373 374 416 
10 12 22 49 82 97 206 242 325 423 432 
10 7 37 85 88 176 190 287 384 391 393 
9 58 84 109 132 199 227 271 385 404 
8 6 8 30 50 80 128 307 408 
9 34 37 145 175 234 243 327 351 426 
16 10 42 78 157 168 176 207 217 222 228 257 281 305 324 353 399 
8 45 83 107 149 194 244 338 399 
14 11 56 85 102 179 194 201 263 303 318 368 380 414 418 
8 36 93 120 126 186 271 342 371 
12 89 120 135 155 280 301 347 362 387 388 395 432 
14 44 48 50 117 135 147 240 274 284 339 353 376 413 419 
6 24 77 130 150 285 406 
7 120 214 220 274 355 421 429 
15 4 15 121 144 178 181 188 209 216 261 286 362 376 381 425 
10 9 10 15 55 138 169 195 285 323 324 
14 4 41 98 136 243 261 265 278 294 332 361 379 381 399 
3 8 232 362 
9 23 113 122 184 198 221 269 404 438 
13 2 26 59 84 86 97 201 210 289 325 330 341 377 
5 114 131 208 382 436 
10 18 47 109 119 182 305 359 372 401 421 
11 38 39 43 88 98 326 340 367 382 407 426 
14 27 92 99 150 162 230 285 352 357 371 376 413 433 439 
11 15 23 147 149 198 293 355 357 359 381 405 
8 25 27 63 108 246 410 411 434 
8 101 197 216 256 261 312 324 437 
23 23 87 93 121 134 153 183 221 226 241 242 259 267 271 303 312 323 327 364 365 385 429 435 
12 45 126 137 143 149 199 219 251 282 298 316 327 
12 35 43 61 107 116 206 214 232 250 319 361 382 
16 13 28 63 101 180 202 224 254 262 264 275 293 302 324 325 355 
10 0 15 39 64 111 162 176 223 289 437 
11 89 146 153 174 205 215 244 291 378 380 388 
7 92 242 257 297 316 334 413 
11 0 1 42 53 141 146 174 185 186 198 414 
13 60 63 161 173 196 238 242 253 255 313 341 409 423 
9 126 185 239 254 345 348 364 399 415 
13 42 96 98 114 128 136 200 272 330 336 344 392 428 
8 65 69 112 156 194 205 251 386 
10 45 118 144 150 191 211 262 280 286 334 
9 1 12 239 245 264 362 384 401 421 
7 54 56 113 154 272 304 419 
10 59 87 136 165 220 230 268 308 365 381 
10 78 79 114 120 136 167 274 319 413 415 
15 9 16 48 79 103 117 174 183 195 244 290 295 316 332 388 
11 27 53 55 90 146 216 217 289 293 306 397 
8 110 203 224 244 257 391 403 435 
8 28 154 170 223 263 334 373 434 
7 51 63 138 164 279 294 333 
6 93 119 158 170 258 364 
8 39 58 68 90 103 307 387 410 
10 1 5 29 75 137 154 217 238 257 333 
9 55 56 119 199 371 378 398 405 435 
11 1 15 39 77 86 101 124 245 358 400 401 
11 85 89 136 151 185 186 189 242 302 358 383 
10 27 68 79 106 242 263 287 291 320 412 
13 56 95 136 159 224 289 295 303 308 389 398 411 413 
8 33 101 154 199 284 296 367 368 
12 20 54 67 77 93 133 159 242 310 321 327 358 
10 26 56 109 166 192 231 242 267 364 399 
14 8 32 41 88 154 176 225 287 295 320 321 390 394 439 
10 9 39 55 105 118 350 351 355 388 418 
11 42 73 77 209 212 262 293 318 321 361 400 
7 18 32 54 122 132 196 249 
8 37 158 259 290 313 326 359 426 
13 42 47 75 80 159 219 255 307 311 314 337 416 431 
7 24 64 100 223 374 382 395 
10 68 104 106 122 265 283 324 333 346 356 
11 8 65 66 73 112 205 223 256 291 324 339 
12 25 62 176 177 204 207 212 215 231 279 282 371 
10 40 119 125 247 264 271 319 354 376 433 
8 70 73 118 216 226 267 305 354 
9 109 111 158 161 183 214 243 258 390 
7 113 135 147 173 181 275 404 
13 61 113 125 142 149 163 211 261 306 320 349 366 374 
7 49 72 79 130 175 318 390 
10 23 29 66 133 137 149 297 344 383 404 
10 3 58 82 136 262 297 363 371 377 406 
8 39 78 80 112 213 233 270 292 
14 39 70 113 133 135 150 178 245 248 308 311 320 367 428 
10 81 140 142 203 286 316 374 402 410 411 
6 80 102 244 329 349 395 
7 2 76 168 283 313 421 439 
10 38 61 152 161 166 190 201 305 329 402 
12 40 47 69 114 221 231 294 311 313 321 339 439 
10 1 66 111 192 199 294 317 319 326 363 
7 117 129 247 249 351 373 408 
12 50 58 101 123 140 179 207 247 299 337 426 434 
10 44 51 56 199 238 300 324 430 431 436 
13 3 63 69 107 198 227 230 243 267 271 335 391 423 
11 5 17 75 124 131 135 201 307 347 415 433 
9 140 141 187 227 307 329 341 358 433 
6 92 139 159 181 254 353 
8 87 122 142 209 357 369 372 419 
8 37 72 111 247 280 299 343 386 
10 45 46 73 93 176 177 219 334 420 426 
7 39 137 196 216 223 265 299 
8 68 70 97 110 150 180 357 397 
12 26 90 102 109 113 133 184 201 307 363 378 397 
14 20 32 68 82 138 156 215 226 230 278 291 427 436 438 
10 5 77 80 84 167 249 342 394 395 434 
13 6 33 43 91 92 105 194 242 280 349 353 423 431 
10 30 42 74 128 282 303 304 313 333 356 
8 6 107 162 179 210 350 359 423 
10 122 141 182 194 228 292 318 337 350 402 
7 238 247 274 377 380 401 417 
8 33 109 143 233 264 343 408 433 
12 22 58 81 93 143 167 223 300 315 370 373 409 
9 45 50 134 142 201 212 285 321 349 
9 155 181 261 273 309 374 411 424 426 
12 89 121 122 123 129 156 191 198 213 244 265 319 
12 1 15 69 88 89 143 187 280 301 383 403 418 
12 72 75 95 100 162 195 232 246 249 260 332 404 
11 35 59 103 110 117 229 241 264 322 347 377 
9 2 124 165 256 322 353 377 406 423 
8 32 45 76 90 125 174 186 352 
16 10 14 34 71 96 125 177 230 281 292 308 320 330 340 353 431 
11 29 46 102 120 123 136 213 245 263 305 331 
12 22 140 145 163 165 172 192 197 283 333 340 387 
5 52 118 290 297 362 
8 6 58 128 137 158 255 402 430 
14 6 31 56 67 69 93 166 184 236 274 305 358 408 419 
17 53 107 108 139 204 248 249 259 261 263 292 308 338 390 418 426 438 
5 71 94 116 214 392 
12 62 80 109 229 238 275 293 310 318 337 379 438 
10 6 21 79 93 154 198 206 222 291 427 
11 48 126 182 191 276 298 332 386 398 400 411 
12 28 35 40 86 113 124 174 188 190 213 233 406 
4 18 129 248 311 
14 3 9 128 156 197 225 302 319 361 384 392 406 419 427 
12 12 58 63 106 121 128 151 221 246 396 422 426 
8 73 100 163 231 250 258 334 376 
8 2 110 227 228 251 268 310 324 
8 58 93 132 204 226 296 385 417 
11 17 56 120 147 198 200 218 362 385 398 413 
11 5 54 177 182 227 228 245 246 264 298 307 
17 8 88 97 99 138 152 158 159 247 257 273 280 320 367 387 388 403 
9 21 80 143 207 292 322 344 384 397 
8 35 54 154 184 284 324 343 349 
9 23 96 98 218 236 268 317 385 396 
8 11 144 190 215 237 258 323 328 
14 27 64 69 112 141 157 159 252 269 277 315 396 419 421 
7 108 112 274 320 357 379 381 
440 2232
13 41 181 222 245 253 263 289 301 321 324 358 395 398 
13 6 16 58 71 78 94 111 142 175 273 290 393 412 
9 85 177 187 196 203 356 392 410 425 
8 65 151 180 256 312 316 418 426 
15 49 151 199 211 233 244 248 253 256 317 330 368 390 399 400 
10 20 32 165 220 281 296 358 395 416 427 
11 1 33 98 103 144 252 325 347 354 356 385 
8 88 167 176 226 250 333 401 407 
17 41 74 90 124 127 184 186 190 193 211 223 228 259 275 317 351 369 
12 26 29 62 70 77 89 119 193 227 228 233 259 
9 68 82 141 224 325 336 372 399 417 
8 111 142 173 183 315 359 397 433 
8 98 137 215 282 298 310 338 403 
8 36 66 101 167 205 291 348 387 
8 25 28 38 114 227 297 321 351 
11 44 91 103 163 181 220 249 353 403 410 428 
10 1 42 101 177 217 270 362 367 368 408 
14 86 110 146 157 183 187 199 224 250 327 340 343 350 426 
14 51 128 178 187 197 207 234 281 326 332 336 364 383 435 
20 69 77 131 134 150 152 155 226 235 241 285 289 322 362 375 391 417 418 427 428 
16 5 22 33 97 138 160 208 231 241 266 267 276 306 368 372 373 
8 29 88 100 161 299 322 375 435 
14 20 36 105 119 176 197 227 231 238 255 303 329 364 417 
8 26 88 179 184 185 268 321 436 
10 124 156 178 205 277 282 314 360 382 392 
10 14 120 201 261 285 311 316 353 397 415 
10 9 23 125 202 206 266 317 346 386 422 
7 64 174 262 276 301 315 324 
9 14 101 226 230 262 343 387 401 425 
12 9 21 106 119 145 208 258 261 311 315 368 388 
16 39 46 64 93 114 117 182 187 193 197 236 237 262 274 341 438 
7 66 99 219 221 261 316 429 
9 5 203 217 237 241 258 347 407 431 
16 6 20 41 71 92 153 164 251 306 320 323 342 358 360 368 431 
10 77 109 119 176 213 256 272 306 376 393 
6 52 109 132 279 310 371 
10 13 22 145 218 254 284 369 393 425 438 
11 43 60 83 86 113 153 202 262 263 407 435 
8 14 66 123 145 150 254 258 332 
13 30 93 113 155 180 189 295 341 354 357 360 392 394 
3 200 271 356 
14 0 8 33 42 61 71 89 124 185 208 347 370 378 435 
9 16 41 174 240 252 270 316 372 414 
12 37 62 67 69 72 169 198 200 237 349 350 397 
11 15 98 101 157 203 256 265 296 369 391 404 
9 79 103 236 237 292 317 322 414 417 
15 30 49 76 120 170 181 204 237 318 349 372 416 420 426 436 
10 53 80 106 130 145 176 225 322 376 429 
10 68 76 90 180 189 251 325 337 340 347 
12 4 46 50 59 78 127 136 201 263 410 416 437 
8 49 51 57 63 89 142 211 271 
10 18 50 65 113 117 189 197 261 289 347 
10 35 82 145 224 234 262 313 404 406 435 
10 47 144 171 188 189 190 348 363 393 424 
10 99 116 130 139 151 160 247 350 404 410 
10 76 111 174 194 196 238 346 393 401 402 
9 85 233 247 249 255 308 333 340 393 
12 50 85 89 90 153 238 247 319 356 407 426 427 
9 1 75 118 125 144 248 277 310 319 
14 49 101 112 127 142 144 171 185 298 309 381 388 414 435 
13 37 62 67 117 121 129 184 214 226 290 331 356 430 
11 41 103 125 191 196 205 217 223 288 311 341 
13 9 43 60 83 111 155 214 219 229 247 268 301 393 
8 50 94 114 189 190 238 350 405 
8 27 30 132 176 186 211 261 324 
13 3 51 91 102 164 172 216 265 266 320 326 354 361 
10 13 31 38 191 216 281 305 338 384 429 
9 43 60 110 143 172 250 269 384 434 
10 10 48 124 149 294 299 307 311 404 435 
9 19 43 87 183 192 197 200 315 346 
9 9 82 89 167 243 291 348 354 436 
13 1 33 41 144 146 169 265 283 311 352 384 423 432 
11 43 123 151 245 256 262 301 357 364 366 411 
12 127 131 156 162 190 208 268 294 305 317 361 439 
14 8 86 122 129 167 194 224 244 301 319 349 364 400 408 
15 58 76 182 205 235 240 252 281 282 304 331 367 389 390 398 
12 46 48 55 75 96 99 135 137 243 339 374 406 
20 9 19 34 127 137 161 176 180 203 225 253 278 297 301 309 331 364 366 409 431 
13 1 49 102 133 150 211 213 218 226 230 287 325 382 
17 45 124 165 166 173 203 204 210 228 255 308 310 347 358 422 430 439 
6 47 222 277 298 321 418 
6 135 136 165 341 359 368 
8 10 52 70 340 399 434 435 438 
8 37 62 176 193 229 251 332 350 
7 130 149 155 232 294 303 372 
12 2 56 57 93 147 148 233 242 247 363 399 417 
10 17 37 74 292 309 336 337 353 394 430 
8 69 115 118 188 340 357 430 433 
14 7 21 23 109 131 136 151 162 271 285 306 329 336 384 
12 9 41 50 57 70 113 118 156 184 187 348 370 
10 8 48 57 126 216 359 386 407 412 433 
13 15 65 134 146 153 168 189 198 261 349 356 415 433 
9 33 142 150 277 291 294 311 354 419 
6 30 39 85 228 243 331 
11 1 63 232 283 290 306 320 370 391 393 399 
7 207 232 240 248 291 296 382 
9 76 150 162 233 310 312 365 401 408 
6 20 128 150 176 181 333 
15 6 12 44 147 153 160 166 183 211 253 271 285 343 372 431 
13 31 54 76 104 113 117 119 155 183 286 312 315 334 
9 21 120 141 214 222 321 344 363 398 
14 13 16 28 44 59 144 146 148 159 173 256 296 345 371 
10 65 78 115 218 275 291 297 333 339 355 
12 6 15 45 61 138 144 162 216 336 395 400 409 
10 99 119 144 146 185 291 292 394 414 417 
9 22 112 164 239 252 266 292 325 379 
7 29 47 242 256 275 280 385 
8 112 136 149 263 292 300 307 400 
10 135 184 274 293 324 341 352 355 375 421 
12 34 35 88 110 134 155 221 225 329 344 385 432 
14 17 67 109 125 163 165 279 299 324 332 336 349 358 419 
11 1 11 55 62 137 138 275 288 318 352 378 
12 59 105 107 159 194 282 335 353 354 357 370 418 
9 37 39 51 89 99 175 206 280 392 
7 14 30 63 220 223 271 410 
13 87 102 121 168 243 274 284 297 318 321 333 384 433 
11 54 168 181 186 299 331 346 367 368 394 407 
8 30 51 60 99 142 222 421 438 
9 58 87 89 159 162 241 335 339 375 
12 9 22 29 34 99 104 152 244 253 402 409 424 
12 25 46 100 133 164 179 198 216 295 304 318 355 
7 60 115 152 297 298 304 312 
8 74 125 133 160 250 341 416 432 
10 38 72 145 201 224 241 248 281 303 342 
14 8 24 41 68 79 167 172 203 261 305 306 333 373 405 
8 26 58 61 110 122 145 151 414 
6 90 207 241 276 333 420 
16 8 49 59 73 77 138 231 246 257 291 362 396 404 406 410 417 
9 18 97 138 258 274 282 331 399 418 
7 60 74 193 240 283 420 435 
9 47 54 84 137 189 199 280 425 428 
7 19 73 88 185 242 306 365 
12 35 64 169 210 219 251 272 292 331 338 349 405 
8 78 120 122 138 198 221 245 314 
14 19 91 109 145 155 160 197 212 248 253 298 305 400 430 
13 76 81 108 159 183 188 301 311 320 327 390 401 413 
11 49 81 88 107 178 221 223 245 286 339 382 
8 12 76 77 111 130 155 229 275 
13 20 103 111 127 128 133 155 282 315 344 348 357 362 
12 54 142 146 166 194 195 212 318 329 338 377 429 
8 195 200 291 350 379 411 412 425 
6 10 100 145 300 301 430 
17 1 11 50 59 92 117 139 168 214 245 277 336 345 369 376 409 411 
7 67 210 274 304 316 415 420 
14 6 53 58 59 71 101 103 104 170 252 284 318 360 422 
23 29 36 38 47 52 123 125 134 141 146 152 230 243 252 259 264 282 292 298 317 335 348 393 
16 17 71 91 101 104 139 145 160 189 206 240 269 285 289 323 342 
7 85 98 185 246 264 386 398 
10 85 101 161 177 277 318 337 363 433 439 
10 68 84 107 216 355 378 384 401 415 429 
15 19 38 78 92 96 97 174 187 205 243 354 359 385 392 404 
12 3 4 54 72 88 125 205 238 299 404 409 422 
11 19 119 121 145 208 254 267 271 278 316 387 
10 33 37 57 91 98 213 217 292 308 383 
3 172 280 310 
16 19 39 62 84 99 109 134 137 138 167 192 197 203 243 281 288 
8 24 73 89 165 286 293 300 314 
7 17 44 187 288 364 400 402 
6 245 250 343 383 419 424 
11 101 112 118 135 186 210 257 308 314 350 371 
12 20 54 98 122 134 146 191 292 320 372 382 395 
7 21 77 148 168 198 276 402 
11 73 88 96 103 118 201 233 292 347 386 433 
10 15 110 166 176 196 201 315 338 343 435 
9 33 65 105 120 196 271 322 350 439 
12 5 79 81 110 156 180 181 207 286 351 369 396 
12 79 98 139 163 207 228 283 305 344 351 357 380 
9 7 13 70 74 124 155 269 389 392 
8 91 115 116 142 161 351 383 439 
8 43 71 132 201 255 389 397 404 
11 46 144 171 234 301 302 342 368 385 388 401 
10 53 59 170 224 246 259 331 371 397 429 
8 65 67 124 154 190 313 321 387 
9 11 79 101 184 187 225 269 402 439 
13 27 42 55 150 236 239 279 286 289 315 325 349 409 
5 1 113 200 381 412 
11 7 22 34 47 64 77 83 97 163 201 295 
10 2 16 148 220 240 318 322 359 368 421 
11 18 24 136 261 266 273 279 304 328 400 431 
9 23 120 185 223 268 305 370 373 380 
11 3 39 48 77 165 243 276 286 296 373 375 
13 0 15 46 97 116 165 222 244 272 301 303 343 429 
9 30 75 237 252 282 334 357 363 413 
8 11 17 69 98 99 135 200 397 
9 8 23 60 89 108 173 237 327 398 
11 23 41 59 104 131 147 179 203 223 421 431 
11 8 64 116 159 204 211 280 350 382 385 396 
12 2 17 18 30 89 150 157 173 221 293 314 426 
4 53 87 135 210 
10 39 48 51 53 63 91 130 146 268 408 
8 8 53 63 73 172 276 340 378 
8 61 66 160 247 306 349 382 387 
8 69 155 213 324 343 352 365 426 
11 8 9 30 83 129 265 273 288 300 394 395 
6 55 74 112 139 237 280 
6 139 140 221 296 327 419 
9 2 55 61 163 164 197 309 349 419 
12 18 22 30 51 69 134 155 196 317 376 394 409 
6 43 91 120 133 161 248 
8 4 17 130 223 238 243 259 283 
10 40 43 69 140 175 183 279 297 366 388 
11 25 49 123 162 163 169 176 305 359 367 397 
7 26 37 219 322 329 334 337 
17 2 32 44 77 79 124 155 185 233 276 292 341 346 359 363 420 430 
6 46 79 186 281 318 379 
8 13 24 61 75 150 151 257 290 
9 26 113 146 257 261 289 373 409 424 
9 18 95 126 165 166 258 274 352 411 
10 20 29 41 73 152 239 246 265 287 327 
5 251 326 367 389 398 
12 79 132 143 159 188 211 296 319 363 373 407 414 
12 4 8 50 64 78 98 186 210 260 346 356 411 
5 134 139 353 371 382 
10 34 78 153 192 247 255 306 338 350 417 
7 60 62 100 142 253 371 376 
6 12 286 303 355 377 424 
10 65 66 90 103 120 149 248 296 376 422 
10 16 32 61 153 273 314 327 328 345 395 
7 36 78 102 257 310 336 413 
6 31 62 132 202 249 429 
6 5 15 114 177 260 417 
10 31 109 133 136 187 195 245 285 345 351 
11 0 80 100 117 181 234 245 353 363 365 382 
12 8 61 114 136 179 185 199 330 332 337 394 428 
7 10 17 52 74 123 171 358 
6 47 77 109 173 393 399 
8 7 19 28 60 78 243 380 414 
8 9 14 22 244 340 345 357 432 
7 8 9 79 93 166 237 347 
6 62 83 137 241 369 384 
8 28 78 145 239 244 271 295 372 
7 20 22 127 290 323 350 386 
7 84 94 95 252 262 365 366 
16 4 9 56 85 96 162 203 243 254 296 338 350 361 404 433 434 
8 18 52 170 222 245 268 279 433 
12 19 75 242 253 255 272 314 367 369 375 414 419 
10 30 45 174 241 275 296 297 353 391 417 
12 30 32 43 45 46 182 184 194 228 298 312 316 
12 22 55 57 63 151 199 259 261 274 287 300 369 
10 105 174 208 230 264 293 315 342 368 432 
10 42 75 95 129 146 177 257 264 325 346 
11 19 20 32 118 123 126 229 236 306 372 380 
7 85 106 131 235 268 269 390 
16 70 76 93 115 145 150 155 180 199 226 233 331 383 386 392 432 
11 4 74 119 181 227 230 249 260 267 319 371 
14 0 72 133 136 142 158 221 222 234 276 282 377 383 439 
9 127 147 171 208 282 289 360 368 373 
12 54 56 57 62 85 191 213 252 325 332 421 423 
11 4 58 95 123 134 198 216 273 338 372 381 
9 15 56 219 244 251 290 338 367 419 
9 7 17 67 122 158 264 292 324 342 
9 33 48 83 132 209 249 257 269 296 
10 6 42 75 105 144 145 182 232 247 438 
11 0 4 77 98 119 134 214 235 358 391 408 
7 36 38 152 233 309 352 353 
10 22 56 79 169 213 235 268 276 277 289 
14 3 4 34 44 72 101 106 342 375 389 401 432 435 436 
10 127 159 205 206 218 240 251 336 403 438 
10 29 32 38 128 207 268 296 305 310 435 
14 8 9 145 171 199 238 266 294 314 316 324 425 432 436 
9 211 220 244 293 301 357 381 382 437 
13 25 29 31 51 64 91 124 178 206 238 359 381 427 
12 27 28 30 37 52 72 232 274 302 312 320 329 
7 0 37 49 107 312 314 330 
8 145 147 239 240 250 357 390 406 
15 44 65 71 193 208 268 274 296 318 330 366 370 392 410 431 
9 20 26 65 105 178 259 268 297 298 
8 20 152 244 327 362 370 398 414 
14 23 62 73 179 189 234 242 255 258 265 266 294 344 429 
7 67 146 167 173 242 251 292 
5 16 42 369 394 399 
9 40 50 88 98 114 152 164 230 382 
8 34 132 181 235 329 339 360 403 
9 1 178 193 217 248 279 332 351 398 
10 30 108 115 128 143 207 238 262 265 310 
10 8 102 106 111 137 236 329 388 400 424 
13 20 27 126 161 180 190 203 245 255 328 349 387 398 
10 24 58 80 92 142 148 255 316 334 388 
4 77 152 362 368 
12 35 110 174 178 200 234 273 304 313 315 367 398 
12 106 113 130 154 186 194 287 293 332 424 431 434 
11 5 18 66 75 123 155 204 301 345 367 381 
13 12 24 75 112 128 138 145 182 245 246 295 316 415 
6 71 94 129 166 199 423 
6 36 115 144 309 344 396 
11 19 25 88 98 146 221 326 340 357 388 395 
10 99 136 156 165 174 180 215 305 343 429 
8 78 208 238 280 352 364 389 394 
6 61 111 155 157 193 342 
13 0 19 51 146 174 206 246 255 327 380 418 427 431 
10 1 60 94 205 231 249 298 388 416 436 
11 13 70 92 95 102 104 127 140 294 302 381 
14 45 86 104 105 107 132 145 153 160 162 203 250 269 312 
9 108 156 187 239 260 280 375 403 428 
11 68 73 84 92 259 268 291 304 327 354 424 
13 39 120 176 230 282 360 364 377 385 393 411 413 429 
17 5 44 95 101 180 195 210 216 233 236 251 258 265 319 392 398 402 
9 14 77 102 115 121 200 236 266 305 
18 12 59 80 121 134 145 237 266 290 326 348 355 367 386 409 428 429 438 
10 21 68 110 116 151 305 343 374 405 433 
9 107 141 156 193 238 309 409 425 426 
15 0 27 62 72 74 77 135 141 170 181 260 281 377 378 384 
5 170 262 291 356 430 
9 22 84 123 181 215 353 369 382 425 
10 75 120 121 143 178 279 294 379 410 424 
15 66 73 124 134 166 179 201 258 286 297 299 307 355 356 405 
14 20 33 34 88 94 124 131 191 213 241 310 333 382 397 
4 68 107 305 337 
6 56 79 153 159 417 420 
9 59 77 86 196 254 284 300 325 415 
13 12 35 58 79 96 154 218 258 274 306 340 360 375 
9 25 29 61 68 71 92 135 338 339 
10 3 96 99 121 237 262 263 292 373 404 
5 52 172 279 314 363 
14 24 133 156 159 187 217 235 259 263 313 373 377 382 421 
14 11 27 29 69 99 138 163 174 239 279 321 366 408 435 
12 3 25 31 42 143 152 237 259 277 282 351 385 
8 4 8 26 45 73 145 197 335 
11 46 111 115 120 139 144 148 177 204 265 346 
6 57 58 74 210 244 296 
7 33 65 94 135 160 262 393 
12 0 14 23 80 100 115 172 315 339 360 375 393 
10 19 21 45 47 164 177 202 329 377 400 
6 33 146 231 339 384 398 
11 0 27 64 108 110 192 250 259 327 392 399 
10 6 10 48 78 105 174 240 247 309 390 
10 18 65 209 285 298 339 358 374 387 391 
16 17 135 184 195 208 217 267 289 294 324 329 350 363 376 380 432 
6 178 217 276 347 371 413 
12 22 88 109 139 202 262 272 275 322 327 376 380 
11 4 223 263 265 345 381 383 393 394 403 428 
9 60 75 77 93 116 128 132 171 243 
10 18 38 83 110 223 247 273 280 395 404 
12 7 56 97 102 115 124 126 306 353 364 402 403 
6 99 182 202 277 434 438 
6 112 118 145 317 369 439 
11 10 18 86 88 103 110 142 218 257 396 398 
8 48 86 148 202 223 307 348 369 
11 12 66 132 139 163 213 233 248 249 311 407 
10 76 102 118 136 272 311 321 323 326 408 
12 17 48 56 82 87 190 227 285 310 343 358 372 
9 30 39 61 81 108 122 203 396 401 
8 33 123 146 170 239 250 256 288 
11 17 28 98 158 163 181 192 286 299 340 434 
10 100 109 138 166 268 284 378 383 405 439 
7 101 142 217 221 227 281 330 
11 26 55 69 116 203 211 240 318 357 358 392 
12 6 32 41 48 51 79 162 228 328 354 423 439 
9 13 53 70 89 138 145 298 337 360 
11 43 46 74 91 110 132 174 191 196 276 399 
16 17 43 54 63 83 140 159 164 186 213 231 233 327 356 377 391 
11 8 14 165 166 168 221 273 316 354 371 388 
9 71 108 111 192 207 254 287 390 396 
12 15 25 86 112 212 222 236 254 303 333 368 436 
12 6 39 65 70 92 112 150 294 347 351 429 430 
9 102 108 120 149 215 298 305 402 429 
13 2 6 40 57 60 91 211 302 305 350 374 423 439 
13 39 72 87 112 138 166 182 227 260 264 285 346 376 
10 0 5 33 79 110 224 253 326 340 346 
11 11 81 90 150 177 201 203 261 381 396 410 
10 24 33 39 144 246 272 295 310 321 348 
7 65 73 233 369 379 431 439 
8 16 19 127 138 267 278 364 406 
12 53 85 100 148 182 203 210 222 313 327 416 434 
12 18 22 72 74 77 157 287 295 333 362 396 400 
7 96 131 192 222 232 435 437 
6 72 77 200 232 265 315 
12 16 75 116 201 209 235 249 279 281 298 380 387 
16 4 16 20 29 33 81 116 170 177 239 246 278 353 426 427 435 
16 8 36 44 142 165 229 235 238 270 303 335 337 361 400 423 427 
10 41 89 94 112 179 265 267 384 398 402 
10 35 101 159 171 212 214 244 328 351 421 
12 10 20 42 46 84 98 160 230 241 248 340 401 
11 20 124 179 180 206 210 246 312 314 374 386 
5 76 299 326 356 373 
11 19 21 108 118 180 235 256 293 310 321 403 
9 34 47 142 197 214 216 327 329 357 
8 139 215 245 295 301 314 322 350 
6 41 111 149 190 301 344 
5 105 140 204 304 361 
9 166 179 226 241 289 327 329 367 394 
10 59 175 248 260 261 281 291 330 359 386 
17 24 78 95 136 160 186 191 212 222 260 271 303 306 314 401 416 423 
9 18 153 158 168 243 245 330 344 434 
11 66 67 71 88 115 149 229 301 323 370 418 
10 6 106 109 150 170 186 295 316 410 424 
12 26 90 147 162 231 243 298 373 381 388 393 423 
11 13 28 152 172 191 276 326 367 396 428 433 
12 29 59 170 200 275 277 285 290 351 386 406 412 
6 75 167 169 209 256 287 
8 4 75 135 242 264 325 352 420 
8 19 44 94 236 253 326 350 425 
13 2 24 39 113 150 167 243 265 296 324 346 416 439 
15 1 34 36 53 55 56 62 94 145 225 295 320 321 330 386 
11 39 86 104 116 193 197 223 270 287 330 380 
10 0 5 103 160 193 217 285 332 414 427 
12 127 165 186 284 336 341 352 359 364 387 428 437 
9 11 25 43 169 171 183 201 306 412 
14 0 75 100 147 184 209 267 273 276 279 296 323 336 370 
11 4 10 82 85 94 128 225 270 324 349 439 
12 4 74 103 107 134 157 178 275 322 364 369 429 
12 7 28 55 96 135 149 170 256 341 372 382 430 
9 55 119 157 161 173 296 333 355 370 
9 12 15 257 272 293 330 333 375 436 
12 44 52 54 68 127 150 151 169 233 312 332 434 
8 63 124 132 299 305 344 412 439 
6 52 76 127 264 362 388 
10 7 32 37 57 90 116 210 338 413 426 
8 16 74 96 189 253 315 339 422 
10 77 103 119 142 151 174 197 206 298 300 
11 2 15 49 54 114 127 265 304 359 385 428 
8 72 140 142 207 211 295 428 434 
8 1 90 140 175 388 397 405 413 
7 135 182 218 295 328 407 412 
10 42 45 59 104 125 210 226 235 267 395 
9 25 91 143 149 282 309 417 428 429 
8 5 46 49 122 290 363 382 392 
14 10 19 22 45 85 104 127 213 220 236 308 415 423 435 
7 3 19 80 112 128 289 384 
7 92 110 158 195 196 235 249 
7 46 126 129 143 203 308 390 
7 108 117 177 185 247 314 371 
7 26 79 144 151 216 408 435 
9 71 247 283 347 356 369 382 386 417 
10 53 119 158 206 215 275 280 294 304 385 
9 2 28 36 130 140 259 300 303 391 
9 3 17 46 57 187 192 300 368 407 
8 5 19 57 261 289 368 369 395 
12 15 19 130 223 293 298 330 387 396 410 411 415 
16 31 47 66 139 149 171 181 219 268 286 295 298 354 355 400 415 
11 60 79 86 87 134 141 203 302 354 401 437 
10 32 33 77 98 178 185 265 280 289 361 
10 71 109 122 227 239 243 256 259 327 434 
11 11 87 90 91 115 148 162 233 234 299 387 
11 67 82 233 280 334 343 363 383 404 411 432 
17 18 21 37 41 52 59 68 82 129 163 256 258 315 365 368 417 422 
8 23 46 70 256 259 290 353 403 
5 49 260 365 396 430 
8 30 36 82 117 252 257 298 334 
15 73 79 148 164 168 173 245 335 344 347 356 361 392 399 405 
