400 2047
14 57 75 138 150 152 158 160 236 256 269 285 292 328 331 
10 13 57 109 176 225 277 371 377 388 390 
7 25 51 104 169 279 298 396 
10 63 95 113 133 207 290 349 357 381 391 
10 13 99 101 111 151 201 271 293 331 349 
9 6 40 77 79 213 316 351 374 375 
16 5 16 76 94 99 131 155 194 204 239 254 277 325 346 359 395 
13 9 23 61 65 73 149 246 248 265 266 270 339 382 
5 37 97 106 180 188 
12 7 14 26 50 83 167 231 244 287 295 363 380 
12 34 56 80 87 102 170 187 204 283 312 329 397 
7 122 275 280 288 302 315 324 
10 38 78 126 150 206 233 292 350 358 387 
11 1 4 80 104 125 147 190 242 354 378 392 
8 9 46 136 214 225 301 334 390 
9 26 78 157 201 277 294 295 324 376 
9 6 82 87 206 270 285 312 333 379 
12 146 147 156 163 185 243 270 294 295 333 373 380 
4 94 124 218 273 
11 20 34 111 142 199 202 206 209 306 350 385 
10 19 68 121 150 174 228 243 279 321 386 
8 34 59 127 177 229 241 246 265 
5 78 114 120 275 326 
10 7 24 65 118 127 169 216 270 322 326 
8 23 47 96 134 146 346 365 373 
12 2 53 159 170 205 261 281 298 300 328 331 339 
11 9 15 43 55 113 119 122 171 234 352 356 
6 86 93 150 204 308 375 
9 29 58 72 91 93 118 171 206 250 
6 28 139 243 283 322 373 
9 45 208 248 250 290 292 312 322 396 
13 40 87 92 115 143 146 155 198 201 295 340 357 375 
10 70 125 151 157 201 210 253 304 315 349 
10 38 54 63 104 174 181 191 277 330 336 
10 10 19 21 35 133 206 221 302 360 398 
7 34 196 244 291 307 356 376 
15 39 109 118 119 149 179 182 218 234 285 295 320 321 374 394 
10 8 121 220 252 264 269 313 351 391 398 
8 12 33 83 159 162 212 323 367 
14 36 54 102 131 151 161 163 179 214 241 280 364 378 389 
7 5 31 136 186 190 284 304 
10 89 130 159 172 200 237 276 313 341 344 
6 46 76 170 213 216 233 
10 26 49 104 110 172 212 217 258 342 352 
13 46 94 103 122 125 133 150 151 168 224 294 314 362 
8 30 67 187 201 244 272 275 299 
11 14 42 44 123 133 139 178 222 326 334 383 
10 24 85 170 213 241 244 269 272 309 361 
8 82 145 152 169 190 274 281 353 
10 43 184 194 206 223 228 266 279 308 385 
8 9 133 303 326 334 349 370 381 
11 2 89 102 109 146 165 173 182 202 329 359 
15 135 157 220 231 248 249 269 282 310 313 314 364 378 383 399 
5 25 107 151 170 344 
10 33 39 66 78 143 176 258 327 348 375 
11 26 60 121 167 172 179 253 293 317 350 351 
10 10 99 100 129 167 194 228 235 311 332 
12 0 1 65 81 139 166 246 270 310 318 323 358 
11 28 116 132 140 179 202 206 219 231 264 274 
7 21 95 133 159 172 246 396 
7 55 68 145 209 284 332 333 
10 7 111 128 133 205 208 229 246 278 363 
10 92 93 99 132 162 169 178 328 360 385 
15 3 33 65 157 172 205 216 220 223 252 275 285 298 337 392 
6 100 116 155 177 315 369 
19 7 23 57 63 104 164 196 198 230 236 258 261 308 335 345 365 378 388 391 
15 54 83 86 89 114 117 135 170 179 213 215 232 302 324 347 
8 45 86 181 268 308 340 350 387 
5 20 60 192 361 389 
8 98 143 152 295 299 383 387 391 
13 32 72 98 113 119 186 241 266 270 308 317 322 333 
10 113 144 155 190 195 200 213 254 295 331 
11 28 70 80 101 181 187 207 244 279 354 369 
4 7 256 299 329 
7 105 156 267 274 377 385 394 
11 0 147 151 179 184 236 250 251 292 311 350 
9 6 42 92 155 187 223 244 361 396 
12 5 133 138 150 180 182 221 235 274 280 291 376 
15 12 15 22 54 86 131 170 194 216 221 243 253 273 298 372 
10 5 86 128 148 252 260 278 342 354 398 
10 10 13 72 101 186 215 229 241 346 353 
8 57 93 103 290 354 356 373 391 
13 16 48 109 128 130 147 155 161 215 216 390 396 399 
16 9 38 66 107 143 167 195 205 231 252 280 283 307 344 355 373 
10 164 173 213 225 250 310 330 336 337 382 
14 47 108 163 177 202 224 261 290 294 320 326 362 377 391 
13 27 66 67 78 79 93 112 143 244 277 307 318 362 
13 10 16 31 187 197 224 265 270 274 312 388 393 395 
10 93 135 136 171 185 187 243 268 305 340 
16 41 51 66 98 119 127 141 159 171 188 208 260 355 356 367 387 
6 128 147 158 233 303 366 
13 28 108 119 132 135 154 178 191 226 250 294 329 370 
8 31 62 76 185 212 319 330 378 
18 27 28 62 81 86 88 100 113 157 199 233 255 304 332 335 336 376 392 
7 6 18 44 201 214 356 380 
7 3 59 172 222 261 277 358 
6 24 139 227 311 317 363 
5 8 151 266 355 379 
10 69 70 89 112 156 186 221 287 375 397 
14 4 6 56 62 103 105 106 138 153 204 253 294 353 354 
9 56 64 93 165 185 223 274 299 370 
15 4 72 80 139 147 172 181 210 211 225 247 269 325 326 362 
10 10 39 51 148 166 230 312 317 365 382 
9 44 81 99 127 156 184 187 200 230 
11 2 13 33 43 65 125 273 303 314 316 394 
12 74 99 110 169 178 224 242 247 277 311 391 393 
15 8 99 119 139 157 179 188 225 237 251 255 263 273 343 377 
5 53 83 149 306 392 
6 85 91 217 292 348 393 
8 1 36 51 82 114 274 326 373 
12 43 105 116 139 194 209 248 308 324 335 343 361 
8 4 19 61 151 190 242 328 339 
8 86 98 124 130 145 247 367 389 
13 3 26 70 71 93 122 125 149 185 298 314 349 372 
11 22 66 109 174 214 238 282 322 328 347 369 
13 31 122 124 173 179 237 253 261 296 300 323 327 357 
13 58 64 110 163 241 260 288 291 296 299 300 320 332 
8 66 123 140 159 188 211 287 378 
9 23 28 36 141 147 210 314 364 377 
10 26 36 70 89 91 106 142 219 233 361 
5 22 142 167 268 308 
9 20 37 55 126 192 237 317 329 392 
14 11 26 44 113 115 157 213 226 266 278 288 289 324 346 
9 46 117 130 144 163 224 233 262 397 
10 18 112 115 160 219 239 275 288 375 380 
14 13 32 44 104 113 156 174 212 225 251 259 277 339 392 
10 12 121 146 255 306 322 341 355 377 383 
11 21 23 89 103 150 240 254 296 337 350 359 
18 61 79 82 90 145 146 166 194 200 204 209 270 272 309 318 359 389 399 
14 56 154 192 193 211 227 228 257 259 261 325 332 358 395 
11 41 82 112 123 149 181 182 187 206 235 349 
13 6 39 78 161 185 202 208 249 317 345 347 348 372 
8 58 62 91 167 190 196 229 394 
12 3 34 44 46 50 59 61 77 153 176 181 308 
11 24 137 197 213 216 253 297 309 347 360 380 
11 52 66 88 91 158 185 253 298 304 369 390 
9 14 40 88 169 191 201 249 285 376 
10 134 169 187 209 213 237 240 258 386 391 
12 0 77 99 159 206 228 255 256 259 289 363 380 
13 29 46 57 96 101 106 110 149 159 264 294 318 331 
7 58 117 147 155 175 375 380 
10 89 118 167 171 197 208 214 279 330 399 
12 19 119 120 245 250 273 280 317 337 366 368 384 
10 31 54 69 83 86 150 275 312 336 349 
9 71 123 204 242 251 351 355 396 397 
9 48 60 112 128 234 330 349 368 376 
12 17 24 31 51 126 128 213 269 296 349 372 386 
10 13 17 75 82 90 101 118 140 308 333 
10 79 102 199 211 244 309 327 336 337 384 
12 7 36 107 113 130 139 206 218 313 353 377 395 
15 0 12 20 27 44 77 127 143 244 260 261 275 290 308 339 
12 4 32 39 44 53 75 97 111 154 200 233 272 
8 0 48 69 160 230 287 295 349 
5 99 133 204 264 334 
12 91 129 151 184 185 187 195 212 320 338 341 360 
11 6 31 64 71 76 82 140 239 247 262 350 
18 17 74 98 103 125 188 198 276 277 278 300 308 318 322 328 331 394 395 
14 15 32 52 63 93 106 122 215 221 232 330 341 383 388 
15 0 90 135 171 220 241 246 247 258 260 281 321 366 381 397 
15 25 38 41 59 89 117 138 139 179 260 294 317 342 362 386 
8 0 124 152 205 244 270 343 376 
9 39 82 131 189 226 321 328 337 348 
8 38 62 206 245 275 297 340 341 
11 17 39 85 116 123 187 191 296 303 307 334 
7 65 84 215 219 313 370 383 
6 51 100 186 231 303 308 
13 57 102 128 183 189 202 211 217 282 290 368 387 398 
12 9 55 56 83 120 132 141 201 279 280 284 310 
9 44 172 202 209 251 276 377 389 395 
12 2 23 48 62 105 136 137 208 228 297 306 381 
12 10 25 42 47 53 66 78 190 216 264 397 399 
10 26 28 88 89 141 158 182 291 299 332 
15 41 43 55 59 63 95 101 168 187 213 226 246 275 308 336 
6 51 84 115 204 318 375 
10 20 33 114 125 187 328 339 356 359 360 
8 140 182 184 256 286 326 362 388 
13 1 54 133 186 197 213 253 271 322 325 330 336 354 
8 21 64 85 178 209 282 294 370 
7 46 62 91 105 177 226 389 
14 36 39 55 58 66 75 106 115 159 222 343 354 355 399 
5 8 77 185 336 350 
15 33 67 72 101 130 133 201 261 267 271 277 280 345 358 392 
11 36 51 77 130 171 175 185 198 297 347 396 
5 166 222 252 301 392 
10 49 75 103 154 175 238 249 268 308 398 
14 17 88 92 100 113 131 135 154 180 182 201 213 348 365 
11 40 70 80 98 165 176 279 324 339 347 395 
17 10 45 72 76 87 88 103 130 137 154 163 172 174 199 259 284 399 
14 8 89 106 117 156 190 197 224 268 273 321 339 358 363 
2 161 166 
12 13 40 48 71 111 132 170 188 228 305 342 353 
8 33 91 136 163 208 252 362 370 
7 68 121 129 219 235 244 338 
4 129 276 320 333 
12 6 49 56 78 110 128 223 240 247 261 270 320 
6 71 83 154 238 325 384 
10 35 65 132 253 257 284 335 356 361 380 
9 87 134 141 176 188 203 269 293 331 
13 31 65 156 182 201 217 229 245 269 324 326 381 388 
7 19 93 148 187 227 234 358 
11 41 71 103 128 151 235 303 333 370 382 385 
13 4 15 31 32 45 94 136 167 181 185 198 205 240 
11 19 51 58 85 131 166 168 236 295 344 346 
4 197 252 253 357 
10 6 10 27 99 128 144 153 173 366 393 
11 25 61 63 83 160 201 214 236 364 365 379 
19 12 16 19 28 34 49 58 130 138 149 162 225 238 258 264 314 316 355 393 
4 3 72 361 384 
15 30 61 89 131 141 169 191 234 236 246 317 328 329 358 359 
10 19 60 110 128 137 168 177 241 281 351 
8 32 101 118 280 323 352 356 381 
10 101 117 129 148 166 222 231 257 286 360 
9 38 43 92 125 154 306 332 353 372 
17 5 42 47 66 71 84 122 134 137 146 172 176 185 224 258 326 391 
7 14 39 94 114 141 205 395 
8 66 80 82 157 164 290 306 349 
11 23 42 63 78 82 134 170 237 262 309 376 
10 43 108 166 198 248 275 285 287 301 369 
8 18 36 149 247 266 283 351 396 
9 58 119 124 164 192 272 355 377 386 
7 37 52 63 158 308 355 372 
10 34 77 78 98 157 222 313 327 343 378 
11 46 95 179 183 211 221 246 326 349 366 374 
8 49 63 76 100 194 340 342 360 
10 44 85 87 105 123 188 213 235 383 393 
10 1 14 84 101 106 125 206 244 264 325 
6 91 122 161 172 178 380 
7 96 129 199 228 277 336 382 
11 20 49 56 129 138 169 190 227 324 347 387 
10 21 61 80 132 198 234 254 264 331 357 
7 65 102 103 152 260 283 359 
10 9 52 58 83 165 211 272 316 329 332 
7 66 157 242 256 309 380 396 
11 12 42 90 93 119 123 151 276 288 345 348 
11 26 36 145 199 208 229 245 271 304 330 367 
6 56 77 130 192 200 224 
11 0 65 75 202 205 208 319 345 357 358 388 
10 41 106 115 121 137 216 289 292 362 398 
8 114 184 195 206 271 286 315 383 
5 6 124 155 322 389 
10 127 137 194 201 258 261 291 326 378 393 
12 21 39 47 70 80 116 158 209 249 252 305 397 
13 13 105 111 144 232 251 291 336 338 350 381 387 397 
12 17 20 29 78 88 296 305 317 332 341 364 378 
19 9 35 45 47 72 76 86 148 150 160 192 225 266 295 320 344 349 377 380 
9 142 162 198 234 282 316 342 345 374 
12 7 21 57 59 61 158 172 208 222 261 321 358 
14 101 105 112 155 158 194 218 249 260 265 309 318 329 393 
10 7 30 52 110 217 249 257 267 303 366 
8 52 131 136 184 241 247 248 276 
9 28 30 75 84 91 142 281 320 379 
9 75 106 125 144 168 242 265 352 382 
11 37 63 79 83 183 191 203 241 253 342 395 
17 32 55 78 99 115 134 135 176 196 203 252 260 278 294 304 393 399 
6 6 71 127 229 284 370 
10 93 106 126 138 268 276 277 306 334 337 
10 0 73 138 175 232 280 287 307 309 351 
8 129 196 211 248 258 321 339 389 
12 43 54 65 137 158 206 213 240 257 277 284 362 
6 125 129 138 187 354 383 
13 79 89 116 150 158 159 230 247 253 283 307 355 386 
15 25 65 85 95 115 129 150 181 194 240 246 292 319 333 369 
5 123 155 216 266 350 
7 106 267 268 322 336 338 378 
15 37 58 139 153 170 206 225 229 278 300 356 361 380 395 396 
8 7 21 87 247 251 326 359 366 
11 7 49 70 97 122 218 244 262 272 319 359 
9 74 181 248 263 303 336 368 375 385 
12 67 88 120 184 188 255 263 280 295 336 365 381 
12 0 37 47 52 101 146 197 198 294 345 373 376 
13 7 16 17 23 57 70 87 128 160 194 349 358 386 
9 4 176 181 234 238 288 329 380 387 
13 45 47 128 151 219 231 266 283 299 311 330 356 381 
8 18 78 104 106 142 188 349 387 
9 48 58 74 77 87 100 109 301 307 
17 11 22 45 63 124 143 150 162 172 217 284 294 311 333 336 338 387 
10 41 156 168 193 233 249 255 318 364 369 
17 1 6 15 33 86 95 105 125 156 181 227 255 258 326 356 378 393 
7 61 79 122 156 253 264 302 
11 2 20 49 72 141 167 186 280 301 319 348 
11 11 39 77 83 142 167 181 210 256 268 279 
8 25 48 158 209 250 305 314 371 
8 52 114 166 177 245 300 386 393 
8 10 29 83 218 230 260 272 396 
10 40 60 167 187 196 254 258 275 316 346 
14 0 16 36 63 136 217 289 305 324 326 343 354 357 365 
8 175 211 238 304 326 331 350 390 
9 9 98 117 152 217 256 294 304 360 
8 11 116 122 124 233 271 331 350 
8 122 138 237 285 301 370 396 399 
10 3 30 81 85 150 166 215 304 372 393 
10 35 77 116 171 240 242 308 336 370 388 
8 0 12 30 75 108 237 261 345 
7 4 55 197 325 327 368 371 
16 15 17 44 85 91 99 139 159 177 253 269 275 287 318 341 348 
14 9 15 17 31 36 69 71 152 202 244 268 342 370 373 
10 115 116 127 146 163 243 302 308 314 325 
8 134 162 169 182 346 356 367 388 
13 2 25 63 78 113 135 311 333 339 342 346 374 393 
10 45 69 73 100 116 171 272 340 350 367 
6 25 115 116 156 264 282 
10 14 183 217 274 279 289 321 331 346 393 
7 11 34 66 278 296 321 389 
10 50 90 104 163 165 200 248 267 305 388 
10 32 40 93 135 234 253 286 287 290 360 
9 88 190 241 243 281 285 303 371 399 
9 19 107 126 169 212 215 255 327 399 
8 35 83 86 163 256 260 274 318 
19 27 49 65 67 70 110 120 133 147 150 156 165 172 184 220 291 296 382 399 
9 47 128 134 148 216 232 247 256 315 
5 52 57 84 167 393 
8 56 75 96 105 272 275 298 336 
8 10 16 30 87 102 143 321 396 
8 37 41 52 149 164 221 328 370 
8 44 52 104 113 118 206 281 296 
6 11 32 64 238 309 362 
8 5 104 206 231 245 284 375 391 
13 55 70 96 102 121 131 142 159 208 243 346 363 382 
11 57 86 128 139 156 173 247 276 294 307 321 
7 92 236 261 266 279 333 337 
8 36 85 116 154 193 194 244 250 
13 20 36 158 161 188 246 257 301 302 312 318 337 350 
10 23 29 30 70 114 126 156 176 239 263 
7 38 57 115 210 334 341 381 
10 11 15 66 110 122 186 198 228 285 336 
10 6 101 129 176 195 225 293 296 348 393 
20 22 23 46 50 85 101 109 175 198 213 222 240 265 277 285 286 360 386 392 394 
11 54 115 148 221 293 306 341 342 345 346 388 
10 0 25 62 111 114 156 161 174 208 313 
12 10 51 73 91 121 208 231 247 271 332 347 358 
11 33 84 92 141 145 157 176 234 272 345 362 
12 0 4 25 71 139 156 197 229 286 288 301 363 
15 56 60 93 116 129 171 212 231 243 329 340 365 377 379 383 
13 16 17 60 70 147 193 200 261 275 298 319 348 377 
9 14 46 50 153 163 255 323 373 392 
6 65 93 110 196 372 385 
19 33 84 93 143 148 172 176 180 227 242 263 267 268 275 291 311 324 348 386 
10 63 84 127 142 148 161 255 319 321 342 
6 154 192 242 263 275 364 
11 7 25 111 125 150 174 186 188 257 298 391 
10 31 67 88 162 223 299 332 350 355 365 
9 41 126 154 157 162 243 294 323 327 
15 43 79 159 190 223 245 252 295 298 327 337 367 383 384 391 
8 106 110 160 179 221 285 346 377 
9 41 53 83 202 244 357 362 369 374 
10 65 131 181 233 236 245 269 292 327 330 
15 6 24 80 122 202 284 297 298 301 317 327 343 349 392 398 
10 66 114 131 134 182 186 228 329 364 366 
13 54 108 131 161 185 233 279 294 325 333 336 357 389 
18 3 4 32 50 113 130 143 145 146 152 215 222 244 270 273 346 370 393 
18 12 19 55 67 75 127 155 180 242 262 286 288 299 321 340 358 370 380 
8 5 37 55 144 209 218 256 361 
6 26 43 210 251 357 381 
6 48 80 99 149 190 212 
10 13 72 79 81 99 176 179 259 285 392 
12 83 89 97 126 144 179 206 219 220 260 340 367 
13 26 35 81 89 94 174 196 210 264 272 277 297 390 
11 3 31 115 203 229 236 285 344 348 352 358 
15 12 57 95 129 181 188 199 208 236 246 270 329 350 357 368 
10 6 51 127 128 174 208 230 265 266 371 
10 34 62 134 154 174 211 223 287 304 326 
9 47 68 76 110 119 196 207 264 351 
12 44 85 86 101 159 175 191 237 258 315 330 344 
7 9 61 96 138 188 317 331 
10 39 52 118 205 243 276 338 347 382 388 
9 24 65 102 185 205 268 285 332 340 
10 90 142 158 204 222 248 265 347 390 395 
8 38 89 112 234 297 299 342 355 
6 142 145 166 267 293 358 
8 64 72 114 135 217 261 276 344 
14 50 91 100 164 177 191 200 254 289 291 295 313 349 350 
5 1 281 293 305 359 
9 78 113 131 146 212 220 290 335 398 
10 17 24 29 81 83 109 269 295 334 378 
6 5 36 222 245 298 344 
11 5 27 31 54 98 124 140 173 267 316 385 
9 15 35 77 93 136 145 160 216 269 
13 1 74 85 106 118 126 149 168 219 244 332 333 343 
12 13 39 52 65 92 117 221 240 243 263 277 373 
6 16 97 205 250 332 391 
14 9 17 94 124 134 138 140 196 226 232 244 264 271 350 
12 3 50 158 169 198 210 242 268 272 323 352 389 
9 7 84 102 200 227 251 308 317 364 
12 46 52 69 126 157 164 224 238 259 332 342 386 
5 142 148 195 207 342 
8 19 49 62 74 200 267 335 375 
12 20 137 146 159 219 260 270 282 326 336 383 399 
10 12 67 69 89 166 228 242 271 273 275 
12 1 65 87 157 175 198 236 291 297 303 327 364 
11 39 68 112 128 168 178 239 257 302 348 381 
7 1 14 82 135 286 356 366 
13 3 37 65 69 81 85 105 137 213 316 339 342 379 
12 13 63 93 107 121 125 181 183 326 334 346 354 
18 87 105 108 204 206 224 240 247 253 277 282 290 298 301 310 325 349 395 
6 36 74 104 132 156 326 
12 6 87 129 149 156 168 186 214 252 264 366 393 
13 2 30 59 76 82 144 182 218 232 264 283 289 312 
8 10 98 123 144 158 170 241 242 
8 34 37 79 166 184 237 346 372 
13 52 82 128 141 170 179 187 253 289 305 306 308 386 
400 2047
8 10 48 80 185 188 231 236 276 
12 49 81 128 164 171 175 237 244 280 294 323 336 
11 39 92 136 140 225 242 263 281 315 372 392 
11 30 37 70 100 192 236 319 333 367 394 397 
11 59 102 141 160 244 257 317 348 388 397 399 
9 70 99 110 209 251 278 370 383 399 
10 75 136 150 208 253 320 352 357 384 390 
8 17 56 70 105 109 114 180 266 
7 50 68 161 187 310 347 375 
14 21 48 164 204 210 226 272 302 306 352 357 369 370 394 
8 0 20 62 161 167 275 296 338 
7 18 54 92 97 269 274 318 
10 37 57 59 63 181 188 214 265 355 386 
11 36 78 112 120 142 160 172 173 200 227 290 
10 268 306 316 330 334 350 360 383 387 392 
6 47 52 183 203 293 344 
6 218 252 263 267 315 385 
9 7 37 45 57 137 178 201 288 396 
11 11 31 108 126 162 221 270 283 317 358 394 
13 38 61 74 116 124 131 142 149 151 182 261 278 297 
10 10 37 75 94 104 186 245 253 285 299 
7 9 63 156 187 190 204 340 
13 57 79 89 101 113 187 243 288 305 344 345 350 368 
13 40 68 143 150 159 164 216 231 251 254 314 328 362 
10 51 114 152 153 181 193 204 233 367 382 
8 71 78 99 220 244 304 339 373 
12 60 68 83 89 156 158 170 296 340 379 396 397 
6 29 39 109 211 224 359 
11 30 59 129 152 153 165 187 201 223 255 384 
7 27 120 133 156 162 237 261 
11 3 28 36 58 79 132 174 251 306 311 321 
15 18 36 41 80 83 109 121 148 177 214 250 276 304 327 344 
11 33 63 124 178 201 303 307 329 365 378 388 
9 32 49 126 142 172 178 252 318 369 
6 71 96 124 176 196 314 
13 36 76 79 93 99 156 169 184 254 261 281 309 385 
9 13 30 31 35 167 186 325 333 393 
12 3 12 17 20 65 88 108 110 244 292 301 318 
10 19 83 101 109 155 175 238 335 360 369 
13 2 27 78 83 107 164 167 202 298 345 367 391 394 
12 23 73 75 125 169 177 229 327 333 345 364 389 
10 31 56 166 204 277 311 325 357 361 379 
10 52 69 70 74 76 129 175 266 391 394 
8 44 193 235 311 314 325 342 399 
10 43 58 75 87 109 137 177 205 332 348 
6 17 81 122 195 285 311 
10 118 123 187 199 290 337 358 364 373 389 
11 15 125 171 200 249 268 285 291 296 340 393 
8 0 9 79 139 200 314 333 396 
9 1 33 67 199 203 247 278 279 387 
8 8 68 95 271 273 360 365 383 
18 24 61 86 116 137 159 184 186 225 239 300 310 325 327 334 356 381 398 
11 15 42 154 160 201 249 253 278 292 325 328 
11 55 59 130 141 157 161 261 273 338 365 380 
5 11 161 281 363 390 
13 53 60 71 93 108 215 231 257 292 300 327 398 399 
9 7 41 76 138 139 220 224 274 307 
15 12 17 22 65 103 117 177 182 195 246 263 274 306 340 379 
13 30 44 134 146 172 222 256 264 318 347 351 391 396 
7 4 12 28 53 93 303 342 
13 26 55 129 172 229 247 248 264 275 295 334 338 369 
11 19 51 62 125 139 149 168 172 264 325 386 
14 10 61 68 94 96 142 145 179 229 273 287 304 313 345 
10 12 21 32 83 110 127 168 344 366 371 
14 111 128 135 160 215 224 226 235 280 303 321 334 343 344 
5 37 57 232 353 355 
5 113 128 130 239 309 
9 49 73 74 116 135 139 270 306 307 
13 8 23 26 50 62 85 94 149 175 182 358 361 379 
8 42 152 201 205 255 277 324 342 
19 3 5 7 42 85 90 127 141 145 166 176 236 251 288 295 312 326 336 385 
10 25 34 55 82 135 154 225 307 358 369 
9 74 134 170 215 218 222 241 321 364 
10 40 67 83 87 137 151 157 196 213 257 
15 19 42 67 72 88 138 183 195 203 229 238 240 321 323 358 
10 6 20 40 44 91 290 313 320 324 338 
10 35 42 56 85 100 162 170 265 340 398 
10 95 133 198 213 226 229 237 254 267 317 
12 13 25 39 94 137 147 197 220 339 352 365 368 
14 22 30 35 48 124 139 143 150 163 205 222 296 342 377 
12 0 31 94 129 153 230 264 276 285 338 342 386 
9 1 45 182 207 221 262 288 344 395 
10 71 119 178 222 235 278 308 332 358 395 
19 26 31 38 39 63 73 84 109 128 160 164 197 198 278 320 329 355 359 378 
7 83 116 133 192 213 366 374 
12 68 70 76 107 117 130 156 180 241 283 360 361 
7 51 90 112 157 182 230 358 
14 44 73 111 122 152 169 214 223 242 272 279 295 296 390 
8 37 74 136 239 259 309 369 391 
10 22 26 121 144 147 277 312 331 333 344 
15 70 86 113 123 125 127 159 183 185 186 251 271 354 373 389 
15 75 158 204 211 235 241 286 307 313 326 340 371 387 392 396 
10 2 11 135 154 212 267 304 367 369 381 
13 35 55 59 109 126 160 195 289 295 334 342 357 372 
15 20 62 68 78 80 152 202 209 231 235 241 253 312 363 386 
12 50 77 121 155 179 183 202 236 275 299 315 347 
9 34 62 106 172 203 298 331 355 377 
9 11 239 275 284 329 331 381 387 388 
7 123 194 251 258 262 287 372 
9 5 25 35 122 211 248 326 372 388 
9 3 76 115 147 158 190 218 265 274 
8 22 38 300 306 340 362 375 391 
7 4 132 136 147 195 233 271 
8 57 141 180 214 226 229 293 308 
10 20 151 179 193 211 213 257 280 321 331 
8 7 117 147 174 280 331 373 384 
10 96 149 152 194 221 244 298 332 336 349 
9 39 85 167 202 221 249 271 299 322 
13 18 37 55 138 153 162 174 217 321 347 366 374 379 
17 7 27 31 38 44 83 93 139 175 196 198 214 234 240 337 346 391 
9 5 37 63 143 243 255 324 363 370 
9 64 87 165 180 187 197 254 316 347 
7 13 86 151 196 216 236 386 
10 22 66 90 134 162 204 221 241 246 387 
10 7 24 118 147 200 267 278 303 308 319 
5 100 140 206 360 385 
17 19 51 67 84 145 148 207 225 265 281 296 312 345 373 376 378 392 
8 57 85 105 142 178 266 361 362 
8 46 114 185 251 263 317 356 370 
8 82 146 176 194 245 296 381 394 
5 13 29 126 389 397 
17 31 89 95 150 158 166 191 192 224 234 275 293 310 337 343 382 399 
15 45 87 99 143 173 178 273 280 283 292 306 330 356 385 386 
14 46 90 98 189 212 250 261 282 298 331 334 336 346 394 
12 19 32 34 79 194 210 277 304 311 312 379 393 
13 40 47 61 90 139 264 304 309 374 379 381 383 385 
7 18 33 93 120 254 333 337 
10 63 70 90 225 261 269 281 291 304 309 
5 1 64 66 83 394 
15 28 42 60 80 133 148 153 179 192 223 239 264 318 376 394 
5 53 66 85 154 243 
6 19 175 262 278 299 327 
11 30 102 161 168 170 179 208 280 330 347 361 
14 29 77 84 129 146 186 191 213 224 254 269 289 290 342 
8 58 72 113 174 182 236 277 341 
13 64 67 71 92 137 144 165 234 279 282 317 335 376 
11 2 6 88 102 177 187 225 288 326 356 378 
13 17 44 51 73 78 135 185 187 280 296 335 384 387 
12 56 74 108 211 216 254 334 343 383 390 392 397 
16 48 56 61 67 79 109 125 160 267 332 334 358 370 379 387 393 
12 2 115 162 174 214 225 242 256 268 278 296 376 
10 4 53 70 103 177 213 229 319 327 341 
8 13 19 33 62 117 166 300 346 
8 23 79 110 122 224 229 261 289 
10 89 135 145 164 188 229 296 312 342 392 
18 62 70 116 144 163 186 195 205 222 269 275 299 345 348 358 369 371 396 
10 58 119 133 258 285 286 290 304 308 355 
12 78 89 100 102 105 114 153 213 248 252 279 345 
7 31 116 129 276 285 342 368 
8 19 61 68 106 150 199 294 360 
11 6 23 79 121 149 173 210 216 249 268 334 
15 19 73 104 112 183 190 193 235 238 258 283 298 344 360 361 
14 24 28 69 87 94 106 175 247 255 264 336 375 381 387 
15 24 28 80 108 129 147 161 178 179 210 230 321 324 361 388 
12 52 71 92 130 173 206 224 255 357 365 367 393 
8 38 95 271 275 295 324 347 386 
9 21 26 29 35 85 251 292 346 365 
14 53 73 86 174 196 215 228 250 270 272 307 328 344 393 
13 26 91 100 121 172 183 219 272 283 327 358 388 390 
6 23 51 90 228 233 396 
13 4 13 52 64 83 93 139 181 205 223 238 269 321 
10 8 10 53 54 132 153 172 188 207 382 
9 18 29 76 108 113 140 179 277 397 
10 79 145 237 239 249 275 340 344 345 393 
10 1 9 23 39 83 144 199 209 327 384 
11 28 111 135 211 214 230 233 243 247 260 360 
11 41 70 121 142 219 237 249 280 369 376 385 
9 10 36 39 107 225 255 309 339 366 
6 61 63 132 228 262 299 
8 35 40 87 174 247 283 309 323 
12 26 72 76 132 172 216 316 334 335 344 369 387 
12 1 47 230 236 276 327 329 352 354 368 376 393 
18 13 33 58 60 61 96 158 161 170 182 219 229 230 253 299 333 357 365 
14 13 122 150 154 181 211 231 238 244 260 283 321 347 392 
15 30 105 108 134 140 157 169 195 207 274 315 316 337 348 369 
15 1 38 42 68 109 131 152 188 222 261 305 327 342 393 397 
8 34 70 119 193 212 232 340 341 
10 31 40 44 57 136 141 218 270 312 339 
11 17 32 33 82 117 122 153 185 192 212 270 
12 62 95 104 129 132 153 162 212 254 286 349 370 
10 7 85 103 111 254 297 335 343 362 394 
9 12 24 160 173 219 250 321 351 386 
10 19 57 68 81 86 134 172 242 246 355 
12 15 74 90 95 151 158 202 203 206 233 263 377 
7 35 51 294 319 320 345 356 
10 0 90 118 137 178 223 230 302 315 381 
12 20 36 51 90 133 145 207 246 257 260 275 385 
19 8 21 22 28 46 111 136 137 201 214 248 264 312 327 338 342 364 384 392 
11 0 12 144 161 175 216 248 302 310 361 394 
12 123 217 261 270 286 291 306 317 332 338 352 360 
8 21 100 151 219 222 307 315 369 
6 121 133 225 242 336 340 
7 3 84 121 129 178 278 355 
11 24 43 104 151 176 240 260 330 382 396 398 
8 98 106 119 124 280 296 341 384 
13 45 57 74 93 102 145 174 198 214 215 233 235 305 
7 34 73 109 112 157 244 328 
12 78 83 111 239 244 265 297 301 306 341 343 359 
8 77 83 109 195 255 345 365 374 
7 46 49 149 164 236 261 373 
7 13 47 48 114 250 345 370 
10 17 28 32 52 69 187 274 321 376 387 
8 39 94 95 107 183 231 249 300 
11 15 49 74 96 183 214 219 248 277 331 380 
8 9 21 24 41 91 113 323 385 
6 44 69 79 145 160 370 
5 115 154 183 233 311 
16 81 116 161 174 186 227 229 267 269 282 287 293 295 299 302 321 
6 6 132 226 257 286 327 
10 5 94 164 254 270 280 343 361 362 388 
8 9 124 150 153 246 279 370 378 
10 27 91 99 104 138 165 173 325 366 384 
9 92 123 176 178 179 328 329 376 391 
11 73 77 84 104 133 141 147 263 336 391 397 
15 12 31 87 103 109 140 165 187 195 203 241 246 307 368 378 
13 55 64 72 157 195 225 270 278 322 326 368 369 385 
10 23 112 138 150 170 188 228 269 326 327 
7 108 189 230 239 336 374 381 
9 16 72 100 177 224 225 254 266 303 
13 158 166 172 181 190 203 245 252 271 287 295 330 372 
7 25 56 78 228 264 266 268 
8 18 81 106 107 113 273 333 389 
10 58 72 79 82 145 175 190 324 350 368 
11 28 87 129 160 185 228 284 311 335 339 368 
12 27 56 64 121 133 143 154 218 232 308 341 370 
14 2 51 71 116 127 136 140 167 191 215 218 305 382 393 
9 9 64 77 103 208 278 294 314 362 
5 13 207 287 346 398 
13 157 159 168 216 220 223 274 277 283 335 342 346 358 
12 40 60 62 74 77 103 141 143 144 172 207 342 
10 80 86 153 165 171 172 185 217 338 367 
12 0 23 55 94 173 202 246 313 315 333 377 390 
6 65 176 224 269 322 360 
12 24 102 159 165 183 195 206 305 342 363 379 381 
8 109 121 135 261 297 324 362 365 
11 43 64 82 91 94 151 195 245 343 358 370 
10 0 3 70 95 112 134 171 199 308 323 
6 1 29 77 163 166 357 
10 38 74 151 160 173 262 274 312 329 378 
14 51 66 88 97 129 163 197 217 258 263 305 309 361 386 
5 74 109 193 296 301 
7 72 85 91 94 113 214 327 
10 2 87 140 182 191 267 283 329 350 399 
6 22 110 130 165 254 295 
11 1 4 25 37 106 173 196 197 317 360 376 
7 20 119 219 235 281 291 373 
11 57 113 182 186 210 214 231 256 284 358 360 
8 49 60 152 165 169 261 346 375 
10 60 99 147 187 188 203 296 316 338 398 
9 47 52 107 150 163 166 202 258 380 
6 31 123 157 181 200 370 
11 5 23 30 70 90 98 118 156 283 286 294 
8 16 33 147 219 263 294 363 375 
6 6 20 52 94 172 372 
15 23 35 77 111 126 133 138 179 180 209 218 243 278 286 340 
11 28 69 110 152 154 167 198 283 341 372 394 
5 58 140 246 285 348 
11 4 55 73 104 186 208 300 305 315 329 395 
8 98 146 151 239 249 332 379 392 
4 88 273 282 346 
7 165 173 186 193 282 291 388 
19 19 29 35 53 123 127 143 175 189 199 234 247 293 306 311 355 369 377 399 
11 81 98 131 168 238 288 300 319 320 335 346 
12 2 16 57 118 183 213 239 252 322 367 390 395 
12 58 60 61 80 125 129 152 187 220 281 350 371 
10 12 76 100 116 197 268 278 309 325 336 
8 7 42 117 218 220 360 378 379 
14 16 77 92 114 139 207 242 299 309 310 336 345 354 358 
9 14 47 140 150 220 265 291 352 354 
10 11 127 133 145 160 207 216 232 304 329 
11 18 67 157 177 178 189 209 215 292 339 373 
13 50 90 102 107 155 219 272 273 276 280 293 298 324 
8 9 87 157 158 271 277 336 348 
8 50 53 62 122 221 259 271 385 
11 11 56 57 100 174 201 228 238 323 355 384 
13 10 60 95 97 121 145 155 163 186 294 295 335 384 
7 0 31 80 148 171 271 379 
10 41 69 89 124 134 162 203 228 272 309 
18 5 19 49 52 82 83 114 131 140 192 215 226 254 265 307 343 350 364 
9 49 87 135 147 210 291 313 343 395 
11 1 64 104 105 122 132 137 166 194 209 271 
10 2 35 54 116 127 245 264 329 330 384 
7 123 135 207 259 260 373 393 
14 18 85 122 151 158 169 173 228 242 251 255 285 309 379 
4 97 223 246 358 
11 20 45 47 80 146 148 256 283 296 323 369 
10 91 146 179 189 208 251 254 288 360 365 
11 62 98 207 219 227 293 314 322 335 380 394 
8 17 22 70 81 136 262 286 337 
4 93 133 143 325 
8 13 46 75 133 146 305 312 386 
8 47 127 189 245 260 268 279 348 
10 37 52 55 122 156 270 309 361 370 389 
9 15 103 121 207 261 271 287 303 389 
9 1 149 184 226 251 252 275 330 348 
9 60 70 87 93 155 207 219 243 275 
20 10 26 47 79 87 116 119 137 140 144 194 240 248 285 304 308 330 344 352 356 
8 19 180 197 234 327 376 391 394 
7 39 96 106 123 151 271 307 
10 20 95 107 131 145 168 172 207 267 354 
10 51 55 101 142 202 257 262 323 332 361 
5 37 197 240 317 327 
6 9 185 188 207 322 337 
8 32 59 64 114 218 293 335 392 
15 25 31 62 92 124 125 127 146 269 296 315 372 376 387 399 
11 22 175 195 225 233 239 257 290 338 367 382 
14 9 14 30 57 67 101 122 189 197 261 322 334 335 375 
14 32 56 67 71 91 157 190 214 278 298 309 323 340 384 
10 82 103 114 146 224 236 296 331 332 382 
15 35 66 88 125 127 167 169 239 265 267 277 283 292 307 359 
9 8 51 121 188 267 341 350 357 393 
9 30 41 43 45 124 206 223 261 360 
12 70 89 94 116 124 144 177 187 238 290 337 344 
8 62 75 91 231 279 321 325 341 
6 23 34 43 48 226 287 
10 2 16 95 174 185 190 231 257 304 399 
8 14 111 170 174 248 331 374 377 
12 4 18 77 118 135 189 244 301 337 360 371 388 
6 11 33 37 58 129 320 
8 3 114 141 184 262 320 357 364 
9 6 75 83 184 262 318 319 359 376 
13 30 64 72 74 104 108 153 160 173 181 201 207 313 
10 107 215 232 263 287 302 306 344 357 381 
10 1 74 169 204 236 274 285 300 307 392 
9 69 75 110 153 155 222 234 271 398 
10 36 41 43 51 52 61 211 265 289 313 
8 70 91 99 136 215 216 363 393 
19 31 40 51 55 131 141 158 164 171 175 187 208 216 241 297 301 341 366 372 
8 23 52 157 196 212 346 381 394 
13 32 83 97 171 212 238 242 257 269 281 344 358 398 
8 14 122 132 193 219 281 294 296 
11 89 96 97 104 105 123 203 308 316 344 358 
9 44 82 106 139 189 258 300 308 375 
10 3 36 40 48 89 126 172 221 231 363 
12 14 51 60 64 93 123 138 139 150 170 306 372 
13 38 135 137 170 180 223 228 262 275 287 303 306 395 
12 1 70 106 123 152 191 213 217 265 267 272 379 
10 46 109 121 126 174 288 302 312 317 395 
13 10 53 60 75 80 187 189 230 248 305 349 366 385 
6 25 78 167 177 223 270 
12 21 26 47 57 76 91 101 163 176 191 254 307 
10 134 141 176 194 197 224 255 310 313 327 
15 43 59 69 79 80 93 133 144 148 175 187 228 229 233 376 
10 64 121 138 180 197 209 235 278 279 390 
17 15 22 31 63 64 81 89 151 157 163 170 296 312 322 329 331 377 
12 22 39 40 62 116 145 147 163 184 198 200 267 
10 109 123 142 156 227 228 247 259 262 328 
10 8 58 95 108 111 132 155 173 355 366 
10 4 44 145 174 256 272 291 294 381 386 
4 106 179 338 362 
8 14 22 222 242 264 278 310 373 
2 58 181 
8 6 9 78 171 189 268 296 369 
4 65 368 389 399 
5 90 171 267 268 299 
10 12 65 83 96 146 182 192 261 274 347 
6 51 118 122 136 184 296 
11 6 9 41 93 154 172 237 310 319 322 366 
17 18 46 68 71 74 82 86 139 145 158 228 235 246 267 284 329 331 
7 27 83 197 309 320 392 398 
16 14 38 50 85 115 149 151 165 189 232 244 246 266 286 311 317 
16 41 68 85 117 132 151 153 188 209 239 292 300 373 379 388 391 
10 23 101 117 180 209 226 234 349 365 394 
8 54 94 110 233 252 326 333 390 
6 40 46 72 187 278 319 
13 32 50 53 78 154 156 172 198 234 286 362 373 377 
9 63 84 108 167 211 327 338 347 357 
8 3 24 39 92 154 230 263 305 
10 22 78 148 171 214 215 222 223 353 369 
18 9 33 38 60 71 88 92 145 166 170 174 190 215 261 285 352 368 375 
13 5 9 110 118 139 179 200 205 210 224 235 250 292 
5 63 91 145 264 317 
10 2 93 98 99 219 253 255 304 327 334 
13 25 46 90 105 116 199 245 270 282 350 361 365 382 
6 84 108 125 198 217 316 
8 8 101 152 247 252 306 332 369 
15 116 129 135 140 166 171 201 212 244 297 304 320 342 378 399 
10 79 96 183 231 261 316 344 365 387 389 
10 32 83 116 136 210 214 238 266 376 382 
15 26 41 57 68 108 124 125 139 233 258 266 276 283 336 361 
5 53 203 249 287 394 
12 51 92 97 119 125 152 185 217 233 322 328 348 
10 24 121 161 193 225 305 308 373 378 397 
6 5 14 50 125 138 398 
12 6 28 105 137 164 187 194 211 274 275 281 307 
12 16 35 70 115 122 125 166 186 204 215 273 338 
13 12 61 80 94 112 122 155 181 239 290 348 394 397 
12 14 49 91 97 113 137 139 152 170 201 304 377 
10 4 32 97 99 153 158 209 260 317 361 
9 40 46 90 120 221 292 293 353 377 
9 6 54 87 138 158 231 263 343 363 
10 39 42 58 88 101 109 212 213 297 361 
12 2 14 91 116 138 144 173 187 258 303 323 359 
13 36 47 124 139 154 157 163 171 175 225 282 310 326 
18 3 9 18 39 42 119 123 128 129 180 188 255 287 297 328 362 380 386 
7 81 82 257 263 279 335 337 
8 17 26 48 58 91 145 159 193 
10 3 4 26 120 138 162 175 213 382 386 
10 51 55 76 193 227 248 324 329 359 383 
11 4 5 43 55 121 242 261 304 315 353 376 
