420 2129
12 57 138 150 152 158 160 236 256 269 292 328 331 
10 37 89 156 205 257 351 357 368 370 402 
7 11 64 129 239 258 356 419 
10 35 53 73 147 230 289 297 321 331 348 
12 19 31 71 121 191 213 251 269 320 354 391 393 
9 113 216 251 274 275 309 369 387 392 
16 11 35 74 84 119 134 157 205 226 239 275 281 295 333 337 345 
11 9 106 108 125 126 130 199 242 288 348 357 
6 20 28 256 280 313 397 
14 7 51 64 107 115 183 200 243 265 296 311 379 396 413 
5 83 112 129 197 310 
14 2 6 55 60 68 82 95 104 205 245 293 317 373 400 
10 52 110 118 147 226 250 271 293 336 388 
7 94 118 132 171 261 339 350 
9 21 54 110 130 182 305 381 398 399 
9 24 76 165 170 289 353 368 395 416 
11 59 208 209 218 225 247 305 332 356 357 395 
5 33 40 135 165 259 
9 40 54 131 162 222 226 229 326 370 
10 4 120 149 173 227 242 278 320 385 411 
8 8 37 105 155 207 219 224 243 
8 14 35 71 77 232 283 357 398 
8 54 63 105 152 206 258 262 407 
6 49 61 261 280 288 342 
16 15 53 64 99 155 175 192 194 222 225 233 310 322 380 386 389 
7 44 107 225 229 331 338 395 
9 56 160 227 252 281 295 314 316 341 
3 37 81 340 
7 8 53 93 132 183 224 387 
15 37 39 79 81 101 111 185 197 244 249 272 300 303 312 358 
11 63 108 125 143 205 260 286 292 336 345 388 
12 4 51 62 96 151 167 176 217 287 294 304 390 
7 56 62 126 224 297 312 393 
7 17 65 103 265 313 360 376 
15 40 60 86 156 165 166 196 226 229 265 281 332 342 367 368 
11 3 6 21 37 146 245 289 294 338 376 416 
7 40 162 165 215 326 370 417 
17 1 20 27 29 35 83 112 132 142 144 160 195 222 261 345 359 370 
6 95 145 149 243 263 406 
12 29 67 96 109 137 174 213 250 278 281 340 370 
11 17 18 34 36 85 128 131 148 320 375 381 
14 65 105 110 151 235 245 342 351 370 373 381 398 399 416 
5 95 185 233 292 412 
8 50 93 121 124 148 325 341 380 
8 25 49 153 161 210 264 349 392 
11 46 49 74 77 114 166 238 301 308 325 346 
11 45 57 64 136 317 327 339 356 361 399 412 
4 69 146 243 413 
14 65 73 88 109 120 176 189 196 233 252 260 269 289 416 
15 23 44 45 76 199 221 284 295 312 313 333 346 374 377 378 
9 43 59 73 78 94 148 192 211 385 
10 9 31 84 96 161 194 276 345 366 393 
10 12 55 116 162 167 174 248 312 345 346 
14 3 24 28 71 72 101 139 166 200 207 283 304 379 395 
9 14 18 22 115 195 219 267 307 406 
13 11 52 58 66 105 128 132 145 157 190 200 361 399 
7 26 32 75 149 299 310 387 
9 0 46 89 164 212 213 329 346 351 
14 55 62 65 86 103 135 220 286 287 293 326 356 363 372 
12 16 50 162 194 219 235 327 342 375 386 390 393 
10 11 34 63 96 109 203 246 262 301 323 
10 23 157 226 286 318 320 352 358 380 383 
22 31 32 58 73 100 110 130 143 153 156 181 184 187 212 215 233 268 277 311 313 330 400 
10 22 30 60 66 89 160 255 342 382 414 
8 2 9 24 46 69 106 242 411 
13 33 41 48 58 85 124 169 178 321 325 409 413 417 
13 55 63 74 100 115 188 243 268 272 310 319 324 335 
12 39 91 122 133 168 173 178 191 232 273 385 406 
8 11 135 141 161 198 233 308 323 
7 47 64 186 229 259 360 411 
9 173 180 283 291 300 377 381 409 414 
12 4 21 53 118 132 133 174 193 232 297 360 392 
10 53 81 219 254 313 318 330 360 362 415 
15 3 48 50 62 108 114 125 210 241 286 325 371 376 398 408 
12 6 45 66 83 108 182 216 258 278 382 390 408 
8 56 128 140 184 206 291 320 334 
5 15 49 108 115 173 
13 21 45 92 94 111 129 164 183 185 202 210 216 271 
15 50 104 110 113 137 173 225 235 261 282 310 313 337 374 385 
9 29 169 218 230 255 335 341 342 387 
14 88 143 157 182 204 241 270 274 300 306 342 357 371 405 
9 27 29 72 98 199 232 262 273 317 
15 11 117 127 154 195 200 204 242 318 323 325 334 376 377 412 
16 10 37 74 90 92 148 173 210 245 313 334 342 356 374 386 403 
10 6 51 88 140 235 236 247 267 317 336 
13 40 65 158 221 271 282 295 298 317 341 354 389 413 
7 34 58 124 159 200 322 349 
9 124 135 183 211 224 268 344 366 415 
10 48 80 84 112 115 116 156 172 286 299 
9 1 57 63 111 135 231 320 336 417 
6 83 172 260 344 350 396 
5 67 158 273 362 386 
12 77 83 93 167 202 268 356 378 384 386 387 419 
10 28 43 92 108 159 208 249 308 309 419 
12 13 50 77 114 152 203 228 299 366 374 399 408 
13 11 38 42 113 114 128 150 172 228 229 265 348 366 
13 31 39 51 60 107 189 194 242 259 300 357 373 403 
1 271 
11 81 128 139 141 219 229 288 297 343 361 366 
15 24 110 190 192 211 231 249 271 280 317 329 343 347 355 365 
6 62 66 116 150 214 371 
6 29 53 139 255 330 386 
5 114 125 337 384 416 
11 33 58 123 178 193 232 292 308 319 327 345 
10 11 78 108 147 199 285 296 368 374 389 
11 20 22 41 55 177 297 319 338 341 365 401 
8 7 64 201 217 252 275 362 402 
14 9 25 96 114 158 198 204 223 245 282 333 339 397 413 
16 7 30 73 74 76 93 104 110 145 149 172 176 206 295 373 392 
16 39 48 60 110 113 118 121 122 142 154 227 244 263 292 315 391 
13 12 14 41 62 78 99 108 109 173 217 223 286 390 
8 29 77 89 132 145 190 267 409 
7 10 37 88 162 187 288 328 
10 5 78 95 109 118 184 229 309 321 384 
17 45 73 94 95 102 107 121 177 190 230 242 252 288 310 370 384 403 
9 9 54 66 76 88 160 169 198 333 
13 52 88 100 127 147 183 196 283 288 338 356 394 407 
7 82 131 139 157 272 299 408 
13 12 13 71 109 113 158 174 193 207 235 274 364 378 
14 6 120 161 174 183 240 241 261 289 295 299 304 365 404 
16 19 48 119 155 185 195 220 258 259 277 293 323 325 327 391 398 
13 4 43 109 114 126 163 186 218 219 224 243 272 386 
11 67 109 169 193 210 216 257 325 353 355 356 
7 103 146 169 175 208 373 398 
9 43 65 86 87 126 131 258 352 412 
13 7 30 73 102 134 137 174 218 230 268 301 343 370 
13 7 32 121 124 145 190 196 261 282 324 346 356 404 
10 82 116 148 239 294 312 334 362 365 383 
14 40 55 75 95 98 220 225 254 301 323 350 351 354 384 
10 2 10 77 168 185 224 329 359 383 396 
8 7 14 62 182 190 210 410 415 
12 18 40 117 124 172 176 202 213 219 284 335 404 
15 13 28 37 55 71 111 225 248 255 292 312 341 343 359 381 
7 67 71 220 257 281 294 404 
9 6 125 157 166 266 270 311 312 403 
10 17 58 68 87 89 234 253 261 351 407 
6 46 151 204 227 241 415 
10 39 78 125 158 287 320 385 403 412 413 
5 0 179 251 358 398 
14 53 98 101 117 142 160 258 274 275 289 304 322 353 416 
6 75 84 183 216 255 390 
6 68 98 182 239 247 402 
10 37 109 139 185 255 350 351 353 361 378 
10 30 62 80 210 228 231 250 373 381 396 
9 37 209 290 300 378 379 380 402 410 
16 38 55 108 111 126 146 150 156 159 222 223 285 291 302 400 411 
17 35 47 123 145 180 185 209 258 279 284 285 296 298 319 359 404 419 
12 3 12 104 116 163 185 266 300 323 348 368 392 
11 40 43 50 83 127 179 218 244 317 350 401 
10 19 38 56 108 168 263 270 279 290 385 
10 0 95 100 145 155 185 207 250 251 333 
9 31 41 136 174 181 185 212 328 332 
10 0 22 94 159 216 229 266 311 383 388 
9 44 62 230 236 249 264 329 337 415 
10 82 109 169 180 215 293 294 298 324 417 
12 20 24 120 150 183 190 232 257 358 370 376 419 
10 1 34 62 88 145 176 245 254 367 393 
10 6 55 61 80 117 134 179 312 314 325 
15 0 85 91 107 118 137 173 181 214 296 322 335 355 384 417 
6 86 93 145 152 185 279 
12 0 26 37 63 115 139 191 369 380 397 400 401 
12 44 51 68 119 189 191 263 293 333 369 395 416 
16 18 36 52 59 112 170 186 226 244 295 298 303 309 327 373 404 
5 121 147 233 309 386 
4 57 77 294 347 
9 15 17 34 36 214 225 226 270 275 
14 34 45 53 134 173 187 256 316 322 326 332 335 400 413 
8 31 52 92 195 205 218 317 416 
7 67 129 149 207 237 286 377 
13 65 79 115 122 123 154 188 199 218 258 348 365 377 
4 15 162 263 280 
8 13 204 219 227 275 291 351 376 
15 88 90 95 108 131 244 246 253 280 324 329 377 395 414 419 
9 19 67 70 76 78 83 110 158 166 
12 39 52 71 118 119 125 151 212 289 326 337 400 
8 24 123 200 310 318 374 390 399 
6 31 48 108 131 156 394 
10 105 114 196 209 304 321 328 342 351 401 
4 65 67 103 369 
12 138 148 157 188 260 264 291 342 363 368 387 412 
10 70 146 154 239 263 301 372 388 400 416 
8 62 151 158 202 257 314 321 367 
8 14 74 80 130 141 254 330 398 
14 9 28 77 87 116 119 140 155 192 229 241 244 262 297 
7 62 75 113 255 314 363 365 
14 29 42 77 120 129 142 146 147 150 151 159 233 234 338 
6 69 121 162 309 336 351 
11 62 112 166 269 270 323 336 356 362 412 414 
5 66 169 179 222 260 
11 48 96 161 190 213 254 256 266 337 349 379 
11 55 99 111 114 126 130 155 189 222 262 332 
12 4 67 160 161 222 265 294 298 323 352 361 387 
6 24 50 99 183 263 396 
10 71 103 118 122 196 217 236 274 308 376 
6 24 51 59 96 216 405 
10 37 54 82 120 167 260 276 319 390 415 
12 34 48 116 126 177 193 239 306 360 387 397 413 
6 10 29 259 318 337 354 
9 68 107 115 201 246 302 385 407 416 
9 7 49 81 104 169 297 344 361 389 
10 9 53 55 82 86 175 261 291 326 371 
6 106 198 233 256 273 281 
7 77 92 131 181 206 208 226 
7 60 94 208 218 243 263 324 
8 80 82 107 136 171 337 357 406 
8 1 6 11 30 167 251 297 410 
11 22 75 108 202 220 260 277 297 307 374 400 
8 20 53 118 150 168 260 283 359 
11 16 93 123 202 203 229 273 286 289 366 380 
9 16 144 146 177 223 294 310 356 368 
14 44 73 77 83 122 130 143 216 219 281 307 340 366 403 
3 50 87 99 
11 57 62 151 174 267 293 305 306 336 399 402 
10 4 39 57 131 189 266 302 336 351 380 
6 100 158 165 243 342 409 
9 36 62 154 233 266 301 353 368 385 
12 5 74 77 122 140 152 194 210 235 327 338 378 
16 31 106 110 193 221 223 235 266 272 282 337 358 373 382 405 419 
15 16 79 121 125 148 167 169 203 261 290 315 339 344 372 375 
14 20 54 59 72 98 121 131 171 210 231 265 294 323 363 
13 58 120 128 133 206 224 261 304 315 320 364 373 384 
9 49 85 217 250 257 265 275 311 374 
9 18 24 37 145 188 190 191 237 391 
9 107 110 145 209 217 234 293 327 414 
11 20 28 32 87 121 129 220 249 267 356 409 
14 16 24 25 78 128 132 165 226 244 260 270 359 365 395 
16 6 12 18 34 61 162 165 202 225 288 330 338 339 368 396 399 
9 19 26 109 136 171 300 320 364 413 
8 94 95 143 285 303 353 382 389 
12 18 25 34 69 95 98 113 152 183 208 277 409 
9 3 79 114 125 153 249 312 360 391 
8 89 99 143 219 274 288 324 358 
12 21 67 71 81 103 155 255 308 309 363 379 419 
14 24 42 48 62 68 163 185 201 215 268 351 370 385 386 
7 135 185 223 298 305 344 391 
12 41 59 78 84 118 216 217 247 356 388 395 405 
10 0 84 153 193 248 263 304 333 349 392 
6 168 222 261 289 292 394 
8 45 250 280 321 372 379 402 418 
11 2 6 127 141 180 196 250 269 295 320 414 
5 119 273 312 318 419 
11 73 80 119 136 183 251 290 293 295 344 398 
10 7 19 64 82 96 114 267 272 381 418 
12 9 20 38 47 66 121 203 214 272 370 391 409 
8 29 109 148 162 172 183 225 263 
10 11 35 41 83 107 156 283 292 349 395 
5 60 172 198 308 315 
10 16 84 141 235 262 297 327 384 400 419 
10 52 132 236 250 278 289 341 363 368 387 
9 29 93 99 153 224 230 257 273 283 
12 12 39 143 150 221 238 239 248 252 271 332 401 
13 4 5 138 150 205 241 259 262 276 344 365 388 416 
8 26 48 106 114 250 283 301 365 
9 135 172 285 287 328 331 383 406 413 
10 72 128 156 182 189 346 374 377 409 415 
13 63 79 101 132 140 142 184 232 257 268 391 401 412 
13 0 8 166 189 201 270 294 316 322 325 329 357 376 
11 1 122 133 155 181 221 249 255 261 271 288 
13 2 22 74 120 124 139 146 169 278 288 303 350 375 
9 17 69 96 120 197 251 283 295 378 
12 30 48 90 179 188 195 206 207 225 286 391 419 
15 13 23 37 78 119 126 135 200 218 220 237 257 282 354 365 
10 22 60 81 183 190 247 251 363 380 386 
11 38 109 149 161 170 180 192 203 236 244 397 
4 44 153 179 273 
9 9 33 34 95 191 219 221 266 284 
9 134 147 152 189 213 215 217 265 334 
12 54 84 111 212 224 242 278 294 331 348 367 387 
9 62 66 87 92 125 233 255 328 332 
7 0 4 48 187 239 339 352 
11 80 134 149 165 187 225 256 340 347 387 417 
9 12 77 85 97 99 250 257 355 400 
16 29 66 117 121 217 242 243 293 319 325 327 346 347 350 351 393 
12 67 81 91 201 208 240 249 264 332 347 358 414 
9 5 80 118 139 193 231 286 355 399 
13 5 6 106 139 165 171 221 280 292 294 329 358 419 
8 51 195 251 295 339 352 378 416 
6 62 120 206 229 292 375 
10 19 39 74 248 258 267 321 339 344 354 
9 146 149 159 331 347 348 355 366 397 
12 8 23 99 170 172 238 275 293 298 305 310 392 
12 6 26 34 39 133 201 210 297 303 321 323 365 
12 78 85 107 126 217 261 291 314 328 340 350 379 
12 21 53 70 116 207 245 249 252 259 286 310 412 
7 49 131 146 265 296 362 372 
7 104 145 146 228 253 289 332 
12 30 58 61 73 88 110 168 208 260 274 283 395 
5 31 58 137 253 343 
12 7 23 98 112 114 116 226 231 257 258 392 398 
13 3 15 35 48 119 139 174 208 237 248 285 324 416 
7 144 149 218 241 322 352 407 
11 70 75 145 171 179 200 282 338 368 386 410 
14 0 30 42 103 109 132 237 245 275 277 329 370 379 403 
16 11 12 58 120 154 161 212 223 241 272 280 304 317 322 407 417 
14 31 35 127 133 154 164 191 209 219 256 267 275 376 399 
15 6 26 49 85 108 119 162 239 241 259 276 334 343 383 410 
7 9 104 146 158 284 324 382 
11 3 32 71 98 105 183 199 205 206 247 281 
11 85 146 154 162 191 234 280 308 388 390 400 
8 56 88 94 117 119 328 363 376 
12 29 70 80 96 144 147 227 310 342 351 374 389 
10 45 60 125 128 180 215 252 356 378 417 
7 145 198 213 308 370 375 381 
9 29 162 228 258 281 342 352 382 418 
12 31 53 119 139 177 220 236 293 310 332 360 387 
8 14 16 212 234 280 324 353 367 
3 80 196 212 
4 54 206 210 404 
12 45 68 93 103 193 232 246 298 302 325 337 355 
9 5 93 113 162 163 186 232 322 369 
16 10 24 56 66 78 114 175 209 280 283 300 304 350 357 376 406 
5 9 62 134 152 221 
11 29 32 49 52 127 132 134 157 230 240 314 
10 8 33 49 62 72 78 83 314 407 413 
10 26 157 181 184 282 312 313 326 369 388 
7 109 218 220 246 328 399 403 
4 26 166 256 411 
9 11 46 81 84 85 99 148 167 293 
10 61 72 82 175 197 240 331 358 398 400 
9 66 103 105 146 195 272 330 392 408 
13 4 19 40 61 75 89 137 220 227 239 330 354 382 
11 3 65 113 177 181 238 278 281 327 378 404 
9 24 86 139 158 166 256 290 293 309 
12 60 68 82 120 128 147 187 191 219 281 350 368 
9 66 126 154 172 203 231 289 296 305 
13 43 45 65 73 82 120 122 157 256 272 308 338 374 
9 18 36 58 166 174 200 314 364 413 
12 46 59 103 120 162 216 223 247 272 321 381 402 
10 0 112 151 177 253 268 282 299 315 411 
11 57 99 129 153 172 256 275 292 350 405 412 
11 62 72 101 182 226 319 320 333 358 378 386 
8 0 3 25 253 267 279 318 408 
11 16 34 151 166 190 250 268 273 285 304 390 
10 6 49 107 115 150 161 236 330 345 378 
7 75 82 83 127 266 295 414 
8 66 79 131 158 166 345 381 410 
10 12 30 84 89 186 187 212 213 346 392 
12 6 78 102 153 174 189 197 204 217 308 391 419 
11 25 35 105 116 185 216 226 291 325 341 349 
10 13 46 107 218 226 269 276 278 354 413 
7 27 39 210 270 282 359 400 
9 26 43 79 85 105 132 248 338 396 
16 23 34 41 59 63 79 80 83 177 179 214 300 303 365 372 377 
7 98 99 125 132 287 295 414 
8 87 90 199 218 234 241 251 278 
9 6 30 37 51 52 103 333 335 412 
12 45 49 52 57 126 254 272 336 351 365 376 419 
7 99 164 270 272 273 279 392 
10 3 7 95 147 169 267 279 370 390 414 
7 44 86 189 236 245 338 375 
14 13 90 128 142 148 258 272 282 310 323 329 367 390 403 
16 1 41 57 128 135 142 171 177 186 213 233 272 300 346 366 392 
8 61 124 191 269 276 290 303 410 
12 15 122 139 142 215 228 305 359 385 397 403 418 
11 4 85 128 197 261 278 320 339 386 392 407 
8 99 122 158 271 274 279 308 360 
16 2 16 46 58 83 92 116 122 126 187 209 224 235 301 359 396 
12 1 7 16 21 80 96 204 256 310 366 402 403 
10 29 61 138 155 217 231 273 275 318 330 
12 37 129 132 146 207 225 340 353 356 385 397 401 
8 33 69 71 72 196 230 304 355 
6 46 55 98 142 191 199 
7 72 91 106 127 187 284 367 
9 58 179 184 219 232 248 262 299 387 
7 118 220 227 326 374 417 418 
14 99 105 119 127 169 184 225 251 252 261 281 342 346 406 
11 51 87 94 95 98 208 210 279 351 357 403 
7 34 156 181 267 305 350 362 
14 1 15 34 104 147 179 209 215 226 248 291 323 398 407 
6 5 160 161 178 309 314 
17 1 18 36 37 39 41 114 125 155 233 243 292 302 348 400 407 409 
4 73 80 100 200 
6 58 180 218 238 284 342 
11 11 41 96 108 123 143 162 217 220 399 418 
13 49 78 83 94 104 175 206 221 254 300 325 364 414 
7 40 59 218 258 277 302 349 
12 33 35 73 82 155 171 193 256 294 299 310 346 
9 49 70 82 168 169 172 254 342 386 
13 49 92 118 142 144 216 259 276 301 321 330 333 401 
9 9 53 144 189 232 238 282 292 385 
8 24 43 61 144 160 208 213 262 
13 14 40 41 70 132 143 242 302 327 335 383 398 417 
8 63 74 217 228 296 303 320 409 
8 61 127 129 152 253 295 381 419 
8 92 102 113 114 128 158 220 247 
12 19 50 67 78 137 149 198 215 233 353 359 379 
15 24 59 83 91 92 101 121 163 233 262 291 330 354 377 391 
13 5 28 56 79 92 179 191 196 248 267 270 304 363 
9 12 30 152 180 235 251 298 314 389 
9 24 85 104 199 228 300 388 403 412 
11 31 59 74 110 140 175 195 298 332 348 350 
13 4 109 120 222 230 234 243 255 260 337 386 405 417 
13 5 44 71 108 147 236 280 288 319 336 347 351 354 
8 4 32 51 59 156 272 398 402 
3 116 176 237 
11 15 16 25 53 161 172 225 235 245 286 410 
9 9 90 129 143 192 226 341 356 416 
9 8 107 160 196 263 279 353 359 405 
14 14 21 41 73 120 123 138 182 241 288 318 368 381 393 
12 14 41 46 55 94 175 212 226 274 294 315 373 
14 11 62 145 160 166 174 180 206 247 271 298 318 340 370 
8 105 148 160 177 250 255 359 378 
10 1 106 141 144 212 238 327 357 393 407 
14 83 96 114 134 137 210 292 315 350 353 357 366 389 406 
10 119 126 131 133 146 162 307 321 416 417 
8 80 194 217 235 329 391 397 410 
8 38 54 67 204 253 310 365 403 
11 22 116 135 198 290 293 313 354 368 370 402 
7 73 74 94 117 319 331 411 
10 65 70 111 214 224 229 243 254 370 382 
9 130 144 205 291 295 335 352 395 405 
7 19 64 69 145 316 328 408 
13 42 46 82 124 137 179 187 255 283 329 345 389 415 
13 9 47 65 85 107 137 166 196 227 253 313 326 339 
12 63 70 172 187 223 239 273 334 343 348 374 418 
8 72 87 130 136 153 195 254 412 
15 15 35 41 48 102 139 161 167 180 198 251 276 289 396 404 
12 36 65 89 154 158 270 293 301 364 381 391 404 
7 238 242 303 353 364 373 414 
15 2 92 93 146 155 172 217 232 240 247 260 275 337 346 383 
420 2129
13 93 116 125 130 153 170 204 235 271 325 381 404 409 
12 53 81 90 98 134 135 168 171 178 215 267 403 
12 23 107 215 223 264 286 300 313 331 333 372 417 
9 39 44 75 112 209 234 238 317 342 
8 16 121 146 167 200 249 362 413 
7 33 36 67 158 225 278 408 
11 81 97 174 203 274 283 286 322 363 383 397 
10 40 41 46 158 174 185 257 263 355 385 
12 15 26 72 80 118 151 178 213 284 332 367 381 
9 25 131 249 269 270 292 297 322 414 
12 12 24 30 116 169 296 313 329 345 347 379 415 
10 18 42 47 136 205 242 279 302 310 333 
5 10 105 194 309 335 
5 53 151 212 377 397 
9 211 249 260 261 282 288 318 326 370 
12 8 29 30 83 87 125 178 234 238 334 335 383 
13 4 34 50 84 104 196 257 263 275 286 349 392 398 
7 153 162 226 351 352 388 402 
8 11 56 153 194 253 283 392 395 
11 63 86 176 282 302 354 390 393 399 411 416 
8 97 111 199 248 282 323 387 396 
8 83 90 185 192 198 227 361 415 
9 32 73 179 219 232 256 302 329 394 
11 2 45 134 180 198 208 228 238 294 298 388 
14 10 27 33 60 112 118 137 145 155 289 312 319 334 367 
9 9 53 130 193 219 255 306 384 387 
12 8 31 46 48 207 235 259 276 306 317 388 414 
6 24 64 85 125 146 192 
6 63 102 181 182 290 317 
12 15 59 93 100 107 116 130 183 220 305 314 408 
10 10 15 39 45 105 148 179 244 266 337 
8 26 32 91 107 117 137 359 369 
9 22 31 44 174 199 285 295 348 350 
15 5 24 41 72 74 122 126 131 156 166 182 203 213 342 357 
10 16 124 211 230 233 293 335 376 378 409 
3 141 160 299 
13 5 52 82 98 129 155 213 251 305 337 407 412 415 
6 101 135 195 255 278 355 
15 54 101 105 136 190 205 220 267 280 297 331 344 371 394 419 
16 3 30 57 66 110 122 176 182 208 237 249 301 369 395 401 411 
12 7 68 70 71 84 103 135 170 176 256 298 385 
10 7 33 45 89 108 215 280 284 313 357 
6 11 47 71 234 253 288 
11 47 116 118 190 205 221 238 366 387 400 405 
9 3 32 64 150 275 293 334 386 389 
12 23 30 41 46 50 76 79 129 175 188 189 330 
12 7 26 45 47 82 155 184 196 221 245 258 334 
13 11 42 43 46 137 140 152 254 269 315 333 354 390 
5 26 53 388 410 415 
8 66 181 217 234 302 390 391 393 
11 16 45 103 141 144 217 270 277 297 347 370 
13 73 81 87 108 109 141 244 277 292 321 377 399 404 
12 36 54 71 81 127 242 253 260 265 288 338 340 
15 1 13 25 48 55 135 209 212 234 243 249 253 263 397 398 
14 38 52 69 131 139 152 194 198 210 247 271 289 334 384 
6 53 72 245 264 331 398 
10 18 95 144 160 261 307 321 330 354 393 
7 39 85 131 221 334 381 394 
8 79 235 351 372 381 402 412 415 
12 29 91 108 153 170 178 193 247 287 345 387 411 
11 24 111 116 145 255 274 278 288 323 345 402 
10 127 135 183 192 193 248 321 336 361 374 
10 67 130 132 147 182 239 249 264 302 389 
9 19 28 77 80 193 219 272 355 358 
12 27 44 87 102 149 180 246 251 266 296 322 391 
13 79 172 188 263 271 272 275 324 327 336 357 370 415 
7 39 49 70 115 169 257 391 
15 5 62 83 91 112 127 191 201 233 263 286 324 342 411 417 
8 40 144 194 282 299 350 387 398 
13 54 110 127 129 155 176 192 230 298 340 350 402 414 
7 40 66 93 165 225 320 379 
12 40 42 52 95 98 171 235 240 296 362 364 404 
13 8 33 55 83 134 175 209 262 290 323 362 365 413 
10 22 51 100 177 190 230 242 255 299 395 
11 33 108 193 224 245 277 283 361 380 382 409 
5 3 195 219 256 309 
8 45 91 96 119 187 190 292 393 
11 63 87 92 102 139 146 213 258 265 283 326 
12 153 157 173 197 209 256 302 322 334 369 383 397 
9 45 58 65 83 129 171 202 301 402 
9 8 63 102 113 172 243 245 248 388 
16 1 6 51 52 96 101 135 156 181 217 228 235 291 356 373 411 
12 36 46 108 160 198 213 280 301 389 405 416 417 
11 15 21 67 72 79 188 235 259 307 363 399 
8 16 40 133 229 262 316 322 340 
7 27 57 191 253 275 366 385 
10 19 92 174 219 266 270 298 334 351 377 
14 15 51 64 77 97 106 171 203 236 243 302 362 368 417 
6 116 212 258 388 393 394 
14 41 180 194 249 281 291 293 307 309 321 358 360 371 377 
7 1 21 146 171 246 293 386 
14 31 59 67 76 105 139 166 219 258 277 384 402 413 417 
10 77 86 93 185 220 264 280 377 379 382 
15 0 29 70 92 132 176 187 190 192 194 214 230 364 368 416 
7 150 275 311 334 343 360 389 
12 56 71 110 125 131 150 153 181 185 253 265 367 
10 76 81 98 167 170 254 297 311 360 416 
9 6 20 87 134 142 201 231 279 355 
13 1 36 71 96 136 175 179 185 193 261 290 315 398 
5 117 126 196 333 373 
8 29 73 121 165 169 225 284 417 
9 37 38 81 106 189 274 293 302 357 
11 28 64 77 80 126 144 167 279 285 331 399 
16 40 50 128 145 179 220 242 258 293 310 326 370 380 405 409 417 
9 16 122 201 222 262 287 307 311 345 
13 12 30 38 91 136 240 243 315 326 338 355 368 392 
6 87 101 143 214 234 402 
16 2 29 31 121 127 159 187 234 239 256 269 278 291 292 303 354 
10 41 51 59 74 82 129 150 182 267 310 
3 51 112 163 
9 39 69 95 140 270 291 300 339 340 
9 20 60 164 192 216 313 363 382 405 
6 3 24 67 109 280 306 
3 80 184 342 
6 151 205 207 240 329 361 
4 66 116 119 294 
13 0 10 29 43 60 88 115 226 294 304 314 354 374 
9 31 99 169 201 208 255 336 378 379 
9 8 24 43 261 264 276 302 324 330 
9 76 115 121 258 329 349 357 361 370 
11 135 172 175 191 214 236 275 277 278 309 325 
7 4 100 107 119 215 273 283 
8 33 39 104 171 174 238 245 322 
8 160 206 218 227 228 303 339 350 
10 34 130 194 224 239 248 301 328 335 379 
16 0 15 27 95 148 190 194 199 209 257 281 286 300 315 385 417 
7 33 99 102 270 370 402 416 
15 52 61 67 69 107 166 196 204 214 251 276 324 358 405 414 
14 103 130 152 172 182 186 217 254 266 289 300 301 326 358 
10 36 45 69 79 108 287 293 300 338 377 
15 0 25 29 62 124 128 165 199 200 250 277 281 323 359 390 
13 9 33 54 57 95 189 194 275 311 318 350 378 390 
4 62 93 244 299 
9 84 150 211 229 241 245 258 384 385 
9 1 23 72 97 169 192 212 256 416 
16 1 37 40 53 61 81 120 137 159 200 204 289 342 364 384 414 
8 11 38 98 105 158 199 211 370 
14 24 31 47 135 187 196 206 272 278 279 353 354 364 380 
9 161 180 183 188 266 285 302 317 400 
11 54 77 91 175 182 223 295 320 357 383 404 
14 47 110 149 154 158 179 187 289 302 324 336 359 394 415 
12 35 50 51 154 180 190 215 223 305 336 372 411 
9 97 147 211 271 323 325 385 386 411 
11 106 154 155 197 205 236 252 273 297 313 369 
6 50 56 68 102 186 265 
13 24 60 103 178 188 240 303 314 331 335 343 393 408 
11 4 27 77 90 176 195 204 286 295 301 348 
7 62 142 180 237 304 366 373 
14 30 125 171 198 212 237 245 274 290 319 339 377 401 404 
7 64 140 164 166 260 379 404 
16 44 94 95 108 133 151 152 177 236 252 253 293 327 344 370 406 
9 8 13 114 150 168 240 251 304 406 
11 47 54 128 150 176 189 210 241 286 340 375 
16 0 17 18 59 78 95 165 245 247 256 278 300 320 340 390 397 
9 140 141 143 156 206 288 329 351 374 
16 24 36 46 69 143 190 209 235 236 250 251 254 290 349 353 397 
12 33 81 154 166 175 184 206 274 276 337 342 401 
4 78 336 391 401 
10 5 7 136 140 181 191 263 293 336 347 
5 107 135 177 274 328 
11 35 56 82 123 174 192 198 210 287 300 345 
7 138 193 268 316 386 401 410 
13 17 164 176 213 240 247 263 287 303 313 320 377 399 
6 109 176 190 333 386 395 
8 111 149 162 193 205 216 364 366 
7 70 100 130 153 331 386 409 
14 33 91 127 149 156 167 195 226 228 234 236 260 293 343 
14 4 96 102 166 182 247 263 266 275 278 281 286 387 403 
10 1 151 176 178 203 237 246 325 363 381 
10 10 66 100 117 134 177 198 223 324 353 
11 0 40 59 96 171 181 187 193 294 330 381 
13 1 71 79 87 90 122 148 170 225 274 332 352 364 
9 65 80 120 128 181 242 267 300 402 
6 78 244 322 343 384 415 
12 6 7 32 86 122 160 215 227 242 314 379 390 
8 45 72 98 120 139 156 223 329 
16 19 39 40 69 93 146 152 162 163 168 232 255 273 312 358 370 
7 73 150 159 169 342 356 399 
15 1 8 15 59 145 168 195 217 224 255 265 340 378 401 405 
10 22 30 98 103 140 193 205 310 313 398 
15 23 64 89 138 141 147 227 254 258 275 293 294 343 384 395 
11 28 49 81 95 158 170 172 210 323 345 396 
13 28 33 39 62 108 128 139 167 210 238 256 373 409 
7 29 61 138 271 367 372 418 
7 46 113 156 226 301 324 364 
11 7 21 92 95 98 223 251 258 271 330 344 
8 128 144 201 205 212 281 381 394 
17 76 93 107 137 140 170 223 225 238 266 334 382 390 397 399 403 419 
9 45 65 83 138 145 193 204 308 340 
10 45 101 131 152 192 222 229 299 312 364 
14 38 43 73 76 93 125 141 155 163 195 212 271 280 347 
15 67 85 120 158 197 219 228 267 268 346 353 355 365 397 416 
22 21 27 61 69 93 111 134 160 189 212 244 282 283 301 308 333 356 360 373 395 398 413 
15 25 59 61 63 74 98 161 164 170 179 188 204 232 233 370 
14 12 18 54 68 89 93 124 125 131 332 350 368 375 399 
12 37 75 146 166 178 190 199 209 230 309 312 337 
10 16 46 99 127 137 276 323 336 415 416 
7 78 143 191 218 225 246 254 
9 21 23 54 82 148 160 169 333 396 
10 20 32 125 130 136 195 267 298 320 342 
7 4 130 135 270 277 370 400 
10 67 97 104 117 186 247 321 339 373 418 
1 79 
7 6 33 87 168 215 264 374 
13 0 127 135 146 188 193 225 239 269 270 358 387 407 
12 11 38 43 114 143 164 179 186 260 300 317 417 
12 123 137 154 156 229 235 241 276 290 331 360 371 
4 26 114 271 367 
7 23 39 117 229 280 358 401 
13 3 53 72 78 125 155 195 288 311 339 382 392 405 
12 54 152 160 181 182 225 239 293 314 350 353 412 
8 14 34 133 136 142 317 346 347 
14 13 53 88 134 148 186 190 192 234 247 276 319 334 360 
12 8 33 36 77 82 162 259 264 305 332 372 392 
9 93 106 120 127 225 231 253 276 325 
13 1 2 41 121 141 174 203 226 240 284 309 317 365 
4 111 164 309 388 
7 49 50 81 128 178 274 385 
9 123 197 222 250 255 256 280 316 411 
13 22 25 63 75 86 91 191 235 250 271 365 375 385 
11 29 38 92 103 280 289 314 332 342 401 404 
10 43 46 57 247 287 345 376 386 392 400 
8 104 189 218 285 335 399 402 412 
10 2 139 141 169 175 185 187 247 291 384 
5 74 124 178 388 417 
12 5 70 100 171 187 197 204 210 214 229 279 296 
11 17 116 166 184 215 273 299 311 343 356 380 
7 21 123 174 180 278 395 410 
11 23 81 123 166 191 246 253 260 265 291 354 
8 84 133 189 206 208 225 266 272 
12 34 69 73 93 195 246 260 292 306 312 373 412 
3 97 214 402 
5 22 176 193 371 414 
6 34 67 193 303 384 399 
16 3 15 42 49 53 106 107 166 212 239 264 272 304 371 376 402 
11 0 26 58 71 81 83 155 206 219 305 364 
8 87 120 143 150 155 166 245 255 
6 39 147 148 168 296 351 
11 3 15 23 43 122 182 187 243 282 402 411 
8 62 107 124 204 210 234 298 375 
9 71 105 114 145 151 162 215 251 412 
7 133 152 206 270 330 390 407 
10 11 52 73 103 172 174 265 287 313 362 
10 53 80 87 105 238 254 265 284 295 376 
6 30 51 132 173 192 256 
15 46 55 74 80 122 133 148 153 236 269 328 335 342 363 365 
11 64 90 168 197 228 230 279 280 375 376 388 
16 54 59 153 162 167 201 212 221 223 269 279 290 307 345 406 408 
10 20 61 80 124 264 285 372 387 398 410 
11 4 9 14 39 53 62 89 309 324 404 408 
10 130 155 218 219 297 300 311 314 327 360 
10 36 64 127 151 155 185 240 266 403 413 
4 143 150 303 371 
12 18 42 52 53 85 95 150 214 228 285 298 384 
10 47 96 128 155 180 197 243 262 281 341 
15 25 37 60 73 117 176 178 218 236 260 266 270 303 341 386 
13 22 40 75 78 107 134 153 182 218 244 262 318 320 
10 7 16 66 125 273 276 349 390 392 414 
12 46 77 88 91 103 119 133 180 185 259 281 364 
7 26 83 213 258 286 314 344 
11 14 52 149 166 205 228 230 255 264 289 371 
9 14 56 98 118 269 291 342 346 376 
10 72 84 104 254 256 270 295 312 329 384 
11 7 16 53 65 67 158 162 167 321 328 392 
14 2 55 62 92 118 203 213 234 248 260 292 294 331 337 
10 52 77 95 144 178 228 242 243 301 403 
13 30 64 86 128 138 167 187 229 251 255 279 319 369 
8 1 38 108 172 191 199 326 333 
6 161 191 297 330 373 384 
12 9 47 107 204 245 247 261 272 299 349 377 384 
12 9 50 86 110 126 200 204 241 255 262 356 388 
13 0 54 65 142 183 185 190 207 219 311 322 336 373 
9 63 65 137 229 234 269 323 338 358 
10 121 143 176 226 257 276 306 346 351 369 
10 6 60 101 148 156 159 171 217 306 378 
11 16 44 65 85 94 120 131 167 180 386 418 
12 26 118 127 156 196 206 212 214 257 273 360 394 
10 50 51 74 91 120 130 200 314 378 410 
14 5 37 60 107 120 137 153 167 227 281 290 298 324 385 
11 11 97 102 137 225 246 247 266 351 354 364 
13 38 41 82 92 112 190 208 218 220 246 331 371 417 
12 89 125 130 167 186 254 258 278 285 317 356 377 
8 14 19 20 68 192 238 350 364 
7 6 18 74 77 121 192 411 
9 8 41 100 215 243 285 309 373 413 
14 32 102 138 222 248 253 281 284 314 364 383 386 397 408 
13 2 6 16 67 125 146 152 167 259 353 373 403 407 
10 59 104 129 160 162 221 242 312 356 406 
8 14 42 52 60 154 209 299 340 
10 24 54 128 135 140 220 260 292 366 395 
10 28 72 98 148 155 206 247 278 331 342 
9 81 89 107 110 223 228 261 314 401 
12 9 51 76 107 230 264 289 315 323 332 337 363 
16 34 44 89 90 101 103 129 150 158 166 180 210 343 398 399 404 
14 23 115 116 170 180 264 301 304 318 336 356 380 389 414 
8 32 139 146 243 262 296 321 385 
10 10 64 71 225 237 295 308 338 378 400 
10 9 38 50 96 143 250 268 301 338 401 
11 23 40 69 86 199 239 253 278 327 333 362 
14 35 68 73 132 189 226 269 288 354 359 368 384 409 412 
16 2 110 125 128 129 153 160 172 205 250 303 304 311 321 368 373 
14 39 79 82 124 128 146 184 192 265 294 297 327 329 334 
14 11 19 22 49 62 78 87 101 118 138 140 308 316 336 
12 107 123 145 162 233 252 255 300 327 330 374 402 
9 116 147 151 234 294 300 331 346 415 
10 29 36 141 213 235 313 340 367 381 412 
7 25 26 112 230 273 274 337 
10 56 83 89 104 247 326 334 342 354 395 
5 188 192 296 302 380 
12 12 75 89 120 195 215 216 249 284 323 384 409 
9 11 103 108 179 312 318 323 342 367 
12 94 96 104 131 209 226 250 271 300 344 407 415 
11 24 176 189 195 230 262 287 310 326 338 416 
10 2 10 41 111 143 162 179 242 305 366 
14 29 116 145 174 210 220 250 259 277 285 291 317 333 352 
9 47 98 105 125 292 328 370 391 418 
7 84 161 218 302 358 401 415 
12 3 26 28 138 205 211 215 281 314 327 329 392 
8 14 131 256 294 310 365 386 415 
5 24 148 212 266 323 
9 70 139 153 162 199 256 367 398 401 
11 51 56 61 89 201 263 295 300 334 346 394 
10 6 9 64 78 84 122 173 271 334 387 
13 20 60 72 130 142 181 196 272 292 309 310 319 356 
12 65 67 118 127 140 169 184 249 278 340 361 411 
8 0 120 142 168 214 357 376 397 
8 14 77 103 105 128 267 307 312 
11 65 150 250 298 301 303 317 338 339 381 401 
6 124 159 245 263 315 405 
12 10 22 114 119 154 175 262 301 317 331 342 376 
8 45 56 118 170 185 241 268 303 
14 2 38 55 102 145 165 206 264 280 290 304 329 385 412 
8 8 171 194 213 220 292 350 354 
12 2 11 47 99 163 192 198 267 298 314 340 392 
17 15 24 44 46 54 57 78 86 94 187 212 301 307 321 322 342 416 
10 12 15 34 124 145 222 245 340 388 398 
13 61 65 117 140 141 157 158 196 271 294 302 349 389 
8 30 36 156 195 264 292 306 383 
9 52 105 129 272 296 297 312 327 361 
7 110 123 148 201 209 327 355 
16 52 69 84 110 152 153 178 188 288 305 324 333 335 393 400 405 
5 254 255 353 381 394 
17 3 33 67 113 135 156 177 199 220 245 261 290 307 310 329 334 383 
9 94 145 166 173 180 226 293 371 418 
10 38 150 185 259 311 348 386 401 411 417 
9 10 59 60 104 160 181 221 247 352 
7 191 211 261 273 304 321 368 
7 10 50 158 190 211 356 392 
4 32 146 344 364 
9 16 119 155 257 269 336 396 407 408 
9 32 68 69 123 131 194 210 282 332 
9 17 58 86 154 237 273 279 379 401 
4 17 171 314 345 
7 137 155 169 191 210 286 341 
12 19 47 56 107 116 137 228 279 299 307 332 359 
8 7 37 63 97 105 191 339 368 
11 81 177 192 226 270 281 287 294 323 347 410 
9 33 41 65 101 119 139 325 365 404 
10 63 89 127 128 176 204 208 272 316 377 
8 31 130 140 299 354 396 405 408 
9 89 94 96 192 206 212 250 276 400 
10 21 61 74 114 119 324 338 389 409 413 
6 4 71 72 87 242 298 
9 6 83 111 168 245 292 382 388 402 
14 71 93 135 137 164 171 184 189 235 258 279 282 285 348 
9 72 191 215 219 245 318 357 382 384 
7 43 85 147 164 289 313 404 
11 8 24 95 183 207 305 310 320 373 375 381 
11 87 93 105 194 299 300 346 355 370 396 417 
6 31 39 78 143 266 273 
15 14 50 65 103 119 126 136 150 176 193 200 315 368 378 417 
9 38 89 206 232 234 252 260 280 343 
8 2 58 141 183 213 248 382 391 
14 81 99 147 182 192 201 230 268 271 284 286 300 367 389 
6 61 116 154 203 303 383 
7 152 194 219 239 246 367 401 
8 34 221 234 243 246 261 325 329 
12 13 51 86 89 92 129 148 162 269 281 358 400 
8 34 117 131 178 274 277 296 370 
8 10 70 92 117 124 149 174 351 
9 74 103 137 226 294 308 400 409 416 
12 0 8 57 58 168 170 186 305 327 341 367 405 
9 74 92 111 187 209 363 365 372 416 
8 6 15 78 139 285 337 342 374 
16 25 54 91 133 135 173 180 223 233 253 262 268 269 299 309 365 
13 7 40 85 125 133 142 217 219 278 295 331 399 401 
12 44 90 142 161 163 165 221 255 275 285 318 344 
10 20 25 43 59 68 167 204 248 322 395 
12 17 23 26 48 80 88 216 224 246 270 335 363 
9 44 62 82 94 294 336 361 373 407 
10 19 47 49 130 131 153 174 187 241 257 
7 49 64 66 157 315 372 406 
12 16 18 105 209 213 221 257 263 317 333 347 397 
8 19 49 56 76 88 145 340 410 
9 22 38 57 88 140 186 276 321 341 
10 18 39 73 163 180 192 227 289 307 387 
6 20 181 198 349 359 368 
13 6 13 53 78 153 155 187 191 285 325 392 406 411 
11 16 53 55 68 98 179 192 248 293 320 335 
12 19 51 83 102 162 177 187 194 222 233 293 385 
9 43 138 200 221 296 340 360 377 380 
17 39 148 156 157 161 178 208 220 291 297 316 320 327 344 351 375 385 
15 17 58 60 69 79 91 106 126 172 222 231 234 238 303 363 
8 1 167 187 251 265 286 415 419 
11 0 51 71 139 148 149 220 249 293 357 366 
12 43 82 103 111 127 178 209 328 340 359 381 419 
6 150 151 247 287 391 397 
7 36 204 241 286 311 349 389 
8 5 29 145 247 249 285 349 359 
10 0 34 74 103 165 182 299 309 361 380 
7 48 161 227 248 277 356 393 
13 19 39 59 67 81 141 142 218 238 283 324 344 397 
9 36 58 210 222 230 240 299 305 331 
7 4 72 91 192 251 284 361 
9 9 26 69 127 135 232 257 294 415 
15 10 21 36 48 58 65 140 173 196 304 311 316 318 403 414 
13 19 82 93 96 126 134 191 196 312 334 380 382 419 
14 2 67 82 87 91 100 103 125 205 224 280 344 368 370 
5 183 201 275 315 343 
5 38 187 403 405 416 
