500 2537
11 57 138 150 152 158 160 236 269 292 331 455 
11 9 76 125 177 271 277 288 290 322 348 466 
7 79 98 196 259 291 329 486 
12 49 81 91 108 194 206 296 366 388 426 444 495 
9 34 71 73 207 310 345 369 403 486 
15 48 87 97 132 147 170 218 239 288 294 308 346 350 358 434 
9 38 40 57 58 62 174 280 289 371 
9 107 131 164 248 312 325 368 376 444 
10 13 35 66 81 149 166 262 308 376 489 
10 1 152 157 165 192 201 302 342 390 497 
7 67 125 265 286 308 351 403 
10 27 51 65 104 194 272 283 359 392 468 
8 33 232 249 250 279 331 420 425 
12 8 58 122 137 164 231 380 381 390 397 419 477 
5 82 122 129 254 348 
8 46 60 137 168 228 235 332 376 
11 43 72 96 150 165 201 243 308 334 359 427 
5 47 64 309 315 470 
10 40 114 155 208 217 259 306 360 412 416 
5 119 131 331 350 358 
15 39 50 85 141 161 180 208 211 219 308 366 372 375 424 487 
7 127 131 233 240 297 351 455 
8 45 70 99 113 132 159 247 291 
6 74 178 218 257 308 349 
14 37 77 79 119 121 141 151 237 289 312 340 343 398 492 
9 160 215 241 247 291 300 343 405 439 
10 46 87 157 164 174 260 313 319 383 481 
8 11 82 97 178 236 274 436 484 
15 60 76 125 145 171 241 251 311 314 350 366 417 427 452 453 
8 36 244 288 293 337 375 415 422 
11 75 78 239 283 330 378 407 427 437 455 490 
8 88 172 186 197 303 357 451 471 
10 147 188 230 258 295 334 371 399 402 461 
7 12 119 162 165 182 415 477 
11 4 52 98 192 289 298 328 345 346 363 419 
9 8 45 93 152 272 286 329 357 360 
10 29 98 114 153 197 301 309 358 412 497 
13 24 78 106 134 137 174 226 298 361 368 406 490 497 
9 6 108 289 299 311 328 333 371 384 
11 20 127 297 320 328 343 364 375 431 444 451 
13 6 18 48 56 65 85 212 242 365 387 478 479 499 
10 54 82 85 86 136 171 225 269 288 462 
8 72 84 149 182 264 354 381 410 
14 16 61 66 73 147 244 245 336 337 366 404 431 465 472 
9 93 114 189 205 290 370 394 442 482 
13 22 35 127 143 151 190 213 217 242 275 285 446 484 
8 15 26 70 144 294 305 382 446 
11 17 69 117 118 251 256 328 331 352 369 401 
13 5 40 101 102 108 141 171 178 187 337 369 394 410 
14 3 52 67 100 111 118 147 180 193 287 330 346 385 407 
15 20 150 219 279 311 313 345 351 373 376 423 450 460 480 493 
15 11 55 58 83 86 89 114 135 179 213 215 232 302 324 347 
8 34 49 66 153 193 225 272 408 
9 131 159 198 243 252 395 399 487 491 
15 41 56 82 97 170 225 250 254 292 301 306 317 425 456 467 
12 51 58 63 68 81 122 163 296 376 382 439 474 
6 40 54 106 121 334 377 
12 0 6 66 117 228 235 338 346 355 432 436 464 
12 6 13 51 55 80 94 95 136 155 194 259 354 
11 123 182 187 199 229 231 284 329 340 425 456 
13 15 28 101 147 152 174 184 204 229 303 337 379 399 
13 43 65 73 91 155 167 211 233 318 347 361 478 485 
9 6 106 367 386 404 460 477 485 491 
13 55 110 284 290 293 317 353 405 415 441 462 490 493 
9 17 82 130 254 315 420 426 427 472 
15 11 40 61 172 194 231 260 264 290 296 332 347 361 395 426 
16 8 43 52 57 94 127 157 168 212 349 359 386 427 432 436 474 
18 10 49 118 123 134 176 177 212 226 228 284 309 346 381 449 470 478 492 
12 55 79 91 108 128 180 275 276 287 307 357 376 
10 47 102 165 239 242 261 285 298 357 401 
8 22 46 170 197 315 363 391 404 
10 4 96 118 167 195 198 239 255 369 382 
9 16 42 97 121 217 306 322 403 487 
8 4 43 61 149 233 239 285 490 
8 23 154 178 286 321 387 475 497 
12 30 79 81 82 114 129 180 270 329 440 460 498 
14 1 28 126 151 289 297 322 331 360 361 397 419 475 476 
9 24 173 191 255 337 342 390 407 448 
6 30 37 84 130 320 498 
17 2 24 68 75 89 91 169 179 238 247 293 311 316 380 460 462 481 
13 58 82 100 122 131 168 180 194 198 206 216 286 384 
9 3 8 55 75 123 209 325 400 456 
14 14 27 41 54 64 75 80 84 95 307 386 409 464 479 
11 51 102 162 178 189 215 293 332 384 470 481 
12 42 78 82 138 144 159 261 403 422 425 449 485 
10 20 40 41 184 200 235 258 345 385 453 
14 41 51 105 127 164 215 221 279 295 303 338 365 369 488 
17 5 26 154 173 201 204 209 212 213 233 245 318 335 354 383 406 482 
8 31 162 206 212 275 379 429 487 
5 51 79 154 296 356 
6 113 209 320 400 412 475 
16 3 61 68 79 109 165 178 218 230 240 276 298 358 372 391 461 
6 315 335 371 384 471 476 
11 35 44 120 138 176 189 215 223 241 383 492 
14 58 66 138 154 173 187 215 254 344 358 400 441 454 463 
17 58 82 116 117 137 171 175 180 241 280 330 360 370 433 452 468 498 
13 16 71 97 99 163 170 196 233 256 288 294 313 456 
17 5 27 54 72 96 134 158 175 181 222 290 318 320 321 407 430 436 
8 2 34 36 233 258 281 286 413 
12 22 96 107 167 183 186 223 267 279 392 419 487 
10 49 80 133 139 204 225 267 347 383 474 
13 48 60 131 171 199 202 220 348 353 451 478 479 482 
8 48 69 83 189 245 350 380 417 
9 104 124 329 374 378 404 415 421 486 
12 11 103 142 211 319 342 349 406 435 437 453 475 
8 86 206 243 267 280 390 428 437 
11 37 56 62 144 148 189 190 281 396 415 423 
10 7 99 121 177 204 257 280 294 468 493 
11 3 38 48 68 231 264 329 356 357 404 476 
10 91 233 257 275 373 389 390 404 437 468 
5 63 142 221 260 395 
6 49 134 142 297 357 427 
9 136 138 146 163 271 292 434 442 457 
15 22 90 159 240 328 329 330 352 360 370 374 380 383 446 447 
20 18 36 44 51 75 124 130 141 239 250 292 321 370 391 396 397 408 410 431 471 
10 132 147 163 300 323 348 368 392 450 489 
8 95 132 238 289 326 421 437 448 
12 47 57 95 200 230 252 295 296 378 487 494 498 
10 47 49 67 71 144 264 358 415 428 465 
12 19 24 33 130 202 207 315 321 334 349 414 422 
14 93 121 140 151 186 264 265 269 295 388 418 425 467 492 
9 24 56 72 107 120 215 227 296 365 
12 13 14 55 80 136 184 317 319 330 439 447 480 
9 59 67 81 186 212 225 274 335 429 
8 103 114 403 414 431 435 481 483 
14 1 10 28 181 211 287 334 345 361 401 419 473 478 484 
7 76 129 175 206 291 367 444 
12 21 39 45 66 86 235 288 409 420 421 465 470 
8 68 250 264 393 399 403 409 412 
10 14 75 126 154 164 177 375 417 447 496 
11 64 78 114 119 218 279 290 309 439 456 468 
11 7 19 21 53 80 101 235 252 424 439 447 
14 5 22 115 116 144 204 229 344 346 380 424 429 477 495 
4 100 148 153 437 
12 37 67 97 111 149 186 197 260 304 414 422 494 
5 51 139 377 421 434 
9 41 58 112 122 166 204 213 263 472 
13 13 15 37 95 169 241 245 272 344 368 393 459 483 
11 0 84 93 94 112 160 259 275 411 418 464 
7 100 135 228 304 372 402 454 
6 120 148 341 400 449 451 
5 20 24 48 114 300 
13 104 110 111 147 174 189 340 393 406 426 432 482 484 
7 45 167 205 388 429 431 441 
10 46 84 106 118 132 169 199 271 311 499 
8 28 188 217 221 246 284 310 413 
8 112 193 219 240 259 297 331 399 
9 5 32 43 49 60 115 142 380 396 
11 106 133 140 159 184 231 352 379 389 405 473 
11 8 42 73 134 182 201 218 286 387 470 492 
9 0 16 50 152 253 300 317 345 436 
13 24 45 76 120 153 198 278 301 318 326 468 470 488 
10 0 9 35 60 150 339 349 374 394 455 
8 36 52 133 151 337 357 406 465 
12 74 87 89 94 129 166 279 302 359 379 389 456 
9 18 58 61 233 309 390 434 447 450 
7 184 322 338 384 396 453 456 
8 9 26 66 176 202 235 261 298 
9 0 97 236 274 275 305 368 371 477 
11 22 53 84 113 148 171 186 215 382 449 477 
10 0 25 138 171 258 273 290 435 446 486 
16 20 193 195 207 238 244 254 309 330 345 354 377 391 434 463 488 
13 33 83 88 175 180 208 211 267 301 330 359 399 496 
14 55 96 112 115 203 214 219 263 272 283 347 354 372 471 
8 7 13 26 86 129 196 389 482 
14 9 16 33 69 91 235 265 283 372 425 436 454 470 480 
11 8 136 154 236 242 272 358 400 409 438 466 
7 61 71 99 143 294 343 424 
9 15 66 80 172 179 257 389 418 481 
9 79 137 144 199 230 301 315 385 469 
11 5 54 70 96 193 194 264 304 339 422 441 
13 28 41 48 95 101 159 160 226 233 272 319 359 468 
14 31 65 168 173 180 190 216 231 272 301 317 411 439 442 
14 77 87 94 172 218 255 285 377 384 407 423 435 454 480 
10 6 26 37 60 142 180 274 312 351 468 
10 95 97 126 162 186 188 337 342 451 488 
7 67 93 157 195 293 314 361 
10 1 67 107 129 233 242 299 345 431 438 
14 23 27 48 74 83 91 236 301 358 374 393 395 434 486 
10 51 79 168 188 193 252 278 416 435 496 
17 20 49 68 75 80 95 162 172 174 246 272 275 289 357 429 463 481 
10 97 125 227 313 315 356 359 411 434 441 
13 33 42 59 149 222 250 291 297 308 441 452 473 497 
9 99 203 209 216 263 310 320 488 498 
9 60 85 122 148 156 198 338 350 433 
4 186 319 340 423 
13 31 99 120 123 134 159 175 185 265 282 288 455 486 
5 48 59 94 321 339 
11 32 145 175 179 231 327 343 380 397 416 436 
9 44 83 93 102 106 142 222 379 392 
11 45 106 172 220 227 267 297 383 428 468 494 
12 77 192 194 213 214 218 260 345 360 371 427 444 
13 9 34 191 206 250 275 287 289 324 414 433 477 490 
13 49 52 146 161 170 179 210 248 266 349 436 454 469 
18 3 11 58 65 80 170 191 281 297 298 305 316 347 382 387 394 399 481 
11 71 161 176 220 244 246 351 374 388 400 410 
9 2 96 164 203 305 324 390 400 494 
6 31 36 70 134 388 468 
7 53 71 80 151 184 347 409 
10 59 101 144 169 266 321 380 410 452 498 
10 85 117 249 273 300 313 318 403 413 497 
10 9 16 87 149 222 281 290 330 357 394 
9 101 119 157 324 404 406 416 464 499 
11 163 183 196 216 269 301 310 348 433 455 494 
12 60 87 100 107 132 136 207 269 274 357 433 490 
5 44 143 223 274 317 
12 3 80 88 105 126 192 286 318 330 348 425 472 
7 4 119 161 204 277 296 449 
7 18 20 162 264 381 424 443 
6 81 87 90 183 268 272 
10 193 217 244 284 286 316 378 394 415 467 
9 20 61 104 125 162 273 299 438 456 
10 40 66 67 87 88 123 328 364 447 496 
12 45 51 87 136 191 270 291 391 420 475 482 492 
5 163 191 232 252 370 
15 25 51 83 86 93 94 121 159 229 350 365 401 430 449 495 
8 80 172 183 203 293 321 417 476 
10 18 45 72 145 210 219 260 334 387 392 
12 5 23 91 130 149 173 191 371 383 397 408 496 
10 20 50 146 163 217 265 401 424 468 494 
11 101 190 195 315 341 353 374 407 413 428 445 
9 86 110 145 229 266 298 335 438 450 
7 97 182 189 201 393 478 479 
7 93 99 205 245 295 393 494 
3 226 359 378 
12 41 52 54 100 123 246 302 326 401 416 435 464 
9 37 67 171 224 237 311 372 425 475 
11 121 181 190 249 310 339 447 462 487 488 495 
10 15 57 67 139 261 299 313 336 373 496 
11 59 60 132 215 221 304 370 378 439 453 458 
12 32 91 117 169 233 258 259 393 422 440 442 460 
12 13 59 65 108 148 172 188 280 446 480 490 495 
6 12 51 214 239 402 456 
23 21 61 73 87 96 98 109 155 171 177 230 234 276 296 321 335 362 377 421 466 471 485 490 
11 233 262 282 288 322 324 326 348 372 494 495 
16 15 57 85 127 131 157 165 254 260 373 378 415 416 436 486 492 
7 0 27 158 166 178 376 397 
6 24 226 413 464 466 474 
7 79 116 161 268 347 456 490 
15 5 30 69 71 73 114 232 298 312 340 343 359 394 436 444 
6 21 91 113 146 269 331 
12 25 28 93 95 137 254 276 293 313 412 458 474 
7 40 45 69 166 177 350 421 
7 16 53 105 271 361 373 438 
7 29 43 161 195 210 361 476 
10 43 87 102 137 223 387 414 421 451 463 
8 145 180 195 225 252 253 298 323 
9 22 25 79 259 272 313 314 388 477 
8 7 193 261 338 383 413 443 466 
5 12 200 227 255 438 
11 12 54 114 128 182 192 256 271 290 298 311 
5 28 47 261 395 493 
9 53 117 131 179 214 246 329 367 450 
5 150 246 263 284 322 
14 14 54 64 94 161 235 241 255 291 299 345 431 449 471 
8 71 77 173 249 254 322 404 485 
9 47 96 250 293 298 306 338 382 400 
8 23 107 109 168 294 390 396 458 
13 32 85 98 160 230 261 334 343 345 383 413 421 492 
14 2 18 58 138 146 230 247 269 321 348 384 453 466 468 
10 26 65 110 134 191 217 235 284 376 437 
14 69 84 157 228 248 251 258 292 302 329 341 378 384 442 
6 8 234 405 443 449 452 
8 136 163 183 253 290 313 411 415 
12 42 65 108 118 120 128 170 208 268 349 399 487 
10 10 120 165 186 219 286 293 359 385 479 
10 193 199 221 268 321 362 428 432 469 486 
13 99 100 105 162 190 287 311 351 384 388 402 442 455 
7 209 238 264 266 280 470 491 
11 0 41 120 203 204 240 259 352 392 467 483 
8 75 213 314 395 409 410 436 499 
6 1 112 144 243 250 404 
14 11 35 52 137 163 166 171 172 180 209 247 308 388 395 
9 160 200 211 287 300 367 457 482 486 
10 27 123 158 174 204 205 275 282 404 489 
12 45 68 88 109 138 158 180 192 274 368 383 420 
9 68 91 233 241 305 317 454 475 478 
5 1 207 297 422 480 
10 151 179 289 299 361 389 392 421 442 482 
9 12 50 86 99 130 154 355 423 460 
12 6 95 105 107 231 268 284 285 319 325 332 345 
8 98 106 194 201 293 379 473 487 
8 186 234 274 288 360 411 412 450 
11 11 30 163 165 296 363 420 462 464 497 499 
10 59 63 67 145 210 253 260 280 405 418 
8 45 69 73 173 280 323 448 483 
12 10 35 74 80 98 149 206 210 265 348 477 490 
12 49 68 125 192 267 273 289 368 389 409 468 475 
13 1 5 29 41 96 127 186 234 282 345 355 401 408 
13 6 24 34 38 76 116 180 192 278 287 319 458 468 
12 1 44 63 65 97 130 160 201 250 263 309 375 
9 2 22 25 126 182 213 254 383 394 
11 0 54 112 114 261 299 344 386 404 409 410 
11 29 63 79 83 176 216 241 256 265 281 410 
9 5 46 96 107 167 257 347 421 494 
9 32 86 117 120 223 308 353 425 492 
14 3 55 65 89 117 121 207 233 283 323 335 406 448 458 
14 21 39 76 111 146 182 190 194 277 345 385 401 484 489 
16 34 37 69 91 157 194 221 239 246 250 256 330 335 358 387 476 
12 38 177 211 228 254 278 292 303 366 375 406 494 
7 25 115 141 150 200 273 364 
11 36 54 151 162 169 172 178 203 335 383 479 
10 9 51 154 225 261 319 375 417 440 478 
9 31 60 86 299 396 409 411 434 463 
9 134 139 170 229 307 309 373 439 454 
9 46 158 194 196 276 330 376 402 439 
11 18 54 72 256 344 372 375 390 453 487 496 
6 68 82 304 338 352 359 
13 5 8 10 16 20 23 182 272 295 316 406 431 491 
11 17 36 67 130 155 161 290 304 456 459 489 
7 4 145 183 203 227 380 390 
13 28 38 50 79 144 226 250 267 358 414 426 446 465 
8 7 24 174 239 335 355 416 417 
12 26 50 96 181 200 228 241 247 263 342 377 479 
5 28 176 247 270 416 
8 17 64 70 92 119 169 181 220 
9 79 194 210 308 340 345 374 413 454 
13 54 63 122 150 172 205 276 350 377 386 401 419 449 
10 61 87 97 151 200 206 384 385 414 437 
11 26 104 122 171 185 280 289 302 352 371 460 
11 39 78 90 97 183 327 418 436 476 478 488 
14 74 97 114 119 187 199 216 233 259 266 323 335 447 460 
12 1 72 76 156 234 253 255 324 332 416 465 475 
7 115 246 285 296 321 327 404 
10 51 192 196 202 234 322 383 397 401 406 
9 7 81 280 338 363 395 407 486 498 
9 116 151 225 234 373 385 392 398 446 
7 188 320 323 442 444 460 462 
9 34 38 39 47 113 212 424 429 465 
12 2 35 59 75 103 108 113 252 261 427 431 450 
15 30 49 95 113 122 161 162 201 206 298 305 392 416 461 470 
10 0 12 19 47 76 146 240 392 398 447 
12 15 65 83 280 322 368 413 434 478 480 488 493 
1 38 
12 16 32 56 119 125 217 258 366 382 396 451 496 
14 87 92 123 221 233 296 298 301 312 321 340 363 395 409 
5 43 228 443 444 448 
12 29 43 48 60 77 153 175 356 457 481 487 491 
11 57 86 156 184 248 256 307 325 388 399 438 
8 152 170 187 227 359 366 416 471 
13 24 59 142 185 239 316 335 346 385 386 420 469 488 
5 140 220 261 357 404 
9 9 77 104 175 313 367 373 394 396 
12 24 25 39 167 188 239 258 384 412 421 461 489 
9 94 132 137 292 306 351 436 478 488 
19 4 34 50 85 125 150 161 177 191 254 258 280 288 297 316 359 370 384 464 
11 5 34 49 57 67 132 340 404 444 472 475 
16 51 61 65 100 163 194 198 238 294 379 386 416 444 462 472 487 
11 1 14 101 115 203 206 234 259 286 378 411 
12 23 66 104 119 152 193 264 356 391 394 437 495 
9 5 19 28 102 184 215 242 317 393 
12 10 21 50 174 195 267 344 382 391 393 412 495 
11 47 113 148 269 307 319 365 372 427 472 485 
10 63 101 220 295 364 382 387 420 438 490 
6 42 58 87 161 163 409 
5 57 279 288 312 480 
6 89 108 181 337 349 426 
15 31 35 68 69 108 111 153 180 201 204 341 358 377 435 448 
13 5 19 36 91 94 118 166 178 298 311 357 394 433 
17 11 16 66 154 162 171 181 224 239 265 307 339 345 385 395 403 460 
9 18 35 76 95 113 191 282 448 484 
15 37 61 65 76 125 176 243 244 278 380 396 409 448 483 493 
4 233 266 379 423 
6 34 70 283 325 335 396 
7 39 212 300 353 391 484 498 
8 40 86 121 215 352 382 449 479 
7 3 20 28 43 299 334 339 
6 62 126 252 273 342 455 
10 7 37 115 137 158 275 287 332 467 482 
6 4 47 48 71 86 474 
9 44 95 113 114 214 229 345 382 456 
10 6 32 38 92 158 191 218 319 410 421 
12 20 91 139 163 165 226 234 306 352 423 456 496 
10 50 109 228 235 243 304 326 342 423 498 
9 103 113 152 178 195 220 316 435 456 
8 20 29 39 129 290 299 302 306 
13 7 8 15 50 55 68 236 260 305 396 426 437 481 
9 56 135 161 173 233 313 317 357 490 
11 30 103 117 210 224 229 235 261 348 478 486 
11 60 88 148 154 189 281 347 362 412 445 465 
13 13 79 102 113 132 147 188 199 310 361 393 456 499 
4 13 42 67 208 
12 46 55 71 159 194 256 334 351 353 365 370 446 
13 26 87 93 100 113 190 218 248 258 275 291 301 324 
14 38 80 83 92 156 173 259 261 267 318 343 345 385 497 
12 49 85 169 265 297 318 326 340 359 384 444 473 
9 62 66 82 292 317 340 347 389 491 
8 40 74 149 194 217 245 298 353 
10 3 120 143 195 197 247 267 272 338 422 
10 109 148 154 164 168 278 287 386 486 490 
13 9 13 77 105 109 155 196 257 306 310 455 472 487 
8 70 91 114 161 213 349 351 364 
11 11 99 115 189 217 269 278 326 330 331 456 
12 128 137 142 178 222 223 230 350 351 380 478 494 
13 44 48 152 194 201 210 239 291 342 349 358 429 484 
10 53 65 110 178 251 270 272 325 335 359 
14 106 114 147 156 257 303 334 342 361 363 376 406 451 466 
9 13 76 114 188 218 236 324 422 465 
6 24 326 331 410 459 468 
11 32 53 60 128 146 162 194 264 338 413 459 
9 81 90 94 140 166 195 196 256 476 
14 47 69 125 215 219 225 288 297 317 324 463 476 484 499 
8 32 139 232 267 305 430 433 487 
10 4 10 72 84 124 128 200 359 410 433 
17 43 62 70 103 108 109 202 255 271 274 292 323 341 346 425 443 489 
5 25 63 148 262 284 
12 37 87 104 142 153 202 296 299 308 324 396 497 
11 30 49 77 97 173 220 325 413 446 489 495 
6 52 114 218 288 457 490 
13 82 127 128 166 198 270 287 292 303 335 354 361 462 
13 42 48 114 195 199 270 292 293 371 398 403 424 437 
7 138 172 181 263 282 303 348 
11 18 36 90 128 241 282 343 351 379 437 473 
12 98 145 200 220 237 248 258 316 332 399 407 422 
9 119 124 134 192 245 311 318 425 462 
15 29 33 63 103 106 118 210 235 263 424 444 447 456 486 499 
14 18 179 188 202 225 235 312 314 322 330 339 347 439 460 
6 28 102 129 216 302 312 
5 120 138 168 284 320 
6 13 34 76 99 125 317 
9 12 64 127 213 275 283 340 353 454 
14 103 116 127 135 233 242 245 258 278 294 343 371 435 454 
11 29 84 119 134 170 230 277 388 397 413 467 
10 50 106 173 185 279 362 372 373 440 498 
11 20 131 132 167 208 219 328 410 415 439 460 
13 12 54 59 84 120 165 206 226 295 404 414 483 488 
7 3 64 65 142 311 356 376 
10 16 28 30 64 66 111 191 329 352 455 
5 105 118 190 220 266 
7 88 123 132 143 180 328 394 
5 97 215 402 451 467 
10 39 43 114 124 143 177 254 308 329 461 
7 57 66 142 266 434 454 462 
9 95 184 192 203 204 358 402 403 483 
13 5 112 135 155 161 178 181 303 332 432 448 460 464 
10 104 124 160 173 179 225 357 374 421 451 
14 27 57 66 97 150 165 188 193 235 239 270 320 344 488 
12 30 104 105 109 116 133 260 318 349 376 410 412 
8 166 177 211 221 243 249 338 353 
12 25 55 122 130 131 172 229 304 305 416 424 497 
4 75 230 302 423 
7 63 94 143 170 181 182 443 
8 44 112 172 230 261 267 278 327 
7 208 248 262 336 404 441 473 
13 3 7 39 126 191 239 327 336 346 347 385 415 458 
3 220 379 491 
11 45 46 113 160 231 311 326 382 407 475 485 
12 113 122 129 131 155 212 227 321 331 415 473 492 
9 77 116 285 296 336 357 360 361 434 
10 67 84 140 159 207 215 254 262 317 365 
7 50 115 155 221 252 282 329 
10 31 39 101 140 175 245 334 396 430 435 
5 28 95 182 199 262 
9 28 85 104 156 229 259 306 466 475 
12 94 139 165 173 193 276 304 316 420 421 432 472 
14 0 21 30 152 186 203 267 367 390 427 456 459 472 496 
19 54 59 81 96 130 154 156 211 232 238 309 370 372 374 380 392 415 455 477 
5 112 273 337 408 491 
6 229 241 257 289 296 444 
6 137 309 398 399 455 480 
13 50 62 75 79 230 279 319 321 327 359 416 424 434 
6 32 91 330 343 431 483 
14 41 63 79 227 283 327 347 409 414 432 474 477 481 486 
6 94 161 180 245 303 401 
9 57 82 138 202 225 237 283 345 434 
10 43 118 127 153 311 322 328 379 397 469 
8 1 166 233 237 248 259 396 453 
8 54 120 210 269 368 422 430 477 
15 11 95 107 109 130 151 171 174 190 197 219 259 287 289 398 
5 169 193 266 340 465 
12 17 67 83 127 149 151 165 268 330 479 480 486 
8 31 92 114 163 233 254 339 491 
10 43 64 136 206 346 347 352 390 454 455 
9 125 148 182 281 385 412 443 447 497 
8 55 66 100 237 241 369 462 492 
12 74 76 90 104 213 226 276 287 322 346 446 453 
11 76 92 108 216 244 298 320 400 401 491 499 
12 13 33 62 132 158 159 192 247 286 456 462 467 
13 40 61 67 101 125 222 276 302 320 332 344 378 393 
9 40 82 101 222 265 301 313 365 470 
10 50 122 165 173 231 277 332 355 459 470 
10 26 79 83 124 168 180 194 337 376 462 
10 44 87 101 142 164 213 273 278 368 499 
8 124 137 269 285 361 425 433 461 
9 27 45 125 142 297 360 364 394 401 
7 61 62 84 233 255 352 446 
16 2 4 103 160 178 186 235 266 273 325 378 389 415 462 470 498 
14 20 53 72 88 99 117 227 264 281 306 337 347 390 402 
12 86 151 161 175 183 227 320 332 340 344 425 436 
8 8 115 274 297 309 343 404 407 
14 30 37 63 73 192 204 231 233 238 286 353 377 389 408 
10 53 62 268 308 337 386 445 457 471 476 
11 24 67 93 120 149 213 235 258 295 447 474 
6 50 63 107 251 332 361 
11 117 134 190 196 203 219 223 234 294 299 393 
9 3 132 215 227 231 234 349 351 407 
10 129 162 179 212 218 228 306 334 372 455 
11 9 36 37 74 182 200 283 384 406 439 473 
11 75 78 95 117 183 199 325 364 373 423 486 
10 40 144 202 270 283 380 401 415 476 482 
500 2537
10 19 36 91 115 247 272 315 323 457 488 
9 33 43 182 216 287 295 298 369 468 
10 55 168 181 268 277 308 315 369 427 497 
5 123 179 255 427 484 
15 7 14 44 88 145 152 219 228 269 290 331 332 337 375 442 
7 32 173 197 234 318 354 459 
8 66 92 120 145 250 337 354 447 
10 4 35 64 131 168 191 195 358 455 493 
13 27 75 200 237 261 365 367 413 420 457 467 487 490 
7 17 106 203 291 346 404 492 
9 63 88 149 203 215 237 328 378 427 
11 38 162 204 263 385 410 416 423 443 445 499 
17 16 64 65 82 112 122 175 199 247 256 280 288 313 445 453 472 481 
9 53 108 123 286 313 388 412 442 446 
11 4 48 96 204 243 270 338 410 426 442 449 
10 22 84 94 152 257 294 314 322 327 444 
11 12 57 156 183 241 284 356 405 419 433 481 
10 9 48 94 105 208 258 355 377 379 420 
14 51 60 123 136 152 177 203 229 257 292 313 366 421 496 
11 0 29 59 289 291 315 387 409 417 419 471 
13 23 40 54 126 169 266 270 358 404 430 431 467 468 
9 34 63 107 133 319 401 422 452 478 
9 15 46 149 211 428 438 458 467 470 
6 20 46 110 143 280 374 
7 70 102 217 262 282 377 437 
3 85 434 478 
7 60 210 295 321 344 410 496 
10 8 38 111 187 350 381 384 403 422 471 
7 202 352 383 391 412 447 483 
12 19 76 101 103 177 211 246 262 288 360 385 406 
10 51 110 112 186 247 351 379 408 461 495 
9 116 151 230 318 360 390 398 443 494 
14 5 75 134 222 254 259 300 329 349 433 468 472 474 491 
15 1 69 77 83 84 117 125 156 268 385 394 457 460 495 497 
12 21 41 73 163 192 246 288 301 384 459 460 469 
11 7 42 73 187 211 225 285 409 412 424 477 
16 0 72 73 204 233 243 265 272 343 368 389 391 397 398 411 486 
9 45 56 145 155 226 290 367 369 469 
9 11 27 142 170 258 261 403 458 475 
12 88 160 205 211 233 243 262 324 367 377 405 473 
10 20 76 187 201 272 316 337 348 379 441 
9 34 71 74 80 117 131 261 323 387 
11 35 46 79 176 199 241 265 293 327 439 495 
9 1 83 110 131 154 196 262 291 459 
10 4 56 115 118 167 201 238 261 359 415 
12 37 67 118 149 175 250 287 306 380 385 408 476 
10 22 23 42 75 83 84 205 287 327 461 
9 88 158 213 255 264 299 389 431 443 
8 14 17 77 102 129 141 270 282 
11 60 65 93 95 120 175 226 238 362 445 493 
13 94 127 152 161 191 224 250 256 307 349 433 452 474 
8 18 30 220 300 422 434 449 493 
11 78 156 193 293 295 298 300 354 361 423 434 
8 13 70 84 88 132 162 202 442 
9 20 77 90 94 164 175 278 347 374 
8 2 59 143 238 373 387 456 497 
11 37 44 77 140 158 167 193 278 356 453 481 
9 16 146 203 263 284 342 463 479 486 
9 137 206 248 288 381 407 421 493 495 
9 19 55 113 285 310 322 350 436 489 
12 18 26 49 66 108 111 191 245 303 309 361 456 
3 195 265 413 
12 72 96 133 134 140 198 216 276 309 371 388 482 
13 10 21 82 113 167 170 195 210 237 261 276 356 439 
8 7 12 155 204 360 468 470 481 
13 12 49 71 127 171 192 203 260 285 400 407 461 473 
12 6 60 67 154 186 205 238 275 293 358 454 483 
6 45 66 173 204 242 464 
11 85 123 143 200 232 262 346 385 416 422 455 
9 33 116 210 308 334 365 367 405 494 
13 24 53 133 141 162 187 191 286 295 355 386 433 494 
12 41 65 78 87 146 162 190 237 267 304 472 484 
9 36 62 199 223 230 279 465 477 486 
14 34 35 36 81 104 123 126 152 160 261 356 420 426 485 
10 41 108 131 172 200 223 226 251 393 480 
15 8 32 46 78 80 97 119 129 158 164 282 326 369 435 488 
10 29 40 96 157 222 258 288 301 347 465 
13 33 48 54 56 187 192 261 349 384 403 404 463 469 
12 52 71 75 104 206 216 258 291 323 395 438 449 
14 42 127 140 157 161 246 304 306 341 383 397 459 466 485 
5 41 75 167 252 296 
10 73 88 322 386 390 418 445 470 473 488 
14 12 63 127 139 145 242 268 387 389 403 414 443 479 483 
12 33 43 46 128 151 245 264 343 345 368 415 439 
11 15 33 46 53 109 150 276 308 363 418 452 
11 25 68 121 199 232 312 348 394 458 466 480 
13 106 108 151 225 271 284 401 413 420 427 444 445 471 
9 71 89 90 107 186 351 358 450 453 
14 4 10 39 47 53 81 106 221 223 284 297 316 371 442 
9 87 179 182 199 257 287 366 380 446 
14 54 87 137 145 208 221 240 266 349 422 432 464 477 491 
13 0 134 170 178 193 220 278 312 345 377 385 386 491 
7 6 405 429 466 468 486 494 
9 49 150 209 213 236 248 280 314 450 
14 15 17 50 54 128 161 205 227 326 333 366 367 401 461 
8 49 123 139 154 167 195 326 402 
12 14 62 76 99 113 144 191 283 284 312 370 433 
5 75 216 340 353 403 
12 201 221 266 267 326 346 365 372 437 438 474 489 
12 96 124 130 167 179 240 290 313 329 367 369 382 
8 115 128 145 197 271 368 420 426 
10 29 127 250 257 293 397 401 450 455 464 
10 24 48 110 176 225 254 299 308 345 482 
17 29 105 110 116 131 180 216 335 374 406 410 416 426 430 439 440 496 
8 73 78 178 205 207 228 281 297 
6 17 103 221 254 289 447 
9 9 86 88 108 173 178 278 292 466 
6 21 87 272 327 330 415 
14 13 60 74 86 106 178 184 234 291 301 398 418 419 499 
11 84 140 159 184 212 300 320 397 422 434 460 
15 23 30 43 102 103 115 121 135 182 245 304 383 406 462 490 
10 27 60 171 232 308 318 367 374 411 490 
7 12 30 162 270 340 404 433 
13 59 63 96 126 175 182 204 219 221 224 409 447 472 
5 141 145 429 446 496 
10 0 44 100 110 208 358 377 380 390 394 
7 31 69 103 172 177 186 384 
8 33 41 120 165 203 262 384 460 
10 44 45 136 267 273 327 363 410 491 494 
5 75 279 308 345 370 
8 6 49 117 251 381 401 458 477 
5 85 110 184 345 401 
5 12 208 301 421 442 
11 3 13 18 68 73 95 268 275 284 463 472 
12 99 156 206 222 242 294 337 358 369 413 435 457 
9 33 132 134 145 192 213 214 216 441 
7 20 73 113 205 314 389 396 
23 50 65 79 82 101 130 161 166 170 206 220 224 304 324 377 379 402 412 432 437 443 452 488 
10 83 94 100 145 172 173 302 405 437 438 
6 48 75 239 273 331 479 
11 99 127 189 249 275 290 298 346 353 363 473 
14 7 41 43 74 103 173 217 258 279 285 305 342 416 488 
12 53 125 171 228 260 354 381 457 460 466 491 493 
9 21 62 70 180 269 365 396 430 476 
19 32 62 91 125 143 174 195 237 287 334 338 386 391 399 409 437 438 447 473 
8 110 266 305 320 366 367 423 499 
11 18 118 257 260 295 313 339 363 372 435 445 
13 58 90 155 196 228 235 237 283 293 406 426 465 467 
11 181 210 229 233 248 268 324 348 415 440 465 
5 82 95 141 151 289 
12 56 62 79 109 144 151 191 245 275 416 457 469 
13 48 70 114 139 175 186 204 245 297 348 366 376 488 
12 38 143 169 189 195 234 256 274 300 338 374 386 
14 23 55 68 134 142 254 324 340 352 364 369 405 468 493 
10 96 140 153 225 237 243 328 352 380 448 
20 4 6 37 82 90 100 114 125 128 149 176 295 306 376 402 423 439 441 487 489 
8 57 71 247 285 322 382 411 417 
13 174 202 206 254 259 282 304 319 416 445 448 485 492 
10 186 188 198 238 265 301 333 399 411 459 
11 10 22 45 145 192 209 241 247 248 455 483 
6 84 93 195 223 406 470 
11 31 83 86 139 140 169 192 198 213 340 403 
16 4 15 18 50 73 167 191 207 274 285 317 319 341 400 434 493 
6 144 209 258 277 327 456 
10 43 66 95 164 174 186 315 327 351 394 
7 37 64 137 204 217 288 315 
6 16 33 52 124 253 342 
13 76 79 241 258 266 280 299 349 413 422 424 430 446 
8 47 56 75 188 198 312 335 463 
9 109 164 223 231 240 282 317 386 448 
13 39 73 217 221 222 244 252 317 349 361 443 470 489 
8 50 79 94 127 176 391 408 482 
9 11 53 70 71 112 234 243 348 470 
7 34 225 340 410 411 427 483 
13 54 75 154 159 213 221 283 348 366 383 430 434 456 
9 117 186 323 330 337 340 343 385 438 
4 127 378 389 434 
14 44 56 63 80 95 99 152 233 239 248 295 390 425 495 
11 2 7 188 189 192 201 203 270 347 418 495 
13 20 142 151 176 211 218 284 294 319 399 443 446 475 
12 38 63 91 127 226 250 278 292 325 387 404 436 
10 65 111 132 176 179 297 307 317 391 480 
7 74 116 128 262 307 362 492 
13 5 67 106 128 131 175 196 266 340 399 461 478 496 
9 134 147 154 237 315 382 429 461 481 
15 12 45 49 54 113 141 173 176 282 294 379 384 400 473 490 
15 42 102 145 161 169 171 175 186 193 195 239 274 299 332 481 
8 18 29 116 410 434 444 462 494 
11 91 104 106 108 233 268 291 318 337 408 446 
8 3 89 99 171 380 401 438 452 
13 103 133 201 222 246 276 334 365 369 395 446 455 498 
5 2 138 282 483 490 
9 1 89 110 113 227 349 412 482 498 
11 16 187 245 253 254 299 333 369 451 478 479 
6 108 109 121 202 208 253 
7 229 255 349 350 371 450 461 
13 30 66 87 116 141 148 154 165 176 441 468 490 493 
10 27 35 40 70 77 183 252 254 411 425 
10 148 158 168 235 262 295 313 355 373 491 
9 130 142 168 277 390 450 457 498 499 
10 71 235 276 316 379 381 385 392 426 430 
15 7 50 60 70 96 140 152 235 247 279 349 412 416 467 493 
19 34 65 77 125 149 151 168 209 215 230 240 327 332 341 363 394 411 445 474 
12 52 56 91 176 302 307 323 338 364 377 405 446 
8 223 238 312 321 345 385 432 465 
17 7 61 63 95 134 142 150 176 197 205 215 234 279 410 461 472 488 
10 43 137 173 205 217 230 353 364 408 469 
10 5 100 195 231 313 361 376 391 471 484 
10 62 148 151 158 212 235 318 382 419 485 
11 12 42 72 85 89 275 312 364 374 380 457 
13 8 68 74 203 207 222 327 338 354 371 410 421 436 
10 40 44 98 168 180 349 377 397 436 499 
10 28 53 147 184 318 353 438 442 460 471 
12 9 10 18 57 65 117 168 200 259 307 388 398 
14 11 14 36 64 67 113 141 155 242 250 279 394 404 490 
16 39 46 66 94 104 126 195 196 289 305 319 359 392 396 481 494 
9 58 78 124 127 147 250 314 406 433 
10 104 152 200 236 320 374 383 385 390 440 
10 17 90 115 122 184 348 405 453 462 491 
11 93 149 153 192 224 247 318 364 423 428 447 
11 26 63 69 138 248 307 373 376 384 411 496 
9 22 29 35 39 169 314 337 427 466 
5 109 198 323 353 485 
11 47 93 125 151 164 248 265 384 395 435 442 
5 125 285 287 332 415 
12 10 192 195 217 242 273 289 331 375 379 397 434 
17 1 62 78 97 103 125 231 258 269 292 453 455 470 486 488 495 498 
11 24 131 155 160 196 215 253 255 322 432 490 
4 169 276 378 398 
5 4 113 236 304 377 
8 51 91 127 312 334 343 423 459 
9 88 90 98 105 113 160 164 417 462 
12 32 76 124 160 180 200 246 272 374 397 406 455 
11 72 74 88 150 159 194 240 255 260 396 456 
9 50 113 127 209 257 264 268 269 295 
14 35 86 102 144 163 233 234 243 250 314 351 363 461 481 
11 37 49 74 170 280 301 312 352 357 471 483 
5 94 182 267 274 321 
12 4 104 132 137 230 248 269 285 406 412 448 485 
9 18 138 185 279 317 415 456 460 478 
9 31 72 192 196 228 253 342 393 439 
9 159 197 216 246 263 271 383 421 490 
5 68 85 111 371 389 
16 36 39 138 167 178 225 235 265 283 386 392 396 411 438 450 481 
10 5 108 142 162 195 225 373 398 449 459 
10 137 188 190 191 198 233 280 287 293 431 
7 93 207 219 267 314 363 421 
15 8 10 63 71 134 137 144 174 264 354 370 373 378 450 496 
13 44 49 55 66 148 194 305 314 374 389 447 475 481 
8 129 167 176 328 430 443 446 465 
7 90 99 159 192 223 338 435 
6 16 42 149 157 471 486 
8 67 82 124 204 215 355 424 459 
12 14 36 39 144 162 225 309 318 408 428 495 499 
6 160 269 285 303 379 447 
11 60 83 110 140 141 183 365 393 401 406 454 
13 29 34 79 180 222 231 287 290 334 351 420 444 487 
12 0 12 30 146 149 191 209 329 372 441 485 487 
12 58 93 138 149 167 210 213 228 323 416 424 448 
11 130 263 265 329 336 347 348 387 417 444 459 
16 6 45 50 101 170 204 206 225 261 299 302 363 393 406 490 497 
6 74 120 280 423 455 462 
8 80 160 187 279 337 376 439 481 
9 156 183 184 217 230 260 289 407 480 
14 32 102 105 143 147 183 187 290 308 373 390 442 468 473 
8 3 47 185 217 223 437 466 474 
10 12 50 142 293 338 379 420 444 484 499 
13 15 18 89 101 136 224 327 351 371 407 463 464 469 
13 17 38 76 78 131 153 157 216 271 283 339 404 469 
6 32 147 203 334 369 469 
9 65 132 136 223 253 299 308 449 487 
17 8 38 41 44 63 73 77 250 341 343 375 399 406 426 439 446 449 
13 24 29 39 43 68 117 172 188 337 457 468 482 499 
11 11 57 231 249 285 327 346 407 418 463 479 
7 47 83 224 237 298 347 415 
11 36 42 61 148 213 233 249 292 345 368 433 
12 20 90 98 135 157 173 290 358 379 412 424 425 
10 71 98 118 227 236 283 318 345 396 450 
12 2 33 82 123 138 178 224 273 300 411 448 494 
12 4 133 216 224 228 244 289 322 387 440 469 493 
9 14 20 48 112 168 291 422 434 441 
8 86 100 231 258 302 349 418 482 
9 0 36 40 107 222 310 429 474 484 
10 118 129 215 268 316 330 336 372 437 439 
13 142 152 176 227 287 294 330 356 393 395 405 411 465 
9 66 123 130 140 199 354 384 393 442 
11 62 63 84 180 190 218 331 358 448 476 488 
6 2 153 189 376 446 455 
10 54 56 91 106 170 302 421 456 476 491 
10 72 119 131 191 195 204 229 252 431 443 
12 12 23 93 157 226 235 251 318 346 398 408 420 
6 104 312 409 413 432 446 
9 24 48 75 147 159 175 181 404 442 
8 96 137 164 233 258 267 359 381 
12 16 57 86 88 96 123 169 339 447 453 481 499 
14 35 59 65 131 146 152 214 228 244 263 347 363 373 402 
6 13 70 304 422 445 491 
12 1 45 46 89 134 214 235 246 274 337 476 493 
9 12 29 34 58 76 155 315 360 476 
14 19 105 139 205 215 253 269 314 339 362 380 438 442 490 
10 4 37 99 130 246 254 266 385 407 425 
11 9 19 43 78 108 178 270 296 385 441 442 
12 18 106 170 216 265 308 346 396 412 415 484 486 
12 42 52 66 101 137 235 256 320 358 371 376 498 
11 15 124 169 175 274 318 334 374 384 396 401 
10 1 26 52 70 136 145 167 188 224 387 
7 80 291 318 349 392 449 480 
6 88 104 141 171 308 391 
8 1 52 130 264 360 398 417 473 
16 47 102 157 176 183 250 260 334 335 355 392 443 487 490 493 495 
9 32 51 52 109 142 268 321 340 424 
8 34 76 108 122 148 226 418 445 
6 128 193 250 271 278 495 
8 60 244 313 340 344 376 408 471 
9 71 79 110 127 147 219 286 380 447 
8 131 135 205 238 306 334 374 390 
6 45 79 145 305 310 473 
7 50 171 172 193 203 210 400 
11 2 69 84 102 111 119 254 260 292 297 428 
7 60 62 243 341 342 389 478 
5 59 272 306 366 478 
1 365 
12 85 91 96 158 194 199 220 226 281 399 456 484 
9 12 13 18 99 136 188 197 303 461 
12 15 93 126 206 211 225 236 238 289 377 380 399 
11 0 2 19 154 155 174 288 327 396 418 489 
8 40 88 190 273 397 407 465 469 
7 152 159 160 171 229 440 499 
18 5 31 111 178 198 202 209 243 267 280 294 296 344 374 413 433 437 494 
9 21 147 152 169 205 397 470 478 489 
4 109 135 207 293 
7 26 194 227 300 353 362 401 
9 15 59 81 146 217 269 337 383 448 
9 0 41 78 165 193 212 248 429 442 
7 39 127 138 143 327 354 497 
4 170 331 378 439 
7 75 94 95 98 393 491 496 
14 15 42 46 107 118 153 154 192 200 257 263 315 324 398 
5 10 144 239 396 473 
11 32 99 247 249 350 351 352 369 432 437 473 
7 107 165 273 274 369 444 453 
10 4 129 215 276 325 345 351 372 390 433 
6 4 176 192 214 421 427 
7 94 148 183 349 357 447 480 
11 69 134 180 220 246 259 294 299 305 391 477 
8 103 158 299 382 390 414 415 480 
5 249 273 438 448 470 
12 4 6 40 124 165 178 211 252 262 287 322 379 
14 14 134 142 193 200 240 256 345 365 380 387 424 440 451 
9 136 258 284 289 354 384 433 481 489 
13 97 112 143 151 163 165 173 300 303 362 408 424 487 
7 79 152 192 261 309 447 498 
6 57 131 156 230 309 379 
7 36 83 165 220 261 387 407 
4 26 303 318 469 
14 83 91 102 119 121 194 265 267 331 338 392 436 471 489 
11 9 68 98 130 263 280 292 373 400 404 407 
10 54 76 168 249 264 285 364 384 414 429 
13 40 85 138 141 162 164 208 249 403 425 433 466 488 
15 32 50 77 90 157 160 182 185 191 201 271 296 333 369 370 
6 27 59 185 329 401 487 
10 30 87 154 225 246 257 329 331 392 424 
5 28 143 144 226 329 
6 97 130 196 202 212 321 
12 5 6 52 132 200 237 275 324 339 404 430 480 
8 17 70 188 242 299 408 466 493 
7 16 56 63 73 274 414 436 
8 226 333 366 372 411 423 449 473 
12 7 20 66 87 115 124 266 276 293 368 435 474 
9 44 205 283 397 416 419 426 440 464 
10 29 31 64 288 298 364 383 401 430 492 
8 52 60 160 197 404 406 456 487 
7 49 172 289 321 340 472 485 
12 84 118 130 136 192 225 236 250 285 378 413 496 
8 143 193 196 199 209 347 360 401 
9 8 69 98 133 180 245 311 338 476 
12 18 89 94 135 141 164 310 357 426 453 454 478 
10 8 37 39 69 94 99 111 135 434 475 
9 36 83 100 265 358 377 394 401 411 
14 1 2 37 75 99 124 143 180 183 259 329 330 349 499 
6 96 119 237 349 388 485 
8 62 88 185 200 232 257 293 444 
8 98 136 247 273 331 357 405 496 
10 55 188 210 234 237 254 285 346 455 496 
14 23 54 103 111 142 199 207 222 238 294 305 318 393 495 
5 4 215 261 412 454 
13 141 145 197 210 252 277 293 303 403 449 476 480 489 
14 17 24 39 91 115 127 193 201 219 314 368 400 476 498 
10 10 166 218 237 325 363 380 422 450 486 
17 17 30 40 127 175 190 215 244 256 266 337 342 380 383 385 443 494 
14 45 89 115 144 179 199 289 304 314 338 378 379 416 482 
8 27 58 120 132 190 283 400 457 
5 99 146 174 198 335 
12 28 79 110 164 207 231 322 360 379 384 388 418 
14 27 34 77 116 117 175 210 213 275 294 339 347 383 498 
13 11 29 33 45 68 91 165 190 194 207 290 291 379 
10 70 81 91 134 142 159 233 435 484 496 
14 19 41 55 82 170 249 269 295 338 343 418 432 435 455 
10 13 62 203 370 383 400 437 455 464 465 
10 36 47 82 126 166 232 238 309 403 475 
12 31 81 115 167 189 207 254 305 331 335 409 445 
9 28 36 134 161 171 197 297 334 463 
8 190 205 233 296 299 345 351 425 
12 74 230 245 250 274 275 326 374 412 444 467 493 
9 33 85 115 154 192 204 368 399 480 
6 78 180 213 274 412 464 
12 126 133 205 223 233 267 292 294 315 328 409 481 
10 36 79 101 109 201 215 222 316 319 359 
13 31 36 108 203 218 234 280 298 327 453 460 462 473 
9 134 148 169 173 261 312 314 394 493 
9 65 152 175 307 346 377 381 388 464 
17 21 86 94 101 120 121 179 245 294 321 350 360 364 368 414 425 489 
8 95 127 145 285 438 451 462 478 
10 27 38 77 82 97 151 348 376 389 486 
12 9 20 77 112 170 204 258 282 346 354 361 433 
11 16 39 69 92 128 143 193 208 274 372 496 
12 29 103 110 137 150 206 222 228 245 250 261 361 
9 58 65 253 257 263 290 316 343 346 
11 30 45 161 178 196 243 280 303 340 355 459 
9 19 35 113 134 281 390 396 425 470 
13 11 14 26 103 118 163 177 195 200 453 456 474 495 
15 36 111 146 148 163 187 192 210 233 268 274 357 368 422 485 
14 13 28 35 127 182 191 228 266 292 375 393 395 414 443 
9 8 61 86 124 157 281 318 363 488 
7 82 335 347 356 401 412 482 
9 44 83 107 138 214 229 264 292 335 
14 11 68 103 131 140 147 191 248 359 380 417 436 462 479 
7 19 146 221 249 298 416 472 
11 81 84 108 168 263 271 301 315 383 387 497 
5 16 19 108 198 359 
9 8 17 73 86 100 246 256 280 483 
8 18 58 122 200 231 236 278 332 
11 21 27 51 68 90 109 157 270 286 378 411 
10 11 52 135 145 209 220 251 357 424 490 
11 35 157 242 248 266 300 338 340 351 423 484 
9 167 187 266 290 348 392 401 409 483 
10 14 73 100 103 137 190 261 359 366 493 
8 2 3 10 86 163 211 332 487 
5 22 209 243 308 458 
7 92 114 174 272 323 347 484 
10 20 103 133 157 164 190 239 354 360 455 
5 20 47 235 279 485 
8 90 127 194 217 281 329 387 435 
13 16 32 50 70 96 112 206 265 318 331 339 348 404 
11 25 51 52 109 152 164 166 177 215 270 367 
9 75 124 136 213 240 358 386 387 432 
8 59 170 200 201 345 356 416 441 
10 24 98 127 128 134 255 273 318 329 388 
14 22 78 98 128 134 165 179 202 233 289 336 402 445 447 
12 42 63 83 103 145 230 252 261 273 325 470 486 
13 103 138 207 269 317 338 359 444 448 459 470 479 493 
9 40 125 145 186 247 270 291 436 492 
15 4 13 14 53 88 122 202 213 254 275 282 289 291 323 460 
14 11 31 47 82 127 160 169 239 279 299 379 412 451 477 
12 15 86 177 246 249 256 330 371 393 440 459 495 
15 11 12 49 81 86 136 147 192 286 301 390 438 470 487 489 
14 13 89 114 157 169 178 180 193 239 261 277 281 483 499 
16 6 28 105 113 134 209 238 244 284 304 333 341 438 480 495 496 
12 144 147 159 228 248 268 276 322 336 440 469 495 
11 14 51 78 234 260 261 296 357 376 479 485 
10 87 93 101 185 189 233 237 267 378 486 
6 183 338 402 443 458 476 
7 21 50 84 127 179 457 471 
10 12 56 87 208 216 284 330 366 398 410 
6 66 245 366 375 467 472 
15 7 68 101 149 180 216 222 251 277 373 387 388 430 488 499 
11 55 60 153 164 223 229 278 312 361 410 493 
11 0 8 33 124 132 140 189 199 262 381 452 
8 22 38 85 120 428 451 472 483 
12 5 34 43 79 148 220 234 242 249 408 440 444 
11 33 34 109 117 132 202 229 398 442 471 488 
11 30 46 65 94 173 174 185 195 225 313 491 
8 110 177 208 221 251 398 402 416 
7 57 77 123 158 257 263 391 
8 67 90 101 257 359 388 395 400 
9 72 76 137 138 194 239 274 316 388 
10 79 85 92 106 132 211 255 348 355 485 
7 8 20 22 137 191 393 454 
9 1 20 32 64 92 143 186 254 262 
12 34 37 77 140 196 257 258 259 269 316 344 448 
14 22 64 81 150 160 162 216 319 336 409 439 440 445 471 
12 19 27 86 197 202 226 241 303 345 452 460 470 
10 12 32 71 113 123 195 362 417 454 458 
13 39 65 81 130 134 175 254 298 306 328 329 357 398 
9 32 50 98 192 255 272 358 410 496 
5 38 169 238 367 389 
10 45 133 276 278 287 288 365 376 377 451 
6 35 72 90 120 334 443 
10 21 25 173 183 229 309 310 319 366 402 
8 57 82 129 183 263 416 440 449 
11 74 85 171 253 296 333 335 354 376 394 447 
14 12 16 56 64 174 176 205 225 233 238 252 284 339 396 
8 62 102 161 182 262 271 380 414 
12 28 66 82 149 163 181 226 420 425 446 458 491 
10 3 71 197 256 272 292 312 386 424 429 
13 73 79 147 198 212 228 247 362 370 411 431 449 466 
11 36 57 72 92 216 241 292 378 403 439 450 
11 8 145 246 247 260 299 340 350 361 427 445 
13 0 75 81 127 131 141 195 216 276 348 413 455 460 
11 59 98 145 160 315 319 339 345 376 401 445 
13 8 110 111 175 181 186 204 217 231 250 289 299 423 
12 32 90 91 118 132 188 208 278 286 326 461 483 
5 9 147 172 360 441 
18 7 49 51 58 132 143 152 186 191 269 287 299 355 393 399 426 440 456 
10 31 69 70 92 118 177 205 268 318 379 
15 30 33 42 58 167 168 216 243 299 302 374 410 444 447 448 
15 18 26 103 114 173 210 237 326 363 372 373 386 405 447 474 
6 2 33 55 250 324 418 
8 180 182 189 216 293 341 377 384 
13 11 108 135 189 201 243 256 262 284 317 369 446 455 
