80 399
9 2 4 7 22 23 29 31 47 51 
8 21 41 50 56 57 73 76 79 
10 0 7 10 15 16 22 26 31 55 78 
12 9 10 17 18 22 23 36 43 44 55 56 73 
14 0 14 19 22 31 35 37 43 54 56 58 70 75 77 
18 9 11 27 29 34 35 36 48 50 52 54 55 58 59 62 72 76 77 
9 29 38 47 48 61 69 75 78 79 
10 0 2 9 19 26 30 42 48 63 76 
10 14 29 31 41 43 44 56 62 74 78 
17 3 5 7 11 17 20 21 25 39 42 45 53 56 59 66 72 75 
9 2 3 33 35 54 61 64 71 73 
10 5 9 12 16 26 27 34 57 74 77 
11 11 15 16 18 21 22 39 54 55 67 73 
8 15 26 33 36 47 48 58 71 
9 4 8 19 21 27 47 48 60 71 
10 2 12 13 16 30 33 37 60 62 67 
17 2 11 12 15 21 34 38 40 42 46 49 52 54 61 66 69 76 
12 3 9 42 43 45 47 56 57 70 71 72 73 
11 3 12 23 28 36 45 50 62 68 69 70 
11 4 7 14 22 27 37 40 42 45 47 54 
5 9 21 28 36 42 
12 1 9 12 14 16 20 27 28 34 63 67 75 
11 0 2 3 4 12 19 28 36 41 67 69 
16 0 3 18 24 25 26 29 54 57 60 63 65 67 71 74 77 
7 23 29 36 42 50 53 64 
9 9 23 41 50 56 57 59 75 79 
13 2 7 11 13 23 27 55 56 58 63 65 67 74 
11 5 11 14 19 21 26 35 47 58 67 74 
8 18 20 21 22 35 37 61 71 
10 0 5 6 8 23 24 35 49 52 65 
7 7 15 32 35 53 70 71 
11 0 2 4 8 39 44 45 51 53 77 79 
4 30 47 60 63 
6 10 13 15 37 56 63 
11 5 11 16 21 48 56 58 64 71 73 79 
11 4 5 10 27 28 29 30 38 49 54 62 
12 3 5 13 18 20 22 24 48 53 68 72 78 
10 4 15 19 28 33 38 41 46 56 75 
8 6 16 35 37 39 52 56 64 
6 9 12 31 38 54 65 
5 16 19 52 70 79 
7 1 8 22 25 37 43 46 
11 7 9 16 17 19 20 24 48 71 76 79 
13 3 4 8 17 41 51 55 61 62 63 72 77 78 
5 3 8 31 53 72 
7 9 17 18 19 31 56 61 
8 16 37 41 55 63 70 72 79 
10 0 6 13 14 17 19 27 32 65 74 
14 5 6 7 13 14 34 36 42 50 57 61 62 72 73 
8 16 29 35 52 57 61 63 65 
9 1 5 18 24 25 48 53 55 70 
8 0 31 43 52 54 59 71 76 
10 5 16 29 38 40 49 51 54 62 68 
10 9 24 30 31 36 44 50 55 60 63 
13 4 5 10 12 16 19 23 35 39 51 52 73 77 
11 2 3 5 12 26 43 46 50 53 67 73 
15 1 3 4 8 9 17 25 26 33 34 37 38 45 66 71 
12 1 11 17 23 25 48 49 65 70 72 74 75 
8 4 5 13 26 27 34 68 71 
7 5 9 25 51 61 66 68 
8 14 15 23 32 53 68 69 78 
12 6 10 16 28 43 45 48 49 59 64 68 70 
10 5 8 15 18 35 43 48 52 63 74 
12 7 21 23 26 32 33 43 46 49 53 62 65 
7 10 24 34 38 61 67 79 
9 23 26 29 39 47 49 57 63 79 
6 9 16 56 59 69 72 
10 12 15 21 22 23 26 27 55 64 73 
9 18 36 52 58 59 60 61 71 74 
7 6 16 18 22 60 66 73 
12 4 17 18 30 40 46 50 57 61 72 73 76 
14 10 13 14 17 23 28 30 34 42 51 56 58 68 77 
13 5 9 17 36 43 44 46 48 57 66 70 73 74 
14 1 3 10 12 17 34 48 54 55 67 69 70 72 77 
10 8 11 23 26 27 47 57 62 68 72 
8 4 6 9 21 25 37 57 78 
7 1 5 7 16 42 51 70 
9 4 5 11 23 31 43 54 71 73 
7 2 6 8 36 43 60 75 
10 1 6 25 31 34 40 42 46 64 65 
80 399
8 18 19 42 44 52 54 59 62 
10 4 21 24 26 42 45 61 69 74 79 
7 3 20 40 50 67 71 78 
8 2 19 24 37 56 59 60 69 
5 1 38 39 43 79 
8 7 8 22 25 29 32 44 59 
12 15 19 20 32 39 43 45 52 56 64 69 71 
11 5 12 15 20 37 39 47 49 53 61 63 
11 5 12 18 23 24 30 35 39 49 53 72 
8 12 21 38 42 47 51 58 63 
11 14 23 35 37 38 39 45 53 56 77 78 
8 14 32 33 49 51 57 64 73 
7 7 8 9 50 56 62 65 
11 14 21 26 27 29 30 33 35 59 64 78 
13 10 11 13 23 26 27 31 33 35 40 48 63 69 
7 6 7 22 30 52 69 79 
7 20 29 32 38 40 51 58 
9 22 23 29 32 36 39 46 56 73 
14 0 8 20 21 29 30 33 36 44 45 69 72 76 79 
12 0 3 6 20 26 27 43 48 54 55 57 63 
12 2 6 7 16 18 19 22 28 37 43 56 77 
9 1 9 13 18 30 32 57 59 64 
12 5 15 17 20 34 45 46 47 50 55 57 62 
10 8 10 14 17 40 42 50 51 72 79 
7 1 3 8 44 45 54 77 
5 5 49 52 59 71 
10 1 13 14 19 27 43 47 61 63 64 
10 13 14 19 26 50 52 53 66 76 78 
5 20 30 50 60 70 
11 5 13 16 17 18 36 41 55 61 74 78 
11 8 13 15 18 21 28 36 40 44 64 71 
12 14 38 40 45 48 55 58 59 61 63 73 77 
14 5 6 11 16 17 21 33 47 63 66 67 69 71 76 
8 11 13 14 18 32 47 66 78 
7 22 47 52 54 65 67 78 
10 8 10 13 14 46 51 53 56 59 63 
13 17 18 29 30 50 53 56 63 67 70 75 76 78 
9 3 7 10 20 38 54 57 68 78 
10 4 9 10 16 31 37 49 52 68 79 
12 4 6 7 8 10 17 45 49 52 56 63 69 
10 2 14 16 23 30 31 52 57 71 72 
8 29 44 46 50 62 69 70 75 
7 0 1 9 23 45 49 62 
13 4 6 19 20 26 45 49 52 56 57 65 77 78 
10 0 5 18 24 30 41 51 69 73 77 
13 1 6 10 18 22 24 31 39 42 43 61 67 76 
7 17 22 35 41 60 66 68 
9 7 9 22 26 32 33 34 49 70 
9 14 19 31 55 60 63 64 74 75 
12 7 8 11 25 38 39 42 43 47 57 68 78 
17 2 12 22 23 27 28 36 41 51 53 55 59 65 66 70 71 77 
10 9 11 16 23 35 44 50 53 61 73 
17 0 6 15 25 27 34 38 39 40 43 54 59 65 69 71 75 78 
11 7 8 10 27 35 36 50 51 56 59 75 
9 0 19 24 34 37 52 60 63 69 
8 19 22 29 31 48 50 70 74 
14 3 6 10 12 17 20 35 36 39 43 53 57 66 76 
14 11 19 21 22 37 40 43 49 56 61 62 66 71 78 
4 9 16 31 64 
12 0 3 5 13 21 25 31 35 50 52 53 66 
10 3 28 46 48 54 62 66 71 77 79 
10 1 7 26 29 31 45 51 57 70 78 
9 0 12 22 41 42 57 60 64 74 
16 7 9 14 19 26 31 32 35 36 39 48 54 68 72 74 76 
10 6 11 13 21 26 30 48 58 62 72 
6 12 34 43 50 52 69 
11 27 32 33 46 50 56 57 59 60 69 78 
8 2 32 34 36 45 70 72 79 
7 37 38 46 49 63 71 74 
15 1 3 6 14 15 18 32 39 41 44 52 54 65 66 73 
10 28 36 41 47 50 55 61 67 74 78 
11 2 6 25 30 32 40 50 52 57 60 68 
9 8 18 23 40 63 64 67 74 79 
6 11 17 31 44 51 69 
10 1 29 48 55 62 63 68 70 72 78 
6 36 41 48 52 53 79 
9 18 27 32 36 45 56 63 78 79 
8 10 20 24 31 43 44 50 60 
18 2 10 13 27 29 33 34 36 37 43 49 52 57 61 66 70 74 76 
11 1 4 15 18 23 38 60 67 72 75 76 
