100 235
6 15 33 56 60 80 95 
4 13 18 55 93 
6 9 16 68 84 85 99 
6 8 45 54 61 68 80 
4 61 75 76 85 
5 10 21 33 62 87 
3 9 68 79 
1 57 
6 3 19 50 66 80 96 
8 2 6 14 20 40 62 72 93 
5 5 19 25 45 94 
7 14 22 24 51 57 73 87 
2 33 50 
7 1 33 42 62 71 78 88 
7 9 11 41 50 57 82 91 
3 0 31 92 
7 2 44 45 57 68 91 95 
4 35 43 75 83 
5 1 48 52 77 93 
5 8 10 39 51 92 
6 9 40 53 59 85 93 
4 5 45 48 99 
5 11 30 48 71 74 
2 28 95 
5 11 34 55 87 92 
5 10 28 52 70 91 
4 34 48 75 91 
7 42 45 47 50 74 80 89 
3 23 25 73 
3 69 73 85 
5 22 32 37 42 88 
3 15 36 41 
2 30 75 
9 0 5 12 13 52 60 65 93 96 
5 24 26 71 83 88 
4 17 57 58 96 
2 31 93 
7 30 56 74 79 91 92 94 
4 52 61 64 67 
3 19 67 88 
6 9 20 47 67 76 96 
5 14 31 72 85 98 
4 13 27 30 58 
3 17 81 94 
1 16 
7 3 10 16 21 27 82 93 
4 59 67 95 98 
6 27 40 65 76 78 89 
7 18 21 22 26 78 90 95 
3 65 82 95 
6 8 12 14 27 52 81 
3 11 19 63 
5 18 25 33 38 50 
3 20 64 74 
3 3 63 98 
3 1 24 89 
5 0 37 57 60 72 
8 7 11 14 16 35 56 68 95 
4 35 42 64 78 
4 20 46 81 85 
3 0 33 56 
5 3 4 38 75 89 
9 5 9 13 65 79 80 83 86 92 
2 51 54 
3 38 53 58 
5 33 47 49 62 81 
2 8 67 
7 38 39 40 46 66 82 97 
9 2 3 6 16 57 85 87 89 92 
3 29 79 95 
2 25 80 
3 13 22 34 
4 9 41 56 92 
3 11 28 29 
6 22 27 37 53 87 98 
6 4 17 26 32 61 78 
3 4 40 47 
2 18 86 
5 13 47 48 58 75 
6 6 37 62 69 81 97 
7 0 3 8 27 62 70 81 
8 43 50 59 65 79 80 90 99 
4 14 45 49 67 
4 17 34 62 95 
1 2 
7 2 4 20 29 41 59 68 
2 62 77 
5 5 11 24 68 74 
5 13 30 34 39 90 
6 27 47 55 61 68 93 
3 48 81 88 
6 14 16 25 26 37 92 
9 15 19 24 37 62 68 72 91 96 
9 1 9 18 20 33 36 45 89 97 
3 10 37 43 
9 0 16 23 46 48 49 57 69 83 
5 8 33 35 40 92 
3 67 79 93 
4 41 46 54 74 
3 2 21 81 
100 235
3 60 77 91 
7 10 19 43 56 71 77 90 
4 5 13 47 51 
9 8 13 17 22 43 59 80 83 96 
7 11 12 23 26 64 70 74 
5 2 14 15 27 58 
5 8 37 40 59 67 
4 19 20 24 72 
9 3 6 24 32 54 61 64 89 98 
3 41 61 78 
9 1 15 19 22 26 31 46 47 90 
9 4 13 32 34 47 57 61 91 98 
2 4 37 
8 2 3 11 46 58 66 83 90 
3 5 17 52 
7 5 10 60 62 83 86 90 
4 27 42 62 77 
2 3 14 
3 20 40 48 
8 1 7 10 38 51 58 77 99 
4 7 18 36 49 
3 26 27 97 
6 3 10 23 35 82 92 
7 4 22 25 36 43 67 92 
5 7 8 47 66 70 
6 23 27 31 48 78 93 
6 4 10 21 43 70 82 
4 5 16 21 25 
6 33 49 72 81 82 86 
2 63 77 
3 72 74 79 
5 10 25 32 75 99 
5 8 11 31 55 95 
4 28 41 56 68 
2 11 65 
3 22 75 96 
4 20 23 61 87 
5 6 12 55 56 63 
1 19 
5 45 47 55 70 88 
4 6 18 42 82 
5 9 33 44 57 75 
7 16 40 50 53 66 80 88 
7 1 3 23 26 53 55 95 
5 41 61 76 87 88 
3 39 97 99 
3 10 13 91 
9 2 10 11 24 39 52 56 75 93 
3 18 25 83 
5 20 28 61 68 92 
2 42 70 
5 2 19 54 64 93 
3 14 47 64 
4 42 43 58 84 
3 8 51 64 
5 32 37 39 43 79 
6 1 33 37 47 58 93 
4 11 41 72 77 
7 5 13 19 53 56 67 99 
5 3 6 65 68 96 
3 0 15 85 
7 8 9 11 36 44 49 96 
4 15 16 74 83 
3 29 37 85 
6 4 8 51 52 54 77 
2 34 59 
6 13 24 42 73 83 92 
6 6 23 58 70 74 89 
7 33 49 59 76 77 78 95 
3 74 90 95 
6 4 24 26 39 50 67 
1 1 
4 7 28 30 57 
3 66 86 92 
8 4 30 62 67 69 76 91 98 
5 31 35 41 47 99 
3 44 68 74 
9 0 1 16 19 29 57 64 68 84 
5 9 25 68 87 99 
3 30 55 93 
3 3 42 91 
2 28 87 
5 22 26 28 40 86 
6 3 13 15 48 62 66 
3 53 77 98 
3 60 63 99 
4 15 28 73 82 
5 36 44 78 81 93 
3 39 42 44 
2 8 67 
6 1 10 13 15 69 94 
6 0 11 46 74 80 93 
6 22 23 49 66 73 98 
7 25 47 51 56 79 87 91 
1 90 
4 32 43 68 69 
4 3 35 59 61 
2 21 45 
5 8 11 74 84 92 
7 19 31 45 58 75 78 85 
