120 312
6 15 56 60 80 95 111 
3 35 73 86 
8 28 44 45 59 64 101 110 117 
5 8 20 96 110 111 
6 24 35 47 76 101 116 
2 61 72 
1 29 
7 17 31 47 55 61 81 113 
6 3 23 38 44 64 113 
7 11 19 21 54 70 84 117 
3 25 94 103 
8 9 15 24 31 41 79 88 95 
3 13 46 107 
6 12 36 60 87 109 117 
4 44 52 98 102 
6 0 11 23 39 77 118 
2 55 87 
5 7 23 26 85 103 
2 25 28 
7 9 25 39 60 92 97 107 
6 3 32 50 71 87 101 
9 9 30 46 69 72 74 77 101 107 
1 74 
7 8 15 17 48 60 81 86 
5 4 11 37 53 58 
6 10 18 19 65 108 116 
6 17 28 56 59 99 116 
3 57 58 96 
6 2 18 26 90 108 113 
8 6 35 36 38 57 66 69 72 
6 21 43 64 82 102 111 
5 7 11 43 90 103 
2 20 33 
2 32 39 
5 51 62 81 89 117 
7 1 4 29 36 55 66 119 
6 13 29 35 53 90 109 
3 24 56 86 
4 8 29 99 109 
5 15 19 33 63 98 
5 54 65 68 80 118 
4 11 67 77 91 
2 57 61 
9 30 31 52 66 79 93 94 97 100 
3 2 8 14 
3 2 70 117 
8 12 21 59 80 82 85 102 118 
3 4 7 60 
5 23 56 102 113 117 
1 100 
3 20 67 86 
2 34 54 
6 14 43 76 89 105 116 
4 24 36 57 114 
5 9 40 51 93 116 
8 7 16 35 74 85 94 103 110 
6 0 26 37 48 62 116 
8 27 29 42 53 75 82 85 88 
5 24 27 69 81 87 
5 2 26 46 82 92 
8 0 13 19 23 47 94 103 104 
6 5 7 42 68 104 114 
7 34 56 68 70 100 112 117 
8 39 82 87 91 99 112 115 118 
5 2 8 30 77 117 
6 25 40 70 92 109 110 
4 29 35 43 71 
4 41 50 95 97 
5 40 61 62 70 109 
4 21 29 58 78 
8 9 45 62 65 68 76 80 96 
4 20 66 104 111 
5 5 21 29 102 116 
2 1 88 
4 21 22 55 102 
3 57 109 119 
6 4 52 70 81 101 117 
8 15 21 41 64 84 85 106 119 
3 69 87 119 
3 11 43 80 
6 0 40 46 70 79 114 
7 7 23 34 58 76 86 111 
6 30 46 57 59 63 98 
2 111 119 
5 9 77 86 87 95 
6 17 46 55 57 77 100 
8 1 23 37 50 81 84 101 106 
11 13 16 20 58 63 78 84 94 99 110 115 
4 11 57 73 89 
6 34 52 88 94 118 119 
6 28 31 36 91 101 106 
3 41 63 90 
4 19 59 65 102 
2 43 54 
6 10 43 55 60 87 89 
7 0 11 67 84 99 105 109 
3 3 27 70 
4 19 43 67 114 
4 14 39 82 114 
6 26 38 63 87 95 113 
5 43 49 62 85 112 
8 2 4 20 21 76 86 90 111 
8 14 30 46 48 72 74 92 108 
6 10 17 31 55 60 108 
4 60 61 71 116 
2 52 95 
3 77 86 90 
4 12 19 21 112 
4 25 28 102 103 
8 13 36 38 65 68 75 95 115 
5 2 3 55 65 87 
9 0 3 30 71 81 83 101 114 118 
5 62 63 100 107 115 
5 7 8 28 48 99 
8 53 61 80 97 98 111 116 118 
4 63 87 109 112 
10 4 25 26 52 54 56 72 104 114 117 
10 2 9 13 34 45 48 62 64 76 116 
7 15 40 46 63 89 111 114 
6 35 75 77 78 83 89 
120 312
7 48 55 66 83 86 90 96 
6 4 15 25 51 62 115 
8 28 29 31 43 47 54 111 114 
4 34 59 72 84 
5 1 41 55 71 118 
8 29 44 47 49 59 84 93 101 
5 33 84 93 95 114 
4 13 27 34 118 
2 39 117 
2 75 80 
3 50 66 89 
6 37 49 95 100 113 115 
5 29 72 98 116 118 
8 7 23 24 44 54 90 95 101 
5 20 66 74 80 82 
3 1 20 66 
5 18 67 74 95 107 
4 20 27 51 71 
5 16 38 44 97 101 
4 30 89 114 118 
8 14 15 17 21 29 84 85 106 
5 20 22 78 103 108 
8 21 25 49 68 73 103 112 115 
6 13 31 33 55 97 119 
4 13 39 47 70 
8 1 22 66 84 86 90 92 102 
3 71 101 118 
4 7 17 63 82 
3 2 85 87 
6 2 5 12 20 75 113 
4 19 90 92 119 
2 2 23 
4 53 72 80 87 
2 6 23 
7 3 7 39 42 46 57 74 
4 37 87 108 114 
5 56 73 90 92 108 
6 11 35 53 58 80 82 
6 18 42 57 73 79 87 
5 8 24 34 53 106 
4 48 84 110 114 
6 4 46 75 76 94 113 
4 34 38 49 93 
3 2 48 56 
7 5 13 18 53 65 90 106 
2 85 90 
8 34 41 60 69 88 96 104 119 
6 2 5 24 49 53 78 
5 0 40 43 77 80 
5 5 11 22 42 47 
2 10 111 
3 1 17 53 
3 66 77 100 
8 32 37 39 44 47 51 72 80 
4 2 13 62 77 
7 0 4 23 58 75 104 113 
3 36 43 79 
6 34 38 76 94 95 109 
5 37 55 61 108 115 
3 3 5 60 
6 46 59 62 80 87 103 
5 58 93 96 100 103 
6 1 54 60 87 89 114 
3 27 66 92 
1 114 
6 44 83 85 88 105 111 
8 0 10 14 15 25 52 63 96 
2 16 83 
3 22 79 103 
6 46 82 90 100 101 106 
4 24 93 105 112 
8 4 17 26 74 77 82 106 111 
5 3 12 32 53 98 
5 22 36 38 75 80 
7 14 16 34 71 79 84 103 
8 9 29 41 55 73 88 89 91 
3 41 57 88 
5 48 52 54 71 102 
6 21 47 84 90 93 118 
8 38 56 68 74 86 97 98 101 
11 9 14 32 37 48 53 60 73 88 92 110 
1 91 
7 14 27 37 69 71 87 99 
5 0 65 67 98 103 
9 3 5 6 20 25 40 74 78 91 
6 20 28 45 65 89 110 
6 0 25 79 102 103 105 
8 28 32 35 38 60 62 82 97 
6 46 65 75 76 80 118 
7 10 19 62 75 85 102 114 
9 0 13 25 30 36 44 45 69 78 
4 75 81 84 93 
6 25 30 36 63 80 117 
8 5 6 42 61 70 78 91 94 
4 41 57 93 115 
10 6 11 13 16 57 100 102 103 105 119 
7 0 46 61 66 106 108 113 
5 18 23 79 87 98 
7 12 72 79 83 97 100 103 
2 82 105 
6 11 52 61 69 95 98 
6 5 13 18 26 69 79 
6 25 77 86 89 95 104 
10 21 22 60 61 68 74 83 86 95 98 
3 46 55 102 
6 65 70 86 95 99 118 
6 20 39 44 69 71 96 
2 16 118 
6 21 35 36 58 96 112 
2 57 115 
3 40 80 85 
4 2 50 65 71 
3 22 70 108 
5 11 29 41 55 96 
8 2 6 19 35 40 62 64 89 
6 1 11 22 58 94 109 
1 12 
2 8 92 
9 4 7 12 19 26 78 88 105 107 
4 23 30 46 95 
