160 386
6 15 60 80 95 111 153 
7 33 46 105 121 122 136 141 
2 30 37 
5 19 30 42 71 96 
2 15 96 
7 56 72 80 86 106 138 159 
6 21 27 96 112 114 147 
4 25 75 144 153 
7 22 31 48 86 95 102 127 
3 71 106 130 
4 30 70 78 153 
4 21 59 100 140 
3 63 66 143 
4 23 120 134 155 
5 42 47 57 81 136 
10 0 4 33 49 72 75 77 80 104 110 
3 31 101 113 
2 43 64 
7 24 67 75 80 108 111 151 
3 3 61 100 
7 46 64 69 84 103 112 118 
5 6 11 40 61 79 
4 8 38 51 68 
6 13 24 121 132 151 159 
6 18 23 74 85 138 155 
4 7 58 77 136 
1 97 
5 6 44 79 90 93 
3 49 106 110 
5 47 61 74 89 95 
6 2 3 10 85 132 147 
9 8 16 40 42 45 62 78 92 159 
4 78 89 93 146 
3 1 15 75 
5 75 88 104 115 122 
4 55 122 144 155 
4 50 126 147 154 
6 2 38 80 92 98 153 
6 22 37 103 112 113 135 
8 61 72 74 104 142 147 151 159 
6 21 31 56 73 120 142 
3 42 132 158 
7 3 14 31 41 80 99 146 
4 17 106 113 151 
4 27 50 68 127 
8 31 64 74 79 99 125 146 159 
4 1 20 87 88 
6 14 29 49 59 84 108 
5 8 57 65 138 143 
10 15 28 47 53 69 74 79 114 138 140 
2 36 44 
5 22 61 67 71 142 
3 54 119 142 
5 49 71 95 115 131 
4 52 55 145 155 
5 35 54 101 111 141 
3 5 40 99 
4 14 48 86 137 
2 25 111 
4 11 47 76 157 
4 0 91 131 139 
9 19 21 29 39 51 88 100 109 142 
3 31 90 95 
2 12 158 
5 17 20 45 73 139 
2 48 82 
4 12 107 129 153 
7 18 51 98 104 124 146 153 
5 22 44 69 85 118 
5 20 49 68 85 116 
1 10 
10 3 9 51 53 100 107 113 118 139 143 
5 5 15 39 104 139 
4 40 64 87 144 
10 24 29 39 45 49 84 108 110 113 127 
8 7 15 18 33 34 86 120 159 
3 59 135 155 
6 15 25 111 129 137 149 
6 10 31 32 92 125 132 
8 21 27 45 49 85 131 136 148 
9 0 5 15 18 37 42 123 152 159 
3 14 136 156 
5 65 86 91 122 149 
3 89 91 103 
5 20 47 74 131 142 
8 24 30 68 69 79 100 150 158 
6 5 8 57 75 82 137 
5 46 73 135 145 149 
7 34 46 61 99 114 137 157 
7 29 32 83 94 95 98 117 
2 27 62 
4 60 82 83 95 
5 31 37 78 125 141 
5 27 32 117 131 156 
3 89 97 124 
9 0 8 29 53 62 89 91 101 119 
5 3 4 6 140 145 
4 26 94 98 152 
7 37 67 89 97 102 109 112 
6 42 45 56 88 110 128 
7 11 19 61 71 85 127 131 
6 16 55 95 112 126 159 
3 8 98 107 
6 20 38 83 105 138 139 
7 15 34 39 67 72 110 136 
3 1 103 143 
6 5 9 28 43 151 159 
5 66 71 102 129 137 
4 18 47 74 132 
4 61 98 124 153 
6 15 28 74 99 104 115 
7 0 18 55 58 77 125 153 
6 6 20 38 98 101 125 
6 16 38 43 71 74 142 
3 6 49 88 
3 34 53 110 
2 69 157 
4 89 93 122 139 
3 20 68 71 
3 52 95 133 
3 13 40 75 
2 1 23 
6 1 34 35 82 117 150 
1 80 
4 67 94 109 157 
5 45 78 92 111 112 
3 36 101 155 
5 8 44 74 100 131 
2 99 150 
3 66 77 107 
2 9 151 
7 53 60 79 84 93 100 127 
7 23 30 41 78 108 134 139 
2 119 142 
2 13 132 
3 38 76 87 
6 1 14 25 79 81 104 
5 57 77 86 88 107 
6 5 24 48 49 103 143 
7 60 64 71 72 103 117 132 
3 11 49 96 
4 1 55 92 149 
9 39 40 51 52 61 84 113 133 143 
6 12 48 71 105 138 142 
4 7 35 73 145 
4 54 87 96 144 
5 32 42 45 67 151 
4 6 30 36 39 
1 79 
4 77 82 87 141 
4 85 122 128 154 
7 18 23 39 43 106 130 146 
2 80 97 
8 0 7 10 37 66 67 109 111 
2 36 150 
7 13 24 35 54 76 126 157 
2 81 93 
5 59 88 116 124 155 
3 41 63 85 
9 5 23 31 39 45 75 80 101 106 
160 386
3 6 128 150 
7 13 14 16 21 57 58 133 
3 61 66 82 
5 50 60 126 130 136 
5 10 24 38 97 106 
3 8 27 61 
6 0 29 59 68 145 153 
7 15 17 39 77 101 121 144 
2 5 90 
4 20 103 112 115 
7 4 20 32 84 91 118 125 
3 34 69 153 
3 70 127 153 
5 1 45 57 64 142 
5 1 29 45 55 66 
6 7 66 69 86 135 147 
8 1 25 31 65 67 68 107 124 
7 7 41 42 116 127 143 158 
5 80 100 126 140 145 
2 81 133 
3 9 10 69 
4 1 60 94 151 
2 44 101 
4 62 73 113 136 
7 4 33 49 78 113 140 150 
1 16 
4 63 71 139 159 
6 5 85 90 93 128 134 
2 125 129 
9 6 14 34 37 51 74 78 96 141 
5 46 52 80 83 135 
6 16 62 63 81 137 152 
6 10 45 47 65 120 154 
3 24 67 135 
6 11 29 45 61 134 147 
3 56 152 159 
4 102 126 148 152 
5 29 39 61 78 88 
4 4 55 105 118 
7 7 37 47 71 79 97 137 
1 121 
4 17 79 92 133 
3 17 97 121 
4 71 89 108 122 
6 22 48 65 83 112 129 
10 13 14 32 34 51 67 107 132 138 143 
3 30 67 105 
7 32 39 76 90 123 132 159 
4 44 71 92 99 
5 24 50 110 137 159 
6 3 49 84 98 152 158 
8 29 45 78 90 93 112 137 157 
2 30 56 
3 54 129 131 
3 53 65 114 
6 14 38 62 67 132 143 
10 35 52 67 109 123 137 138 151 157 159 
7 1 13 61 65 75 78 105 
5 1 61 67 110 127 
3 6 125 159 
4 3 21 116 127 
10 2 5 34 37 57 58 83 94 96 122 
5 23 31 55 81 131 
4 26 31 72 109 
4 13 82 103 124 
8 16 32 44 54 57 82 98 111 
7 2 14 15 104 111 140 156 
10 16 33 45 46 55 56 58 85 111 120 
5 6 16 78 105 135 
6 11 15 20 93 102 127 
2 12 124 
8 26 39 43 48 76 77 101 151 
2 63 76 
5 23 96 120 130 142 
3 29 91 117 
3 57 78 83 
7 47 71 72 86 102 109 151 
4 7 71 78 97 
9 24 29 37 51 57 68 75 77 143 
5 39 41 90 107 131 
4 18 30 91 139 
3 19 31 62 
5 2 64 65 88 111 
5 30 44 61 75 131 
4 10 50 102 139 
3 27 67 138 
5 15 76 92 107 148 
2 152 154 
4 37 82 142 147 
3 43 96 114 
7 8 27 47 51 79 134 154 
4 10 74 80 102 
6 41 48 86 129 148 153 
9 27 51 69 107 123 128 153 154 159 
7 21 61 104 129 156 157 158 
2 98 150 
6 29 61 73 89 119 120 
4 4 39 42 77 
4 50 65 95 115 
1 48 
3 18 118 147 
6 7 22 71 123 147 148 
5 36 69 76 84 91 
2 9 64 
6 66 94 116 119 120 147 
4 38 46 57 68 
2 4 111 
8 16 45 79 86 93 150 153 156 
3 43 109 122 
6 56 63 76 108 113 126 
3 49 58 138 
5 65 66 67 82 106 
4 9 44 51 135 
5 23 24 109 122 136 
2 54 89 
2 9 98 
3 17 60 104 
3 74 127 141 
3 10 38 100 
3 96 104 152 
6 32 67 73 96 104 128 
4 7 40 42 146 
5 43 61 108 113 144 
9 47 56 93 101 128 131 146 149 151 
5 16 64 70 133 135 
4 10 28 59 154 
4 3 18 36 109 
9 12 17 58 60 69 117 142 143 151 
7 0 27 93 120 123 136 157 
7 28 44 53 92 94 132 154 
2 3 73 
7 53 62 79 83 123 150 153 
4 45 47 55 129 
5 1 19 41 124 158 
4 27 34 90 155 
6 15 30 33 68 112 124 
6 3 23 113 128 142 159 
7 31 39 49 51 56 138 157 
6 45 56 85 110 137 150 
4 26 80 84 145 
4 18 24 66 152 
2 29 117 
7 13 73 88 127 136 144 153 
5 17 45 55 78 127 
3 7 122 142 
4 6 18 139 156 
2 121 123 
6 15 34 88 100 101 104 
5 36 86 92 101 153 
1 123 
6 0 24 95 107 131 138 
6 21 56 71 76 123 127 
7 31 35 36 50 87 119 140 
9 6 11 12 92 93 107 131 142 148 
6 32 87 90 93 125 129 
2 134 156 
5 66 94 107 145 155 
5 51 56 94 128 137 
4 17 50 94 133 
8 26 35 47 49 56 59 93 136 
