250 586
4 15 111 153 191 
5 15 32 46 104 242 
5 6 18 72 146 227 
6 95 111 125 145 198 213 
3 43 94 124 
8 8 28 37 54 92 101 108 227 
4 2 19 215 231 
4 27 68 108 181 
8 5 43 140 154 175 207 222 246 
6 61 118 141 144 146 243 
2 74 179 
5 93 98 126 169 219 
5 21 124 163 172 178 
3 23 41 150 
4 24 121 151 159 
6 0 1 39 93 112 171 
4 32 111 146 247 
3 143 170 185 
8 2 79 126 164 167 184 200 214 
4 6 51 108 165 
1 145 
5 12 81 92 186 220 
5 35 47 108 179 188 
11 13 31 44 112 117 121 129 162 209 231 249 
4 14 114 179 245 
4 104 142 156 233 
5 61 122 143 197 198 
6 7 49 84 108 168 176 
2 5 140 
3 139 223 246 
2 62 106 
5 23 33 83 123 184 
6 1 16 56 107 182 247 
4 31 112 185 240 
5 37 46 79 124 129 
4 22 74 150 187 
5 92 175 181 230 237 
4 5 34 74 162 
4 112 119 155 203 
9 15 62 119 144 168 170 173 187 230 
5 55 94 173 229 249 
3 13 138 201 
9 48 77 139 159 166 171 202 245 247 
3 4 8 53 
8 23 52 174 184 188 209 224 247 
5 63 70 71 74 93 
4 1 34 199 232 
5 22 173 178 193 247 
8 42 64 67 125 143 201 205 244 
7 27 91 96 150 183 184 210 
6 98 159 167 189 197 243 
5 19 87 116 213 232 
3 44 98 245 
4 43 56 73 148 
5 5 84 162 227 235 
5 40 91 151 194 223 
5 32 53 146 209 220 
4 61 94 139 172 
1 188 
4 139 154 216 228 
0 
8 9 26 57 104 108 215 225 245 
4 30 39 171 245 
6 45 90 137 141 203 225 
3 48 97 249 
2 117 159 
6 98 109 144 150 174 203 
4 48 126 147 203 
3 7 99 105 
1 173 
4 45 122 166 200 
4 45 176 194 244 
2 2 121 
5 53 150 158 208 248 
10 10 35 37 45 99 105 118 129 140 145 
6 125 131 146 159 167 238 
5 119 146 159 227 246 
4 42 116 139 219 
1 244 
3 18 34 225 
3 210 222 235 
3 21 101 193 
2 166 179 
1 31 
6 27 54 92 118 170 203 
3 88 179 238 
7 107 109 182 204 209 210 231 
7 51 88 111 166 173 203 205 
3 85 87 91 
3 111 181 193 
3 63 143 225 
6 49 55 88 127 155 186 
5 5 21 36 84 213 
5 11 15 45 97 168 
6 4 40 57 98 172 221 
3 3 108 181 
3 49 196 233 
8 64 93 99 133 149 167 176 212 
9 11 50 52 66 94 104 119 150 232 
7 68 74 97 107 198 208 224 
2 104 193 
4 5 81 154 201 
3 124 220 240 
5 109 110 136 194 226 
6 1 25 61 98 100 158 
4 68 74 142 183 
5 30 143 147 157 232 
9 32 86 99 111 131 145 170 176 177 
8 5 7 19 22 27 61 95 163 
6 66 86 103 112 117 224 
3 103 153 223 
9 0 3 16 87 89 107 135 159 195 
7 15 23 33 38 109 140 148 
2 243 244 
4 24 150 189 214 
4 133 209 214 232 
3 51 77 244 
6 23 65 109 155 157 214 
3 9 74 84 
7 38 39 76 98 153 190 223 
0 
6 14 23 72 126 207 218 
2 26 70 
7 31 143 159 163 232 233 235 
5 4 12 34 102 167 
4 3 48 75 160 
5 11 18 67 121 172 
1 91 
1 143 
6 23 34 74 143 148 245 
1 247 
3 75 107 190 
0 
5 97 115 193 210 228 
3 155 174 228 
1 111 
1 103 
7 63 170 175 177 182 188 226 
2 41 209 
6 29 42 57 59 77 149 
4 8 28 74 112 
8 9 63 147 163 187 205 228 230 
4 25 105 151 210 
11 17 26 48 90 106 123 128 129 179 215 235 
6 9 39 66 166 205 207 
6 3 20 74 107 166 188 
7 2 9 16 56 75 76 187 
4 67 106 141 208 
5 53 112 129 207 218 
4 97 139 213 221 
9 13 35 49 66 73 98 114 163 168 
6 14 55 142 154 157 161 
2 158 239 
7 0 110 119 178 183 201 205 
6 8 59 101 151 173 207 
8 38 91 117 134 178 206 215 223 
5 25 208 213 217 227 
3 106 117 151 
5 73 104 152 162 177 
11 14 42 50 65 75 76 111 123 181 215 222 
4 125 207 218 230 
1 151 
5 23 37 54 158 233 
9 12 108 123 141 150 164 168 181 233 
5 18 163 187 222 244 
2 19 224 
7 42 70 82 87 144 145 221 
8 18 50 75 97 124 207 231 236 
8 27 39 93 150 163 208 228 232 
4 11 195 211 237 
6 17 39 84 107 137 224 
5 15 42 62 187 211 
4 12 57 94 126 
8 39 40 47 69 87 154 175 193 
4 44 66 134 242 
9 8 36 137 173 178 179 200 230 246 
5 27 71 97 107 217 
3 107 137 158 
5 12 47 153 155 175 
7 10 22 24 82 85 143 175 
1 181 
10 7 36 89 95 159 163 180 208 234 247 
3 32 86 137 
4 49 105 153 209 
6 18 31 44 49 208 226 
2 17 33 
5 21 91 198 205 224 
6 35 39 141 146 164 171 
7 22 44 58 137 145 197 204 
4 50 114 198 209 
4 119 131 195 217 
3 0 228 243 
2 241 246 
9 47 81 89 100 133 173 214 217 228 
3 55 71 103 
4 111 169 190 229 
1 96 
3 26 50 188 
5 3 26 99 186 189 
1 46 
3 18 70 175 
5 41 48 101 153 225 
1 42 
8 38 63 66 67 84 87 224 238 
2 86 188 
8 48 87 141 144 153 186 232 247 
2 155 223 
7 8 121 144 148 154 160 167 
8 73 99 147 156 168 181 184 211 
9 23 44 56 86 115 138 183 189 220 
6 49 80 86 133 142 247 
3 169 171 208 
3 97 214 233 
5 3 51 92 149 156 
7 18 114 115 117 193 212 216 
6 6 61 143 155 159 242 
2 59 214 
5 156 176 190 193 240 
3 121 148 160 
3 11 77 243 
4 21 56 102 209 
3 94 149 166 
5 8 80 159 164 231 
6 29 55 110 119 155 206 
7 44 99 109 165 170 186 203 
5 61 63 79 90 201 
4 103 137 184 240 
5 2 5 54 76 156 
7 59 133 134 141 168 191 193 
2 40 195 
5 36 39 141 160 175 
5 6 23 86 167 222 
9 46 51 98 106 115 123 168 205 233 
7 25 96 123 162 163 212 232 
1 181 
5 54 80 123 143 243 
1 167 
2 36 169 
4 75 85 203 247 
1 152 
4 33 102 217 226 
1 192 
3 1 174 215 
6 9 50 113 191 219 235 
6 48 71 78 113 116 164 
6 24 42 52 61 62 129 
5 8 29 76 175 192 
10 16 32 42 44 47 130 181 205 210 238 
1 73 
3 23 40 64 
250 586
1 238 
6 38 143 144 187 225 233 
8 47 108 116 132 180 196 219 247 
7 15 49 127 128 134 146 147 
3 88 146 187 
5 115 142 226 233 239 
3 70 77 122 
4 114 147 186 227 
5 31 35 81 189 196 
4 42 68 127 143 
3 38 100 157 
4 77 189 192 202 
4 29 102 140 144 
3 124 167 179 
5 36 73 161 186 216 
5 3 32 135 136 236 
5 34 61 146 171 224 
5 45 99 111 180 236 
3 65 145 199 
6 27 134 144 146 207 241 
1 58 
4 86 110 207 222 
4 140 170 179 223 
4 92 125 183 208 
7 72 87 119 120 184 222 230 
3 40 51 93 
3 127 135 213 
4 19 48 192 207 
4 53 81 97 165 
9 12 38 60 73 75 99 116 141 234 
2 37 170 
6 8 48 109 129 131 137 
4 15 46 101 174 
3 36 211 222 
4 16 79 210 242 
4 8 98 100 131 
6 14 33 74 160 218 235 
4 30 57 145 179 
9 1 10 29 41 54 123 220 227 228 
5 77 156 160 194 230 
4 25 147 216 241 
9 38 54 64 109 114 116 151 218 219 
6 9 67 74 133 153 176 
3 46 130 144 
6 59 146 173 177 179 232 
1 17 
6 32 43 155 160 184 233 
5 2 103 143 171 178 
7 27 31 101 110 167 212 241 
6 3 54 57 70 161 206 
4 86 132 150 193 
5 25 136 140 156 199 
2 181 249 
3 28 123 195 
6 38 41 49 86 130 198 
3 75 91 218 
3 61 94 193 
7 37 49 66 111 126 189 236 
8 20 131 176 194 200 211 214 230 
6 44 92 103 152 186 192 
4 29 85 147 221 
8 16 56 85 89 136 148 163 247 
5 103 124 170 191 216 
4 78 108 166 224 
3 41 107 236 
4 18 66 219 241 
5 57 65 121 183 208 
3 42 141 206 
4 9 159 166 179 
8 101 136 137 150 180 197 221 239 
5 6 49 71 79 106 
1 70 
2 24 177 
8 14 29 77 129 193 198 207 211 
5 36 42 79 122 214 
7 29 55 89 99 143 151 223 
1 108 
7 6 11 39 73 115 159 220 
8 63 87 151 152 170 174 224 233 
3 34 70 74 
1 232 
9 8 28 100 155 165 177 193 201 207 
2 214 229 
4 150 156 203 228 
2 161 174 
5 60 61 104 127 200 
8 21 50 54 124 126 161 211 226 
5 24 78 109 194 232 
7 4 106 134 158 226 230 232 
3 61 75 221 
2 139 191 
1 55 
4 23 59 110 193 
4 25 106 111 171 
3 56 214 236 
2 107 147 
3 108 192 200 
3 28 210 234 
2 35 141 
7 17 29 75 151 155 184 213 
6 10 35 81 120 121 233 
5 32 48 69 178 217 
1 12 
5 47 59 62 148 234 
7 85 116 129 168 200 202 243 
2 111 185 
4 70 88 93 180 
3 64 95 115 
10 2 63 76 96 151 152 155 191 207 231 
4 31 41 87 179 
6 21 48 92 136 155 215 
4 17 57 93 105 
3 122 165 190 
2 164 190 
4 7 41 120 221 
5 5 77 107 193 205 
8 2 29 41 104 131 151 163 224 
1 192 
2 195 210 
2 24 179 
4 24 100 114 133 
6 66 100 140 179 184 236 
6 6 74 112 160 172 220 
5 38 53 139 150 163 
6 13 62 86 149 158 224 
5 23 129 131 191 230 
4 57 86 160 220 
6 3 9 26 85 207 218 
2 3 232 
8 31 73 104 125 132 151 167 226 
4 43 54 157 168 
9 31 35 58 116 125 158 189 198 220 
4 2 50 129 141 
4 42 120 155 240 
3 3 19 88 
5 15 26 137 145 155 
8 15 51 61 69 110 208 227 237 
5 31 69 135 151 210 
2 221 243 
4 90 123 196 229 
5 12 22 51 121 239 
5 29 67 98 132 184 
3 5 184 226 
4 1 9 47 75 
5 1 12 19 43 189 
8 18 37 135 170 176 190 208 230 
9 3 4 16 19 44 158 192 215 247 
9 3 7 40 60 95 157 159 236 241 
4 61 103 165 182 
5 124 170 178 213 223 
5 50 69 83 123 240 
9 41 75 78 99 108 116 129 137 156 
3 59 78 108 
1 42 
1 184 
11 46 81 99 108 110 133 135 192 204 212 227 
5 39 51 83 151 216 
8 10 130 147 161 180 207 232 236 
6 88 124 131 146 161 185 
4 68 77 147 218 
8 36 39 46 122 126 168 172 206 
7 14 49 84 86 157 158 247 
0 
5 61 116 123 189 242 
1 113 
6 28 81 112 148 203 243 
3 63 68 247 
6 13 48 129 195 198 233 
3 104 130 160 
0 
8 22 30 62 78 145 149 178 205 
5 16 47 93 188 200 
2 122 160 
1 44 
4 32 78 84 234 
3 181 227 232 
6 42 58 145 205 208 243 
7 44 72 81 182 198 211 249 
5 47 101 149 170 212 
10 13 22 37 44 68 109 119 121 242 247 
6 2 17 69 106 157 218 
5 52 175 184 186 233 
3 148 177 228 
3 23 66 240 
11 24 46 99 121 141 142 154 181 185 193 213 
3 105 158 184 
5 7 14 59 181 247 
5 1 4 219 223 238 
4 171 215 220 229 
6 8 11 57 131 144 163 
5 112 113 145 212 230 
5 62 90 108 125 230 
9 11 27 59 96 117 146 155 211 229 
8 50 56 73 81 92 115 184 210 
5 39 58 87 200 207 
6 53 118 167 202 213 227 
3 2 8 139 
3 69 230 249 
6 54 73 131 167 177 208 
3 18 51 228 
9 58 85 96 104 171 194 209 221 225 
1 81 
3 11 104 195 
4 83 165 228 233 
2 155 206 
4 115 170 176 209 
6 49 67 160 204 221 236 
10 19 21 27 73 81 108 127 157 194 244 
7 23 66 136 145 176 198 240 
3 200 205 216 
6 34 97 118 137 193 248 
7 33 58 73 86 177 192 234 
5 48 155 178 190 220 
5 26 99 149 184 195 
5 58 74 82 94 228 
3 110 146 188 
5 14 40 62 156 209 
2 101 240 
7 36 41 55 127 159 180 224 
5 2 41 65 187 246 
7 38 77 122 126 131 188 212 
7 60 69 89 114 138 200 206 
3 21 24 33 
5 22 75 149 187 236 
6 16 63 78 116 124 218 
2 1 200 
6 5 86 88 129 142 242 
6 7 38 136 155 175 195 
6 38 83 182 199 203 214 
4 82 139 188 192 
9 24 39 58 88 125 145 190 191 197 
1 108 
7 44 80 87 88 128 157 175 
8 1 5 46 78 100 167 181 203 
5 29 97 103 174 211 
1 36 
11 15 17 57 64 94 121 147 157 206 223 240 
1 136 
2 0 187 
3 5 69 140 
6 133 150 183 208 217 236 
5 19 40 48 65 147 
5 34 163 179 226 249 
4 104 138 165 176 
1 207 
0 
1 219 
7 2 61 146 161 166 179 186 
1 210 
4 52 177 197 242 
