270 639
5 15 111 153 191 263 
6 12 26 84 222 233 245 
3 32 106 187 
6 35 51 85 138 153 228 
8 14 44 172 192 201 218 256 265 
3 8 127 162 
4 95 111 190 230 
4 41 144 241 255 
9 5 15 47 62 86 198 221 224 226 
3 63 133 238 
5 131 136 164 207 257 
4 141 180 189 195 
5 1 19 37 146 255 
4 96 126 134 248 
5 4 47 66 125 219 
5 0 8 44 79 180 
5 55 82 97 222 269 
7 55 58 75 91 105 172 229 
2 35 244 
4 12 158 169 263 
5 48 90 163 234 243 
9 64 77 145 150 154 162 195 242 264 
4 35 125 190 256 
4 93 131 145 222 
6 28 89 110 164 165 238 
4 29 53 113 121 
2 1 63 
5 40 124 147 182 226 
4 24 130 180 220 
5 25 41 130 181 256 
3 82 163 236 
5 53 65 74 152 157 
4 2 79 155 192 
6 74 157 163 212 219 268 
1 121 
9 3 18 22 48 55 91 139 208 265 
8 57 81 83 86 100 143 177 216 
5 12 63 119 139 236 
7 68 122 151 213 233 240 245 
4 46 89 91 103 
6 27 78 200 210 214 250 
8 7 29 45 65 72 73 76 95 
2 177 210 
6 127 132 147 201 219 222 
8 4 15 55 73 135 174 221 226 
7 41 56 89 90 116 203 264 
7 39 49 71 79 125 167 196 
4 8 14 90 153 
5 20 35 79 103 178 
5 46 89 167 232 240 
3 71 174 203 
5 3 101 164 208 241 
2 69 102 
5 25 31 93 234 249 
2 96 108 
8 16 17 35 44 147 151 258 268 
3 45 75 188 
6 36 81 128 132 194 216 
3 17 62 266 
4 98 220 231 266 
4 63 116 221 242 
3 90 167 173 
3 8 58 214 
6 9 26 37 60 136 214 
4 21 163 181 231 
3 31 41 81 
11 14 83 91 141 181 207 213 226 237 248 253 
5 205 211 226 239 247 
5 38 117 171 198 211 
6 52 79 98 140 163 243 
0 
3 46 50 193 
5 41 150 162 175 209 
5 41 44 105 245 258 
2 31 33 
6 17 56 113 139 191 224 
5 41 80 171 262 264 
8 21 145 167 172 173 194 213 236 
6 40 100 107 137 139 186 
8 15 32 46 48 69 176 246 258 
3 76 178 260 
5 36 57 65 132 191 
3 16 30 228 
4 36 66 113 198 
5 1 87 136 177 250 
2 3 234 
10 8 36 88 106 140 156 174 183 219 262 
5 84 95 126 208 233 
5 86 143 153 169 198 
7 24 39 45 49 107 216 263 
6 20 45 47 61 154 250 
10 17 35 39 66 92 107 108 134 192 224 
3 91 124 252 
6 23 53 117 220 224 234 
6 155 175 189 214 220 221 
6 6 41 87 174 263 268 
3 13 54 202 
5 16 98 168 218 242 
6 59 69 97 107 189 197 
2 258 259 
6 36 78 131 170 195 248 
4 51 156 161 179 
5 52 157 200 202 259 
2 39 48 
3 128 165 198 
3 17 73 194 
4 2 86 112 123 
10 78 89 91 98 139 155 159 228 229 231 
3 54 91 127 
1 219 
1 24 
5 0 6 116 236 241 
2 106 181 
5 25 75 83 146 207 
0 
4 151 169 211 230 
4 45 60 111 131 
5 68 93 260 265 267 
4 121 127 165 259 
1 37 
3 225 241 265 
7 25 34 118 135 158 188 247 
5 38 175 211 231 267 
5 106 160 162 225 247 
3 27 92 204 
4 14 22 46 183 
6 13 87 140 151 246 254 
9 5 43 108 118 153 158 242 245 249 
3 57 104 202 
6 143 178 183 201 205 268 
6 28 29 163 228 256 265 
8 10 23 100 116 135 213 222 232 
5 43 57 81 213 228 
4 9 186 220 227 
5 13 91 166 177 189 
7 44 121 131 233 250 254 267 
5 10 63 84 186 225 
3 78 150 214 
5 3 163 231 255 260 
10 35 37 75 78 107 183 203 207 250 266 
4 69 86 126 229 
4 11 66 142 166 
2 141 156 
8 36 88 129 172 182 183 234 250 
2 7 169 
3 21 23 77 
4 12 113 168 263 
5 27 43 55 167 180 
3 154 218 236 
3 215 222 241 
5 21 72 137 218 225 
7 38 55 115 126 172 217 239 
5 31 191 206 261 266 
8 0 3 47 88 127 174 177 188 
4 21 90 148 183 
3 32 94 107 
4 86 101 142 255 
5 31 33 102 235 249 
6 19 121 127 221 236 255 
3 107 216 265 
3 123 222 264 
3 101 175 229 
6 5 21 72 123 182 245 
8 20 30 33 64 69 130 138 203 
4 10 24 51 170 
4 24 104 118 173 
3 134 141 235 
8 46 49 61 77 147 173 236 263 
6 97 146 187 207 214 243 
4 19 88 115 144 
2 100 164 
2 68 76 
5 4 17 77 143 151 
5 61 77 165 167 218 
6 44 50 86 95 153 244 
7 72 94 122 161 177 196 205 
1 79 
9 36 42 84 134 153 175 188 210 269 
4 48 80 129 237 
2 101 219 
6 11 15 28 147 229 238 
6 29 64 66 112 192 262 
4 27 143 162 202 
7 86 125 129 139 143 154 197 
2 196 205 
2 225 259 
4 78 133 136 220 
4 2 168 191 228 
4 56 121 153 177 
6 11 94 98 134 197 234 
4 6 22 192 203 
6 0 75 81 152 187 247 
7 4 32 91 181 190 199 211 
3 71 231 257 
4 57 77 105 246 
4 11 21 100 245 
3 46 175 184 
4 98 183 189 255 
5 8 68 83 88 104 
1 192 
4 40 102 257 269 
5 4 43 129 205 222 
7 96 102 128 182 212 252 262 
8 45 50 139 163 190 207 228 257 
4 124 247 260 267 
5 67 129 175 184 201 
3 152 227 259 
6 10 66 113 139 168 203 
3 35 51 87 
2 72 243 
6 40 42 177 243 248 249 
8 67 68 115 122 192 236 249 253 
2 33 202 
6 38 66 77 131 132 226 
7 40 62 63 94 137 168 251 
2 149 256 
5 36 57 89 159 248 
1 151 
5 4 97 148 150 173 
6 14 33 43 86 109 179 
6 28 59 93 94 133 186 
6 8 44 60 94 158 265 
8 1 16 23 43 131 149 160 201 
1 227 
4 8 75 91 93 
5 120 123 136 150 185 
6 8 27 44 66 67 213 
4 133 206 223 246 
9 3 82 107 130 132 187 203 237 245 
6 17 107 140 161 180 262 
3 6 115 241 
7 59 64 107 122 138 193 243 
2 49 131 
5 1 38 87 135 237 
6 20 53 85 93 143 189 
2 157 166 
9 30 37 77 111 148 158 167 211 269 
5 66 178 228 233 243 
4 9 24 180 252 
2 67 151 
2 38 49 
6 7 51 111 120 149 230 
5 21 60 97 127 261 
7 20 69 168 209 210 231 237 
2 18 174 
7 1 38 73 127 162 195 228 
4 79 126 194 227 
5 67 121 123 191 204 
5 13 66 100 210 216 
6 53 127 157 210 211 267 
6 40 84 90 135 139 143 
1 214 
3 92 202 238 
3 66 211 267 
3 126 135 257 
6 7 12 138 156 158 197 
6 4 22 29 130 215 266 
6 10 193 200 203 254 268 
4 55 73 79 99 
5 99 102 118 185 206 
4 80 117 138 204 
2 152 242 
5 76 86 181 202 229 
6 0 19 89 95 146 167 
4 21 45 76 160 
7 4 35 117 120 130 159 221 
5 58 59 139 152 256 
6 117 122 135 204 249 253 
5 33 55 95 129 257 
4 16 177 200 236 
270 639
4 67 95 159 214 
5 20 96 98 219 241 
4 59 153 163 241 
6 97 123 132 138 189 269 
6 5 42 53 58 61 111 
9 4 25 29 34 39 43 152 183 262 
6 68 94 99 140 162 247 
5 45 103 116 122 203 
6 28 38 196 247 249 250 
10 19 25 32 75 117 121 142 237 259 261 
6 94 133 150 223 225 269 
4 71 79 259 267 
4 27 49 60 169 
2 145 263 
2 81 92 
4 187 219 229 250 
7 62 75 84 91 105 164 188 
3 122 148 252 
6 53 76 139 228 237 248 
9 9 47 49 55 143 154 160 200 252 
6 1 90 181 204 237 261 
5 69 131 152 194 230 
3 61 122 170 
1 145 
5 48 118 228 251 256 
3 5 9 255 
1 144 
3 12 102 219 
4 8 40 43 199 
6 5 78 103 149 163 235 
3 105 234 246 
5 92 119 120 162 232 
7 9 98 166 194 200 217 245 
8 42 69 85 199 216 245 252 261 
4 5 78 138 193 
2 231 258 
3 109 110 207 
1 176 
4 8 191 229 254 
5 5 51 63 229 264 
9 28 76 142 149 208 241 251 257 262 
5 50 132 139 195 201 
5 4 33 61 82 169 
8 5 28 126 130 143 203 234 240 
2 82 84 
4 7 54 113 260 
6 86 110 119 186 203 217 
3 19 222 266 
8 24 80 103 174 183 185 261 263 
5 12 19 91 220 247 
6 41 95 159 160 237 246 
2 39 119 
7 70 77 80 82 84 130 150 
5 4 18 175 186 218 
6 45 67 222 230 233 234 
4 19 62 113 216 
6 83 121 155 160 179 225 
5 119 160 166 216 223 
5 4 188 200 209 243 
2 2 168 
5 12 134 192 218 237 
8 4 22 42 139 161 178 187 215 
4 16 55 199 254 
4 39 116 146 149 
3 119 176 193 
6 74 92 111 182 232 233 
2 139 164 
6 0 54 97 188 203 235 
2 6 143 
8 21 33 76 149 156 200 208 234 
5 52 101 141 230 244 
5 11 172 179 205 237 
1 261 
2 132 179 
8 65 90 129 158 177 246 247 258 
4 9 16 97 220 
6 18 40 69 209 237 263 
3 52 98 153 
7 29 34 86 156 206 210 240 
3 11 96 255 
5 48 52 108 226 228 
3 14 168 259 
5 42 44 52 169 263 
6 56 144 190 196 205 209 
3 16 44 52 
5 33 141 173 191 264 
5 46 78 184 263 268 
4 96 101 140 209 
0 
4 122 163 227 230 
4 20 74 226 229 
8 16 49 112 131 207 208 238 258 
5 14 31 65 183 231 
3 96 104 175 
6 6 10 142 162 178 256 
6 0 50 110 134 144 264 
7 1 79 87 93 115 182 231 
7 3 67 75 121 164 172 250 
6 1 32 77 121 137 243 
6 6 127 150 198 221 259 
3 117 184 209 
6 70 87 152 229 262 268 
4 27 177 184 256 
9 7 29 48 129 136 188 191 211 248 
3 93 138 251 
3 16 30 197 
3 121 172 252 
8 130 140 172 175 179 186 241 242 
6 80 156 183 184 185 256 
4 36 181 241 268 
4 36 46 95 218 
6 4 65 135 199 212 241 
4 91 124 176 267 
4 45 55 246 261 
2 164 228 
3 96 117 123 
4 7 63 139 250 
3 9 100 115 
2 24 219 
5 31 46 51 57 64 
3 31 186 230 
10 9 56 97 98 106 127 160 218 226 236 
6 7 17 22 89 260 266 
4 3 115 180 243 
4 112 175 194 248 
2 131 193 
5 43 140 165 241 251 
6 99 121 198 223 258 264 
2 148 193 
3 74 103 253 
9 43 52 107 147 205 211 224 240 259 
4 21 91 125 200 
4 3 41 73 266 
4 10 176 180 225 
7 60 95 205 226 244 247 258 
2 111 153 
5 103 146 160 202 214 
4 98 241 258 267 
4 3 34 104 173 
8 18 41 61 66 116 156 178 179 
8 6 87 107 126 169 196 245 254 
5 70 85 148 155 229 
4 9 40 94 217 
6 19 43 68 177 218 266 
7 26 83 95 146 150 155 257 
7 13 23 174 200 228 245 267 
6 63 136 144 151 180 195 
5 130 161 195 196 222 
5 17 128 141 195 268 
6 29 40 63 69 150 252 
6 10 52 99 144 149 236 
2 146 161 
7 5 21 101 161 167 218 228 
4 2 77 135 266 
2 19 171 
3 56 141 144 
7 69 78 108 139 192 196 265 
3 217 240 250 
6 74 204 216 218 252 269 
5 0 50 206 217 242 
10 19 50 56 57 121 136 196 217 246 254 
6 61 147 151 152 192 214 
5 6 31 94 183 206 
6 2 29 89 177 198 214 
5 16 66 97 114 188 
4 126 174 227 235 
3 32 57 257 
4 152 179 221 229 
4 59 81 221 237 
6 12 42 82 140 233 254 
2 22 216 
2 154 234 
5 71 97 106 107 175 
5 85 138 188 248 249 
4 48 145 165 260 
6 53 93 107 124 172 186 
4 37 64 112 133 
5 74 102 143 163 226 
4 61 94 139 239 
6 56 71 73 107 139 167 
3 123 133 146 
2 20 109 
2 65 96 
6 5 48 92 108 162 205 
4 86 100 102 108 
3 48 108 237 
5 46 53 107 120 175 
3 15 61 268 
8 16 58 67 103 164 173 248 249 
1 3 
4 83 201 211 231 
3 38 85 103 
5 60 156 161 222 228 
5 34 64 125 128 231 
3 21 32 124 
5 41 146 147 148 225 
6 8 83 140 147 156 160 
3 105 201 226 
4 99 127 163 254 
5 28 33 62 111 237 
8 19 32 58 69 131 145 215 233 
6 41 190 197 233 246 265 
1 136 
5 7 43 46 67 208 
5 20 158 206 216 230 
6 71 83 130 134 183 224 
4 78 159 162 204 
4 36 91 236 261 
5 40 69 91 203 243 
5 58 76 83 87 100 
1 78 
4 103 130 190 215 
1 111 
0 
5 0 136 161 163 235 
5 61 200 211 253 264 
6 33 55 57 158 170 204 
6 32 46 142 157 159 160 
9 53 60 110 121 143 152 158 246 253 
5 1 15 27 118 230 
2 49 75 
4 99 167 168 243 
5 47 54 147 192 267 
4 10 57 127 226 
2 130 205 
4 10 56 133 195 
7 80 90 121 134 177 197 223 
2 89 165 
7 18 24 80 114 145 152 192 
9 15 38 39 90 101 141 167 239 248 
8 21 54 70 89 120 204 219 250 
5 35 92 96 190 193 
2 31 65 
5 54 65 169 200 201 
6 30 43 54 69 171 241 
4 29 67 165 214 
3 121 150 207 
11 9 18 20 50 60 71 76 168 185 199 242 
1 91 
3 178 229 248 
4 43 78 130 157 
10 1 2 40 107 109 111 126 137 234 254 
4 107 159 237 251 
6 58 98 123 208 221 269 
2 70 134 
5 32 33 140 145 248 
8 30 50 74 113 160 201 218 250 
5 6 8 49 74 134 
8 18 103 124 173 188 229 239 245 
3 8 173 188 
7 8 15 97 116 157 230 246 
5 24 40 104 126 242 
7 17 19 33 106 149 158 256 
3 129 215 218 
7 38 62 140 160 169 198 241 
2 25 79 
5 24 94 102 108 252 
3 40 144 166 
6 35 74 91 127 134 137 
5 9 11 81 99 130 
3 45 122 174 
7 9 20 33 48 72 113 207 
3 5 40 101 
5 13 48 76 82 86 
5 39 85 95 127 215 
3 156 201 267 
5 47 122 132 143 153 
6 11 112 137 145 222 265 
5 86 101 109 148 187 
4 3 10 158 243 
