280 658
5 15 111 153 191 263 
6 2 16 74 212 223 235 
4 1 12 86 167 
8 5 21 55 108 123 198 249 279 
7 132 152 161 178 216 225 232 
3 3 77 112 
4 35 51 130 243 
6 171 185 206 238 253 277 
5 118 141 144 146 243 
2 43 148 
5 31 36 64 107 157 
6 31 70 79 85 166 184 
6 2 26 135 232 262 270 
4 118 172 191 250 
3 79 158 193 
4 0 158 185 200 
9 1 62 109 147 150 167 183 197 264 
1 116 
3 64 228 239 
4 73 107 149 222 
8 34 43 112 125 193 198 210 243 
6 3 32 54 72 162 227 
5 36 119 157 171 248 
6 43 104 125 179 180 253 
4 33 57 117 125 
1 56 
5 12 106 129 164 208 
4 101 151 191 252 
3 90 141 216 
6 31 112 185 240 252 261 
3 90 95 254 
6 10 11 29 82 119 237 
7 21 73 79 128 135 184 272 
4 24 187 230 278 
9 20 102 159 184 208 210 213 227 270 
5 6 60 178 234 254 
6 10 22 108 171 225 254 
7 94 101 106 137 180 182 194 
2 157 279 
9 49 53 89 112 132 139 140 143 162 
1 232 
6 170 175 190 244 262 265 
5 86 104 166 205 257 
7 9 20 23 75 108 135 222 
7 48 56 78 86 132 174 203 
2 85 148 
3 62 86 161 
5 60 138 203 211 261 
4 44 133 162 278 
6 39 111 155 188 233 266 
1 244 
5 6 157 172 234 246 
2 272 276 
4 39 157 167 187 
5 21 75 180 227 231 
4 3 69 91 148 
3 25 44 171 
6 24 71 82 117 123 176 
4 60 81 137 220 
1 248 
5 35 47 58 157 235 
3 171 189 239 
3 16 46 76 
9 65 73 123 163 189 195 219 230 235 
7 10 18 174 180 195 208 216 
7 63 73 127 154 167 235 254 
3 83 106 186 
0 
3 110 264 276 
4 55 79 113 205 
3 11 136 149 
4 57 185 211 263 
4 21 89 138 229 
12 19 32 63 65 114 116 189 211 216 217 238 257 
6 1 130 137 167 169 216 
5 43 54 192 262 274 
3 62 180 262 
3 5 120 179 
3 44 202 273 
6 11 14 32 69 158 232 
3 82 123 196 
6 58 166 203 221 255 271 
9 31 57 80 92 101 137 180 195 226 
6 66 112 137 228 238 254 
2 88 177 
5 11 45 92 139 209 
10 2 42 44 46 112 132 147 148 174 264 
2 149 277 
5 84 127 230 234 244 
7 39 72 150 184 209 215 216 
5 28 30 154 243 248 
3 55 167 235 
6 82 85 118 168 192 228 
2 124 132 
5 37 178 179 220 259 
6 30 100 153 229 234 252 
3 214 257 259 
1 134 
3 153 190 223 
1 203 
3 95 105 116 
8 27 37 82 116 132 136 208 265 
1 34 
1 164 
2 23 42 
4 100 149 154 251 
5 26 37 66 199 260 
2 10 19 
7 3 36 43 170 188 230 249 
1 16 
6 68 245 250 252 257 263 
4 0 49 133 227 
6 5 20 29 39 83 86 
7 69 159 175 199 217 240 270 
4 73 164 239 275 
5 131 167 206 208 271 
6 17 73 100 101 130 232 
3 24 57 193 
7 8 13 92 132 143 238 246 
7 22 31 127 132 216 219 223 
5 77 158 239 274 279 
4 139 143 206 240 
5 148 176 185 193 271 
8 3 57 63 80 124 134 252 267 
5 93 123 206 240 247 
6 20 23 24 167 178 190 
4 215 232 236 249 
6 65 88 119 149 188 245 
3 32 158 238 
7 26 156 180 185 238 258 262 
6 6 74 116 156 172 264 
2 115 181 
9 4 39 44 86 93 101 118 119 151 
8 48 111 147 157 158 209 225 269 
2 97 123 
4 12 32 43 226 
5 70 101 178 204 217 
8 37 58 74 82 83 170 234 252 
5 47 72 210 217 236 
6 39 85 121 192 199 264 
5 39 170 192 261 276 
7 8 28 193 198 222 225 236 
1 209 
3 39 118 121 
2 8 237 
2 195 209 
5 8 159 174 193 264 
4 16 86 133 181 
8 9 45 55 86 122 158 177 231 
7 19 70 87 105 127 161 224 
4 16 89 159 231 
3 27 132 210 
2 4 248 
7 0 95 98 162 225 252 277 
6 65 90 105 172 179 208 
1 49 
2 129 130 
7 10 22 38 51 53 60 133 
8 14 15 79 120 128 133 148 183 
8 34 113 146 150 184 211 230 239 
0 
6 4 46 149 170 192 251 
6 21 39 48 153 193 265 
3 63 248 257 
5 26 103 114 184 254 
2 167 248 
5 11 42 81 219 228 
11 2 16 53 65 74 91 115 125 165 220 254 
4 92 187 240 277 
1 74 
8 41 108 137 140 161 225 262 273 
5 7 22 36 56 61 
7 13 51 130 154 180 209 221 
2 211 237 
6 44 64 86 146 196 269 
2 41 113 
3 57 122 217 
2 84 148 
9 4 35 94 125 136 226 238 242 259 
8 23 77 94 154 216 256 266 277 
10 23 37 54 64 76 82 129 172 199 228 
4 131 147 185 198 
3 37 195 227 
2 16 158 
10 11 32 34 89 159 164 203 262 267 268 
9 7 15 29 71 122 129 181 219 236 
2 66 229 
5 33 53 168 217 276 
4 49 108 127 230 
3 61 63 73 
3 41 98 125 
4 0 13 27 230 
6 75 92 139 140 161 198 
7 14 20 117 122 141 146 162 
4 37 220 252 260 
6 63 64 82 145 182 233 
4 80 174 208 275 
1 16 
7 3 20 141 181 192 246 252 
5 106 113 139 180 212 
2 15 256 
0 
2 78 268 
7 44 47 81 99 184 262 267 
3 136 228 242 
2 42 69 
6 7 115 121 124 250 276 
3 226 238 272 
7 26 34 64 101 115 154 196 
6 85 89 133 142 145 172 
5 20 34 138 151 234 
6 47 71 73 159 173 265 
2 1 199 
2 34 272 
1 96 
3 89 126 251 
8 4 28 64 73 74 89 119 179 
9 73 113 136 138 176 187 241 242 279 
2 238 248 
5 63 119 166 185 241 
5 58 94 167 194 247 
3 81 172 260 
4 19 43 141 243 
5 1 98 119 270 273 
1 149 
6 4 36 133 141 153 170 
6 82 135 178 207 253 267 
5 21 34 54 111 182 
6 18 83 92 166 180 204 
4 72 95 186 259 
8 33 63 88 108 159 188 191 256 
4 54 148 150 259 
8 4 12 40 79 116 126 247 278 
3 49 195 247 
7 35 51 88 95 137 210 271 
5 1 60 63 65 91 
4 126 138 141 185 
4 31 144 173 271 
11 7 73 83 118 128 129 178 207 218 247 276 
6 18 61 114 120 159 252 
6 29 113 121 124 168 266 
2 217 219 
3 178 204 217 
6 6 8 20 90 222 260 
3 41 50 88 
4 110 127 250 256 
4 51 118 198 274 
5 124 220 232 233 238 
7 22 59 90 152 163 165 218 
4 3 108 126 258 
4 13 110 206 245 
5 105 161 215 273 276 
11 27 29 95 110 123 137 153 194 198 239 270 
3 7 23 226 
9 30 35 36 65 83 164 167 263 273 
1 81 
4 179 200 230 245 
5 42 73 96 110 163 
2 129 249 
5 94 96 178 229 231 
4 106 194 221 243 
3 29 47 140 
8 12 41 75 76 129 170 184 203 
4 0 71 110 254 
6 16 68 86 130 139 146 
4 41 101 162 211 
3 49 179 240 
5 123 184 203 226 277 
2 184 202 
3 133 174 272 
6 12 34 113 223 252 276 
5 81 115 122 234 237 
5 32 52 207 213 269 
5 78 170 223 251 254 
3 75 120 246 
2 114 196 
8 52 68 140 187 206 238 251 270 
6 7 87 153 168 179 267 
3 33 48 232 
4 3 38 120 217 
280 658
3 95 256 260 
8 13 58 78 131 176 244 250 276 
7 44 71 77 91 100 135 228 
2 159 238 
3 120 136 214 
6 53 78 96 170 183 248 
5 21 88 150 192 202 
3 76 84 120 
2 38 242 
3 91 172 254 
2 149 270 
1 262 
3 49 122 219 
7 1 38 180 190 240 243 263 
5 43 87 128 135 224 
2 242 248 
2 59 62 
4 19 144 208 278 
1 276 
4 17 69 117 173 
3 44 131 252 
12 6 34 38 65 85 115 122 141 172 174 193 198 
5 29 43 61 214 217 
7 69 104 143 240 246 264 275 
5 25 129 242 264 279 
3 24 53 141 
6 106 113 130 152 223 274 
4 28 98 102 239 
6 27 84 193 221 226 256 
11 22 31 41 104 114 153 198 211 235 247 253 
9 75 95 98 108 118 136 175 211 226 
9 29 39 55 60 97 166 207 222 268 
1 177 
6 52 78 113 121 248 262 
4 21 201 212 262 
4 100 129 135 171 
8 46 49 81 117 174 177 178 256 
2 120 216 
11 8 13 21 105 119 125 154 214 223 225 258 
3 31 121 244 
4 86 136 234 278 
4 29 160 166 176 
6 46 96 245 257 258 274 
4 14 22 227 228 
5 2 20 86 164 278 
2 68 152 
5 36 42 58 165 276 
3 131 132 153 
5 174 180 209 213 277 
6 12 36 54 106 232 273 
4 92 122 185 256 
2 166 251 
5 33 146 154 169 254 
7 5 25 59 127 137 201 206 
3 49 206 273 
2 31 70 
4 68 97 221 241 
3 130 179 246 
10 1 46 98 109 142 143 149 193 236 276 
5 16 53 129 187 223 
1 31 
4 22 76 79 117 
4 16 77 99 139 
4 134 137 180 207 
6 82 111 153 194 245 263 
4 21 109 179 181 
4 74 266 273 278 
4 84 136 183 208 
8 45 56 70 123 160 167 219 230 
8 19 23 75 76 106 155 172 229 
8 55 68 157 159 162 183 185 225 
5 2 143 173 220 239 
3 87 118 204 
5 105 168 188 193 249 
3 66 110 191 
9 30 69 94 160 173 223 248 267 277 
7 7 61 69 189 217 228 263 
5 2 62 104 219 227 
8 1 5 33 118 131 146 228 234 
4 61 129 189 203 
1 172 
5 36 90 124 214 267 
2 64 202 
3 138 185 250 
5 7 28 67 143 221 
3 21 174 272 
6 40 44 198 210 262 277 
5 14 72 115 239 276 
6 6 117 182 210 231 237 
5 93 133 170 258 272 
6 81 104 154 237 258 261 
6 2 9 96 102 117 279 
2 50 224 
3 89 94 101 
7 75 93 151 160 191 270 276 
6 0 30 119 160 204 220 
7 5 42 91 117 132 208 226 
4 31 56 98 236 
7 27 30 58 97 141 169 216 
2 62 115 
5 2 35 138 186 224 
1 93 
4 27 91 199 241 
1 216 
5 23 29 77 90 134 
3 38 73 165 
9 26 49 69 120 139 165 178 228 263 
1 109 
6 30 113 152 222 251 261 
5 58 65 107 235 240 
8 74 116 157 172 176 205 214 248 
3 64 165 258 
0 
6 26 33 108 118 137 250 
2 29 242 
6 21 87 99 229 232 236 
4 110 127 169 271 
11 19 36 61 88 91 96 137 179 204 218 228 
5 30 72 78 113 154 
6 38 95 126 130 228 235 
6 4 7 37 106 174 246 
3 33 39 160 
9 12 21 50 140 155 213 239 255 266 
4 68 158 253 256 
6 81 140 145 204 261 274 
9 38 135 153 155 165 217 241 248 255 
3 119 189 199 
4 53 116 180 239 
5 14 166 174 198 253 
6 24 35 59 79 201 220 
6 26 57 119 163 209 263 
6 1 20 47 78 229 233 
3 47 96 265 
5 89 170 224 242 277 
2 63 104 
5 2 14 35 125 235 
6 4 30 40 67 145 148 
7 53 63 113 117 138 220 256 
4 83 100 137 223 
6 62 106 142 204 215 277 
7 122 124 158 218 233 236 251 
8 21 25 98 245 246 247 248 277 
6 58 139 152 157 184 209 
9 23 58 71 84 195 218 220 236 249 
4 17 186 223 237 
3 124 136 245 
5 52 78 235 265 270 
4 165 176 193 194 
1 136 
2 10 58 
3 6 174 242 
6 94 160 187 188 246 275 
5 26 45 108 142 216 
6 29 47 64 125 220 273 
8 38 52 90 118 168 218 231 266 
5 69 122 125 163 184 
1 247 
6 70 110 142 158 162 193 
4 123 140 157 259 
4 3 70 180 208 
10 41 68 75 94 95 121 151 202 207 222 
0 
3 70 157 206 
3 130 155 255 
2 44 230 
6 46 105 106 111 125 147 
6 31 41 51 128 247 265 
2 68 194 
2 73 154 
3 52 98 116 
6 5 89 133 215 234 235 
6 35 172 186 222 243 247 
6 9 21 69 80 110 171 
3 19 71 75 
9 21 36 48 85 120 128 150 198 278 
3 30 223 261 
6 1 41 110 147 218 240 
2 32 36 
3 36 106 275 
6 57 65 117 185 236 272 
9 13 48 63 127 159 204 219 232 258 
2 65 275 
4 88 208 232 235 
8 5 67 70 188 191 207 216 224 
3 142 155 262 
5 50 70 83 179 260 
7 100 144 171 203 216 263 264 
5 59 151 206 222 236 
3 73 151 183 
5 76 79 126 240 251 
2 13 271 
4 74 94 183 226 
3 6 196 241 
7 21 28 58 73 147 157 225 
7 64 147 167 201 220 234 250 
1 143 
1 192 
1 242 
7 21 29 86 128 174 235 264 
2 102 126 
1 227 
4 34 53 129 194 
5 6 82 160 209 259 
3 79 186 227 
6 72 95 117 124 139 180 
1 110 
7 53 54 162 187 219 220 226 
4 31 63 160 183 
5 17 67 96 159 182 
5 48 130 142 202 227 
4 86 88 237 238 
4 29 30 224 266 
2 34 215 
2 48 122 
5 4 22 38 81 110 
5 139 170 212 224 246 
6 37 98 103 152 183 186 
5 22 76 125 241 245 
6 117 140 143 154 176 265 
5 12 68 77 180 206 
8 71 95 129 137 143 153 194 206 
5 28 56 84 250 263 
6 31 108 160 171 187 231 
7 26 38 59 75 138 144 175 
7 14 92 100 133 183 211 215 
3 38 70 193 
6 28 30 96 191 206 229 
6 43 77 200 203 209 276 
8 2 43 76 78 106 117 119 247 
4 69 115 131 226 
2 68 164 
3 88 154 222 
4 49 115 180 182 
2 131 140 
7 40 78 170 194 256 271 278 
9 29 109 119 135 146 170 182 198 279 
8 58 97 115 140 143 179 187 278 
4 88 90 144 210 
4 3 210 245 278 
5 27 71 87 122 127 
5 13 23 109 176 189 
5 56 102 125 192 217 
7 8 15 24 114 133 150 197 
2 13 171 
3 1 39 263 
8 42 64 141 145 217 238 260 264 
7 23 57 120 141 151 215 263 
6 29 141 156 166 171 228 
7 5 15 33 75 110 125 141 
2 73 143 
5 1 83 113 194 221 
5 51 108 140 189 263 
1 20 
3 29 123 128 
4 9 52 262 264 
3 122 125 163 
8 0 28 36 50 123 137 234 271 
2 42 262 
6 38 42 89 90 111 180 
2 158 202 
3 0 185 245 
4 90 108 124 175 
7 11 33 34 86 184 254 257 
10 13 64 76 106 130 186 221 244 246 251 
6 23 24 186 198 245 254 
5 132 146 166 218 277 
5 66 122 154 211 274 
2 75 81 
1 31 
0 
3 10 94 146 
4 116 190 234 256 
3 85 89 179 
4 49 54 66 153 
4 26 42 124 266 
4 23 151 178 181 
7 1 18 46 58 87 94 227 
7 48 75 86 133 139 141 265 
8 17 40 44 66 174 234 236 238 
3 24 91 235 
