320 761
6 15 111 153 191 280 294 
5 34 172 183 195 249 
7 6 87 201 217 251 304 319 
6 78 129 159 287 307 316 
6 18 56 65 72 191 226 
4 108 124 203 316 
6 2 203 217 238 270 285 
6 109 132 135 137 234 304 
3 98 250 283 
4 16 208 247 262 
3 34 161 270 
5 59 97 211 265 284 
2 130 209 
2 194 209 
8 29 76 114 117 134 150 164 231 
3 0 41 250 
6 9 111 122 216 250 292 
5 63 134 143 212 225 
7 4 42 89 111 129 219 284 
5 50 133 171 262 313 
7 75 96 150 151 224 259 283 
3 45 53 238 
3 244 267 302 
4 50 195 245 285 
3 51 191 266 
5 37 118 191 258 267 
3 57 216 292 
4 155 238 244 293 
1 307 
10 14 60 108 177 234 259 283 285 288 302 
5 56 90 208 264 284 
4 93 156 210 239 
6 41 46 77 120 122 134 
9 52 174 184 188 224 247 267 274 275 
2 1 10 
7 37 213 218 233 287 305 308 
6 83 101 163 202 254 308 
10 25 35 59 86 173 234 242 264 272 318 
4 79 108 224 287 
3 154 178 253 
4 105 183 256 306 
4 15 32 131 160 
4 18 62 184 217 
2 148 304 
2 91 103 
6 21 82 86 193 203 223 
7 32 63 168 215 219 281 303 
1 88 
5 63 185 196 237 290 
4 125 146 202 285 
3 19 23 264 
3 24 124 202 
4 33 107 157 211 
8 21 150 208 248 274 280 304 315 
6 55 209 215 230 243 251 
9 54 58 112 139 152 220 239 281 304 
3 4 30 121 
2 26 206 
5 55 99 124 158 250 
4 11 37 130 143 
6 29 128 154 206 239 288 
5 121 212 214 314 315 
7 42 79 98 176 183 215 262 
5 17 46 48 186 256 
3 122 204 264 
2 4 293 
4 111 196 270 319 
1 181 
6 135 153 187 221 266 309 
6 74 105 187 212 303 313 
3 109 198 307 
6 106 176 272 292 307 308 
4 4 87 177 254 
3 136 280 284 
5 69 145 179 204 210 
5 20 94 183 188 295 
5 14 120 190 240 264 
3 32 140 148 
6 3 139 180 219 244 297 
6 38 62 133 138 156 301 
3 105 107 164 
2 163 196 
4 45 119 200 211 
6 36 153 169 173 245 302 
1 319 
0 
3 37 45 288 
3 2 72 177 
3 47 260 278 
2 18 109 
7 30 215 220 222 227 233 271 
1 44 
4 215 233 256 286 
5 31 119 194 250 286 
5 75 100 102 165 187 
3 188 288 299 
8 20 171 179 220 225 309 312 316 
5 11 188 269 304 309 
10 8 62 106 110 173 207 272 300 309 317 
4 58 175 194 312 
5 94 108 202 236 243 
4 36 122 300 317 
5 94 104 169 208 265 
6 44 113 193 261 285 290 
6 102 128 148 152 195 303 
5 40 69 80 154 271 
5 71 98 200 210 211 
3 52 80 110 
8 5 29 38 100 145 240 266 279 
5 7 70 89 228 246 
7 98 107 136 143 162 258 265 
9 0 16 18 66 122 167 189 258 273 
6 55 126 150 153 164 274 
1 103 
3 14 162 268 
4 147 162 181 301 
2 225 279 
4 14 137 200 264 
3 25 135 242 
5 82 93 207 247 310 
7 32 76 138 163 183 190 219 
2 56 61 
6 16 32 64 101 111 289 
4 214 241 260 269 
5 5 51 58 242 264 
4 49 129 188 260 
6 112 166 175 217 287 314 
3 203 287 296 
4 60 104 209 243 
5 3 18 125 150 187 
5 12 59 165 202 213 
5 41 176 188 284 310 
3 7 187 260 
3 19 79 229 
6 14 17 32 256 272 289 
9 7 68 118 162 202 212 223 244 273 
6 73 110 145 158 252 284 
3 7 117 269 
8 79 120 147 152 153 198 215 301 
4 55 78 201 260 
1 77 
2 215 270 
1 286 
6 17 59 110 150 207 265 
2 157 297 
5 74 108 136 163 286 
2 49 280 
6 115 138 178 183 219 233 
7 43 77 104 243 265 277 311 
1 313 
7 14 20 53 112 129 143 243 
2 20 215 
6 55 104 138 156 271 309 
9 0 68 83 112 138 163 173 226 291 
5 39 60 105 197 237 
5 27 156 159 301 315 
5 31 79 152 155 297 
6 52 144 181 232 267 298 
3 58 136 221 
6 3 155 190 207 236 305 
4 41 251 310 316 
3 10 209 286 
9 110 114 115 135 201 204 225 269 279 
5 36 81 120 145 153 
6 14 80 112 206 222 235 
3 94 130 220 
4 126 167 246 293 
3 111 166 269 
2 46 206 
3 83 102 290 
1 252 
4 19 96 194 303 
7 1 180 182 183 244 298 305 
7 37 83 98 153 179 209 280 
5 33 187 191 278 282 
2 99 126 
7 62 71 131 191 247 312 314 
5 29 72 87 257 294 
3 39 147 310 
6 74 96 173 252 273 308 
3 78 172 313 
4 67 115 157 243 
3 172 214 221 
8 1 40 62 75 120 147 172 302 
5 33 42 185 203 319 
9 48 184 211 248 273 282 292 301 304 
3 63 229 236 
7 68 69 94 129 132 174 190 
7 33 75 95 97 125 131 259 
3 111 247 273 
6 76 120 159 187 241 319 
11 0 4 24 25 174 176 214 236 239 267 316 
3 254 297 311 
4 45 103 223 229 
7 13 93 99 171 216 264 299 
4 1 23 104 294 
5 48 66 81 240 276 
1 154 
2 70 138 
3 221 291 304 
4 82 106 117 257 
3 2 139 162 
7 36 49 51 100 130 135 306 
7 5 6 45 127 184 218 247 
4 64 74 162 271 
2 230 315 
5 57 60 164 168 207 
7 98 119 143 159 206 228 263 
5 9 30 53 102 274 
7 12 13 54 128 161 173 242 
4 31 74 106 212 
8 11 52 82 106 185 215 296 299 
6 17 61 69 135 210 291 
5 35 130 260 286 310 
6 61 123 182 191 235 255 
9 46 54 62 90 92 138 141 151 211 
4 16 26 194 268 
7 2 6 42 126 251 274 316 
5 35 203 255 260 304 
5 18 46 78 120 147 
7 55 90 96 165 226 268 284 
4 68 158 182 199 
4 90 164 231 278 
5 45 135 193 243 313 
4 20 33 38 319 
5 17 96 116 162 311 
5 4 153 220 244 272 
1 90 
4 109 207 233 285 
5 133 186 193 256 266 
3 54 205 300 
2 14 222 
3 157 304 305 
6 35 90 92 147 228 257 
5 7 29 37 258 291 
2 164 214 
5 100 159 186 191 293 
4 48 154 240 251 
3 6 21 27 
6 31 55 60 191 272 293 
6 76 108 196 237 259 290 
2 123 190 
5 37 118 124 209 318 
8 54 100 128 148 150 181 223 308 
6 22 27 78 135 172 226 
3 23 83 281 
3 109 166 262 
7 9 33 119 176 189 203 274 
4 53 185 283 288 
1 1 
6 8 15 16 58 93 298 
7 2 54 160 217 237 252 261 
5 136 170 179 251 287 
1 39 
4 36 72 192 265 
2 214 218 
7 40 63 92 134 229 279 316 
4 177 200 233 291 
7 25 110 111 234 298 310 315 
4 20 29 188 240 
9 88 123 125 132 139 213 218 268 270 
3 103 251 291 
4 9 19 62 246 
4 207 274 289 291 
9 30 37 50 64 76 117 124 194 292 
7 11 102 110 143 148 254 318 
5 24 68 108 229 283 
5 22 25 33 157 191 
4 114 216 220 260 
7 97 123 137 162 167 275 317 
5 6 10 66 141 260 
4 90 105 152 204 
6 37 71 98 134 226 239 
5 111 135 179 185 189 
7 33 53 112 208 217 247 263 
2 33 269 
3 196 285 302 
2 148 288 
4 88 174 222 285 
4 108 116 162 256 
5 0 53 73 146 173 
5 46 55 245 309 315 
4 174 185 291 313 
6 8 20 29 248 266 301 
8 11 18 30 73 131 136 220 296 
10 6 23 29 49 103 228 276 278 296 313 
6 92 93 142 145 161 213 
7 3 35 38 126 127 252 310 
6 29 60 86 95 248 277 
5 122 134 263 304 311 
5 48 103 169 240 316 
8 153 199 212 234 257 261 263 282 
5 16 26 71 185 264 
5 27 65 166 236 239 
4 0 177 195 318 
1 75 
6 127 211 284 285 301 309 
4 78 144 156 192 
4 157 172 250 258 
4 95 194 211 316 
3 98 101 230 
7 79 115 138 155 185 283 296 
5 22 29 83 183 276 
4 46 69 104 171 
12 2 7 43 53 55 97 185 199 218 232 289 306 
4 35 159 172 232 
3 40 202 304 
4 3 28 70 71 
6 35 36 71 179 243 318 
7 68 96 97 98 152 281 296 
7 119 131 160 178 213 258 287 
4 148 192 225 289 
3 96 99 176 
7 19 69 149 180 223 282 285 
3 61 126 176 
6 53 61 155 205 258 281 
9 3 5 96 160 191 217 256 290 299 
3 98 101 269 
5 37 242 265 294 308 
6 2 66 84 184 190 224 
320 761
4 53 163 187 218 
5 4 27 52 97 151 
5 24 121 161 167 212 
3 27 80 239 
4 1 138 205 208 
6 140 151 190 194 225 276 
8 16 29 51 86 201 214 243 259 
2 101 217 
4 69 76 78 223 
6 82 207 229 237 295 299 
6 38 64 96 156 201 319 
4 126 199 222 294 
6 108 136 198 216 221 256 
4 65 136 242 264 
6 69 86 121 122 163 182 
5 219 222 288 307 314 
7 6 111 123 224 232 260 291 
3 44 70 116 
2 126 135 
3 45 64 140 
4 61 73 180 233 
5 146 154 211 266 270 
3 286 298 319 
2 25 76 
5 2 156 260 283 285 
8 23 80 90 96 144 191 244 275 
6 149 159 188 212 223 247 
3 1 3 206 
4 41 56 128 147 
5 6 47 49 62 114 
3 107 195 240 
4 93 145 157 190 
3 203 204 230 
3 139 173 284 
5 63 81 161 262 285 
6 38 39 48 77 133 179 
1 196 
7 63 183 186 203 228 245 311 
9 10 35 49 85 88 93 161 272 284 
3 35 156 222 
5 62 79 138 268 315 
6 28 43 181 228 244 283 
1 146 
7 41 47 95 121 143 218 310 
6 17 101 130 165 223 284 
3 19 134 161 
1 318 
4 29 43 53 106 
5 35 60 76 91 242 
9 29 38 59 75 103 152 170 197 294 
6 149 171 185 230 289 303 
3 6 274 281 
5 1 82 102 312 313 
3 0 47 101 
6 62 103 188 218 224 262 
3 129 279 288 
4 28 89 113 182 
3 133 161 312 
3 113 187 296 
4 49 80 90 196 
4 48 188 193 253 
6 20 72 85 141 269 279 
5 29 40 54 93 213 
2 34 37 
5 10 19 123 167 271 
7 13 87 191 234 246 275 281 
10 72 110 122 179 182 211 225 245 262 311 
7 74 125 154 171 174 299 308 
1 301 
6 8 14 145 225 256 281 
7 17 85 175 253 264 265 313 
2 207 249 
3 61 66 195 
4 20 145 290 309 
7 67 205 214 246 288 296 297 
4 49 114 167 268 
3 8 23 48 
3 35 294 309 
1 8 
7 40 162 165 181 185 275 305 
6 3 25 59 165 193 234 
5 34 122 222 239 277 
3 9 52 220 
9 90 133 138 175 233 251 256 267 272 
6 104 140 150 187 238 266 
5 38 61 70 121 269 
6 6 14 157 245 272 318 
10 65 100 103 131 145 188 201 204 225 245 
3 38 110 311 
6 56 96 140 178 216 252 
7 25 59 83 123 137 149 191 
2 48 150 
1 263 
6 31 38 62 254 303 313 
3 166 216 294 
3 43 162 282 
9 10 25 89 155 168 238 245 254 299 
1 1 
1 241 
7 183 202 211 221 240 243 274 
3 87 123 198 
4 7 44 53 300 
4 52 146 170 244 
7 49 54 87 218 220 286 289 
2 84 276 
4 193 268 275 277 
5 47 108 133 213 308 
7 30 125 148 232 236 260 304 
6 12 106 119 162 216 317 
1 192 
5 66 88 139 140 289 
2 16 275 
3 178 270 286 
5 56 58 160 187 290 
2 29 75 
2 274 297 
7 17 128 159 177 234 284 306 
5 125 140 156 175 261 
2 128 219 
4 108 131 163 204 
5 138 142 208 214 241 
8 2 14 43 85 196 203 224 228 
7 14 66 81 135 159 193 227 
6 16 64 90 100 160 251 
2 155 255 
9 67 107 117 139 174 184 267 291 292 
6 11 18 140 229 303 306 
3 133 254 319 
5 28 116 118 210 234 
4 55 149 276 284 
4 44 152 194 222 
3 87 119 294 
5 144 208 211 237 247 
12 35 57 83 106 127 135 171 194 231 296 304 310 
5 45 211 293 298 311 
5 18 122 133 141 222 
4 12 13 154 174 
6 90 201 233 248 253 270 
5 4 40 83 120 255 
5 33 110 125 140 217 
11 5 19 84 89 110 117 126 139 212 214 281 
7 61 135 174 248 267 288 293 
3 120 168 283 
2 43 195 
7 25 132 155 162 165 234 247 
5 31 69 73 87 233 
7 21 42 102 193 259 275 295 
4 28 153 253 280 
4 107 169 222 258 
5 26 50 90 129 300 
7 84 91 165 169 216 246 270 
6 1 5 160 195 207 228 
3 49 130 296 
3 147 211 264 
5 21 67 136 171 283 
5 96 124 144 163 257 
7 10 24 39 117 169 247 313 
5 31 86 170 257 313 
3 174 216 272 
4 26 116 122 231 
10 113 123 151 167 173 179 195 232 237 253 
7 2 34 38 45 57 163 258 
6 79 95 108 144 176 213 
6 0 14 119 155 161 168 
2 266 303 
5 44 79 80 144 150 
4 94 242 276 297 
8 2 64 75 160 172 208 257 293 
6 96 142 163 173 245 280 
5 148 150 156 223 224 
4 49 102 157 317 
8 50 67 133 154 178 224 251 279 
4 167 191 227 291 
5 33 160 168 234 235 
7 67 125 136 141 158 180 281 
4 70 83 117 254 
4 162 200 236 252 
4 116 198 217 289 
5 89 112 171 245 278 
5 35 66 160 254 289 
5 20 174 188 202 239 
4 41 79 243 313 
5 14 56 66 218 311 
2 37 99 
2 125 294 
5 50 79 194 201 280 
3 37 219 277 
4 0 58 84 113 
7 26 54 60 87 180 207 308 
1 260 
4 5 31 202 300 
6 25 65 90 172 273 300 
2 109 241 
6 60 80 105 122 146 290 
9 5 130 133 185 203 244 259 298 299 
6 30 72 143 151 160 251 
4 36 59 121 217 
3 49 209 237 
6 12 100 177 202 252 298 
2 11 247 
4 176 205 214 239 
7 6 10 87 137 185 244 304 
5 99 180 190 198 277 
6 32 37 121 194 205 275 
3 32 87 119 
7 4 74 200 203 296 316 318 
1 27 
5 9 71 151 188 305 
6 4 120 132 167 232 255 
4 197 221 222 259 
1 128 
9 21 66 99 132 134 153 256 309 317 
5 2 26 140 276 315 
6 62 106 162 225 237 268 
9 6 74 120 140 200 223 240 268 293 
0 
9 12 89 94 108 150 158 272 289 307 
6 7 139 177 196 231 292 
7 0 43 54 103 182 250 283 
3 15 118 186 
3 82 103 292 
4 12 99 209 249 
9 11 15 39 81 130 135 148 209 263 
6 8 26 44 169 214 227 
7 16 54 121 169 171 237 299 
6 5 66 69 87 213 238 
1 277 
7 122 172 223 239 248 297 318 
4 37 41 121 151 
2 9 126 
2 32 50 
3 133 159 217 
4 16 107 160 208 
8 20 83 137 145 240 250 275 292 
8 65 80 116 128 144 173 260 312 
3 173 253 255 
5 107 176 239 270 281 
8 9 132 160 197 213 224 302 309 
5 84 96 225 259 284 
7 3 81 180 200 227 236 289 
4 30 99 214 233 
6 98 120 192 253 269 316 
3 13 48 166 
4 6 99 181 264 
6 25 41 102 194 201 300 
7 37 66 86 87 96 168 178 
4 65 74 150 267 
6 26 132 144 156 199 301 
3 137 141 227 
3 71 221 256 
5 218 233 262 270 304 
4 83 123 171 195 
3 89 176 198 
10 60 70 137 147 160 235 241 258 261 288 
8 93 96 127 175 179 290 308 316 
5 124 138 208 235 307 
5 12 69 83 211 249 
5 155 157 167 277 286 
4 148 161 253 278 
7 6 146 194 209 238 270 285 
5 16 24 107 189 234 
4 117 253 263 295 
4 34 54 66 250 
3 92 222 261 
5 13 70 153 243 273 
1 70 
3 21 84 164 
5 83 125 141 246 301 
7 40 75 105 213 214 271 312 
4 61 85 241 271 
8 21 112 137 150 236 250 259 286 
5 64 268 269 273 315 
5 38 83 86 158 216 
3 191 264 271 
4 51 99 115 298 
9 25 65 79 105 111 146 203 233 314 
5 5 104 129 166 212 
6 81 105 186 202 226 257 
2 178 258 
3 55 61 171 
3 147 168 185 
7 51 65 69 140 174 236 287 
1 95 
5 24 41 142 154 218 
6 33 38 44 116 129 238 
3 24 34 259 
6 22 103 112 257 270 318 
3 281 297 303 
6 15 55 74 141 253 296 
7 50 103 110 177 179 216 239 
4 73 113 193 254 
4 16 125 172 301 
4 125 217 220 233 
4 134 141 167 214 
7 11 49 77 94 131 184 304 
4 9 146 261 302 
7 58 74 133 152 205 288 301 
6 74 115 166 227 287 299 
5 22 134 194 198 274 
6 9 67 96 194 224 297 
5 101 149 190 191 244 
6 68 247 267 291 296 307 
2 237 295 
5 50 93 126 164 287 
5 107 133 201 250 294 
2 79 207 
3 116 126 319 
4 15 216 255 301 
4 67 106 188 254 
4 73 77 211 237 
2 43 133 
5 37 66 88 134 182 
4 52 57 234 268 
6 52 70 93 156 157 181 
2 15 275 
3 40 212 271 
3 205 241 254 
3 108 170 211 
5 46 86 205 227 286 
4 10 22 127 306 
