340 800
6 15 111 153 191 280 294 
4 14 152 163 175 
6 47 161 177 211 264 279 
10 18 69 99 227 247 256 273 311 320 327 
2 111 146 
4 8 24 103 216 
8 83 97 118 150 165 324 327 329 
3 94 164 269 
4 5 90 123 166 
5 28 67 82 163 290 
4 70 167 205 319 
4 45 64 217 296 
2 260 275 
6 74 121 162 179 195 276 
3 1 65 274 
6 0 114 125 219 253 295 
6 45 116 125 194 207 325 
6 50 72 90 180 245 311 
7 3 73 111 202 253 314 335 
7 69 70 143 178 202 262 270 
1 136 
4 121 144 179 223 
3 51 101 141 
5 26 101 166 247 320 
4 5 81 164 323 
3 85 240 329 
2 23 65 
9 58 101 149 218 275 300 324 326 329 
7 9 32 75 109 227 283 303 
5 90 153 207 325 330 
4 52 95 97 109 
7 127 141 177 200 220 227 228 
2 28 252 
7 122 127 142 214 217 275 293 
6 50 89 141 195 228 255 
8 38 99 107 129 137 183 225 254 
4 67 130 277 301 
3 74 205 283 
5 35 55 105 208 237 
3 116 238 271 
2 179 335 
2 99 111 
4 67 178 188 208 
5 130 177 243 265 322 
1 273 
8 11 16 101 112 153 206 311 332 
1 178 
3 2 134 262 
4 49 221 271 325 
4 48 240 298 338 
10 17 34 75 81 105 121 275 281 296 317 
8 22 100 154 181 194 262 281 323 
3 30 59 139 
1 200 
4 69 94 128 220 
3 38 76 333 
5 76 128 161 210 301 
8 110 112 212 213 234 253 331 338 
4 27 89 136 316 
3 52 106 309 
1 90 
4 95 166 251 325 
2 97 211 
7 140 158 192 226 271 314 329 
7 11 85 167 192 283 293 338 
5 14 26 153 262 309 
6 106 202 222 237 238 264 
5 9 36 42 82 287 
6 160 164 270 304 329 335 
6 3 19 54 193 282 287 
7 10 19 125 193 263 313 337 
2 187 195 
6 17 160 201 240 265 318 
6 18 128 133 151 296 339 
4 13 37 76 133 
3 28 50 139 
8 55 56 74 117 128 306 322 326 
2 136 193 
1 184 
0 
1 222 
4 24 50 278 296 
3 9 67 100 
7 6 179 184 186 191 197 235 
0 
8 25 64 125 143 166 196 255 330 
6 133 169 208 210 273 295 
1 268 
6 117 128 223 231 272 277 
7 34 58 114 118 293 328 333 
12 8 17 29 60 102 106 169 203 268 296 305 313 
4 143 162 280 295 
4 142 176 183 280 
4 229 233 298 337 
5 7 54 149 213 293 
8 30 61 117 146 199 219 223 266 
2 196 313 
7 6 30 62 213 223 224 335 
0 
7 3 35 41 100 195 221 234 
8 51 82 99 154 172 271 278 297 
9 22 23 27 45 155 162 227 272 294 
7 90 126 141 201 225 228 239 
2 5 113 
2 177 283 
6 38 50 132 147 166 286 
5 59 66 90 180 234 
4 35 125 189 261 
2 137 302 
8 28 30 112 175 202 227 247 283 
1 57 
5 0 4 18 41 291 
7 45 57 109 185 212 231 240 
5 103 182 204 263 322 
6 15 89 169 268 277 319 
2 192 273 
6 16 39 134 143 247 281 
5 76 88 95 156 193 
5 6 89 176 187 338 
4 130 226 252 316 
2 170 325 
5 13 21 50 319 335 
8 33 135 192 232 242 253 274 303 
3 8 142 281 
3 233 292 297 
9 15 16 70 85 107 129 146 232 312 
2 102 158 
4 31 33 258 313 
7 54 56 73 76 88 295 335 
5 35 125 182 240 307 
5 36 43 119 238 278 
1 193 
5 105 153 223 228 278 
6 73 74 86 253 275 321 
3 47 116 288 
3 122 183 323 
4 20 58 77 228 
8 35 108 141 179 199 209 262 327 
4 197 237 320 323 
4 52 75 265 279 
4 63 225 271 322 
8 22 31 34 102 137 159 190 274 
7 33 92 123 206 223 252 321 
7 19 85 91 116 230 289 295 
6 21 151 228 300 303 324 
2 174 184 
6 4 95 125 229 245 258 
3 105 205 305 
2 193 240 
4 27 94 178 266 
2 6 311 
4 73 144 234 324 
6 1 246 270 272 273 334 
10 0 29 45 65 132 202 209 229 259 330 
6 51 100 197 201 288 292 
2 101 304 
5 117 177 242 244 329 
1 184 
6 63 126 160 242 263 298 
3 141 262 330 
5 68 72 158 259 266 
4 2 56 305 323 
5 13 91 101 164 306 
10 1 9 167 192 201 211 220 223 281 288 
5 7 24 68 162 199 
2 6 225 
8 8 23 61 85 105 170 196 293 
9 10 64 163 199 222 244 247 275 324 
4 218 261 275 313 
5 86 90 114 261 309 
4 120 166 175 294 
2 195 231 
1 100 
3 206 276 289 
2 145 196 
4 1 109 170 316 
4 92 118 181 210 
7 2 31 43 104 156 187 260 
7 19 42 46 149 184 189 322 
7 13 21 40 83 137 197 319 
4 17 106 238 317 
3 51 176 270 
5 113 129 194 197 296 
8 35 92 135 215 241 265 295 315 
5 78 83 145 157 178 
4 112 226 311 334 
5 83 223 263 268 312 
5 71 118 177 281 323 
2 42 330 
4 107 178 227 288 
3 141 209 310 
5 0 83 248 274 302 
6 63 64 115 122 163 299 
9 69 70 77 117 131 148 205 266 276 
4 16 51 182 254 
8 13 34 71 99 171 289 290 328 
6 85 96 166 174 271 304 
6 83 138 154 179 182 331 
2 219 230 
7 95 137 164 167 272 293 338 
3 31 53 230 
5 72 102 154 163 275 
7 18 19 66 109 153 204 326 
3 90 244 328 
4 113 202 273 278 
7 10 37 147 193 293 315 324 
4 45 142 173 284 
3 16 29 261 
5 38 42 86 271 308 
7 137 153 190 215 283 295 300 
5 56 86 176 243 324 
6 2 62 163 292 307 309 
5 57 112 238 318 336 
3 57 94 97 
3 33 230 272 
2 183 209 
3 5 315 332 
4 11 33 238 276 
6 27 168 296 302 315 337 
6 15 95 198 271 305 322 
6 31 54 163 265 320 327 
3 48 99 243 
6 66 80 167 234 264 272 
10 21 88 95 97 132 142 163 186 226 301 
2 97 248 
6 35 102 140 165 246 272 
5 63 119 185 223 275 
8 3 28 31 101 109 189 257 314 
6 31 34 102 132 136 144 
4 93 146 153 235 
5 143 198 200 214 242 
4 88 112 171 244 
8 122 125 257 295 314 323 326 327 
2 93 124 
7 57 99 106 151 222 276 339 
3 83 229 239 
1 305 
6 38 66 138 246 249 312 
9 39 66 130 180 212 217 282 306 339 
2 102 235 
8 25 49 72 112 129 148 262 295 
1 183 
4 122 156 158 230 
4 43 210 221 277 
4 156 167 203 231 
3 17 146 262 
5 152 225 237 267 335 
6 3 23 109 116 167 306 
3 191 224 312 
1 237 
0 
1 61 
4 32 119 142 270 
8 15 18 57 122 133 270 285 293 
5 35 194 255 282 338 
4 34 85 254 321 
2 3 279 
3 227 232 326 
4 127 146 330 335 
3 153 160 273 
3 12 177 325 
6 107 168 169 207 269 333 
8 19 47 51 65 137 159 240 245 
5 70 113 158 186 280 
4 2 66 222 296 
6 43 72 139 183 220 317 
6 95 149 160 193 273 328 
1 246 
6 87 90 114 186 285 311 
2 7 261 
7 19 68 152 181 252 253 307 
8 39 48 63 100 140 196 208 219 
8 88 101 152 199 214 222 225 304 
8 3 44 86 115 152 204 259 266 
5 14 122 141 191 335 
10 12 27 33 50 133 167 168 201 226 337 
6 13 173 193 217 234 293 
4 36 88 114 243 
6 81 100 130 132 204 310 
3 2 139 256 
5 0 91 92 263 331 
6 50 51 116 123 163 187 
4 69 238 254 307 
6 28 37 64 104 109 209 
1 206 
4 253 268 299 323 
1 105 
6 67 69 297 305 325 328 
4 134 154 163 189 
3 143 173 195 
2 9 195 
1 111 
4 124 154 211 299 
9 33 64 89 94 166 199 205 253 276 
4 0 101 170 297 
9 15 86 91 128 143 183 209 232 240 
10 11 50 73 81 90 182 218 264 311 326 
5 100 124 287 294 325 
3 49 93 158 
5 192 285 292 302 337 
3 27 144 209 
3 36 56 223 
5 108 191 218 299 316 
3 28 122 144 
4 68 155 196 272 
6 90 147 161 219 236 287 
4 76 162 238 247 
4 129 211 270 282 
2 208 339 
4 59 65 169 211 
2 190 278 
7 3 17 45 150 185 268 296 
4 125 186 237 248 
6 70 90 96 127 168 321 
4 18 63 227 232 
4 183 205 216 218 
4 58 119 175 302 
3 50 180 265 
3 72 212 336 
4 10 114 121 179 
4 3 23 138 220 
4 133 142 255 313 
6 43 76 113 140 178 219 
8 24 51 135 138 161 187 232 285 
7 6 27 144 151 167 205 210 
9 16 29 48 61 120 260 287 297 332 
6 27 76 202 232 257 296 
5 3 6 137 220 232 
5 89 195 203 266 287 
6 6 25 27 63 68 156 
6 29 85 153 159 188 258 
3 57 197 280 
3 45 216 325 
3 55 89 261 
2 152 185 
9 18 40 68 97 121 128 246 258 274 
2 212 318 
5 70 93 218 275 299 
7 49 57 64 118 199 254 339 
5 73 234 238 308 338 
340 800
9 6 34 157 158 221 255 258 268 297 
1 136 
8 74 101 117 173 176 214 259 260 
6 144 210 216 245 310 326 
3 68 86 169 
3 51 135 205 
4 0 30 31 323 
7 8 21 57 102 113 152 289 
3 7 84 192 
6 16 103 110 147 251 291 
2 19 267 
7 38 45 51 104 120 129 327 
3 40 222 282 
5 35 41 197 255 296 
6 202 266 272 275 311 328 
8 40 116 162 188 218 229 235 253 
5 9 22 113 254 280 
4 95 118 132 160 
2 194 200 
3 10 157 257 
2 183 194 
7 7 34 54 112 127 170 324 
10 16 129 138 166 172 184 208 268 303 334 
9 75 132 139 142 150 237 265 269 323 
5 198 202 249 254 287 
3 114 150 194 
4 101 104 134 189 
1 280 
6 98 104 158 270 333 335 
8 58 79 109 156 176 212 263 308 
8 6 105 121 142 156 179 254 295 
1 6 
6 101 144 181 211 307 336 
1 163 
3 0 21 195 
4 13 64 147 236 
8 122 133 162 168 201 210 299 302 
2 187 241 
8 11 133 135 155 191 220 303 332 
4 65 211 230 294 
5 12 15 132 255 295 
3 13 103 296 
2 91 151 
2 219 319 
5 45 178 202 300 305 
7 11 44 48 197 273 274 308 
6 75 115 170 184 247 329 
5 116 244 262 271 318 
1 45 
10 110 130 176 222 223 243 250 271 277 328 
4 73 167 221 323 
7 5 11 151 233 265 313 317 
1 103 
2 149 277 
5 21 229 259 304 333 
5 91 100 153 215 254 
1 62 
8 7 94 123 133 155 218 219 285 
4 29 115 116 211 
4 168 237 250 290 
3 66 139 235 
4 112 192 214 319 
6 56 88 145 223 252 320 
4 106 130 145 321 
3 35 109 254 
4 39 218 224 302 
4 60 138 175 230 
3 70 162 258 
5 4 80 145 222 252 
5 215 250 267 281 327 
4 67 181 236 324 
6 82 124 177 224 298 323 
2 179 192 
4 50 95 217 329 
3 2 176 289 
7 23 46 85 88 180 224 243 
2 133 227 
6 112 149 153 160 313 337 
3 131 230 333 
4 29 97 134 335 
4 68 96 97 108 
10 117 119 120 162 226 277 289 325 335 336 
2 71 305 
3 160 184 321 
1 8 
7 75 114 142 193 302 304 322 
4 4 144 183 303 
0 
9 62 75 106 142 143 215 256 282 335 
3 94 217 303 
9 123 134 138 160 167 171 240 289 320 
4 42 55 213 277 
5 111 234 238 325 334 
2 149 201 
5 57 89 137 214 318 
4 17 73 100 227 
3 80 146 271 
9 79 80 98 147 252 283 293 315 322 
3 28 97 298 
4 110 187 259 278 
4 55 95 147 317 
9 2 26 32 104 165 168 184 220 263 
4 7 269 294 312 
8 9 41 52 135 157 162 266 298 
7 11 26 28 101 192 224 235 
6 30 172 238 260 312 332 
7 63 88 149 160 181 237 321 
3 168 214 259 
6 80 222 271 277 292 332 
5 29 64 181 263 314 
4 9 49 99 271 
2 92 162 
5 21 61 77 156 282 
6 7 16 118 218 219 321 
8 25 85 145 185 213 265 275 283 
3 46 58 237 
6 15 47 58 134 139 272 
5 2 81 133 149 152 
4 17 113 199 330 
2 81 182 
6 11 81 186 255 293 339 
4 30 169 194 329 
5 36 163 212 280 307 
3 57 90 135 
2 71 294 
6 132 144 165 198 236 262 
2 166 197 
6 21 182 183 191 223 314 
1 186 
7 11 22 176 252 291 325 329 
6 49 63 211 263 322 325 
4 78 187 222 323 
7 17 23 40 125 218 304 326 
8 36 38 57 76 117 142 184 272 
5 26 79 90 116 278 
8 5 38 103 123 161 259 266 333 
5 1 151 163 201 318 
5 94 200 202 227 334 
8 22 66 90 158 213 243 277 297 
6 23 60 116 145 186 315 
3 172 202 242 
3 237 280 301 
7 23 30 85 88 133 278 320 
10 88 152 180 183 203 217 254 296 306 333 
5 3 32 86 125 222 
7 62 63 68 114 139 162 322 
6 96 152 168 206 292 324 
5 9 35 97 100 324 
4 168 189 205 230 
8 53 77 93 106 117 194 202 304 
5 23 25 274 309 339 
6 42 51 136 217 320 336 
6 7 117 143 146 226 339 
7 55 77 173 180 246 298 319 
3 193 267 319 
3 38 57 166 
5 29 30 112 186 228 
5 0 19 103 167 255 
6 0 28 138 161 245 260 
2 283 286 
9 17 77 83 90 106 176 215 250 274 
4 135 158 302 328 
7 15 36 67 81 103 111 145 
6 33 122 136 252 287 311 
1 198 
6 101 125 179 260 265 334 
6 22 126 155 224 268 312 
4 50 90 157 334 
8 36 59 101 107 146 148 174 276 
3 4 121 206 
2 21 46 
5 90 196 226 323 335 
4 22 105 140 267 
4 2 153 289 325 
2 168 184 
1 66 
6 2 29 49 74 129 160 
4 71 240 313 320 
1 44 
6 30 72 165 298 301 308 
6 75 143 153 214 231 281 
5 32 70 106 109 205 
3 119 127 206 
6 20 86 127 143 233 257 
7 22 46 83 101 133 174 285 
1 114 
9 120 128 139 156 225 237 295 327 330 
4 37 99 131 290 
2 15 331 
5 26 148 249 275 334 
2 307 322 
3 38 127 270 
5 8 61 72 104 207 
4 85 154 220 258 
7 18 20 25 121 149 254 318 
2 34 215 
2 171 303 
4 13 45 126 307 
6 24 125 164 222 261 277 
1 118 
3 18 137 287 
6 36 93 136 219 246 320 
7 14 24 44 137 140 149 272 
4 143 266 270 273 
0 
4 5 148 181 304 
4 146 169 182 239 
3 192 269 320 
3 22 264 336 
1 336 
4 3 36 260 273 
6 32 39 58 130 215 265 
3 29 122 326 
7 91 114 138 220 283 329 331 
8 2 61 94 107 180 265 269 288 
10 55 69 88 160 195 211 269 271 306 310 
2 3 309 
4 73 89 143 151 
6 15 57 65 113 132 271 
7 43 57 113 201 222 242 306 
8 38 101 193 213 225 292 299 337 
2 0 50 
12 12 49 68 108 131 144 198 219 268 284 294 301 
4 49 62 127 252 
8 65 71 75 104 166 260 323 337 
2 186 220 
4 81 152 171 311 
5 76 95 137 250 281 
6 156 236 254 263 320 331 
2 15 54 
7 39 66 78 148 254 269 317 
2 180 336 
0 
4 51 183 293 299 
1 92 
3 15 60 104 
4 35 70 125 228 
7 23 59 106 115 141 186 256 
2 92 105 
3 206 247 271 
2 90 177 
5 37 249 291 308 328 
2 140 219 
4 49 75 138 315 
4 47 254 272 321 
3 3 158 268 
4 153 201 298 308 
7 46 239 279 288 289 296 329 
0 
5 24 189 241 319 327 
6 49 59 69 160 227 310 
2 9 285 
6 62 68 97 129 163 223 
2 15 296 
10 16 24 30 55 64 143 194 228 230 244 
6 0 13 40 120 157 301 
4 88 237 262 327 
4 19 183 266 281 
4 0 67 193 298 
8 2 54 99 107 135 261 311 314 
9 2 105 158 165 210 224 287 299 327 
4 198 259 265 281 
4 47 125 256 272 
7 29 101 109 130 228 318 339 
5 208 292 295 313 319 
8 23 51 114 165 211 214 261 325 
6 14 103 135 203 257 306 
4 10 69 154 172 
5 0 22 166 222 245 
7 23 102 207 214 215 230 315 
3 28 191 203 
10 47 49 96 108 110 215 218 239 280 333 
7 14 116 133 202 244 262 316 
4 45 203 210 289 
4 45 150 160 295 
3 14 114 189 
1 168 
7 49 53 81 91 108 138 198 
5 99 134 142 309 313 
2 247 317 
6 16 27 122 141 271 323 
5 69 180 227 257 261 
4 12 88 112 331 
5 97 114 159 213 286 
1 222 
3 57 184 251 
3 159 283 292 
4 24 163 200 260 
3 214 247 321 
8 7 74 81 90 173 247 273 329 
3 59 187 297 
4 9 129 241 336 
6 108 146 220 264 286 306 
4 97 120 233 302 
6 39 102 124 222 310 327 
6 30 40 186 264 274 336 
5 13 41 143 247 253 
3 0 138 290 
8 71 98 103 153 179 246 258 307 
5 36 220 233 260 328 
1 44 
6 141 179 222 255 314 338 
5 36 65 85 161 293 
5 22 38 86 89 196 
5 54 85 132 149 205 
2 44 82 
5 143 215 219 266 292 
5 32 122 190 197 298 
6 29 45 179 241 246 324 
3 150 216 278 
4 3 215 250 294 
4 14 163 226 259 
4 102 105 166 318 
6 51 77 177 264 278 318 
4 109 127 259 301 
4 97 139 243 269 
2 272 318 
4 51 100 230 279 
9 47 94 136 194 263 312 313 316 325 
6 43 61 153 154 249 264 
8 62 90 142 151 177 201 207 228 
6 63 83 106 113 244 288 
5 85 97 130 145 190 
8 6 23 50 71 131 171 224 280 
5 21 70 146 147 308 
7 81 92 129 130 173 265 318 
3 3 132 212 
7 11 69 186 249 256 260 294 
5 14 49 161 241 299 
8 46 73 121 129 213 247 289 335 
2 118 186 
4 188 213 228 282 
3 38 105 108 
6 28 54 78 135 143 271 
6 22 92 137 165 167 189 
6 28 79 81 88 171 329 
8 32 81 151 208 209 231 291 295 
3 77 220 224 
1 301 
4 120 150 152 263 
