360 856
7 15 111 153 191 280 294 352 
2 143 155 
7 7 121 137 171 224 239 314 
9 9 39 167 187 196 213 251 260 267 
5 31 66 262 278 357 
4 116 316 330 351 
6 30 45 204 207 209 306 
6 2 24 129 281 314 357 
4 198 237 252 333 
5 3 110 219 316 354 
4 119 173 192 345 
1 76 
7 20 35 160 207 248 265 281 
3 16 130 339 
4 158 169 263 297 
7 0 68 139 148 217 230 348 
7 13 52 74 92 182 247 313 
5 54 92 234 295 316 
6 29 30 103 138 162 230 
1 75 
7 12 39 62 97 141 286 336 
3 38 239 314 
5 42 123 196 272 355 
2 178 254 
4 7 74 163 212 
4 183 226 274 343 
8 67 92 116 121 135 178 212 330 
5 54 74 171 234 288 
4 75 80 111 156 
6 18 164 214 237 257 265 
3 6 18 267 
9 4 115 120 135 207 210 268 286 348 
6 60 112 166 199 226 313 
8 48 56 78 86 132 174 203 319 
4 57 204 228 303 
4 12 110 188 311 
3 91 120 299 
1 339 
3 21 174 236 
6 3 20 181 292 302 322 
4 221 268 334 356 
2 95 341 
6 22 146 157 198 251 356 
1 61 
3 133 261 339 
4 6 197 247 301 
6 193 251 291 317 323 347 
6 51 205 211 226 247 318 
7 33 61 101 169 188 230 253 
0 
4 61 215 240 274 
3 47 58 198 
6 16 148 174 226 259 308 
7 93 184 186 286 287 308 327 
6 17 27 100 107 139 186 
3 62 132 335 
2 33 92 
6 34 73 144 229 303 352 
2 51 165 
8 70 88 122 156 201 244 259 290 
7 32 73 98 189 199 244 333 
7 43 48 50 144 191 261 357 
7 20 55 80 95 96 122 212 
3 121 265 269 
5 80 114 139 145 273 
3 73 180 318 
5 4 75 99 217 225 
5 26 165 206 270 323 
6 15 113 131 276 319 321 
2 88 358 
3 59 310 321 
4 211 227 231 303 
2 73 325 
4 57 60 65 72 
4 16 24 27 311 
5 19 28 66 341 359 
2 11 137 
5 190 195 197 202 246 
1 33 
7 84 102 125 155 214 289 345 
8 28 62 64 102 141 143 206 228 
3 175 275 286 
5 112 153 158 245 249 
7 148 183 188 206 210 273 307 
7 79 97 134 142 220 239 357 
5 98 192 226 233 330 
3 33 252 256 
4 88 145 209 289 
8 59 69 87 115 168 188 192 235 
2 138 255 
4 128 138 139 250 
4 36 228 323 349 
6 16 17 26 56 95 254 
8 53 105 112 131 227 234 299 344 
7 101 170 185 245 269 272 283 
4 41 62 92 129 
4 62 165 271 354 
5 20 84 107 126 246 
6 60 85 112 166 289 353 
3 66 165 272 
7 54 178 218 281 308 333 353 
3 48 94 131 
3 79 80 339 
5 18 204 231 250 259 
4 172 194 253 312 
5 93 130 229 238 280 
3 124 205 289 
6 54 97 150 184 281 318 
2 271 282 
4 183 195 291 317 
4 9 35 132 205 
6 0 28 112 324 340 357 
12 32 82 93 98 111 167 207 217 228 249 278 333 
2 68 226 
6 64 148 207 212 258 275 
5 31 88 117 197 256 
3 5 26 325 
3 115 138 331 
4 130 187 245 312 
3 10 212 252 
4 31 36 136 303 
6 2 26 63 135 140 190 
5 59 62 134 156 202 
3 22 138 237 
3 106 142 250 
7 79 131 169 189 199 252 317 
5 97 155 195 278 281 
3 191 205 350 
4 90 165 251 282 
6 7 95 136 265 282 311 
7 13 105 118 151 256 315 321 
9 68 93 101 125 144 221 293 296 317 
5 33 55 110 134 144 
5 44 156 172 185 324 
5 84 122 132 199 325 
5 26 31 121 229 317 
3 120 129 328 
4 2 76 217 307 
11 18 89 90 117 123 195 221 222 283 337 344 
9 15 54 64 90 144 174 245 297 301 
3 121 169 173 
7 20 80 151 207 272 274 359 
4 84 124 179 336 
5 1 80 202 223 258 
6 57 61 131 132 139 255 
4 64 87 149 156 
5 42 160 178 196 338 
7 163 188 207 216 219 277 284 
6 15 52 83 114 159 359 
3 145 267 293 
6 107 181 259 304 307 335 
7 130 141 176 241 284 298 336 
3 247 295 330 
5 0 82 243 312 348 
0 
6 1 79 126 247 317 330 
6 28 59 122 133 145 199 
3 42 281 338 
4 14 82 276 349 
3 148 234 239 
5 12 146 173 208 330 
1 210 
3 18 203 287 
7 24 147 190 265 291 315 345 
1 29 
9 58 67 96 99 128 196 281 304 346 
4 32 98 193 198 
4 3 112 171 213 
5 88 180 227 288 358 
6 14 48 125 140 269 355 
3 94 192 220 
7 2 27 167 176 228 289 299 
3 104 133 235 
7 10 140 160 228 229 267 353 
5 33 38 52 139 201 
4 81 186 215 226 
6 151 171 225 246 291 322 
1 323 
5 23 26 100 146 208 
3 142 204 288 
4 65 168 189 343 
5 39 150 187 196 289 
2 16 221 
8 25 83 109 186 223 260 340 345 
4 53 107 242 323 
6 94 133 245 260 262 318 
6 53 54 175 183 225 243 
5 3 118 181 216 258 
5 35 48 83 88 147 
6 60 125 180 207 252 290 
8 77 121 163 262 268 281 303 357 
7 0 61 127 223 240 302 357 
7 10 85 88 170 197 231 339 
6 46 166 203 211 281 356 
2 104 253 
6 77 109 126 138 227 343 
7 3 22 146 165 181 274 331 
5 45 77 115 192 311 
5 8 42 51 166 266 
7 32 60 125 134 156 216 336 
5 215 234 243 246 247 
5 59 174 249 312 316 
4 77 122 143 328 
7 33 162 193 215 218 281 352 
5 6 34 103 179 254 
6 47 106 110 127 222 255 
3 67 80 83 
9 6 12 31 112 114 141 147 189 223 
4 160 178 246 344 
4 6 87 262 325 
4 31 83 161 273 
3 47 71 193 
6 24 26 62 114 119 290 
7 3 167 230 245 253 300 327 
4 29 79 305 346 
5 50 175 200 203 331 
6 147 187 199 273 278 296 
6 15 66 112 137 285 307 
4 100 203 230 330 
3 9 147 281 
5 84 170 237 266 321 
6 40 131 138 182 283 309 
3 138 205 307 
4 143 183 191 207 
2 2 330 
5 66 176 186 262 281 
8 25 32 47 52 85 113 175 288 
5 71 93 168 195 296 
7 34 80 91 112 171 173 256 
6 57 105 135 173 283 307 
9 15 18 48 213 218 257 265 285 288 
3 71 103 192 
2 249 338 
2 85 328 
8 17 27 93 159 200 244 302 337 
3 88 172 306 
1 38 
5 8 29 123 220 285 
2 105 286 
5 2 21 84 159 296 
2 50 191 
5 151 272 315 341 348 
2 184 271 
3 153 186 200 
4 59 60 234 308 
6 82 94 118 139 185 213 
6 77 97 176 200 208 283 
7 16 45 47 152 155 200 268 
2 12 280 
5 82 112 201 232 260 
3 90 103 124 
4 3 42 46 128 
6 8 86 119 125 189 299 
4 48 104 194 213 
3 23 92 204 
5 89 144 205 300 327 
7 86 115 130 228 260 305 342 
3 29 230 337 
4 114 143 187 340 
8 52 59 103 150 302 331 345 351 
6 3 183 185 249 256 312 
4 44 61 300 343 
7 4 185 190 209 225 287 321 
1 14 
5 338 340 341 351 359 
9 12 29 63 129 163 230 290 301 340 
5 198 220 271 274 293 
4 3 30 149 173 
4 31 40 190 247 
4 63 94 169 273 
2 67 282 
4 96 108 242 266 
6 22 94 99 141 241 283 
5 64 83 210 216 269 
7 25 50 141 196 266 294 349 
2 81 114 
2 68 158 
3 147 293 353 
4 4 112 126 216 
0 
4 0 105 248 341 
14 7 12 100 107 126 157 165 190 193 203 219 225 307 323 
8 108 128 129 270 316 318 329 344 
8 94 138 221 229 246 272 309 347 
2 147 151 
6 217 230 237 320 332 341 
11 20 31 53 81 238 305 314 323 347 351 354 
4 53 162 262 327 
8 27 168 179 226 230 292 294 357 
6 79 87 98 106 171 181 
6 59 189 212 265 297 355 
5 46 109 163 176 337 
2 39 288 
4 131 149 266 277 
4 0 274 288 339 
4 17 152 308 328 
5 131 216 227 239 350 
3 14 139 290 
1 151 
4 36 93 171 252 
3 213 255 261 
5 45 139 265 333 350 
4 39 191 234 259 
6 34 57 71 120 190 335 
3 150 165 310 
4 214 256 286 355 
2 6 235 
7 83 137 150 217 222 229 281 
7 52 53 100 244 295 321 354 
4 221 283 334 357 
2 70 304 
4 35 74 129 197 
8 104 118 153 201 260 327 336 338 
2 16 32 
6 2 7 21 286 326 350 
3 130 163 241 
5 5 9 17 201 282 
7 46 109 125 131 135 155 348 
7 47 65 107 185 282 326 340 
2 33 68 
2 285 359 
6 68 70 130 220 262 308 
2 39 176 
7 46 67 91 177 184 281 286 
3 111 133 340 
4 72 116 134 209 
4 314 318 333 342 
5 53 213 255 287 312 
6 136 202 233 295 354 358 
2 282 340 
8 5 26 85 152 155 160 218 224 
5 117 196 215 259 347 
1 285 
6 8 60 100 112 301 326 
3 40 309 359 
3 55 150 303 
6 20 142 151 199 312 350 
4 138 234 257 291 
6 146 157 232 264 312 346 
6 13 37 44 102 192 294 
8 111 183 258 264 265 318 324 329 
7 41 75 241 264 280 285 346 
2 256 326 
4 25 180 195 261 
4 93 138 208 282 
7 10 79 163 183 259 352 353 
4 165 214 338 341 
4 46 283 286 331 
5 15 31 153 241 317 
3 91 158 274 
5 127 296 301 314 336 
4 5 259 264 286 
4 0 57 203 345 
5 98 100 173 277 345 
5 9 96 286 308 328 
4 22 169 290 305 
3 40 42 193 
9 4 7 61 84 111 190 191 288 309 
3 69 168 328 
6 75 141 148 264 320 334 
360 856
5 74 124 219 289 293 
7 12 61 170 223 268 336 345 
1 53 
1 167 
3 265 273 327 
4 22 82 129 325 
6 112 210 225 270 295 350 
6 29 52 80 269 333 343 
6 26 35 111 207 222 223 
5 36 59 275 282 322 
3 69 259 265 
5 86 127 154 255 257 
4 1 81 266 358 
6 83 143 146 227 229 282 
3 51 123 272 
1 66 
2 120 329 
6 19 32 69 147 184 234 
7 48 68 79 125 169 195 212 
3 17 48 88 
8 48 61 71 87 177 186 243 276 
5 27 95 138 166 188 
3 5 90 147 
4 54 73 91 119 
4 31 138 286 295 
3 169 205 302 
7 8 36 47 195 236 246 314 
6 21 36 239 345 355 358 
2 149 190 
6 7 47 89 159 204 228 
2 205 227 
7 24 63 133 238 250 286 314 
8 17 79 107 179 181 245 285 324 
3 136 230 259 
2 155 221 
9 8 126 182 232 242 310 311 326 353 
9 9 26 27 203 228 250 309 310 313 
2 105 218 
7 113 114 219 220 245 339 340 
3 99 283 327 
6 120 187 209 221 280 286 
5 52 113 135 183 276 
2 62 76 
6 72 91 112 189 210 295 
2 63 164 
3 64 285 335 
4 71 86 141 297 
6 26 29 61 99 169 249 
6 18 19 20 149 239 323 
7 79 94 102 262 265 319 348 
5 99 108 130 199 244 
5 14 96 177 178 184 
7 7 41 88 229 254 271 302 
7 2 57 64 260 315 335 337 
4 23 183 228 288 
5 85 95 109 119 152 
5 247 251 268 286 297 
6 53 67 77 138 168 287 
4 76 127 227 311 
5 9 242 291 315 338 
4 67 76 166 263 
6 1 20 47 203 270 316 
5 42 133 161 238 310 
4 31 44 164 226 
7 45 53 120 193 213 223 240 
0 
3 15 172 203 
5 57 60 84 202 285 
3 18 76 161 
4 10 17 109 303 
2 206 227 
4 20 46 214 258 
5 43 86 151 165 270 
4 23 96 107 284 
4 0 136 275 308 
2 145 206 
11 42 58 60 68 115 124 139 144 313 326 359 
2 57 78 
6 77 208 243 254 286 323 
14 18 32 49 146 154 239 247 256 265 287 304 325 345 347 
8 7 86 123 141 181 205 301 352 
3 12 86 100 
7 5 120 138 184 257 295 302 
4 13 157 188 217 
6 67 126 134 148 265 325 
3 55 266 356 
8 11 46 72 80 81 215 319 334 
7 20 94 163 189 280 285 339 
3 19 52 278 
9 29 96 98 154 231 260 267 295 298 
4 22 138 308 311 
6 23 43 138 323 339 342 
2 227 237 
2 229 244 
4 49 87 234 236 
8 21 55 173 178 208 245 270 314 
6 51 73 89 106 252 322 
3 114 158 342 
9 89 147 167 179 246 258 274 301 320 
6 39 47 50 214 260 264 
7 81 175 179 259 316 322 334 
7 186 200 235 255 286 323 347 
8 49 111 128 174 176 203 226 278 
4 132 210 234 346 
4 185 253 279 309 
7 37 236 243 245 267 291 332 
3 96 139 281 
7 32 73 209 223 274 287 341 
1 50 
5 55 69 115 242 311 
3 160 175 355 
2 8 102 
4 6 43 136 265 
5 38 41 278 284 350 
4 38 97 178 315 
6 76 109 202 256 312 324 
6 121 197 231 242 330 350 
3 140 194 237 
4 133 312 332 354 
8 23 55 165 211 276 300 320 356 
7 16 40 64 82 128 216 320 
4 116 256 274 295 
0 
6 14 80 174 229 316 358 
3 0 76 235 
6 18 193 234 257 301 359 
7 35 84 182 202 246 301 334 
4 11 58 168 352 
3 102 120 308 
3 5 200 253 
4 50 140 183 302 
4 137 155 244 347 
2 103 284 
3 31 62 118 
4 84 273 286 318 
4 41 266 321 324 
5 33 74 112 273 351 
4 131 216 289 339 
7 21 24 57 82 90 91 142 
6 76 106 177 262 289 314 
6 117 130 236 237 245 295 
3 46 80 284 
7 138 146 181 212 215 220 338 
3 13 147 266 
3 76 186 320 
4 75 239 325 336 
6 13 79 142 245 269 338 
4 17 22 98 143 
4 84 186 258 359 
3 28 48 347 
3 181 277 282 
2 72 266 
4 55 298 312 346 
3 191 199 347 
7 11 79 89 157 254 282 317 
6 34 131 187 214 255 304 
3 181 257 279 
4 83 154 211 251 
3 97 177 313 
2 29 261 
5 110 187 236 246 328 
6 62 68 251 259 291 342 
4 216 235 279 343 
4 87 165 257 333 
4 44 63 187 192 
7 72 119 163 198 217 292 303 
8 21 60 170 175 243 249 311 358 
4 3 98 169 197 
6 57 127 175 324 340 359 
7 18 25 47 167 197 211 280 
4 1 166 210 276 
2 193 258 
3 66 220 338 
4 95 198 200 236 
2 102 123 
5 100 110 166 168 348 
1 102 
5 20 51 139 158 303 
3 51 95 114 
4 32 98 100 327 
0 
6 32 80 142 150 156 301 
7 35 126 279 298 308 339 350 
6 41 54 130 194 276 350 
4 17 51 82 234 
1 104 
5 20 101 144 148 348 
8 40 155 160 164 238 240 315 357 
4 21 83 269 316 
5 43 87 257 306 345 
3 28 223 276 
6 153 233 235 260 335 359 
3 164 194 300 
5 64 125 171 299 311 
5 117 183 192 209 354 
6 18 26 199 212 293 295 
3 198 302 339 
5 116 167 169 228 277 
6 165 173 196 213 290 354 
5 50 153 195 274 287 
7 101 129 173 218 260 296 351 
1 332 
4 67 115 126 280 
5 36 61 66 102 357 
4 29 237 321 330 
5 25 30 80 325 347 
4 70 75 271 351 
2 8 253 
2 78 95 
6 40 107 194 233 250 305 
7 6 43 103 170 275 298 350 
5 119 157 169 226 231 
4 18 142 195 248 
3 64 198 316 
5 71 99 155 237 244 
2 86 142 
4 120 137 162 258 
5 83 165 320 322 324 
4 37 200 332 348 
5 0 38 223 292 351 
5 38 142 172 242 249 
5 34 40 295 328 357 
2 8 270 
6 1 8 64 107 190 219 
1 325 
2 6 316 
7 63 102 211 279 314 332 353 
8 13 30 58 70 92 297 305 318 
5 29 36 54 197 302 
4 13 52 93 123 
2 33 347 
7 89 116 211 247 285 306 337 
4 35 288 306 351 
7 191 209 250 277 292 353 359 
6 17 94 103 125 184 310 
5 101 124 162 191 273 
7 26 94 105 140 160 173 299 
8 92 117 140 204 214 280 282 305 
5 31 62 187 336 341 
6 27 48 79 145 305 340 
4 64 187 250 330 
2 321 334 
5 35 59 109 116 220 
4 20 78 105 166 
7 50 93 131 214 293 299 335 
9 32 38 95 105 140 146 274 283 332 
5 26 98 126 160 335 
3 56 79 231 
2 212 331 
3 47 166 220 
6 31 36 209 233 240 328 
4 56 157 161 278 
2 96 300 
4 104 129 207 328 
7 52 78 154 258 260 315 340 
5 11 101 155 273 352 
5 79 115 121 334 340 
7 11 82 125 156 163 189 281 
11 71 98 148 171 216 254 261 268 325 336 338 
6 10 33 100 161 270 305 
7 53 89 99 191 200 254 302 
3 159 258 349 
3 49 139 341 
3 60 289 314 
2 99 293 
6 4 10 49 79 84 112 
6 12 85 135 143 151 268 
4 89 105 280 321 
5 1 56 258 266 271 
4 7 146 188 285 
8 6 61 72 95 222 259 296 349 
4 52 206 268 347 
2 14 352 
6 4 134 136 235 255 304 
5 98 107 121 199 245 
6 9 74 210 295 329 345 
8 20 41 119 170 183 190 343 357 
4 150 197 233 279 
5 88 102 113 251 310 
6 104 156 162 182 226 277 
8 40 87 169 202 237 267 296 355 
4 106 257 286 288 
9 9 13 150 154 237 285 289 314 343 
4 39 245 326 359 
4 73 113 132 141 
7 32 45 67 87 231 269 282 
9 24 31 40 56 78 101 134 281 330 
5 57 79 107 199 355 
3 54 232 281 
6 0 137 139 263 282 344 
1 198 
3 59 105 161 
3 165 219 233 
6 0 195 244 264 294 314 
1 293 
12 6 24 43 82 89 121 140 195 221 275 311 328 
4 200 270 280 312 
5 46 56 227 357 358 
6 89 152 182 210 308 343 
4 193 236 244 317 
3 119 192 252 
5 80 98 125 126 181 
8 25 52 82 130 196 228 260 321 
3 69 165 177 
3 79 155 273 
7 209 227 237 239 259 329 346 
3 189 231 232 
2 316 326 
6 74 90 128 182 298 333 
3 36 104 343 
6 35 36 62 234 278 332 
8 35 58 90 109 166 193 295 336 
4 115 118 152 296 
4 36 76 158 318 
9 26 31 95 139 226 263 282 293 319 
6 53 59 114 187 254 350 
7 61 100 123 188 213 225 307 
2 154 299 
4 134 227 313 347 
4 49 86 314 345 
5 98 119 120 144 217 
5 135 204 241 267 302 
4 9 96 100 217 
5 48 78 91 101 330 
5 32 115 135 168 217 
7 5 79 84 145 205 224 258 
6 35 76 283 307 327 359 
4 4 39 179 326 
5 160 221 250 253 295 
4 16 275 305 338 
5 116 204 240 286 323 
1 248 
7 105 118 201 218 226 245 310 
3 7 163 308 
6 86 100 126 241 256 339 
5 45 53 191 244 246 
7 1 145 238 258 311 341 355 
2 53 231 
6 59 142 146 172 258 329 
7 38 87 91 137 182 196 334 
5 38 168 239 254 256 
4 107 238 262 336 
3 91 97 161 
6 7 162 276 282 298 309 
1 289 
7 1 27 79 189 275 319 352 
3 103 152 305 
9 79 101 131 149 153 205 230 271 318 
5 49 175 186 218 349 
4 261 270 348 355 
7 6 113 116 182 183 210 315 
5 136 200 206 219 232 
5 80 127 255 272 345 
3 35 226 233 
3 118 194 198 
6 27 110 280 287 336 349 
2 85 119 
5 187 203 221 276 297 
5 12 27 123 166 297 
8 76 125 148 168 191 233 283 326 
