370 881
6 15 111 153 191 294 352 
3 133 145 354 
7 101 117 151 204 219 294 345 
9 9 137 157 166 183 221 230 237 356 
4 26 222 238 317 
4 66 266 280 333 
5 144 147 149 246 316 
4 59 211 244 287 
3 118 157 172 
5 3 20 129 226 264 
5 19 73 92 245 324 
2 257 272 
7 40 87 128 145 161 242 356 
1 209 
7 18 29 123 157 272 343 352 
7 0 67 80 198 245 267 285 
5 22 87 153 236 274 
7 64 125 146 200 201 274 333 
3 14 50 235 
5 10 188 211 246 290 
4 9 86 136 176 
5 29 104 169 250 323 
4 16 52 135 294 
4 24 179 268 317 
4 23 277 320 368 
7 93 150 175 199 204 261 295 
7 4 70 126 146 243 306 360 
4 136 141 172 217 
5 214 264 287 307 315 
3 14 21 306 
7 143 148 163 235 238 296 314 
7 38 77 129 183 216 243 330 
8 54 62 84 92 138 180 209 325 
4 52 199 223 298 
3 94 172 295 
3 64 93 272 
1 301 
2 125 187 
5 31 121 232 242 262 
5 150 197 263 285 342 
2 12 259 
6 53 64 105 158 263 284 
1 344 
2 146 224 
3 71 121 175 
6 56 114 154 186 210 226 
8 63 78 99 170 224 264 332 351 
2 71 94 
2 200 354 
4 59 93 185 325 
4 18 263 289 341 
5 56 105 196 287 289 
10 22 33 72 73 94 113 191 198 230 277 
3 41 141 211 
3 32 99 159 
4 128 199 284 358 
4 45 51 94 208 
7 101 119 153 187 275 290 321 
6 92 117 208 218 263 352 
6 7 49 151 198 268 364 
5 75 90 91 117 207 
4 104 248 252 358 
6 32 85 110 116 244 338 
5 46 139 277 327 351 
5 17 35 41 164 172 
6 100 141 205 258 339 357 
5 5 199 242 244 301 
2 15 269 
2 209 220 
5 98 114 118 190 247 
2 26 200 
2 44 47 
2 52 162 
5 10 52 180 198 259 
5 299 304 306 311 355 
1 60 
4 185 208 238 297 
8 31 80 136 172 211 213 276 298 
4 46 232 332 343 
4 156 197 202 289 
8 15 77 179 214 219 237 241 304 
5 115 152 160 238 257 
6 88 103 197 231 238 335 
3 244 248 352 
5 32 124 188 268 365 
5 62 134 154 158 201 
6 20 91 208 350 360 361 
3 12 16 190 
3 82 250 289 
4 168 285 292 311 
7 60 128 135 200 245 336 351 
7 60 86 133 157 160 171 281 
4 10 32 58 303 
7 25 35 49 133 216 231 250 
6 34 47 52 56 95 222 
5 94 125 189 261 368 
3 260 300 363 
4 118 143 163 199 
1 69 
6 46 54 123 271 290 299 
5 65 198 220 279 338 
6 2 57 142 241 250 292 
2 122 203 
5 82 134 168 265 302 
4 21 61 241 252 
7 41 51 139 151 247 273 337 
2 147 302 
4 252 268 285 342 
6 121 131 142 163 192 247 
4 126 293 352 357 
5 62 144 161 247 327 
2 0 128 
2 183 238 
5 52 175 215 272 330 
5 45 69 142 282 322 
3 81 191 358 
4 62 175 180 230 
6 2 58 60 159 181 227 
5 8 69 97 148 247 
4 57 137 245 360 
6 149 169 179 232 297 368 
6 38 44 108 160 243 246 
5 102 141 155 300 346 
5 14 99 186 217 301 
5 84 185 202 231 300 
8 17 37 95 161 220 226 277 354 
7 26 109 183 186 207 251 261 
3 257 273 286 
6 12 55 90 111 184 284 
4 9 31 170 298 
1 147 
4 108 143 254 344 
6 216 242 243 304 358 365 
8 1 91 93 149 179 250 302 306 
5 85 103 158 162 358 
7 22 90 180 245 247 332 369 
4 20 27 77 293 
5 3 119 143 164 199 
3 32 180 295 
5 63 105 282 300 318 
5 268 293 312 321 324 
7 27 53 65 122 154 161 247 
6 101 108 114 220 338 364 
8 30 97 131 137 235 313 358 361 
7 6 110 164 213 278 321 335 
6 1 12 149 267 315 350 
6 17 26 43 246 315 351 
3 6 106 130 
5 30 118 216 286 299 
5 6 120 133 145 151 
4 25 39 216 273 
7 2 59 105 149 194 267 352 
3 81 273 308 
5 0 16 57 214 292 
5 45 85 141 267 351 
5 122 236 311 337 361 
2 79 178 
8 3 8 14 91 206 291 314 356 
6 41 85 134 185 190 355 
4 54 117 187 345 
6 81 91 121 183 244 314 
8 12 110 125 141 207 293 319 347 
4 72 134 284 336 
6 30 97 108 191 201 324 
6 64 137 144 298 299 337 
2 219 252 
4 3 218 247 258 
4 238 259 304 335 
3 89 103 317 
4 21 120 183 359 
4 46 129 244 324 
4 91 280 302 311 
7 8 27 34 64 77 207 316 
3 261 298 335 
3 220 225 297 
9 25 44 113 116 184 280 295 297 353 
3 20 240 258 
2 211 253 
2 156 352 
6 23 80 120 133 207 245 
11 32 73 116 135 138 197 203 216 238 292 326 
5 117 217 272 279 313 
4 234 264 272 342 
8 3 31 112 126 160 169 231 293 
4 128 175 246 362 
6 49 76 124 158 272 329 
4 45 123 126 288 
5 37 57 159 222 332 
8 19 84 271 309 328 337 340 341 
2 95 321 
5 69 87 158 205 209 
8 0 52 115 163 200 243 246 309 
3 108 203 260 
2 206 239 
2 151 337 
1 337 
3 51 262 330 
6 39 79 82 180 221 318 
5 15 52 59 73 100 
7 25 33 55 66 97 137 289 
10 17 48 70 90 191 206 221 229 276 303 
5 17 85 163 258 299 
5 79 124 261 346 369 
5 102 180 192 334 356 
4 2 25 255 355 
3 65 190 282 
6 157 193 200 214 243 298 
6 60 126 161 172 179 236 
5 56 58 76 86 236 
4 13 32 68 190 
4 45 211 277 296 
7 7 19 53 77 177 210 278 
2 261 352 
3 77 144 353 
9 28 80 153 206 222 301 309 329 332 
1 113 
8 31 93 132 148 150 180 241 330 
5 27 123 181 294 335 
4 58 166 242 277 
4 2 80 165 220 
7 68 100 125 142 174 219 295 
4 3 197 200 269 
5 4 94 187 214 252 
3 33 319 362 
5 43 46 243 250 290 
1 174 
4 9 45 125 271 
2 117 331 
1 287 
3 200 270 360 
3 3 52 116 
4 82 93 124 183 
3 38 78 120 
0 
2 182 354 
7 18 30 143 247 283 328 365 
5 16 155 207 208 329 
4 3 80 301 363 
12 4 30 76 81 82 112 167 180 261 275 281 341 
3 193 297 340 
3 176 252 286 
7 80 101 104 216 366 368 369 
11 12 38 66 132 218 252 260 285 296 335 362 
8 26 31 121 132 191 206 224 255 
6 7 62 66 83 160 170 
8 10 15 90 119 135 179 259 357 
6 6 19 121 146 184 191 
10 69 105 108 110 118 135 141 166 235 288 
3 61 83 349 
1 284 
7 21 88 93 101 133 224 358 
2 126 300 
7 61 104 107 165 222 240 242 
4 177 295 339 355 
4 131 310 312 338 
4 204 243 265 303 
3 312 324 333 
10 11 81 127 258 267 276 300 304 307 352 
7 65 166 176 201 257 277 342 
6 40 73 167 245 311 369 
4 96 192 242 310 
7 25 95 126 173 202 212 238 
5 38 196 295 328 348 
4 39 41 50 58 
4 9 28 46 182 
2 103 255 
3 5 298 315 
7 15 145 151 154 257 311 341 
6 23 59 84 107 140 339 
3 67 221 361 
4 229 295 325 348 
4 99 188 226 364 
10 11 14 35 113 181 182 185 276 278 357 
5 105 127 150 152 285 
5 16 17 317 336 350 
3 57 238 354 
4 77 200 257 272 
10 24 52 63 125 210 218 258 296 356 365 
6 144 211 272 349 353 365 
3 100 181 339 
4 5 171 175 340 
4 91 238 290 329 
6 114 139 205 299 367 368 
1 235 
6 41 55 128 162 249 357 
6 15 39 89 107 242 273 
3 127 148 240 
6 7 28 51 228 325 354 
3 186 247 302 
5 50 51 79 88 199 
7 19 57 99 224 281 301 351 
1 157 
5 89 101 153 180 363 
7 109 136 140 161 183 320 332 
4 0 2 22 217 
8 25 34 138 175 220 253 262 270 
4 30 210 242 277 
5 76 120 174 175 239 
7 33 77 129 164 173 206 266 
7 74 99 148 164 201 282 334 
8 96 122 124 139 251 257 317 320 
6 36 66 123 214 237 290 
7 103 106 133 171 288 346 358 
4 92 200 255 319 
5 74 80 132 167 257 
1 353 
4 26 29 74 133 
2 28 257 
2 152 313 
6 188 191 214 310 315 358 
5 254 260 309 343 350 
6 74 89 155 171 259 267 
3 140 254 256 
4 143 181 308 332 
7 30 157 160 316 328 341 349 
6 28 145 146 266 309 357 
5 6 172 314 340 365 
5 4 23 168 274 300 
4 139 197 329 333 
3 161 223 303 
4 24 293 300 336 
5 57 140 144 189 359 
2 114 332 
1 21 
6 10 140 163 170 256 351 
4 32 49 270 287 
3 180 337 353 
3 63 110 329 
4 188 235 262 314 
7 185 214 236 281 318 327 353 
6 31 113 196 216 338 367 
2 227 338 
8 46 78 135 187 214 293 313 322 
4 5 17 256 318 
2 203 299 
6 82 144 167 173 217 242 
5 90 162 274 320 338 
7 105 155 164 188 194 195 326 
7 62 100 142 254 330 331 336 
4 65 253 268 279 
4 188 239 280 316 
5 50 188 238 267 314 
4 39 107 182 258 
5 14 78 310 355 364 
2 42 131 
2 2 159 
3 122 202 302 
1 161 
3 262 270 351 
3 248 278 314 
4 86 145 274 310 
9 46 63 90 146 154 290 324 348 367 
10 0 14 58 83 109 151 178 212 257 369 
6 175 213 278 305 326 329 
7 1 48 125 234 275 287 357 
5 74 158 204 253 343 
7 3 12 157 203 277 357 366 
9 65 109 245 272 284 315 354 356 367 
10 55 61 115 132 134 143 250 302 309 365 
2 169 321 
4 26 86 119 229 
4 86 143 155 269 
3 184 223 242 
3 96 237 292 
4 59 142 271 343 
7 84 132 235 277 278 316 358 
2 241 356 
4 282 330 351 357 
5 24 95 120 241 282 
5 135 202 241 259 352 
370 881
3 115 216 342 
0 
7 240 247 296 300 321 336 347 
1 23 
8 8 25 35 66 117 226 313 332 
5 61 63 190 206 309 
6 19 50 52 305 352 368 
4 29 163 169 355 
2 4 151 
4 81 89 133 219 
4 105 231 283 325 
5 95 213 225 229 335 
4 42 213 262 364 
3 149 197 218 
3 120 244 361 
7 67 93 109 111 144 229 363 
8 51 62 165 249 286 288 321 368 
7 160 178 182 196 340 360 362 
5 39 273 284 319 333 
7 6 114 131 155 259 278 295 
4 56 65 162 292 
6 95 132 161 236 249 363 
4 63 266 313 340 
2 3 345 
4 39 57 77 160 
4 4 117 330 331 
2 79 84 
7 54 74 84 100 241 332 336 
10 63 120 159 211 233 286 297 307 316 322 
4 7 70 230 287 
4 179 251 290 315 
5 34 116 185 204 355 
4 214 259 272 357 
6 43 143 256 267 281 311 
4 31 145 259 346 
9 4 87 97 99 113 149 241 321 343 
3 148 270 305 
4 73 74 88 229 
6 106 109 119 211 295 366 
11 18 24 131 170 181 226 256 258 281 290 296 
3 86 317 328 
5 52 168 193 238 316 
5 12 136 222 232 256 
5 33 162 190 253 289 
5 101 128 158 171 247 
5 153 164 170 182 223 
5 61 95 241 291 325 
4 120 138 236 313 
3 144 249 312 
1 60 
7 6 82 84 143 197 246 288 
4 16 195 201 313 
7 6 41 119 142 214 268 319 
3 58 77 180 
3 27 275 281 
9 85 100 117 127 185 198 218 293 310 
8 20 58 62 73 99 130 234 304 
3 24 91 164 
6 53 56 72 93 116 318 
4 136 200 212 270 
3 49 205 246 
5 5 46 168 172 340 
7 16 56 116 178 294 296 326 
8 5 22 28 134 158 252 339 358 
2 99 260 
4 20 124 169 283 
4 4 141 156 276 
8 15 83 126 148 161 209 253 328 
2 180 356 
5 77 164 175 178 270 
6 29 135 138 182 316 324 
4 121 289 340 351 
6 58 85 177 234 246 353 
7 37 56 85 206 236 314 328 
4 27 37 146 352 
2 103 338 
1 363 
9 24 53 69 124 177 191 207 235 355 
3 80 125 362 
5 26 128 240 302 356 
3 78 94 127 
7 9 145 238 268 276 281 346 
6 50 165 207 270 277 367 
5 67 208 246 306 320 
5 26 27 50 125 265 
6 55 72 73 90 168 308 
7 40 120 129 144 270 274 330 
6 35 100 104 129 282 323 
3 37 174 315 
11 9 103 104 115 116 130 139 143 166 188 222 
6 85 113 138 208 245 343 
9 57 144 250 263 282 284 294 298 352 
3 214 285 290 
6 15 58 145 244 294 307 
4 80 168 203 369 
5 11 21 46 149 295 
3 165 262 324 
5 35 103 206 332 356 
3 103 186 337 
6 35 56 64 144 174 368 
7 27 55 87 111 214 304 353 
4 44 173 176 256 
6 149 158 251 270 279 335 
7 75 89 97 98 202 347 348 
5 87 89 108 203 244 
5 10 129 143 156 195 
6 38 137 146 170 215 247 
4 108 238 276 312 
7 104 107 124 173 248 342 352 
4 15 38 235 253 
3 221 253 334 
4 15 100 149 281 
5 158 230 259 290 367 
6 35 90 234 259 301 365 
2 19 306 
3 0 89 177 
5 31 58 62 89 331 
8 4 25 55 199 200 214 218 304 
1 317 
5 38 52 169 297 328 
10 14 28 47 86 123 150 213 231 247 306 
6 71 138 220 242 248 262 
5 151 221 243 269 312 
2 120 128 
7 65 77 108 128 148 232 355 
5 78 84 127 230 313 
3 67 208 275 
6 55 80 125 199 238 271 
7 44 79 123 124 236 255 281 
5 86 87 105 214 334 
6 56 89 296 297 365 367 
3 19 39 207 
8 21 188 197 216 228 302 313 324 
10 9 139 164 218 219 266 284 302 316 367 
3 63 166 183 
3 70 142 269 
4 42 59 202 316 
2 106 188 
9 47 70 90 121 146 198 270 275 284 
4 89 133 213 263 
2 154 196 
2 66 264 
6 52 135 151 198 240 339 
6 33 50 89 105 215 255 
8 15 48 86 91 99 145 284 350 
7 34 81 93 144 261 277 344 
8 74 106 138 161 223 226 271 293 
4 187 210 269 290 
7 36 67 124 209 251 267 296 
7 13 35 95 102 111 207 369 
2 120 176 
5 8 122 142 189 360 
4 213 271 290 292 
6 45 157 230 251 272 306 
6 140 156 213 283 285 363 
7 19 221 227 254 262 306 339 
5 66 105 154 270 287 
4 153 165 179 244 
5 44 63 102 112 267 
3 28 254 337 
6 17 24 193 197 244 290 
6 21 67 146 309 320 321 
2 20 43 
2 7 165 
10 45 57 69 133 170 234 325 342 351 356 
7 16 82 96 157 163 219 353 
4 89 134 273 301 
3 191 192 349 
7 41 61 85 94 174 302 305 
5 7 65 119 279 330 
5 39 45 106 164 271 
3 44 252 253 
4 61 208 229 301 
5 101 108 227 311 364 
10 88 99 168 234 286 292 293 298 303 314 
1 69 
2 101 150 
4 72 77 115 242 
6 17 62 69 198 204 296 
6 30 157 227 275 343 354 
2 53 68 
3 39 290 355 
5 17 45 70 287 349 
3 134 258 282 
2 281 294 
3 31 55 315 
3 98 201 316 
1 147 
7 89 132 137 208 242 284 291 
6 151 219 225 310 334 357 
3 5 43 366 
5 77 167 260 320 335 
1 167 
5 41 160 279 289 310 
2 283 285 
4 51 105 249 324 
2 17 140 
5 13 50 132 160 221 
4 55 138 142 178 
4 117 127 244 326 
4 59 117 250 343 
4 51 186 229 250 
4 103 136 222 230 
4 94 104 235 245 
3 31 178 227 
2 60 253 
4 5 73 97 281 
6 77 82 131 149 288 329 
6 83 90 126 172 188 211 
7 67 148 304 311 317 336 365 
2 147 349 
7 28 38 208 223 306 310 344 
2 59 275 
6 11 12 120 139 152 154 
6 32 52 92 100 117 129 
4 106 143 281 297 
3 0 132 292 
4 235 259 260 261 
5 13 55 117 133 339 
4 9 133 165 189 
1 121 
10 110 122 155 197 226 263 312 318 324 346 
6 42 89 202 223 254 366 
7 45 146 211 222 231 299 321 
2 231 242 
4 11 189 227 356 
7 4 39 146 221 247 293 325 
5 155 173 179 204 225 
1 132 
6 11 15 37 172 201 237 
6 29 112 125 153 202 309 
6 10 120 223 224 234 241 
4 42 124 254 296 
2 28 270 
8 56 72 113 164 174 231 238 327 
4 77 109 203 217 
7 21 47 73 128 294 334 358 
4 229 257 276 295 
6 41 81 107 127 234 318 
4 265 294 317 320 
5 2 79 142 266 320 
5 27 35 46 231 258 
6 121 177 188 224 248 293 
1 122 
6 14 93 104 157 160 199 
3 90 203 368 
5 50 60 72 83 261 
5 2 44 106 120 226 
4 108 121 242 365 
7 16 21 48 195 261 305 359 
5 91 200 201 326 357 
4 30 102 148 153 
5 63 171 295 324 333 
7 43 67 109 110 171 205 365 
5 155 159 222 232 264 
3 128 143 368 
6 33 39 42 101 298 369 
3 237 298 299 
5 39 183 241 336 366 
8 19 32 34 112 113 217 344 353 
3 64 191 217 
5 145 217 246 249 367 
6 12 96 121 155 279 305 
4 91 139 221 316 
3 141 254 307 
2 84 239 
4 22 133 240 309 
4 33 148 158 294 
5 52 81 296 312 337 
5 122 135 147 279 291 
10 36 59 69 82 86 102 138 156 233 286 
5 127 146 152 170 353 
4 32 153 330 360 
3 18 166 318 
3 86 346 364 
7 54 126 138 179 212 302 303 
8 66 81 107 237 345 346 352 365 
3 82 145 361 
1 19 
6 102 169 193 262 269 289 
2 302 332 
12 33 39 54 81 111 128 184 206 215 307 335 344 
4 87 91 183 321 
7 10 65 154 194 306 336 338 
7 18 91 133 138 144 188 300 
4 92 154 194 332 
4 16 28 174 270 
3 29 156 182 
3 16 50 207 
5 43 71 193 279 365 
8 30 39 92 112 147 152 160 181 
3 46 188 269 
4 20 152 174 216 
7 55 146 174 226 242 340 363 
8 62 91 93 184 236 239 267 313 
5 19 38 95 237 252 
8 2 39 62 130 148 178 232 268 
5 28 119 130 215 321 
4 91 174 256 257 
2 223 257 
2 2 284 
5 113 166 172 330 362 
8 79 132 133 168 275 280 349 357 
2 174 275 
5 56 100 117 209 308 
5 6 36 168 249 262 
7 83 114 120 153 155 211 283 
5 28 93 264 281 327 
2 85 304 
4 5 161 230 266 
5 55 189 193 211 324 
3 33 173 209 
5 48 107 122 221 268 
7 4 22 47 51 125 132 294 
2 73 174 
4 30 88 185 355 
7 28 41 70 133 136 186 263 
5 40 118 209 239 347 
6 58 221 238 273 345 360 
2 18 52 
6 83 161 191 239 240 331 
8 2 16 35 161 223 282 297 338 
2 28 343 
1 87 
7 70 96 132 195 221 252 310 
4 10 46 164 226 
4 62 199 250 368 
3 234 307 365 
4 40 67 73 119 
1 207 
5 25 86 169 272 301 
3 25 116 320 
5 4 27 97 280 285 
2 18 252 
4 110 129 189 236 
4 11 102 191 281 
6 2 27 209 258 283 360 
3 98 159 268 
4 75 283 321 349 
5 63 142 155 218 369 
5 17 22 61 71 293 
1 346 
4 0 108 164 368 
5 35 90 179 200 322 
5 145 211 259 281 364 
4 23 276 318 362 
7 34 81 221 274 276 341 367 
4 2 103 317 348 
4 103 347 361 365 
7 167 182 210 302 338 355 360 
1 144 
2 71 164 
5 6 74 91 108 276 
5 72 100 165 259 271 
1 179 
8 7 31 77 124 181 315 349 359 
6 68 79 97 164 225 359 
4 32 189 250 302 
2 63 236 
3 249 355 356 
6 17 151 272 318 336 349 
3 14 277 348 
4 17 78 301 345 
5 15 21 76 154 293 
4 12 173 274 344 
10 113 130 209 248 253 276 289 327 348 367 
4 38 190 222 258 
7 82 112 130 133 261 346 365 
7 6 16 99 245 255 326 342 
4 94 149 256 339 
