430 1022
4 15 153 294 352 
4 73 85 408 424 
9 31 84 99 174 225 255 383 403 412 
6 41 50 176 211 407 423 
3 77 390 404 
4 207 210 309 379 
4 61 213 246 289 
4 59 98 113 321 
6 9 106 144 258 312 331 
2 8 64 
8 15 30 155 202 243 260 276 357 
3 53 262 426 
7 20 114 148 334 343 412 425 
5 174 196 214 304 369 
7 20 103 283 344 365 419 420 
6 0 10 79 138 206 391 
3 304 339 383 
4 116 166 206 407 
5 71 136 217 290 366 
4 39 198 274 429 
3 12 14 109 
8 55 146 215 272 297 321 326 417 
6 128 184 204 301 364 418 
3 130 166 211 
5 144 194 217 237 245 
2 172 353 
8 40 98 178 217 269 323 356 383 
8 68 137 159 167 213 255 284 400 
4 62 209 233 308 
5 39 117 240 343 372 
1 10 
4 2 116 272 334 
4 202 313 323 343 
5 165 212 278 300 357 
4 208 330 341 382 
3 41 146 167 
3 161 289 367 
3 147 197 251 
6 65 123 195 235 395 410 
8 19 29 41 112 166 274 293 358 
2 26 396 
7 3 35 39 162 187 221 313 
3 66 323 401 
6 188 279 281 381 403 422 
4 115 122 154 381 
3 67 270 330 
3 230 301 386 
3 78 127 241 
9 65 83 117 151 239 254 285 367 392 
5 103 113 158 356 403 
8 3 94 190 210 225 226 252 342 
3 169 313 317 
2 111 333 
7 11 64 202 252 276 394 402 
4 259 300 364 417 
7 21 124 142 287 330 332 389 
0 
3 155 344 360 
2 122 374 
1 7 
1 192 
4 6 138 156 217 
6 28 185 190 192 197 241 
3 292 315 404 
9 9 53 114 170 206 245 247 310 332 
6 38 48 193 293 304 407 
8 42 85 90 177 391 396 414 418 
7 45 119 218 255 263 341 360 
6 27 117 132 226 260 267 
5 199 203 307 364 428 
6 149 246 299 319 323 366 
3 18 181 298 
4 83 93 94 205 
4 1 190 229 388 
6 150 157 272 279 344 389 
6 141 201 225 228 239 349 
2 295 401 
6 4 132 147 166 286 413 
3 47 303 375 
6 15 132 297 337 400 427 
3 103 123 159 
2 276 424 
4 96 273 295 354 
7 48 72 139 238 247 289 386 
3 2 122 319 
4 1 66 106 358 
4 166 178 300 364 
2 95 250 
9 121 137 154 211 251 261 272 293 322 
4 176 343 402 407 
6 66 114 131 217 297 356 
2 330 385 
4 241 281 338 396 
3 72 127 267 
6 50 72 95 262 332 337 
5 87 94 234 256 302 
4 82 141 240 380 
6 156 271 309 329 339 392 
7 7 26 126 197 237 320 323 
5 2 135 149 294 340 
4 128 212 341 358 
6 128 233 292 298 349 426 
5 171 174 195 239 249 
7 14 49 80 161 177 190 429 
2 230 358 
2 122 356 
7 8 85 144 234 343 369 370 
8 109 163 170 190 220 291 343 347 
4 113 117 313 369 
6 20 107 114 116 201 395 
4 158 179 214 426 
2 52 223 
8 39 141 159 338 363 382 391 394 
7 7 49 108 136 143 229 429 
6 12 64 90 109 232 355 
8 44 119 195 244 309 352 366 404 
7 17 31 109 209 257 292 411 
6 29 48 68 108 168 204 
3 201 284 356 
4 67 115 330 387 
1 217 
4 88 205 240 362 
7 44 58 84 105 133 323 407 
7 38 80 200 275 301 325 355 
3 55 290 375 
5 136 176 181 346 388 
5 98 243 290 351 421 
6 47 93 220 306 332 360 
7 22 100 101 203 255 316 326 
3 149 329 367 
6 23 154 187 356 385 396 
5 90 280 301 346 377 
5 68 77 79 263 329 
1 122 
4 232 254 263 356 
4 99 171 349 386 
8 18 113 125 173 178 250 331 427 
7 27 88 150 152 208 288 306 
4 15 61 160 202 
4 83 202 285 426 
7 143 156 178 232 266 345 400 
7 75 96 112 153 291 299 369 
4 55 157 219 357 
5 113 140 187 281 338 
6 8 24 106 195 311 421 
4 257 295 323 327 
5 21 35 204 267 271 
7 37 77 158 201 204 267 395 
3 12 236 269 
4 70 99 129 262 
4 74 137 255 386 
2 48 205 
6 137 240 326 341 349 396 
4 0 141 270 311 
8 44 88 130 165 250 273 404 426 
5 10 57 216 316 407 
6 61 97 140 229 313 413 
2 74 142 
6 49 110 147 325 391 410 
5 27 80 112 280 420 
4 138 242 399 423 
6 36 103 234 242 262 265 
3 41 303 419 
5 107 194 252 287 380 
1 339 
4 33 154 197 327 
10 17 23 39 77 86 277 320 346 353 393 
2 27 35 
2 117 340 
3 51 300 390 
2 64 107 
2 102 135 
5 25 295 322 358 403 
4 136 184 281 385 
8 2 13 102 221 235 241 301 387 
3 176 217 251 
12 3 89 125 175 208 209 219 252 263 302 329 348 
2 66 103 
6 26 86 136 140 196 372 
2 110 359 
2 303 363 
5 71 125 343 387 403 
3 228 254 333 
10 209 221 230 267 285 309 313 316 361 397 
6 22 173 217 296 354 404 
4 62 360 393 413 
0 
6 41 130 143 296 313 411 
4 43 200 299 421 
6 214 244 267 381 390 392 
9 50 62 73 103 107 232 256 383 416 
2 276 403 
8 60 62 226 235 310 314 326 390 
3 65 244 282 
5 24 163 211 212 372 
6 38 102 115 144 384 413 
4 13 178 338 388 
6 37 62 98 165 323 356 
1 19 
3 69 396 399 
5 123 188 331 343 370 
5 75 109 118 147 305 
10 10 32 53 138 139 224 281 329 373 380 
6 69 128 307 346 371 379 
8 22 117 146 147 252 277 344 348 
6 72 121 151 297 317 427 
7 15 17 64 277 293 311 416 
4 5 218 247 256 
4 34 137 176 210 
8 28 116 176 183 210 321 394 413 
9 5 50 208 209 213 249 262 271 375 
7 3 23 88 194 287 296 354 
5 33 100 194 380 391 
4 6 27 210 260 
7 13 110 189 296 368 391 414 
1 21 
4 155 294 304 425 
11 18 24 26 61 90 120 175 184 237 402 416 
6 67 207 331 349 368 396 
8 142 176 270 274 290 338 361 368 
3 107 127 391 
9 41 174 183 268 285 287 327 340 377 
1 237 
3 111 371 385 
2 202 387 
6 2 50 75 227 377 394 
4 50 68 192 331 
2 225 311 
6 75 182 251 319 320 355 
4 73 113 156 362 
4 46 104 183 381 
0 
7 114 134 140 190 263 386 428 
6 28 101 237 268 334 347 
5 95 106 161 296 336 
6 38 174 192 265 274 311 
4 148 314 385 418 
7 24 98 217 222 233 285 399 
2 83 310 
4 48 75 102 318 
7 29 96 121 152 374 420 425 
4 47 62 92 174 
2 160 161 
4 10 126 296 368 
4 115 189 193 255 
2 24 64 
2 6 70 
5 64 83 207 354 420 
2 290 319 
4 102 210 344 354 
6 87 136 154 300 399 410 
7 37 88 175 228 339 361 367 
9 50 53 163 176 204 267 276 330 349 
1 313 
4 48 134 182 322 
8 2 27 67 128 150 244 279 327 
6 95 190 207 347 398 428 
2 116 145 
2 8 285 
3 54 402 412 
4 10 68 213 283 
1 88 
6 11 94 149 161 210 390 
7 67 132 134 176 232 361 370 
1 365 
5 161 235 299 356 425 
3 140 375 429 
8 68 93 146 147 183 189 252 322 
2 221 233 
3 26 148 378 
5 45 153 219 325 375 
5 97 146 210 297 388 
6 21 31 74 88 316 401 
3 82 154 407 
4 19 39 219 235 
3 123 302 427 
8 10 53 81 191 252 319 345 367 
7 166 204 206 331 367 386 388 
2 33 382 
3 43 74 255 
2 131 159 
5 43 92 143 173 202 
2 193 385 
3 14 260 330 
5 27 118 306 330 394 
8 48 139 183 221 237 258 341 382 
3 77 380 381 
6 55 163 211 221 350 387 
3 137 411 415 
5 6 36 83 338 418 
6 18 124 126 219 248 403 
2 107 141 
6 63 101 116 300 392 397 
4 39 65 88 206 
4 0 99 216 413 
6 76 82 145 172 302 340 
8 184 187 211 214 234 243 320 366 
6 21 79 90 205 271 420 
2 71 101 
4 70 141 188 265 
8 33 54 86 169 250 292 400 416 
6 22 46 123 131 174 353 
7 95 176 275 295 351 421 427 
7 78 162 180 312 329 332 375 
5 13 16 65 216 417 
2 201 310 
3 127 137 284 
4 69 203 319 387 
1 28 
8 5 97 115 183 329 359 383 395 
5 64 192 238 305 331 
6 144 153 206 227 235 320 
3 8 303 361 
9 32 41 51 108 156 183 187 253 318 
4 192 236 354 358 
3 63 344 352 
7 128 155 183 272 377 384 420 
5 51 205 318 344 390 
4 239 313 317 324 
6 70 84 228 248 276 307 
5 98 166 228 296 311 
3 7 21 209 
5 88 172 254 267 386 
9 26 32 42 70 98 122 145 197 418 
2 318 405 
3 123 158 270 
4 21 128 152 192 
4 145 165 221 255 
4 355 368 377 418 
10 97 129 132 176 202 303 309 350 375 388 
9 34 45 55 91 119 252 283 284 373 
10 8 136 200 218 226 277 310 350 378 381 
5 55 64 94 127 303 
4 52 182 356 417 
4 12 31 233 340 
1 385 
1 234 
3 79 94 411 
6 92 112 143 196 219 289 
6 16 97 164 251 391 393 
6 99 168 221 295 334 421 
6 34 67 100 152 285 420 
1 50 
9 12 29 32 89 106 107 181 200 425 
8 14 57 74 204 249 315 317 379 
4 140 276 403 412 
4 125 131 166 203 
5 107 233 256 385 414 
2 176 204 
7 75 101 135 152 218 252 411 
5 287 329 331 352 353 
3 126 302 397 
5 0 115 315 350 411 
5 25 166 301 350 373 
6 82 184 211 247 249 314 
5 114 123 228 328 425 
10 26 49 90 105 118 130 134 197 265 333 
3 10 33 142 
6 39 85 100 104 172 314 
3 179 309 378 
5 57 67 127 185 416 
6 183 219 251 263 312 408 
3 121 229 417 
2 112 180 
4 22 54 69 86 
2 14 264 
6 18 70 115 296 389 403 
6 36 48 129 251 276 277 
6 214 218 219 243 328 411 
4 13 106 108 141 
3 106 200 263 
4 203 223 389 418 
3 29 178 194 
4 202 330 353 377 
5 58 240 420 423 424 
8 78 124 210 266 270 303 329 411 
0 
6 131 221 225 316 328 373 
3 269 331 359 
3 5 203 344 
5 96 163 202 212 286 
7 43 44 189 230 286 331 385 
6 34 112 278 285 396 421 
5 2 16 26 190 309 
2 195 316 
9 91 130 173 223 236 282 335 347 381 
7 46 83 135 150 232 277 322 
6 119 174 181 224 287 307 
8 73 125 196 271 277 329 397 424 
4 55 74 366 371 
7 4 169 189 192 262 317 429 
8 15 66 112 158 212 214 220 339 
4 48 97 189 292 
3 166 185 339 
5 53 112 209 225 284 
5 38 109 147 309 422 
8 40 66 92 130 152 199 218 382 
4 183 292 351 388 
1 256 
4 160 199 237 250 
4 27 79 140 300 
3 42 76 272 
4 53 89 217 259 
9 2 43 49 172 181 191 290 345 366 
5 4 63 115 154 184 
2 324 416 
0 
8 3 17 65 89 122 155 273 421 
3 1 361 422 
0 
3 38 158 250 
8 116 187 288 337 349 352 368 375 
4 2 12 259 345 
6 77 156 185 195 209 294 
3 66 214 347 
2 288 417 
6 190 206 217 300 360 405 
6 21 54 304 333 362 415 
7 22 66 236 289 323 328 371 
2 14 162 
8 14 159 240 247 297 316 341 374 
7 126 144 188 302 340 382 407 
3 43 395 408 
3 3 160 374 
4 1 81 374 388 
6 12 216 240 265 343 355 
5 11 101 110 139 154 
5 79 136 205 275 302 
3 69 232 256 
5 19 103 113 266 390 
430 1022
8 20 116 129 140 253 314 323 360 
3 319 378 422 
6 5 55 198 210 254 302 
7 24 100 166 226 404 417 425 
5 77 89 147 208 422 
5 2 13 179 268 401 
6 204 219 238 239 389 406 
2 248 332 
2 57 270 
3 163 190 307 
4 68 80 272 421 
0 
6 201 203 224 251 347 348 
7 5 111 120 267 342 389 410 
6 20 23 33 176 240 383 
6 97 119 261 263 314 344 
4 184 386 398 407 
10 24 46 81 180 197 209 302 306 316 344 
1 35 
6 128 264 270 357 371 417 
6 0 14 102 206 331 340 
4 248 344 374 386 
7 71 92 106 152 160 360 402 
9 14 64 125 212 243 278 330 405 419 
6 3 17 41 62 108 272 
6 95 115 163 217 219 224 
3 224 228 425 
7 99 176 197 244 254 415 427 
4 38 218 334 341 
2 312 387 
5 57 101 297 367 391 
5 47 58 170 230 311 
3 36 156 218 
7 14 71 132 265 304 321 382 
4 130 194 223 357 
8 18 38 145 233 313 322 364 398 
6 32 113 122 128 195 290 
3 73 95 144 
9 28 35 156 181 197 221 255 359 390 
5 114 117 139 378 381 
7 105 127 185 199 267 309 351 
3 24 152 312 
7 110 112 233 235 241 254 412 
4 73 130 170 368 
5 90 112 242 281 365 
2 130 249 
4 17 67 158 369 
3 31 145 148 
4 123 167 206 262 
4 155 272 289 337 
6 180 202 209 313 340 395 
3 89 116 249 
3 231 286 290 
8 72 94 193 306 320 336 388 423 
6 84 254 272 376 395 412 
8 2 72 84 106 199 318 376 414 
6 160 199 289 308 330 397 
9 8 30 66 72 153 280 328 365 410 
2 31 220 
4 135 195 347 384 
6 68 180 275 277 332 414 
4 93 259 296 310 
7 24 74 118 215 240 402 422 
4 108 121 311 360 
2 23 409 
1 220 
5 57 71 216 332 377 
3 46 93 403 
7 10 60 134 269 278 348 378 
3 126 141 245 
2 231 378 
9 22 33 66 78 239 247 249 321 392 
6 53 55 57 205 269 357 
4 37 43 297 334 
4 62 102 104 240 
5 101 202 275 282 403 
3 157 210 312 
6 4 206 236 300 322 330 
4 71 248 302 351 
5 231 249 323 418 428 
3 10 136 291 
8 17 164 182 233 238 257 391 407 
3 111 179 221 
1 105 
7 54 55 103 116 182 196 323 
2 217 231 
3 221 312 408 
4 91 196 268 355 
4 122 305 352 367 
6 4 51 114 278 407 408 
4 44 192 324 400 
6 87 120 135 179 186 309 
4 22 130 196 389 
7 61 67 96 112 240 386 391 
5 53 144 287 318 379 
8 25 37 97 145 220 244 362 392 
7 93 100 245 282 330 355 406 
7 15 95 160 185 223 258 281 
4 127 144 291 327 
2 27 169 
6 3 96 200 219 270 317 
2 30 75 
10 20 74 117 127 194 198 251 276 309 410 
4 84 178 190 374 
4 74 219 373 391 
7 40 83 206 222 344 409 418 
5 22 55 162 172 279 
4 132 231 253 354 
3 24 63 380 
3 190 250 319 
6 42 159 170 310 314 352 
5 13 82 211 337 396 
4 42 44 93 213 
4 36 282 340 377 
3 39 89 310 
4 25 155 226 330 
8 0 51 84 190 261 295 305 425 
3 39 102 133 
12 62 145 154 181 187 197 233 258 272 377 392 404 
4 15 181 352 378 
8 13 91 205 245 303 307 377 416 
4 63 322 342 355 
7 36 88 159 209 235 259 384 
6 48 179 302 342 400 429 
3 208 282 425 
2 23 152 
3 69 178 306 
6 40 98 102 166 246 351 
4 19 36 195 332 
2 0 396 
7 34 43 45 92 241 261 308 
2 225 293 
3 33 107 141 
5 117 176 241 256 257 
3 68 221 328 
4 59 91 282 300 
8 80 248 252 270 295 362 370 376 
1 337 
2 216 235 
8 39 238 259 310 335 343 359 399 
3 0 345 351 
3 69 132 309 
4 150 246 358 408 
2 152 344 
8 37 94 98 198 226 307 336 374 
6 35 47 95 118 210 414 
4 219 241 341 411 
3 4 218 362 
4 47 167 175 222 
3 203 254 310 
8 142 180 196 289 332 341 365 403 
2 209 388 
6 22 41 125 143 160 245 
4 57 179 270 382 
10 118 215 221 248 275 306 312 317 355 429 
8 49 115 210 239 261 282 337 367 
4 32 38 189 306 
2 76 225 
2 46 367 
4 110 122 348 420 
6 22 56 97 152 388 409 
5 186 277 305 409 414 
6 106 175 194 200 390 396 
6 9 25 250 289 339 388 
5 81 173 255 348 406 
3 250 258 303 
3 3 127 257 
4 48 148 248 295 
5 184 191 211 218 411 
4 99 297 327 351 
7 31 43 110 227 230 239 321 
6 215 257 282 284 287 400 
1 106 
3 164 210 343 
1 231 
2 148 162 
6 14 27 133 249 304 339 
6 215 273 295 303 331 335 
2 103 126 
7 5 82 91 123 153 240 335 
9 17 50 60 150 210 281 327 344 363 
4 38 118 119 310 
6 81 84 183 211 320 369 
4 182 219 415 429 
6 16 168 227 283 303 331 
5 40 97 315 328 376 
3 91 161 239 
2 118 406 
3 212 374 390 
4 156 243 412 428 
6 9 103 109 116 257 410 
3 168 302 326 
4 90 193 295 308 
5 53 192 254 275 349 
5 34 102 162 289 321 
5 36 59 128 274 426 
5 84 87 92 150 224 
8 17 27 38 118 329 353 381 400 
6 2 102 144 231 294 314 
5 40 55 56 282 417 
3 100 162 325 
3 12 227 342 
4 50 75 248 378 
2 12 149 
2 6 281 
5 72 120 206 216 328 
11 20 48 77 105 205 232 234 309 318 404 409 
0 
4 4 124 246 400 
7 17 50 122 151 230 338 362 
7 2 76 145 155 173 180 302 
7 111 168 182 287 326 390 420 
7 23 188 232 233 248 270 381 
2 112 341 
1 353 
5 62 154 171 177 238 
3 66 138 205 
3 25 85 320 
8 28 32 147 168 225 296 349 406 
9 6 25 100 104 146 183 283 344 386 
7 58 65 95 276 336 351 371 
8 38 82 86 134 154 254 312 319 
4 105 148 307 426 
4 34 97 247 280 
5 12 25 26 196 324 
7 131 157 218 230 298 304 396 
9 3 115 144 227 310 338 385 391 414 
4 170 184 201 226 
5 26 306 309 322 365 
2 279 307 
8 31 170 209 225 243 331 352 399 
9 52 70 79 85 107 174 198 369 416 
4 206 212 392 393 
9 35 42 81 118 212 270 277 378 406 
1 206 
6 42 122 138 374 415 418 
2 77 372 
2 386 405 
6 6 81 139 215 364 370 
5 6 71 155 170 186 
7 14 62 74 93 179 274 322 
6 42 130 133 146 313 417 
4 44 317 357 390 
5 23 189 230 334 386 
4 27 95 282 330 
10 69 96 120 152 247 275 364 369 405 412 
6 127 142 208 322 353 420 
5 71 223 245 250 402 
10 7 21 78 136 154 167 202 212 368 401 
8 45 51 71 79 176 277 322 419 
7 109 163 165 247 383 403 413 
4 12 102 301 373 
1 136 
7 0 107 290 325 351 384 395 
8 2 27 42 54 149 193 221 273 
5 38 164 331 355 429 
2 133 405 
7 81 133 166 171 190 339 406 
7 97 118 165 279 297 303 315 
8 61 122 139 260 320 327 365 422 
3 259 280 296 
8 15 116 130 155 268 381 387 399 
4 48 325 359 394 
2 15 291 
2 19 328 
4 33 281 418 427 
1 428 
4 13 40 329 346 
6 5 87 261 272 325 358 
4 68 72 290 296 
8 8 19 100 136 153 212 233 333 
1 302 
8 10 24 49 54 118 268 319 328 
3 177 254 398 
3 195 240 428 
5 60 75 154 193 245 
2 102 220 
5 60 161 233 249 368 
5 23 68 89 312 398 
5 106 229 258 398 428 
6 57 223 260 369 380 401 
6 44 97 180 204 265 297 
10 75 96 113 124 135 155 171 199 244 294 
2 184 219 
3 171 368 369 
0 
2 52 301 
3 94 171 211 
2 309 314 
6 49 56 150 163 194 420 
4 36 52 253 269 
5 80 98 263 300 305 
1 420 
1 131 
3 198 282 414 
6 116 136 167 177 192 330 
6 61 218 260 269 338 421 
6 30 73 169 258 281 356 
3 225 370 378 
0 
8 77 135 291 307 326 335 347 415 
2 251 286 
9 2 17 78 123 191 210 271 389 411 
5 120 165 177 184 258 
3 33 176 225 
5 88 116 161 291 368 
8 17 53 126 154 156 228 339 429 
6 9 120 144 222 229 300 
4 56 130 192 319 
8 40 91 102 141 206 228 288 351 
7 61 110 114 139 149 181 226 
4 31 63 333 355 
7 29 41 76 86 154 221 278 
6 35 50 241 365 381 397 
8 0 15 110 198 288 358 412 426 
3 185 258 316 
4 17 315 355 415 
3 100 154 242 
6 55 94 206 334 384 416 
5 1 109 221 272 308 
4 53 182 217 259 
6 33 71 170 194 324 383 
9 35 77 121 228 240 246 249 396 428 
3 0 79 84 
4 90 224 321 362 
5 200 253 262 268 386 
3 191 211 300 
4 98 169 180 259 
6 57 134 185 205 264 272 
3 197 267 348 
7 23 56 77 96 115 244 295 
6 20 177 184 230 255 348 
6 7 60 66 128 150 423 
2 270 311 
6 28 73 243 318 354 414 
4 139 177 179 300 
4 53 144 220 369 
4 49 111 137 155 
6 209 226 296 345 348 427 
5 163 176 257 306 380 
5 20 50 113 350 403 
5 28 146 150 213 388 
4 13 121 123 201 
2 139 173 
8 15 17 21 105 143 180 219 352 
3 140 338 356 
1 267 
4 12 59 300 393 
8 12 68 159 164 329 331 338 424 
3 193 218 379 
2 340 399 
9 40 78 127 140 169 220 253 309 357 
6 88 110 119 230 344 422 
4 197 214 246 418 
4 107 334 367 420 
8 87 96 121 154 255 311 316 377 
2 297 345 
6 19 34 72 242 351 394 
4 142 268 314 401 
4 38 139 262 370 
4 0 22 63 367 
1 425 
5 95 136 147 209 324 
2 180 418 
4 35 238 245 420 
9 44 57 150 228 259 313 371 382 427 
0 
6 30 88 155 158 354 360 
5 43 248 277 284 305 
7 46 182 231 245 280 284 336 
4 136 238 298 359 
3 19 220 365 
2 236 411 
3 104 251 417 
5 21 103 144 188 235 
0 
4 54 55 136 185 
5 66 113 118 120 355 
9 1 39 68 70 119 202 233 298 423 
3 94 349 415 
3 108 280 339 
5 39 197 212 261 313 
4 33 153 365 393 
5 14 250 321 395 417 
6 59 122 253 318 403 406 
1 226 
7 16 21 93 219 237 243 325 
2 29 261 
6 53 151 160 163 341 400 
4 6 13 92 302 
6 38 162 188 211 242 398 
5 30 81 93 104 226 
4 71 95 118 232 
3 232 347 382 
2 262 357 
4 50 54 253 383 
7 111 129 162 225 322 410 413 
2 56 313 
6 16 35 273 278 279 390 
5 139 230 261 350 413 
6 90 123 171 197 208 388 
5 5 248 280 358 416 
3 22 62 247 
6 67 75 150 250 340 384 
3 3 118 206 
5 23 237 245 256 420 
8 6 96 164 187 218 233 257 384 
3 16 81 89 
3 86 89 142 
5 64 105 160 161 206 
5 13 57 102 190 396 
4 146 168 302 372 
6 42 54 189 245 314 422 
3 250 396 399 
7 55 60 145 161 226 294 334 
6 27 183 235 300 316 379 
4 120 231 318 401 
6 3 19 199 241 373 383 
6 79 105 235 265 353 363 
2 23 249 
8 159 211 246 289 292 354 364 405 
2 10 296 
7 1 4 62 259 352 412 423 
4 53 332 378 422 
1 348 
6 3 26 116 124 361 429 
3 195 222 314 
4 27 265 338 365 
6 79 189 266 274 279 322 
6 123 154 183 255 306 425 
