470 1121
4 15 153 294 352 
5 33 45 368 384 418 
9 4 19 94 145 303 323 332 387 396 
4 56 91 287 303 
2 2 230 
7 7 10 109 179 284 436 469 
4 49 241 280 295 
7 5 41 150 247 285 399 453 
2 11 164 
7 89 214 261 302 319 335 416 
5 5 71 280 444 455 
7 8 91 125 311 320 389 402 
6 110 132 240 305 371 454 
7 178 239 260 314 315 388 447 
2 60 245 
7 0 117 152 196 341 391 431 
3 179 254 400 
5 21 97 180 339 415 
2 119 208 
8 2 112 203 272 329 354 378 383 
7 25 143 199 219 316 379 433 
4 17 103 139 184 
5 75 125 148 168 176 
4 61 242 332 390 
10 25 64 116 170 203 317 386 408 416 462 
8 20 24 60 89 205 268 415 439 
4 71 202 280 403 
2 64 93 
3 193 349 411 
4 236 347 357 377 
5 156 203 269 291 348 
4 156 278 289 383 
2 72 459 
5 1 151 229 401 451 
5 70 275 333 405 445 
7 171 186 207 278 332 440 459 
1 91 
5 86 240 265 299 391 
3 100 357 435 
6 178 269 271 371 393 412 
4 61 68 327 397 
3 7 172 232 
5 88 159 244 318 367 
6 260 278 312 346 434 449 
6 55 137 162 253 263 308 
9 1 129 199 295 315 330 331 357 447 
3 229 373 377 
2 126 455 
5 172 222 246 364 372 
6 6 184 225 289 342 423 
4 167 210 212 269 
1 362 
3 134 150 283 
1 119 
1 261 
4 44 161 179 240 
6 3 162 167 169 174 218 
5 223 246 335 410 466 
5 130 132 195 217 442 
6 132 143 246 287 292 379 
8 14 25 184 189 207 211 410 418 
9 23 40 88 107 225 240 334 368 375 
4 260 264 368 425 
6 83 163 260 313 337 380 
7 24 27 148 265 407 417 418 
2 125 466 
4 102 261 378 385 
8 98 105 215 321 381 405 408 419 
2 40 128 
5 133 216 231 250 370 
4 34 98 339 411 
7 10 26 120 285 415 440 460 
2 32 99 
3 168 316 335 
5 117 139 329 428 437 
5 22 85 182 263 460 
1 198 
3 209 221 407 
2 89 244 
9 82 99 156 196 206 217 238 267 461 
5 239 298 303 366 452 
2 144 203 
5 79 128 183 376 416 
5 63 87 145 212 352 
4 130 297 367 372 
5 75 219 241 287 459 
3 37 175 315 
9 83 156 194 214 224 277 342 413 453 
7 42 61 155 158 300 314 459 
7 9 25 78 125 242 326 455 
6 93 191 296 355 361 412 
9 3 11 36 111 183 186 207 251 261 
2 138 151 
5 27 90 140 268 356 
4 2 215 326 416 
9 151 177 178 239 293 300 320 350 421 
6 100 104 191 195 391 447 
5 17 140 142 227 421 
6 67 70 132 153 188 400 
5 72 79 145 380 398 
9 38 96 208 233 252 261 322 329 415 
2 247 365 
7 66 121 199 275 324 432 446 
5 21 118 284 319 438 
3 96 142 178 
3 67 122 205 
3 198 255 394 
3 61 328 363 
2 202 392 
6 5 116 215 290 316 370 
5 12 251 336 441 446 
4 91 253 295 453 
6 19 143 204 274 375 461 
5 159 303 355 416 426 
3 194 374 412 
5 144 177 346 375 386 
6 24 109 215 236 281 312 
4 15 74 143 209 
4 103 352 374 383 
6 18 53 126 235 413 450 
8 71 181 186 258 339 435 450 452 
6 102 160 240 258 403 445 
2 105 388 
6 125 266 272 285 307 395 
6 129 184 225 363 371 441 
8 11 22 65 89 123 172 234 372 
5 47 119 239 296 438 
3 212 322 442 
7 68 82 139 167 171 394 398 
7 45 124 227 270 273 336 464 
4 58 84 247 280 
1 215 
7 12 58 59 98 150 281 378 
5 69 354 440 455 463 
4 52 175 325 366 
3 161 246 269 
3 153 253 344 
3 44 191 291 
2 92 415 
7 21 74 128 151 170 310 450 
5 93 97 212 369 393 
4 144 152 172 175 
6 97 104 153 269 310 403 
5 20 59 112 117 170 
5 81 115 141 191 321 
8 2 83 99 210 253 279 286 326 
0 
3 151 371 461 
2 22 64 
0 
8 7 52 132 180 243 288 325 422 
11 33 92 95 139 147 208 299 313 319 379 465 
5 15 141 191 232 266 
11 0 98 136 142 160 171 204 215 254 281 300 
1 336 
3 88 198 435 
6 30 31 79 87 315 375 
5 291 335 351 423 449 
10 88 217 339 351 360 397 415 439 443 446 
8 42 113 181 217 282 361 419 469 
4 121 153 360 413 
2 55 135 
7 44 56 166 183 281 311 410 
7 63 226 259 289 312 426 437 
5 8 211 235 362 395 
5 189 316 376 385 460 
4 162 237 327 365 
6 50 56 128 227 228 388 
4 22 73 333 362 
4 56 220 270 437 
3 24 139 143 
5 35 128 153 374 377 
8 41 48 125 141 241 253 280 443 
5 293 350 398 442 449 
5 56 307 346 371 379 
7 86 134 141 183 208 279 452 
5 22 289 362 378 396 
6 95 115 209 233 271 446 
5 13 39 95 104 375 
11 5 16 55 196 269 288 307 343 356 365 469 
5 17 150 310 319 377 
3 120 159 343 
3 75 392 464 
5 82 91 162 175 224 
8 21 49 60 124 246 256 377 401 
5 282 296 422 440 459 
10 35 91 120 204 288 292 308 356 379 386 
4 336 421 438 440 
5 98 199 212 249 316 
4 60 165 376 390 
2 318 362 
8 90 96 137 144 152 234 251 391 
2 296 437 
4 28 229 230 265 
4 87 114 197 415 
3 58 96 418 
8 15 79 179 268 310 315 346 412 
5 194 297 337 460 469 
4 76 106 155 235 
8 20 45 102 188 232 265 324 438 
2 271 469 
1 446 
4 26 108 225 230 
6 19 24 30 81 396 468 
4 112 153 186 275 
2 25 105 
2 79 396 
5 35 60 91 251 280 
9 18 100 151 175 224 234 359 458 469 
8 77 117 177 316 338 344 421 430 
4 50 145 225 384 
4 60 164 310 441 
7 50 83 127 140 188 232 425 
3 220 250 450 
2 9 87 
9 67 94 109 116 131 153 228 238 278 
2 69 467 
6 58 79 158 159 352 361 
4 56 270 368 425 
5 20 85 357 411 466 
2 169 213 
2 77 452 
4 48 255 335 426 
3 57 265 350 
4 87 183 208 267 
8 49 61 124 202 210 352 423 445 
4 163 354 373 375 
4 97 129 167 278 
2 167 215 
4 33 46 193 394 
5 4 193 202 367 391 
3 69 308 349 
8 41 152 199 212 253 254 365 402 
5 100 177 331 335 398 
5 125 191 208 243 367 
6 119 164 198 305 397 402 
3 29 116 456 
5 166 247 285 398 444 
3 79 215 399 
4 13 80 95 126 
8 12 37 55 61 121 310 326 391 
10 6 85 172 288 358 364 375 392 395 438 
4 23 89 378 395 
3 150 234 423 
4 42 78 266 449 
6 14 255 279 291 346 453 
7 48 57 59 135 184 388 461 
6 7 101 130 237 390 394 
5 273 281 419 426 462 
5 188 252 278 324 369 
2 69 213 
5 91 110 191 207 428 
4 100 249 349 441 
6 44 111 136 145 172 232 
8 16 153 232 370 383 392 433 465 
7 106 222 245 276 289 373 448 
3 184 263 266 
3 283 301 440 
3 120 121 440 
3 163 391 393 
6 13 43 62 63 301 388 
7 9 54 66 91 100 358 397 
2 298 307 
6 44 75 256 268 426 447 
2 62 364 
6 37 64 193 199 223 289 
5 123 152 244 256 287 
4 79 224 324 431 
6 25 93 196 263 290 366 
8 30 39 50 135 142 179 396 410 
4 129 169 218 342 
6 39 177 200 299 328 400 
6 19 123 301 304 305 346 
3 129 248 427 
3 112 290 315 
5 34 102 204 358 469 
2 255 449 
1 87 
9 31 35 43 215 227 249 345 395 417 
4 145 175 245 341 
7 6 10 26 130 172 207 311 
7 116 132 153 162 248 316 400 
3 159 185 465 
3 52 257 405 
4 5 103 323 401 
6 7 71 123 237 294 323 
4 145 308 387 458 
5 3 59 85 266 442 
6 150 179 186 241 337 362 
8 31 49 163 176 255 265 448 450 
3 109 268 274 
6 30 137 157 245 351 435 
3 59 186 299 
2 95 173 
4 0 285 330 351 
5 6 45 111 367 451 
7 90 126 185 192 402 407 427 
2 84 197 
2 80 262 
5 37 151 271 292 432 
4 88 95 153 449 
4 257 260 272 396 
4 9 334 352 468 
9 2 3 80 113 351 355 365 367 427 
2 272 399 
5 12 235 272 319 420 
3 317 325 442 
6 123 174 179 262 361 372 
5 44 186 231 286 423 
6 321 350 390 433 442 452 
7 139 142 180 196 211 240 466 
5 11 162 280 352 455 
6 43 116 163 323 446 467 
4 63 151 346 347 
3 13 88 421 
6 13 45 86 156 196 274 
9 20 73 109 165 188 209 281 362 456 
3 24 306 428 
4 42 190 375 392 
5 9 103 151 180 305 
6 11 95 342 384 408 462 
4 67 144 309 360 
2 100 127 
6 2 284 285 312 332 338 
5 102 199 249 267 426 
5 134 150 306 328 382 
6 89 94 145 240 432 441 
3 40 166 352 
5 107 271 325 424 434 
3 19 74 100 
5 45 294 345 415 422 
3 45 233 446 
4 2 23 35 323 
3 34 168 338 
3 61 302 468 
7 9 57 73 157 222 233 418 
6 110 129 154 187 449 465 
5 63 197 288 362 385 
3 209 323 333 
4 17 70 120 158 
1 456 
5 15 279 343 359 409 
6 49 87 270 320 365 380 
4 179 181 341 383 
4 136 209 377 443 
3 278 330 377 
9 43 115 174 196 245 272 313 348 439 
2 29 313 
2 30 346 
4 28 231 252 422 
4 95 173 223 309 
6 157 158 291 294 303 448 
10 0 83 118 217 225 302 311 327 452 457 
1 367 
4 19 133 226 397 
4 90 113 303 454 
3 93 179 186 
5 29 38 45 219 435 
3 241 261 275 
3 208 341 469 
3 158 160 321 
4 90 159 217 307 
9 51 164 168 176 190 288 316 337 422 
4 107 124 431 453 
4 48 241 264 387 
7 101 166 179 232 303 342 445 
5 80 134 268 393 464 
8 42 84 230 234 295 303 353 445 
7 1 61 62 218 371 382 440 
3 140 249 381 
3 69 109 254 
7 12 39 124 147 174 368 449 
5 48 84 125 307 404 
4 46 226 255 431 
6 114 118 171 379 419 448 
10 61 112 115 156 178 226 241 318 406 468 
3 82 165 189 
7 29 46 171 180 184 344 345 
8 19 66 132 176 242 438 452 465 
7 20 59 151 174 186 374 464 
4 63 99 342 391 
3 67 369 435 
2 325 368 
5 19 31 118 254 343 
3 1 210 320 
5 66 165 337 414 441 
3 24 115 186 
4 2 286 364 393 
6 13 122 167 246 260 426 
1 11 
4 23 189 247 309 
9 15 37 96 191 230 240 259 380 452 
6 108 182 241 254 318 438 
7 39 140 259 366 387 403 433 
4 106 128 229 247 
6 123 164 241 242 278 465 
7 2 176 203 206 269 301 420 
5 40 158 235 261 354 
6 99 128 173 233 237 438 
4 7 238 304 409 
4 16 98 271 281 
4 33 184 284 431 
5 11 232 235 296 414 
4 26 121 142 393 
1 372 
3 34 67 283 
1 375 
3 64 77 296 
3 24 67 320 
2 341 399 
4 57 60 162 269 
3 28 70 219 
5 39 90 114 196 461 
4 87 119 160 467 
2 385 402 
8 17 25 71 100 138 158 194 330 
5 9 24 82 94 113 
2 64 278 
5 1 60 64 195 335 
4 67 159 248 374 
4 305 396 443 453 
6 95 97 187 209 314 457 
6 150 185 330 349 362 433 
7 49 157 225 243 308 450 462 
2 328 452 
4 62 212 218 457 
8 113 163 222 248 263 324 388 441 
3 273 296 303 
3 74 251 317 
0 
3 209 451 469 
5 15 267 363 373 401 
3 102 299 326 
5 20 254 309 393 422 
2 43 328 
6 38 120 155 291 357 381 
1 5 
5 74 163 169 192 469 
8 103 126 187 199 241 378 392 398 
4 25 158 346 461 
8 35 71 133 185 187 257 258 368 
8 110 124 211 252 326 385 426 459 
6 58 127 173 287 306 309 
5 158 172 344 420 467 
2 10 237 
6 34 121 225 365 367 453 
7 102 110 158 177 201 312 331 
4 13 45 96 263 
4 255 289 351 374 
8 43 157 173 244 276 300 336 371 
6 119 120 139 213 289 423 
3 33 295 430 
9 80 120 175 221 309 352 378 391 424 
7 7 87 111 245 363 420 445 
2 12 355 
5 10 47 89 133 311 
4 236 316 340 465 
3 352 421 425 
2 208 286 
6 32 35 85 88 185 441 
4 71 75 165 197 
6 79 112 147 246 412 439 
5 24 248 320 423 469 
1 133 
4 129 182 366 379 
7 151 254 282 336 378 395 456 
4 57 65 219 310 
4 216 312 413 443 
4 203 302 334 375 
11 5 159 179 197 200 208 275 359 430 437 462 
470 1121
3 182 317 441 
2 260 332 
6 207 238 277 328 366 408 
5 176 215 273 319 367 
6 41 63 132 210 344 387 
9 52 115 117 151 184 200 420 449 452 
7 83 88 111 137 261 290 432 
6 70 164 207 294 449 451 
4 19 40 146 271 
1 55 
4 108 241 282 456 
6 57 164 204 254 295 435 
3 135 191 356 
4 30 156 318 354 
3 246 298 403 
9 35 139 160 172 231 305 316 336 461 
5 222 265 334 352 388 
5 82 218 289 367 400 
2 22 186 
3 8 191 396 
1 117 
5 91 125 293 326 364 
9 18 23 95 127 312 339 364 434 446 
5 22 55 121 212 352 
3 124 337 394 
5 135 337 353 373 428 
4 134 189 210 373 
2 217 395 
7 29 114 224 277 396 438 463 
2 28 33 
4 13 186 255 273 
4 151 265 288 310 
1 131 
5 29 135 175 314 356 
3 49 371 446 
9 15 119 133 164 349 392 451 452 467 
4 189 416 425 426 
5 60 118 128 397 434 
6 51 122 232 262 376 437 
4 80 147 291 319 
6 8 114 160 189 215 332 
6 4 66 74 173 273 289 
2 84 199 
4 57 171 199 355 
5 110 170 318 327 389 
9 55 74 106 140 266 373 378 445 460 
3 91 390 464 
3 189 257 429 
5 109 139 171 422 439 
5 34 365 371 382 426 
3 80 278 448 
4 38 150 430 451 
9 5 169 239 243 276 311 341 385 464 
6 228 229 246 319 400 411 
2 107 267 
8 9 23 45 157 226 249 282 419 
5 161 171 230 303 355 
4 11 43 69 337 
7 66 212 227 242 270 370 387 
5 188 200 233 357 387 
3 37 259 326 
2 64 301 
1 439 
3 4 166 451 
5 61 127 265 287 455 
4 177 253 327 359 
6 41 58 116 292 370 381 
2 271 400 
2 323 347 
6 57 226 255 326 348 408 
4 7 91 154 206 
4 261 264 336 379 
10 79 84 116 125 197 243 331 336 343 374 
5 179 197 374 450 468 
7 41 45 92 226 313 342 388 
2 317 399 
3 149 444 456 
2 266 282 
4 80 140 317 381 
10 72 101 112 168 202 224 359 361 391 458 
6 39 50 78 225 233 309 
4 171 193 411 419 
6 17 141 145 163 343 443 
7 6 125 253 284 407 439 446 
6 42 72 219 343 361 386 
3 177 288 446 
5 95 104 312 340 439 
3 214 235 458 
2 6 273 
4 215 234 247 434 
5 109 325 395 432 463 
5 21 46 70 153 226 
2 74 193 
4 242 339 367 369 
2 121 417 
7 22 86 135 287 334 345 376 
2 145 409 
2 138 152 
5 104 132 161 171 319 
2 234 398 
2 175 376 
5 79 189 210 254 457 
2 132 385 
5 239 305 360 426 431 
7 86 98 105 200 299 313 324 
6 104 185 242 323 415 425 
3 45 152 357 
4 54 138 173 324 
6 10 300 381 395 397 418 
8 48 90 126 183 250 292 299 466 
3 44 242 269 
5 6 162 291 328 434 
1 79 
3 371 451 453 
4 28 40 384 402 
5 5 126 178 286 393 
4 66 72 171 249 
4 5 20 129 403 
3 37 181 283 
1 35 
1 182 
8 23 94 132 197 201 261 351 468 
4 38 141 210 418 
4 176 204 406 442 
7 24 138 156 188 215 359 381 
3 21 72 83 
4 109 115 393 437 
3 22 64 364 
6 37 175 294 380 414 457 
3 117 349 365 
2 330 446 
6 32 180 205 366 399 403 
7 4 98 102 121 338 439 459 
4 35 137 259 266 
5 26 152 186 302 343 
4 12 25 33 95 
0 
5 6 133 166 340 378 
5 97 107 124 288 364 
7 15 48 263 283 309 383 396 
6 45 78 227 228 306 431 
5 82 122 232 377 399 
2 218 263 
8 214 234 265 295 342 353 400 448 
5 178 201 219 331 425 
7 82 96 309 321 340 441 442 
6 8 177 234 328 351 401 
5 39 172 177 386 455 
3 152 372 395 
7 76 162 258 292 305 309 365 
5 51 168 308 334 352 
8 5 31 258 372 390 414 429 436 
7 97 106 134 148 298 338 350 
3 91 191 451 
3 70 241 382 
5 216 240 265 440 444 
6 13 124 158 160 244 349 
5 55 246 257 361 363 
7 156 187 228 268 326 366 414 
2 360 447 
6 15 40 156 234 275 399 
5 56 98 261 302 327 
5 111 149 213 295 356 
5 82 193 303 313 404 
11 7 11 35 192 200 255 293 297 309 386 462 
5 188 231 240 300 326 
10 63 137 183 211 248 349 375 387 395 433 
5 176 217 337 435 453 
5 79 150 211 234 414 
1 52 
3 44 386 452 
7 43 48 56 81 98 116 197 
4 15 147 202 381 
4 41 107 180 438 
3 197 209 388 
5 33 100 128 251 275 
7 3 123 167 330 388 402 449 
8 65 85 146 147 266 379 433 458 
4 115 144 285 355 
4 73 188 317 432 
7 131 173 236 316 357 426 428 
6 118 207 225 310 322 450 
4 0 120 346 454 
8 109 166 184 194 261 272 353 360 
7 5 183 225 262 300 310 382 
3 105 306 352 
6 18 30 134 198 270 346 
3 158 426 443 
8 59 124 165 179 332 368 378 425 
7 26 36 40 47 101 214 332 
3 319 402 429 
3 12 19 153 
4 164 210 257 399 
6 81 92 163 209 437 441 
2 183 260 
0 
4 231 269 368 446 
8 72 73 121 171 174 334 354 415 
1 186 
4 42 43 282 370 
7 5 59 104 164 207 294 349 
5 121 144 307 341 464 
6 79 172 214 273 398 400 
3 294 342 386 
8 11 123 271 299 342 347 398 457 
4 131 343 396 429 
4 70 213 228 333 
7 2 7 181 200 356 379 411 
3 248 288 422 
7 174 193 230 280 301 356 404 
9 4 26 101 122 192 377 414 429 434 
3 166 168 283 
3 23 58 356 
5 162 206 279 360 435 
6 87 143 189 202 345 426 
6 3 40 89 124 276 289 
4 155 281 292 320 
5 27 167 252 350 353 
2 17 142 
3 84 144 428 
0 
1 327 
5 16 322 351 363 465 
2 372 376 
9 28 79 251 257 264 370 408 409 423 
7 80 181 184 283 335 428 434 
6 55 69 74 91 280 370 
5 58 140 306 399 432 
10 53 140 158 206 253 257 272 354 360 430 
4 53 246 296 350 
7 56 209 256 281 342 364 452 
5 15 165 196 449 453 
6 38 141 314 322 330 411 
4 59 80 246 451 
9 89 99 143 146 160 168 272 315 335 
3 87 353 452 
6 180 277 292 368 370 440 
4 271 280 328 354 
2 2 445 
6 52 103 262 269 298 356 
4 155 165 312 400 
3 10 154 269 
5 58 93 105 110 283 
6 52 72 276 283 342 356 
6 156 266 281 383 390 404 
2 296 329 
8 14 53 157 229 233 364 378 427 
2 89 365 
3 166 208 314 
5 55 116 274 358 426 
4 109 295 368 385 
3 175 224 440 
3 217 283 342 
5 65 83 228 346 409 
3 11 101 416 
4 30 69 164 430 
1 230 
7 47 157 192 224 228 263 454 
4 149 151 354 462 
6 60 133 261 367 368 408 
3 1 194 451 
7 6 71 121 161 183 259 362 
5 38 184 239 337 386 
6 139 142 257 298 331 368 
4 71 224 383 437 
7 16 31 64 143 155 297 394 
9 45 77 133 177 244 271 367 369 383 
3 54 270 389 
1 158 
4 110 196 239 241 
6 58 186 267 321 333 381 
7 8 67 204 237 266 341 433 
4 183 228 234 469 
9 3 30 41 88 202 278 280 312 421 
3 249 320 436 
2 160 175 
5 52 215 243 285 286 
7 2 28 236 335 399 405 457 
4 50 273 285 360 
4 213 291 292 321 
7 209 226 237 273 315 358 440 
4 216 230 244 291 
5 10 55 77 199 394 
10 118 139 211 225 242 243 252 293 333 439 
1 83 
5 178 276 278 364 413 
5 115 276 368 407 412 
4 64 95 315 367 
5 31 85 138 208 321 
4 17 41 215 394 
4 6 319 391 423 
5 39 111 279 281 343 
8 66 109 149 216 236 279 450 465 
4 21 164 283 458 
4 7 128 200 203 
7 11 143 162 250 321 408 417 
6 229 245 335 342 351 468 
4 164 265 319 431 
5 14 152 239 263 396 
4 104 109 204 304 
8 108 165 184 326 343 388 426 449 
4 61 209 392 401 
2 134 161 
2 56 163 
5 299 417 418 432 450 
3 15 103 149 
6 140 185 227 315 371 398 
2 201 395 
2 150 433 
5 80 139 145 149 164 
5 31 181 184 375 458 
2 52 361 
4 22 86 240 273 
4 74 104 163 410 
3 33 232 248 
6 234 280 287 306 317 466 
4 15 180 435 442 
7 0 75 78 179 315 381 444 
2 13 44 
10 3 39 53 98 190 290 297 370 376 410 
5 216 274 434 456 463 
7 145 270 279 288 295 375 434 
5 181 222 232 331 460 
4 68 105 342 408 
6 104 107 335 438 442 460 
3 90 411 416 
7 21 60 69 158 165 300 407 
5 44 65 161 221 396 
5 2 111 146 237 346 
2 245 373 
3 130 176 232 
5 72 144 263 322 382 
6 1 40 188 189 442 450 
8 206 270 283 348 355 371 376 427 
4 16 95 150 197 
5 225 234 277 296 324 
6 15 71 72 351 385 403 
7 24 25 57 167 262 369 457 
5 132 152 346 388 412 
2 22 93 
5 86 137 145 393 400 
5 52 201 271 379 381 
11 74 143 203 204 230 243 252 296 323 364 455 
8 72 82 84 134 205 291 300 379 
3 4 406 463 
3 95 214 397 
6 182 186 253 328 338 385 
3 68 204 450 
3 69 333 396 
6 35 129 156 166 200 452 
6 152 217 229 352 445 448 
6 121 146 222 296 336 404 
8 16 23 150 185 350 394 416 422 
6 25 143 183 217 235 425 
5 13 197 228 237 258 
7 43 56 178 333 360 396 404 
8 12 33 162 207 209 212 239 243 
3 59 106 180 
4 249 280 415 439 
4 65 79 124 444 
8 103 159 183 213 228 278 355 446 
4 79 84 157 311 
2 261 363 
4 157 222 362 399 
11 21 22 127 138 230 246 285 342 380 387 436 
4 49 129 149 247 
5 2 131 158 368 422 
8 3 17 93 259 266 287 406 415 
8 188 196 236 250 259 263 286 366 
4 93 266 337 374 
8 58 66 199 224 226 236 319 406 
6 34 49 113 306 333 454 
3 148 151 223 
5 25 26 45 329 376 
4 72 73 369 384 
3 166 310 321 
9 38 95 100 223 319 333 373 379 394 
2 141 210 
5 45 137 188 246 445 
8 71 177 207 341 343 376 403 407 
2 128 364 
8 66 78 108 124 172 270 317 341 
5 49 154 184 331 417 
4 139 244 264 266 
2 114 374 
5 52 102 250 336 346 
8 84 147 164 170 203 262 388 403 
5 4 58 59 166 364 
8 16 74 174 176 300 338 386 415 
2 44 267 
3 46 151 244 
4 79 290 423 433 
3 35 301 400 
3 115 126 340 
9 24 265 282 289 352 376 397 408 416 
7 27 90 108 148 166 307 461 
8 19 28 139 205 298 327 348 355 
5 37 108 345 394 408 
5 99 202 204 306 433 
8 75 131 141 160 192 227 277 363 
9 17 53 67 143 202 240 340 392 469 
2 146 301 
4 114 176 190 438 
7 14 117 131 336 379 386 434 
6 163 209 244 351 355 431 
3 277 434 469 
4 123 344 367 370 
4 83 286 326 379 
8 2 69 224 259 295 323 394 397 
4 96 224 253 410 
3 313 319 409 
5 53 81 207 232 325 
2 286 338 
2 285 419 
6 128 151 158 168 210 443 
6 105 197 358 367 388 462 
6 36 254 325 352 394 446 
4 94 295 304 382 
3 108 122 304 
4 55 81 413 468 
3 5 432 464 
1 273 
5 48 208 352 366 439 
3 224 290 391 
1 468 
6 36 105 144 188 353 465 
9 36 49 103 180 187 214 249 300 463 
3 246 333 455 
4 25 180 219 225 
6 47 151 190 205 210 435 
3 51 228 255 
4 103 140 297 404 
7 6 90 179 227 304 420 443 
6 166 177 271 308 391 398 
11 22 37 89 111 210 225 320 321 403 405 447 
5 11 167 213 316 429 
3 151 274 364 
4 38 126 193 264 
4 28 173 324 402 
9 48 62 83 86 132 283 358 422 460 
4 155 236 251 280 
4 0 145 193 456 
6 123 145 316 324 332 467 
5 82 187 414 432 446 
4 76 155 317 359 
4 45 238 350 378 
9 22 34 83 85 130 196 360 416 443 
2 159 434 
5 50 143 350 457 469 
5 5 7 176 231 300 
7 73 181 292 304 332 347 469 
8 7 35 51 63 113 153 233 260 
6 5 35 170 230 235 349 
3 113 167 231 
3 182 257 371 
4 64 147 342 427 
4 10 76 320 441 
6 101 128 204 277 337 448 
6 79 87 177 293 310 469 
1 132 
4 45 322 324 439 
2 15 395 
3 164 258 415 
5 28 90 320 344 426 
4 46 52 201 420 
3 222 292 425 
2 109 315 
2 35 442 
5 73 121 296 419 424 
6 272 400 405 448 450 458 
