50 121
8 11 12 15 16 23 31 33 40 
14 4 8 10 12 14 21 26 32 35 36 39 42 46 47 
3 12 16 21 
5 12 14 18 31 47 
5 1 5 18 25 39 
4 4 22 33 49 
5 7 10 19 21 26 
7 6 11 21 30 31 37 44 
5 1 14 15 31 33 
1 12 
8 1 6 12 26 27 36 37 42 
6 0 7 17 20 28 40 
11 0 1 2 3 9 10 18 32 37 40 41 
4 21 26 36 37 
3 1 3 8 
8 0 8 26 34 35 36 37 42 
3 0 2 37 
5 11 20 23 39 42 
4 3 4 12 49 
2 6 34 
5 11 17 31 36 37 
7 1 2 6 7 13 24 38 
4 5 27 35 41 
5 0 17 30 33 35 
4 21 26 32 42 
3 4 28 39 
8 1 6 10 13 15 24 31 37 
4 10 22 35 47 
2 11 25 
1 43 
5 7 23 32 40 42 
7 0 3 7 8 20 26 48 
6 1 12 24 30 34 40 
5 0 5 8 23 40 
5 15 19 32 39 45 
5 1 15 22 23 27 
7 1 10 13 15 20 42 45 
8 7 10 12 13 15 16 20 26 
2 21 39 
6 1 4 17 25 34 38 
6 0 11 12 30 32 33 
3 12 22 49 
8 1 10 15 17 24 30 36 44 
1 29 
3 7 42 49 
2 34 36 
1 1 
3 1 3 27 
1 31 
4 5 18 41 44 
50 121
3 18 27 46 
5 4 7 26 27 33 
3 8 21 35 
7 7 8 10 12 27 41 42 
8 1 7 17 18 21 22 35 48 
3 17 26 28 
1 29 
8 1 3 4 11 15 21 22 40 
5 2 3 14 17 45 
5 13 18 20 27 43 
1 3 
4 7 18 20 26 
8 3 13 15 17 25 28 30 43 
6 9 12 17 20 25 30 
4 8 17 24 46 
8 7 12 16 18 22 38 41 48 
5 15 20 33 36 39 
11 4 5 8 12 13 14 20 21 22 23 37 
8 0 4 9 11 15 21 48 49 
4 24 30 44 46 
6 9 11 13 16 17 21 
14 2 4 7 17 18 20 24 26 34 38 39 41 45 48 
8 4 7 15 17 27 28 40 42 
3 17 44 46 
5 14 19 21 32 39 
6 12 13 27 42 47 49 
7 1 5 11 21 27 31 40 
7 0 1 3 9 22 25 26 
3 5 12 22 
1 6 
5 12 13 19 41 43 
2 26 39 
3 24 39 47 
2 1 16 
1 21 
4 2 4 38 44 
2 16 48 
1 17 
5 15 21 35 43 44 
6 16 21 24 31 32 49 
4 7 22 26 48 
5 3 15 21 30 45 
5 3 22 25 48 49 
5 9 12 30 38 49 
4 19 23 35 38 
3 8 21 41 
4 0 14 19 23 
2 25 32 
7 4 15 18 21 36 40 42 
5 18 25 39 42 43 
