70 181
10 11 12 15 31 33 56 58 60 62 69 
7 6 12 16 27 39 43 48 
6 18 20 37 53 56 69 
3 10 51 62 
6 13 14 17 26 28 33 
6 6 15 22 29 41 57 
6 1 5 15 54 68 69 
6 16 22 35 38 46 58 
4 26 51 56 66 
1 65 
5 3 15 16 17 68 
3 0 26 29 
6 0 1 25 51 56 57 
6 4 16 30 46 54 60 
6 4 23 25 47 57 67 
8 0 5 6 10 24 39 45 65 
6 1 7 10 13 61 69 
7 4 10 25 27 51 54 60 
3 2 25 39 
2 22 39 
5 2 27 29 59 68 
5 25 40 49 56 66 
9 5 7 19 30 33 44 54 57 66 
6 14 26 27 52 61 65 
2 15 40 
6 12 14 17 18 21 57 
8 4 8 11 23 49 50 62 69 
7 1 17 20 23 31 54 58 
4 4 39 43 47 
6 5 11 20 39 45 47 
4 13 22 54 58 
5 0 27 45 55 61 
4 50 62 64 69 
5 0 4 22 65 67 
3 36 56 59 
4 7 38 44 55 
3 34 37 45 
5 2 36 43 46 67 
3 7 35 66 
8 1 15 18 19 28 29 44 62 
5 21 24 49 56 59 
3 5 53 61 
0 
4 1 28 37 53 
5 22 35 39 50 64 
7 15 29 31 36 49 59 61 
3 7 13 37 
7 14 28 29 48 50 53 63 
4 1 47 56 66 
5 21 26 40 45 64 
5 26 32 44 47 66 
5 3 8 12 17 64 
2 23 61 
4 2 41 43 47 
7 6 13 17 22 27 30 57 
3 31 35 59 
9 0 2 8 12 21 34 40 48 69 
9 5 12 14 22 25 54 60 62 65 
5 0 7 27 30 69 
6 20 34 40 45 55 68 
5 0 13 17 57 65 
7 16 23 31 41 45 52 66 
8 0 3 26 32 39 57 63 68 
2 47 62 
4 32 44 49 51 
6 9 15 23 33 57 60 
7 8 21 22 38 48 50 61 
3 14 33 37 
5 6 10 20 59 62 
8 0 2 6 16 26 32 56 58 
70 181
4 35 60 65 69 
4 16 18 19 54 
9 12 13 15 17 23 25 42 46 61 
5 14 17 18 64 67 
5 9 17 22 26 35 
0 
3 10 27 33 
8 25 27 31 35 38 42 44 53 
4 25 27 31 34 
3 4 51 56 
5 6 20 36 41 45 
7 12 23 24 41 60 64 65 
6 2 11 17 33 43 57 
3 2 39 66 
7 3 38 41 55 59 62 67 
6 2 25 28 29 52 56 
6 1 19 22 37 41 49 
10 2 3 4 12 20 21 25 27 37 53 
3 1 3 39 
3 1 16 59 
8 10 17 24 26 32 47 65 67 
5 17 26 43 45 58 
9 4 16 30 32 43 54 59 63 68 
4 2 11 59 69 
6 11 20 25 32 36 63 
8 2 7 8 15 17 24 37 41 
6 4 20 21 38 43 50 
8 6 7 8 17 36 40 43 65 
3 15 57 65 
5 15 36 39 48 64 
4 22 37 58 63 
5 7 8 54 59 69 
6 20 22 24 43 48 55 
5 6 12 34 42 45 
4 8 33 44 54 
6 0 4 7 45 51 58 
5 10 24 27 29 39 
5 16 17 25 30 64 
6 7 14 26 51 62 64 
6 13 18 29 36 46 67 
2 27 69 
6 10 11 14 16 25 58 
4 2 7 33 59 
9 12 21 22 26 27 32 51 57 63 
5 7 34 46 61 67 
7 10 21 33 35 57 63 64 
5 2 39 44 47 61 
2 20 46 
6 29 32 53 65 67 69 
3 16 56 58 
1 26 
6 9 35 38 43 57 69 
4 15 55 60 69 
3 7 17 48 
5 1 22 31 34 65 
3 14 32 52 
5 9 15 49 60 66 
6 12 28 43 45 51 61 
6 21 30 35 41 49 63 
7 14 19 22 23 31 42 61 
4 0 11 52 56 
5 2 44 46 57 59 
2 14 38 
7 22 24 30 43 45 58 64 
7 3 11 29 37 38 45 63 
8 0 11 20 27 28 48 54 68 
3 13 56 67 
7 3 14 20 39 44 48 66 
2 22 65 
7 0 23 31 40 48 51 52 
