90 216
7 11 15 33 56 60 62 80 
5 7 23 28 65 84 
5 16 29 36 77 88 
6 18 19 33 38 75 84 
3 6 13 25 
8 17 31 32 41 60 63 71 83 
4 4 29 54 69 
4 1 46 55 57 
2 43 46 
4 19 50 66 80 
7 17 25 31 49 51 73 83 
6 0 15 26 41 47 67 
6 39 47 55 57 81 84 
5 4 14 30 44 77 
3 13 19 88 
8 0 11 23 28 43 52 59 69 
7 2 34 43 49 50 75 84 
3 5 10 36 
6 3 26 61 62 74 85 
8 3 9 14 38 42 64 68 72 
3 35 43 89 
4 25 50 60 66 
3 25 37 78 
7 1 15 36 39 52 58 84 
4 27 57 60 81 
7 4 10 21 22 47 55 73 
5 11 18 33 36 66 
3 24 71 85 
7 1 15 33 43 45 77 82 
6 2 6 32 46 56 74 
4 13 36 52 66 
8 5 10 35 51 74 77 79 82 
7 5 29 40 49 55 64 73 
5 0 3 26 28 63 
4 16 36 74 78 
6 20 31 36 52 57 62 
10 2 17 23 26 30 34 35 55 71 76 
1 22 
4 3 19 70 74 
5 12 23 67 75 80 
3 32 59 62 
5 5 11 54 66 71 
3 19 57 58 
6 8 15 16 20 28 50 
2 13 65 
7 28 46 64 69 81 82 84 
8 7 8 29 45 60 69 72 75 
3 11 12 25 
2 52 73 
6 10 16 32 51 71 80 
5 9 16 21 43 61 
6 10 31 49 57 70 83 
6 15 23 30 35 48 63 
0 
4 6 41 71 84 
5 7 12 25 32 36 
2 0 29 
7 7 12 24 35 42 51 82 
5 23 42 62 81 89 
3 15 40 87 
7 0 5 21 24 46 61 80 
6 18 50 60 63 65 76 
6 0 18 35 40 58 89 
6 5 33 52 61 75 80 
4 19 32 45 75 
6 1 44 61 68 81 87 
6 9 21 26 30 41 73 
3 11 39 71 
3 19 65 80 
4 6 15 45 46 
2 38 51 
7 5 27 36 41 49 54 67 
2 19 46 
6 10 25 32 48 66 84 
6 18 29 31 34 38 79 
6 3 16 39 46 63 64 
3 36 61 86 
4 2 13 28 31 
2 22 34 
3 31 74 88 
7 0 9 39 49 60 63 68 
5 12 24 45 58 65 
4 28 31 45 57 
3 5 10 51 
9 1 3 12 16 23 45 54 73 88 
2 18 27 
1 76 
2 59 65 
5 2 14 79 84 89 
4 20 58 62 88 
90 216
6 13 54 62 65 68 81 
3 12 22 63 
6 31 63 64 72 75 81 
6 8 27 37 55 66 77 
7 6 33 34 37 62 79 82 
7 16 31 36 60 71 79 83 
7 4 8 17 26 44 82 87 
2 83 87 
6 3 6 40 53 60 62 
6 31 36 48 53 59 88 
5 20 29 41 65 77 
3 18 59 76 
3 1 27 54 
6 0 18 22 42 52 56 
5 17 25 64 78 80 
3 25 33 80 
4 5 24 49 52 
8 6 14 30 56 62 63 80 89 
7 11 13 23 26 28 32 70 
3 43 49 56 
3 10 39 72 
4 22 42 43 76 
6 1 13 21 53 76 82 
6 18 56 75 79 84 89 
2 16 50 
6 14 15 54 61 67 82 
4 6 18 47 66 
2 3 12 
6 18 31 33 57 66 67 
4 10 56 71 74 
3 17 52 75 
9 2 5 9 28 35 43 55 68 78 
4 18 55 57 87 
5 4 15 28 36 68 
4 4 59 60 64 
7 31 38 51 66 70 74 87 
6 5 9 33 51 62 87 
3 3 4 59 
4 35 39 54 87 
4 20 38 58 78 
3 8 52 86 
3 10 43 59 
3 13 21 83 
5 19 21 31 41 71 
4 6 60 64 72 
1 50 
2 58 82 
3 26 69 80 
4 9 49 59 84 
6 16 19 48 53 56 58 
3 24 45 72 
4 35 36 59 63 
10 13 16 30 40 57 61 65 68 71 80 
6 8 9 22 49 61 69 
8 0 12 25 38 68 74 82 83 
5 3 31 32 68 74 
8 13 17 19 23 29 49 70 75 
5 28 32 52 63 72 
6 39 46 49 63 71 87 
8 9 11 34 37 41 48 51 85 
5 5 8 34 44 83 
5 25 52 53 64 88 
6 0 4 8 17 36 88 
7 1 2 17 51 57 58 79 
6 2 14 34 44 61 65 
4 0 10 52 64 
5 3 26 28 35 76 
3 25 28 72 
7 0 31 33 52 54 55 76 
2 47 53 
4 18 35 56 74 
5 5 29 43 52 58 
7 2 20 44 50 57 67 75 
0 
7 29 35 54 55 70 83 88 
7 2 23 30 56 72 79 89 
5 11 21 22 66 68 
2 3 10 
4 14 31 39 80 
6 4 5 23 63 75 80 
7 14 15 17 47 52 78 79 
2 0 2 
7 4 6 22 25 46 54 88 
6 5 7 42 54 60 74 
2 23 48 
2 59 87 
1 40 
8 6 7 32 35 36 38 58 85 
5 9 61 62 74 82 
3 17 23 75 
